15 92 64 128 0.0119447
16 92 64 128 0.0135103
17 92 64 128 0.015931
14 93 64 128 0.0120312
15 93 64 128 0.0132911
16 93 64 128 0.0159466
17 93 64 128 0.0144876
14 94 64 128 0.0136029
15 94 64 128 0.019827
16 94 64 128 0.026284
17 94 64 128 0.0299815
18 94 64 128 0.0146111
19 94 64 128 0.0104094
14 95 64 128 0.017126
15 95 64 128 0.0207827
16 95 64 128 0.0308449
17 95 64 128 0.025098
18 95 64 128 0.0165963
14 96 64 128 0.0125141
15 96 64 128 0.0158684
16 96 64 128 0.0203298
17 96 64 128 0.0181402
18 96 64 128 0.0115222
23 96 64 128 0.0119578
24 96 64 128 0.0119466
16 97 64 128 0.0134175
17 97 64 128 0.0121557
23 97 64 128 0.0152414
24 97 64 128 0.0128903
17 98 64 128 0.0110655
23 98 64 128 0.0153443
24 98 64 128 0.0138108
23 99 64 128 0.0108178
24 99 64 128 0.0109574
42 102 64 128 0.0121554
43 102 64 128 0.0112879
44 102 64 128 0.0119449
45 102 64 128 0.0107375
46 102 64 128 0.0115714
47 102 64 128 0.0114554
48 102 64 128 0.0116098
42 103 64 128 0.01239
43 103 64 128 0.0133773
44 103 64 128 0.0121789
45 103 64 128 0.0132598
46 103 64 128 0.0121073
47 103 64 128 0.0119341
48 103 64 128 0.0112124
41 104 64 128 0.0127351
42 104 64 128 0.0140454
43 104 64 128 0.0144013
44 104 64 128 0.0173527
45 104 64 128 0.0217294
46 104 64 128 0.0216625
47 104 64 128 0.0249373
48 104 64 128 0.0187029
49 104 64 128 0.0137998
70 104 64 128 0.0111936
71 104 64 128 0.0115846
85 104 64 128 0.0123021
86 104 64 128 0.0154999
25 105 64 128 0.0115047
26 105 64 128 0.0131552
27 105 64 128 0.0196019
28 105 64 128 0.0242658
29 105 64 128 0.0333143
30 105 64 128 0.0272261
31 105 64 128 0.0256796
32 105 64 128 0.0213113
33 105 64 128 0.0174364
34 105 64 128 0.0115578
41 105 64 128 0.0117748
42 105 64 128 0.0145207
43 105 64 128 0.0176415
44 105 64 128 0.0193636
45 105 64 128 0.0212547
46 105 64 128 0.0212428
47 105 64 128 0.024108
48 105 64 128 0.0215805
49 105 64 128 0.012745
68 105 64 128 0.014218
69 105 64 128 0.0241062
70 105 64 128 0.0281003
71 105 64 128 0.0275542
72 105 64 128 0.0204811
73 105 64 128 0.0162774
77 105 64 128 0.0124928
78 105 64 128 0.0176525
79 105 64 128 0.0207167
80 105 64 128 0.0168827
81 105 64 128 0.0156355
82 105 64 128 0.0151677
83 105 64 128 0.0161803
84 105 64 128 0.019646
85 105 64 128 0.022722
86 105 64 128 0.0218997
87 105 64 128 0.0114557
24 106 64 128 0.0112517
25 106 64 128 0.0157083
26 106 64 128 0.0198267
27 106 64 128 0.0361622
28 106 64 128 0.0456631
29 106 64 128 0.0695518
30 106 64 128 0.0644408
31 106 64 128 0.0644987
32 106 64 128 0.0433575
33 106 64 128 0.0375784
34 106 64 128 0.0236882
35 106 64 128 0.0135985
36 106 64 128 0.0100884
41 106 64 128 0.0132849
42 106 64 128 0.0150527
43 106 64 128 0.0168197
44 106 64 128 0.0220875
45 106 64 128 0.0255926
46 106 64 128 0.0311902
47 106 64 128 0.0340124
48 106 64 128 0.0388228
49 106 64 128 0.0222368
50 106 64 128 0.0144506
51 106 64 128 0.0104868
52 106 64 128 0.0106072
67 106 64 128 0.0146192
68 106 64 128 0.0254224
69 106 64 128 0.0427666
70 106 64 128 0.0613073
71 106 64 128 0.0534422
72 106 64 128 0.0418348
73 106 64 128 0.033265
74 106 64 128 0.0217452
75 106 64 128 0.0126141
76 106 64 128 0.0139127
77 106 64 128 0.0230941
78 106 64 128 0.0332811
79 106 64 128 0.0339909
80 106 64 128 0.0291923
81 106 64 128 0.0305567
82 106 64 128 0.032522
83 106 64 128 0.033417
84 106 64 128 0.0469879
85 106 64 128 0.0627147
86 106 64 128 0.0546709
87 106 64 128 0.023329
88 106 64 128 0.0135615
24 107 64 128 0.0134567
25 107 64 128 0.0180065
26 107 64 128 0.0244666
27 107 64 128 0.0457154
28 107 64 128 0.0727734
29 107 64 128 0.111402
30 107 64 128 0.106654
31 107 64 128 0.0939748
32 107 64 128 0.0597389
33 107 64 128 0.0466579
34 107 64 128 0.0293802
35 107 64 128 0.0125072
43 107 64 128 0.0117484
44 107 64 128 0.0154492
45 107 64 128 0.0208367
46 107 64 128 0.0204736
47 107 64 128 0.0238306
48 107 64 128 0.0241164
49 107 64 128 0.0204693
50 107 64 128 0.0136231
51 107 64 128 0.0101507
52 107 64 128 0.0101197
66 107 64 128 0.0129358
67 107 64 128 0.0191585
68 107 64 128 0.0386458
69 107 64 128 0.0588175
70 107 64 128 0.0875361
71 107 64 128 0.085954
72 107 64 128 0.0690802
73 107 64 128 0.0613454
74 107 64 128 0.0444213
75 107 64 128 0.0302127
76 107 64 128 0.0361639
77 107 64 128 0.0597391
78 107 64 128 0.0833114
79 107 64 128 0.0849764
80 107 64 128 0.0778871
81 107 64 128 0.0647596
82 107 64 128 0.0558088
83 107 64 128 0.0540579
84 107 64 128 0.0712506
85 107 64 128 0.0717449
86 107 64 128 0.0583627
87 107 64 128 0.0307526
88 107 64 128 0.0162252
25 108 64 128 0.0120926
26 108 64 128 0.0171591
27 108 64 128 0.0324656
28 108 64 128 0.0517474
29 108 64 128 0.0866132
30 108 64 128 0.0908112
31 108 64 128 0.0941424
32 108 64 128 0.0571848
33 108 64 128 0.0470269
34 108 64 128 0.0248821
35 108 64 128 0.012945
45 108 64 128 0.0133465
46 108 64 128 0.0139483
47 108 64 128 0.0164999
48 108 64 128 0.0155726
49 108 64 128 0.0147931
50 108 64 128 0.0103895
66 108 64 128 0.0112807
67 108 64 128 0.0158168
68 108 64 128 0.0323271
69 108 64 128 0.06211
70 108 64 128 0.0900056
71 108 64 128 0.0950185
72 108 64 128 0.0718716
73 108 64 128 0.0645477
74 108 64 128 0.0377813
75 108 64 128 0.0306796
76 108 64 128 0.0303671
77 108 64 128 0.0563686
78 108 64 128 0.0801494
79 108 64 128 0.0863531
80 108 64 128 0.0792461
81 108 64 128 0.0804812
82 108 64 128 0.0766737
83 108 64 128 0.0762757
84 108 64 128 0.093486
85 108 64 128 0.100701
86 108 64 128 0.0773065
87 108 64 128 0.056562
88 108 64 128 0.0286381
89 108 64 128 0.0166364
14 109 64 128 0.0132268
15 109 64 128 0.0129054
16 109 64 128 0.0133523
25 109 64 128 0.0114337
26 109 64 128 0.0167994
27 109 64 128 0.0341965
28 109 64 128 0.0622915
29 109 64 128 0.0983741
30 109 64 128 0.108074
31 109 64 128 0.0870209
32 109 64 128 0.0544974
33 109 64 128 0.03803
34 109 64 128 0.0246416
67 109 64 128 0.010461
68 109 64 128 0.0260852
69 109 64 128 0.0495581
70 109 64 128 0.0723137
71 109 64 128 0.0744843
72 109 64 128 0.0661179
73 109 64 128 0.0553154
74 109 64 128 0.0349296
75 109 64 128 0.0281442
76 109 64 128 0.0311352
77 109 64 128 0.0490177
78 109 64 128 0.0677979
79 109 64 128 0.0743313
80 109 64 128 0.0820663
81 109 64 128 0.0778252
82 109 64 128 0.0673721
83 109 64 128 0.0581381
84 109 64 128 0.0649168
85 109 64 128 0.0648978
86 109 64 128 0.0523965
87 109 64 128 0.034602
88 109 64 128 0.0195305
89 109 64 128 0.01124
95 109 64 128 0.0106429
12 110 64 128 0.0124018
13 110 64 128 0.0144501
14 110 64 128 0.0234719
15 110 64 128 0.0227459
16 110 64 128 0.0211529
17 110 64 128 0.0153603
18 110 64 128 0.0113162
26 110 64 128 0.0113922
27 110 64 128 0.0234557
28 110 64 128 0.0423678
29 110 64 128 0.0723054
30 110 64 128 0.0685242
31 110 64 128 0.0684452
32 110 64 128 0.0437723
33 110 64 128 0.0331102
34 110 64 128 0.0195584
68 110 64 128 0.0114857
69 110 64 128 0.0286574
70 110 64 128 0.0410196
71 110 64 128 0.0435084
72 110 64 128 0.037289
73 110 64 128 0.0346287
74 110 64 128 0.0242324
75 110 64 128 0.0210413
76 110 64 128 0.019293
77 110 64 128 0.0271031
78 110 64 128 0.0341005
79 110 64 128 0.0389061
80 110 64 128 0.0404666
81 110 64 128 0.0357002
82 110 64 128 0.0288027
83 110 64 128 0.0272303
84 110 64 128 0.0336442
85 110 64 128 0.0341163
86 110 64 128 0.0287968
87 110 64 128 0.0229479
88 110 64 128 0.0146563
12 111 64 128 0.0174815
13 111 64 128 0.019214
14 111 64 128 0.0299586
15 111 64 128 0.0289783
16 111 64 128 0.0295008
17 111 64 128 0.0243116
18 111 64 128 0.0178573
19 111 64 128 0.0116142
26 111 64 128 0.0105103
27 111 64 128 0.0204831
28 111 64 128 0.0327382
29 111 64 128 0.0555497
30 111 64 128 0.0544571
31 111 64 128 0.0405854
32 111 64 128 0.0228483
33 111 64 128 0.0159681
34 111 64 128 0.0111711
70 111 64 128 0.0186511
71 111 64 128 0.0231584
72 111 64 128 0.0191049
73 111 64 128 0.0187008
74 111 64 128 0.0143271
75 111 64 128 0.0137717
76 111 64 128 0.0138658
77 111 64 128 0.0187973
78 111 64 128 0.0223099
79 111 64 128 0.0259398
80 111 64 128 0.0244344
81 111 64 128 0.0190449
82 111 64 128 0.0169349
83 111 64 128 0.0165965
84 111 64 128 0.0161869
85 111 64 128 0.0153235
86 111 64 128 0.0131965
87 111 64 128 0.0123317
