105 0 64 128 0.0140168
106 0 64 128 0.0204257
107 0 64 128 0.0145695
108 0 64 128 0.0136318
105 1 64 128 0.0181315
106 1 64 128 0.0249653
107 1 64 128 0.0193004
108 1 64 128 0.0187582
104 2 64 128 0.0120551
105 2 64 128 0.0251876
106 2 64 128 0.0345239
107 2 64 128 0.031071
108 2 64 128 0.034665
109 2 64 128 0.0183831
105 3 64 128 0.021376
106 3 64 128 0.036727
107 3 64 128 0.0378745
108 3 64 128 0.0476228
109 3 64 128 0.0271554
110 3 64 128 0.0105079
105 4 64 128 0.0155884
106 4 64 128 0.0268878
107 4 64 128 0.0291574
108 4 64 128 0.0473635
109 4 64 128 0.0292318
110 4 64 128 0.0153107
105 5 64 128 0.0111004
106 5 64 128 0.0176708
107 5 64 128 0.0241098
108 5 64 128 0.0401153
109 5 64 128 0.0324285
110 5 64 128 0.0205668
106 6 64 128 0.0150015
107 6 64 128 0.0244484
108 6 64 128 0.0541518
109 6 64 128 0.050583
110 6 64 128 0.0296244
111 6 64 128 0.0126387
107 7 64 128 0.0158401
108 7 64 128 0.0379231
109 7 64 128 0.0385462
110 7 64 128 0.0285906
111 7 64 128 0.0117528
108 8 64 128 0.025378
109 8 64 128 0.0262492
110 8 64 128 0.0280109
111 8 64 128 0.0150814
255 8 64 128 0.0172761
108 9 64 128 0.013264
109 9 64 128 0.0132562
110 9 64 128 0.0145821
254 9 64 128 0.0178931
255 9 64 128 0.0338148
253 10 64 128 0.0104461
254 10 64 128 0.0286125
255 10 64 128 0.055304
253 11 64 128 0.0136744
254 11 64 128 0.0345205
255 11 64 128 0.0622858
253 12 64 128 0.0136209
254 12 64 128 0.0307001
255 12 64 128 0.0617889
253 13 64 128 0.0124654
254 13 64 128 0.0280208
255 13 64 128 0.0489413
254 14 64 128 0.0201748
255 14 64 128 0.0374393
254 15 64 128 0.0124808
255 15 64 128 0.0215325
255 16 64 128 0.0130294
231 40 64 128 0.0105125
232 40 64 128 0.012033
233 40 64 128 0.0128285
209 41 64 128 0.0133502
210 41 64 128 0.0147676
211 41 64 128 0.0309718
212 41 64 128 0.0197251
213 41 64 128 0.0165913
232 41 64 128 0.010239
233 41 64 128 0.0138193
234 41 64 128 0.0102725
207 42 64 128 0.0129152
208 42 64 128 0.0167782
209 42 64 128 0.0321627
210 42 64 128 0.0300033
211 42 64 128 0.062449
212 42 64 128 0.0371825
213 42 64 128 0.0334765
232 42 64 128 0.0136166
233 42 64 128 0.0206621
234 42 64 128 0.0198241
235 42 64 128 0.0143657
236 42 64 128 0.0100043
206 43 64 128 0.0128308
207 43 64 128 0.0342729
208 43 64 128 0.0365419
209 43 64 128 0.055808
210 43 64 128 0.0610815
211 43 64 128 0.0992904
212 43 64 128 0.0699766
213 43 64 128 0.0531448
214 43 64 128 0.0183584
232 43 64 128 0.0100808
233 43 64 128 0.0224129
234 43 64 128 0.0232411
235 43 64 128 0.0188688
236 43 64 128 0.0115418
205 44 64 128 0.0152462
206 44 64 128 0.0220297
207 44 64 128 0.0600712
208 44 64 128 0.068021
209 44 64 128 0.100175
210 44 64 128 0.0818794
211 44 64 128 0.13606
212 44 64 128 0.0933983
213 44 64 128 0.0663872
214 44 64 128 0.0184595
232 44 64 128 0.0100059
233 44 64 128 0.0221782
234 44 64 128 0.0324591
235 44 64 128 0.0320345
236 44 64 128 0.0210171
205 45 64 128 0.01571
206 45 64 128 0.0257374
207 45 64 128 0.0718095
208 45 64 128 0.0734925
209 45 64 128 0.0960601
210 45 64 128 0.0817661
211 45 64 128 0.128515
212 45 64 128 0.0917929
213 45 64 128 0.0558596
214 45 64 128 0.0174264
233 45 64 128 0.0205315
234 45 64 128 0.0312379
235 45 64 128 0.0338846
236 45 64 128 0.0207262
250 45 64 128 0.011206
251 45 64 128 0.0170543
252 45 64 128 0.0113174
253 45 64 128 0.0106982
255 45 64 128 0.0103373
205 46 64 128 0.0140909
206 46 64 128 0.0235266
207 46 64 128 0.078442
208 46 64 128 0.079001
209 46 64 128 0.102508
210 46 64 128 0.0750323
211 46 64 128 0.147989
212 46 64 128 0.107273
213 46 64 128 0.0779761
214 46 64 128 0.024093
215 46 64 128 0.0128813
233 46 64 128 0.0168752
234 46 64 128 0.0320504
235 46 64 128 0.0362024
236 46 64 128 0.0268035
249 46 64 128 0.0285432
250 46 64 128 0.0283588
251 46 64 128 0.0475999
252 46 64 128 0.0281746
253 46 64 128 0.0281307
254 46 64 128 0.0184288
255 46 64 128 0.0267535
206 47 64 128 0.0154939
207 47 64 128 0.0551533
208 47 64 128 0.0523122
209 47 64 128 0.0746394
210 47 64 128 0.0578427
211 47 64 128 0.0979304
212 47 64 128 0.0823971
213 47 64 128 0.0688663
214 47 64 128 0.0305022
215 47 64 128 0.0150529
233 47 64 128 0.0147871
234 47 64 128 0.0267066
235 47 64 128 0.030422
236 47 64 128 0.0188967
249 47 64 128 0.0288052
250 47 64 128 0.0350119
251 47 64 128 0.0438773
252 47 64 128 0.0302541
253 47 64 128 0.0315123
254 47 64 128 0.0252531
255 47 64 128 0.0376457
207 48 64 128 0.0212424
208 48 64 128 0.0257494
209 48 64 128 0.0363885
210 48 64 128 0.0262342
211 48 64 128 0.0500276
212 48 64 128 0.0432813
213 48 64 128 0.0408578
214 48 64 128 0.0188413
215 48 64 128 0.0116211
233 48 64 128 0.0100725
234 48 64 128 0.0212785
235 48 64 128 0.0268515
236 48 64 128 0.0175951
248 48 64 128 0.0149381
249 48 64 128 0.0458389
250 48 64 128 0.057298
251 48 64 128 0.0664197
252 48 64 128 0.0464881
253 48 64 128 0.0442709
254 48 64 128 0.0331793
255 48 64 128 0.0531546
211 49 64 128 0.0107116
212 49 64 128 0.0129787
213 49 64 128 0.0119232
234 49 64 128 0.0139143
235 49 64 128 0.0173402
236 49 64 128 0.0130691
248 49 64 128 0.0211079
249 49 64 128 0.062315
250 49 64 128 0.0774119
251 49 64 128 0.0814335
252 49 64 128 0.0593127
253 49 64 128 0.0555525
254 49 64 128 0.0518899
255 49 64 128 0.0734159
234 50 64 128 0.0100207
235 50 64 128 0.0143405
236 50 64 128 0.0109036
246 50 64 128 0.01048
247 50 64 128 0.0175985
248 50 64 128 0.0331543
249 50 64 128 0.101505
250 50 64 128 0.0984829
251 50 64 128 0.106986
252 50 64 128 0.089045
253 50 64 128 0.0766349
254 50 64 128 0.0603624
255 50 64 128 0.0825775
247 51 64 128 0.0156898
248 51 64 128 0.0301747
249 51 64 128 0.087901
250 51 64 128 0.102532
251 51 64 128 0.0972082
252 51 64 128 0.077591
253 51 64 128 0.0818506
254 51 64 128 0.076098
255 51 64 128 0.0986992
247 52 64 128 0.0176176
248 52 64 128 0.0309236
249 52 64 128 0.084205
250 52 64 128 0.103222
251 52 64 128 0.0958636
252 52 64 128 0.0714167
253 52 64 128 0.0679168
254 52 64 128 0.0726852
255 52 64 128 0.0841252
247 53 64 128 0.013281
248 53 64 128 0.0265619
249 53 64 128 0.0662994
250 53 64 128 0.0781623
251 53 64 128 0.0592792
252 53 64 128 0.0475285
253 53 64 128 0.0479476
254 53 64 128 0.0494648
255 53 64 128 0.0510996
247 54 64 128 0.0142126
248 54 64 128 0.0218879
249 54 64 128 0.0522165
250 54 64 128 0.0485594
251 54 64 128 0.0399957
252 54 64 128 0.0295303
253 54 64 128 0.0290107
254 54 64 128 0.0325075
255 54 64 128 0.0306209
249 55 64 128 0.0183167
250 55 64 128 0.0169254
251 55 64 128 0.0133824
252 55 64 128 0.0105948
253 55 64 128 0.0114152
254 55 64 128 0.0139977
255 55 64 128 0.0149445
249 56 64 128 0.0124451
250 56 64 128 0.0102879
245 62 64 128 0.0114868
246 62 64 128 0.0105764
247 62 64 128 0.0129681
245 63 64 128 0.0139447
246 63 64 128 0.0129519
247 63 64 128 0.0127068
243 64 64 128 0.0168323
244 64 64 128 0.0180258
245 64 64 128 0.0382267
246 64 64 128 0.0259209
247 64 64 128 0.0277614
80 65 64 128 0.013331
81 65 64 128 0.0156318
243 65 64 128 0.0201915
244 65 64 128 0.0237314
245 65 64 128 0.0409466
246 65 64 128 0.0258157
247 65 64 128 0.0208523
79 66 64 128 0.0128549
80 66 64 128 0.0246315
81 66 64 128 0.0227129
82 66 64 128 0.0169089
241 66 64 128 0.0110758
242 66 64 128 0.0122702
243 66 64 128 0.0361297
244 66 64 128 0.0389604
245 66 64 128 0.0618153
246 66 64 128 0.0363264
247 66 64 128 0.029969
79 67 64 128 0.0146845
80 67 64 128 0.0301268
81 67 64 128 0.0277631
82 67 64 128 0.0182968
105 67 64 128 0.0104083
241 67 64 128 0.0106291
242 67 64 128 0.0128619
243 67 64 128 0.0342255
244 67 64 128 0.0348795
245 67 64 128 0.0425106
246 67 64 128 0.025907
247 67 64 128 0.0193659
78 68 64 128 0.0120181
79 68 64 128 0.0218862
80 68 64 128 0.0311668
81 68 64 128 0.0216597
82 68 64 128 0.0120379
105 68 64 128 0.0139836
241 68 64 128 0.0161616
242 68 64 128 0.0183532
243 68 64 128 0.0512361
244 68 64 128 0.0431341
245 68 64 128 0.0550016
246 68 64 128 0.0315183
247 68 64 128 0.0294764
79 69 64 128 0.0118047
80 69 64 128 0.0158016
81 69 64 128 0.0101188
105 69 64 128 0.01201
241 69 64 128 0.0146378
242 69 64 128 0.0159948
243 69 64 128 0.0410167
244 69 64 128 0.0365154
245 69 64 128 0.0391838
246 69 64 128 0.0260338
247 69 64 128 0.0231081
241 70 64 128 0.0163433
242 70 64 128 0.0147815
243 70 64 128 0.0342407
244 70 64 128 0.0338486
245 70 64 128 0.0365077
246 70 64 128 0.0265201
247 70 64 128 0.0209479
243 71 64 128 0.0197317
244 71 64 128 0.021461
245 71 64 128 0.0208955
246 71 64 128 0.0148539
247 71 64 128 0.0126636
243 72 64 128 0.0157148
244 72 64 128 0.0143619
245 72 64 128 0.0172212
246 72 64 128 0.0121621
247 72 64 128 0.0114822
166 96 64 128 0.0132392
167 96 64 128 0.0119592
168 96 64 128 0.015384
169 96 64 128 0.0130109
170 96 64 128 0.0118152
251 96 64 128 0.0110256
255 96 64 128 0.0110743
14 97 64 128 0.0131667
15 97 64 128 0.0124876
16 97 64 128 0.0120634
17 97 64 128 0.0117171
164 97 64 128 0.0139951
165 97 64 128 0.0203088
166 97 64 128 0.0297569
167 97 64 128 0.0231744
168 97 64 128 0.0296348
169 97 64 128 0.0265444
170 97 64 128 0.0248132
171 97 64 128 0.0140737
251 97 64 128 0.0126668
252 97 64 128 0.010584
253 97 64 128 0.0116457
254 97 64 128 0.0116199
255 97 64 128 0.0201045
13 98 64 128 0.0126391
14 98 64 128 0.0147492
15 98 64 128 0.0156883
16 98 64 128 0.0187994
17 98 64 128 0.0185819
18 98 64 128 0.0151365
111 98 64 128 0.0101334
162 98 64 128 0.0128088
163 98 64 128 0.0168493
164 98 64 128 0.041814
165 98 64 128 0.0435146
166 98 64 128 0.068365
167 98 64 128 0.0477616
168 98 64 128 0.058212
169 98 64 128 0.0464511
170 98 64 128 0.0474512
171 98 64 128 0.0255951
172 98 64 128 0.0197284
251 98 64 128 0.0153647
252 98 64 128 0.0133683
253 98 64 128 0.0158969
254 98 64 128 0.0195782
255 98 64 128 0.0316337
13 99 64 128 0.0114438
14 99 64 128 0.0135139
15 99 64 128 0.0128518
16 99 64 128 0.0155108
17 99 64 128 0.0127683
97 99 64 128 0.0135354
98 99 64 128 0.0147814
99 99 64 128 0.0186782
100 99 64 128 0.0134392
101 99 64 128 0.0120656
150 99 64 128 0.0105928
152 99 64 128 0.0101967
162 99 64 128 0.013852
163 99 64 128 0.0186738
164 99 64 128 0.0334788
165 99 64 128 0.0393782
166 99 64 128 0.0501486
167 99 64 128 0.0342266
168 99 64 128 0.0376537
169 99 64 128 0.0325851
170 99 64 128 0.0336035
171 99 64 128 0.021835
172 99 64 128 0.0175716
251 99 64 128 0.0111465
252 99 64 128 0.0116347
253 99 64 128 0.0135157
254 99 64 128 0.0204663
255 99 64 128 0.0365717
12 100 64 128 0.0139531
13 100 64 128 0.0171753
14 100 64 128 0.0220779
15 100 64 128 0.0204639
16 100 64 128 0.0219561
17 100 64 128 0.0215283
18 100 64 128 0.0168708
19 100 64 128 0.0111713
81 100 64 128 0.0103826
82 100 64 128 0.0108636
83 100 64 128 0.0121231
84 100 64 128 0.0133834
85 100 64 128 0.0106934
96 100 64 128 0.0192097
97 100 64 128 0.0340817
98 100 64 128 0.0356727
99 100 64 128 0.0482793
100 100 64 128 0.0336593
101 100 64 128 0.0377937
102 100 64 128 0.0251262
103 100 64 128 0.0213736
104 100 64 128 0.0120684
148 100 64 128 0.0154636
149 100 64 128 0.0174044
150 100 64 128 0.0299115
151 100 64 128 0.0256832
152 100 64 128 0.0257635
153 100 64 128 0.0247725
154 100 64 128 0.0149777
155 100 64 128 0.0103077
158 100 64 128 0.0114488
159 100 64 128 0.0137336
160 100 64 128 0.0186048
161 100 64 128 0.0163808
162 100 64 128 0.0270372
163 100 64 128 0.0293621
164 100 64 128 0.052672
165 100 64 128 0.0530862
166 100 64 128 0.0598696
167 100 64 128 0.0380607
168 100 64 128 0.0411731
169 100 64 128 0.0329011
170 100 64 128 0.0322336
171 100 64 128 0.0168683
172 100 64 128 0.0144243
251 100 64 128 0.0122295
252 100 64 128 0.0137387
253 100 64 128 0.0179384
254 100 64 128 0.0234238
255 100 64 128 0.0475049
12 101 64 128 0.0108667
13 101 64 128 0.012137
14 101 64 128 0.0164201
15 101 64 128 0.0139421
16 101 64 128 0.0152558
17 101 64 128 0.0126238
18 101 64 128 0.0104972
82 101 64 128 0.0134897
83 101 64 128 0.0169939
84 101 64 128 0.0206783
85 101 64 128 0.0164306
86 101 64 128 0.0129397
87 101 64 128 0.0112024
95 101 64 128 0.0105167
96 101 64 128 0.01689
97 101 64 128 0.0293251
98 101 64 128 0.0331568
99 101 64 128 0.0493787
100 101 64 128 0.0348274
101 101 64 128 0.0408759
102 101 64 128 0.0304279
103 101 64 128 0.0245023
104 101 64 128 0.0108175
150 101 64 128 0.0128956
152 101 64 128 0.0103876
153 101 64 128 0.0100772
160 101 64 128 0.0109687
161 101 64 128 0.0108618
162 101 64 128 0.0167967
163 101 64 128 0.0169918
164 101 64 128 0.0256587
165 101 64 128 0.0291026
166 101 64 128 0.0307244
167 101 64 128 0.0205168
168 101 64 128 0.0220066
169 101 64 128 0.0189558
170 101 64 128 0.0189076
171 101 64 128 0.0127028
253 101 64 128 0.0115539
254 101 64 128 0.0147978
255 101 64 128 0.0339898
13 102 64 128 0.0109029
14 102 64 128 0.0141332
15 102 64 128 0.0131024
16 102 64 128 0.0158331
17 102 64 128 0.0154292
18 102 64 128 0.0137654
57 102 64 128 0.0110503
58 102 64 128 0.0151944
59 102 64 128 0.0103644
83 102 64 128 0.010336
84 102 64 128 0.0128081
85 102 64 128 0.0126742
86 102 64 128 0.0102927
96 102 64 128 0.0143013
97 102 64 128 0.0255271
98 102 64 128 0.0324085
99 102 64 128 0.0510814
100 102 64 128 0.0407477
101 102 64 128 0.0500385
102 102 64 128 0.0452927
103 102 64 128 0.0412656
104 102 64 128 0.018752
150 102 64 128 0.0133334
151 102 64 128 0.0141032
152 102 64 128 0.0153678
153 102 64 128 0.0137652
154 102 64 128 0.0132962
155 102 64 128 0.0101912
158 102 64 128 0.0134624
159 102 64 128 0.016295
160 102 64 128 0.019769
161 102 64 128 0.0186919
162 102 64 128 0.0244013
163 102 64 128 0.0263558
164 102 64 128 0.0393204
165 102 64 128 0.038258
166 102 64 128 0.0391316
167 102 64 128 0.0269749
168 102 64 128 0.0252786
169 102 64 128 0.0192046
170 102 64 128 0.0191541
171 102 64 128 0.0102467
254 102 64 128 0.012155
255 102 64 128 0.0273069
16 103 64 128 0.0114931
17 103 64 128 0.0109373
50 103 64 128 0.0125002
51 103 64 128 0.0151928
52 103 64 128 0.0150955
53 103 64 128 0.0122567
54 103 64 128 0.013069
55 103 64 128 0.011189
56 103 64 128 0.012439
57 103 64 128 0.0151
58 103 64 128 0.0229099
59 103 64 128 0.0160459
60 103 64 128 0.0132977
97 103 64 128 0.0122544
98 103 64 128 0.0127277
99 103 64 128 0.024721
100 103 64 128 0.0215552
101 103 64 128 0.0283228
102 103 64 128 0.0237579
103 103 64 128 0.0238387
162 103 64 128 0.0122684
163 103 64 128 0.012103
164 103 64 128 0.0129341
165 103 64 128 0.0155339
166 103 64 128 0.0177186
167 103 64 128 0.0136689
168 103 64 128 0.010558
255 103 64 128 0.0190424
16 104 64 128 0.0129693
17 104 64 128 0.0135155
18 104 64 128 0.0115244
49 104 64 128 0.0106489
50 104 64 128 0.0183727
51 104 64 128 0.0219511
52 104 64 128 0.0237042
53 104 64 128 0.018678
54 104 64 128 0.0177872
55 104 64 128 0.0150305
56 104 64 128 0.0149215
57 104 64 128 0.0141252
58 104 64 128 0.0172591
59 104 64 128 0.013866
60 104 64 128 0.0105349
99 104 64 128 0.0138902
100 104 64 128 0.0140044
101 104 64 128 0.0232336
102 104 64 128 0.0174482
103 104 64 128 0.0199208
104 104 64 128 0.0102787
151 104 64 128 0.0108018
152 104 64 128 0.0109202
153 104 64 128 0.0113682
154 104 64 128 0.0102864
160 104 64 128 0.0108692
161 104 64 128 0.0121807
162 104 64 128 0.0171149
163 104 64 128 0.0177714
164 104 64 128 0.0194718
165 104 64 128 0.0205248
166 104 64 128 0.0217727
167 104 64 128 0.0149798
168 104 64 128 0.0110012
255 104 64 128 0.0197453
50 105 64 128 0.014681
51 105 64 128 0.0194649
52 105 64 128 0.0247155
53 105 64 128 0.0213086
54 105 64 128 0.0211003
55 105 64 128 0.0178701
56 105 64 128 0.0192066
57 105 64 128 0.0207879
58 105 64 128 0.0251961
59 105 64 128 0.0194049
60 105 64 128 0.0142037
99 105 64 128 0.0131024
100 105 64 128 0.0128897
101 105 64 128 0.0201572
102 105 64 128 0.0160548
103 105 64 128 0.0207348
104 105 64 128 0.0104212
162 105 64 128 0.0103272
164 105 64 128 0.0109285
165 105 64 128 0.0111496
166 105 64 128 0.0122951
255 105 64 128 0.0157229
50 106 64 128 0.0112352
51 106 64 128 0.0148378
52 106 64 128 0.0162335
53 106 64 128 0.012717
54 106 64 128 0.0121573
56 106 64 128 0.0100388
58 106 64 128 0.0100706
100 106 64 128 0.0104081
101 106 64 128 0.0190586
102 106 64 128 0.020482
103 106 64 128 0.0283627
104 106 64 128 0.0181528
105 106 64 128 0.0121987
158 106 64 128 0.0112083
159 106 64 128 0.0136396
160 106 64 128 0.0124971
161 106 64 128 0.0125364
162 106 64 128 0.0161352
163 106 64 128 0.0145869
164 106 64 128 0.0123182
165 106 64 128 0.0126181
255 106 64 128 0.0144995
101 107 64 128 0.0164019
102 107 64 128 0.0184483
103 107 64 128 0.028415
104 107 64 128 0.0167722
105 107 64 128 0.0127518
255 107 64 128 0.0117602
101 108 64 128 0.0119947
102 108 64 128 0.0134295
103 108 64 128 0.0225941
104 108 64 128 0.0184016
105 108 64 128 0.0150235
102 109 64 128 0.0101331
103 109 64 128 0.0160277
104 109 64 128 0.0123753
105 109 64 128 0.0115262
105 0 64 128 0.0140168
106 0 64 128 0.0204257
107 0 64 128 0.0145695
108 0 64 128 0.0136318
105 1 64 128 0.0181315
106 1 64 128 0.0249653
107 1 64 128 0.0193004
108 1 64 128 0.0187582
104 2 64 128 0.0120551
105 2 64 128 0.0251876
106 2 64 128 0.0345239
107 2 64 128 0.031071
108 2 64 128 0.034665
109 2 64 128 0.0183831
105 3 64 128 0.021376
106 3 64 128 0.036727
107 3 64 128 0.0378745
108 3 64 128 0.0476228
109 3 64 128 0.0271554
110 3 64 128 0.0105079
105 4 64 128 0.0155884
106 4 64 128 0.0268878
107 4 64 128 0.0291574
108 4 64 128 0.0473635
109 4 64 128 0.0292318
110 4 64 128 0.0153107
105 5 64 128 0.0111004
106 5 64 128 0.0176708
107 5 64 128 0.0241098
108 5 64 128 0.0401153
109 5 64 128 0.0324285
110 5 64 128 0.0205668
106 6 64 128 0.0150015
107 6 64 128 0.0244484
108 6 64 128 0.0541518
109 6 64 128 0.050583
110 6 64 128 0.0296244
111 6 64 128 0.0126387
107 7 64 128 0.0158401
108 7 64 128 0.0379231
109 7 64 128 0.0385462
110 7 64 128 0.0285906
111 7 64 128 0.0117528
108 8 64 128 0.025378
109 8 64 128 0.0262492
110 8 64 128 0.0280109
111 8 64 128 0.0150814
255 8 64 128 0.0172761
108 9 64 128 0.013264
109 9 64 128 0.0132562
110 9 64 128 0.0145821
254 9 64 128 0.0178931
255 9 64 128 0.0338148
253 10 64 128 0.0104461
254 10 64 128 0.0286125
255 10 64 128 0.055304
253 11 64 128 0.0136744
254 11 64 128 0.0345205
255 11 64 128 0.0622858
253 12 64 128 0.0136209
254 12 64 128 0.0307001
255 12 64 128 0.0617889
253 13 64 128 0.0124654
254 13 64 128 0.0280208
255 13 64 128 0.0489413
254 14 64 128 0.0201748
255 14 64 128 0.0374393
254 15 64 128 0.0124808
255 15 64 128 0.0215325
255 16 64 128 0.0130294
231 40 64 128 0.0105125
232 40 64 128 0.012033
233 40 64 128 0.0128285
209 41 64 128 0.0133502
210 41 64 128 0.0147676
211 41 64 128 0.0309718
212 41 64 128 0.0197251
213 41 64 128 0.0165913
232 41 64 128 0.010239
233 41 64 128 0.0138193
234 41 64 128 0.0102725
207 42 64 128 0.0129152
208 42 64 128 0.0167782
209 42 64 128 0.0321627
210 42 64 128 0.0300033
211 42 64 128 0.062449
212 42 64 128 0.0371825
213 42 64 128 0.0334765
232 42 64 128 0.0136166
233 42 64 128 0.0206621
234 42 64 128 0.0198241
235 42 64 128 0.0143657
236 42 64 128 0.0100043
206 43 64 128 0.0128308
207 43 64 128 0.0342729
208 43 64 128 0.0365419
209 43 64 128 0.055808
210 43 64 128 0.0610815
211 43 64 128 0.0992904
212 43 64 128 0.0699766
213 43 64 128 0.0531448
214 43 64 128 0.0183584
232 43 64 128 0.0100808
233 43 64 128 0.0224129
234 43 64 128 0.0232411
235 43 64 128 0.0188688
236 43 64 128 0.0115418
205 44 64 128 0.0152462
206 44 64 128 0.0220297
207 44 64 128 0.0600712
208 44 64 128 0.068021
209 44 64 128 0.100175
210 44 64 128 0.0818794
211 44 64 128 0.13606
212 44 64 128 0.0933983
213 44 64 128 0.0663872
214 44 64 128 0.0184595
232 44 64 128 0.0100059
233 44 64 128 0.0221782
234 44 64 128 0.0324591
235 44 64 128 0.0320345
236 44 64 128 0.0210171
205 45 64 128 0.01571
206 45 64 128 0.0257374
207 45 64 128 0.0718095
208 45 64 128 0.0734925
209 45 64 128 0.0960601
210 45 64 128 0.0817661
211 45 64 128 0.128515
212 45 64 128 0.0917929
213 45 64 128 0.0558596
214 45 64 128 0.0174264
233 45 64 128 0.0205315
234 45 64 128 0.0312379
235 45 64 128 0.0338846
236 45 64 128 0.0207262
250 45 64 128 0.011206
251 45 64 128 0.0170543
252 45 64 128 0.0113174
253 45 64 128 0.0106982
255 45 64 128 0.0103373
205 46 64 128 0.0140909
206 46 64 128 0.0235266
207 46 64 128 0.078442
208 46 64 128 0.079001
209 46 64 128 0.102508
210 46 64 128 0.0750323
211 46 64 128 0.147989
212 46 64 128 0.107273
213 46 64 128 0.0779761
214 46 64 128 0.024093
215 46 64 128 0.0128813
233 46 64 128 0.0168752
234 46 64 128 0.0320504
235 46 64 128 0.0362024
236 46 64 128 0.0268035
249 46 64 128 0.0285432
250 46 64 128 0.0283588
251 46 64 128 0.0475999
252 46 64 128 0.0281746
253 46 64 128 0.0281307
254 46 64 128 0.0184288
255 46 64 128 0.0267535
206 47 64 128 0.0154939
207 47 64 128 0.0551533
208 47 64 128 0.0523122
209 47 64 128 0.0746394
210 47 64 128 0.0578427
211 47 64 128 0.0979304
212 47 64 128 0.0823971
213 47 64 128 0.0688663
214 47 64 128 0.0305022
215 47 64 128 0.0150529
233 47 64 128 0.0147871
234 47 64 128 0.0267066
235 47 64 128 0.030422
236 47 64 128 0.0188967
249 47 64 128 0.0288052
250 47 64 128 0.0350119
251 47 64 128 0.0438773
252 47 64 128 0.0302541
253 47 64 128 0.0315123
254 47 64 128 0.0252531
255 47 64 128 0.0376457
207 48 64 128 0.0212424
208 48 64 128 0.0257494
209 48 64 128 0.0363885
210 48 64 128 0.0262342
211 48 64 128 0.0500276
212 48 64 128 0.0432813
213 48 64 128 0.0408578
214 48 64 128 0.0188413
215 48 64 128 0.0116211
233 48 64 128 0.0100725
234 48 64 128 0.0212785
235 48 64 128 0.0268515
236 48 64 128 0.0175951
248 48 64 128 0.0149381
249 48 64 128 0.0458389
250 48 64 128 0.057298
251 48 64 128 0.0664197
252 48 64 128 0.0464881
253 48 64 128 0.0442709
254 48 64 128 0.0331793
255 48 64 128 0.0531546
211 49 64 128 0.0107116
212 49 64 128 0.0129787
213 49 64 128 0.0119232
234 49 64 128 0.0139143
235 49 64 128 0.0173402
236 49 64 128 0.0130691
248 49 64 128 0.0211079
249 49 64 128 0.062315
250 49 64 128 0.0774119
251 49 64 128 0.0814335
252 49 64 128 0.0593127
253 49 64 128 0.0555525
254 49 64 128 0.0518899
255 49 64 128 0.0734159
234 50 64 128 0.0100207
235 50 64 128 0.0143405
236 50 64 128 0.0109036
246 50 64 128 0.01048
247 50 64 128 0.0175985
248 50 64 128 0.0331543
249 50 64 128 0.101505
250 50 64 128 0.0984829
251 50 64 128 0.106986
252 50 64 128 0.089045
253 50 64 128 0.0766349
254 50 64 128 0.0603624
255 50 64 128 0.0825775
247 51 64 128 0.0156898
248 51 64 128 0.0301747
249 51 64 128 0.087901
250 51 64 128 0.102532
251 51 64 128 0.0972082
252 51 64 128 0.077591
253 51 64 128 0.0818506
254 51 64 128 0.076098
255 51 64 128 0.0986992
247 52 64 128 0.0176176
248 52 64 128 0.0309236
249 52 64 128 0.084205
250 52 64 128 0.103222
251 52 64 128 0.0958636
252 52 64 128 0.0714167
253 52 64 128 0.0679168
254 52 64 128 0.0726852
255 52 64 128 0.0841252
247 53 64 128 0.013281
248 53 64 128 0.0265619
249 53 64 128 0.0662994
250 53 64 128 0.0781623
251 53 64 128 0.0592792
252 53 64 128 0.0475285
253 53 64 128 0.0479476
254 53 64 128 0.0494648
255 53 64 128 0.0510996
247 54 64 128 0.0142126
248 54 64 128 0.0218879
249 54 64 128 0.0522165
250 54 64 128 0.0485594
251 54 64 128 0.0399957
252 54 64 128 0.0295303
253 54 64 128 0.0290107
254 54 64 128 0.0325075
255 54 64 128 0.0306209
249 55 64 128 0.0183167
250 55 64 128 0.0169254
251 55 64 128 0.0133824
252 55 64 128 0.0105948
253 55 64 128 0.0114152
254 55 64 128 0.0139977
255 55 64 128 0.0149445
249 56 64 128 0.0124451
250 56 64 128 0.0102879
245 62 64 128 0.0114868
246 62 64 128 0.0105764
247 62 64 128 0.0129681
245 63 64 128 0.0139447
246 63 64 128 0.0129519
247 63 64 128 0.0127068
243 64 64 128 0.0168323
244 64 64 128 0.0180258
245 64 64 128 0.0382267
246 64 64 128 0.0259209
247 64 64 128 0.0277614
80 65 64 128 0.013331
81 65 64 128 0.0156318
243 65 64 128 0.0201915
244 65 64 128 0.0237314
245 65 64 128 0.0409466
246 65 64 128 0.0258157
247 65 64 128 0.0208523
79 66 64 128 0.0128549
80 66 64 128 0.0246315
81 66 64 128 0.0227129
82 66 64 128 0.0169089
241 66 64 128 0.0110758
242 66 64 128 0.0122702
243 66 64 128 0.0361297
244 66 64 128 0.0389604
245 66 64 128 0.0618153
246 66 64 128 0.0363264
247 66 64 128 0.029969
79 67 64 128 0.0146845
80 67 64 128 0.0301268
81 67 64 128 0.0277631
82 67 64 128 0.0182968
105 67 64 128 0.0104083
241 67 64 128 0.0106291
242 67 64 128 0.0128619
243 67 64 128 0.0342255
244 67 64 128 0.0348795
245 67 64 128 0.0425106
246 67 64 128 0.025907
247 67 64 128 0.0193659
78 68 64 128 0.0120181
79 68 64 128 0.0218862
80 68 64 128 0.0311668
81 68 64 128 0.0216597
82 68 64 128 0.0120379
105 68 64 128 0.0139836
241 68 64 128 0.0161616
242 68 64 128 0.0183532
243 68 64 128 0.0512361
244 68 64 128 0.0431341
245 68 64 128 0.0550016
246 68 64 128 0.0315183
247 68 64 128 0.0294764
79 69 64 128 0.0118047
80 69 64 128 0.0158016
81 69 64 128 0.0101188
105 69 64 128 0.01201
241 69 64 128 0.0146378
242 69 64 128 0.0159948
243 69 64 128 0.0410167
244 69 64 128 0.0365154
245 69 64 128 0.0391838
246 69 64 128 0.0260338
247 69 64 128 0.0231081
241 70 64 128 0.0163433
242 70 64 128 0.0147815
243 70 64 128 0.0342407
244 70 64 128 0.0338486
245 70 64 128 0.0365077
246 70 64 128 0.0265201
247 70 64 128 0.0209479
243 71 64 128 0.0197317
244 71 64 128 0.021461
245 71 64 128 0.0208955
246 71 64 128 0.0148539
247 71 64 128 0.0126636
243 72 64 128 0.0157148
244 72 64 128 0.0143619
245 72 64 128 0.0172212
246 72 64 128 0.0121621
247 72 64 128 0.0114822
166 96 64 128 0.0132392
167 96 64 128 0.0119592
168 96 64 128 0.015384
169 96 64 128 0.0130109
170 96 64 128 0.0118152
251 96 64 128 0.0110256
255 96 64 128 0.0110743
14 97 64 128 0.0131667
15 97 64 128 0.0124876
16 97 64 128 0.0120634
17 97 64 128 0.0117171
164 97 64 128 0.0139951
165 97 64 128 0.0203088
166 97 64 128 0.0297569
167 97 64 128 0.0231744
168 97 64 128 0.0296348
169 97 64 128 0.0265444
170 97 64 128 0.0248132
171 97 64 128 0.0140737
251 97 64 128 0.0126668
252 97 64 128 0.010584
253 97 64 128 0.0116457
254 97 64 128 0.0116199
255 97 64 128 0.0201045
13 98 64 128 0.0126391
14 98 64 128 0.0147492
15 98 64 128 0.0156883
16 98 64 128 0.0187994
17 98 64 128 0.0185819
18 98 64 128 0.0151365
111 98 64 128 0.0101334
162 98 64 128 0.0128088
163 98 64 128 0.0168493
164 98 64 128 0.041814
165 98 64 128 0.0435146
166 98 64 128 0.068365
167 98 64 128 0.0477616
168 98 64 128 0.058212
169 98 64 128 0.0464511
170 98 64 128 0.0474512
171 98 64 128 0.0255951
172 98 64 128 0.0197284
251 98 64 128 0.0153647
252 98 64 128 0.0133683
253 98 64 128 0.0158969
254 98 64 128 0.0195782
255 98 64 128 0.0316337
13 99 64 128 0.0114438
14 99 64 128 0.0135139
15 99 64 128 0.0128518
16 99 64 128 0.0155108
17 99 64 128 0.0127683
97 99 64 128 0.0135354
98 99 64 128 0.0147814
99 99 64 128 0.0186782
100 99 64 128 0.0134392
101 99 64 128 0.0120656
150 99 64 128 0.0105928
152 99 64 128 0.0101967
162 99 64 128 0.013852
163 99 64 128 0.0186738
164 99 64 128 0.0334788
165 99 64 128 0.0393782
166 99 64 128 0.0501486
167 99 64 128 0.0342266
168 99 64 128 0.0376537
169 99 64 128 0.0325851
170 99 64 128 0.0336035
171 99 64 128 0.021835
172 99 64 128 0.0175716
251 99 64 128 0.0111465
252 99 64 128 0.0116347
253 99 64 128 0.0135157
254 99 64 128 0.0204663
255 99 64 128 0.0365717
12 100 64 128 0.0139531
13 100 64 128 0.0171753
14 100 64 128 0.0220779
15 100 64 128 0.0204639
16 100 64 128 0.0219561
17 100 64 128 0.0215283
18 100 64 128 0.0168708
19 100 64 128 0.0111713
81 100 64 128 0.0103826
82 100 64 128 0.0108636
83 100 64 128 0.0121231
84 100 64 128 0.0133834
85 100 64 128 0.0106934
96 100 64 128 0.0192097
97 100 64 128 0.0340817
98 100 64 128 0.0356727
99 100 64 128 0.0482793
100 100 64 128 0.0336593
101 100 64 128 0.0377937
102 100 64 128 0.0251262
103 100 64 128 0.0213736
104 100 64 128 0.0120684
148 100 64 128 0.0154636
149 100 64 128 0.0174044
150 100 64 128 0.0299115
151 100 64 128 0.0256832
152 100 64 128 0.0257635
153 100 64 128 0.0247725
154 100 64 128 0.0149777
155 100 64 128 0.0103077
158 100 64 128 0.0114488
159 100 64 128 0.0137336
160 100 64 128 0.0186048
161 100 64 128 0.0163808
162 100 64 128 0.0270372
163 100 64 128 0.0293621
164 100 64 128 0.052672
165 100 64 128 0.0530862
166 100 64 128 0.0598696
167 100 64 128 0.0380607
168 100 64 128 0.0411731
169 100 64 128 0.0329011
170 100 64 128 0.0322336
171 100 64 128 0.0168683
172 100 64 128 0.0144243
251 100 64 128 0.0122295
252 100 64 128 0.0137387
253 100 64 128 0.0179384
254 100 64 128 0.0234238
255 100 64 128 0.0475049
12 101 64 128 0.0108667
13 101 64 128 0.012137
14 101 64 128 0.0164201
15 101 64 128 0.0139421
16 101 64 128 0.0152558
17 101 64 128 0.0126238
18 101 64 128 0.0104972
82 101 64 128 0.0134897
83 101 64 128 0.0169939
84 101 64 128 0.0206783
85 101 64 128 0.0164306
86 101 64 128 0.0129397
87 101 64 128 0.0112024
95 101 64 128 0.0105167
96 101 64 128 0.01689
97 101 64 128 0.0293251
98 101 64 128 0.0331568
99 101 64 128 0.0493787
100 101 64 128 0.0348274
101 101 64 128 0.0408759
102 101 64 128 0.0304279
103 101 64 128 0.0245023
104 101 64 128 0.0108175
150 101 64 128 0.0128956
152 101 64 128 0.0103876
153 101 64 128 0.0100772
160 101 64 128 0.0109687
161 101 64 128 0.0108618
162 101 64 128 0.0167967
163 101 64 128 0.0169918
164 101 64 128 0.0256587
165 101 64 128 0.0291026
166 101 64 128 0.0307244
167 101 64 128 0.0205168
168 101 64 128 0.0220066
169 101 64 128 0.0189558
170 101 64 128 0.0189076
171 101 64 128 0.0127028
253 101 64 128 0.0115539
254 101 64 128 0.0147978
255 101 64 128 0.0339898
13 102 64 128 0.0109029
14 102 64 128 0.0141332
15 102 64 128 0.0131024
16 102 64 128 0.0158331
17 102 64 128 0.0154292
18 102 64 128 0.0137654
57 102 64 128 0.0110503
58 102 64 128 0.0151944
59 102 64 128 0.0103644
83 102 64 128 0.010336
84 102 64 128 0.0128081
85 102 64 128 0.0126742
86 102 64 128 0.0102927
96 102 64 128 0.0143013
97 102 64 128 0.0255271
98 102 64 128 0.0324085
99 102 64 128 0.0510814
100 102 64 128 0.0407477
101 102 64 128 0.0500385
102 102 64 128 0.0452927
103 102 64 128 0.0412656
104 102 64 128 0.018752
150 102 64 128 0.0133334
151 102 64 128 0.0141032
152 102 64 128 0.0153678
153 102 64 128 0.0137652
154 102 64 128 0.0132962
155 102 64 128 0.0101912
158 102 64 128 0.0134624
159 102 64 128 0.016295
160 102 64 128 0.019769
161 102 64 128 0.0186919
162 102 64 128 0.0244013
163 102 64 128 0.0263558
164 102 64 128 0.0393204
165 102 64 128 0.038258
166 102 64 128 0.0391316
167 102 64 128 0.0269749
168 102 64 128 0.0252786
169 102 64 128 0.0192046
170 102 64 128 0.0191541
171 102 64 128 0.0102467
254 102 64 128 0.012155
255 102 64 128 0.0273069
16 103 64 128 0.0114931
17 103 64 128 0.0109373
50 103 64 128 0.0125002
51 103 64 128 0.0151928
52 103 64 128 0.0150955
53 103 64 128 0.0122567
54 103 64 128 0.013069
55 103 64 128 0.011189
56 103 64 128 0.012439
57 103 64 128 0.0151
58 103 64 128 0.0229099
59 103 64 128 0.0160459
60 103 64 128 0.0132977
97 103 64 128 0.0122544
98 103 64 128 0.0127277
99 103 64 128 0.024721
100 103 64 128 0.0215552
101 103 64 128 0.0283228
102 103 64 128 0.0237579
103 103 64 128 0.0238387
162 103 64 128 0.0122684
163 103 64 128 0.012103
164 103 64 128 0.0129341
165 103 64 128 0.0155339
166 103 64 128 0.0177186
167 103 64 128 0.0136689
168 103 64 128 0.010558
255 103 64 128 0.0190424
16 104 64 128 0.0129693
17 104 64 128 0.0135155
18 104 64 128 0.0115244
49 104 64 128 0.0106489
50 104 64 128 0.0183727
51 104 64 128 0.0219511
52 104 64 128 0.0237042
53 104 64 128 0.018678
54 104 64 128 0.0177872
55 104 64 128 0.0150305
56 104 64 128 0.0149215
57 104 64 128 0.0141252
58 104 64 128 0.0172591
59 104 64 128 0.013866
60 104 64 128 0.0105349
99 104 64 128 0.0138902
100 104 64 128 0.0140044
101 104 64 128 0.0232336
102 104 64 128 0.0174482
103 104 64 128 0.0199208
104 104 64 128 0.0102787
151 104 64 128 0.0108018
152 104 64 128 0.0109202
153 104 64 128 0.0113682
154 104 64 128 0.0102864
160 104 64 128 0.0108692
161 104 64 128 0.0121807
162 104 64 128 0.0171149
163 104 64 128 0.0177714
164 104 64 128 0.0194718
165 104 64 128 0.0205248
166 104 64 128 0.0217727
167 104 64 128 0.0149798
168 104 64 128 0.0110012
255 104 64 128 0.0197453
50 105 64 128 0.014681
51 105 64 128 0.0194649
52 105 64 128 0.0247155
53 105 64 128 0.0213086
54 105 64 128 0.0211003
55 105 64 128 0.0178701
56 105 64 128 0.0192066
57 105 64 128 0.0207879
58 105 64 128 0.0251961
59 105 64 128 0.0194049
60 105 64 128 0.0142037
99 105 64 128 0.0131024
100 105 64 128 0.0128897
101 105 64 128 0.0201572
102 105 64 128 0.0160548
103 105 64 128 0.0207348
104 105 64 128 0.0104212
162 105 64 128 0.0103272
164 105 64 128 0.0109285
165 105 64 128 0.0111496
166 105 64 128 0.0122951
255 105 64 128 0.0157229
50 106 64 128 0.0112352
51 106 64 128 0.0148378
52 106 64 128 0.0162335
53 106 64 128 0.012717
54 106 64 128 0.0121573
56 106 64 128 0.0100388
58 106 64 128 0.0100706
100 106 64 128 0.0104081
101 106 64 128 0.0190586
102 106 64 128 0.020482
103 106 64 128 0.0283627
104 106 64 128 0.0181528
105 106 64 128 0.0121987
158 106 64 128 0.0112083
159 106 64 128 0.0136396
160 106 64 128 0.0124971
161 106 64 128 0.0125364
162 106 64 128 0.0161352
163 106 64 128 0.0145869
164 106 64 128 0.0123182
165 106 64 128 0.0126181
255 106 64 128 0.0144995
101 107 64 128 0.0164019
102 107 64 128 0.0184483
103 107 64 128 0.028415
104 107 64 128 0.0167722
105 107 64 128 0.0127518
255 107 64 128 0.0117602
101 108 64 128 0.0119947
102 108 64 128 0.0134295
103 108 64 128 0.0225941
104 108 64 128 0.0184016
105 108 64 128 0.0150235
102 109 64 128 0.0101331
103 109 64 128 0.0160277
104 109 64 128 0.0123753
105 109 64 128 0.0115262
