151 20 98 196 0.0133793
152 20 98 196 0.0121836
153 20 98 196 0.0187978
154 20 98 196 0.0294437
155 20 98 196 0.0225914
156 20 98 196 0.01124
149 21 98 196 0.0173135
150 21 98 196 0.0403454
151 21 98 196 0.0585296
152 21 98 196 0.0493076
153 21 98 196 0.0690245
154 21 98 196 0.110902
155 21 98 196 0.0910274
156 21 98 196 0.0511986
157 21 98 196 0.034571
158 21 98 196 0.0236448
159 21 98 196 0.0249181
160 21 98 196 0.0375887
161 21 98 196 0.0293088
162 21 98 196 0.0124113
149 22 98 196 0.0248692
150 22 98 196 0.0595351
151 22 98 196 0.0879817
152 22 98 196 0.0768437
153 22 98 196 0.103351
154 22 98 196 0.160259
155 22 98 196 0.134821
156 22 98 196 0.0790423
157 22 98 196 0.0510677
158 22 98 196 0.0348443
159 22 98 196 0.0388706
160 22 98 196 0.0578571
161 22 98 196 0.0442802
162 22 98 196 0.0180762
163 22 98 196 0.0140094
164 22 98 196 0.0117506
149 23 98 196 0.0272595
150 23 98 196 0.0673263
151 23 98 196 0.101808
152 23 98 196 0.0927064
153 23 98 196 0.117086
154 23 98 196 0.171696
155 23 98 196 0.149112
156 23 98 196 0.0949958
157 23 98 196 0.0634313
158 23 98 196 0.04337
159 23 98 196 0.0466376
160 23 98 196 0.0668626
161 23 98 196 0.0502976
162 23 98 196 0.0197487
163 23 98 196 0.0147818
164 23 98 196 0.0123382
148 24 98 196 0.0183056
149 24 98 196 0.0423706
150 24 98 196 0.107964
151 24 98 196 0.166246
152 24 98 196 0.141989
153 24 98 196 0.170785
154 24 98 196 0.256802
155 24 98 196 0.226311
156 24 98 196 0.155472
157 24 98 196 0.122021
158 24 98 196 0.0847415
159 24 98 196 0.0783371
160 24 98 196 0.110651
161 24 98 196 0.086039
162 24 98 196 0.0362922
163 24 98 196 0.025638
164 24 98 196 0.0206992
165 24 98 196 0.0119436
147 25 98 196 0.0110003
148 25 98 196 0.0231382
149 25 98 196 0.0505662
150 25 98 196 0.134485
151 25 98 196 0.209272
152 25 98 196 0.170148
153 25 98 196 0.203256
154 25 98 196 0.318349
155 25 98 196 0.283046
156 25 98 196 0.196179
157 25 98 196 0.157931
158 25 98 196 0.110101
159 25 98 196 0.0989826
160 25 98 196 0.138486
161 25 98 196 0.107197
162 25 98 196 0.044331
163 25 98 196 0.0306463
164 25 98 196 0.0246697
165 25 98 196 0.0140699
166 25 98 196 0.0111201
147 26 98 196 0.0102037
148 26 98 196 0.0193419
149 26 98 196 0.0427236
150 26 98 196 0.125036
151 26 98 196 0.199813
152 26 98 196 0.158502
153 26 98 196 0.190592
154 26 98 196 0.308688
155 26 98 196 0.278967
156 26 98 196 0.191351
157 26 98 196 0.147355
158 26 98 196 0.10479
159 26 98 196 0.097757
160 26 98 196 0.130282
161 26 98 196 0.0969988
162 26 98 196 0.0370225
163 26 98 196 0.0244394
164 26 98 196 0.0196542
165 26 98 196 0.0104388
147 27 98 196 0.0131039
148 27 98 196 0.0234921
149 27 98 196 0.0440825
150 27 98 196 0.139497
151 27 98 196 0.233013
152 27 98 196 0.1867
153 27 98 196 0.221104
154 27 98 196 0.355287
155 27 98 196 0.322174
156 27 98 196 0.228016
157 27 98 196 0.187131
158 27 98 196 0.141328
159 27 98 196 0.127702
160 27 98 196 0.15655
161 27 98 196 0.11813
162 27 98 196 0.0507899
163 27 98 196 0.0311553
164 27 98 196 0.0233627
165 27 98 196 0.0139104
166 27 98 196 0.0105009
147 28 98 196 0.0151227
148 28 98 196 0.0274639
149 28 98 196 0.0465846
150 28 98 196 0.148237
151 28 98 196 0.252053
152 28 98 196 0.205583
153 28 98 196 0.240954
154 28 98 196 0.378999
155 28 98 196 0.339913
156 28 98 196 0.247756
157 28 98 196 0.220013
158 28 98 196 0.169939
159 28 98 196 0.146197
160 28 98 196 0.174715
161 28 98 196 0.135536
162 28 98 196 0.0642252
163 28 98 196 0.0400057
164 28 98 196 0.028977
165 28 98 196 0.0178754
166 28 98 196 0.0134964
147 29 98 196 0.0118458
148 29 98 196 0.0218156
149 29 98 196 0.037887
150 29 98 196 0.118589
151 29 98 196 0.200272
152 29 98 196 0.163726
153 29 98 196 0.193005
154 29 98 196 0.302102
155 29 98 196 0.266795
156 29 98 196 0.197005
157 29 98 196 0.185429
158 29 98 196 0.142566
159 29 98 196 0.117463
160 29 98 196 0.142537
161 29 98 196 0.112074
162 29 98 196 0.0545383
163 29 98 196 0.0364468
164 29 98 196 0.0262729
165 29 98 196 0.0146267
166 29 98 196 0.0107604
148 30 98 196 0.0177764
149 30 98 196 0.0295355
150 30 98 196 0.0959551
151 30 98 196 0.16222
152 30 98 196 0.125721
153 30 98 196 0.147409
154 30 98 196 0.242129
155 30 98 196 0.218104
156 30 98 196 0.165212
157 30 98 196 0.160005
158 30 98 196 0.126809
159 30 98 196 0.105155
160 30 98 196 0.123141
161 30 98 196 0.0975548
162 30 98 196 0.0497365
163 30 98 196 0.0319249
164 30 98 196 0.0220869
165 30 98 196 0.0125109
148 31 98 196 0.0155176
149 31 98 196 0.0231922
150 31 98 196 0.0803783
151 31 98 196 0.137975
152 31 98 196 0.101927
153 31 98 196 0.119661
154 31 98 196 0.208065
155 31 98 196 0.195799
156 31 98 196 0.154153
157 31 98 196 0.149151
158 31 98 196 0.122926
159 31 98 196 0.105753
160 31 98 196 0.118053
161 31 98 196 0.0930622
162 31 98 196 0.0483316
163 31 98 196 0.0276725
164 31 98 196 0.0179217
165 31 98 196 0.0111414
148 32 98 196 0.0110313
149 32 98 196 0.0160191
150 32 98 196 0.0551288
151 32 98 196 0.0960052
152 32 98 196 0.0758457
153 32 98 196 0.094855
154 32 98 196 0.162027
155 32 98 196 0.157004
156 32 98 196 0.130714
157 32 98 196 0.128414
158 32 98 196 0.106502
159 32 98 196 0.0932104
160 32 98 196 0.105037
161 32 98 196 0.0822505
162 32 98 196 0.0414027
163 32 98 196 0.0224929
164 32 98 196 0.0136306
149 33 98 196 0.0120884
150 33 98 196 0.0397306
151 33 98 196 0.0707955
152 33 98 196 0.0617001
153 33 98 196 0.0826742
154 33 98 196 0.137945
155 33 98 196 0.139549
156 33 98 196 0.123926
157 33 98 196 0.123433
158 33 98 196 0.106479
159 33 98 196 0.0970563
160 33 98 196 0.107748
161 33 98 196 0.088476
162 33 98 196 0.0505876
163 33 98 196 0.027097
164 33 98 196 0.0149356
150 34 98 196 0.0330588
151 34 98 196 0.0604523
152 34 98 196 0.053206
153 34 98 196 0.0729081
154 34 98 196 0.123339
155 34 98 196 0.12724
156 34 98 196 0.116222
157 34 98 196 0.118834
158 34 98 196 0.107941
159 34 98 196 0.101724
160 34 98 196 0.110622
161 34 98 196 0.095882
162 34 98 196 0.0620832
163 34 98 196 0.0335241
164 34 98 196 0.0177393
165 34 98 196 0.0111391
150 35 98 196 0.0216718
151 35 98 196 0.041112
152 35 98 196 0.0351579
153 35 98 196 0.0492935
154 35 98 196 0.0846018
155 35 98 196 0.0822871
156 35 98 196 0.0748528
157 35 98 196 0.0848682
158 35 98 196 0.0792602
159 35 98 196 0.0744936
160 35 98 196 0.0835878
161 35 98 196 0.0739988
162 35 98 196 0.0487344
163 35 98 196 0.027088
164 35 98 196 0.0142893
150 36 98 196 0.0137158
151 36 98 196 0.0268873
152 36 98 196 0.0221466
153 36 98 196 0.0306881
154 36 98 196 0.0534878
155 36 98 196 0.0508027
156 36 98 196 0.0472459
157 36 98 196 0.0578587
158 36 98 196 0.0553237
159 36 98 196 0.0513988
160 36 98 196 0.057043
161 36 98 196 0.0504178
162 36 98 196 0.0334807
163 36 98 196 0.0190125
150 37 98 196 0.011288
151 37 98 196 0.0218531
152 37 98 196 0.018326
153 37 98 196 0.0235305
154 37 98 196 0.0407673
155 37 98 196 0.0441104
156 37 98 196 0.0438607
157 37 98 196 0.0483957
158 37 98 196 0.0464291
159 37 98 196 0.0436241
160 37 98 196 0.0446952
161 37 98 196 0.0390134
162 37 98 196 0.026879
163 37 98 196 0.0148465
151 38 98 196 0.016511
152 38 98 196 0.0149219
153 38 98 196 0.0184187
154 38 98 196 0.0300412
155 38 98 196 0.0342336
156 38 98 196 0.0353213
157 38 98 196 0.0373117
158 38 98 196 0.0347458
159 38 98 196 0.0337097
160 38 98 196 0.0369129
161 38 98 196 0.0324832
162 38 98 196 0.0215335
163 38 98 196 0.0115108
151 39 98 196 0.0119101
152 39 98 196 0.0115834
153 39 98 196 0.0138431
154 39 98 196 0.0211458
155 39 98 196 0.0249519
156 39 98 196 0.0269827
157 39 98 196 0.029047
158 39 98 196 0.0286325
159 39 98 196 0.0308383
160 39 98 196 0.0360891
161 39 98 196 0.031616
162 39 98 196 0.0202945
163 39 98 196 0.0111468
151 40 98 196 0.0111846
152 40 98 196 0.0110142
153 40 98 196 0.0130721
154 40 98 196 0.0201079
155 40 98 196 0.0250037
156 40 98 196 0.0280032
157 40 98 196 0.0310667
158 40 98 196 0.034795
159 40 98 196 0.040814
160 40 98 196 0.0462731
161 40 98 196 0.0407324
162 40 98 196 0.0274973
163 40 98 196 0.0154729
151 41 98 196 0.0145337
152 41 98 196 0.0144983
153 41 98 196 0.0188084
154 41 98 196 0.0296058
155 41 98 196 0.0342077
156 41 98 196 0.0367982
157 41 98 196 0.0418219
158 41 98 196 0.0461282
159 41 98 196 0.0537167
160 41 98 196 0.0630905
161 41 98 196 0.0583878
162 41 98 196 0.0409736
163 41 98 196 0.021964
164 41 98 196 0.0104781
151 42 98 196 0.0115179
152 42 98 196 0.0115881
153 42 98 196 0.0157305
154 42 98 196 0.024913
155 42 98 196 0.0274965
156 42 98 196 0.0287746
157 42 98 196 0.0329849
158 42 98 196 0.0352342
159 42 98 196 0.0403533
160 42 98 196 0.0488448
161 42 98 196 0.0464773
162 42 98 196 0.0330112
163 42 98 196 0.0171734
158 25 85 170 0.0119985
159 25 85 170 0.0153227
160 25 85 170 0.0148418
161 25 85 170 0.0114131
158 26 85 170 0.0113968
159 26 85 170 0.0142759
160 26 85 170 0.0132256
157 28 85 170 0.0100298
158 28 85 170 0.0132886
159 28 85 170 0.0135015
160 28 85 170 0.0117458
158 29 85 170 0.0100158
158 30 85 170 0.010068
157 31 85 170 0.010047
158 31 85 170 0.0128557
159 31 85 170 0.0120061
158 32 85 170 0.0113397
157 33 85 170 0.0103686
158 33 85 170 0.011604
157 34 85 170 0.0118925
158 34 85 170 0.0129873
159 34 85 170 0.0104446
157 35 85 170 0.0157213
158 35 85 170 0.0173734
159 35 85 170 0.0130948
165 35 85 170 0.0112728
166 35 85 170 0.0114609
156 36 85 170 0.0102539
157 36 85 170 0.0202976
158 36 85 170 0.0235837
159 36 85 170 0.0175755
160 36 85 170 0.0136983
161 36 85 170 0.0119043
162 36 85 170 0.0111641
163 36 85 170 0.0122913
164 36 85 170 0.0154413
165 36 85 170 0.0163968
166 36 85 170 0.0163952
167 36 85 170 0.0136947
156 37 85 170 0.0105515
157 37 85 170 0.0189887
158 37 85 170 0.0226454
159 37 85 170 0.0186606
160 37 85 170 0.0143685
161 37 85 170 0.0124954
162 37 85 170 0.0113454
163 37 85 170 0.0117243
164 37 85 170 0.0151367
165 37 85 170 0.0160377
166 37 85 170 0.0158775
167 37 85 170 0.0134463
156 38 85 170 0.0103917
157 38 85 170 0.0190793
158 38 85 170 0.0226849
159 38 85 170 0.018715
160 38 85 170 0.0153709
161 38 85 170 0.0135275
162 38 85 170 0.0134875
163 38 85 170 0.0150495
164 38 85 170 0.0172905
165 38 85 170 0.0193071
166 38 85 170 0.0195726
167 38 85 170 0.0153389
156 39 85 170 0.0114867
157 39 85 170 0.0229174
158 39 85 170 0.0270164
159 39 85 170 0.0218165
160 39 85 170 0.0201358
161 39 85 170 0.0177884
162 39 85 170 0.0189572
163 39 85 170 0.0226107
164 39 85 170 0.0236665
165 39 85 170 0.02889
166 39 85 170 0.0299493
167 39 85 170 0.0215276
156 40 85 170 0.0135303
157 40 85 170 0.0263889
158 40 85 170 0.0311395
159 40 85 170 0.026447
160 40 85 170 0.0261126
161 40 85 170 0.0231443
162 40 85 170 0.0235156
163 40 85 170 0.0273094
164 40 85 170 0.0291775
165 40 85 170 0.0378985
166 40 85 170 0.0388641
167 40 85 170 0.0267251
168 40 85 170 0.0137643
156 41 85 170 0.0129671
157 41 85 170 0.0276999
158 41 85 170 0.0324742
159 41 85 170 0.0265453
160 41 85 170 0.0282523
161 41 85 170 0.0253784
162 41 85 170 0.0245025
163 41 85 170 0.0291549
164 41 85 170 0.0341923
165 41 85 170 0.0424656
166 41 85 170 0.0413495
167 41 85 170 0.0279682
168 41 85 170 0.0141593
155 42 85 170 0.0102197
156 42 85 170 0.0157656
157 42 85 170 0.0318434
158 42 85 170 0.0387392
159 42 85 170 0.0353848
160 42 85 170 0.0384885
161 42 85 170 0.0350973
162 42 85 170 0.0344561
163 42 85 170 0.0402355
164 42 85 170 0.0458953
165 42 85 170 0.0570973
166 42 85 170 0.054187
167 42 85 170 0.0358268
168 42 85 170 0.0215646
155 43 85 170 0.0118874
156 43 85 170 0.0195355
157 43 85 170 0.0372039
158 43 85 170 0.0482935
159 43 85 170 0.0508916
160 43 85 170 0.0564594
161 43 85 170 0.0515247
162 43 85 170 0.0519699
163 43 85 170 0.0616902
164 43 85 170 0.070891
165 43 85 170 0.0917876
166 43 85 170 0.086176
167 43 85 170 0.0532504
168 43 85 170 0.0323972
169 43 85 170 0.0139332
155 44 85 170 0.0131208
156 44 85 170 0.0228238
157 44 85 170 0.0472357
158 44 85 170 0.0661791
159 44 85 170 0.07423
160 44 85 170 0.0821953
161 44 85 170 0.0766194
162 44 85 170 0.080266
163 44 85 170 0.0976537
164 44 85 170 0.115371
165 44 85 170 0.150166
166 44 85 170 0.14435
167 44 85 170 0.0940938
168 44 85 170 0.0568114
169 44 85 170 0.0249947
155 45 85 170 0.0177423
156 45 85 170 0.0352848
157 45 85 170 0.074921
158 45 85 170 0.110024
159 45 85 170 0.125053
160 45 85 170 0.12938
161 45 85 170 0.126264
162 45 85 170 0.139223
163 45 85 170 0.16084
164 45 85 170 0.175737
165 45 85 170 0.22748
166 45 85 170 0.236809
167 45 85 170 0.184084
168 45 85 170 0.130817
169 45 85 170 0.0595443
170 45 85 170 0.0149832
155 46 85 170 0.0192207
156 46 85 170 0.0399
157 46 85 170 0.0835902
158 46 85 170 0.125715
159 46 85 170 0.150798
160 46 85 170 0.163266
161 46 85 170 0.16003
162 46 85 170 0.173991
163 46 85 170 0.191647
164 46 85 170 0.194814
165 46 85 170 0.27258
166 46 85 170 0.30212
167 46 85 170 0.243509
168 46 85 170 0.183477
169 46 85 170 0.0877633
170 46 85 170 0.0240203
171 46 85 170 0.0144031
155 47 85 170 0.0197628
156 47 85 170 0.0414284
157 47 85 170 0.083818
158 47 85 170 0.129997
159 47 85 170 0.165908
160 47 85 170 0.186933
161 47 85 170 0.183193
162 47 85 170 0.191438
163 47 85 170 0.197112
164 47 85 170 0.186601
165 47 85 170 0.279978
166 47 85 170 0.322974
167 47 85 170 0.269485
168 47 85 170 0.225026
169 47 85 170 0.113114
170 47 85 170 0.0305228
171 47 85 170 0.018812
155 48 85 170 0.0220782
156 48 85 170 0.0479395
157 48 85 170 0.0935287
158 48 85 170 0.15122
159 48 85 170 0.196649
160 48 85 170 0.209542
161 48 85 170 0.205986
162 48 85 170 0.211408
163 48 85 170 0.205725
164 48 85 170 0.188118
165 48 85 170 0.278205
166 48 85 170 0.327276
167 48 85 170 0.298809
168 48 85 170 0.283365
169 48 85 170 0.144823
170 48 85 170 0.0334147
171 48 85 170 0.0216305
155 49 85 170 0.0169756
156 49 85 170 0.0392772
157 49 85 170 0.0730953
158 49 85 170 0.130019
159 49 85 170 0.183018
160 49 85 170 0.190174
161 49 85 170 0.179285
162 49 85 170 0.180723
163 49 85 170 0.175324
164 49 85 170 0.164556
165 49 85 170 0.268927
166 49 85 170 0.325624
167 49 85 170 0.296815
168 49 85 170 0.284385
169 49 85 170 0.147648
170 49 85 170 0.0362242
171 49 85 170 0.0234746
155 50 85 170 0.0140488
156 50 85 170 0.0333226
157 50 85 170 0.0613036
158 50 85 170 0.10854
159 50 85 170 0.14991
160 50 85 170 0.150987
161 50 85 170 0.149011
162 50 85 170 0.150916
163 50 85 170 0.134496
164 50 85 170 0.122049
165 50 85 170 0.229615
166 50 85 170 0.291706
167 50 85 170 0.273688
168 50 85 170 0.276604
169 50 85 170 0.144249
170 50 85 170 0.0353886
171 50 85 170 0.0265342
155 51 85 170 0.0129267
156 51 85 170 0.0302865
157 51 85 170 0.0564133
158 51 85 170 0.0926268
159 51 85 170 0.116465
160 51 85 170 0.110959
161 51 85 170 0.121248
162 51 85 170 0.123726
163 51 85 170 0.0951097
164 51 85 170 0.0782277
165 51 85 170 0.162304
166 51 85 170 0.21786
167 51 85 170 0.221164
168 51 85 170 0.242216
169 51 85 170 0.126561
170 51 85 170 0.0289485
171 51 85 170 0.0241282
156 52 85 170 0.0213855
157 52 85 170 0.0364381
158 52 85 170 0.0650973
159 52 85 170 0.0874893
160 52 85 170 0.0782771
161 52 85 170 0.0821597
162 52 85 170 0.0799992
163 52 85 170 0.0568283
164 52 85 170 0.0479099
165 52 85 170 0.103944
166 52 85 170 0.143287
167 52 85 170 0.151852
168 52 85 170 0.169677
169 52 85 170 0.0912876
170 52 85 170 0.0214693
171 52 85 170 0.0147307
156 53 85 170 0.0203776
157 53 85 170 0.0302432
158 53 85 170 0.0583577
159 53 85 170 0.0830785
160 53 85 170 0.0691346
161 53 85 170 0.0716795
162 53 85 170 0.069434
163 53 85 170 0.0466324
164 53 85 170 0.0408512
165 53 85 170 0.094897
166 53 85 170 0.129896
167 53 85 170 0.143035
168 53 85 170 0.175722
169 53 85 170 0.0966847
170 53 85 170 0.0214609
171 53 85 170 0.0147936
156 54 85 170 0.0182542
157 54 85 170 0.0270358
158 54 85 170 0.0558699
159 54 85 170 0.0806465
160 54 85 170 0.0643347
161 54 85 170 0.0696912
162 54 85 170 0.0694471
163 54 85 170 0.0457399
164 54 85 170 0.0414309
165 54 85 170 0.0979924
166 54 85 170 0.136821
167 54 85 170 0.154994
168 54 85 170 0.190609
169 54 85 170 0.106848
170 54 85 170 0.0260155
171 54 85 170 0.017115
156 55 85 170 0.0153028
157 55 85 170 0.022838
158 55 85 170 0.0496071
159 55 85 170 0.0740599
160 55 85 170 0.0621283
161 55 85 170 0.0692974
162 55 85 170 0.0694798
163 55 85 170 0.0463673
164 55 85 170 0.0418322
165 55 85 170 0.0993474
166 55 85 170 0.141388
167 55 85 170 0.163765
168 55 85 170 0.201908
169 55 85 170 0.117778
170 55 85 170 0.0356124
171 55 85 170 0.0239055
156 56 85 170 0.0171028
157 56 85 170 0.0227611
158 56 85 170 0.0473928
159 56 85 170 0.0738769
160 56 85 170 0.0679336
161 56 85 170 0.0778994
162 56 85 170 0.0773789
163 56 85 170 0.0512687
164 56 85 170 0.0440924
165 56 85 170 0.10688
166 56 85 170 0.151127
167 56 85 170 0.180466
168 56 85 170 0.239799
169 56 85 170 0.147541
170 56 85 170 0.0520956
171 56 85 170 0.0367392
156 57 85 170 0.0161064
157 57 85 170 0.0202531
158 57 85 170 0.0488309
159 57 85 170 0.0780166
160 57 85 170 0.0660637
161 57 85 170 0.0842556
162 57 85 170 0.0844954
163 57 85 170 0.050339
164 57 85 170 0.0474603
165 57 85 170 0.10832
166 57 85 170 0.161451
167 57 85 170 0.203609
168 57 85 170 0.256805
169 57 85 170 0.172139
170 57 85 170 0.0720202
171 57 85 170 0.0384772
172 57 85 170 0.0113955
156 58 85 170 0.0175994
157 58 85 170 0.022058
158 58 85 170 0.0553961
159 58 85 170 0.0910737
160 58 85 170 0.080674
161 58 85 170 0.102659
162 58 85 170 0.103911
163 58 85 170 0.0648502
164 58 85 170 0.0605848
165 58 85 170 0.138438
166 58 85 170 0.203539
167 58 85 170 0.248269
168 58 85 170 0.310879
169 58 85 170 0.223253
170 58 85 170 0.105933
171 58 85 170 0.0527621
172 58 85 170 0.0149556
156 59 85 170 0.0218421
157 59 85 170 0.0276139
158 59 85 170 0.0695251
159 59 85 170 0.1152
160 59 85 170 0.105365
161 59 85 170 0.13766
162 59 85 170 0.139178
163 59 85 170 0.0876634
164 59 85 170 0.084708
165 59 85 170 0.183991
166 59 85 170 0.266221
167 59 85 170 0.322267
168 59 85 170 0.40486
169 59 85 170 0.316576
170 59 85 170 0.169964
171 59 85 170 0.0805948
172 59 85 170 0.0255716
146 60 85 170 0.0107908
147 60 85 170 0.0125644
148 60 85 170 0.0103592
149 60 85 170 0.0106298
156 60 85 170 0.0261413
157 60 85 170 0.033562
158 60 85 170 0.0920252
159 60 85 170 0.152007
160 60 85 170 0.134245
161 60 85 170 0.192867
162 60 85 170 0.1966
163 60 85 170 0.120418
164 60 85 170 0.128147
165 60 85 170 0.236932
166 60 85 170 0.342191
167 60 85 170 0.424833
168 60 85 170 0.509026
169 60 85 170 0.440026
170 60 85 170 0.273855
171 60 85 170 0.127532
172 60 85 170 0.048816
173 60 85 170 0.0173733
144 61 85 170 0.0114864
145 61 85 170 0.0127694
146 61 85 170 0.0163514
147 61 85 170 0.0195318
148 61 85 170 0.0153321
149 61 85 170 0.0147793
150 61 85 170 0.0133447
155 61 85 170 0.0127304
156 61 85 170 0.034832
157 61 85 170 0.0475791
158 61 85 170 0.121294
159 61 85 170 0.205059
160 61 85 170 0.208234
161 61 85 170 0.28592
162 61 85 170 0.298559
163 61 85 170 0.213891
164 61 85 170 0.213012
165 61 85 170 0.358417
166 61 85 170 0.477984
167 61 85 170 0.546132
168 61 85 170 0.64523
169 61 85 170 0.572246
170 61 85 170 0.40192
171 61 85 170 0.234306
172 61 85 170 0.0847416
173 61 85 170 0.0278121
174 61 85 170 0.0163454
144 62 85 170 0.0146429
145 62 85 170 0.0153127
146 62 85 170 0.0206695
147 62 85 170 0.0259975
148 62 85 170 0.0191953
149 62 85 170 0.0182604
150 62 85 170 0.0170298
151 62 85 170 0.0118908
155 62 85 170 0.0153786
156 62 85 170 0.0423586
157 62 85 170 0.0673338
158 62 85 170 0.160073
159 62 85 170 0.256899
160 62 85 170 0.264841
161 62 85 170 0.373796
162 62 85 170 0.393762
163 62 85 170 0.288231
164 62 85 170 0.286342
165 62 85 170 0.425929
166 62 85 170 0.546092
167 62 85 170 0.617866
168 62 85 170 0.70753
169 62 85 170 0.643748
170 62 85 170 0.482723
171 62 85 170 0.299707
172 62 85 170 0.116425
173 62 85 170 0.039593
174 62 85 170 0.0215891
139 63 85 170 0.0101672
141 63 85 170 0.0111646
142 63 85 170 0.0108097
143 63 85 170 0.0109071
144 63 85 170 0.0172444
145 63 85 170 0.0169215
146 63 85 170 0.0233852
147 63 85 170 0.0312708
148 63 85 170 0.0239499
149 63 85 170 0.0222928
150 63 85 170 0.0209064
151 63 85 170 0.0151596
152 63 85 170 0.0119344
153 63 85 170 0.0126743
154 63 85 170 0.0106125
155 63 85 170 0.0194953
156 63 85 170 0.0539904
157 63 85 170 0.0933028
158 63 85 170 0.219706
159 63 85 170 0.339879
160 63 85 170 0.334485
161 63 85 170 0.467783
162 63 85 170 0.493198
163 63 85 170 0.367112
164 63 85 170 0.369153
165 63 85 170 0.476065
166 63 85 170 0.583868
167 63 85 170 0.663094
168 63 85 170 0.724802
169 63 85 170 0.674811
170 63 85 170 0.517915
171 63 85 170 0.311669
172 63 85 170 0.127619
173 63 85 170 0.0455524
174 63 85 170 0.0223464
139 64 85 170 0.0103736
141 64 85 170 0.0112417
142 64 85 170 0.0111022
143 64 85 170 0.0119254
144 64 85 170 0.0183422
145 64 85 170 0.0182475
146 64 85 170 0.0252017
147 64 85 170 0.035071
148 64 85 170 0.0308791
149 64 85 170 0.0277819
150 64 85 170 0.0248826
151 64 85 170 0.0195052
152 64 85 170 0.0161672
153 64 85 170 0.0187825
154 64 85 170 0.0174055
155 64 85 170 0.0297806
156 64 85 170 0.078521
157 64 85 170 0.140042
158 64 85 170 0.309877
159 64 85 170 0.472898
160 64 85 170 0.471534
161 64 85 170 0.594859
162 64 85 170 0.628492
163 64 85 170 0.517739
164 64 85 170 0.511903
165 64 85 170 0.609316
166 64 85 170 0.698001
167 64 85 170 0.74863
168 64 85 170 0.790611
169 64 85 170 0.731006
170 64 85 170 0.563999
171 64 85 170 0.33717
172 64 85 170 0.128005
173 64 85 170 0.0437752
174 64 85 170 0.0246571
139 65 85 170 0.0126622
140 65 85 170 0.0120534
141 65 85 170 0.0134794
142 65 85 170 0.0132063
143 65 85 170 0.0135645
144 65 85 170 0.0188193
145 65 85 170 0.0187424
146 65 85 170 0.0254321
147 65 85 170 0.0353576
148 65 85 170 0.0333703
149 65 85 170 0.0316256
150 65 85 170 0.0276484
151 65 85 170 0.0216156
152 65 85 170 0.0208891
153 65 85 170 0.0249307
154 65 85 170 0.025008
155 65 85 170 0.0429571
156 65 85 170 0.113336
157 65 85 170 0.229622
158 65 85 170 0.422152
159 65 85 170 0.577517
160 65 85 170 0.591186
161 65 85 170 0.701853
162 65 85 170 0.739502
163 65 85 170 0.661842
164 65 85 170 0.661211
165 65 85 170 0.716129
166 65 85 170 0.788597
167 65 85 170 0.841893
168 65 85 170 0.84535
169 65 85 170 0.791698
170 65 85 170 0.627007
171 65 85 170 0.373894
172 65 85 170 0.151987
173 65 85 170 0.0515153
174 65 85 170 0.0238608
175 65 85 170 0.0104332
138 66 85 170 0.0104798
139 66 85 170 0.0147163
140 66 85 170 0.0139781
141 66 85 170 0.0155834
142 66 85 170 0.0150767
143 66 85 170 0.0155731
144 66 85 170 0.0222091
145 66 85 170 0.0214908
146 66 85 170 0.0286454
147 66 85 170 0.0402311
148 66 85 170 0.038692
149 66 85 170 0.0397297
150 66 85 170 0.0367346
151 66 85 170 0.0302593
152 66 85 170 0.0326586
153 66 85 170 0.0410455
154 66 85 170 0.0448101
155 66 85 170 0.0745114
156 66 85 170 0.177261
157 66 85 170 0.337567
158 66 85 170 0.532357
159 66 85 170 0.670323
160 66 85 170 0.6984
161 66 85 170 0.778098
162 66 85 170 0.801175
163 66 85 170 0.747774
164 66 85 170 0.747485
165 66 85 170 0.773398
166 66 85 170 0.823726
167 66 85 170 0.866643
168 66 85 170 0.852366
169 66 85 170 0.801225
170 66 85 170 0.644248
171 66 85 170 0.386787
172 66 85 170 0.154552
173 66 85 170 0.050622
174 66 85 170 0.0235903
175 66 85 170 0.0103897
138 67 85 170 0.0134113
139 67 85 170 0.0185485
140 67 85 170 0.0170775
141 67 85 170 0.0188801
142 67 85 170 0.0177736
143 67 85 170 0.0184002
144 67 85 170 0.027815
145 67 85 170 0.0262127
146 67 85 170 0.0353023
147 67 85 170 0.0505444
148 67 85 170 0.0485285
149 67 85 170 0.0543633
150 67 85 170 0.0522074
151 67 85 170 0.0444432
152 67 85 170 0.0546935
153 67 85 170 0.0698847
154 67 85 170 0.0758319
155 67 85 170 0.123808
156 67 85 170 0.275104
157 67 85 170 0.47017
158 67 85 170 0.672689
159 67 85 170 0.813805
160 67 85 170 0.853862
161 67 85 170 0.912215
162 67 85 170 0.918399
163 67 85 170 0.861982
164 67 85 170 0.842744
165 67 85 170 0.861273
166 67 85 170 0.900725
167 67 85 170 0.927787
168 67 85 170 0.905558
169 67 85 170 0.822073
170 67 85 170 0.628728
171 67 85 170 0.354681
172 67 85 170 0.125194
173 67 85 170 0.0371334
174 67 85 170 0.0202267
138 68 85 170 0.0157465
139 68 85 170 0.0210808
140 68 85 170 0.0189832
141 68 85 170 0.0204054
142 68 85 170 0.0186371
143 68 85 170 0.0180224
144 68 85 170 0.0263278
145 68 85 170 0.0245449
146 68 85 170 0.0339467
147 68 85 170 0.0488373
148 68 85 170 0.0467216
149 68 85 170 0.0567245
150 68 85 170 0.0537972
151 68 85 170 0.0448983
152 68 85 170 0.063927
153 68 85 170 0.080565
154 68 85 170 0.0836522
155 68 85 170 0.137173
156 68 85 170 0.303939
157 68 85 170 0.502355
158 68 85 170 0.690272
159 68 85 170 0.81595
160 68 85 170 0.857871
161 68 85 170 0.921437
162 68 85 170 0.927922
163 68 85 170 0.862912
164 68 85 170 0.826273
165 68 85 170 0.830017
166 68 85 170 0.874578
167 68 85 170 0.91038
168 68 85 170 0.868902
169 68 85 170 0.755181
170 68 85 170 0.527493
171 68 85 170 0.253326
172 68 85 170 0.0832024
173 68 85 170 0.0220204
147 69 85 170 0.013429
148 69 85 170 0.0128299
149 69 85 170 0.0160251
150 69 85 170 0.0150899
151 69 85 170 0.0124677
152 69 85 170 0.0186672
153 69 85 170 0.0233954
154 69 85 170 0.0239066
155 69 85 170 0.0392987
156 69 85 170 0.0872513
157 69 85 170 0.143189
158 69 85 170 0.1947
159 69 85 170 0.228521
160 69 85 170 0.240368
161 69 85 170 0.25944
162 69 85 170 0.261691
163 69 85 170 0.242406
164 69 85 170 0.230521
165 69 85 170 0.230043
166 69 85 170 0.243475
167 69 85 170 0.254976
168 69 85 170 0.241204
169 69 85 170 0.206337
170 69 85 170 0.138777
171 69 85 170 0.0613507
172 69 85 170 0.0196286
157 71 85 170 0.0104612
158 71 85 170 0.0142086
159 71 85 170 0.0166641
160 71 85 170 0.0175288
161 71 85 170 0.0189295
162 71 85 170 0.0190971
163 71 85 170 0.0176824
164 71 85 170 0.016803
165 71 85 170 0.0167561
166 71 85 170 0.0177431
167 71 85 170 0.0185934
168 71 85 170 0.0175721
169 71 85 170 0.0150059
170 71 85 170 0.0100495
166 30 64 128 0.0155724
167 30 64 128 0.0146122
162 31 64 128 0.0133976
163 31 64 128 0.0180798
164 31 64 128 0.0321255
165 31 64 128 0.0379725
166 31 64 128 0.068157
167 31 64 128 0.0775432
168 31 64 128 0.0448917
169 31 64 128 0.0243296
170 31 64 128 0.0165577
171 31 64 128 0.0172948
162 32 64 128 0.0142675
163 32 64 128 0.0185146
164 32 64 128 0.0349787
165 32 64 128 0.0352004
166 32 64 128 0.0729835
167 32 64 128 0.0811082
168 32 64 128 0.0564528
169 32 64 128 0.0298929
170 32 64 128 0.0222354
171 32 64 128 0.0209201
172 32 64 128 0.0124546
173 32 64 128 0.0121434
160 33 64 128 0.0108412
161 33 64 128 0.0147901
162 33 64 128 0.0270057
163 33 64 128 0.0341984
164 33 64 128 0.0626983
165 33 64 128 0.0576395
166 33 64 128 0.111742
167 33 64 128 0.130786
168 33 64 128 0.0941156
169 33 64 128 0.054705
170 33 64 128 0.0355833
171 33 64 128 0.0351685
172 33 64 128 0.021084
173 33 64 128 0.0185828
160 34 64 128 0.010454
161 34 64 128 0.0134372
162 34 64 128 0.0229474
163 34 64 128 0.0293402
164 34 64 128 0.0468133
165 34 64 128 0.043542
166 34 64 128 0.0823512
167 34 64 128 0.109509
168 34 64 128 0.078895
169 34 64 128 0.0455635
170 34 64 128 0.0301754
171 34 64 128 0.030821
172 34 64 128 0.0222283
173 34 64 128 0.0222699
159 35 64 128 0.0105253
160 35 64 128 0.0243419
161 35 64 128 0.02587
162 35 64 128 0.0450892
163 35 64 128 0.0483459
164 35 64 128 0.0640301
165 35 64 128 0.0600578
166 35 64 128 0.100759
167 35 64 128 0.11729
168 35 64 128 0.0839084
169 35 64 128 0.0506571
170 35 64 128 0.0292661
171 35 64 128 0.0315587
172 35 64 128 0.0208138
173 35 64 128 0.020205
158 36 64 128 0.0121079
159 36 64 128 0.020118
160 36 64 128 0.0450313
161 36 64 128 0.0468179
162 36 64 128 0.0831988
163 36 64 128 0.073627
164 36 64 128 0.0856583
165 36 64 128 0.0683155
166 36 64 128 0.107918
167 36 64 128 0.111214
168 36 64 128 0.0818555
169 36 64 128 0.0435526
170 36 64 128 0.0226107
171 36 64 128 0.0244627
172 36 64 128 0.0172651
173 36 64 128 0.0176702
158 37 64 128 0.0215485
159 37 64 128 0.0359686
160 37 64 128 0.0808809
161 37 64 128 0.0876624
162 37 64 128 0.132143
163 37 64 128 0.0925533
164 37 64 128 0.0950012
165 37 64 128 0.0622402
166 37 64 128 0.101308
167 37 64 128 0.096308
168 37 64 128 0.0729161
169 37 64 128 0.0338691
170 37 64 128 0.0167521
171 37 64 128 0.0170802
172 37 64 128 0.0106985
173 37 64 128 0.010196
158 38 64 128 0.0206988
159 38 64 128 0.0355287
160 38 64 128 0.0825005
161 38 64 128 0.0855784
162 38 64 128 0.120134
163 38 64 128 0.0749952
164 38 64 128 0.0712614
165 38 64 128 0.050001
166 38 64 128 0.0733007
167 38 64 128 0.0716554
168 38 64 128 0.0568084
169 38 64 128 0.0327293
170 38 64 128 0.0132405
171 38 64 128 0.0140903
158 39 64 128 0.0273346
159 39 64 128 0.046593
160 39 64 128 0.0915092
161 39 64 128 0.0978874
162 39 64 128 0.12686
163 39 64 128 0.0789913
164 39 64 128 0.0631825
165 39 64 128 0.0438958
166 39 64 128 0.0694414
167 39 64 128 0.0596328
168 39 64 128 0.0420112
169 39 64 128 0.0207241
158 40 64 128 0.0199997
159 40 64 128 0.0381774
160 40 64 128 0.0721283
161 40 64 128 0.082083
162 40 64 128 0.0998715
163 40 64 128 0.0701944
164 40 64 128 0.0506637
165 40 64 128 0.0349256
166 40 64 128 0.0499502
167 40 64 128 0.043727
168 40 64 128 0.0315461
169 40 64 128 0.017095
158 41 64 128 0.0215514
159 41 64 128 0.0420961
160 41 64 128 0.0768751
161 41 64 128 0.078923
162 41 64 128 0.0976272
163 41 64 128 0.0548914
164 41 64 128 0.0396058
165 41 64 128 0.0222046
166 41 64 128 0.0325193
167 41 64 128 0.0234474
168 41 64 128 0.0170642
158 42 64 128 0.0230723
159 42 64 128 0.042104
160 42 64 128 0.0675394
161 42 64 128 0.0781727
162 42 64 128 0.094617
163 42 64 128 0.05354
164 42 64 128 0.0371848
165 42 64 128 0.0235982
166 42 64 128 0.0314152
167 42 64 128 0.0226025
168 42 64 128 0.0182793
169 42 64 128 0.010507
157 43 64 128 0.0119107
158 43 64 128 0.0308071
159 43 64 128 0.0542779
160 43 64 128 0.0708102
161 43 64 128 0.0860919
162 43 64 128 0.104167
163 43 64 128 0.0546743
164 43 64 128 0.0358707
165 43 64 128 0.0222248
166 43 64 128 0.0297702
167 43 64 128 0.0183467
168 43 64 128 0.01501
157 44 64 128 0.0167579
158 44 64 128 0.0379385
159 44 64 128 0.0729018
160 44 64 128 0.0939764
161 44 64 128 0.121869
162 44 64 128 0.143081
163 44 64 128 0.0907617
164 44 64 128 0.0555998
165 44 64 128 0.0366072
166 44 64 128 0.046944
167 44 64 128 0.0343465
168 44 64 128 0.0281155
169 44 64 128 0.0136197
155 45 64 128 0.0110229
156 45 64 128 0.014431
157 45 64 128 0.0269389
158 45 64 128 0.0569961
159 45 64 128 0.0988328
160 45 64 128 0.131225
161 45 64 128 0.171675
162 45 64 128 0.189091
163 45 64 128 0.116242
164 45 64 128 0.0760885
165 45 64 128 0.0482422
166 45 64 128 0.0587087
167 45 64 128 0.0399596
168 45 64 128 0.0320905
169 45 64 128 0.0157383
155 46 64 128 0.010341
156 46 64 128 0.0123924
157 46 64 128 0.0257939
158 46 64 128 0.0488555
159 46 64 128 0.0887664
160 46 64 128 0.116754
161 46 64 128 0.175867
162 46 64 128 0.207724
163 46 64 128 0.136009
164 46 64 128 0.086916
165 46 64 128 0.0681579
166 46 64 128 0.0819901
167 46 64 128 0.0643276
168 46 64 128 0.0559222
169 46 64 128 0.0329153
170 46 64 128 0.0109761
154 47 64 128 0.0107183
155 47 64 128 0.0141068
156 47 64 128 0.0171761
157 47 64 128 0.0331618
158 47 64 128 0.0560546
159 47 64 128 0.0948808
160 47 64 128 0.120012
161 47 64 128 0.173381
162 47 64 128 0.203051
163 47 64 128 0.129519
164 47 64 128 0.0926834
165 47 64 128 0.0766479
166 47 64 128 0.0876569
167 47 64 128 0.0698333
168 47 64 128 0.0620683
169 47 64 128 0.0332747
170 47 64 128 0.010623
154 48 64 128 0.0115105
155 48 64 128 0.0174024
156 48 64 128 0.0199813
157 48 64 128 0.0380663
158 48 64 128 0.0555701
159 48 64 128 0.103301
160 48 64 128 0.123272
161 48 64 128 0.163085
162 48 64 128 0.169319
163 48 64 128 0.12192
164 48 64 128 0.0946745
165 48 64 128 0.081038
166 48 64 128 0.0959257
167 48 64 128 0.0861983
168 48 64 128 0.08574
169 48 64 128 0.0507365
170 48 64 128 0.0168637
154 49 64 128 0.0142373
155 49 64 128 0.0217009
156 49 64 128 0.0246527
157 49 64 128 0.0461937
158 49 64 128 0.0639364
159 49 64 128 0.113081
160 49 64 128 0.131143
161 49 64 128 0.150685
162 49 64 128 0.153382
163 49 64 128 0.113323
164 49 64 128 0.0819013
165 49 64 128 0.0695964
166 49 64 128 0.0809785
167 49 64 128 0.0668772
168 49 64 128 0.0643314
169 49 64 128 0.0400296
170 49 64 128 0.0148988
175 49 64 128 0.0105402
154 50 64 128 0.0124879
155 50 64 128 0.0175906
156 50 64 128 0.0186416
157 50 64 128 0.0363176
158 50 64 128 0.0503507
159 50 64 128 0.0974282
160 50 64 128 0.109297
161 50 64 128 0.113524
162 50 64 128 0.127172
163 50 64 128 0.111434
164 50 64 128 0.0759641
165 50 64 128 0.0720111
166 50 64 128 0.0848489
167 50 64 128 0.0863794
168 50 64 128 0.0740238
169 50 64 128 0.0519593
170 50 64 128 0.0196367
174 50 64 128 0.0101534
175 50 64 128 0.0258647
176 50 64 128 0.0154691
177 50 64 128 0.01165
154 51 64 128 0.0112896
155 51 64 128 0.0155168
156 51 64 128 0.0146432
157 51 64 128 0.0264466
158 51 64 128 0.0342423
159 51 64 128 0.0662898
160 51 64 128 0.0802098
161 51 64 128 0.0902328
162 51 64 128 0.111052
163 51 64 128 0.0768964
164 51 64 128 0.0599668
165 51 64 128 0.0522453
166 51 64 128 0.0704022
167 51 64 128 0.0576575
168 51 64 128 0.0536715
169 51 64 128 0.0338509
170 51 64 128 0.013517
175 51 64 128 0.0208446
176 51 64 128 0.0140465
177 51 64 128 0.0109661
155 52 64 128 0.0122868
156 52 64 128 0.0116256
157 52 64 128 0.0193653
158 52 64 128 0.025576
159 52 64 128 0.0516577
160 52 64 128 0.0635768
161 52 64 128 0.0773091
162 52 64 128 0.0825942
163 52 64 128 0.067898
164 52 64 128 0.0477841
165 52 64 128 0.0515043
166 52 64 128 0.0652775
167 52 64 128 0.0649898
168 52 64 128 0.062928
169 52 64 128 0.0398461
170 52 64 128 0.0205257
173 52 64 128 0.0100703
174 52 64 128 0.0143463
175 52 64 128 0.0355153
176 52 64 128 0.0336908
177 52 64 128 0.0259132
178 52 64 128 0.0172749
179 52 64 128 0.0132333
155 53 64 128 0.0114381
156 53 64 128 0.0100728
157 53 64 128 0.0160442
158 53 64 128 0.0199056
159 53 64 128 0.0394663
160 53 64 128 0.0468968
161 53 64 128 0.0522878
162 53 64 128 0.0595315
163 53 64 128 0.0420391
164 53 64 128 0.0281658
165 53 64 128 0.0323268
166 53 64 128 0.0498755
167 53 64 128 0.04393
168 53 64 128 0.042199
169 53 64 128 0.0284394
170 53 64 128 0.0180713
174 53 64 128 0.0112679
175 53 64 128 0.032777
176 53 64 128 0.0313602
177 53 64 128 0.0250537
178 53 64 128 0.0181786
179 53 64 128 0.0158618
155 54 64 128 0.0115258
156 54 64 128 0.0102861
157 54 64 128 0.0156913
158 54 64 128 0.0187434
159 54 64 128 0.0435836
160 54 64 128 0.0510612
161 54 64 128 0.0532458
162 54 64 128 0.0543192
163 54 64 128 0.0455933
164 54 64 128 0.0308119
165 54 64 128 0.0368372
166 54 64 128 0.0503393
167 54 64 128 0.0509538
168 54 64 128 0.0453659
169 54 64 128 0.0332565
170 54 64 128 0.020826
174 54 64 128 0.0169817
175 54 64 128 0.0509026
176 54 64 128 0.0517786
177 54 64 128 0.0436698
178 54 64 128 0.0369476
179 54 64 128 0.0367089
180 54 64 128 0.017729
155 55 64 128 0.0106071
157 55 64 128 0.0149512
158 55 64 128 0.0159736
159 55 64 128 0.0387249
160 55 64 128 0.0461621
161 55 64 128 0.045781
162 55 64 128 0.0457756
163 55 64 128 0.0418947
164 55 64 128 0.0272448
165 55 64 128 0.0317656
166 55 64 128 0.0492926
167 55 64 128 0.0430643
168 55 64 128 0.041703
169 55 64 128 0.0294874
170 55 64 128 0.0197335
174 55 64 128 0.0128605
175 55 64 128 0.0333367
176 55 64 128 0.0387734
177 55 64 128 0.0388935
178 55 64 128 0.0312924
179 55 64 128 0.0350971
180 55 64 128 0.020013
155 56 64 128 0.0110245
156 56 64 128 0.01012
157 56 64 128 0.014491
158 56 64 128 0.0168071
159 56 64 128 0.0389146
160 56 64 128 0.0468713
161 56 64 128 0.0465554
162 56 64 128 0.0399723
163 56 64 128 0.0374112
164 56 64 128 0.023797
165 56 64 128 0.032207
166 56 64 128 0.050431
167 56 64 128 0.0540124
168 56 64 128 0.0438375
169 56 64 128 0.0317984
170 56 64 128 0.0199564
174 56 64 128 0.0140353
175 56 64 128 0.0381522
176 56 64 128 0.0484112
177 56 64 128 0.0519448
178 56 64 128 0.0433256
179 56 64 128 0.0498466
180 56 64 128 0.0273169
181 56 64 128 0.0109194
155 57 64 128 0.0120496
156 57 64 128 0.0125179
157 57 64 128 0.0161931
158 57 64 128 0.0214106
159 57 64 128 0.0426238
160 57 64 128 0.058557
161 57 64 128 0.0507577
162 57 64 128 0.0440669
163 57 64 128 0.0406864
164 57 64 128 0.0237606
165 57 64 128 0.0332169
166 57 64 128 0.0552628
167 57 64 128 0.063132
168 57 64 128 0.049817
169 57 64 128 0.0357338
170 57 64 128 0.0244893
174 57 64 128 0.0132132
175 57 64 128 0.0324832
176 57 64 128 0.0478392
177 57 64 128 0.045456
178 57 64 128 0.0404906
179 57 64 128 0.0456265
180 57 64 128 0.0276942
181 57 64 128 0.0121351
157 58 64 128 0.0124711
158 58 64 128 0.0172797
159 58 64 128 0.0397489
160 58 64 128 0.0574778
161 58 64 128 0.0572632
162 58 64 128 0.0502073
163 58 64 128 0.0516753
164 58 64 128 0.0299604
165 58 64 128 0.045086
166 58 64 128 0.0756588
167 58 64 128 0.0981311
168 58 64 128 0.0725258
169 58 64 128 0.0578906
170 58 64 128 0.0360874
171 58 64 128 0.0137527
174 58 64 128 0.0176102
175 58 64 128 0.0478955
176 58 64 128 0.0655975
177 58 64 128 0.0677338
178 58 64 128 0.0593886
179 58 64 128 0.0720075
180 58 64 128 0.0474331
181 58 64 128 0.024659
157 59 64 128 0.0101318
158 59 64 128 0.014264
159 59 64 128 0.0363888
160 59 64 128 0.0611956
161 59 64 128 0.0587339
162 59 64 128 0.0553073
163 59 64 128 0.0572905
164 59 64 128 0.0399816
165 59 64 128 0.0547755
166 59 64 128 0.11099
167 59 64 128 0.125986
168 59 64 128 0.119874
169 59 64 128 0.0796925
170 59 64 128 0.0519532
171 59 64 128 0.018067
172 59 64 128 0.0110338
174 59 64 128 0.0195763
175 59 64 128 0.0398298
176 59 64 128 0.0684107
177 59 64 128 0.058106
178 59 64 128 0.057553
179 59 64 128 0.0657015
180 59 64 128 0.0570313
181 59 64 128 0.0268356
182 59 64 128 0.0134831
158 60 64 128 0.0127245
159 60 64 128 0.0328566
160 60 64 128 0.0550628
161 60 64 128 0.0649965
162 60 64 128 0.0606615
163 60 64 128 0.0663221
164 60 64 128 0.0553031
165 60 64 128 0.0746329
166 60 64 128 0.144634
167 60 64 128 0.177778
168 60 64 128 0.180382
169 60 64 128 0.124059
170 60 64 128 0.0832772
171 60 64 128 0.0286223
172 60 64 128 0.0162034
173 60 64 128 0.0135932
174 60 64 128 0.0296079
175 60 64 128 0.0624036
176 60 64 128 0.0886778
177 60 64 128 0.0782283
178 60 64 128 0.067186
179 60 64 128 0.078432
180 60 64 128 0.0664352
181 60 64 128 0.0462001
182 60 64 128 0.0274461
158 61 64 128 0.0121481
159 61 64 128 0.029995
160 61 64 128 0.0556257
161 61 64 128 0.0612237
162 61 64 128 0.0571184
163 61 64 128 0.0630913
164 61 64 128 0.0485978
165 61 64 128 0.0648069
166 61 64 128 0.124384
167 61 64 128 0.157533
168 61 64 128 0.169301
169 61 64 128 0.11778
170 61 64 128 0.0754529
171 61 64 128 0.0267637
172 61 64 128 0.0145387
174 61 64 128 0.0259458
175 61 64 128 0.0524905
176 61 64 128 0.0838915
177 61 64 128 0.061111
178 61 64 128 0.0586226
179 61 64 128 0.0592746
180 61 64 128 0.0522303
181 61 64 128 0.0365046
182 61 64 128 0.0295129
159 62 64 128 0.0259496
160 62 64 128 0.0518978
161 62 64 128 0.0608683
162 62 64 128 0.0611332
163 62 64 128 0.0709116
164 62 64 128 0.0569067
165 62 64 128 0.075137
166 62 64 128 0.133076
167 62 64 128 0.20619
168 62 64 128 0.22432
169 62 64 128 0.166576
170 62 64 128 0.108851
171 62 64 128 0.0389552
172 62 64 128 0.0197824
173 62 64 128 0.0142836
174 62 64 128 0.03782
175 62 64 128 0.0817121
176 62 64 128 0.120929
177 62 64 128 0.0912861
178 62 64 128 0.0737051
179 62 64 128 0.0775735
180 62 64 128 0.0655454
181 62 64 128 0.0543968
182 62 64 128 0.0439111
183 62 64 128 0.0128935
159 63 64 128 0.0239456
160 63 64 128 0.0530393
161 63 64 128 0.059074
162 63 64 128 0.0631673
163 63 64 128 0.0796165
164 63 64 128 0.0622874
165 63 64 128 0.0796047
166 63 64 128 0.123646
167 63 64 128 0.173864
168 63 64 128 0.193855
169 63 64 128 0.134078
170 63 64 128 0.0957946
171 63 64 128 0.0302623
172 63 64 128 0.0175085
174 63 64 128 0.0252289
175 63 64 128 0.0524664
176 63 64 128 0.0897603
177 63 64 128 0.0639531
178 63 64 128 0.051614
179 63 64 128 0.0528075
180 63 64 128 0.0492439
181 63 64 128 0.0388622
182 63 64 128 0.0393997
183 63 64 128 0.0115651
159 64 64 128 0.0208684
160 64 64 128 0.0462859
161 64 64 128 0.058357
162 64 64 128 0.0653149
163 64 64 128 0.075592
164 64 64 128 0.0658641
165 64 64 128 0.0768327
166 64 64 128 0.125497
167 64 64 128 0.166512
168 64 64 128 0.18773
169 64 64 128 0.131971
170 64 64 128 0.0971583
171 64 64 128 0.0352407
172 64 64 128 0.0214504
173 64 64 128 0.0136177
174 64 64 128 0.0299688
175 64 64 128 0.0528416
176 64 64 128 0.0998647
177 64 64 128 0.0728874
178 64 64 128 0.0588139
179 64 64 128 0.0494396
180 64 64 128 0.0465877
181 64 64 128 0.0512045
182 64 64 128 0.0495342
183 64 64 128 0.0163372
159 65 64 128 0.0220666
160 65 64 128 0.0463211
161 65 64 128 0.054889
162 65 64 128 0.0633537
163 65 64 128 0.0681777
164 65 64 128 0.0548184
165 65 64 128 0.0592833
166 65 64 128 0.098451
167 65 64 128 0.122917
168 65 64 128 0.141188
169 65 64 128 0.0912999
170 65 64 128 0.0749146
171 65 64 128 0.0216059
172 65 64 128 0.0166924
174 65 64 128 0.0239571
175 65 64 128 0.0397564
176 65 64 128 0.0840257
177 65 64 128 0.0582935
178 65 64 128 0.0479603
179 65 64 128 0.0387674
180 65 64 128 0.0375309
181 65 64 128 0.0413645
182 65 64 128 0.0434698
183 65 64 128 0.0158861
159 66 64 128 0.0207434
160 66 64 128 0.0467656
161 66 64 128 0.0562656
162 66 64 128 0.0645621
163 66 64 128 0.0806472
164 66 64 128 0.0608806
165 66 64 128 0.0589259
166 66 64 128 0.0928955
167 66 64 128 0.117804
168 66 64 128 0.132261
169 66 64 128 0.0892654
170 66 64 128 0.0711878
171 66 64 128 0.0248205
172 66 64 128 0.0190931
173 66 64 128 0.0127779
174 66 64 128 0.0319586
175 66 64 128 0.0567894
176 66 64 128 0.10648
177 66 64 128 0.0721859
178 66 64 128 0.0594148
179 66 64 128 0.0445975
180 66 64 128 0.0461108
181 66 64 128 0.0528997
182 66 64 128 0.0620984
183 66 64 128 0.0231399
159 67 64 128 0.0228409
160 67 64 128 0.049643
161 67 64 128 0.0566205
162 67 64 128 0.0611853
163 67 64 128 0.0755919
164 67 64 128 0.0544471
165 67 64 128 0.0480713
166 67 64 128 0.0737851
167 67 64 128 0.0902601
168 67 64 128 0.10508
169 67 64 128 0.0715681
170 67 64 128 0.0593326
171 67 64 128 0.0235869
172 67 64 128 0.016784
173 67 64 128 0.0101237
174 67 64 128 0.0228769
175 67 64 128 0.0436808
176 67 64 128 0.0750889
177 67 64 128 0.0517969
178 67 64 128 0.0403106
179 67 64 128 0.0313162
180 67 64 128 0.0321161
181 67 64 128 0.0365748
182 67 64 128 0.0510995
183 67 64 128 0.0212015
159 68 64 128 0.0231763
160 68 64 128 0.0486962
161 68 64 128 0.0520587
162 68 64 128 0.0636204
163 68 64 128 0.0691562
164 68 64 128 0.0514153
165 68 64 128 0.0391928
166 68 64 128 0.0689922
167 68 64 128 0.0851895
168 68 64 128 0.11824
169 68 64 128 0.0791401
170 68 64 128 0.0654773
171 68 64 128 0.0276543
172 68 64 128 0.0215824
173 68 64 128 0.0126804
174 68 64 128 0.0254273
175 68 64 128 0.0445308
176 68 64 128 0.076749
177 68 64 128 0.0524435
178 68 64 128 0.0422081
179 68 64 128 0.0288764
180 68 64 128 0.0341973
181 68 64 128 0.0400594
182 68 64 128 0.0562187
183 68 64 128 0.0280063
184 68 64 128 0.0108076
159 69 64 128 0.026842
160 69 64 128 0.0531275
161 69 64 128 0.0541091
162 69 64 128 0.0601199
163 69 64 128 0.0600638
164 69 64 128 0.0434389
165 69 64 128 0.0292753
166 69 64 128 0.0504673
167 69 64 128 0.0639846
168 69 64 128 0.0885977
169 69 64 128 0.0543694
170 69 64 128 0.0565356
171 69 64 128 0.0215032
172 69 64 128 0.0200416
173 69 64 128 0.0113594
174 69 64 128 0.0238924
175 69 64 128 0.039418
176 69 64 128 0.0688992
177 69 64 128 0.0524334
178 69 64 128 0.0413224
179 69 64 128 0.0279268
180 69 64 128 0.0303014
181 69 64 128 0.0364906
182 69 64 128 0.053951
183 69 64 128 0.0295074
184 69 64 128 0.0126353
158 70 64 128 0.0131828
159 70 64 128 0.0305026
160 70 64 128 0.0586245
161 70 64 128 0.0548548
162 70 64 128 0.0546728
163 70 64 128 0.0589849
164 70 64 128 0.0408995
165 70 64 128 0.0285771
166 70 64 128 0.0405703
167 70 64 128 0.0582106
168 70 64 128 0.0861785
169 70 64 128 0.0564538
170 70 64 128 0.05653
171 70 64 128 0.0269305
172 70 64 128 0.0242167
173 70 64 128 0.0148598
174 70 64 128 0.0304396
175 70 64 128 0.0566596
176 70 64 128 0.0901707
177 70 64 128 0.0714386
178 70 64 128 0.0580992
179 70 64 128 0.0365094
180 70 64 128 0.0439847
181 70 64 128 0.0516942
182 70 64 128 0.0814824
183 70 64 128 0.0473514
184 70 64 128 0.0214702
157 71 64 128 0.0113817
158 71 64 128 0.0258002
159 71 64 128 0.0522545
160 71 64 128 0.0805522
161 71 64 128 0.0799167
162 71 64 128 0.0750566
163 71 64 128 0.0704623
164 71 64 128 0.0445959
165 71 64 128 0.0304737
166 71 64 128 0.039722
167 71 64 128 0.0549405
168 71 64 128 0.0824355
169 71 64 128 0.0583945
170 71 64 128 0.0596482
171 71 64 128 0.0283841
172 71 64 128 0.0256707
173 71 64 128 0.0183646
174 71 64 128 0.0351669
175 71 64 128 0.0624129
176 71 64 128 0.0982462
177 71 64 128 0.0945988
178 71 64 128 0.0776815
179 71 64 128 0.0528856
180 71 64 128 0.0582526
181 71 64 128 0.0859548
182 71 64 128 0.122401
183 71 64 128 0.0838488
184 71 64 128 0.0409679
185 71 64 128 0.017651
232 71 64 128 0.0112363
233 71 64 128 0.010867
155 72 64 128 0.013121
156 72 64 128 0.0185635
157 72 64 128 0.0194128
158 72 64 128 0.0442429
159 72 64 128 0.0827154
160 72 64 128 0.118201
161 72 64 128 0.107748
162 72 64 128 0.108543
163 72 64 128 0.0978899
164 72 64 128 0.0611471
165 72 64 128 0.0412131
166 72 64 128 0.053577
167 72 64 128 0.0660492
168 72 64 128 0.119786
169 72 64 128 0.0759098
170 72 64 128 0.0758197
171 72 64 128 0.0379299
172 72 64 128 0.0354086
173 72 64 128 0.0246881
174 72 64 128 0.0500865
175 72 64 128 0.0854939
176 72 64 128 0.127475
177 72 64 128 0.117753
178 72 64 128 0.114487
179 72 64 128 0.0825243
180 72 64 128 0.0848742
181 72 64 128 0.106546
182 72 64 128 0.158469
183 72 64 128 0.0959576
184 72 64 128 0.0519317
185 72 64 128 0.0204329
219 72 64 128 0.010327
220 72 64 128 0.011957
230 72 64 128 0.0116006
232 72 64 128 0.0188019
233 72 64 128 0.0148285
234 72 64 128 0.0102771
153 73 64 128 0.0130461
154 73 64 128 0.0275722
155 73 64 128 0.0459493
156 73 64 128 0.0591501
157 73 64 128 0.0588464
158 73 64 128 0.102988
159 73 64 128 0.170956
160 73 64 128 0.21322
161 73 64 128 0.192424
162 73 64 128 0.168911
163 73 64 128 0.142162
164 73 64 128 0.0845861
165 73 64 128 0.0454801
166 73 64 128 0.0595939
167 73 64 128 0.0744746
168 73 64 128 0.140134
169 73 64 128 0.0946859
170 73 64 128 0.0942404
171 73 64 128 0.0457767
172 73 64 128 0.0372116
173 73 64 128 0.0319506
174 73 64 128 0.0581414
175 73 64 128 0.117047
176 73 64 128 0.154225
177 73 64 128 0.169454
178 73 64 128 0.14168
179 73 64 128 0.113915
180 73 64 128 0.107234
181 73 64 128 0.140226
182 73 64 128 0.195208
183 73 64 128 0.156621
184 73 64 128 0.0795811
185 73 64 128 0.0383552
186 73 64 128 0.0114631
218 73 64 128 0.0140917
219 73 64 128 0.0283675
220 73 64 128 0.0337718
221 73 64 128 0.0171713
222 73 64 128 0.0170438
223 73 64 128 0.0100633
228 73 64 128 0.0113874
229 73 64 128 0.0157412
230 73 64 128 0.0312791
231 73 64 128 0.0251539
232 73 64 128 0.0403825
233 73 64 128 0.0327947
234 73 64 128 0.0228871
235 73 64 128 0.0102369
152 74 64 128 0.0168003
153 74 64 128 0.0340291
154 74 64 128 0.0651127
155 74 64 128 0.105552
156 74 64 128 0.124925
157 74 64 128 0.114458
158 74 64 128 0.177588
159 74 64 128 0.246997
160 74 64 128 0.287136
161 74 64 128 0.222819
162 74 64 128 0.213105
163 74 64 128 0.17014
164 74 64 128 0.109452
165 74 64 128 0.0541501
166 74 64 128 0.0625583
167 74 64 128 0.0765727
168 74 64 128 0.149262
169 74 64 128 0.106765
170 74 64 128 0.103565
171 74 64 128 0.0553918
172 74 64 128 0.0433857
173 74 64 128 0.0396967
174 74 64 128 0.0789188
175 74 64 128 0.142373
176 74 64 128 0.198505
177 74 64 128 0.212529
178 74 64 128 0.197197
179 74 64 128 0.145035
180 74 64 128 0.136681
181 74 64 128 0.162015
182 74 64 128 0.226652
183 74 64 128 0.172932
184 74 64 128 0.0879044
185 74 64 128 0.0405161
186 74 64 128 0.0123708
216 74 64 128 0.0112057
217 74 64 128 0.0141516
218 74 64 128 0.0207373
219 74 64 128 0.0405998
220 74 64 128 0.0505829
221 74 64 128 0.023502
222 74 64 128 0.0217284
223 74 64 128 0.0129197
224 74 64 128 0.0116788
229 74 64 128 0.015733
230 74 64 128 0.030338
231 74 64 128 0.0246869
232 74 64 128 0.0335816
233 74 64 128 0.0283328
234 74 64 128 0.0189407
146 75 64 128 0.0116172
147 75 64 128 0.0143524
148 75 64 128 0.0130885
150 75 64 128 0.0105756
151 75 64 128 0.0176584
152 75 64 128 0.0333768
153 75 64 128 0.0645238
154 75 64 128 0.128538
155 75 64 128 0.180663
156 75 64 128 0.184383
157 75 64 128 0.175047
158 75 64 128 0.230849
159 75 64 128 0.321207
160 75 64 128 0.2954
161 75 64 128 0.25174
162 75 64 128 0.235212
163 75 64 128 0.181715
164 75 64 128 0.113317
165 75 64 128 0.0656675
166 75 64 128 0.064832
167 75 64 128 0.0709409
168 75 64 128 0.136184
169 75 64 128 0.104604
170 75 64 128 0.0972712
171 75 64 128 0.0546932
172 75 64 128 0.0388871
173 75 64 128 0.041255
174 75 64 128 0.0744513
175 75 64 128 0.159863
176 75 64 128 0.207347
177 75 64 128 0.24623
178 75 64 128 0.229365
179 75 64 128 0.192811
180 75 64 128 0.177646
181 75 64 128 0.220236
182 75 64 128 0.26844
183 75 64 128 0.23397
184 75 64 128 0.125256
185 75 64 128 0.0611532
186 75 64 128 0.0186624
215 75 64 128 0.011181
216 75 64 128 0.0240423
217 75 64 128 0.0319206
218 75 64 128 0.0427812
219 75 64 128 0.089798
220 75 64 128 0.114042
221 75 64 128 0.0582481
222 75 64 128 0.0491293
223 75 64 128 0.0248304
224 75 64 128 0.0196156
228 75 64 128 0.0127431
229 75 64 128 0.0207759
230 75 64 128 0.0447777
231 75 64 128 0.0312218
232 75 64 128 0.0436234
233 75 64 128 0.0339401
234 75 64 128 0.0238931
235 75 64 128 0.0106332
146 76 64 128 0.0122239
147 76 64 128 0.0169966
148 76 64 128 0.0136333
150 76 64 128 0.0110675
151 76 64 128 0.0184008
152 76 64 128 0.0366642
153 76 64 128 0.072377
154 76 64 128 0.148232
155 76 64 128 0.203243
156 76 64 128 0.21298
157 76 64 128 0.206676
158 76 64 128 0.270642
159 76 64 128 0.319271
160 76 64 128 0.296132
161 76 64 128 0.256595
162 76 64 128 0.238611
163 76 64 128 0.183241
164 76 64 128 0.113937
165 76 64 128 0.0631126
166 76 64 128 0.0639967
167 76 64 128 0.0623306
168 76 64 128 0.131093
169 76 64 128 0.120282
170 76 64 128 0.123734
171 76 64 128 0.0667454
172 76 64 128 0.0563424
173 76 64 128 0.0561676
174 76 64 128 0.11932
175 76 64 128 0.200667
176 76 64 128 0.276663
177 76 64 128 0.317072
178 76 64 128 0.313548
179 76 64 128 0.274259
180 76 64 128 0.22071
181 76 64 128 0.264395
182 76 64 128 0.286204
183 76 64 128 0.249302
184 76 64 128 0.145086
185 76 64 128 0.0614888
186 76 64 128 0.0193335
215 76 64 128 0.016124
216 76 64 128 0.0369449
217 76 64 128 0.0448309
218 76 64 128 0.0634762
219 76 64 128 0.111382
220 76 64 128 0.125084
221 76 64 128 0.0673833
222 76 64 128 0.0574657
223 76 64 128 0.02319
224 76 64 128 0.0136473
229 76 64 128 0.0121139
230 76 64 128 0.0229124
231 76 64 128 0.0173384
232 76 64 128 0.0200607
233 76 64 128 0.0135799
234 76 64 128 0.0104836
145 77 64 128 0.010421
146 77 64 128 0.0167435
147 77 64 128 0.0221813
148 77 64 128 0.019388
149 77 64 128 0.0135759
150 77 64 128 0.0151492
151 77 64 128 0.0233213
152 77 64 128 0.0430275
153 77 64 128 0.0809726
154 77 64 128 0.173052
155 77 64 128 0.223118
156 77 64 128 0.248166
157 77 64 128 0.250533
158 77 64 128 0.306969
159 77 64 128 0.358806
160 77 64 128 0.302226
161 77 64 128 0.269069
162 77 64 128 0.231045
163 77 64 128 0.181953
164 77 64 128 0.10469
165 77 64 128 0.0536167
166 77 64 128 0.0513567
167 77 64 128 0.0511773
168 77 64 128 0.109664
169 77 64 128 0.0996082
170 77 64 128 0.104066
171 77 64 128 0.0591953
172 77 64 128 0.0522474
173 77 64 128 0.0512559
174 77 64 128 0.112041
175 77 64 128 0.203841
176 77 64 128 0.264627
177 77 64 128 0.320085
178 77 64 128 0.285827
179 77 64 128 0.256035
180 77 64 128 0.184749
181 77 64 128 0.22518
182 77 64 128 0.215708
183 77 64 128 0.212645
184 77 64 128 0.1028
185 77 64 128 0.0464424
186 77 64 128 0.0143015
215 77 64 128 0.0130099
216 77 64 128 0.0307906
217 77 64 128 0.0446896
218 77 64 128 0.0690926
219 77 64 128 0.135507
220 77 64 128 0.137317
221 77 64 128 0.0984257
222 77 64 128 0.078324
223 77 64 128 0.037103
224 77 64 128 0.0187508
228 77 64 128 0.010144
229 77 64 128 0.0160294
230 77 64 128 0.0300449
231 77 64 128 0.0200952
232 77 64 128 0.020335
233 77 64 128 0.0133417
234 77 64 128 0.0103758
146 78 64 128 0.012028
147 78 64 128 0.0163856
148 78 64 128 0.0142374
149 78 64 128 0.0102348
150 78 64 128 0.0118068
151 78 64 128 0.0177745
152 78 64 128 0.0346225
153 78 64 128 0.0686227
154 78 64 128 0.143301
155 78 64 128 0.206728
156 78 64 128 0.239925
157 78 64 128 0.257155
158 78 64 128 0.323178
159 78 64 128 0.371124
160 78 64 128 0.292274
161 78 64 128 0.243689
162 78 64 128 0.188656
163 78 64 128 0.157444
164 78 64 128 0.0935882
165 78 64 128 0.0499953
166 78 64 128 0.0429777
167 78 64 128 0.0485017
168 78 64 128 0.100731
169 78 64 128 0.107792
170 78 64 128 0.107077
171 78 64 128 0.0644836
172 78 64 128 0.0615203
173 78 64 128 0.0675962
174 78 64 128 0.148975
175 78 64 128 0.267074
176 78 64 128 0.349958
177 78 64 128 0.407604
178 78 64 128 0.390929
179 78 64 128 0.322175
180 78 64 128 0.217243
181 78 64 128 0.242819
182 78 64 128 0.212855
183 78 64 128 0.198902
184 78 64 128 0.088517
185 78 64 128 0.0373617
186 78 64 128 0.0126613
216 78 64 128 0.0198606
217 78 64 128 0.0330809
218 78 64 128 0.0438157
219 78 64 128 0.0884032
220 78 64 128 0.094112
221 78 64 128 0.0600038
222 78 64 128 0.0422936
223 78 64 128 0.0212984
224 78 64 128 0.0112992
229 78 64 128 0.0102945
230 78 64 128 0.018185
231 78 64 128 0.0135733
232 78 64 128 0.0110503
146 79 64 128 0.0136758
147 79 64 128 0.017805
148 79 64 128 0.015858
149 79 64 128 0.0115693
150 79 64 128 0.0126529
151 79 64 128 0.0175831
152 79 64 128 0.0345238
153 79 64 128 0.0639265
154 79 64 128 0.13023
155 79 64 128 0.195943
156 79 64 128 0.219656
157 79 64 128 0.252671
158 79 64 128 0.331228
159 79 64 128 0.402786
160 79 64 128 0.291151
161 79 64 128 0.274762
162 79 64 128 0.203244
163 79 64 128 0.166182
164 79 64 128 0.0969188
165 79 64 128 0.0522554
166 79 64 128 0.0434286
167 79 64 128 0.0460743
168 79 64 128 0.094044
169 79 64 128 0.107363
170 79 64 128 0.105995
171 79 64 128 0.0649112
172 79 64 128 0.0619311
173 79 64 128 0.0665271
174 79 64 128 0.144656
175 79 64 128 0.257516
176 79 64 128 0.352498
177 79 64 128 0.412892
178 79 64 128 0.378953
179 79 64 128 0.307053
180 79 64 128 0.190913
181 79 64 128 0.191932
182 79 64 128 0.151661
183 79 64 128 0.134292
184 79 64 128 0.056677
185 79 64 128 0.0252832
216 79 64 128 0.018387
217 79 64 128 0.0320195
218 79 64 128 0.0495414
219 79 64 128 0.0984807
220 79 64 128 0.116644
221 79 64 128 0.0729901
222 79 64 128 0.0525389
223 79 64 128 0.0231998
224 79 64 128 0.0128815
229 79 64 128 0.0100143
230 79 64 128 0.0187654
231 79 64 128 0.0131151
147 80 64 128 0.0106544
151 80 64 128 0.01245
152 80 64 128 0.0254978
153 80 64 128 0.0524578
154 80 64 128 0.11953
155 80 64 128 0.204313
156 80 64 128 0.246868
157 80 64 128 0.294642
158 80 64 128 0.384383
159 80 64 128 0.459855
160 80 64 128 0.335921
161 80 64 128 0.314778
162 80 64 128 0.212288
163 80 64 128 0.194049
164 80 64 128 0.119925
165 80 64 128 0.0629841
166 80 64 128 0.0473754
167 80 64 128 0.0487542
168 80 64 128 0.0966767
169 80 64 128 0.125418
170 80 64 128 0.121008
171 80 64 128 0.0762265
172 80 64 128 0.0784325
173 80 64 128 0.0745807
174 80 64 128 0.165446
175 80 64 128 0.271797
176 80 64 128 0.391405
177 80 64 128 0.41337
178 80 64 128 0.404993
179 80 64 128 0.325761
180 80 64 128 0.181288
181 80 64 128 0.16462
182 80 64 128 0.110968
183 80 64 128 0.0925415
184 80 64 128 0.0308183
185 80 64 128 0.0148304
217 80 64 128 0.0182477
218 80 64 128 0.0324338
219 80 64 128 0.05887
220 80 64 128 0.0773886
221 80 64 128 0.0476903
222 80 64 128 0.032708
223 80 64 128 0.0135107
230 80 64 128 0.013452
146 81 64 128 0.010114
147 81 64 128 0.0122758
148 81 64 128 0.0112045
151 81 64 128 0.0112534
152 81 64 128 0.0239485
153 81 64 128 0.045834
154 81 64 128 0.109368
155 81 64 128 0.175986
156 81 64 128 0.249822
157 81 64 128 0.305196
158 81 64 128 0.398467
159 81 64 128 0.486675
160 81 64 128 0.370678
161 81 64 128 0.332825
162 81 64 128 0.231309
163 81 64 128 0.205502
164 81 64 128 0.114643
165 81 64 128 0.0651911
166 81 64 128 0.0401317
167 81 64 128 0.0455426
168 81 64 128 0.0877305
169 81 64 128 0.104979
170 81 64 128 0.106571
171 81 64 128 0.0760877
172 81 64 128 0.0771796
173 81 64 128 0.0792717
174 81 64 128 0.157528
175 81 64 128 0.250461
176 81 64 128 0.342728
177 81 64 128 0.384407
178 81 64 128 0.34836
179 81 64 128 0.260497
180 81 64 128 0.148385
181 81 64 128 0.109191
182 81 64 128 0.0602146
183 81 64 128 0.0396606
184 81 64 128 0.0139792
217 81 64 128 0.0113311
218 81 64 128 0.0241478
219 81 64 128 0.053782
220 81 64 128 0.0695416
221 81 64 128 0.0499023
222 81 64 128 0.0345421
223 81 64 128 0.0151424
230 81 64 128 0.0127221
152 82 64 128 0.0162473
153 82 64 128 0.0315911
154 82 64 128 0.0793126
155 82 64 128 0.142126
156 82 64 128 0.214508
157 82 64 128 0.301536
158 82 64 128 0.39911
159 82 64 128 0.50452
160 82 64 128 0.372061
161 82 64 128 0.352485
162 82 64 128 0.268566
163 82 64 128 0.245038
164 82 64 128 0.137568
165 82 64 128 0.0736523
166 82 64 128 0.0453031
167 82 64 128 0.0544217
168 82 64 128 0.0976953
169 82 64 128 0.133042
170 82 64 128 0.122798
171 82 64 128 0.102699
172 82 64 128 0.106749
173 82 64 128 0.11721
174 82 64 128 0.222089
175 82 64 128 0.357392
176 82 64 128 0.473726
177 82 64 128 0.489991
178 82 64 128 0.427893
179 82 64 128 0.356567
180 82 64 128 0.186532
181 82 64 128 0.11752
182 82 64 128 0.0521793
183 82 64 128 0.0330142
218 82 64 128 0.0152648
219 82 64 128 0.0359131
220 82 64 128 0.038857
221 82 64 128 0.0324597
222 82 64 128 0.01997
223 82 64 128 0.0100253
68 83 64 128 0.0125372
69 83 64 128 0.0142623
70 83 64 128 0.0193745
71 83 64 128 0.0201286
72 83 64 128 0.011985
152 83 64 128 0.0151228
153 83 64 128 0.027457
154 83 64 128 0.0687253
155 83 64 128 0.116787
156 83 64 128 0.188203
157 83 64 128 0.286382
158 83 64 128 0.379967
159 83 64 128 0.482156
160 83 64 128 0.34276
161 83 64 128 0.348462
162 83 64 128 0.288858
163 83 64 128 0.272167
164 83 64 128 0.142107
165 83 64 128 0.0808772
166 83 64 128 0.0480114
167 83 64 128 0.0478753
168 83 64 128 0.0828519
169 83 64 128 0.109668
170 83 64 128 0.106958
171 83 64 128 0.0888357
172 83 64 128 0.0968975
173 83 64 128 0.106049
174 83 64 128 0.178885
175 83 64 128 0.291059
176 83 64 128 0.390697
177 83 64 128 0.419556
178 83 64 128 0.378241
179 83 64 128 0.289814
180 83 64 128 0.161151
181 83 64 128 0.0823584
182 83 64 128 0.0374511
183 83 64 128 0.0178275
219 83 64 128 0.0160244
220 83 64 128 0.0213451
221 83 64 128 0.0185478
222 83 64 128 0.0161334
68 84 64 128 0.0123574
69 84 64 128 0.0155024
70 84 64 128 0.0239218
71 84 64 128 0.026484
72 84 64 128 0.0189689
82 84 64 128 0.0107162
152 84 64 128 0.0102988
153 84 64 128 0.0173761
154 84 64 128 0.0464839
155 84 64 128 0.090652
156 84 64 128 0.168679
157 84 64 128 0.282143
158 84 64 128 0.370952
159 84 64 128 0.469077
160 84 64 128 0.357147
161 84 64 128 0.359226
162 84 64 128 0.319346
163 84 64 128 0.293197
164 84 64 128 0.163888
165 84 64 128 0.0875732
166 84 64 128 0.0522153
167 84 64 128 0.0546041
168 84 64 128 0.0851051
169 84 64 128 0.121535
170 84 64 128 0.115224
171 84 64 128 0.103861
172 84 64 128 0.107926
173 84 64 128 0.118517
174 84 64 128 0.176772
175 84 64 128 0.302037
176 84 64 128 0.403059
177 84 64 128 0.400613
178 84 64 128 0.338842
179 84 64 128 0.273567
180 84 64 128 0.135396
181 84 64 128 0.0645666
182 84 64 128 0.0240136
183 84 64 128 0.0123291
219 84 64 128 0.011913
220 84 64 128 0.01486
221 84 64 128 0.0175129
222 84 64 128 0.0147093
68 85 64 128 0.0179121
69 85 64 128 0.0243175
70 85 64 128 0.0353281
71 85 64 128 0.041263
72 85 64 128 0.0302352
73 85 64 128 0.0163692
80 85 64 128 0.0103768
82 85 64 128 0.0141422
83 85 64 128 0.0103128
87 85 64 128 0.0106579
140 85 64 128 0.0107596
141 85 64 128 0.0122367
142 85 64 128 0.0123147
143 85 64 128 0.0149079
144 85 64 128 0.0148102
145 85 64 128 0.0147514
146 85 64 128 0.0136645
147 85 64 128 0.014425
148 85 64 128 0.0122161
152 85 64 128 0.0129892
153 85 64 128 0.0238368
154 85 64 128 0.0573623
155 85 64 128 0.116183
156 85 64 128 0.196876
157 85 64 128 0.341779
158 85 64 128 0.403212
159 85 64 128 0.534549
160 85 64 128 0.426904
161 85 64 128 0.440841
162 85 64 128 0.364812
163 85 64 128 0.360675
164 85 64 128 0.194936
165 85 64 128 0.0977682
166 85 64 128 0.0563171
167 85 64 128 0.0506074
168 85 64 128 0.0721946
169 85 64 128 0.0884099
170 85 64 128 0.0903578
171 85 64 128 0.0745831
172 85 64 128 0.0798282
173 85 64 128 0.0868875
174 85 64 128 0.137017
175 85 64 128 0.231782
176 85 64 128 0.3105
177 85 64 128 0.307587
178 85 64 128 0.247892
179 85 64 128 0.187348
180 85 64 128 0.0953528
181 85 64 128 0.0451476
182 85 64 128 0.0141382
221 85 64 128 0.0132584
222 85 64 128 0.0128069
68 86 64 128 0.0120215
69 86 64 128 0.0171943
70 86 64 128 0.0242684
71 86 64 128 0.0330945
72 86 64 128 0.026318
73 86 64 128 0.0154326
80 86 64 128 0.0109535
82 86 64 128 0.0104585
140 86 64 128 0.0118266
141 86 64 128 0.0117775
142 86 64 128 0.0119649
143 86 64 128 0.0137648
144 86 64 128 0.0122008
145 86 64 128 0.0117432
146 86 64 128 0.0105682
147 86 64 128 0.0119065
153 86 64 128 0.0151064
154 86 64 128 0.0374871
155 86 64 128 0.0867897
156 86 64 128 0.161783
157 86 64 128 0.314966
158 86 64 128 0.387303
159 86 64 128 0.558776
160 86 64 128 0.460638
161 86 64 128 0.457602
162 86 64 128 0.37874
163 86 64 128 0.360967
164 86 64 128 0.195188
165 86 64 128 0.0957724
166 86 64 128 0.052051
167 86 64 128 0.0489994
168 86 64 128 0.0607185
169 86 64 128 0.0812696
170 86 64 128 0.0728053
171 86 64 128 0.0658489
172 86 64 128 0.0692228
173 86 64 128 0.0808586
174 86 64 128 0.114558
175 86 64 128 0.211802
176 86 64 128 0.278854
177 86 64 128 0.275385
178 86 64 128 0.210996
179 86 64 128 0.152227
180 86 64 128 0.0807319
181 86 64 128 0.0366401
182 86 64 128 0.0115737
221 86 64 128 0.0117959
222 86 64 128 0.0101436
56 87 64 128 0.0111417
57 87 64 128 0.0117332
68 87 64 128 0.0157444
69 87 64 128 0.0212127
70 87 64 128 0.0279521
71 87 64 128 0.0431341
72 87 64 128 0.035319
73 87 64 128 0.0227564
74 87 64 128 0.0111057
138 87 64 128 0.0102534
139 87 64 128 0.0126974
140 87 64 128 0.0185961
141 87 64 128 0.0199678
142 87 64 128 0.0199258
143 87 64 128 0.0240657
144 87 64 128 0.0204595
145 87 64 128 0.0190547
146 87 64 128 0.0161918
147 87 64 128 0.0183544
148 87 64 128 0.0129225
153 87 64 128 0.0133682
154 87 64 128 0.0369461
155 87 64 128 0.0916706
156 87 64 128 0.180451
157 87 64 128 0.33595
158 87 64 128 0.392072
159 87 64 128 0.584302
160 87 64 128 0.490628
161 87 64 128 0.508807
162 87 64 128 0.439551
163 87 64 128 0.399108
164 87 64 128 0.243148
165 87 64 128 0.107711
166 87 64 128 0.063316
167 87 64 128 0.053579
168 87 64 128 0.0625759
169 87 64 128 0.0735455
170 87 64 128 0.0672238
171 87 64 128 0.0502285
172 87 64 128 0.0579163
173 87 64 128 0.0584313
174 87 64 128 0.0834415
175 87 64 128 0.142859
176 87 64 128 0.202254
177 87 64 128 0.194103
178 87 64 128 0.170792
179 87 64 128 0.112649
180 87 64 128 0.0603983
181 87 64 128 0.0248349
222 87 64 128 0.0111892
69 88 64 128 0.012518
70 88 64 128 0.0158572
71 88 64 128 0.0264214
72 88 64 128 0.0235985
73 88 64 128 0.0173173
140 88 64 128 0.0124484
141 88 64 128 0.0139668
142 88 64 128 0.0140373
143 88 64 128 0.0162914
144 88 64 128 0.0141564
145 88 64 128 0.0128748
146 88 64 128 0.0106207
147 88 64 128 0.0116791
154 88 64 128 0.0241843
155 88 64 128 0.0640854
156 88 64 128 0.142124
157 88 64 128 0.28622
158 88 64 128 0.36221
159 88 64 128 0.545135
160 88 64 128 0.494075
161 88 64 128 0.498795
162 88 64 128 0.438272
163 88 64 128 0.407913
164 88 64 128 0.245666
165 88 64 128 0.109154
166 88 64 128 0.0646637
167 88 64 128 0.0596575
168 88 64 128 0.069339
169 88 64 128 0.0814162
170 88 64 128 0.0686701
171 88 64 128 0.0616245
172 88 64 128 0.0559724
173 88 64 128 0.0563536
174 88 64 128 0.0703597
175 88 64 128 0.119468
176 88 64 128 0.16849
177 88 64 128 0.153068
178 88 64 128 0.141494
179 88 64 128 0.103725
180 88 64 128 0.0476055
181 88 64 128 0.0193618
222 88 64 128 0.0115354
57 89 64 128 0.011067
69 89 64 128 0.0134842
70 89 64 128 0.0182974
71 89 64 128 0.029727
72 89 64 128 0.0281097
73 89 64 128 0.0193373
138 89 64 128 0.0105119
139 89 64 128 0.0147192
140 89 64 128 0.0202671
141 89 64 128 0.0212597
142 89 64 128 0.0220185
143 89 64 128 0.0243737
144 89 64 128 0.0222386
145 89 64 128 0.0179982
146 89 64 128 0.0139297
147 89 64 128 0.0158292
148 89 64 128 0.0125865
154 89 64 128 0.0185372
155 89 64 128 0.0502202
156 89 64 128 0.113763
157 89 64 128 0.259227
158 89 64 128 0.317047
159 89 64 128 0.540534
160 89 64 128 0.501532
161 89 64 128 0.508096
162 89 64 128 0.444253
163 89 64 128 0.420229
164 89 64 128 0.264876
165 89 64 128 0.110869
166 89 64 128 0.0654325
167 89 64 128 0.0577421
168 89 64 128 0.0685783
169 89 64 128 0.0720902
170 89 64 128 0.0689571
171 89 64 128 0.0522368
172 89 64 128 0.0474053
173 89 64 128 0.0451683
174 89 64 128 0.0585027
175 89 64 128 0.101305
176 89 64 128 0.138593
177 89 64 128 0.119202
178 89 64 128 0.116721
179 89 64 128 0.0771785
180 89 64 128 0.0426857
181 89 64 128 0.0148974
222 89 64 128 0.0135099
71 90 64 128 0.0142658
72 90 64 128 0.0125978
73 90 64 128 0.0101227
139 90 64 128 0.010687
140 90 64 128 0.0167445
141 90 64 128 0.0168086
142 90 64 128 0.0194296
143 90 64 128 0.0203137
144 90 64 128 0.0166982
145 90 64 128 0.0128147
147 90 64 128 0.0120503
154 90 64 128 0.0138019
155 90 64 128 0.039889
156 90 64 128 0.0866211
157 90 64 128 0.20668
158 90 64 128 0.290658
159 90 64 128 0.525251
160 90 64 128 0.516762
161 90 64 128 0.548358
162 90 64 128 0.469633
163 90 64 128 0.453282
164 90 64 128 0.298539
165 90 64 128 0.143843
166 90 64 128 0.0806061
167 90 64 128 0.0755504
168 90 64 128 0.0888367
169 90 64 128 0.0993905
170 90 64 128 0.097298
171 90 64 128 0.0866777
172 90 64 128 0.0771452
173 90 64 128 0.0647204
174 90 64 128 0.0705936
175 90 64 128 0.122869
176 90 64 128 0.17518
177 90 64 128 0.150768
178 90 64 128 0.140753
179 90 64 128 0.098583
180 90 64 128 0.0601692
181 90 64 128 0.0235575
57 91 64 128 0.0100307
71 91 64 128 0.0143202
72 91 64 128 0.0150376
73 91 64 128 0.013812
138 91 64 128 0.0100589
139 91 64 128 0.013533
140 91 64 128 0.0252013
141 91 64 128 0.0263581
142 91 64 128 0.0320423
143 91 64 128 0.0304238
144 91 64 128 0.023493
145 91 64 128 0.0170848
146 91 64 128 0.014212
147 91 64 128 0.0161132
148 91 64 128 0.0118148
154 91 64 128 0.0143974
155 91 64 128 0.0429962
156 91 64 128 0.0914137
157 91 64 128 0.208694
158 91 64 128 0.258015
159 91 64 128 0.489446
160 91 64 128 0.514279
161 91 64 128 0.556887
162 91 64 128 0.500863
163 91 64 128 0.454984
164 91 64 128 0.325777
165 91 64 128 0.149171
166 91 64 128 0.0888762
167 91 64 128 0.0681408
168 91 64 128 0.0867302
169 91 64 128 0.0898617
170 91 64 128 0.0936495
171 91 64 128 0.0698906
172 91 64 128 0.0671753
173 91 64 128 0.053248
174 91 64 128 0.072407
175 91 64 128 0.11536
176 91 64 128 0.173423
177 91 64 128 0.145419
178 91 64 128 0.152393
179 91 64 128 0.102217
180 91 64 128 0.068011
181 91 64 128 0.0245344
182 91 64 128 0.0117827
72 92 64 128 0.0101458
73 92 64 128 0.0127598
75 92 64 128 0.0106679
139 92 64 128 0.0123407
140 92 64 128 0.0234271
141 92 64 128 0.0254739
142 92 64 128 0.0306698
143 92 64 128 0.029335
144 92 64 128 0.0193584
145 92 64 128 0.0135384
146 92 64 128 0.0106897
147 92 64 128 0.0116842
155 92 64 128 0.0314677
156 92 64 128 0.0744391
157 92 64 128 0.194412
158 92 64 128 0.269896
159 92 64 128 0.505875
160 92 64 128 0.521974
161 92 64 128 0.541269
162 92 64 128 0.515918
163 92 64 128 0.494521
164 92 64 128 0.370697
165 92 64 128 0.176153
166 92 64 128 0.109647
167 92 64 128 0.088711
168 92 64 128 0.104277
169 92 64 128 0.116335
170 92 64 128 0.115163
171 92 64 128 0.100946
172 92 64 128 0.0895687
173 92 64 128 0.0770542
174 92 64 128 0.0938871
175 92 64 128 0.167691
176 92 64 128 0.238616
177 92 64 128 0.208255
178 92 64 128 0.200901
179 92 64 128 0.161734
180 92 64 128 0.100325
181 92 64 128 0.0445921
182 92 64 128 0.0199982
183 92 64 128 0.0105397
72 93 64 128 0.010308
73 93 64 128 0.0127579
75 93 64 128 0.0117157
139 93 64 128 0.0155239
140 93 64 128 0.0348832
141 93 64 128 0.0339491
142 93 64 128 0.0405682
143 93 64 128 0.0433682
144 93 64 128 0.0311672
145 93 64 128 0.0195799
146 93 64 128 0.0153017
147 93 64 128 0.0153984
148 93 64 128 0.0113363
155 93 64 128 0.0318037
156 93 64 128 0.0741737
157 93 64 128 0.199765
158 93 64 128 0.24166
159 93 64 128 0.480281
160 93 64 128 0.502176
161 93 64 128 0.505866
162 93 64 128 0.471009
163 93 64 128 0.465236
164 93 64 128 0.372211
165 93 64 128 0.160641
166 93 64 128 0.109826
167 93 64 128 0.0762283
168 93 64 128 0.100715
169 93 64 128 0.0912304
170 93 64 128 0.109162
171 93 64 128 0.0871711
172 93 64 128 0.0872503
173 93 64 128 0.0728378
174 93 64 128 0.0971208
175 93 64 128 0.164378
176 93 64 128 0.234816
177 93 64 128 0.219316
178 93 64 128 0.209803
179 93 64 128 0.169203
180 93 64 128 0.121264
181 93 64 128 0.0518144
182 93 64 128 0.0232889
183 93 64 128 0.0123435
73 94 64 128 0.010562
75 94 64 128 0.0136458
138 94 64 128 0.010732
139 94 64 128 0.0160113
140 94 64 128 0.0328249
141 94 64 128 0.0311665
142 94 64 128 0.0362989
143 94 64 128 0.0338385
144 94 64 128 0.0254143
145 94 64 128 0.0147605
146 94 64 128 0.011663
147 94 64 128 0.0119473
155 94 64 128 0.0305262
156 94 64 128 0.073164
157 94 64 128 0.173895
158 94 64 128 0.251137
159 94 64 128 0.495876
160 94 64 128 0.509462
161 94 64 128 0.502592
162 94 64 128 0.507229
163 94 64 128 0.49763
164 94 64 128 0.404757
165 94 64 128 0.184395
166 94 64 128 0.131106
167 94 64 128 0.103999
168 94 64 128 0.113015
169 94 64 128 0.125492
170 94 64 128 0.12383
171 94 64 128 0.122518
172 94 64 128 0.104268
173 94 64 128 0.102474
174 94 64 128 0.117439
175 94 64 128 0.211132
176 94 64 128 0.271008
177 94 64 128 0.259198
178 94 64 128 0.239796
179 94 64 128 0.198131
180 94 64 128 0.155864
181 94 64 128 0.0728993
182 94 64 128 0.0375979
183 94 64 128 0.0198699
73 95 64 128 0.0120942
74 95 64 128 0.0109797
75 95 64 128 0.0181058
76 95 64 128 0.0102398
134 95 64 128 0.0111918
138 95 64 128 0.0155971
139 95 64 128 0.0217038
140 95 64 128 0.0464633
141 95 64 128 0.0407736
142 95 64 128 0.0498384
143 95 64 128 0.0459739
144 95 64 128 0.0340454
145 95 64 128 0.0180174
146 95 64 128 0.0139719
147 95 64 128 0.0135557
148 95 64 128 0.0100662
155 95 64 128 0.0322648
156 95 64 128 0.0743909
157 95 64 128 0.182596
158 95 64 128 0.248503
159 95 64 128 0.493722
160 95 64 128 0.500224
161 95 64 128 0.50613
162 95 64 128 0.503181
163 95 64 128 0.471767
164 95 64 128 0.408749
165 95 64 128 0.183515
166 95 64 128 0.137634
167 95 64 128 0.0970067
168 95 64 128 0.115685
169 95 64 128 0.112858
170 95 64 128 0.118902
171 95 64 128 0.10188
172 95 64 128 0.105725
173 95 64 128 0.0910244
174 95 64 128 0.112802
175 95 64 128 0.172804
176 95 64 128 0.268484
177 95 64 128 0.238594
178 95 64 128 0.255586
179 95 64 128 0.191707
180 95 64 128 0.165533
181 95 64 128 0.0678558
182 95 64 128 0.042151
183 95 64 128 0.0173556
73 96 64 128 0.0150798
74 96 64 128 0.0156222
75 96 64 128 0.0263524
76 96 64 128 0.0166852
77 96 64 128 0.010459
138 96 64 128 0.0142909
139 96 64 128 0.0188444
140 96 64 128 0.0386954
141 96 64 128 0.0329907
142 96 64 128 0.0366403
143 96 64 128 0.0377434
144 96 64 128 0.0294964
145 96 64 128 0.0141468
146 96 64 128 0.0107703
147 96 64 128 0.01125
155 96 64 128 0.0346536
156 96 64 128 0.0752482
157 96 64 128 0.177449
158 96 64 128 0.257013
159 96 64 128 0.505528
160 96 64 128 0.524906
161 96 64 128 0.524722
162 96 64 128 0.538642
163 96 64 128 0.535917
164 96 64 128 0.449298
165 96 64 128 0.211883
166 96 64 128 0.150464
167 96 64 128 0.118709
168 96 64 128 0.133112
169 96 64 128 0.12727
170 96 64 128 0.124426
171 96 64 128 0.122126
172 96 64 128 0.121479
173 96 64 128 0.114034
174 96 64 128 0.135062
175 96 64 128 0.211909
176 96 64 128 0.27246
177 96 64 128 0.245276
178 96 64 128 0.243549
179 96 64 128 0.207157
180 96 64 128 0.154363
181 96 64 128 0.079458
182 96 64 128 0.0460762
183 96 64 128 0.0194999
72 97 64 128 0.0115035
73 97 64 128 0.0190416
74 97 64 128 0.0228603
75 97 64 128 0.0343833
76 97 64 128 0.0265374
77 97 64 128 0.0133533
134 97 64 128 0.0118326
136 97 64 128 0.0101691
137 97 64 128 0.0101156
138 97 64 128 0.0178072
139 97 64 128 0.0213211
140 97 64 128 0.0407021
141 97 64 128 0.0331527
142 97 64 128 0.036353
143 97 64 128 0.0299123
144 97 64 128 0.0232729
145 97 64 128 0.0117542
155 97 64 128 0.0290374
156 97 64 128 0.0609684
157 97 64 128 0.162289
158 97 64 128 0.217371
159 97 64 128 0.457058
160 97 64 128 0.530519
161 97 64 128 0.539025
162 97 64 128 0.523912
163 97 64 128 0.504492
164 97 64 128 0.462046
165 97 64 128 0.210943
166 97 64 128 0.152199
167 97 64 128 0.104817
168 97 64 128 0.127258
169 97 64 128 0.112303
170 97 64 128 0.115206
171 97 64 128 0.106943
172 97 64 128 0.115774
173 97 64 128 0.10173
174 97 64 128 0.129917
175 97 64 128 0.187673
176 97 64 128 0.24021
177 97 64 128 0.210114
178 97 64 128 0.215422
179 97 64 128 0.181413
180 97 64 128 0.138435
181 97 64 128 0.0696172
182 97 64 128 0.0388104
183 97 64 128 0.0141932
73 98 64 128 0.0148516
74 98 64 128 0.0204699
75 98 64 128 0.0325954
76 98 64 128 0.0249734
77 98 64 128 0.0150486
138 98 64 128 0.0158467
139 98 64 128 0.0170161
140 98 64 128 0.0336859
141 98 64 128 0.0283364
142 98 64 128 0.0313283
143 98 64 128 0.0273187
144 98 64 128 0.022648
145 98 64 128 0.0108471
155 98 64 128 0.0371858
156 98 64 128 0.0723851
157 98 64 128 0.184746
158 98 64 128 0.248916
159 98 64 128 0.468617
160 98 64 128 0.547375
161 98 64 128 0.564952
162 98 64 128 0.540251
163 98 64 128 0.525284
164 98 64 128 0.483006
165 98 64 128 0.242936
166 98 64 128 0.166725
167 98 64 128 0.117004
168 98 64 128 0.120913
169 98 64 128 0.107909
170 98 64 128 0.0987019
171 98 64 128 0.099498
172 98 64 128 0.0980013
173 98 64 128 0.0993916
174 98 64 128 0.110902
175 98 64 128 0.165009
176 98 64 128 0.199934
177 98 64 128 0.181237
178 98 64 128 0.176793
179 98 64 128 0.147683
180 98 64 128 0.106717
181 98 64 128 0.0634426
182 98 64 128 0.0332254
183 98 64 128 0.0139839
73 99 64 128 0.0160289
74 99 64 128 0.0208628
75 99 64 128 0.031678
76 99 64 128 0.0280968
77 99 64 128 0.0171581
134 99 64 128 0.0107747
136 99 64 128 0.0107927
137 99 64 128 0.0105018
138 99 64 128 0.0182238
139 99 64 128 0.0209135
140 99 64 128 0.0380138
141 99 64 128 0.0318138
142 99 64 128 0.0345299
143 99 64 128 0.0264562
144 99 64 128 0.024396
145 99 64 128 0.0113319
155 99 64 128 0.040688
156 99 64 128 0.0765976
157 99 64 128 0.204584
158 99 64 128 0.259009
159 99 64 128 0.501475
160 99 64 128 0.582752
161 99 64 128 0.606524
162 99 64 128 0.59239
163 99 64 128 0.547082
164 99 64 128 0.495517
165 99 64 128 0.262775
166 99 64 128 0.187242
167 99 64 128 0.124782
168 99 64 128 0.112654
169 99 64 128 0.0909761
170 99 64 128 0.0770826
171 99 64 128 0.072689
172 99 64 128 0.0763935
173 99 64 128 0.0730895
174 99 64 128 0.0804093
175 99 64 128 0.107465
176 99 64 128 0.136177
177 99 64 128 0.119477
178 99 64 128 0.113353
179 99 64 128 0.0892114
180 99 64 128 0.0780329
181 99 64 128 0.0411085
182 99 64 128 0.0233132
73 100 64 128 0.0142544
74 100 64 128 0.0229959
75 100 64 128 0.0358062
76 100 64 128 0.0332312
77 100 64 128 0.0207556
78 100 64 128 0.0128083
134 100 64 128 0.0112477
136 100 64 128 0.0127088
137 100 64 128 0.0116497
138 100 64 128 0.0201504
139 100 64 128 0.0229613
140 100 64 128 0.0408063
141 100 64 128 0.0351539
142 100 64 128 0.040228
143 100 64 128 0.0303984
144 100 64 128 0.0249942
145 100 64 128 0.013181
146 100 64 128 0.0102794
147 100 64 128 0.0118
148 100 64 128 0.0119954
154 100 64 128 0.016017
155 100 64 128 0.0687327
156 100 64 128 0.120017
157 100 64 128 0.281666
158 100 64 128 0.380856
159 100 64 128 0.592074
160 100 64 128 0.660438
161 100 64 128 0.659301
162 100 64 128 0.661685
163 100 64 128 0.6266
164 100 64 128 0.55182
165 100 64 128 0.330679
166 100 64 128 0.234018
167 100 64 128 0.155244
168 100 64 128 0.124435
169 100 64 128 0.098273
170 100 64 128 0.0786382
171 100 64 128 0.0761883
172 100 64 128 0.0683149
173 100 64 128 0.0702506
174 100 64 128 0.0746761
175 100 64 128 0.103471
176 100 64 128 0.140645
177 100 64 128 0.127432
178 100 64 128 0.120537
179 100 64 128 0.0906499
180 100 64 128 0.0721814
181 100 64 128 0.0432876
182 100 64 128 0.0233225
73 101 64 128 0.0159229
74 101 64 128 0.0265766
75 101 64 128 0.0403346
76 101 64 128 0.0359102
77 101 64 128 0.0219235
78 101 64 128 0.013155
134 101 64 128 0.0118509
135 101 64 128 0.0105498
136 101 64 128 0.0138074
137 101 64 128 0.0133232
138 101 64 128 0.022159
139 101 64 128 0.0229074
140 101 64 128 0.0397536
141 101 64 128 0.0320613
142 101 64 128 0.0373061
143 101 64 128 0.0285412
144 101 64 128 0.0268812
145 101 64 128 0.0155865
146 101 64 128 0.0140522
147 101 64 128 0.0145003
148 101 64 128 0.0145213
153 101 64 128 0.0100412
154 101 64 128 0.0167638
155 101 64 128 0.0724464
156 101 64 128 0.127946
157 101 64 128 0.304285
158 101 64 128 0.40575
159 101 64 128 0.623701
160 101 64 128 0.701733
161 101 64 128 0.706167
162 101 64 128 0.710574
163 101 64 128 0.680541
164 101 64 128 0.605975
165 101 64 128 0.382451
166 101 64 128 0.260518
167 101 64 128 0.157751
168 101 64 128 0.125669
169 101 64 128 0.0863559
170 101 64 128 0.062407
171 101 64 128 0.0561116
172 101 64 128 0.0494301
173 101 64 128 0.0439225
174 101 64 128 0.0519266
175 101 64 128 0.0677112
176 101 64 128 0.098635
177 101 64 128 0.0949694
178 101 64 128 0.0871471
179 101 64 128 0.0708436
180 101 64 128 0.0556941
181 101 64 128 0.0322245
182 101 64 128 0.0163485
222 101 64 128 0.0106468
73 102 64 128 0.0138965
74 102 64 128 0.0260823
75 102 64 128 0.0374072
76 102 64 128 0.032597
77 102 64 128 0.0207209
78 102 64 128 0.0125978
134 102 64 128 0.0112075
136 102 64 128 0.0136562
137 102 64 128 0.0140282
138 102 64 128 0.0207556
139 102 64 128 0.0207886
140 102 64 128 0.0353081
141 102 64 128 0.0315569
142 102 64 128 0.0351229
143 102 64 128 0.0297184
144 102 64 128 0.028146
145 102 64 128 0.0183869
146 102 64 128 0.0180798
147 102 64 128 0.0199153
148 102 64 128 0.0192606
149 102 64 128 0.0151594
153 102 64 128 0.0166018
154 102 64 128 0.0276548
155 102 64 128 0.117279
156 102 64 128 0.177671
157 102 64 128 0.38136
158 102 64 128 0.447483
159 102 64 128 0.654964
160 102 64 128 0.726189
161 102 64 128 0.739276
162 102 64 128 0.744358
163 102 64 128 0.720649
164 102 64 128 0.659108
165 102 64 128 0.441312
166 102 64 128 0.302635
167 102 64 128 0.188599
168 102 64 128 0.138872
169 102 64 128 0.0987595
170 102 64 128 0.0671561
171 102 64 128 0.0598137
172 102 64 128 0.050962
173 102 64 128 0.0482244
174 102 64 128 0.0529494
175 102 64 128 0.073711
176 102 64 128 0.106103
177 102 64 128 0.116912
178 102 64 128 0.0965147
179 102 64 128 0.0830858
180 102 64 128 0.0609127
181 102 64 128 0.0417274
182 102 64 128 0.0195455
222 102 64 128 0.0146605
73 103 64 128 0.0140324
74 103 64 128 0.024537
75 103 64 128 0.0299797
76 103 64 128 0.0270668
77 103 64 128 0.0174378
78 103 64 128 0.0107227
136 103 64 128 0.0127083
137 103 64 128 0.0133011
138 103 64 128 0.0215795
139 103 64 128 0.0211157
140 103 64 128 0.0327645
141 103 64 128 0.0287429
142 103 64 128 0.0335352
143 103 64 128 0.026782
144 103 64 128 0.0268346
145 103 64 128 0.0167241
146 103 64 128 0.0173206
147 103 64 128 0.0205839
148 103 64 128 0.0196752
149 103 64 128 0.0152281
153 103 64 128 0.0153989
154 103 64 128 0.0256039
155 103 64 128 0.105395
156 103 64 128 0.164111
157 103 64 128 0.340945
158 103 64 128 0.413692
159 103 64 128 0.630034
160 103 64 128 0.712169
161 103 64 128 0.751625
162 103 64 128 0.74747
163 103 64 128 0.719948
164 103 64 128 0.669483
165 103 64 128 0.463834
166 103 64 128 0.308672
167 103 64 128 0.198997
168 103 64 128 0.143092
169 103 64 128 0.0973587
170 103 64 128 0.061417
171 103 64 128 0.0479102
172 103 64 128 0.0369668
173 103 64 128 0.0333908
174 103 64 128 0.0350921
175 103 64 128 0.0486647
176 103 64 128 0.0655282
177 103 64 128 0.0771481
178 103 64 128 0.0651321
179 103 64 128 0.0566076
180 103 64 128 0.0389569
181 103 64 128 0.0293739
182 103 64 128 0.0119173
222 103 64 128 0.0161368
72 104 64 128 0.0106343
73 104 64 128 0.0150889
74 104 64 128 0.025539
75 104 64 128 0.0306612
76 104 64 128 0.0267643
77 104 64 128 0.0179836
78 104 64 128 0.0121469
136 104 64 128 0.0129468
137 104 64 128 0.0138635
138 104 64 128 0.0211441
139 104 64 128 0.0223791
140 104 64 128 0.0322319
141 104 64 128 0.0267841
142 104 64 128 0.0306403
143 104 64 128 0.0269336
144 104 64 128 0.0262486
145 104 64 128 0.0196767
146 104 64 128 0.0219028
147 104 64 128 0.0277863
148 104 64 128 0.027749
149 104 64 128 0.0211121
150 104 64 128 0.0137486
151 104 64 128 0.0130713
153 104 64 128 0.0187087
154 104 64 128 0.034683
155 104 64 128 0.134081
156 104 64 128 0.200522
157 104 64 128 0.415984
158 104 64 128 0.484928
159 104 64 128 0.678666
160 104 64 128 0.753747
161 104 64 128 0.77905
162 104 64 128 0.781674
163 104 64 128 0.771908
164 104 64 128 0.744275
165 104 64 128 0.572324
166 104 64 128 0.42038
167 104 64 128 0.286595
168 104 64 128 0.194418
169 104 64 128 0.138373
170 104 64 128 0.0795995
171 104 64 128 0.0606437
172 104 64 128 0.0453819
173 104 64 128 0.0378246
174 104 64 128 0.0391066
175 104 64 128 0.0540802
176 104 64 128 0.0773481
177 104 64 128 0.0890792
178 104 64 128 0.0784281
179 104 64 128 0.0772832
180 104 64 128 0.0550495
181 104 64 128 0.0417772
182 104 64 128 0.0172279
220 104 64 128 0.0164824
221 104 64 128 0.0137903
222 104 64 128 0.0254667
223 104 64 128 0.0112441
73 105 64 128 0.0140835
74 105 64 128 0.0213222
75 105 64 128 0.0229537
76 105 64 128 0.021048
77 105 64 128 0.0141037
134 105 64 128 0.0103975
136 105 64 128 0.014409
137 105 64 128 0.0135142
138 105 64 128 0.0214613
139 105 64 128 0.0215619
140 105 64 128 0.028738
141 105 64 128 0.0230324
142 105 64 128 0.0289515
143 105 64 128 0.0248803
144 105 64 128 0.026396
145 105 64 128 0.0211779
146 105 64 128 0.0248999
147 105 64 128 0.0304397
148 105 64 128 0.0303557
149 105 64 128 0.0223447
150 105 64 128 0.0133107
151 105 64 128 0.0117226
153 105 64 128 0.0156647
154 105 64 128 0.0270576
155 105 64 128 0.104764
156 105 64 128 0.160112
157 105 64 128 0.353737
158 105 64 128 0.419265
159 105 64 128 0.618626
160 105 64 128 0.705505
161 105 64 128 0.763494
162 105 64 128 0.772703
163 105 64 128 0.767802
164 105 64 128 0.739529
165 105 64 128 0.586726
166 105 64 128 0.44066
167 105 64 128 0.297469
168 105 64 128 0.203702
169 105 64 128 0.136682
170 105 64 128 0.0794347
171 105 64 128 0.0613953
172 105 64 128 0.0434834
173 105 64 128 0.033271
174 105 64 128 0.0351976
175 105 64 128 0.0440673
176 105 64 128 0.0609778
177 105 64 128 0.0762701
178 105 64 128 0.0694207
179 105 64 128 0.0723259
180 105 64 128 0.0499338
181 105 64 128 0.0382191
182 105 64 128 0.0171698
220 105 64 128 0.0128554
221 105 64 128 0.0128068
222 105 64 128 0.022794
223 105 64 128 0.0120605
224 105 64 128 0.0104479
72 106 64 128 0.0102066
73 106 64 128 0.0124321
74 106 64 128 0.0177323
75 106 64 128 0.0183757
76 106 64 128 0.0140723
77 106 64 128 0.0101577
134 106 64 128 0.0104606
136 106 64 128 0.0145442
137 106 64 128 0.0142463
138 106 64 128 0.0225202
139 106 64 128 0.0221862
140 106 64 128 0.0305234
141 106 64 128 0.0271432
142 106 64 128 0.0306804
143 106 64 128 0.0277994
144 106 64 128 0.0291074
145 106 64 128 0.026363
146 106 64 128 0.0307844
147 106 64 128 0.0405159
148 106 64 128 0.0380096
149 106 64 128 0.0292769
150 106 64 128 0.018294
151 106 64 128 0.0160432
152 106 64 128 0.0101518
153 106 64 128 0.0198321
154 106 64 128 0.0321774
155 106 64 128 0.12383
156 106 64 128 0.18757
157 106 64 128 0.377991
158 106 64 128 0.462985
159 106 64 128 0.647633
160 106 64 128 0.74117
161 106 64 128 0.775312
162 106 64 128 0.786022
163 106 64 128 0.772801
164 106 64 128 0.769407
165 106 64 128 0.635124
166 106 64 128 0.497828
167 106 64 128 0.351735
168 106 64 128 0.241494
169 106 64 128 0.16609
170 106 64 128 0.100617
171 106 64 128 0.0795554
172 106 64 128 0.0536966
173 106 64 128 0.0429879
174 106 64 128 0.0382181
175 106 64 128 0.0480185
176 106 64 128 0.0710733
177 106 64 128 0.0984886
178 106 64 128 0.0898687
179 106 64 128 0.104439
180 106 64 128 0.0706187
181 106 64 128 0.0631946
182 106 64 128 0.0252504
183 106 64 128 0.0107898
220 106 64 128 0.0168874
221 106 64 128 0.0152168
222 106 64 128 0.0197739
223 106 64 128 0.0118443
224 106 64 128 0.0113525
37 107 64 128 0.0120385
38 107 64 128 0.0164884
73 107 64 128 0.0107426
74 107 64 128 0.0129268
75 107 64 128 0.0129967
134 107 64 128 0.0100229
136 107 64 128 0.0162936
137 107 64 128 0.0165182
138 107 64 128 0.0271066
139 107 64 128 0.0258856
140 107 64 128 0.0364887
141 107 64 128 0.0328479
142 107 64 128 0.0346845
143 107 64 128 0.0302621
144 107 64 128 0.0314575
145 107 64 128 0.0301885
146 107 64 128 0.0329781
147 107 64 128 0.0417893
148 107 64 128 0.0391225
149 107 64 128 0.0293465
150 107 64 128 0.0170871
151 107 64 128 0.0129637
153 107 64 128 0.0171574
154 107 64 128 0.0285829
155 107 64 128 0.0957494
156 107 64 128 0.149614
157 107 64 128 0.312706
158 107 64 128 0.420701
159 107 64 128 0.592169
160 107 64 128 0.683557
161 107 64 128 0.757001
162 107 64 128 0.753131
163 107 64 128 0.75379
164 107 64 128 0.766098
165 107 64 128 0.659323
166 107 64 128 0.518776
167 107 64 128 0.365962
168 107 64 128 0.275674
169 107 64 128 0.187924
170 107 64 128 0.106487
171 107 64 128 0.0786278
172 107 64 128 0.053102
173 107 64 128 0.0431028
174 107 64 128 0.035374
175 107 64 128 0.0453211
176 107 64 128 0.0682071
177 107 64 128 0.102096
178 107 64 128 0.0907547
179 107 64 128 0.0991217
180 107 64 128 0.0572881
181 107 64 128 0.0500354
182 107 64 128 0.0213883
220 107 64 128 0.0110622
221 107 64 128 0.012679
222 107 64 128 0.0173882
223 107 64 128 0.0109245
224 107 64 128 0.0108323
37 108 64 128 0.0213547
38 108 64 128 0.0387369
39 108 64 128 0.024695
40 108 64 128 0.0145238
73 108 64 128 0.0100858
74 108 64 128 0.0111692
75 108 64 128 0.0100077
136 108 64 128 0.0169633
137 108 64 128 0.0186188
138 108 64 128 0.0305377
139 108 64 128 0.0299768
140 108 64 128 0.0435445
141 108 64 128 0.0416906
142 108 64 128 0.0402548
143 108 64 128 0.0347518
144 108 64 128 0.0365085
145 108 64 128 0.0367801
146 108 64 128 0.0371253
147 108 64 128 0.0459426
148 108 64 128 0.0495975
149 108 64 128 0.0389042
150 108 64 128 0.0207287
151 108 64 128 0.0168516
152 108 64 128 0.0101867
153 108 64 128 0.0195534
154 108 64 128 0.0348359
155 108 64 128 0.101154
156 108 64 128 0.160992
157 108 64 128 0.336669
158 108 64 128 0.445009
159 108 64 128 0.598211
160 108 64 128 0.702506
161 108 64 128 0.749755
162 108 64 128 0.766994
163 108 64 128 0.754399
164 108 64 128 0.78826
165 108 64 128 0.707846
166 108 64 128 0.579096
167 108 64 128 0.405965
168 108 64 128 0.323502
169 108 64 128 0.233131
170 108 64 128 0.137447
171 108 64 128 0.110258
172 108 64 128 0.0769264
173 108 64 128 0.0564848
174 108 64 128 0.0472697
175 108 64 128 0.0656041
176 108 64 128 0.107474
177 108 64 128 0.138909
178 108 64 128 0.134086
179 108 64 128 0.13137
180 108 64 128 0.0770165
181 108 64 128 0.0640355
182 108 64 128 0.0313276
183 108 64 128 0.013073
220 108 64 128 0.0130451
221 108 64 128 0.0152487
222 108 64 128 0.0164638
223 108 64 128 0.0125455
224 108 64 128 0.0112143
36 109 64 128 0.0356689
37 109 64 128 0.0868115
38 109 64 128 0.140358
39 109 64 128 0.0949676
40 109 64 128 0.0666066
41 109 64 128 0.0207891
136 109 64 128 0.0159124
137 109 64 128 0.0186514
138 109 64 128 0.0281942
139 109 64 128 0.0298503
140 109 64 128 0.0445272
141 109 64 128 0.0427073
142 109 64 128 0.0402252
143 109 64 128 0.0354139
144 109 64 128 0.0395584
145 109 64 128 0.035985
146 109 64 128 0.0345596
147 109 64 128 0.0449098
148 109 64 128 0.0479702
149 109 64 128 0.0333642
150 109 64 128 0.0185871
151 109 64 128 0.014474
153 109 64 128 0.0167216
154 109 64 128 0.0296581
155 109 64 128 0.0848322
156 109 64 128 0.134853
157 109 64 128 0.271398
158 109 64 128 0.385445
159 109 64 128 0.552842
160 109 64 128 0.671635
161 109 64 128 0.721473
162 109 64 128 0.750187
163 109 64 128 0.743232
164 109 64 128 0.79719
165 109 64 128 0.72331
166 109 64 128 0.588243
167 109 64 128 0.411622
168 109 64 128 0.321151
169 109 64 128 0.23227
170 109 64 128 0.144873
171 109 64 128 0.113585
172 109 64 128 0.08129
173 109 64 128 0.0597609
174 109 64 128 0.0499436
175 109 64 128 0.0656443
176 109 64 128 0.117989
177 109 64 128 0.143616
178 109 64 128 0.143367
179 109 64 128 0.142534
180 109 64 128 0.0890468
181 109 64 128 0.070117
182 109 64 128 0.0376199
183 109 64 128 0.0134855
220 109 64 128 0.0100114
221 109 64 128 0.0123779
222 109 64 128 0.0149156
223 109 64 128 0.0124587
224 109 64 128 0.0114311
36 110 64 128 0.0617729
37 110 64 128 0.128775
38 110 64 128 0.243143
39 110 64 128 0.178452
40 110 64 128 0.145792
41 110 64 128 0.0404754
42 110 64 128 0.0143245
70 110 64 128 0.0105788
71 110 64 128 0.010491
136 110 64 128 0.013992
137 110 64 128 0.0175862
138 110 64 128 0.0282485
139 110 64 128 0.0286725
140 110 64 128 0.0412721
141 110 64 128 0.0411361
142 110 64 128 0.0399195
143 110 64 128 0.035532
144 110 64 128 0.0411325
145 110 64 128 0.0406569
146 110 64 128 0.0381127
147 110 64 128 0.047968
148 110 64 128 0.0457102
149 110 64 128 0.0372957
150 110 64 128 0.0193675
151 110 64 128 0.0151077
153 110 64 128 0.0178996
154 110 64 128 0.0271054
155 110 64 128 0.0847035
156 110 64 128 0.129133
157 110 64 128 0.271456
158 110 64 128 0.377856
159 110 64 128 0.543438
160 110 64 128 0.662463
161 110 64 128 0.728875
162 110 64 128 0.752852
163 110 64 128 0.755698
164 110 64 128 0.811198
165 110 64 128 0.722862
166 110 64 128 0.602228
167 110 64 128 0.45205
168 110 64 128 0.352974
169 110 64 128 0.283104
170 110 64 128 0.192824
171 110 64 128 0.156675
172 110 64 128 0.119678
173 110 64 128 0.0842958
174 110 64 128 0.0782231
175 110 64 128 0.113427
176 110 64 128 0.191293
177 110 64 128 0.249054
178 110 64 128 0.22443
179 110 64 128 0.231042
180 110 64 128 0.14776
181 110 64 128 0.133085
182 110 64 128 0.068816
183 110 64 128 0.0268063
220 110 64 128 0.0124337
221 110 64 128 0.0174024
222 110 64 128 0.019159
223 110 64 128 0.020183
224 110 64 128 0.0181293
225 110 64 128 0.0111603
35 111 64 128 0.0254413
36 111 64 128 0.161528
37 111 64 128 0.303454
38 111 64 128 0.467512
39 111 64 128 0.360605
40 111 64 128 0.257834
41 111 64 128 0.0823963
42 111 64 128 0.0270307
68 111 64 128 0.0103532
69 111 64 128 0.0110038
70 111 64 128 0.0112839
71 111 64 128 0.0108138
136 111 64 128 0.0113957
137 111 64 128 0.0139321
138 111 64 128 0.0222736
139 111 64 128 0.0207884
140 111 64 128 0.0323805
141 111 64 128 0.0327461
142 111 64 128 0.034001
143 111 64 128 0.030201
144 111 64 128 0.0356486
145 111 64 128 0.0334551
146 111 64 128 0.033518
147 111 64 128 0.0428954
148 111 64 128 0.0402155
149 111 64 128 0.0307357
150 111 64 128 0.0164899
151 111 64 128 0.0120718
153 111 64 128 0.0135084
154 111 64 128 0.0195907
155 111 64 128 0.0595691
156 111 64 128 0.102424
157 111 64 128 0.202095
158 111 64 128 0.316173
159 111 64 128 0.458906
160 111 64 128 0.56674
161 111 64 128 0.691275
162 111 64 128 0.692217
163 111 64 128 0.706366
164 111 64 128 0.762703
165 111 64 128 0.703635
166 111 64 128 0.582344
167 111 64 128 0.436162
168 111 64 128 0.341373
169 111 64 128 0.291513
170 111 64 128 0.209828
171 111 64 128 0.160889
172 111 64 128 0.124203
173 111 64 128 0.0882743
174 111 64 128 0.0764886
175 111 64 128 0.123972
176 111 64 128 0.211357
177 111 64 128 0.290835
178 111 64 128 0.237526
179 111 64 128 0.225626
180 111 64 128 0.159653
181 111 64 128 0.145998
182 111 64 128 0.0730327
183 111 64 128 0.0280131
184 111 64 128 0.0103047
220 111 64 128 0.0106731
221 111 64 128 0.0164192
222 111 64 128 0.0208083
223 111 64 128 0.0197499
224 111 64 128 0.0172422
225 111 64 128 0.0113074
