66 40 85 170 0.0150899
67 40 85 170 0.0176117
68 40 85 170 0.0141173
65 41 85 170 0.0124697
66 41 85 170 0.0298175
67 41 85 170 0.0398883
68 41 85 170 0.0296176
69 41 85 170 0.0132798
65 42 85 170 0.0276576
66 42 85 170 0.0498445
67 42 85 170 0.0567188
68 42 85 170 0.0437028
69 42 85 170 0.0184559
64 43 85 170 0.014697
65 43 85 170 0.0567707
66 43 85 170 0.10414
67 43 85 170 0.121566
68 43 85 170 0.0945881
69 43 85 170 0.0434405
70 43 85 170 0.0112147
64 44 85 170 0.026975
65 44 85 170 0.0901284
66 44 85 170 0.186249
67 44 85 170 0.236558
68 44 85 170 0.18319
69 44 85 170 0.088211
70 44 85 170 0.0257223
63 45 85 170 0.0100047
64 45 85 170 0.0326272
65 45 85 170 0.11486
66 45 85 170 0.211349
67 45 85 170 0.2549
68 45 85 170 0.207403
69 45 85 170 0.0940642
70 45 85 170 0.0236649
71 45 85 170 0.0106076
63 46 85 170 0.0100272
64 46 85 170 0.0324983
65 46 85 170 0.113638
66 46 85 170 0.206462
67 46 85 170 0.250206
68 46 85 170 0.209316
69 46 85 170 0.0961354
70 46 85 170 0.0247141
71 46 85 170 0.0120236
64 47 85 170 0.0256954
65 47 85 170 0.0887244
66 47 85 170 0.168576
67 47 85 170 0.209708
68 47 85 170 0.174401
69 47 85 170 0.0841178
70 47 85 170 0.0240963
64 48 85 170 0.0137884
65 48 85 170 0.0572989
66 48 85 170 0.0957705
67 48 85 170 0.106624
68 48 85 170 0.0888516
69 48 85 170 0.0411212
70 48 85 170 0.0107313
65 49 85 170 0.0322096
66 49 85 170 0.0603992
67 49 85 170 0.0710663
68 49 85 170 0.0557987
69 49 85 170 0.0271524
65 50 85 170 0.0151548
66 50 85 170 0.0338897
67 50 85 170 0.0445622
68 50 85 170 0.035186
69 50 85 170 0.0184546
67 51 85 170 0.0120417
68 51 85 170 0.0117327
201 59 64 128 0.0108241
202 59 64 128 0.0138605
203 59 64 128 0.0142277
231 59 64 128 0.0117674
232 59 64 128 0.0135959
233 59 64 128 0.011876
234 59 64 128 0.0109805
79 64 64 128 0.0105057
79 65 64 128 0.0106752
78 66 64 128 0.0130373
79 66 64 128 0.0164588
78 67 64 128 0.0112192
79 67 64 128 0.0130564
77 68 64 128 0.0106215
78 68 64 128 0.0123814
79 68 64 128 0.0119754
75 79 64 128 0.0168622
76 79 64 128 0.0137987
77 79 64 128 0.0191821
75 80 64 128 0.0341261
76 80 64 128 0.0343323
77 80 64 128 0.0315051
78 80 64 128 0.0145528
75 81 64 128 0.0519871
76 81 64 128 0.0493618
77 81 64 128 0.0649938
78 81 64 128 0.0285608
74 82 64 128 0.0157054
75 82 64 128 0.0857343
76 82 64 128 0.0897053
77 82 64 128 0.111006
78 82 64 128 0.061876
74 83 64 128 0.0141356
75 83 64 128 0.0993257
76 83 64 128 0.0956285
77 83 64 128 0.141415
78 83 64 128 0.0727
79 83 64 128 0.0108109
74 84 64 128 0.0144409
75 84 64 128 0.102117
76 84 64 128 0.100719
77 84 64 128 0.128196
78 84 64 128 0.051807
75 85 64 128 0.0487212
76 85 64 128 0.0481851
77 85 64 128 0.0663054
78 85 64 128 0.0303933
75 86 64 128 0.0221738
76 86 64 128 0.0290299
77 86 64 128 0.0427352
78 86 64 128 0.0177107
76 87 64 128 0.0146044
77 87 64 128 0.0240515
77 88 64 128 0.0121068
186 92 64 128 0.0113735
187 92 64 128 0.0121082
188 92 64 128 0.0110273
255 95 64 128 0.0115243
17 97 64 128 0.0181362
18 97 64 128 0.0199115
19 97 64 128 0.0124639
21 97 64 128 0.0100529
23 97 64 128 0.0146085
14 98 64 128 0.0130109
15 98 64 128 0.0232721
16 98 64 128 0.0291217
17 98 64 128 0.0641844
18 98 64 128 0.0837261
19 98 64 128 0.0371681
20 98 64 128 0.0289083
21 98 64 128 0.0431936
22 98 64 128 0.048974
23 98 64 128 0.0515377
24 98 64 128 0.0351905
25 98 64 128 0.0258894
26 98 64 128 0.0195538
27 98 64 128 0.0184548
28 98 64 128 0.0120787
29 98 64 128 0.0138169
14 99 64 128 0.0230161
15 99 64 128 0.0571669
16 99 64 128 0.0674709
17 99 64 128 0.15358
18 99 64 128 0.166937
19 99 64 128 0.086971
20 99 64 128 0.0569012
21 99 64 128 0.0812548
22 99 64 128 0.0857053
23 99 64 128 0.101192
24 99 64 128 0.0629989
25 99 64 128 0.0383085
26 99 64 128 0.0257867
27 99 64 128 0.0260149
28 99 64 128 0.017173
29 99 64 128 0.0148606
13 100 64 128 0.0149229
14 100 64 128 0.041754
15 100 64 128 0.105596
16 100 64 128 0.152294
17 100 64 128 0.374301
18 100 64 128 0.346072
19 100 64 128 0.168421
20 100 64 128 0.123777
21 100 64 128 0.148961
22 100 64 128 0.169096
23 100 64 128 0.179136
24 100 64 128 0.0987915
25 100 64 128 0.0606931
26 100 64 128 0.0348723
27 100 64 128 0.0350146
28 100 64 128 0.0242311
29 100 64 128 0.0225083
13 101 64 128 0.0148374
14 101 64 128 0.0428564
15 101 64 128 0.119413
16 101 64 128 0.187888
17 101 64 128 0.444582
18 101 64 128 0.427579
19 101 64 128 0.226651
20 101 64 128 0.148836
21 101 64 128 0.184134
22 101 64 128 0.231371
23 101 64 128 0.249555
24 101 64 128 0.155594
25 101 64 128 0.0713385
26 101 64 128 0.0485905
27 101 64 128 0.0394161
28 101 64 128 0.0325287
29 101 64 128 0.0249251
0 102 64 128 0.0111538
13 102 64 128 0.0162228
14 102 64 128 0.0569462
15 102 64 128 0.146578
16 102 64 128 0.283272
17 102 64 128 0.491648
18 102 64 128 0.592513
19 102 64 128 0.349868
20 102 64 128 0.261866
21 102 64 128 0.297019
22 102 64 128 0.344169
23 102 64 128 0.318195
24 102 64 128 0.19714
25 102 64 128 0.0904555
26 102 64 128 0.0589767
27 102 64 128 0.0522215
28 102 64 128 0.0403262
29 102 64 128 0.0224441
14 103 64 128 0.0326601
15 103 64 128 0.100665
16 103 64 128 0.243813
17 103 64 128 0.418324
18 103 64 128 0.510058
19 103 64 128 0.382464
20 103 64 128 0.270665
21 103 64 128 0.273599
22 103 64 128 0.327551
23 103 64 128 0.325398
24 103 64 128 0.20024
25 103 64 128 0.0686423
26 103 64 128 0.0526055
27 103 64 128 0.0374033
28 103 64 128 0.0410975
29 103 64 128 0.0182224
0 104 64 128 0.0184401
14 104 64 128 0.0289888
15 104 64 128 0.0945894
16 104 64 128 0.246671
17 104 64 128 0.445157
18 104 64 128 0.499761
19 104 64 128 0.360588
20 104 64 128 0.307108
21 104 64 128 0.333824
22 104 64 128 0.350688
23 104 64 128 0.351986
24 104 64 128 0.192913
25 104 64 128 0.0840556
26 104 64 128 0.049572
27 104 64 128 0.0442291
28 104 64 128 0.0467592
29 104 64 128 0.0261009
0 105 64 128 0.0260636
14 105 64 128 0.029375
15 105 64 128 0.0874903
16 105 64 128 0.204289
17 105 64 128 0.386921
18 105 64 128 0.463901
19 105 64 128 0.417613
20 105 64 128 0.342024
21 105 64 128 0.421049
22 105 64 128 0.431111
23 105 64 128 0.447116
24 105 64 128 0.25707
25 105 64 128 0.099606
26 105 64 128 0.070822
27 105 64 128 0.0601024
28 105 64 128 0.0729415
29 105 64 128 0.038556
30 105 64 128 0.0157901
0 106 64 128 0.0608515
1 106 64 128 0.0287633
13 106 64 128 0.0143294
14 106 64 128 0.0485517
15 106 64 128 0.11197
16 106 64 128 0.256691
17 106 64 128 0.345061
18 106 64 128 0.500697
19 106 64 128 0.408656
20 106 64 128 0.372762
21 106 64 128 0.499698
22 106 64 128 0.576806
23 106 64 128 0.575249
24 106 64 128 0.312815
25 106 64 128 0.164084
26 106 64 128 0.145231
27 106 64 128 0.169572
28 106 64 128 0.149186
29 106 64 128 0.0889196
30 106 64 128 0.0348945
0 107 64 128 0.0614312
1 107 64 128 0.0361624
13 107 64 128 0.0165086
14 107 64 128 0.0428669
15 107 64 128 0.103564
16 107 64 128 0.240131
17 107 64 128 0.304788
18 107 64 128 0.404788
19 107 64 128 0.365274
20 107 64 128 0.378477
21 107 64 128 0.451766
22 107 64 128 0.607093
23 107 64 128 0.603772
24 107 64 128 0.411185
25 107 64 128 0.178552
26 107 64 128 0.17815
27 107 64 128 0.183503
28 107 64 128 0.236595
29 107 64 128 0.141094
30 107 64 128 0.0644108
31 107 64 128 0.0148384
0 108 64 128 0.128308
1 108 64 128 0.0793669
2 108 64 128 0.0202047
3 108 64 128 0.0126633
12 108 64 128 0.0116973
13 108 64 128 0.0345605
14 108 64 128 0.0547379
15 108 64 128 0.123995
16 108 64 128 0.224201
17 108 64 128 0.28163
18 108 64 128 0.296353
19 108 64 128 0.261145
20 108 64 128 0.299749
21 108 64 128 0.443683
22 108 64 128 0.562572
23 108 64 128 0.625209
24 108 64 128 0.4121
25 108 64 128 0.248242
26 108 64 128 0.230613
27 108 64 128 0.300967
28 108 64 128 0.337275
29 108 64 128 0.249399
30 108 64 128 0.10971
31 108 64 128 0.0275469
182 108 64 128 0.0114774
0 109 64 128 0.179186
1 109 64 128 0.146158
2 109 64 128 0.0393385
3 109 64 128 0.0330069
12 109 64 128 0.0119349
13 109 64 128 0.0308569
14 109 64 128 0.0426445
15 109 64 128 0.0916307
16 109 64 128 0.160798
17 109 64 128 0.228691
18 109 64 128 0.263009
19 109 64 128 0.274771
20 109 64 128 0.309016
21 109 64 128 0.497106
22 109 64 128 0.575859
23 109 64 128 0.641298
24 109 64 128 0.465156
25 109 64 128 0.308351
26 109 64 128 0.254817
27 109 64 128 0.334539
28 109 64 128 0.363182
29 109 64 128 0.315335
30 109 64 128 0.140173
31 109 64 128 0.0404563
32 109 64 128 0.0101974
35 109 64 128 0.0106796
0 110 64 128 0.280686
1 110 64 128 0.234772
2 110 64 128 0.0750099
3 110 64 128 0.0684491
4 110 64 128 0.0181527
5 110 64 128 0.0122474
7 110 64 128 0.0140765
8 110 64 128 0.0109376
9 110 64 128 0.0186172
10 110 64 128 0.0178051
11 110 64 128 0.0252156
12 110 64 128 0.0293831
13 110 64 128 0.0554678
14 110 64 128 0.0756732
15 110 64 128 0.127663
16 110 64 128 0.196642
17 110 64 128 0.237877
18 110 64 128 0.262156
19 110 64 128 0.246227
20 110 64 128 0.260978
21 110 64 128 0.471937
22 110 64 128 0.534116
23 110 64 128 0.613252
24 110 64 128 0.364747
25 110 64 128 0.275339
26 110 64 128 0.228955
27 110 64 128 0.308575
28 110 64 128 0.280175
29 110 64 128 0.26957
30 110 64 128 0.111521
31 110 64 128 0.0372389
35 110 64 128 0.0131815
181 110 64 128 0.0111134
182 110 64 128 0.0194312
183 110 64 128 0.0188058
184 110 64 128 0.012342
0 111 64 128 0.243744
1 111 64 128 0.209295
2 111 64 128 0.0700471
3 111 64 128 0.0624913
4 111 64 128 0.0194277
5 111 64 128 0.0131329
6 111 64 128 0.0106118
7 111 64 128 0.0178867
8 111 64 128 0.0158433
9 111 64 128 0.0215743
10 111 64 128 0.0160413
11 111 64 128 0.0261703
12 111 64 128 0.0252802
13 111 64 128 0.0383655
14 111 64 128 0.0469895
15 111 64 128 0.0812434
16 111 64 128 0.145205
17 111 64 128 0.162968
18 111 64 128 0.193871
19 111 64 128 0.168855
20 111 64 128 0.193995
21 111 64 128 0.311828
22 111 64 128 0.418641
23 111 64 128 0.443787
24 111 64 128 0.23567
25 111 64 128 0.146192
26 111 64 128 0.128909
27 111 64 128 0.150395
28 111 64 128 0.151851
29 111 64 128 0.14677
30 111 64 128 0.0673573
31 111 64 128 0.0241731
35 111 64 128 0.0106396
182 111 64 128 0.0124805
183 111 64 128 0.014317
184 111 64 128 0.0104166
