48 30 64 128 0.021268
47 31 64 128 0.0249033
48 31 64 128 0.0672924
49 31 64 128 0.0136181
35 32 64 128 0.0117246
47 32 64 128 0.0646242
48 32 64 128 0.152672
49 32 64 128 0.0269422
50 32 64 128 0.0112157
35 33 64 128 0.0106974
36 33 64 128 0.0108416
46 33 64 128 0.0202778
47 33 64 128 0.157828
48 33 64 128 0.285793
49 33 64 128 0.0617718
50 33 64 128 0.0272106
35 34 64 128 0.0116107
46 34 64 128 0.0299834
47 34 64 128 0.274903
48 34 64 128 0.405522
49 34 64 128 0.0936915
50 34 64 128 0.0374256
46 35 64 128 0.0280841
47 35 64 128 0.26851
48 35 64 128 0.497511
49 35 64 128 0.148266
50 35 64 128 0.0743211
46 36 64 128 0.0201879
47 36 64 128 0.237721
48 36 64 128 0.452916
49 36 64 128 0.121867
50 36 64 128 0.065155
254 36 64 128 0.0115953
255 36 64 128 0.0133396
46 37 64 128 0.0129145
47 37 64 128 0.161956
48 37 64 128 0.313898
49 37 64 128 0.0742403
50 37 64 128 0.0522859
253 37 64 128 0.0151632
254 37 64 128 0.0202661
255 37 64 128 0.0219321
47 38 64 128 0.0986009
48 38 64 128 0.24247
49 38 64 128 0.053945
50 38 64 128 0.031227
251 38 64 128 0.0130857
252 38 64 128 0.016462
253 38 64 128 0.0310297
254 38 64 128 0.0349986
255 38 64 128 0.0435634
47 39 64 128 0.0413747
48 39 64 128 0.116292
49 39 64 128 0.0228296
50 39 64 128 0.0150495
250 39 64 128 0.0127354
251 39 64 128 0.0287441
252 39 64 128 0.0336429
253 39 64 128 0.0517141
254 39 64 128 0.0662563
255 39 64 128 0.0787882
47 40 64 128 0.0173298
48 40 64 128 0.0627988
49 40 64 128 0.0106526
250 40 64 128 0.022218
251 40 64 128 0.0478161
252 40 64 128 0.046099
253 40 64 128 0.0736089
254 40 64 128 0.0846443
255 40 64 128 0.102974
48 41 64 128 0.0146899
249 41 64 128 0.0130195
250 41 64 128 0.0359538
251 41 64 128 0.0665584
252 41 64 128 0.0695291
253 41 64 128 0.0995336
254 41 64 128 0.105567
255 41 64 128 0.114911
249 42 64 128 0.0186857
250 42 64 128 0.043317
251 42 64 128 0.0734053
252 42 64 128 0.0724972
253 42 64 128 0.0912163
254 42 64 128 0.0882827
255 42 64 128 0.0932688
247 43 64 128 0.0100005
248 43 64 128 0.0174535
249 43 64 128 0.0289757
250 43 64 128 0.0742196
251 43 64 128 0.104905
252 43 64 128 0.0959715
253 43 64 128 0.0988303
254 43 64 128 0.106376
255 43 64 128 0.097869
247 44 64 128 0.0187792
248 44 64 128 0.0216613
249 44 64 128 0.0387986
250 44 64 128 0.0719057
251 44 64 128 0.0828212
252 44 64 128 0.0642805
253 44 64 128 0.0810739
254 44 64 128 0.0774356
255 44 64 128 0.082012
245 45 64 128 0.0162762
246 45 64 128 0.0215118
247 45 64 128 0.0268836
248 45 64 128 0.0372889
249 45 64 128 0.0476432
250 45 64 128 0.0824032
251 45 64 128 0.0805664
252 45 64 128 0.0714971
253 45 64 128 0.068485
254 45 64 128 0.0663342
255 45 64 128 0.0643436
245 46 64 128 0.0322894
246 46 64 128 0.0287886
247 46 64 128 0.0495054
248 46 64 128 0.0411324
249 46 64 128 0.0499159
250 46 64 128 0.0588113
251 46 64 128 0.0616418
252 46 64 128 0.0456269
253 46 64 128 0.0483669
254 46 64 128 0.0459895
255 46 64 128 0.0455209
244 47 64 128 0.0170454
245 47 64 128 0.0635186
246 47 64 128 0.0633562
247 47 64 128 0.082467
248 47 64 128 0.0591459
249 47 64 128 0.0556233
250 47 64 128 0.0666782
251 47 64 128 0.0607832
252 47 64 128 0.046609
253 47 64 128 0.0397042
254 47 64 128 0.0387004
255 47 64 128 0.0347376
244 48 64 128 0.0216778
245 48 64 128 0.0869721
246 48 64 128 0.0666017
247 48 64 128 0.0752138
248 48 64 128 0.0445982
249 48 64 128 0.039925
250 48 64 128 0.0366173
251 48 64 128 0.0379712
252 48 64 128 0.0248055
253 48 64 128 0.0238274
254 48 64 128 0.0216288
255 48 64 128 0.0196675
244 49 64 128 0.0317905
245 49 64 128 0.0976582
246 49 64 128 0.089522
247 49 64 128 0.0588603
248 49 64 128 0.0440638
249 49 64 128 0.0335995
250 49 64 128 0.0315753
251 49 64 128 0.0200856
252 49 64 128 0.0159417
253 49 64 128 0.0154594
254 49 64 128 0.0121218
243 50 64 128 0.0104831
244 50 64 128 0.030812
245 50 64 128 0.091585
246 50 64 128 0.0592854
247 50 64 128 0.0573704
248 50 64 128 0.0317729
249 50 64 128 0.0203664
250 50 64 128 0.0126699
244 51 64 128 0.0240836
245 51 64 128 0.0650372
246 51 64 128 0.0549059
247 51 64 128 0.045785
248 51 64 128 0.0206989
249 51 64 128 0.0119292
244 52 64 128 0.0169252
245 52 64 128 0.0500788
246 52 64 128 0.0362423
247 52 64 128 0.0306343
248 52 64 128 0.0120507
244 53 64 128 0.0127951
245 53 64 128 0.0270815
246 53 64 128 0.0269921
247 53 64 128 0.0163596
245 54 64 128 0.0188459
246 54 64 128 0.0149272
247 54 64 128 0.0108842
245 55 64 128 0.0143882
246 55 64 128 0.0149414
247 55 64 128 0.0107269
245 56 64 128 0.0118356
246 57 64 128 0.0115229
245 58 64 128 0.0114403
246 58 64 128 0.0111416
228 59 64 128 0.0108231
245 59 64 128 0.0105401
246 59 64 128 0.0103823
245 60 64 128 0.0106563
228 61 64 128 0.0119147
229 61 64 128 0.0128805
229 62 64 128 0.0111769
228 63 64 128 0.012111
229 63 64 128 0.0163938
230 63 64 128 0.0115496
228 64 64 128 0.0109146
229 64 64 128 0.0138884
228 65 64 128 0.0116451
229 65 64 128 0.015606
230 65 64 128 0.0105806
243 69 64 128 0.0116084
244 69 64 128 0.0105249
245 69 64 128 0.0114611
241 70 64 128 0.0118063
242 70 64 128 0.014994
243 70 64 128 0.0232082
244 70 64 128 0.020489
245 70 64 128 0.0228079
246 70 64 128 0.0111815
240 71 64 128 0.0116617
241 71 64 128 0.0222944
242 71 64 128 0.0279958
243 71 64 128 0.0460683
244 71 64 128 0.0365374
245 71 64 128 0.0392217
246 71 64 128 0.020811
247 71 64 128 0.0112955
239 72 64 128 0.0103897
240 72 64 128 0.025718
241 72 64 128 0.0467613
242 72 64 128 0.0633961
243 72 64 128 0.101143
244 72 64 128 0.0926242
245 72 64 128 0.0935515
246 72 64 128 0.0461461
247 72 64 128 0.0237902
248 72 64 128 0.0125118
239 73 64 128 0.0164106
240 73 64 128 0.0401535
241 73 64 128 0.0715339
242 73 64 128 0.0926594
243 73 64 128 0.157597
244 73 64 128 0.150274
245 73 64 128 0.176346
246 73 64 128 0.0851155
247 73 64 128 0.0452541
248 73 64 128 0.0222487
249 73 64 128 0.0142182
250 73 64 128 0.0100874
239 74 64 128 0.0230882
240 74 64 128 0.064988
241 74 64 128 0.115108
242 74 64 128 0.1782
243 74 64 128 0.289047
244 74 64 128 0.269687
245 74 64 128 0.294265
246 74 64 128 0.157929
247 74 64 128 0.0890061
248 74 64 128 0.0417884
249 74 64 128 0.0281972
250 74 64 128 0.0185109
251 74 64 128 0.0158808
252 74 64 128 0.0128978
253 74 64 128 0.010554
239 75 64 128 0.0228903
240 75 64 128 0.0577832
241 75 64 128 0.111996
242 75 64 128 0.161434
243 75 64 128 0.28556
244 75 64 128 0.259737
245 75 64 128 0.303161
246 75 64 128 0.179151
247 75 64 128 0.0974801
248 75 64 128 0.0429892
249 75 64 128 0.0287059
250 75 64 128 0.0170437
251 75 64 128 0.0139004
252 75 64 128 0.0111901
238 76 64 128 0.0117516
239 76 64 128 0.030846
240 76 64 128 0.0767408
241 76 64 128 0.15014
242 76 64 128 0.219936
243 76 64 128 0.365152
244 76 64 128 0.348207
245 76 64 128 0.406509
246 76 64 128 0.235824
247 76 64 128 0.132833
248 76 64 128 0.0500571
249 76 64 128 0.0340327
250 76 64 128 0.0216934
251 76 64 128 0.019506
252 76 64 128 0.0140821
253 76 64 128 0.0117691
238 77 64 128 0.0124487
239 77 64 128 0.028618
240 77 64 128 0.0685598
241 77 64 128 0.13404
242 77 64 128 0.208421
243 77 64 128 0.361802
244 77 64 128 0.347977
245 77 64 128 0.425733
246 77 64 128 0.270713
247 77 64 128 0.15466
248 77 64 128 0.0512737
249 77 64 128 0.031128
250 77 64 128 0.0189918
251 77 64 128 0.0173111
252 77 64 128 0.0123868
253 77 64 128 0.010328
209 78 64 128 0.011635
210 78 64 128 0.0104592
211 78 64 128 0.0150756
212 78 64 128 0.0149089
213 78 64 128 0.0130556
238 78 64 128 0.0200726
239 78 64 128 0.0485042
240 78 64 128 0.106406
241 78 64 128 0.180528
242 78 64 128 0.269048
243 78 64 128 0.430382
244 78 64 128 0.441058
245 78 64 128 0.518822
246 78 64 128 0.350882
247 78 64 128 0.200584
248 78 64 128 0.0658142
249 78 64 128 0.0380412
250 78 64 128 0.021613
251 78 64 128 0.0210386
252 78 64 128 0.0133811
253 78 64 128 0.0102196
238 79 64 128 0.0209975
239 79 64 128 0.0444834
240 79 64 128 0.085371
241 79 64 128 0.145839
242 79 64 128 0.21108
243 79 64 128 0.361136
244 79 64 128 0.342527
245 79 64 128 0.439444
246 79 64 128 0.276387
247 79 64 128 0.150821
248 79 64 128 0.0427624
249 79 64 128 0.0296184
250 79 64 128 0.0154991
251 79 64 128 0.017104
252 79 64 128 0.0104225
208 80 64 128 0.0107687
209 80 64 128 0.0151453
210 80 64 128 0.0117807
211 80 64 128 0.0146682
212 80 64 128 0.012249
213 80 64 128 0.0115897
221 80 64 128 0.0135707
237 80 64 128 0.0119272
238 80 64 128 0.0344475
239 80 64 128 0.072169
240 80 64 128 0.128941
241 80 64 128 0.19716
242 80 64 128 0.233972
243 80 64 128 0.380346
244 80 64 128 0.332825
245 80 64 128 0.409363
246 80 64 128 0.248168
247 80 64 128 0.136768
248 80 64 128 0.0366898
249 80 64 128 0.0232423
250 80 64 128 0.0124667
251 80 64 128 0.0147074
209 81 64 128 0.0101648
221 81 64 128 0.0107861
237 81 64 128 0.0123212
238 81 64 128 0.0259752
239 81 64 128 0.0582905
240 81 64 128 0.0996559
241 81 64 128 0.152397
242 81 64 128 0.153858
243 81 64 128 0.25512
244 81 64 128 0.212474
245 81 64 128 0.274162
246 81 64 128 0.146714
247 81 64 128 0.0812847
248 81 64 128 0.0210208
249 81 64 128 0.0136597
12 82 64 128 0.0136038
208 82 64 128 0.0146656
209 82 64 128 0.0190374
210 82 64 128 0.0142263
211 82 64 128 0.0160778
212 82 64 128 0.0121126
213 82 64 128 0.0117893
220 82 64 128 0.011372
221 82 64 128 0.0177136
222 82 64 128 0.0105636
237 82 64 128 0.0161933
238 82 64 128 0.0361144
239 82 64 128 0.0779072
240 82 64 128 0.119021
241 82 64 128 0.15256
242 82 64 128 0.141567
243 82 64 128 0.232758
244 82 64 128 0.185213
245 82 64 128 0.216397
246 82 64 128 0.119994
247 82 64 128 0.0656037
248 82 64 128 0.0173751
249 82 64 128 0.0113411
208 83 64 128 0.0108497
209 83 64 128 0.0138368
221 83 64 128 0.0118168
237 83 64 128 0.0193441
238 83 64 128 0.0336215
239 83 64 128 0.0592959
240 83 64 128 0.0715035
241 83 64 128 0.0921424
242 83 64 128 0.0772328
243 83 64 128 0.129893
244 83 64 128 0.0802234
245 83 64 128 0.105001
246 83 64 128 0.0559648
247 83 64 128 0.0319053
208 84 64 128 0.0147173
209 84 64 128 0.018172
210 84 64 128 0.010511
221 84 64 128 0.0137993
236 84 64 128 0.0110878
237 84 64 128 0.0238883
238 84 64 128 0.0447719
239 84 64 128 0.081512
240 84 64 128 0.102452
241 84 64 128 0.118818
242 84 64 128 0.0909095
243 84 64 128 0.135546
244 84 64 128 0.0821617
245 84 64 128 0.100061
246 84 64 128 0.0532784
247 84 64 128 0.0317933
236 85 64 128 0.0147136
237 85 64 128 0.0282247
238 85 64 128 0.0414015
239 85 64 128 0.0777748
240 85 64 128 0.0788707
241 85 64 128 0.0882153
242 85 64 128 0.0582762
243 85 64 128 0.088021
244 85 64 128 0.0501655
245 85 64 128 0.0589812
246 85 64 128 0.0322309
247 85 64 128 0.0187989
208 86 64 128 0.0130803
209 86 64 128 0.0136537
236 86 64 128 0.0209338
237 86 64 128 0.0404918
238 86 64 128 0.0569741
239 86 64 128 0.0900869
240 86 64 128 0.0894197
241 86 64 128 0.0934984
242 86 64 128 0.0533778
243 86 64 128 0.0830077
244 86 64 128 0.0487255
245 86 64 128 0.0545136
246 86 64 128 0.0272309
247 86 64 128 0.0160579
236 87 64 128 0.0236534
237 87 64 128 0.0420507
238 87 64 128 0.0560762
239 87 64 128 0.0756522
240 87 64 128 0.0669982
241 87 64 128 0.0602788
242 87 64 128 0.0367624
243 87 64 128 0.0534658
244 87 64 128 0.0282711
245 87 64 128 0.0332675
246 87 64 128 0.0174416
247 87 64 128 0.0106738
235 88 64 128 0.0115491
236 88 64 128 0.0309835
237 88 64 128 0.0498345
238 88 64 128 0.0745713
239 88 64 128 0.099626
240 88 64 128 0.0931165
241 88 64 128 0.0811015
242 88 64 128 0.0459846
243 88 64 128 0.0618974
244 88 64 128 0.0338841
245 88 64 128 0.0353116
246 88 64 128 0.01843
247 88 64 128 0.01161
234 89 64 128 0.0109608
235 89 64 128 0.020174
236 89 64 128 0.048499
237 89 64 128 0.0701262
238 89 64 128 0.0783155
239 89 64 128 0.105381
240 89 64 128 0.0800166
241 89 64 128 0.0640479
242 89 64 128 0.0339524
243 89 64 128 0.0483984
244 89 64 128 0.0262487
245 89 64 128 0.0286127
246 89 64 128 0.0153325
232 90 64 128 0.0111054
234 90 64 128 0.0197529
235 90 64 128 0.0313688
236 90 64 128 0.0700648
237 90 64 128 0.0990059
238 90 64 128 0.112423
239 90 64 128 0.131269
240 90 64 128 0.101301
241 90 64 128 0.0757654
242 90 64 128 0.0407371
243 90 64 128 0.0562615
244 90 64 128 0.0331638
245 90 64 128 0.0339769
246 90 64 128 0.0179992
247 90 64 128 0.0102263
230 91 64 128 0.0122866
231 91 64 128 0.0104565
232 91 64 128 0.0144204
233 91 64 128 0.0122624
234 91 64 128 0.0247016
235 91 64 128 0.0411569
236 91 64 128 0.0811461
237 91 64 128 0.1056
238 91 64 128 0.110532
239 91 64 128 0.125977
240 91 64 128 0.0936851
241 91 64 128 0.0691172
242 91 64 128 0.0398497
243 91 64 128 0.054484
244 91 64 128 0.0329865
245 91 64 128 0.0310634
246 91 64 128 0.0181827
247 91 64 128 0.0101379
230 92 64 128 0.0115518
232 92 64 128 0.0138738
233 92 64 128 0.0106356
234 92 64 128 0.0218021
235 92 64 128 0.0337063
236 92 64 128 0.0740297
237 92 64 128 0.083484
238 92 64 128 0.0930719
239 92 64 128 0.113483
240 92 64 128 0.0941218
241 92 64 128 0.0755818
242 92 64 128 0.0438704
243 92 64 128 0.0610715
244 92 64 128 0.04001
245 92 64 128 0.0341403
246 92 64 128 0.0192551
247 92 64 128 0.0121177
230 93 64 128 0.0147374
231 93 64 128 0.0122861
232 93 64 128 0.0195097
233 93 64 128 0.0175523
234 93 64 128 0.0299489
235 93 64 128 0.0455598
236 93 64 128 0.0793008
237 93 64 128 0.0995696
238 93 64 128 0.0858735
239 93 64 128 0.116592
240 93 64 128 0.0841062
241 93 64 128 0.0657375
242 93 64 128 0.0386393
243 93 64 128 0.0582036
244 93 64 128 0.0432302
245 93 64 128 0.0412607
246 93 64 128 0.0233823
247 93 64 128 0.0132536
230 94 64 128 0.0148827
231 94 64 128 0.0115053
232 94 64 128 0.0156245
233 94 64 128 0.0132255
234 94 64 128 0.0244471
235 94 64 128 0.0325884
236 94 64 128 0.0650192
237 94 64 128 0.0671792
238 94 64 128 0.068044
239 94 64 128 0.0793207
240 94 64 128 0.0687896
241 94 64 128 0.0544547
242 94 64 128 0.0372554
243 94 64 128 0.0550855
244 94 64 128 0.0433302
245 94 64 128 0.0389879
246 94 64 128 0.0243728
247 94 64 128 0.0151146
230 95 64 128 0.0101579
234 95 64 128 0.0153686
235 95 64 128 0.0226609
236 95 64 128 0.0373963
237 95 64 128 0.0408903
238 95 64 128 0.0389477
239 95 64 128 0.0452664
240 95 64 128 0.0413555
241 95 64 128 0.0375398
242 95 64 128 0.0257036
243 95 64 128 0.0406089
244 95 64 128 0.0354773
245 95 64 128 0.0327086
246 95 64 128 0.0213628
247 95 64 128 0.0134837
234 96 64 128 0.0126196
235 96 64 128 0.0150536
236 96 64 128 0.0315732
237 96 64 128 0.0356884
238 96 64 128 0.0371271
239 96 64 128 0.0399371
240 96 64 128 0.0413484
241 96 64 128 0.0390378
242 96 64 128 0.0302539
243 96 64 128 0.0441687
244 96 64 128 0.0396883
245 96 64 128 0.0344256
246 96 64 128 0.0233268
247 96 64 128 0.0140778
234 97 64 128 0.010524
235 97 64 128 0.0134577
236 97 64 128 0.0270572
237 97 64 128 0.0346747
238 97 64 128 0.0317713
239 97 64 128 0.0353803
240 97 64 128 0.0386535
241 97 64 128 0.0388317
242 97 64 128 0.0309835
243 97 64 128 0.049337
244 97 64 128 0.0438553
245 97 64 128 0.0364742
246 97 64 128 0.0246323
247 97 64 128 0.0142352
235 98 64 128 0.0100306
236 98 64 128 0.0187038
237 98 64 128 0.0244976
238 98 64 128 0.0237236
239 98 64 128 0.0262798
240 98 64 128 0.0294292
241 98 64 128 0.0295995
242 98 64 128 0.0298966
243 98 64 128 0.0483262
244 98 64 128 0.0490533
245 98 64 128 0.039953
246 98 64 128 0.0279044
247 98 64 128 0.0153569
236 99 64 128 0.0130906
237 99 64 128 0.0172919
238 99 64 128 0.0204063
239 99 64 128 0.0269455
240 99 64 128 0.0285824
241 99 64 128 0.0279968
242 99 64 128 0.0284595
243 99 64 128 0.0465683
244 99 64 128 0.048022
245 99 64 128 0.0430338
246 99 64 128 0.0306393
247 99 64 128 0.0156658
236 100 64 128 0.010466
237 100 64 128 0.014436
238 100 64 128 0.0182779
239 100 64 128 0.0229939
240 100 64 128 0.0257497
241 100 64 128 0.0289218
242 100 64 128 0.0329197
243 100 64 128 0.046753
244 100 64 128 0.0519656
245 100 64 128 0.0456786
246 100 64 128 0.0372884
247 100 64 128 0.0216679
248 100 64 128 0.0107246
237 101 64 128 0.0146485
238 101 64 128 0.0175844
239 101 64 128 0.0211855
240 101 64 128 0.0225781
241 101 64 128 0.027151
242 101 64 128 0.0324512
243 101 64 128 0.0492536
244 101 64 128 0.0521557
245 101 64 128 0.0483457
246 101 64 128 0.0354134
247 101 64 128 0.0226564
248 101 64 128 0.0117533
237 102 64 128 0.0139056
238 102 64 128 0.0150693
239 102 64 128 0.0191544
240 102 64 128 0.0198661
241 102 64 128 0.0232111
242 102 64 128 0.0282691
243 102 64 128 0.0441561
244 102 64 128 0.0472264
245 102 64 128 0.0460015
246 102 64 128 0.0369781
247 102 64 128 0.0244542
248 102 64 128 0.0144893
237 103 64 128 0.0125806
238 103 64 128 0.0132652
239 103 64 128 0.016618
240 103 64 128 0.0170531
241 103 64 128 0.0208169
242 103 64 128 0.0219117
243 103 64 128 0.0355148
244 103 64 128 0.039104
245 103 64 128 0.0358633
246 103 64 128 0.0291055
247 103 64 128 0.0190992
248 103 64 128 0.0114919
237 104 64 128 0.0120429
238 104 64 128 0.0128713
239 104 64 128 0.0171484
240 104 64 128 0.0194439
241 104 64 128 0.0228935
242 104 64 128 0.0241011
243 104 64 128 0.0335134
244 104 64 128 0.0376592
245 104 64 128 0.0343475
246 104 64 128 0.0313314
247 104 64 128 0.0234692
248 104 64 128 0.0141358
237 105 64 128 0.0104456
238 105 64 128 0.0115818
239 105 64 128 0.0154031
240 105 64 128 0.0175489
241 105 64 128 0.0224715
242 105 64 128 0.0217435
243 105 64 128 0.0327574
244 105 64 128 0.0341356
245 105 64 128 0.0322265
246 105 64 128 0.0289532
247 105 64 128 0.0228142
248 105 64 128 0.0151927
249 105 64 128 0.0111799
237 106 64 128 0.0108841
238 106 64 128 0.0123315
239 106 64 128 0.0162966
240 106 64 128 0.0182476
241 106 64 128 0.0207056
242 106 64 128 0.022306
243 106 64 128 0.0333858
244 106 64 128 0.0326316
245 106 64 128 0.0307985
246 106 64 128 0.0293584
247 106 64 128 0.0228847
248 106 64 128 0.01634
249 106 64 128 0.0133858
53 107 64 128 0.0133163
239 107 64 128 0.0117756
240 107 64 128 0.0136593
241 107 64 128 0.0167648
242 107 64 128 0.0156501
243 107 64 128 0.023404
244 107 64 128 0.0232386
245 107 64 128 0.0235926
246 107 64 128 0.0201083
247 107 64 128 0.0183972
248 107 64 128 0.0134443
249 107 64 128 0.0111698
49 108 64 128 0.0102291
50 108 64 128 0.01306
52 108 64 128 0.0101029
53 108 64 128 0.0246694
54 108 64 128 0.0103809
240 108 64 128 0.0107356
241 108 64 128 0.012897
242 108 64 128 0.0130526
243 108 64 128 0.0162597
244 108 64 128 0.0162745
245 108 64 128 0.0157292
246 108 64 128 0.0140135
247 108 64 128 0.014008
248 108 64 128 0.0111784
49 109 64 128 0.0201319
50 109 64 128 0.0218879
51 109 64 128 0.0129765
52 109 64 128 0.0126566
53 109 64 128 0.0301837
54 109 64 128 0.0116723
46 110 64 128 0.0102748
48 110 64 128 0.0164571
49 110 64 128 0.0254863
50 110 64 128 0.0294727
51 110 64 128 0.0136726
52 110 64 128 0.0169056
53 110 64 128 0.0295513
54 110 64 128 0.0117719
46 111 64 128 0.0102902
48 111 64 128 0.0209709
49 111 64 128 0.0384682
50 111 64 128 0.0419249
51 111 64 128 0.0194128
52 111 64 128 0.0218032
53 111 64 128 0.0376753
54 111 64 128 0.0127715
