176 86 64 128 0.0116902
178 86 64 128 0.0116535
213 86 64 128 0.0107387
214 86 64 128 0.0133306
215 86 64 128 0.0112221
172 87 64 128 0.0103054
173 87 64 128 0.0161008
174 87 64 128 0.0293919
175 87 64 128 0.026694
176 87 64 128 0.0445912
177 87 64 128 0.0436594
178 87 64 128 0.0440349
179 87 64 128 0.0213225
180 87 64 128 0.0141846
211 87 64 128 0.0150791
212 87 64 128 0.0278346
213 87 64 128 0.0319556
214 87 64 128 0.0415356
215 87 64 128 0.0341134
216 87 64 128 0.0267482
173 88 64 128 0.0144114
174 88 64 128 0.0283263
175 88 64 128 0.0293872
176 88 64 128 0.0554484
177 88 64 128 0.0656974
178 88 64 128 0.0662952
179 88 64 128 0.0349199
180 88 64 128 0.0269574
181 88 64 128 0.0146446
210 88 64 128 0.0119822
211 88 64 128 0.0233755
212 88 64 128 0.045686
213 88 64 128 0.0557557
214 88 64 128 0.0799184
215 88 64 128 0.063839
216 88 64 128 0.0454684
217 88 64 128 0.0138795
172 89 64 128 0.0152477
173 89 64 128 0.0259464
174 89 64 128 0.0470641
175 89 64 128 0.0530282
176 89 64 128 0.107099
177 89 64 128 0.116674
178 89 64 128 0.135419
179 89 64 128 0.0908457
180 89 64 128 0.0768285
181 89 64 128 0.0435859
182 89 64 128 0.0278603
209 89 64 128 0.0100252
210 89 64 128 0.0264028
211 89 64 128 0.0528184
212 89 64 128 0.10879
213 89 64 128 0.140991
214 89 64 128 0.187405
215 89 64 128 0.165055
216 89 64 128 0.13057
217 89 64 128 0.0408579
218 89 64 128 0.0233244
164 90 64 128 0.0127348
166 90 64 128 0.0116102
172 90 64 128 0.0130211
173 90 64 128 0.0164736
174 90 64 128 0.0350074
175 90 64 128 0.041579
176 90 64 128 0.0795633
177 90 64 128 0.0912156
178 90 64 128 0.118049
179 90 64 128 0.0946398
180 90 64 128 0.0753145
181 90 64 128 0.0464707
182 90 64 128 0.0370829
183 90 64 128 0.0128569
209 90 64 128 0.0133376
210 90 64 128 0.0332278
211 90 64 128 0.0720217
212 90 64 128 0.172785
213 90 64 128 0.212926
214 90 64 128 0.272804
215 90 64 128 0.251091
216 90 64 128 0.206615
217 90 64 128 0.0576851
218 90 64 128 0.0313277
219 90 64 128 0.0114823
235 90 64 128 0.0137591
160 91 64 128 0.0147582
161 91 64 128 0.0142927
162 91 64 128 0.0271913
163 91 64 128 0.0268828
164 91 64 128 0.070034
165 91 64 128 0.0423182
166 91 64 128 0.0450399
167 91 64 128 0.0144965
168 91 64 128 0.0192978
169 91 64 128 0.0117175
170 91 64 128 0.014306
172 91 64 128 0.0183958
173 91 64 128 0.0193404
174 91 64 128 0.0372926
175 91 64 128 0.0406383
176 91 64 128 0.0838712
177 91 64 128 0.10324
178 91 64 128 0.133441
179 91 64 128 0.124814
180 91 64 128 0.106349
181 91 64 128 0.0767786
182 91 64 128 0.0610809
183 91 64 128 0.0210704
184 91 64 128 0.0123559
208 91 64 128 0.0114528
209 91 64 128 0.0238553
210 91 64 128 0.0626981
211 91 64 128 0.136835
212 91 64 128 0.300246
213 91 64 128 0.356804
214 91 64 128 0.452319
215 91 64 128 0.391304
216 91 64 128 0.321576
217 91 64 128 0.114733
218 91 64 128 0.0627132
219 91 64 128 0.0186976
233 91 64 128 0.0164424
234 91 64 128 0.0181601
235 91 64 128 0.0343903
236 91 64 128 0.0161535
237 91 64 128 0.0148618
160 92 64 128 0.0108277
161 92 64 128 0.0126401
162 92 64 128 0.0322328
163 92 64 128 0.0308804
164 92 64 128 0.0934856
165 92 64 128 0.0505517
166 92 64 128 0.0513485
167 92 64 128 0.0126638
168 92 64 128 0.0144891
175 92 64 128 0.010567
176 92 64 128 0.0189919
177 92 64 128 0.0280701
178 92 64 128 0.0417092
179 92 64 128 0.0379105
180 92 64 128 0.0432347
181 92 64 128 0.0336455
182 92 64 128 0.0270146
209 92 64 128 0.0204892
210 92 64 128 0.0627057
211 92 64 128 0.11629
212 92 64 128 0.28281
213 92 64 128 0.309098
214 92 64 128 0.420353
215 92 64 128 0.336311
216 92 64 128 0.296516
217 92 64 128 0.100166
218 92 64 128 0.0612444
219 92 64 128 0.0173135
233 92 64 128 0.0211933
234 92 64 128 0.021624
235 92 64 128 0.0425333
236 92 64 128 0.0191091
237 92 64 128 0.0166453
159 93 64 128 0.0110992
160 93 64 128 0.026189
161 93 64 128 0.0316268
162 93 64 128 0.0811368
163 93 64 128 0.0772489
164 93 64 128 0.201648
165 93 64 128 0.0971924
166 93 64 128 0.0983601
167 93 64 128 0.0214442
168 93 64 128 0.0241145
176 93 64 128 0.0102297
177 93 64 128 0.0132163
178 93 64 128 0.021836
179 93 64 128 0.0208458
180 93 64 128 0.0268019
181 93 64 128 0.0254508
182 93 64 128 0.0256034
183 93 64 128 0.0100921
209 93 64 128 0.0166324
210 93 64 128 0.0542682
211 93 64 128 0.112772
212 93 64 128 0.291436
213 93 64 128 0.300377
214 93 64 128 0.416892
215 93 64 128 0.350323
216 93 64 128 0.283339
217 93 64 128 0.116977
218 93 64 128 0.0753992
219 93 64 128 0.0216282
231 93 64 128 0.0102224
232 93 64 128 0.0157635
233 93 64 128 0.0438627
234 93 64 128 0.0544267
235 93 64 128 0.0858409
236 93 64 128 0.0410545
237 93 64 128 0.0278536
238 93 64 128 0.0102467
160 94 64 128 0.0148476
161 94 64 128 0.0188217
162 94 64 128 0.0630925
163 94 64 128 0.0538224
164 94 64 128 0.151213
165 94 64 128 0.0637652
166 94 64 128 0.0809238
167 94 64 128 0.0138274
168 94 64 128 0.0152075
181 94 64 128 0.0115229
182 94 64 128 0.0141566
209 94 64 128 0.013741
210 94 64 128 0.0415616
211 94 64 128 0.0921798
212 94 64 128 0.263238
213 94 64 128 0.258382
214 94 64 128 0.354567
215 94 64 128 0.311796
216 94 64 128 0.24615
217 94 64 128 0.0951771
218 94 64 128 0.0632487
219 94 64 128 0.0200017
220 94 64 128 0.0107706
231 94 64 128 0.0166325
232 94 64 128 0.0211293
233 94 64 128 0.0646296
234 94 64 128 0.0614792
235 94 64 128 0.107505
236 94 64 128 0.0397216
237 94 64 128 0.0324755
238 94 64 128 0.0109551
160 95 64 128 0.0192838
161 95 64 128 0.0294021
162 95 64 128 0.0830767
163 95 64 128 0.0814788
164 95 64 128 0.18362
165 95 64 128 0.0814226
166 95 64 128 0.0907902
167 95 64 128 0.0160567
168 95 64 128 0.0151143
181 95 64 128 0.0110895
182 95 64 128 0.0183259
183 95 64 128 0.010782
184 95 64 128 0.0101514
209 95 64 128 0.0139884
210 95 64 128 0.0449602
211 95 64 128 0.104939
212 95 64 128 0.272679
213 95 64 128 0.283907
214 95 64 128 0.353252
215 95 64 128 0.319054
216 95 64 128 0.260721
217 95 64 128 0.105429
218 95 64 128 0.0653673
219 95 64 128 0.0234189
220 95 64 128 0.0130016
231 95 64 128 0.0263422
232 95 64 128 0.031252
233 95 64 128 0.0801317
234 95 64 128 0.0861715
235 95 64 128 0.137292
236 95 64 128 0.0559152
237 95 64 128 0.035835
238 95 64 128 0.01317
161 96 64 128 0.0156231
162 96 64 128 0.0483261
163 96 64 128 0.0442366
164 96 64 128 0.124635
165 96 64 128 0.0569367
166 96 64 128 0.0618336
209 96 64 128 0.0114229
210 96 64 128 0.0370974
211 96 64 128 0.0935653
212 96 64 128 0.213845
213 96 64 128 0.232408
214 96 64 128 0.326752
215 96 64 128 0.237903
216 96 64 128 0.197092
217 96 64 128 0.07261
218 96 64 128 0.0531692
219 96 64 128 0.0151089
231 96 64 128 0.025158
232 96 64 128 0.0281081
233 96 64 128 0.0790063
234 96 64 128 0.07408
235 96 64 128 0.123134
236 96 64 128 0.0518681
237 96 64 128 0.0332933
238 96 64 128 0.0119074
161 97 64 128 0.011411
162 97 64 128 0.0393645
163 97 64 128 0.0351848
164 97 64 128 0.0887603
165 97 64 128 0.0338096
166 97 64 128 0.0365152
182 97 64 128 0.0107833
184 97 64 128 0.0106533
210 97 64 128 0.0296248
211 97 64 128 0.0712247
212 97 64 128 0.183353
213 97 64 128 0.199129
214 97 64 128 0.256299
215 97 64 128 0.198345
216 97 64 128 0.165481
217 97 64 128 0.0702205
218 97 64 128 0.0512221
219 97 64 128 0.0164903
220 97 64 128 0.0103563
231 97 64 128 0.0258878
232 97 64 128 0.0345161
233 97 64 128 0.0739013
234 97 64 128 0.0784071
235 97 64 128 0.111851
236 97 64 128 0.0524282
237 97 64 128 0.0289846
238 97 64 128 0.0123333
162 98 64 128 0.0187764
163 98 64 128 0.017922
164 98 64 128 0.0471397
165 98 64 128 0.0200436
166 98 64 128 0.0211715
184 98 64 128 0.0110318
210 98 64 128 0.0277735
211 98 64 128 0.0658199
212 98 64 128 0.174612
213 98 64 128 0.173237
214 98 64 128 0.210075
215 98 64 128 0.139634
216 98 64 128 0.113774
217 98 64 128 0.044769
218 98 64 128 0.0399174
219 98 64 128 0.0144428
220 98 64 128 0.0113974
231 98 64 128 0.0267906
232 98 64 128 0.03012
233 98 64 128 0.0723208
234 98 64 128 0.0696433
235 98 64 128 0.110691
236 98 64 128 0.0465761
237 98 64 128 0.0300356
238 98 64 128 0.0117408
162 99 64 128 0.0162072
163 99 64 128 0.0161814
164 99 64 128 0.0359885
165 99 64 128 0.0180139
166 99 64 128 0.0201944
182 99 64 128 0.0105172
184 99 64 128 0.0119473
209 99 64 128 0.0107898
210 99 64 128 0.0336392
211 99 64 128 0.0700241
212 99 64 128 0.175012
213 99 64 128 0.175307
214 99 64 128 0.206606
215 99 64 128 0.14729
216 99 64 128 0.104602
217 99 64 128 0.0418726
218 99 64 128 0.0360918
219 99 64 128 0.0171194
220 99 64 128 0.0121271
231 99 64 128 0.0264455
232 99 64 128 0.0314262
233 99 64 128 0.068802
234 99 64 128 0.068458
235 99 64 128 0.12361
236 99 64 128 0.0548403
237 99 64 128 0.0360201
238 99 64 128 0.0139872
164 100 64 128 0.0217021
165 100 64 128 0.0120349
166 100 64 128 0.0125863
209 100 64 128 0.0117845
210 100 64 128 0.0363986
211 100 64 128 0.0792859
212 100 64 128 0.168462
213 100 64 128 0.174349
214 100 64 128 0.205045
215 100 64 128 0.11726
216 100 64 128 0.0849097
217 100 64 128 0.033879
218 100 64 128 0.0252243
219 100 64 128 0.0102775
231 100 64 128 0.0202077
232 100 64 128 0.0244848
233 100 64 128 0.0563579
234 100 64 128 0.0560796
235 100 64 128 0.102502
236 100 64 128 0.0494405
237 100 64 128 0.0334444
238 100 64 128 0.0134086
164 101 64 128 0.012531
209 101 64 128 0.0116543
210 101 64 128 0.0295432
211 101 64 128 0.0767044
212 101 64 128 0.154728
213 101 64 128 0.159524
214 101 64 128 0.164945
215 101 64 128 0.117001
216 101 64 128 0.0823136
217 101 64 128 0.0326808
218 101 64 128 0.0231209
219 101 64 128 0.0110648
231 101 64 128 0.0247756
232 101 64 128 0.0309755
233 101 64 128 0.0570892
234 101 64 128 0.0714829
235 101 64 128 0.11585
236 101 64 128 0.0646528
237 101 64 128 0.0378984
238 101 64 128 0.0171283
209 102 64 128 0.0111234
210 102 64 128 0.0286797
211 102 64 128 0.0714752
212 102 64 128 0.164847
213 102 64 128 0.170479
214 102 64 128 0.17406
215 102 64 128 0.109278
216 102 64 128 0.0800021
217 102 64 128 0.0346515
218 102 64 128 0.0264953
219 102 64 128 0.0127956
229 102 64 128 0.0138791
230 102 64 128 0.0150979
231 102 64 128 0.0360525
232 102 64 128 0.0460936
233 102 64 128 0.0934052
234 102 64 128 0.117252
235 102 64 128 0.199684
236 102 64 128 0.107624
237 102 64 128 0.0657812
238 102 64 128 0.0252403
239 102 64 128 0.0155993
209 103 64 128 0.0108057
210 103 64 128 0.0278171
211 103 64 128 0.0745225
212 103 64 128 0.156152
213 103 64 128 0.170266
214 103 64 128 0.176577
215 103 64 128 0.114243
216 103 64 128 0.0753925
217 103 64 128 0.0350075
218 103 64 128 0.0322644
219 103 64 128 0.017732
220 103 64 128 0.0126153
229 103 64 128 0.019233
230 103 64 128 0.024017
231 103 64 128 0.0553426
232 103 64 128 0.0693496
233 103 64 128 0.144812
234 103 64 128 0.194991
235 103 64 128 0.290075
236 103 64 128 0.184656
237 103 64 128 0.129812
238 103 64 128 0.0581359
239 103 64 128 0.0295141
240 103 64 128 0.0138872
210 104 64 128 0.0211014
211 104 64 128 0.0528078
212 104 64 128 0.120382
213 104 64 128 0.144804
214 104 64 128 0.154827
215 104 64 128 0.0940281
216 104 64 128 0.0729906
217 104 64 128 0.0400911
218 104 64 128 0.0351302
219 104 64 128 0.0175119
220 104 64 128 0.015342
221 104 64 128 0.0102989
227 104 64 128 0.0105097
228 104 64 128 0.0136138
229 104 64 128 0.0271162
230 104 64 128 0.0386927
231 104 64 128 0.0753919
232 104 64 128 0.100083
233 104 64 128 0.198301
234 104 64 128 0.287499
235 104 64 128 0.386648
236 104 64 128 0.284744
237 104 64 128 0.204118
238 104 64 128 0.0930354
239 104 64 128 0.0467092
240 104 64 128 0.0212978
241 104 64 128 0.011152
211 105 64 128 0.0237931
212 105 64 128 0.0565314
213 105 64 128 0.0812346
214 105 64 128 0.0899191
215 105 64 128 0.0679158
216 105 64 128 0.0541095
217 105 64 128 0.032834
218 105 64 128 0.0328134
219 105 64 128 0.0232036
220 105 64 128 0.0199964
221 105 64 128 0.0157528
222 105 64 128 0.0160336
223 105 64 128 0.0119412
225 105 64 128 0.0132259
226 105 64 128 0.0142577
227 105 64 128 0.0204504
228 105 64 128 0.0297297
229 105 64 128 0.0527252
230 105 64 128 0.0753646
231 105 64 128 0.120146
232 105 64 128 0.16253
233 105 64 128 0.263317
234 105 64 128 0.401398
235 105 64 128 0.508161
236 105 64 128 0.433726
237 105 64 128 0.290298
238 105 64 128 0.153249
239 105 64 128 0.069219
240 105 64 128 0.0361348
241 105 64 128 0.0182773
242 105 64 128 0.0100128
211 106 64 128 0.0167491
212 106 64 128 0.0353856
213 106 64 128 0.0548035
214 106 64 128 0.0652829
215 106 64 128 0.0532848
216 106 64 128 0.0456801
217 106 64 128 0.0308066
218 106 64 128 0.0315173
219 106 64 128 0.0239932
220 106 64 128 0.0252868
221 106 64 128 0.021034
222 106 64 128 0.0199898
223 106 64 128 0.0162503
224 106 64 128 0.0138823
225 106 64 128 0.0191489
226 106 64 128 0.021148
227 106 64 128 0.0320999
228 106 64 128 0.0418836
229 106 64 128 0.0649655
230 106 64 128 0.0814774
231 106 64 128 0.119985
232 106 64 128 0.155646
233 106 64 128 0.248131
234 106 64 128 0.366211
235 106 64 128 0.481945
236 106 64 128 0.38968
237 106 64 128 0.282221
238 106 64 128 0.147033
239 106 64 128 0.0817162
240 106 64 128 0.0385703
241 106 64 128 0.0183284
242 106 64 128 0.0106917
212 107 64 128 0.0163718
213 107 64 128 0.029069
214 107 64 128 0.037922
215 107 64 128 0.0335949
216 107 64 128 0.0295793
217 107 64 128 0.0219972
218 107 64 128 0.0242217
219 107 64 128 0.021919
220 107 64 128 0.024228
221 107 64 128 0.0218036
222 107 64 128 0.0205928
223 107 64 128 0.0186358
224 107 64 128 0.0174718
225 107 64 128 0.0224918
226 107 64 128 0.021997
227 107 64 128 0.0332414
228 107 64 128 0.044777
229 107 64 128 0.0708233
230 107 64 128 0.0978397
231 107 64 128 0.13118
232 107 64 128 0.168198
233 107 64 128 0.230276
234 107 64 128 0.352736
235 107 64 128 0.427697
236 107 64 128 0.335924
237 107 64 128 0.246937
238 107 64 128 0.133984
239 107 64 128 0.0694333
240 107 64 128 0.0344232
241 107 64 128 0.0164161
212 108 64 128 0.0108065
213 108 64 128 0.0217127
214 108 64 128 0.0269452
215 108 64 128 0.0271985
216 108 64 128 0.0257823
217 108 64 128 0.0209989
218 108 64 128 0.0224562
219 108 64 128 0.0185857
220 108 64 128 0.0179963
221 108 64 128 0.017674
222 108 64 128 0.0161337
223 108 64 128 0.0153221
224 108 64 128 0.0136059
225 108 64 128 0.0154173
226 108 64 128 0.0152007
227 108 64 128 0.0227932
228 108 64 128 0.0323142
229 108 64 128 0.0409539
230 108 64 128 0.051193
231 108 64 128 0.0654557
232 108 64 128 0.089764
233 108 64 128 0.1365
234 108 64 128 0.206062
235 108 64 128 0.256916
236 108 64 128 0.204165
237 108 64 128 0.151892
238 108 64 128 0.0802757
239 108 64 128 0.0422671
240 108 64 128 0.0218402
241 108 64 128 0.011157
215 109 64 128 0.0100433
216 109 64 128 0.0104868
217 109 64 128 0.0100917
218 109 64 128 0.0109847
219 109 64 128 0.0107476
220 109 64 128 0.0107993
221 109 64 128 0.0103131
225 109 64 128 0.0107456
226 109 64 128 0.0111054
227 109 64 128 0.0179024
228 109 64 128 0.0277096
229 109 64 128 0.0320233
230 109 64 128 0.0401159
231 109 64 128 0.0466748
232 109 64 128 0.0600492
233 109 64 128 0.0858165
234 109 64 128 0.121371
235 109 64 128 0.146317
236 109 64 128 0.105411
237 109 64 128 0.0674918
238 109 64 128 0.0345392
239 109 64 128 0.0208517
228 110 64 128 0.0115152
229 110 64 128 0.0130511
230 110 64 128 0.0170281
231 110 64 128 0.0202399
232 110 64 128 0.0259522
233 110 64 128 0.0341865
234 110 64 128 0.0447925
235 110 64 128 0.0527383
236 110 64 128 0.0324315
237 110 64 128 0.0214754
238 110 64 128 0.0117428
232 111 64 128 0.0117638
233 111 64 128 0.0137503
234 111 64 128 0.0200783
235 111 64 128 0.0208981
236 111 64 128 0.0140991
