22 62 85 170 0.0126446
23 62 85 170 0.0178002
24 62 85 170 0.0139285
25 62 85 170 0.017335
26 62 85 170 0.0219166
27 62 85 170 0.0246724
28 62 85 170 0.0239691
29 62 85 170 0.0133859
22 63 85 170 0.0210233
23 63 85 170 0.029791
24 63 85 170 0.0238929
25 63 85 170 0.0306428
26 63 85 170 0.0396147
27 63 85 170 0.0464726
28 63 85 170 0.0466825
29 63 85 170 0.0251704
22 64 85 170 0.0130161
23 64 85 170 0.0193637
24 64 85 170 0.0178512
25 64 85 170 0.0319744
26 64 85 170 0.0482276
27 64 85 170 0.0636199
28 64 85 170 0.068003
29 64 85 170 0.0334115
22 65 85 170 0.025611
23 65 85 170 0.0392099
24 65 85 170 0.0479276
25 65 85 170 0.0848504
26 65 85 170 0.145102
27 65 85 170 0.194927
28 65 85 170 0.185808
29 65 85 170 0.0959658
30 65 85 170 0.0294809
31 65 85 170 0.0107807
22 66 85 170 0.0238213
23 66 85 170 0.0370489
24 66 85 170 0.0471716
25 66 85 170 0.0856751
26 66 85 170 0.148507
27 66 85 170 0.203844
28 66 85 170 0.198697
29 66 85 170 0.101568
30 66 85 170 0.0304916
31 66 85 170 0.0120176
22 67 85 170 0.0109841
23 67 85 170 0.0188936
24 67 85 170 0.0294609
25 67 85 170 0.0634556
26 67 85 170 0.10449
27 67 85 170 0.14197
28 67 85 170 0.148655
29 67 85 170 0.0818133
30 67 85 170 0.0265564
22 68 85 170 0.0131083
23 68 85 170 0.0228649
24 68 85 170 0.0407583
25 68 85 170 0.0852711
26 68 85 170 0.133277
27 68 85 170 0.16584
28 68 85 170 0.163421
29 68 85 170 0.104526
30 68 85 170 0.0409606
24 69 85 170 0.0132596
25 69 85 170 0.027182
26 69 85 170 0.0421203
27 69 85 170 0.0512561
28 69 85 170 0.049272
29 69 85 170 0.0326973
30 69 85 170 0.0133344
6 0 64 128 0.015826
7 0 64 128 0.0258812
8 0 64 128 0.0656224
9 0 64 128 0.116919
10 0 64 128 0.0373789
4 1 64 128 0.0180313
5 1 64 128 0.0598121
6 1 64 128 0.153848
7 1 64 128 0.150319
8 1 64 128 0.365078
9 1 64 128 0.337377
10 1 64 128 0.0831748
4 2 64 128 0.0668444
5 2 64 128 0.272871
6 2 64 128 0.450999
7 2 64 128 0.540046
8 2 64 128 0.728848
9 2 64 128 0.742135
10 2 64 128 0.196254
11 2 64 128 0.0102858
3 3 64 128 0.0359606
4 3 64 128 0.349047
5 3 64 128 0.67492
6 3 64 128 0.784163
7 3 64 128 0.770656
8 3 64 128 0.867309
9 3 64 128 0.785369
10 3 64 128 0.205906
3 4 64 128 0.0477578
4 4 64 128 0.348254
5 4 64 128 0.656457
6 4 64 128 0.778074
7 4 64 128 0.824128
8 4 64 128 0.847838
9 4 64 128 0.757301
10 4 64 128 0.14248
3 5 64 128 0.0677677
4 5 64 128 0.503685
5 5 64 128 0.698518
6 5 64 128 0.815686
7 5 64 128 0.77691
8 5 64 128 0.85126
9 5 64 128 0.645333
10 5 64 128 0.0934367
3 6 64 128 0.0178788
4 6 64 128 0.14444
5 6 64 128 0.356671
6 6 64 128 0.437816
7 6 64 128 0.547754
8 6 64 128 0.565937
9 6 64 128 0.318967
10 6 64 128 0.0231302
4 7 64 128 0.0528297
5 7 64 128 0.161105
6 7 64 128 0.270885
7 7 64 128 0.32778
8 7 64 128 0.337548
9 7 64 128 0.127134
10 7 64 128 0.0117914
4 8 64 128 0.0152605
5 8 64 128 0.0571483
6 8 64 128 0.119006
7 8 64 128 0.20774
8 8 64 128 0.163122
9 8 64 128 0.0489259
4 9 64 128 0.013916
5 9 64 128 0.0403145
6 9 64 128 0.0870968
7 9 64 128 0.15258
8 9 64 128 0.167084
9 9 64 128 0.0502105
4 10 64 128 0.0110842
5 10 64 128 0.033388
6 10 64 128 0.067554
7 10 64 128 0.161307
8 10 64 128 0.113842
9 10 64 128 0.0358975
4 11 64 128 0.0102259
5 11 64 128 0.0333986
6 11 64 128 0.0767659
7 11 64 128 0.151171
8 11 64 128 0.142034
9 11 64 128 0.0462426
4 12 64 128 0.0107704
5 12 64 128 0.0351841
6 12 64 128 0.0883166
7 12 64 128 0.178797
8 12 64 128 0.123771
9 12 64 128 0.0477462
4 13 64 128 0.0103155
5 13 64 128 0.0326788
6 13 64 128 0.0752765
7 13 64 128 0.146706
8 13 64 128 0.149377
9 13 64 128 0.0624419
5 14 64 128 0.014274
6 14 64 128 0.053762
7 14 64 128 0.12025
8 14 64 128 0.099312
9 14 64 128 0.0351991
6 15 64 128 0.0421724
7 15 64 128 0.107201
8 15 64 128 0.0875487
9 15 64 128 0.0308118
6 16 64 128 0.0196401
7 16 64 128 0.067163
8 16 64 128 0.0496977
9 16 64 128 0.0197726
6 17 64 128 0.0109379
7 17 64 128 0.0336225
8 17 64 128 0.0354591
9 17 64 128 0.0182007
80 31 64 128 0.0101132
81 31 64 128 0.01109
80 32 64 128 0.0166952
81 32 64 128 0.0136325
82 32 64 128 0.013167
80 33 64 128 0.0218706
81 33 64 128 0.0183299
82 33 64 128 0.0148537
83 33 64 128 0.0134867
159 33 64 128 0.0233915
160 33 64 128 0.0183027
161 33 64 128 0.0202417
162 33 64 128 0.0132849
163 33 64 128 0.0205213
80 34 64 128 0.0131242
159 34 64 128 0.054979
160 34 64 128 0.049972
161 34 64 128 0.0466434
162 34 64 128 0.0425413
163 34 64 128 0.0662079
164 34 64 128 0.0228026
165 34 64 128 0.0153167
80 35 64 128 0.0104609
81 35 64 128 0.0113299
158 35 64 128 0.0188525
159 35 64 128 0.0945956
160 35 64 128 0.0914686
161 35 64 128 0.111635
162 35 64 128 0.0930685
163 35 64 128 0.117688
164 35 64 128 0.0487451
165 35 64 128 0.0324803
158 36 64 128 0.0497975
159 36 64 128 0.200306
160 36 64 128 0.210945
161 36 64 128 0.195018
162 36 64 128 0.209879
163 36 64 128 0.242915
164 36 64 128 0.131888
165 36 64 128 0.0921467
166 36 64 128 0.0242395
158 37 64 128 0.0340559
159 37 64 128 0.165446
160 37 64 128 0.145191
161 37 64 128 0.167863
162 37 64 128 0.159953
163 37 64 128 0.225029
164 37 64 128 0.124179
165 37 64 128 0.0798681
166 37 64 128 0.0241567
158 38 64 128 0.0249729
159 38 64 128 0.124519
160 38 64 128 0.123185
161 38 64 128 0.150511
162 38 64 128 0.184852
163 38 64 128 0.260043
164 38 64 128 0.166637
165 38 64 128 0.115789
166 38 64 128 0.0498965
167 38 64 128 0.0129527
158 39 64 128 0.0136152
159 39 64 128 0.0647944
160 39 64 128 0.0590357
161 39 64 128 0.125898
162 39 64 128 0.144643
163 39 64 128 0.216904
164 39 64 128 0.169662
165 39 64 128 0.128765
166 39 64 128 0.0795547
167 39 64 128 0.0237801
158 40 64 128 0.0114107
159 40 64 128 0.0479935
160 40 64 128 0.0450625
161 40 64 128 0.0885643
162 40 64 128 0.147455
163 40 64 128 0.210601
164 40 64 128 0.219922
165 40 64 128 0.207382
166 40 64 128 0.171084
167 40 64 128 0.0420069
168 40 64 128 0.0195598
69 41 64 128 0.0113404
70 41 64 128 0.0131798
159 41 64 128 0.0264445
160 41 64 128 0.0221192
161 41 64 128 0.057725
162 41 64 128 0.109339
163 41 64 128 0.200542
164 41 64 128 0.23804
165 41 64 128 0.233213
166 41 64 128 0.230451
167 41 64 128 0.0607637
168 41 64 128 0.0337456
169 41 64 128 0.0133036
69 42 64 128 0.0101676
70 42 64 128 0.0111122
78 42 64 128 0.0116478
159 42 64 128 0.019245
160 42 64 128 0.0163231
161 42 64 128 0.0447659
162 42 64 128 0.104505
163 42 64 128 0.19828
164 42 64 128 0.212215
165 42 64 128 0.254759
166 42 64 128 0.294041
167 42 64 128 0.099594
168 42 64 128 0.0476284
169 42 64 128 0.0182889
70 43 64 128 0.011155
78 43 64 128 0.012793
81 43 64 128 0.0103121
159 43 64 128 0.0109691
160 43 64 128 0.0115802
161 43 64 128 0.0391142
162 43 64 128 0.113339
163 43 64 128 0.1937
164 43 64 128 0.250731
165 43 64 128 0.282196
166 43 64 128 0.362628
167 43 64 128 0.126627
168 43 64 128 0.0728622
169 43 64 128 0.025851
78 44 64 128 0.0110428
161 44 64 128 0.0291791
162 44 64 128 0.0802575
163 44 64 128 0.145119
164 44 64 128 0.243308
165 44 64 128 0.278229
166 44 64 128 0.361514
167 44 64 128 0.116345
168 44 64 128 0.0532677
169 44 64 128 0.0209033
78 45 64 128 0.0100557
161 45 64 128 0.0173718
162 45 64 128 0.0463929
163 45 64 128 0.0948291
164 45 64 128 0.167224
165 45 64 128 0.198856
166 45 64 128 0.296231
167 45 64 128 0.0928712
168 45 64 128 0.0465642
169 45 64 128 0.0163903
161 46 64 128 0.0103007
162 46 64 128 0.0308688
163 46 64 128 0.0803014
164 46 64 128 0.121915
165 46 64 128 0.173008
166 46 64 128 0.226772
167 46 64 128 0.070098
168 46 64 128 0.0259462
162 47 64 128 0.0144475
163 47 64 128 0.0311762
164 47 64 128 0.0507013
165 47 64 128 0.0821538
166 47 64 128 0.110401
167 47 64 128 0.0331841
168 47 64 128 0.0130318
162 48 64 128 0.0114906
163 48 64 128 0.0223474
164 48 64 128 0.0458141
165 48 64 128 0.0673266
166 48 64 128 0.0871759
167 48 64 128 0.0248484
163 49 64 128 0.0134937
164 49 64 128 0.0363543
165 49 64 128 0.0305292
166 49 64 128 0.0485597
167 49 64 128 0.0108404
162 50 64 128 0.0105259
163 50 64 128 0.0172847
164 50 64 128 0.0385041
165 50 64 128 0.0430066
166 50 64 128 0.0448702
167 50 64 128 0.011109
3 51 64 128 0.0128803
4 51 64 128 0.0118599
163 51 64 128 0.0143784
164 51 64 128 0.0262331
165 51 64 128 0.0247743
166 51 64 128 0.0227095
242 51 64 128 0.0186273
243 51 64 128 0.0250036
244 51 64 128 0.022744
245 51 64 128 0.0119102
2 52 64 128 0.023996
3 52 64 128 0.0504276
4 52 64 128 0.0430333
76 52 64 128 0.0102403
77 52 64 128 0.0115766
78 52 64 128 0.0106897
163 52 64 128 0.0160366
164 52 64 128 0.035927
165 52 64 128 0.0300634
166 52 64 128 0.0222775
238 52 64 128 0.0152846
240 52 64 128 0.0100607
241 52 64 128 0.0123812
242 52 64 128 0.0243514
243 52 64 128 0.0282349
244 52 64 128 0.0253813
245 52 64 128 0.0112611
2 53 64 128 0.0347376
3 53 64 128 0.0649862
4 53 64 128 0.0617057
76 53 64 128 0.0194445
77 53 64 128 0.0234439
78 53 64 128 0.0226788
79 53 64 128 0.0146696
163 53 64 128 0.0102709
164 53 64 128 0.031479
165 53 64 128 0.0157665
166 53 64 128 0.0142509
237 53 64 128 0.0203095
238 53 64 128 0.0359497
239 53 64 128 0.019606
240 53 64 128 0.0216782
241 53 64 128 0.0312485
242 53 64 128 0.0566591
243 53 64 128 0.0678584
244 53 64 128 0.0520227
245 53 64 128 0.0239001
249 53 64 128 0.0106618
250 53 64 128 0.0124266
1 54 64 128 0.021619
2 54 64 128 0.106057
3 54 64 128 0.179636
4 54 64 128 0.160515
5 54 64 128 0.0165483
76 54 64 128 0.0157179
77 54 64 128 0.0174066
78 54 64 128 0.0210582
79 54 64 128 0.0137175
162 54 64 128 0.0124283
163 54 64 128 0.0145345
164 54 64 128 0.0338617
165 54 64 128 0.0216859
166 54 64 128 0.0127404
237 54 64 128 0.0396632
238 54 64 128 0.0706562
239 54 64 128 0.0347705
240 54 64 128 0.0361053
241 54 64 128 0.0473546
242 54 64 128 0.0681573
243 54 64 128 0.0753473
244 54 64 128 0.0554706
245 54 64 128 0.0249
249 54 64 128 0.0122813
250 54 64 128 0.0154018
0 55 64 128 0.0117209
1 55 64 128 0.0802117
2 55 64 128 0.277494
3 55 64 128 0.384872
4 55 64 128 0.29117
5 55 64 128 0.0329799
26 55 64 128 0.0109209
27 55 64 128 0.0173785
75 55 64 128 0.0140826
76 55 64 128 0.0254517
77 55 64 128 0.0281131
78 55 64 128 0.030396
79 55 64 128 0.0216069
162 55 64 128 0.0111129
163 55 64 128 0.0125573
164 55 64 128 0.0251964
165 55 64 128 0.015445
208 55 64 128 0.0111138
210 55 64 128 0.0112213
236 55 64 128 0.0150932
237 55 64 128 0.0976493
238 55 64 128 0.136343
239 55 64 128 0.0880064
240 55 64 128 0.0860354
241 55 64 128 0.123115
242 55 64 128 0.143729
243 55 64 128 0.168362
244 55 64 128 0.105759
245 55 64 128 0.05539
246 55 64 128 0.0164962
248 55 64 128 0.0117587
249 55 64 128 0.0229309
250 55 64 128 0.0270115
251 55 64 128 0.0147735
0 56 64 128 0.0267748
1 56 64 128 0.188113
2 56 64 128 0.435653
3 56 64 128 0.524858
4 56 64 128 0.38356
5 56 64 128 0.0483902
26 56 64 128 0.0103964
27 56 64 128 0.0164991
75 56 64 128 0.0146782
76 56 64 128 0.0252026
77 56 64 128 0.0262862
78 56 64 128 0.0293585
79 56 64 128 0.0171605
162 56 64 128 0.0126993
163 56 64 128 0.0127742
164 56 64 128 0.0249107
165 56 64 128 0.0170923
206 56 64 128 0.0126512
207 56 64 128 0.0139669
208 56 64 128 0.0207862
209 56 64 128 0.0157044
210 56 64 128 0.0184204
211 56 64 128 0.0135816
212 56 64 128 0.0159939
213 56 64 128 0.0158291
214 56 64 128 0.0105006
215 56 64 128 0.0101105
236 56 64 128 0.0190356
237 56 64 128 0.1287
238 56 64 128 0.168268
239 56 64 128 0.11791
240 56 64 128 0.106735
241 56 64 128 0.140473
242 56 64 128 0.137338
243 56 64 128 0.150492
244 56 64 128 0.0875472
245 56 64 128 0.0365862
249 56 64 128 0.0136943
250 56 64 128 0.0150101
251 56 64 128 0.011289
0 57 64 128 0.0438645
1 57 64 128 0.220553
2 57 64 128 0.523325
3 57 64 128 0.507424
4 57 64 128 0.404885
5 57 64 128 0.0411577
26 57 64 128 0.0131878
27 57 64 128 0.0183576
36 57 64 128 0.0106747
37 57 64 128 0.0182989
38 57 64 128 0.0176792
39 57 64 128 0.0102586
74 57 64 128 0.0120268
75 57 64 128 0.0180421
76 57 64 128 0.025774
77 57 64 128 0.0256963
78 57 64 128 0.0286159
79 57 64 128 0.0142062
162 57 64 128 0.0254844
163 57 64 128 0.016911
164 57 64 128 0.0410395
165 57 64 128 0.0154085
166 57 64 128 0.0113682
206 57 64 128 0.0110643
207 57 64 128 0.0118957
208 57 64 128 0.0203737
209 57 64 128 0.0117515
210 57 64 128 0.0184605
211 57 64 128 0.0143477
212 57 64 128 0.0184436
213 57 64 128 0.0154695
214 57 64 128 0.0107257
236 57 64 128 0.0265077
237 57 64 128 0.172751
238 57 64 128 0.238754
239 57 64 128 0.189879
240 57 64 128 0.166766
241 57 64 128 0.231605
242 57 64 128 0.217001
243 57 64 128 0.211291
244 57 64 128 0.116512
245 57 64 128 0.0510198
246 57 64 128 0.0137442
249 57 64 128 0.0161243
250 57 64 128 0.0166031
251 57 64 128 0.014022
0 58 64 128 0.065167
1 58 64 128 0.257948
2 58 64 128 0.574342
3 58 64 128 0.491257
4 58 64 128 0.395728
5 58 64 128 0.0326244
26 58 64 128 0.0112225
27 58 64 128 0.0175803
35 58 64 128 0.0264831
36 58 64 128 0.0498309
37 58 64 128 0.0604153
38 58 64 128 0.0500207
39 58 64 128 0.0225791
75 58 64 128 0.0129448
76 58 64 128 0.0167127
77 58 64 128 0.0159225
78 58 64 128 0.0176482
162 58 64 128 0.0204812
163 58 64 128 0.016433
164 58 64 128 0.0232912
165 58 64 128 0.0120089
208 58 64 128 0.0102402
210 58 64 128 0.0106086
212 58 64 128 0.011187
236 58 64 128 0.0105693
237 58 64 128 0.0787653
238 58 64 128 0.120043
239 58 64 128 0.0970125
240 58 64 128 0.0790792
241 58 64 128 0.0924403
242 58 64 128 0.0888777
243 58 64 128 0.0885242
244 58 64 128 0.043427
245 58 64 128 0.0176628
0 59 64 128 0.0929574
1 59 64 128 0.344597
2 59 64 128 0.635987
3 59 64 128 0.560417
4 59 64 128 0.410551
5 59 64 128 0.0417973
26 59 64 128 0.0114649
27 59 64 128 0.0152539
34 59 64 128 0.0112353
35 59 64 128 0.0414911
36 59 64 128 0.0645978
37 59 64 128 0.0817662
38 59 64 128 0.0469522
39 59 64 128 0.0229655
162 59 64 128 0.0103268
237 59 64 128 0.0676183
238 59 64 128 0.101488
239 59 64 128 0.0938052
240 59 64 128 0.0828197
241 59 64 128 0.112072
242 59 64 128 0.101307
243 59 64 128 0.0955166
244 59 64 128 0.0403584
245 59 64 128 0.0235386
255 59 64 128 0.0102364
0 60 64 128 0.0433265
1 60 64 128 0.191275
2 60 64 128 0.380575
3 60 64 128 0.371119
4 60 64 128 0.211393
5 60 64 128 0.0204017
34 60 64 128 0.0156959
35 60 64 128 0.0476846
36 60 64 128 0.08574
37 60 64 128 0.077951
38 60 64 128 0.0415314
39 60 64 128 0.0183065
237 60 64 128 0.0143846
238 60 64 128 0.0190399
239 60 64 128 0.0161856
240 60 64 128 0.0133944
241 60 64 128 0.0208606
242 60 64 128 0.0175991
243 60 64 128 0.015807
0 61 64 128 0.0180828
1 61 64 128 0.0882801
2 61 64 128 0.170724
3 61 64 128 0.159367
4 61 64 128 0.0862547
34 61 64 128 0.0106466
35 61 64 128 0.0295741
36 61 64 128 0.0421103
37 61 64 128 0.039314
38 61 64 128 0.0199982
241 61 64 128 0.0115558
1 62 64 128 0.0230702
2 62 64 128 0.0557092
3 62 64 128 0.028689
4 62 64 128 0.0205969
35 62 64 128 0.0152612
36 62 64 128 0.0186649
37 62 64 128 0.0140789
1 63 64 128 0.0118147
2 63 64 128 0.0215877
3 63 64 128 0.0131262
0 82 64 128 0.0202475
0 83 64 128 0.0138037
0 84 64 128 0.017048
30 107 64 128 0.0158135
31 107 64 128 0.0185625
32 107 64 128 0.0124825
30 108 64 128 0.0132749
31 108 64 128 0.0143044
