216 39 98 196 0.0108652
217 39 98 196 0.0106391
215 40 98 196 0.0120156
216 40 98 196 0.0146533
217 40 98 196 0.0164068
218 40 98 196 0.0125765
214 41 98 196 0.0107912
215 41 98 196 0.0161347
216 41 98 196 0.0194822
217 41 98 196 0.0206753
218 41 98 196 0.015982
215 42 98 196 0.0124232
216 42 98 196 0.0147791
217 42 98 196 0.0147704
218 42 98 196 0.0114355
12 59 85 170 0.0122287
3 60 85 170 0.0113082
4 60 85 170 0.0108141
12 60 85 170 0.023153
13 60 85 170 0.0121472
3 61 85 170 0.0115998
11 61 85 170 0.0193703
12 61 85 170 0.0434811
13 61 85 170 0.0245084
18 61 85 170 0.0112361
19 61 85 170 0.017666
20 61 85 170 0.0138653
11 62 85 170 0.0252731
12 62 85 170 0.0636399
13 62 85 170 0.0351048
14 62 85 170 0.0105207
18 62 85 170 0.0130597
19 62 85 170 0.0216975
20 62 85 170 0.0204435
21 62 85 170 0.0104941
68 62 85 170 0.0120657
11 63 85 170 0.0411855
12 63 85 170 0.113163
13 63 85 170 0.0670554
14 63 85 170 0.0212464
15 63 85 170 0.0124313
17 63 85 170 0.0126745
18 63 85 170 0.0461879
19 63 85 170 0.070029
20 63 85 170 0.0557678
21 63 85 170 0.0301138
22 63 85 170 0.0159419
23 63 85 170 0.0100353
68 63 85 170 0.0148277
69 63 85 170 0.0108331
9 64 85 170 0.0106026
11 64 85 170 0.0703916
12 64 85 170 0.185972
13 64 85 170 0.120396
14 64 85 170 0.0425941
15 64 85 170 0.0202796
16 64 85 170 0.0116306
17 64 85 170 0.0352439
18 64 85 170 0.125066
19 64 85 170 0.180822
20 64 85 170 0.128033
21 64 85 170 0.0693335
22 64 85 170 0.0391595
23 64 85 170 0.0235271
68 64 85 170 0.016169
69 64 85 170 0.0133461
11 65 85 170 0.0710008
12 65 85 170 0.186239
13 65 85 170 0.130567
14 65 85 170 0.0595722
15 65 85 170 0.0301404
16 65 85 170 0.0127471
17 65 85 170 0.0533059
18 65 85 170 0.163348
19 65 85 170 0.220176
20 65 85 170 0.150754
21 65 85 170 0.0782858
22 65 85 170 0.0399959
23 65 85 170 0.0217777
68 65 85 170 0.0141336
69 65 85 170 0.0115018
9 66 85 170 0.0107891
10 66 85 170 0.0102822
11 66 85 170 0.102869
12 66 85 170 0.255737
13 66 85 170 0.200929
14 66 85 170 0.104126
15 66 85 170 0.0498152
16 66 85 170 0.0352071
17 66 85 170 0.118401
18 66 85 170 0.272464
19 66 85 170 0.325175
20 66 85 170 0.210607
21 66 85 170 0.12314
22 66 85 170 0.069616
23 66 85 170 0.0316592
24 66 85 170 0.0109575
68 66 85 170 0.0111974
9 67 85 170 0.0125148
10 67 85 170 0.0174042
11 67 85 170 0.134636
12 67 85 170 0.319364
13 67 85 170 0.255661
14 67 85 170 0.135378
15 67 85 170 0.0654439
16 67 85 170 0.0556511
17 67 85 170 0.177882
18 67 85 170 0.378948
19 67 85 170 0.436962
20 67 85 170 0.283308
21 67 85 170 0.178661
22 67 85 170 0.110599
23 67 85 170 0.0523232
24 67 85 170 0.0177946
10 68 85 170 0.0143589
11 68 85 170 0.090864
12 68 85 170 0.205533
13 68 85 170 0.157649
14 68 85 170 0.0916771
15 68 85 170 0.0522694
16 68 85 170 0.0353004
17 68 85 170 0.135358
18 68 85 170 0.296105
19 68 85 170 0.347231
20 68 85 170 0.237763
21 68 85 170 0.148361
22 68 85 170 0.0935475
23 68 85 170 0.0503103
24 68 85 170 0.0172928
11 69 85 170 0.0201857
12 69 85 170 0.0441946
13 69 85 170 0.0325948
14 69 85 170 0.0204655
15 69 85 170 0.0130232
17 69 85 170 0.0323545
18 69 85 170 0.0724159
19 69 85 170 0.0860153
20 69 85 170 0.0607442
21 69 85 170 0.0374637
22 69 85 170 0.0237102
23 69 85 170 0.0135727
232 0 64 128 0.0175494
233 0 64 128 0.0568935
234 0 64 128 0.0682923
235 0 64 128 0.0941989
236 0 64 128 0.0367127
237 0 64 128 0.0154882
233 1 64 128 0.0269561
234 1 64 128 0.0386528
235 1 64 128 0.054844
236 1 64 128 0.02174
233 2 64 128 0.0193811
234 2 64 128 0.0284416
235 2 64 128 0.0327672
236 2 64 128 0.0135729
233 3 64 128 0.0115218
234 3 64 128 0.0152713
235 3 64 128 0.0169368
234 4 64 128 0.0108041
235 4 64 128 0.0114679
231 79 64 128 0.0108438
82 86 64 128 0.0131367
84 86 64 128 0.0117586
82 87 64 128 0.0146213
83 87 64 128 0.0103408
84 87 64 128 0.0201482
82 88 64 128 0.0339882
83 88 64 128 0.0212807
84 88 64 128 0.0432407
85 88 64 128 0.0256393
86 88 64 128 0.0142108
82 89 64 128 0.0270011
83 89 64 128 0.0192514
84 89 64 128 0.0425937
85 89 64 128 0.0306825
86 89 64 128 0.0186175
82 90 64 128 0.0330343
83 90 64 128 0.0226679
84 90 64 128 0.0478731
85 90 64 128 0.0344992
86 90 64 128 0.0298937
87 90 64 128 0.0119626
82 91 64 128 0.0234805
83 91 64 128 0.0185681
84 91 64 128 0.0434103
85 91 64 128 0.0345182
86 91 64 128 0.0332789
87 91 64 128 0.0148725
82 92 64 128 0.028618
83 92 64 128 0.0277516
84 92 64 128 0.0742634
85 92 64 128 0.0445729
86 92 64 128 0.0468191
87 92 64 128 0.0201709
82 93 64 128 0.0140525
83 93 64 128 0.0112782
84 93 64 128 0.0339258
85 93 64 128 0.0252702
86 93 64 128 0.0286855
87 93 64 128 0.012509
84 94 64 128 0.0219496
85 94 64 128 0.0167057
86 94 64 128 0.0223419
30 95 64 128 0.0117965
31 95 64 128 0.0124092
23 96 64 128 0.0213884
29 96 64 128 0.038107
30 96 64 128 0.0645141
31 96 64 128 0.0706859
32 96 64 128 0.0288516
34 96 64 128 0.0105512
36 96 64 128 0.0121692
42 96 64 128 0.0135441
22 97 64 128 0.0443186
23 97 64 128 0.156803
24 97 64 128 0.0745862
25 97 64 128 0.0402311
26 97 64 128 0.0121713
27 97 64 128 0.0154622
28 97 64 128 0.0194306
29 97 64 128 0.100169
30 97 64 128 0.0923035
31 97 64 128 0.0856077
32 97 64 128 0.027431
33 97 64 128 0.01445
34 97 64 128 0.0124764
41 97 64 128 0.0125694
42 97 64 128 0.0175033
21 98 64 128 0.0176075
22 98 64 128 0.0983166
23 98 64 128 0.312937
24 98 64 128 0.165249
25 98 64 128 0.10151
26 98 64 128 0.0296261
27 98 64 128 0.0409534
28 98 64 128 0.045743
29 98 64 128 0.184623
30 98 64 128 0.142231
31 98 64 128 0.135381
32 98 64 128 0.0649791
33 98 64 128 0.0332037
34 98 64 128 0.0281688
35 98 64 128 0.0149547
36 98 64 128 0.0144612
40 98 64 128 0.0134939
41 98 64 128 0.0259352
42 98 64 128 0.0322189
43 98 64 128 0.0119258
44 98 64 128 0.0136215
0 99 64 128 0.0428806
1 99 64 128 0.0304918
2 99 64 128 0.0397255
3 99 64 128 0.0149795
21 99 64 128 0.059658
22 99 64 128 0.239482
23 99 64 128 0.602492
24 99 64 128 0.380868
25 99 64 128 0.271189
26 99 64 128 0.0764491
27 99 64 128 0.090662
28 99 64 128 0.0828701
29 99 64 128 0.236836
30 99 64 128 0.159802
31 99 64 128 0.15601
32 99 64 128 0.0814435
33 99 64 128 0.0531642
34 99 64 128 0.0448761
35 99 64 128 0.0269778
36 99 64 128 0.017727
40 99 64 128 0.0145741
41 99 64 128 0.0280614
42 99 64 128 0.0257468
43 99 64 128 0.0127405
44 99 64 128 0.0161302
58 99 64 128 0.0111767
0 100 64 128 0.0301414
1 100 64 128 0.0230871
2 100 64 128 0.0211598
20 100 64 128 0.0129346
21 100 64 128 0.0838407
22 100 64 128 0.323972
23 100 64 128 0.633905
24 100 64 128 0.460054
25 100 64 128 0.326662
26 100 64 128 0.110586
27 100 64 128 0.154044
28 100 64 128 0.110767
29 100 64 128 0.260267
30 100 64 128 0.178319
31 100 64 128 0.19772
32 100 64 128 0.0999501
33 100 64 128 0.0626096
34 100 64 128 0.0754011
35 100 64 128 0.0466634
36 100 64 128 0.0289592
37 100 64 128 0.0100533
40 100 64 128 0.0228548
41 100 64 128 0.0458199
42 100 64 128 0.043998
43 100 64 128 0.0276401
44 100 64 128 0.0279034
45 100 64 128 0.012564
52 100 64 128 0.0227465
54 100 64 128 0.0113134
56 100 64 128 0.0120238
57 100 64 128 0.0168035
58 100 64 128 0.0243607
59 100 64 128 0.0171199
60 100 64 128 0.0122909
0 101 64 128 0.0394945
1 101 64 128 0.051636
2 101 64 128 0.0545437
3 101 64 128 0.0333636
4 101 64 128 0.0130171
20 101 64 128 0.0190143
21 101 64 128 0.132932
22 101 64 128 0.459399
23 101 64 128 0.708511
24 101 64 128 0.594499
25 101 64 128 0.466427
26 101 64 128 0.148417
27 101 64 128 0.190177
28 101 64 128 0.117704
29 101 64 128 0.261039
30 101 64 128 0.147696
31 101 64 128 0.139555
32 101 64 128 0.0904347
33 101 64 128 0.103375
34 101 64 128 0.121618
35 101 64 128 0.0765159
36 101 64 128 0.0452945
37 101 64 128 0.0180024
40 101 64 128 0.0288475
41 101 64 128 0.0609249
42 101 64 128 0.0483276
43 101 64 128 0.0475478
44 101 64 128 0.0371972
45 101 64 128 0.0217718
46 101 64 128 0.0111333
47 101 64 128 0.0110583
48 101 64 128 0.0115127
49 101 64 128 0.0150519
50 101 64 128 0.0161271
51 101 64 128 0.0197676
52 101 64 128 0.0303938
53 101 64 128 0.0164926
54 101 64 128 0.0176768
56 101 64 128 0.0122427
57 101 64 128 0.0155611
58 101 64 128 0.0166543
59 101 64 128 0.0126258
60 101 64 128 0.010283
0 102 64 128 0.0112001
1 102 64 128 0.0138255
2 102 64 128 0.0170108
3 102 64 128 0.0110183
20 102 64 128 0.0194151
21 102 64 128 0.119971
22 102 64 128 0.40274
23 102 64 128 0.619747
24 102 64 128 0.51972
25 102 64 128 0.406671
26 102 64 128 0.129405
27 102 64 128 0.165942
28 102 64 128 0.112679
29 102 64 128 0.207245
30 102 64 128 0.101813
31 102 64 128 0.0913951
32 102 64 128 0.0863386
33 102 64 128 0.126149
34 102 64 128 0.16623
35 102 64 128 0.0999249
36 102 64 128 0.0679991
37 102 64 128 0.0287184
38 102 64 128 0.0118503
40 102 64 128 0.0319607
41 102 64 128 0.0809789
42 102 64 128 0.0799496
43 102 64 128 0.0737394
44 102 64 128 0.0768112
45 102 64 128 0.0529186
46 102 64 128 0.0337374
47 102 64 128 0.0295142
48 102 64 128 0.043271
49 102 64 128 0.0487619
50 102 64 128 0.0519256
51 102 64 128 0.0540426
52 102 64 128 0.0999217
53 102 64 128 0.0538961
54 102 64 128 0.0615711
55 102 64 128 0.0240205
56 102 64 128 0.0351028
57 102 64 128 0.0275255
58 102 64 128 0.0290684
59 102 64 128 0.0168037
60 102 64 128 0.0152912
0 103 64 128 0.0133963
1 103 64 128 0.019493
2 103 64 128 0.03735
3 103 64 128 0.0308851
4 103 64 128 0.015897
20 103 64 128 0.0284031
21 103 64 128 0.174265
22 103 64 128 0.459388
23 103 64 128 0.657972
24 103 64 128 0.511921
25 103 64 128 0.435715
26 103 64 128 0.158728
27 103 64 128 0.240549
28 103 64 128 0.177816
29 103 64 128 0.291572
30 103 64 128 0.129708
31 103 64 128 0.122421
32 103 64 128 0.122984
33 103 64 128 0.22679
34 103 64 128 0.293265
35 103 64 128 0.19975
36 103 64 128 0.132531
37 103 64 128 0.0488107
38 103 64 128 0.0142523
39 103 64 128 0.0107905
40 103 64 128 0.0323782
41 103 64 128 0.0837534
42 103 64 128 0.0601233
43 103 64 128 0.0729017
44 103 64 128 0.0715973
45 103 64 128 0.0530958
46 103 64 128 0.039052
47 103 64 128 0.0348137
48 103 64 128 0.0435685
49 103 64 128 0.0379513
50 103 64 128 0.0512146
51 103 64 128 0.0566615
52 103 64 128 0.102784
53 103 64 128 0.051449
54 103 64 128 0.0562501
55 103 64 128 0.0217977
56 103 64 128 0.0313513
57 103 64 128 0.0191868
58 103 64 128 0.0179009
0 104 64 128 0.0103082
1 104 64 128 0.0182304
2 104 64 128 0.026579
3 104 64 128 0.0231853
4 104 64 128 0.0128133
20 104 64 128 0.0238832
21 104 64 128 0.130699
22 104 64 128 0.362814
23 104 64 128 0.527873
24 104 64 128 0.398857
25 104 64 128 0.306606
26 104 64 128 0.119374
27 104 64 128 0.220269
28 104 64 128 0.159181
29 104 64 128 0.265934
30 104 64 128 0.112209
31 104 64 128 0.101082
32 104 64 128 0.0913953
33 104 64 128 0.169808
34 104 64 128 0.318542
35 104 64 128 0.256453
36 104 64 128 0.154581
37 104 64 128 0.0544949
38 104 64 128 0.0148542
39 104 64 128 0.0108896
40 104 64 128 0.0205624
41 104 64 128 0.0519705
42 104 64 128 0.0368387
43 104 64 128 0.0499788
44 104 64 128 0.0426267
45 104 64 128 0.042814
46 104 64 128 0.0355721
47 104 64 128 0.0392385
48 104 64 128 0.0504563
49 104 64 128 0.0572947
50 104 64 128 0.0693622
51 104 64 128 0.0889094
52 104 64 128 0.153698
53 104 64 128 0.0719588
54 104 64 128 0.0752138
55 104 64 128 0.0326495
56 104 64 128 0.0423476
57 104 64 128 0.0192264
58 104 64 128 0.0161982
0 105 64 128 0.0187481
1 105 64 128 0.0431103
2 105 64 128 0.0819197
3 105 64 128 0.0806654
4 105 64 128 0.0535963
20 105 64 128 0.0283362
21 105 64 128 0.16092
22 105 64 128 0.374684
23 105 64 128 0.470718
24 105 64 128 0.310421
25 105 64 128 0.26806
26 105 64 128 0.0906773
27 105 64 128 0.164752
28 105 64 128 0.115271
29 105 64 128 0.223873
30 105 64 128 0.0716752
31 105 64 128 0.0485589
32 105 64 128 0.0508321
33 105 64 128 0.140351
34 105 64 128 0.233997
35 105 64 128 0.187872
36 105 64 128 0.101561
37 105 64 128 0.0359752
41 105 64 128 0.0203461
42 105 64 128 0.0154035
43 105 64 128 0.026899
44 105 64 128 0.0204583
45 105 64 128 0.0245487
46 105 64 128 0.0237034
47 105 64 128 0.0350343
48 105 64 128 0.0353726
49 105 64 128 0.0541613
50 105 64 128 0.0597098
51 105 64 128 0.071438
52 105 64 128 0.0711156
53 105 64 128 0.033748
54 105 64 128 0.0279773
55 105 64 128 0.0126903
56 105 64 128 0.0153009
0 106 64 128 0.0132626
1 106 64 128 0.0309336
2 106 64 128 0.0645597
3 106 64 128 0.0664748
4 106 64 128 0.047734
20 106 64 128 0.0245902
21 106 64 128 0.114773
22 106 64 128 0.249265
23 106 64 128 0.315909
24 106 64 128 0.212681
25 106 64 128 0.144045
26 106 64 128 0.0463028
27 106 64 128 0.0919543
28 106 64 128 0.0647058
29 106 64 128 0.102707
30 106 64 128 0.0306599
31 106 64 128 0.0251455
32 106 64 128 0.0326934
33 106 64 128 0.116927
34 106 64 128 0.213649
35 106 64 128 0.18329
36 106 64 128 0.122101
37 106 64 128 0.0375084
41 106 64 128 0.0189848
42 106 64 128 0.0129062
43 106 64 128 0.0185831
44 106 64 128 0.0159202
45 106 64 128 0.0172682
46 106 64 128 0.0168808
47 106 64 128 0.0408176
48 106 64 128 0.0462881
49 106 64 128 0.0645117
50 106 64 128 0.065939
51 106 64 128 0.118564
52 106 64 128 0.125063
53 106 64 128 0.054712
54 106 64 128 0.0406188
55 106 64 128 0.0170019
56 106 64 128 0.0172158
0 107 64 128 0.0321434
1 107 64 128 0.0793139
2 107 64 128 0.244365
3 107 64 128 0.27289
4 107 64 128 0.224627
5 107 64 128 0.0478138
6 107 64 128 0.0214913
20 107 64 128 0.0281268
21 107 64 128 0.147617
22 107 64 128 0.263455
23 107 64 128 0.321386
24 107 64 128 0.178695
25 107 64 128 0.111432
26 107 64 128 0.0333639
27 107 64 128 0.0627301
28 107 64 128 0.0524289
29 107 64 128 0.0808865
30 107 64 128 0.0219048
31 107 64 128 0.0163027
32 107 64 128 0.0192862
33 107 64 128 0.0727269
34 107 64 128 0.159322
35 107 64 128 0.139961
36 107 64 128 0.0776601
37 107 64 128 0.022409
41 107 64 128 0.0148326
43 107 64 128 0.0123696
44 107 64 128 0.0140463
45 107 64 128 0.0171222
46 107 64 128 0.0223942
47 107 64 128 0.0326157
48 107 64 128 0.0466818
49 107 64 128 0.0650741
50 107 64 128 0.0967598
51 107 64 128 0.139289
52 107 64 128 0.095862
53 107 64 128 0.0525292
54 107 64 128 0.0333954
55 107 64 128 0.0122257
56 107 64 128 0.0104219
0 108 64 128 0.027845
1 108 64 128 0.0887236
2 108 64 128 0.257193
3 108 64 128 0.27718
4 108 64 128 0.235071
5 108 64 128 0.0524996
6 108 64 128 0.026072
7 108 64 128 0.0104462
20 108 64 128 0.020144
21 108 64 128 0.0645084
22 108 64 128 0.143112
23 108 64 128 0.173444
24 108 64 128 0.109375
25 108 64 128 0.0484175
26 108 64 128 0.0162489
27 108 64 128 0.0278701
28 108 64 128 0.0230365
29 108 64 128 0.0362758
30 108 64 128 0.0121709
32 108 64 128 0.0105048
33 108 64 128 0.0349183
34 108 64 128 0.108753
35 108 64 128 0.109312
36 108 64 128 0.0490377
37 108 64 128 0.011982
46 108 64 128 0.0153762
47 108 64 128 0.0317759
48 108 64 128 0.0402101
49 108 64 128 0.0978786
50 108 64 128 0.142428
51 108 64 128 0.25846
52 108 64 128 0.180917
53 108 64 128 0.0856613
54 108 64 128 0.0412032
55 108 64 128 0.0124565
0 109 64 128 0.0863682
1 109 64 128 0.228935
2 109 64 128 0.554539
3 109 64 128 0.574575
4 109 64 128 0.544431
5 109 64 128 0.156402
6 109 64 128 0.0992452
7 109 64 128 0.0349189
8 109 64 128 0.036866
9 109 64 128 0.0127039
10 109 64 128 0.0143198
20 109 64 128 0.0235845
21 109 64 128 0.0843175
22 109 64 128 0.209317
23 109 64 128 0.18502
24 109 64 128 0.099484
25 109 64 128 0.0455923
26 109 64 128 0.0131489
27 109 64 128 0.0196218
28 109 64 128 0.0142725
29 109 64 128 0.0195133
33 109 64 128 0.0112818
34 109 64 128 0.0252102
35 109 64 128 0.0239185
36 109 64 128 0.0101336
46 109 64 128 0.0103803
47 109 64 128 0.0210565
48 109 64 128 0.0240699
49 109 64 128 0.0692546
50 109 64 128 0.143182
51 109 64 128 0.254033
52 109 64 128 0.135889
53 109 64 128 0.0730746
54 109 64 128 0.0330206
0 110 64 128 0.0817524
1 110 64 128 0.205688
2 110 64 128 0.534254
3 110 64 128 0.558048
4 110 64 128 0.543567
5 110 64 128 0.18301
6 110 64 128 0.108841
7 110 64 128 0.0448481
8 110 64 128 0.0434184
9 110 64 128 0.0206177
10 110 64 128 0.0139711
20 110 64 128 0.0136755
21 110 64 128 0.0439126
22 110 64 128 0.118003
23 110 64 128 0.0991511
24 110 64 128 0.0585586
25 110 64 128 0.0210922
34 110 64 128 0.0145923
35 110 64 128 0.0156788
46 110 64 128 0.0103099
47 110 64 128 0.0298239
48 110 64 128 0.0264476
49 110 64 128 0.0573501
50 110 64 128 0.120962
51 110 64 128 0.305896
52 110 64 128 0.189544
53 110 64 128 0.0804243
54 110 64 128 0.0327504
0 111 64 128 0.269482
1 111 64 128 0.469255
2 111 64 128 0.728953
3 111 64 128 0.715667
4 111 64 128 0.714255
5 111 64 128 0.301801
6 111 64 128 0.181432
7 111 64 128 0.07815
8 111 64 128 0.0811132
9 111 64 128 0.0282888
10 111 64 128 0.0172283
20 111 64 128 0.0280582
21 111 64 128 0.0990255
22 111 64 128 0.179568
23 111 64 128 0.175977
24 111 64 128 0.0966937
25 111 64 128 0.0390922
27 111 64 128 0.0111238
47 111 64 128 0.0208719
48 111 64 128 0.0195993
49 111 64 128 0.043939
50 111 64 128 0.0992661
51 111 64 128 0.217367
52 111 64 128 0.121368
53 111 64 128 0.0482209
54 111 64 128 0.0184707
