17 8 98 196 0.0101315
17 9 98 196 0.0118018
16 10 98 196 0.0105849
17 10 98 196 0.0135522
16 11 98 196 0.0112788
17 11 98 196 0.0140179
17 12 98 196 0.0117443
3 16 98 196 0.012634
4 16 98 196 0.0127482
2 17 98 196 0.011194
3 17 98 196 0.0173696
4 17 98 196 0.0165223
5 17 98 196 0.0115753
2 18 98 196 0.0113186
3 18 98 196 0.0169652
4 18 98 196 0.0157763
5 18 98 196 0.0110122
2 19 98 196 0.0132056
3 19 98 196 0.0183952
4 19 98 196 0.0165224
5 19 98 196 0.0117706
1 20 98 196 0.010816
2 20 98 196 0.0157893
3 20 98 196 0.0214137
4 20 98 196 0.0190321
5 20 98 196 0.0135935
6 20 98 196 0.0100211
2 21 98 196 0.0132674
3 21 98 196 0.018832
4 21 98 196 0.0178869
5 21 98 196 0.012993
2 22 98 196 0.0124708
3 22 98 196 0.0186938
4 22 98 196 0.0193297
5 22 98 196 0.0150347
1 23 98 196 0.010715
2 23 98 196 0.0162636
3 23 98 196 0.0238299
4 23 98 196 0.0258881
5 23 98 196 0.0215507
6 23 98 196 0.0140768
1 24 98 196 0.0123217
2 24 98 196 0.0190204
3 24 98 196 0.0267208
4 24 98 196 0.0317439
5 24 98 196 0.0275045
6 24 98 196 0.0160008
7 24 98 196 0.0100108
1 25 98 196 0.0132716
2 25 98 196 0.0217066
3 25 98 196 0.0303803
4 25 98 196 0.0347434
5 25 98 196 0.0298441
6 25 98 196 0.0185543
7 25 98 196 0.0124958
0 26 98 196 0.0107019
1 26 98 196 0.0138283
2 26 98 196 0.0238818
3 26 98 196 0.0347736
4 26 98 196 0.0353941
5 26 98 196 0.0296321
6 26 98 196 0.0228369
7 26 98 196 0.0156318
1 27 98 196 0.0115325
2 27 98 196 0.0200972
3 27 98 196 0.0305721
4 27 98 196 0.0354166
5 27 98 196 0.0317558
6 27 98 196 0.0223049
7 27 98 196 0.0142948
2 28 98 196 0.0148541
3 28 98 196 0.0231424
4 28 98 196 0.0325776
5 28 98 196 0.031937
6 28 98 196 0.020159
7 28 98 196 0.0123375
2 29 98 196 0.0128542
3 29 98 196 0.0194821
4 29 98 196 0.026597
5 29 98 196 0.0273405
6 29 98 196 0.0203108
7 29 98 196 0.0133471
2 30 98 196 0.0100539
3 30 98 196 0.0158136
4 30 98 196 0.0236783
5 30 98 196 0.0254374
6 30 98 196 0.0187678
7 30 98 196 0.0122509
3 31 98 196 0.0107502
4 31 98 196 0.0193533
5 31 98 196 0.0214034
6 31 98 196 0.0139723
52 36 98 196 0.0101029
50 37 98 196 0.0118038
51 37 98 196 0.0141905
52 37 98 196 0.0125749
47 38 98 196 0.0103413
48 38 98 196 0.0132372
49 38 98 196 0.017844
50 38 98 196 0.0227626
51 38 98 196 0.0244344
52 38 98 196 0.0203098
53 38 98 196 0.0133999
47 39 98 196 0.0133212
48 39 98 196 0.0175293
49 39 98 196 0.0225985
50 39 98 196 0.0280551
51 39 98 196 0.0292308
52 39 98 196 0.0226564
53 39 98 196 0.0142887
47 40 98 196 0.0125876
48 40 98 196 0.0174494
49 40 98 196 0.0224461
50 40 98 196 0.0281778
51 40 98 196 0.0291237
52 40 98 196 0.0210043
53 40 98 196 0.012343
46 41 98 196 0.0131419
47 41 98 196 0.01647
48 41 98 196 0.0215758
49 41 98 196 0.0309208
50 41 98 196 0.0365825
51 41 98 196 0.0354357
52 41 98 196 0.0283849
53 41 98 196 0.0172594
46 42 98 196 0.0119159
47 42 98 196 0.0134378
48 42 98 196 0.0168508
49 42 98 196 0.0255686
50 42 98 196 0.029228
51 42 98 196 0.0273018
52 42 98 196 0.0235279
53 42 98 196 0.0147623
120 23 85 170 0.0107706
120 25 85 170 0.0168709
121 25 85 170 0.0124741
119 26 85 170 0.0105422
120 26 85 170 0.0172318
121 26 85 170 0.0127172
120 27 85 170 0.0128056
120 28 85 170 0.0131598
99 39 85 170 0.0109852
140 39 85 170 0.0125489
141 39 85 170 0.0121691
142 39 85 170 0.0108853
98 40 85 170 0.0100758
99 40 85 170 0.015539
100 40 85 170 0.0136402
101 40 85 170 0.0115266
140 40 85 170 0.0162646
141 40 85 170 0.01637
142 40 85 170 0.015545
143 40 85 170 0.0143938
98 41 85 170 0.0182708
99 41 85 170 0.0283112
100 41 85 170 0.0208319
101 41 85 170 0.0165456
102 41 85 170 0.0107313
139 41 85 170 0.0144198
140 41 85 170 0.0254608
141 41 85 170 0.0256606
142 41 85 170 0.0246138
143 41 85 170 0.0230028
144 41 85 170 0.0127607
98 42 85 170 0.0206906
99 42 85 170 0.0297699
100 42 85 170 0.0205667
101 42 85 170 0.0155219
139 42 85 170 0.016242
140 42 85 170 0.0299917
141 42 85 170 0.0323176
142 42 85 170 0.0323062
143 42 85 170 0.0304331
144 42 85 170 0.0183137
98 43 85 170 0.0173369
99 43 85 170 0.02218
100 43 85 170 0.0151541
101 43 85 170 0.0108574
139 43 85 170 0.0137365
140 43 85 170 0.0278823
141 43 85 170 0.0328788
142 43 85 170 0.035082
143 43 85 170 0.0339428
144 43 85 170 0.0219148
98 44 85 170 0.0147552
99 44 85 170 0.0186922
100 44 85 170 0.0122701
139 44 85 170 0.0114242
140 44 85 170 0.024763
141 44 85 170 0.0301133
142 44 85 170 0.0340475
143 44 85 170 0.0347444
144 44 85 170 0.0231458
145 44 85 170 0.010108
98 45 85 170 0.0100622
99 45 85 170 0.0128559
140 45 85 170 0.0213309
141 45 85 170 0.0259701
142 45 85 170 0.0306893
143 45 85 170 0.0338826
144 45 85 170 0.0253054
145 45 85 170 0.0129228
140 46 85 170 0.0159384
141 46 85 170 0.0200514
142 46 85 170 0.0240645
143 46 85 170 0.0271156
144 46 85 170 0.022466
145 46 85 170 0.0125575
140 47 85 170 0.011584
141 47 85 170 0.0157387
142 47 85 170 0.0187788
143 47 85 170 0.0202869
144 47 85 170 0.0180584
145 47 85 170 0.010634
140 48 85 170 0.0106277
141 48 85 170 0.0148556
142 48 85 170 0.0179629
143 48 85 170 0.0196336
144 48 85 170 0.0179839
145 48 85 170 0.0109184
141 49 85 170 0.0120147
142 49 85 170 0.0152196
143 49 85 170 0.0177632
144 49 85 170 0.0168009
141 50 85 170 0.0106545
142 50 85 170 0.0135099
143 50 85 170 0.0168301
144 50 85 170 0.0156711
141 51 85 170 0.0117459
142 51 85 170 0.0141207
143 51 85 170 0.0169451
144 51 85 170 0.0153199
141 52 85 170 0.0117209
142 52 85 170 0.0137498
143 52 85 170 0.0149308
144 52 85 170 0.0137858
143 53 85 170 0.0104397
141 57 85 170 0.0105212
142 57 85 170 0.0102499
140 58 85 170 0.0112999
141 58 85 170 0.0135232
142 58 85 170 0.0128749
143 58 85 170 0.0106752
140 59 85 170 0.0138338
141 59 85 170 0.0155053
142 59 85 170 0.0149023
143 59 85 170 0.0132679
140 60 85 170 0.0168107
141 60 85 170 0.018432
142 60 85 170 0.0183041
143 60 85 170 0.0171608
144 60 85 170 0.0117202
140 61 85 170 0.0108466
141 61 85 170 0.0116261
142 61 85 170 0.0123246
143 61 85 170 0.013162
144 61 85 170 0.010034
103 62 85 170 0.0114397
104 62 85 170 0.0120491
105 62 85 170 0.0102648
103 63 85 170 0.0148531
104 63 85 170 0.0159571
105 63 85 170 0.0132525
106 63 85 170 0.0111767
103 64 85 170 0.0124209
104 64 85 170 0.0121175
105 64 85 170 0.010613
103 65 85 170 0.0107557
104 65 85 170 0.0105683
105 65 85 170 0.0104129
103 66 85 170 0.0109578
104 66 85 170 0.0100177
105 66 85 170 0.0101205
103 67 85 170 0.0130541
104 67 85 170 0.0112614
105 67 85 170 0.0110505
103 68 85 170 0.0134247
104 68 85 170 0.0129109
105 68 85 170 0.0127754
106 68 85 170 0.011792
41 28 64 128 0.0123658
42 28 64 128 0.013875
43 28 64 128 0.011823
16 29 64 128 0.0108505
17 29 64 128 0.0118164
40 29 64 128 0.0124219
41 29 64 128 0.0207347
42 29 64 128 0.0265332
43 29 64 128 0.0193544
15 30 64 128 0.0116054
16 30 64 128 0.0165003
17 30 64 128 0.0170402
18 30 64 128 0.011913
38 30 64 128 0.0126862
39 30 64 128 0.0140435
40 30 64 128 0.0235577
41 30 64 128 0.0347405
42 30 64 128 0.0404963
43 30 64 128 0.0271461
44 30 64 128 0.0123426
15 31 64 128 0.0149541
16 31 64 128 0.0217738
17 31 64 128 0.0205653
18 31 64 128 0.0130782
32 31 64 128 0.0175266
33 31 64 128 0.0119282
34 31 64 128 0.0175253
35 31 64 128 0.0148772
36 31 64 128 0.0151344
37 31 64 128 0.015354
38 31 64 128 0.0251177
39 31 64 128 0.030333
40 31 64 128 0.046999
41 31 64 128 0.0748228
42 31 64 128 0.0847198
43 31 64 128 0.0572062
44 31 64 128 0.0234855
45 31 64 128 0.0153715
46 31 64 128 0.0118877
47 31 64 128 0.0105309
14 32 64 128 0.012393
15 32 64 128 0.0206326
16 32 64 128 0.0306992
17 32 64 128 0.0229909
18 32 64 128 0.0129506
30 32 64 128 0.0135363
31 32 64 128 0.013646
32 32 64 128 0.0271015
33 32 64 128 0.0218724
34 32 64 128 0.0362812
35 32 64 128 0.0275164
36 32 64 128 0.0304999
37 32 64 128 0.0292366
38 32 64 128 0.0468214
39 32 64 128 0.0490296
40 32 64 128 0.0827608
41 32 64 128 0.113933
42 32 64 128 0.11718
43 32 64 128 0.0752996
44 32 64 128 0.0290661
45 32 64 128 0.0164726
46 32 64 128 0.0117179
13 33 64 128 0.0121503
14 33 64 128 0.017477
15 33 64 128 0.0277869
16 33 64 128 0.0383374
17 33 64 128 0.0277927
18 33 64 128 0.0134534
30 33 64 128 0.0201342
31 33 64 128 0.0223719
32 33 64 128 0.042824
33 33 64 128 0.039374
34 33 64 128 0.0633655
35 33 64 128 0.0582708
36 33 64 128 0.058228
37 33 64 128 0.0587972
38 33 64 128 0.0899262
39 33 64 128 0.0851758
40 33 64 128 0.14994
41 33 64 128 0.171611
42 33 64 128 0.183668
43 33 64 128 0.102003
44 33 64 128 0.0391982
45 33 64 128 0.0182936
46 33 64 128 0.0146252
12 34 64 128 0.0101891
13 34 64 128 0.0145061
14 34 64 128 0.0209351
15 34 64 128 0.0304853
16 34 64 128 0.0397895
17 34 64 128 0.0299329
18 34 64 128 0.0130058
30 34 64 128 0.0356262
31 34 64 128 0.0360523
32 34 64 128 0.0627057
33 34 64 128 0.0616069
34 34 64 128 0.108275
35 34 64 128 0.087484
36 34 64 128 0.10261
37 34 64 128 0.0986384
38 34 64 128 0.159985
39 34 64 128 0.144578
40 34 64 128 0.215673
41 34 64 128 0.253703
42 34 64 128 0.242809
43 34 64 128 0.129254
44 34 64 128 0.0424475
45 34 64 128 0.0188557
46 34 64 128 0.0107788
12 35 64 128 0.0131981
13 35 64 128 0.0208354
14 35 64 128 0.0253268
15 35 64 128 0.039626
16 35 64 128 0.0471765
17 35 64 128 0.0350515
18 35 64 128 0.0137524
29 35 64 128 0.0144947
30 35 64 128 0.0624458
31 35 64 128 0.0582596
32 35 64 128 0.098277
33 35 64 128 0.0978609
34 35 64 128 0.179339
35 35 64 128 0.139921
36 35 64 128 0.168023
37 35 64 128 0.159922
38 35 64 128 0.248266
39 35 64 128 0.23544
40 35 64 128 0.314331
41 35 64 128 0.337374
42 35 64 128 0.306862
43 35 64 128 0.150914
44 35 64 128 0.0506112
45 35 64 128 0.0171157
11 36 64 128 0.0103477
12 36 64 128 0.0183409
13 36 64 128 0.026709
14 36 64 128 0.0310458
15 36 64 128 0.044097
16 36 64 128 0.0472918
17 36 64 128 0.0318189
18 36 64 128 0.0116662
28 36 64 128 0.0105591
29 36 64 128 0.0194369
30 36 64 128 0.0838252
31 36 64 128 0.0806874
32 36 64 128 0.129233
33 36 64 128 0.140727
34 36 64 128 0.247333
35 36 64 128 0.184439
36 36 64 128 0.231712
37 36 64 128 0.238147
38 36 64 128 0.308925
39 36 64 128 0.285205
40 36 64 128 0.360985
41 36 64 128 0.356166
42 36 64 128 0.262176
43 36 64 128 0.113334
44 36 64 128 0.0320252
10 37 64 128 0.01267
11 37 64 128 0.0139913
12 37 64 128 0.0270349
13 37 64 128 0.036974
14 37 64 128 0.0441779
15 37 64 128 0.0531152
16 37 64 128 0.051528
17 37 64 128 0.0344635
18 37 64 128 0.013123
28 37 64 128 0.0138885
29 37 64 128 0.0301557
30 37 64 128 0.109524
31 37 64 128 0.103954
32 37 64 128 0.166306
33 37 64 128 0.187182
34 37 64 128 0.30552
35 37 64 128 0.267145
36 37 64 128 0.32116
37 37 64 128 0.291937
38 37 64 128 0.381381
39 37 64 128 0.312825
40 37 64 128 0.421371
41 37 64 128 0.339357
42 37 64 128 0.253635
43 37 64 128 0.0862122
44 37 64 128 0.0201171
10 38 64 128 0.0164309
11 38 64 128 0.0175013
12 38 64 128 0.032726
13 38 64 128 0.0469592
14 38 64 128 0.0518343
15 38 64 128 0.0596482
16 38 64 128 0.0561333
17 38 64 128 0.039918
18 38 64 128 0.0137773
28 38 64 128 0.0176697
29 38 64 128 0.0424976
30 38 64 128 0.137854
31 38 64 128 0.122512
32 38 64 128 0.178735
33 38 64 128 0.209227
34 38 64 128 0.355634
35 38 64 128 0.318123
36 38 64 128 0.35441
37 38 64 128 0.302934
38 38 64 128 0.387567
39 38 64 128 0.341615
40 38 64 128 0.392024
41 38 64 128 0.294545
42 38 64 128 0.181851
43 38 64 128 0.0547094
44 38 64 128 0.0101747
9 39 64 128 0.0105533
10 39 64 128 0.0232734
11 39 64 128 0.0235576
12 39 64 128 0.0434688
13 39 64 128 0.0571547
14 39 64 128 0.0606956
15 39 64 128 0.0648697
16 39 64 128 0.0570832
17 39 64 128 0.0434657
18 39 64 128 0.0162657
28 39 64 128 0.0230771
29 39 64 128 0.0453927
30 39 64 128 0.145608
31 39 64 128 0.121815
32 39 64 128 0.178333
33 39 64 128 0.210024
34 39 64 128 0.350735
35 39 64 128 0.288849
36 39 64 128 0.324518
37 39 64 128 0.287181
38 39 64 128 0.359018
39 39 64 128 0.30662
40 39 64 128 0.364678
41 39 64 128 0.257592
42 39 64 128 0.133295
43 39 64 128 0.0362824
9 40 64 128 0.0107547
10 40 64 128 0.0219245
11 40 64 128 0.0239155
12 40 64 128 0.0467015
13 40 64 128 0.0673591
14 40 64 128 0.0685084
15 40 64 128 0.0718396
16 40 64 128 0.0605903
17 40 64 128 0.0447446
18 40 64 128 0.0159141
28 40 64 128 0.0209429
29 40 64 128 0.0479192
30 40 64 128 0.139215
31 40 64 128 0.107898
32 40 64 128 0.15804
33 40 64 128 0.202441
34 40 64 128 0.328735
35 40 64 128 0.243035
36 40 64 128 0.280253
37 40 64 128 0.261126
38 40 64 128 0.294823
39 40 64 128 0.236853
40 40 64 128 0.283089
41 40 64 128 0.171617
42 40 64 128 0.0713157
43 40 64 128 0.0185192
9 41 64 128 0.0125365
10 41 64 128 0.0253224
11 41 64 128 0.0262153
12 41 64 128 0.0464781
13 41 64 128 0.0683808
14 41 64 128 0.0797179
15 41 64 128 0.0776922
16 41 64 128 0.0624496
17 41 64 128 0.0470675
18 41 64 128 0.0176888
28 41 64 128 0.0194511
29 41 64 128 0.0431578
30 41 64 128 0.120724
31 41 64 128 0.0902693
32 41 64 128 0.132398
33 41 64 128 0.172222
34 41 64 128 0.28751
35 41 64 128 0.211799
36 41 64 128 0.238697
37 41 64 128 0.224133
38 41 64 128 0.24981
39 41 64 128 0.204984
40 41 64 128 0.239985
41 41 64 128 0.131203
42 41 64 128 0.0501332
43 41 64 128 0.0111483
9 42 64 128 0.01344
10 42 64 128 0.0246429
11 42 64 128 0.0313324
12 42 64 128 0.0434883
13 42 64 128 0.0672007
14 42 64 128 0.0764499
15 42 64 128 0.0852757
16 42 64 128 0.0637937
17 42 64 128 0.0454164
18 42 64 128 0.0164733
28 42 64 128 0.0173952
29 42 64 128 0.0377881
30 42 64 128 0.0928801
31 42 64 128 0.0652282
32 42 64 128 0.113382
33 42 64 128 0.156264
34 42 64 128 0.254032
35 42 64 128 0.201823
36 42 64 128 0.228627
37 42 64 128 0.192879
38 42 64 128 0.204602
39 42 64 128 0.176547
40 42 64 128 0.161159
41 42 64 128 0.0753861
42 42 64 128 0.0234575
9 43 64 128 0.0119773
10 43 64 128 0.0224457
11 43 64 128 0.0262033
12 43 64 128 0.0396329
13 43 64 128 0.057158
14 43 64 128 0.0685193
15 43 64 128 0.0792883
16 43 64 128 0.0659747
17 43 64 128 0.0498535
18 43 64 128 0.0169086
28 43 64 128 0.0170256
29 43 64 128 0.0333927
30 43 64 128 0.070588
31 43 64 128 0.051595
32 43 64 128 0.0888889
33 43 64 128 0.129233
34 43 64 128 0.204748
35 43 64 128 0.148211
36 43 64 128 0.187356
37 43 64 128 0.151881
38 43 64 128 0.146852
39 43 64 128 0.106018
40 43 64 128 0.092673
41 43 64 128 0.0367567
42 43 64 128 0.0106353
9 44 64 128 0.0111079
10 44 64 128 0.0193658
11 44 64 128 0.0238521
12 44 64 128 0.0340732
13 44 64 128 0.0520147
14 44 64 128 0.0579828
15 44 64 128 0.0718274
16 44 64 128 0.0711194
17 44 64 128 0.0478813
18 44 64 128 0.0178139
28 44 64 128 0.0141502
29 44 64 128 0.0255815
30 44 64 128 0.0591947
31 44 64 128 0.0396682
32 44 64 128 0.0660138
33 44 64 128 0.0964451
34 44 64 128 0.154736
35 44 64 128 0.1052
36 44 64 128 0.116392
37 44 64 128 0.0928271
38 44 64 128 0.0866849
39 44 64 128 0.0585478
40 44 64 128 0.0497295
41 44 64 128 0.0164618
10 45 64 128 0.0127392
11 45 64 128 0.0157236
12 45 64 128 0.0235312
13 45 64 128 0.0352856
14 45 64 128 0.0490183
15 45 64 128 0.0598633
16 45 64 128 0.0592461
17 45 64 128 0.0404699
18 45 64 128 0.0154925
28 45 64 128 0.0124902
29 45 64 128 0.0199663
30 45 64 128 0.049082
31 45 64 128 0.0313161
32 45 64 128 0.0491265
33 45 64 128 0.0828345
34 45 64 128 0.140095
35 45 64 128 0.0831402
36 45 64 128 0.079583
37 45 64 128 0.0568169
38 45 64 128 0.0552566
39 45 64 128 0.0344527
40 45 64 128 0.0286653
12 46 64 128 0.0142976
13 46 64 128 0.0206759
14 46 64 128 0.0297294
15 46 64 128 0.0390739
16 46 64 128 0.0371696
17 46 64 128 0.0272167
18 46 64 128 0.0112527
29 46 64 128 0.0139867
30 46 64 128 0.037478
31 46 64 128 0.0238586
32 46 64 128 0.0378992
33 46 64 128 0.0616678
34 46 64 128 0.102516
35 46 64 128 0.0582974
36 46 64 128 0.051289
37 46 64 128 0.035655
38 46 64 128 0.0300334
39 46 64 128 0.0165381
40 46 64 128 0.0135255
13 47 64 128 0.0109705
14 47 64 128 0.0164703
15 47 64 128 0.0225539
16 47 64 128 0.0246122
17 47 64 128 0.0197144
29 47 64 128 0.0117303
30 47 64 128 0.0302065
31 47 64 128 0.0183749
32 47 64 128 0.0292483
33 47 64 128 0.0463798
34 47 64 128 0.0850973
35 47 64 128 0.044692
36 47 64 128 0.0355077
37 47 64 128 0.0235601
38 47 64 128 0.0209806
14 48 64 128 0.010023
15 48 64 128 0.0128644
16 48 64 128 0.0135081
17 48 64 128 0.0115757
30 48 64 128 0.0176459
31 48 64 128 0.0104113
32 48 64 128 0.0201835
33 48 64 128 0.0333708
34 48 64 128 0.0562019
35 48 64 128 0.027409
36 48 64 128 0.0230355
37 48 64 128 0.0145199
38 48 64 128 0.0128183
30 49 64 128 0.011347
32 49 64 128 0.0136978
33 49 64 128 0.0218426
34 49 64 128 0.0373403
35 49 64 128 0.016885
36 49 64 128 0.0141403
33 50 64 128 0.0148793
34 50 64 128 0.022279
35 50 64 128 0.0127247
34 51 64 128 0.0131527
53 51 64 128 0.0149698
54 51 64 128 0.0161165
55 51 64 128 0.0190937
53 52 64 128 0.0211531
54 52 64 128 0.0209221
55 52 64 128 0.0224411
51 53 64 128 0.0110122
52 53 64 128 0.0151326
53 53 64 128 0.0294618
54 53 64 128 0.0299669
55 53 64 128 0.0233242
56 53 64 128 0.0120189
51 54 64 128 0.0113825
52 54 64 128 0.0157405
53 54 64 128 0.0283289
54 54 64 128 0.026246
55 54 64 128 0.018049
130 54 64 128 0.0277351
131 54 64 128 0.0175975
51 55 64 128 0.0119345
52 55 64 128 0.0144146
53 55 64 128 0.0225234
54 55 64 128 0.0192454
55 55 64 128 0.0135141
130 55 64 128 0.0293129
131 55 64 128 0.0184809
53 56 64 128 0.0113016
129 56 64 128 0.0119724
130 56 64 128 0.0634382
131 56 64 128 0.0381899
132 56 64 128 0.0194476
129 57 64 128 0.0183587
130 57 64 128 0.0955492
131 57 64 128 0.0575456
132 57 64 128 0.0232063
129 58 64 128 0.0240062
130 58 64 128 0.133745
131 58 64 128 0.0826316
132 58 64 128 0.0301608
129 59 64 128 0.0253322
130 59 64 128 0.12179
131 59 64 128 0.068709
132 59 64 128 0.0211305
72 60 64 128 0.0104935
129 60 64 128 0.0213514
130 60 64 128 0.105596
131 60 64 128 0.0644469
132 60 64 128 0.0185293
70 61 64 128 0.0133118
71 61 64 128 0.0238071
72 61 64 128 0.0324264
73 61 64 128 0.0305893
74 61 64 128 0.0190636
129 61 64 128 0.0251795
130 61 64 128 0.125728
131 61 64 128 0.075992
132 61 64 128 0.0205382
69 62 64 128 0.0132657
70 62 64 128 0.0272123
71 62 64 128 0.0417782
72 62 64 128 0.052489
73 62 64 128 0.0397603
74 62 64 128 0.0259335
75 62 64 128 0.0101131
129 62 64 128 0.0169798
130 62 64 128 0.0848264
131 62 64 128 0.0481751
132 62 64 128 0.0129027
192 62 64 128 0.0106059
193 62 64 128 0.0137756
68 63 64 128 0.0177128
69 63 64 128 0.046649
70 63 64 128 0.075607
71 63 64 128 0.117069
72 63 64 128 0.133241
73 63 64 128 0.107576
74 63 64 128 0.0489234
75 63 64 128 0.0171823
129 63 64 128 0.0160324
130 63 64 128 0.0746977
131 63 64 128 0.0421901
132 63 64 128 0.0116881
191 63 64 128 0.0110949
192 63 64 128 0.0162768
193 63 64 128 0.0227211
194 63 64 128 0.0144663
68 64 64 128 0.0255997
69 64 64 128 0.0606723
70 64 64 128 0.0963712
71 64 64 128 0.136794
72 64 64 128 0.158499
73 64 64 128 0.083682
74 64 64 128 0.0351436
75 64 64 128 0.0132616
130 64 64 128 0.0458761
131 64 64 128 0.0269413
191 64 64 128 0.0108494
192 64 64 128 0.0183584
193 64 64 128 0.0256758
194 64 64 128 0.0174377
195 64 64 128 0.0116805
67 65 64 128 0.0124184
68 65 64 128 0.0451509
69 65 64 128 0.11239
70 65 64 128 0.145398
71 65 64 128 0.200721
72 65 64 128 0.188122
73 65 64 128 0.11914
74 65 64 128 0.0464275
75 65 64 128 0.0140822
130 65 64 128 0.044644
131 65 64 128 0.0250134
191 65 64 128 0.0125013
192 65 64 128 0.0214791
193 65 64 128 0.0374716
194 65 64 128 0.0264894
195 65 64 128 0.0185311
67 66 64 128 0.0101986
68 66 64 128 0.0458898
69 66 64 128 0.0928861
70 66 64 128 0.151851
71 66 64 128 0.214115
72 66 64 128 0.164477
73 66 64 128 0.102413
74 66 64 128 0.0376291
75 66 64 128 0.013778
130 66 64 128 0.0224476
131 66 64 128 0.0119177
192 66 64 128 0.017564
193 66 64 128 0.0319981
194 66 64 128 0.0219806
195 66 64 128 0.0141567
67 67 64 128 0.0125399
68 67 64 128 0.0456024
69 67 64 128 0.121893
70 67 64 128 0.186773
71 67 64 128 0.25024
72 67 64 128 0.160864
73 67 64 128 0.123362
74 67 64 128 0.0375882
130 67 64 128 0.0170637
192 67 64 128 0.0129438
193 67 64 128 0.0230377
194 67 64 128 0.0173831
195 67 64 128 0.012431
68 68 64 128 0.0262055
69 68 64 128 0.0719067
70 68 64 128 0.108611
71 68 64 128 0.115415
72 68 64 128 0.0755052
73 68 64 128 0.0469591
74 68 64 128 0.0126601
130 68 64 128 0.0137134
68 69 64 128 0.0200979
69 69 64 128 0.0479463
70 69 64 128 0.049231
71 69 64 128 0.0522683
72 69 64 128 0.0431314
73 69 64 128 0.0299319
130 69 64 128 0.0139228
69 70 64 128 0.0161793
70 70 64 128 0.0155917
71 70 64 128 0.0230476
72 70 64 128 0.0160427
73 70 64 128 0.0116489
130 70 64 128 0.0114566
130 71 64 128 0.0156545
130 72 64 128 0.0356684
131 72 64 128 0.022746
129 73 64 128 0.015791
130 73 64 128 0.0527365
131 73 64 128 0.0307147
132 73 64 128 0.0132546
129 74 64 128 0.0139163
130 74 64 128 0.0391325
131 74 64 128 0.0248979
132 74 64 128 0.0109295
130 75 64 128 0.0135687
117 78 64 128 0.011393
116 79 64 128 0.0206555
117 79 64 128 0.025074
118 79 64 128 0.0210311
119 79 64 128 0.0106559
114 80 64 128 0.0118023
115 80 64 128 0.0163432
116 80 64 128 0.0667629
117 80 64 128 0.0844905
118 80 64 128 0.0783322
119 80 64 128 0.0372469
120 80 64 128 0.0202287
114 81 64 128 0.0142155
115 81 64 128 0.0222295
116 81 64 128 0.0807428
117 81 64 128 0.122418
118 81 64 128 0.102087
119 81 64 128 0.0477007
120 81 64 128 0.0274525
112 82 64 128 0.0154188
113 82 64 128 0.0193997
114 82 64 128 0.0353191
115 82 64 128 0.0535526
116 82 64 128 0.183232
117 82 64 128 0.261513
118 82 64 128 0.226651
119 82 64 128 0.102313
120 82 64 128 0.0530752
121 82 64 128 0.0111793
74 83 64 128 0.0151706
75 83 64 128 0.0119659
76 83 64 128 0.0177132
77 83 64 128 0.0160233
78 83 64 128 0.0238866
79 83 64 128 0.0224348
80 83 64 128 0.019405
81 83 64 128 0.0118281
82 83 64 128 0.0138225
83 83 64 128 0.0112655
84 83 64 128 0.0117869
112 83 64 128 0.0209217
113 83 64 128 0.0278842
114 83 64 128 0.0433715
115 83 64 128 0.0757762
116 83 64 128 0.212042
117 83 64 128 0.289826
118 83 64 128 0.26922
119 83 64 128 0.147345
120 83 64 128 0.0708867
121 83 64 128 0.0157055
73 84 64 128 0.0168241
74 84 64 128 0.0412552
75 84 64 128 0.0394481
76 84 64 128 0.0469394
77 84 64 128 0.0314462
78 84 64 128 0.048398
79 84 64 128 0.0339861
80 84 64 128 0.0253418
81 84 64 128 0.011671
82 84 64 128 0.0145368
84 84 64 128 0.0105354
111 84 64 128 0.0108338
112 84 64 128 0.0398535
113 84 64 128 0.053028
114 84 64 128 0.0799406
115 84 64 128 0.127987
116 84 64 128 0.316439
117 84 64 128 0.473163
118 84 64 128 0.461605
119 84 64 128 0.310725
120 84 64 128 0.140527
121 84 64 128 0.0384249
72 85 64 128 0.0125711
73 85 64 128 0.0346405
74 85 64 128 0.0980071
75 85 64 128 0.110704
76 85 64 128 0.141816
77 85 64 128 0.0893823
78 85 64 128 0.109962
79 85 64 128 0.064187
80 85 64 128 0.0461625
81 85 64 128 0.0209268
82 85 64 128 0.0174767
83 85 64 128 0.0112803
111 85 64 128 0.0124609
112 85 64 128 0.0401809
113 85 64 128 0.0512423
114 85 64 128 0.0630787
115 85 64 128 0.106824
116 85 64 128 0.296598
117 85 64 128 0.421024
118 85 64 128 0.401281
119 85 64 128 0.270048
120 85 64 128 0.135021
121 85 64 128 0.0421919
122 85 64 128 0.0116064
72 86 64 128 0.0150436
73 86 64 128 0.0564834
74 86 64 128 0.162408
75 86 64 128 0.158768
76 86 64 128 0.204846
77 86 64 128 0.0991192
78 86 64 128 0.12329
79 86 64 128 0.0456079
80 86 64 128 0.0345394
81 86 64 128 0.0115171
82 86 64 128 0.0109277
111 86 64 128 0.0177385
112 86 64 128 0.0629606
113 86 64 128 0.0680504
114 86 64 128 0.0917217
115 86 64 128 0.160573
116 86 64 128 0.421074
117 86 64 128 0.554208
118 86 64 128 0.539354
119 86 64 128 0.412712
120 86 64 128 0.214219
121 86 64 128 0.0840312
122 86 64 128 0.0217581
72 87 64 128 0.0242168
73 87 64 128 0.0879299
74 87 64 128 0.271726
75 87 64 128 0.244781
76 87 64 128 0.291602
77 87 64 128 0.146364
78 87 64 128 0.131374
79 87 64 128 0.0459283
80 87 64 128 0.02814
81 87 64 128 0.0100003
111 87 64 128 0.0255947
112 87 64 128 0.073434
113 87 64 128 0.074277
114 87 64 128 0.0920775
115 87 64 128 0.185717
116 87 64 128 0.442521
117 87 64 128 0.552998
118 87 64 128 0.531739
119 87 64 128 0.436465
120 87 64 128 0.226737
121 87 64 128 0.103091
122 87 64 128 0.0306573
123 87 64 128 0.0103381
72 88 64 128 0.0241524
73 88 64 128 0.0734715
74 88 64 128 0.220309
75 88 64 128 0.174355
76 88 64 128 0.191952
77 88 64 128 0.066713
78 88 64 128 0.0613479
79 88 64 128 0.0138112
110 88 64 128 0.0115345
111 88 64 128 0.0330446
112 88 64 128 0.0942924
113 88 64 128 0.090894
114 88 64 128 0.0899942
115 88 64 128 0.191411
116 88 64 128 0.43553
117 88 64 128 0.577278
118 88 64 128 0.562759
119 88 64 128 0.523578
120 88 64 128 0.248263
121 88 64 128 0.135242
122 88 64 128 0.0518359
123 88 64 128 0.0195781
147 88 64 128 0.0111944
148 88 64 128 0.0143651
149 88 64 128 0.011426
150 88 64 128 0.0104093
72 89 64 128 0.0291603
73 89 64 128 0.0849206
74 89 64 128 0.235993
75 89 64 128 0.206989
76 89 64 128 0.22627
77 89 64 128 0.0736345
78 89 64 128 0.0459288
79 89 64 128 0.0106522
110 89 64 128 0.0167923
111 89 64 128 0.0418272
112 89 64 128 0.0948619
113 89 64 128 0.0783099
114 89 64 128 0.0647142
115 89 64 128 0.142191
116 89 64 128 0.315103
117 89 64 128 0.504819
118 89 64 128 0.495624
119 89 64 128 0.469703
120 89 64 128 0.241613
121 89 64 128 0.12956
122 89 64 128 0.0635519
123 89 64 128 0.0254691
147 89 64 128 0.0152621
148 89 64 128 0.0177596
149 89 64 128 0.0156315
150 89 64 128 0.013769
72 90 64 128 0.0140137
73 90 64 128 0.0399555
74 90 64 128 0.100125
75 90 64 128 0.0862579
76 90 64 128 0.0889784
77 90 64 128 0.0209267
78 90 64 128 0.0135139
110 90 64 128 0.0152734
111 90 64 128 0.0419086
112 90 64 128 0.0827981
113 90 64 128 0.0561666
114 90 64 128 0.0457018
115 90 64 128 0.117741
116 90 64 128 0.226385
117 90 64 128 0.42524
118 90 64 128 0.39575
119 90 64 128 0.429259
120 90 64 128 0.246592
121 90 64 128 0.160532
122 90 64 128 0.0762708
123 90 64 128 0.0391574
143 90 64 128 0.0160938
144 90 64 128 0.0121741
147 90 64 128 0.0182328
148 90 64 128 0.0230243
149 90 64 128 0.0219121
150 90 64 128 0.0178048
73 91 64 128 0.0250723
74 91 64 128 0.0642462
75 91 64 128 0.0468337
76 91 64 128 0.047551
77 91 64 128 0.0105599
110 91 64 128 0.0184007
111 91 64 128 0.0386748
112 91 64 128 0.0616077
113 91 64 128 0.0449632
114 91 64 128 0.0377664
115 91 64 128 0.103777
116 91 64 128 0.174136
117 91 64 128 0.329868
118 91 64 128 0.341402
119 91 64 128 0.431125
120 91 64 128 0.250245
121 91 64 128 0.175033
122 91 64 128 0.087384
123 91 64 128 0.0566524
124 91 64 128 0.0111003
143 91 64 128 0.0172704
144 91 64 128 0.0118101
147 91 64 128 0.0155885
148 91 64 128 0.0171353
149 91 64 128 0.0189132
150 91 64 128 0.0144071
73 92 64 128 0.0124899
74 92 64 128 0.0267815
75 92 64 128 0.0135905
76 92 64 128 0.0123423
110 92 64 128 0.010618
111 92 64 128 0.0195034
112 92 64 128 0.0256061
113 92 64 128 0.0193542
114 92 64 128 0.017231
115 92 64 128 0.0493452
116 92 64 128 0.0829797
117 92 64 128 0.195382
118 92 64 128 0.242362
119 92 64 128 0.394527
120 92 64 128 0.212983
121 92 64 128 0.168184
122 92 64 128 0.0873919
123 92 64 128 0.0722702
124 92 64 128 0.0182375
142 92 64 128 0.0123619
143 92 64 128 0.0253106
144 92 64 128 0.0184547
147 92 64 128 0.0147048
148 92 64 128 0.0157591
149 92 64 128 0.0154491
150 92 64 128 0.0138203
73 93 64 128 0.0115284
74 93 64 128 0.0201834
111 93 64 128 0.0119759
112 93 64 128 0.0156514
113 93 64 128 0.0105327
114 93 64 128 0.0100283
115 93 64 128 0.0273746
116 93 64 128 0.0502018
117 93 64 128 0.123995
118 93 64 128 0.166054
119 93 64 128 0.32085
120 93 64 128 0.196172
121 93 64 128 0.16479
122 93 64 128 0.0798616
123 93 64 128 0.0802362
124 93 64 128 0.0283305
142 93 64 128 0.0111972
143 93 64 128 0.0233938
144 93 64 128 0.0171917
147 93 64 128 0.0112886
148 93 64 128 0.0110511
74 94 64 128 0.0118703
115 94 64 128 0.0122593
116 94 64 128 0.0247133
117 94 64 128 0.0650862
118 94 64 128 0.099419
119 94 64 128 0.21529
120 94 64 128 0.132364
121 94 64 128 0.120299
122 94 64 128 0.0568264
123 94 64 128 0.0656321
124 94 64 128 0.028662
143 94 64 128 0.0175951
144 94 64 128 0.0153737
116 95 64 128 0.0143588
117 95 64 128 0.0409026
118 95 64 128 0.0761271
119 95 64 128 0.166115
120 95 64 128 0.103789
121 95 64 128 0.0907793
122 95 64 128 0.038277
123 95 64 128 0.0590829
124 95 64 128 0.0317837
143 95 64 128 0.0125532
144 95 64 128 0.011185
117 96 64 128 0.0219244
118 96 64 128 0.0467024
119 96 64 128 0.101662
120 96 64 128 0.0510777
121 96 64 128 0.0467938
122 96 64 128 0.0256051
123 96 64 128 0.038172
124 96 64 128 0.0230196
143 96 64 128 0.0113506
144 96 64 128 0.0110383
117 97 64 128 0.0123209
118 97 64 128 0.0322276
119 97 64 128 0.0543566
120 97 64 128 0.0344372
121 97 64 128 0.0294852
122 97 64 128 0.0189055
123 97 64 128 0.0247656
124 97 64 128 0.0166431
143 97 64 128 0.0100485
144 97 64 128 0.0102403
118 98 64 128 0.0183347
119 98 64 128 0.0264914
120 98 64 128 0.0145547
121 98 64 128 0.0132641
123 98 64 128 0.0124813
143 98 64 128 0.0100175
144 98 64 128 0.0104471
80 99 64 128 0.0136527
118 99 64 128 0.0123105
119 99 64 128 0.0132808
144 99 64 128 0.0108479
78 100 64 128 0.0110327
79 100 64 128 0.0128576
80 100 64 128 0.0252594
81 100 64 128 0.010398
82 100 64 128 0.0105165
144 100 64 128 0.0110292
78 101 64 128 0.0136589
79 101 64 128 0.0167948
80 101 64 128 0.0332045
81 101 64 128 0.0140842
82 101 64 128 0.0168075
147 101 64 128 0.0100674
148 101 64 128 0.0110479
152 101 64 128 0.0137793
153 101 64 128 0.0139016
154 101 64 128 0.0185067
155 101 64 128 0.0116259
156 101 64 128 0.0115729
157 101 64 128 0.0113627
158 101 64 128 0.0166893
159 101 64 128 0.0166953
160 101 64 128 0.0154872
78 102 64 128 0.0269499
79 102 64 128 0.0280755
80 102 64 128 0.0520523
81 102 64 128 0.020751
82 102 64 128 0.0223668
146 102 64 128 0.0104404
147 102 64 128 0.014156
148 102 64 128 0.0155682
149 102 64 128 0.0132678
150 102 64 128 0.0129141
151 102 64 128 0.0150051
152 102 64 128 0.0273003
153 102 64 128 0.0340785
154 102 64 128 0.0455476
155 102 64 128 0.0354673
156 102 64 128 0.0289851
157 102 64 128 0.0293473
158 102 64 128 0.0386902
159 102 64 128 0.0317749
160 102 64 128 0.025636
161 102 64 128 0.01002
78 103 64 128 0.0295973
79 103 64 128 0.0276657
80 103 64 128 0.0454845
81 103 64 128 0.0216587
82 103 64 128 0.0219838
147 103 64 128 0.0122603
148 103 64 128 0.0157832
149 103 64 128 0.0130273
150 103 64 128 0.0165397
151 103 64 128 0.0149871
152 103 64 128 0.0355071
153 103 64 128 0.0490792
154 103 64 128 0.0873715
155 103 64 128 0.0700544
156 103 64 128 0.0646673
157 103 64 128 0.0575136
158 103 64 128 0.078691
159 103 64 128 0.0671061
160 103 64 128 0.0497399
161 103 64 128 0.0218171
162 103 64 128 0.0116896
78 104 64 128 0.0221252
79 104 64 128 0.020021
80 104 64 128 0.0331675
81 104 64 128 0.012848
147 104 64 128 0.0118284
148 104 64 128 0.0152783
149 104 64 128 0.0129171
150 104 64 128 0.0184511
151 104 64 128 0.0181328
152 104 64 128 0.03408
153 104 64 128 0.0506779
154 104 64 128 0.101089
155 104 64 128 0.104827
156 104 64 128 0.0974778
157 104 64 128 0.0959315
158 104 64 128 0.114208
159 104 64 128 0.115418
160 104 64 128 0.0813958
161 104 64 128 0.0299563
162 104 64 128 0.0151425
78 105 64 128 0.0151795
79 105 64 128 0.0129488
80 105 64 128 0.0186534
93 105 64 128 0.0105221
151 105 64 128 0.0105363
152 105 64 128 0.0231093
153 105 64 128 0.0376478
154 105 64 128 0.0774185
155 105 64 128 0.0795711
156 105 64 128 0.0906849
157 105 64 128 0.0918454
158 105 64 128 0.118383
159 105 64 128 0.131399
160 105 64 128 0.114415
161 105 64 128 0.0433343
162 105 64 128 0.0212689
163 105 64 128 0.0104931
92 106 64 128 0.015303
93 106 64 128 0.0216662
94 106 64 128 0.0163513
95 106 64 128 0.0105118
152 106 64 128 0.013482
153 106 64 128 0.0220913
154 106 64 128 0.0406175
155 106 64 128 0.0451344
156 106 64 128 0.0574519
157 106 64 128 0.0697167
158 106 64 128 0.0891039
159 106 64 128 0.103178
160 106 64 128 0.106031
161 106 64 128 0.0459646
162 106 64 128 0.0203679
92 107 64 128 0.0192621
93 107 64 128 0.0206052
94 107 64 128 0.0156337
95 107 64 128 0.0125691
154 107 64 128 0.0167975
155 107 64 128 0.0180342
156 107 64 128 0.0208485
157 107 64 128 0.0242014
158 107 64 128 0.0346331
159 107 64 128 0.0507005
160 107 64 128 0.0628302
161 107 64 128 0.0323323
162 107 64 128 0.0162512
91 108 64 128 0.0163687
92 108 64 128 0.0357176
93 108 64 128 0.0380349
94 108 64 128 0.025029
95 108 64 128 0.0148964
158 108 64 128 0.0135998
159 108 64 128 0.0198408
160 108 64 128 0.0296776
161 108 64 128 0.0160411
91 109 64 128 0.0184645
92 109 64 128 0.0341058
93 109 64 128 0.0337355
94 109 64 128 0.0202649
95 109 64 128 0.0125921
159 109 64 128 0.0121384
160 109 64 128 0.0239972
161 109 64 128 0.0166551
78 110 64 128 0.0142685
91 110 64 128 0.0155618
92 110 64 128 0.0320222
93 110 64 128 0.0291112
94 110 64 128 0.0196267
95 110 64 128 0.0114093
160 110 64 128 0.0199524
161 110 64 128 0.0125171
76 111 64 128 0.0142814
77 111 64 128 0.0210003
78 111 64 128 0.0407182
79 111 64 128 0.0213872
80 111 64 128 0.0109162
90 111 64 128 0.0115746
91 111 64 128 0.0192608
92 111 64 128 0.0271361
93 111 64 128 0.0208136
94 111 64 128 0.0149841
160 111 64 128 0.0151053
161 111 64 128 0.0130244
