6 0 98 196 0.0168472
7 0 98 196 0.0173375
8 0 98 196 0.0360161
9 0 98 196 0.072274
10 0 98 196 0.05585
11 0 98 196 0.0179558
6 1 98 196 0.015843
7 1 98 196 0.0174513
8 1 98 196 0.0345652
9 1 98 196 0.0659631
10 1 98 196 0.0497103
11 1 98 196 0.0150166
6 2 98 196 0.011164
7 2 98 196 0.0133407
8 2 98 196 0.02476
9 2 98 196 0.043995
10 2 98 196 0.0319941
8 3 98 196 0.0106474
9 3 98 196 0.0178342
10 3 98 196 0.01265
9 4 98 196 0.0101094
10 0 85 170 0.0109767
11 0 85 170 0.0291442
12 0 85 170 0.0472685
13 0 85 170 0.0440406
14 0 85 170 0.103776
15 0 85 170 0.197394
16 0 85 170 0.246967
17 0 85 170 0.25044
18 0 85 170 0.210947
19 0 85 170 0.149494
20 0 85 170 0.0877563
21 0 85 170 0.0326764
32 0 85 170 0.0105955
33 0 85 170 0.0202137
34 0 85 170 0.0406389
35 0 85 170 0.0527956
36 0 85 170 0.04093
37 0 85 170 0.0246569
38 0 85 170 0.0107326
232 0 85 170 0.0256185
233 0 85 170 0.0420696
234 0 85 170 0.0282616
10 1 85 170 0.0131574
11 1 85 170 0.0364854
12 1 85 170 0.0617724
13 1 85 170 0.0589789
14 1 85 170 0.122365
15 1 85 170 0.217332
16 1 85 170 0.265844
17 1 85 170 0.282331
18 1 85 170 0.231119
19 1 85 170 0.136698
20 1 85 170 0.058107
21 1 85 170 0.0181334
34 1 85 170 0.0157762
35 1 85 170 0.0197112
36 1 85 170 0.0155641
232 1 85 170 0.0220653
233 1 85 170 0.045438
234 1 85 170 0.034542
10 2 85 170 0.014825
11 2 85 170 0.0406112
12 2 85 170 0.0675237
13 2 85 170 0.0619486
14 2 85 170 0.149991
15 2 85 170 0.266175
16 2 85 170 0.313765
17 2 85 170 0.357848
18 2 85 170 0.303155
19 2 85 170 0.174067
20 2 85 170 0.0708766
21 2 85 170 0.021136
231 2 85 170 0.0100414
232 2 85 170 0.0315993
233 2 85 170 0.0633894
234 2 85 170 0.0478116
10 3 85 170 0.014252
11 3 85 170 0.0390314
12 3 85 170 0.06419
13 3 85 170 0.0555291
14 3 85 170 0.165014
15 3 85 170 0.306115
16 3 85 170 0.357865
17 3 85 170 0.40732
18 3 85 170 0.352464
19 3 85 170 0.20891
20 3 85 170 0.0842877
21 3 85 170 0.0256358
231 3 85 170 0.0109951
232 3 85 170 0.0356082
233 3 85 170 0.0639763
234 3 85 170 0.0456872
10 4 85 170 0.0119716
11 4 85 170 0.0384183
12 4 85 170 0.0692852
13 4 85 170 0.0577414
14 4 85 170 0.182697
15 4 85 170 0.351993
16 4 85 170 0.418131
17 4 85 170 0.461537
18 4 85 170 0.397617
19 4 85 170 0.229665
20 4 85 170 0.069932
21 4 85 170 0.0158755
232 4 85 170 0.0208955
233 4 85 170 0.0401535
234 4 85 170 0.0295858
11 5 85 170 0.0372523
12 5 85 170 0.074792
13 5 85 170 0.0538665
14 5 85 170 0.238493
15 5 85 170 0.481436
16 5 85 170 0.571429
17 5 85 170 0.659512
18 5 85 170 0.597679
19 5 85 170 0.377297
20 5 85 170 0.150351
21 5 85 170 0.0386193
232 5 85 170 0.0209338
233 5 85 170 0.0465907
234 5 85 170 0.036538
11 6 85 170 0.0435175
12 6 85 170 0.0902156
13 6 85 170 0.0687196
14 6 85 170 0.303649
15 6 85 170 0.60972
16 6 85 170 0.71557
17 6 85 170 0.801894
18 6 85 170 0.734971
19 6 85 170 0.477869
20 6 85 170 0.183261
21 6 85 170 0.041485
232 6 85 170 0.0208116
233 6 85 170 0.0515435
234 6 85 170 0.042038
11 7 85 170 0.0420327
12 7 85 170 0.0860667
13 7 85 170 0.071231
14 7 85 170 0.325273
15 7 85 170 0.656329
16 7 85 170 0.772318
17 7 85 170 0.840972
18 7 85 170 0.798151
19 7 85 170 0.569511
20 7 85 170 0.249817
21 7 85 170 0.0749853
22 7 85 170 0.0203036
232 7 85 170 0.0186051
233 7 85 170 0.0452052
234 7 85 170 0.036694
11 8 85 170 0.0254733
12 8 85 170 0.0511601
13 8 85 170 0.0415846
14 8 85 170 0.2897
15 8 85 170 0.619992
16 8 85 170 0.759497
17 8 85 170 0.844503
18 8 85 170 0.853618
19 8 85 170 0.688936
20 8 85 170 0.37919
21 8 85 170 0.145741
22 8 85 170 0.0426881
23 8 85 170 0.0179216
24 8 85 170 0.0110357
25 8 85 170 0.0120474
26 8 85 170 0.0148833
27 8 85 170 0.0114861
232 8 85 170 0.0183631
233 8 85 170 0.0364065
234 8 85 170 0.0273252
11 9 85 170 0.0177512
12 9 85 170 0.033561
13 9 85 170 0.0296941
14 9 85 170 0.237258
15 9 85 170 0.549675
16 9 85 170 0.737273
17 9 85 170 0.816185
18 9 85 170 0.814843
19 9 85 170 0.643672
20 9 85 170 0.322975
21 9 85 170 0.117607
22 9 85 170 0.0373401
23 9 85 170 0.016689
24 9 85 170 0.0107893
26 9 85 170 0.0105363
232 9 85 170 0.011169
233 9 85 170 0.0218251
234 9 85 170 0.0162626
11 10 85 170 0.0107127
12 10 85 170 0.0192145
13 10 85 170 0.0153079
14 10 85 170 0.152234
15 10 85 170 0.404634
16 10 85 170 0.637985
17 10 85 170 0.783027
18 10 85 170 0.770276
19 10 85 170 0.568279
20 10 85 170 0.27374
21 10 85 170 0.0969113
22 10 85 170 0.0369799
23 10 85 170 0.0250574
24 10 85 170 0.0166293
25 10 85 170 0.0146304
26 10 85 170 0.0167223
27 10 85 170 0.0131616
233 10 85 170 0.0215067
234 10 85 170 0.0174615
14 11 85 170 0.0717317
15 11 85 170 0.247273
16 11 85 170 0.490044
17 11 85 170 0.690508
18 11 85 170 0.66652
19 11 85 170 0.455143
20 11 85 170 0.226691
21 11 85 170 0.0836631
22 11 85 170 0.0349917
23 11 85 170 0.0279257
24 11 85 170 0.0188754
25 11 85 170 0.0184744
26 11 85 170 0.021697
27 11 85 170 0.0163228
233 11 85 170 0.0237448
234 11 85 170 0.0195243
14 12 85 170 0.0362001
15 12 85 170 0.14771
16 12 85 170 0.340274
17 12 85 170 0.502815
18 12 85 170 0.461079
19 12 85 170 0.274781
20 12 85 170 0.115353
21 12 85 170 0.03993
22 12 85 170 0.0188518
23 12 85 170 0.0147006
24 12 85 170 0.0121621
25 12 85 170 0.0149385
26 12 85 170 0.0163583
27 12 85 170 0.0107112
233 12 85 170 0.0138244
234 12 85 170 0.0108666
14 13 85 170 0.019889
15 13 85 170 0.0656188
16 13 85 170 0.158698
17 13 85 170 0.301171
18 13 85 170 0.293696
19 13 85 170 0.167062
20 13 85 170 0.0720437
21 13 85 170 0.0295242
22 13 85 170 0.017535
23 13 85 170 0.0159324
24 13 85 170 0.017728
25 13 85 170 0.0242956
26 13 85 170 0.0294693
27 13 85 170 0.0210943
15 14 85 170 0.0203002
16 14 85 170 0.0497412
17 14 85 170 0.130678
18 14 85 170 0.138899
19 14 85 170 0.0806013
20 14 85 170 0.0374048
21 14 85 170 0.0173346
22 14 85 170 0.0114389
23 14 85 170 0.0112343
24 14 85 170 0.0134273
25 14 85 170 0.0186244
26 14 85 170 0.0228648
27 14 85 170 0.0166482
16 15 85 170 0.0198361
17 15 85 170 0.035025
18 15 85 170 0.034107
19 15 85 170 0.0188472
17 16 85 170 0.0161218
18 16 85 170 0.0154094
227 67 85 170 0.0162876
228 67 85 170 0.0173969
229 67 85 170 0.0145503
230 67 85 170 0.0107672
227 68 85 170 0.0256822
228 68 85 170 0.0322618
229 68 85 170 0.0304917
230 68 85 170 0.0240814
231 68 85 170 0.0180062
232 68 85 170 0.0154026
228 69 85 170 0.0105458
229 69 85 170 0.0101808
0 0 64 128 0.0138389
1 0 64 128 0.0101748
48 0 64 128 0.0145218
49 0 64 128 0.0133363
50 0 64 128 0.017306
51 0 64 128 0.0322375
52 0 64 128 0.0468306
53 0 64 128 0.049801
54 0 64 128 0.0609469
55 0 64 128 0.0775281
56 0 64 128 0.05376
57 0 64 128 0.0297709
58 0 64 128 0.012029
59 0 64 128 0.0138715
60 0 64 128 0.0154977
61 0 64 128 0.0345033
62 0 64 128 0.0604087
63 0 64 128 0.108434
64 0 64 128 0.114501
65 0 64 128 0.107846
66 0 64 128 0.0681532
67 0 64 128 0.0576013
68 0 64 128 0.0686667
69 0 64 128 0.0822615
70 0 64 128 0.0710615
71 0 64 128 0.0538458
72 0 64 128 0.0616838
73 0 64 128 0.037289
74 0 64 128 0.0277481
75 0 64 128 0.0172289
76 0 64 128 0.0157144
77 0 64 128 0.014161
78 0 64 128 0.0102481
79 0 64 128 0.0104847
80 0 64 128 0.0141966
81 0 64 128 0.0277812
82 0 64 128 0.0711989
83 0 64 128 0.175296
84 0 64 128 0.372527
85 0 64 128 0.636306
86 0 64 128 0.782951
87 0 64 128 0.911116
88 0 64 128 0.956413
89 0 64 128 0.978889
90 0 64 128 0.988338
91 0 64 128 0.99402
92 0 64 128 0.996276
93 0 64 128 0.99747
94 0 64 128 0.997123
95 0 64 128 0.995214
96 0 64 128 0.994362
97 0 64 128 0.991324
98 0 64 128 0.986134
99 0 64 128 0.976121
100 0 64 128 0.959413
101 0 64 128 0.876612
102 0 64 128 0.70594
103 0 64 128 0.405791
104 0 64 128 0.248234
105 0 64 128 0.128123
106 0 64 128 0.095517
107 0 64 128 0.0908188
108 0 64 128 0.146634
109 0 64 128 0.145275
110 0 64 128 0.115437
111 0 64 128 0.0892077
112 0 64 128 0.0807424
113 0 64 128 0.0452991
114 0 64 128 0.035934
115 0 64 128 0.0278648
116 0 64 128 0.0267941
117 0 64 128 0.0184633
118 0 64 128 0.0186212
119 0 64 128 0.016045
120 0 64 128 0.0131149
122 0 64 128 0.0109945
123 0 64 128 0.0169442
124 0 64 128 0.0390028
125 0 64 128 0.0431928
126 0 64 128 0.0592387
127 0 64 128 0.0542316
128 0 64 128 0.0939724
129 0 64 128 0.16447
130 0 64 128 0.335637
131 0 64 128 0.493409
132 0 64 128 0.626197
133 0 64 128 0.605443
134 0 64 128 0.507789
135 0 64 128 0.408957
136 0 64 128 0.197355
137 0 64 128 0.0953211
138 0 64 128 0.0342398
139 0 64 128 0.0200585
0 1 64 128 0.0104616
52 1 64 128 0.0126759
53 1 64 128 0.012566
54 1 64 128 0.0181544
55 1 64 128 0.0255426
56 1 64 128 0.0186941
57 1 64 128 0.0141991
59 1 64 128 0.0113239
60 1 64 128 0.0132794
61 1 64 128 0.0380122
62 1 64 128 0.0576408
63 1 64 128 0.142184
64 1 64 128 0.131945
65 1 64 128 0.188923
66 1 64 128 0.135945
67 1 64 128 0.13099
68 1 64 128 0.16198
69 1 64 128 0.204185
70 1 64 128 0.149201
71 1 64 128 0.102002
72 1 64 128 0.105414
73 1 64 128 0.0644556
74 1 64 128 0.038835
75 1 64 128 0.0278373
76 1 64 128 0.0238398
77 1 64 128 0.0185777
79 1 64 128 0.0106424
80 1 64 128 0.0112771
81 1 64 128 0.02349
82 1 64 128 0.0450813
83 1 64 128 0.134951
84 1 64 128 0.275482
85 1 64 128 0.57167
86 1 64 128 0.780761
87 1 64 128 0.912868
88 1 64 128 0.956437
89 1 64 128 0.984872
90 1 64 128 0.992236
91 1 64 128 0.995908
92 1 64 128 0.997039
93 1 64 128 0.99774
94 1 64 128 0.997671
95 1 64 128 0.996232
96 1 64 128 0.993501
97 1 64 128 0.992287
98 1 64 128 0.983507
99 1 64 128 0.964764
100 1 64 128 0.916468
101 1 64 128 0.791405
102 1 64 128 0.454114
103 1 64 128 0.188387
104 1 64 128 0.0907079
105 1 64 128 0.047054
106 1 64 128 0.0343553
107 1 64 128 0.0341573
108 1 64 128 0.0668802
109 1 64 128 0.0848544
110 1 64 128 0.0827644
111 1 64 128 0.0596527
112 1 64 128 0.0586187
113 1 64 128 0.0308561
114 1 64 128 0.0230186
115 1 64 128 0.0159709
116 1 64 128 0.0150541
117 1 64 128 0.0114413
124 1 64 128 0.016404
125 1 64 128 0.0190807
126 1 64 128 0.0239999
127 1 64 128 0.0206221
128 1 64 128 0.0416948
129 1 64 128 0.0769644
130 1 64 128 0.180321
131 1 64 128 0.314373
132 1 64 128 0.464353
133 1 64 128 0.444875
134 1 64 128 0.339964
135 1 64 128 0.262489
136 1 64 128 0.129865
137 1 64 128 0.0663131
138 1 64 128 0.0274584
139 1 64 128 0.0140284
52 2 64 128 0.0132109
53 2 64 128 0.0144683
54 2 64 128 0.018088
55 2 64 128 0.0380035
56 2 64 128 0.027135
57 2 64 128 0.0239418
59 2 64 128 0.0181576
60 2 64 128 0.0235146
61 2 64 128 0.0710093
62 2 64 128 0.125837
63 2 64 128 0.219151
64 2 64 128 0.254706
65 2 64 128 0.285735
66 2 64 128 0.223563
67 2 64 128 0.222095
68 2 64 128 0.245236
69 2 64 128 0.250191
70 2 64 128 0.168952
71 2 64 128 0.110505
72 2 64 128 0.102137
73 2 64 128 0.0664819
74 2 64 128 0.0371277
75 2 64 128 0.0229652
76 2 64 128 0.0179822
77 2 64 128 0.0141481
81 2 64 128 0.0181374
82 2 64 128 0.0438183
83 2 64 128 0.126873
84 2 64 128 0.295925
85 2 64 128 0.581759
86 2 64 128 0.807322
87 2 64 128 0.927028
88 2 64 128 0.966827
89 2 64 128 0.988226
90 2 64 128 0.993379
91 2 64 128 0.99605
92 2 64 128 0.996162
93 2 64 128 0.997318
94 2 64 128 0.996272
95 2 64 128 0.993278
96 2 64 128 0.986121
97 2 64 128 0.979876
98 2 64 128 0.95353
99 2 64 128 0.902108
100 2 64 128 0.730375
101 2 64 128 0.418048
102 2 64 128 0.173016
103 2 64 128 0.0534806
104 2 64 128 0.0255976
105 2 64 128 0.0119831
106 2 64 128 0.0155221
107 2 64 128 0.0184546
108 2 64 128 0.0359777
109 2 64 128 0.0608159
110 2 64 128 0.0791771
111 2 64 128 0.0656474
112 2 64 128 0.0740368
113 2 64 128 0.039741
114 2 64 128 0.0306265
115 2 64 128 0.0187614
116 2 64 128 0.0160206
126 2 64 128 0.011678
127 2 64 128 0.0105889
128 2 64 128 0.0221491
129 2 64 128 0.0419141
130 2 64 128 0.120646
131 2 64 128 0.217931
132 2 64 128 0.331551
133 2 64 128 0.306841
134 2 64 128 0.226859
135 2 64 128 0.172554
136 2 64 128 0.0801814
137 2 64 128 0.0384036
138 2 64 128 0.0131613
234 2 64 128 0.0136006
235 2 64 128 0.0125708
236 2 64 128 0.011224
55 3 64 128 0.0105953
56 3 64 128 0.011163
60 3 64 128 0.0145982
61 3 64 128 0.0519113
62 3 64 128 0.0921594
63 3 64 128 0.169334
64 3 64 128 0.219845
65 3 64 128 0.264066
66 3 64 128 0.234986
67 3 64 128 0.22308
68 3 64 128 0.284275
69 3 64 128 0.294938
70 3 64 128 0.202679
71 3 64 128 0.132783
72 3 64 128 0.113259
73 3 64 128 0.0686219
74 3 64 128 0.0356784
75 3 64 128 0.0215968
76 3 64 128 0.0190206
77 3 64 128 0.0149285
81 3 64 128 0.0136307
82 3 64 128 0.0279216
83 3 64 128 0.0727989
84 3 64 128 0.156408
85 3 64 128 0.397777
86 3 64 128 0.701989
87 3 64 128 0.874674
88 3 64 128 0.943815
89 3 64 128 0.97941
90 3 64 128 0.988784
91 3 64 128 0.992162
92 3 64 128 0.991312
93 3 64 128 0.993021
94 3 64 128 0.990648
95 3 64 128 0.980551
96 3 64 128 0.961413
97 3 64 128 0.946325
98 3 64 128 0.860613
99 3 64 128 0.669106
100 3 64 128 0.339883
101 3 64 128 0.140578
102 3 64 128 0.0453814
103 3 64 128 0.0151004
108 3 64 128 0.0109203
109 3 64 128 0.0176179
110 3 64 128 0.0251338
111 3 64 128 0.021804
112 3 64 128 0.0217972
113 3 64 128 0.0106592
129 3 64 128 0.0185014
130 3 64 128 0.0576816
131 3 64 128 0.099833
132 3 64 128 0.177059
133 3 64 128 0.147128
134 3 64 128 0.106665
135 3 64 128 0.0812102
136 3 64 128 0.0384832
137 3 64 128 0.017367
54 4 64 128 0.0146488
55 4 64 128 0.0231797
56 4 64 128 0.0263385
57 4 64 128 0.0169868
59 4 64 128 0.012051
60 4 64 128 0.028635
61 4 64 128 0.0650331
62 4 64 128 0.140274
63 4 64 128 0.202587
64 4 64 128 0.271421
65 4 64 128 0.240703
66 4 64 128 0.221211
67 4 64 128 0.195547
68 4 64 128 0.262785
69 4 64 128 0.23286
70 4 64 128 0.179687
71 4 64 128 0.102376
72 4 64 128 0.0873128
73 4 64 128 0.0403876
74 4 64 128 0.0298337
75 4 64 128 0.0178108
76 4 64 128 0.0142302
77 4 64 128 0.0116747
81 4 64 128 0.0106135
82 4 64 128 0.0208529
83 4 64 128 0.0546528
84 4 64 128 0.102311
85 4 64 128 0.335109
86 4 64 128 0.63187
87 4 64 128 0.86431
88 4 64 128 0.932475
89 4 64 128 0.971864
90 4 64 128 0.980208
91 4 64 128 0.985209
92 4 64 128 0.982934
93 4 64 128 0.98462
94 4 64 128 0.97651
95 4 64 128 0.954259
96 4 64 128 0.899521
97 4 64 128 0.809409
98 4 64 128 0.553074
99 4 64 128 0.273851
100 4 64 128 0.0874742
101 4 64 128 0.0256908
112 4 64 128 0.0132043
129 4 64 128 0.0126859
130 4 64 128 0.0392317
131 4 64 128 0.0469833
132 4 64 128 0.0888165
133 4 64 128 0.0661148
134 4 64 128 0.04681
135 4 64 128 0.0278438
136 4 64 128 0.012145
234 4 64 128 0.0114183
235 4 64 128 0.0143301
236 4 64 128 0.014268
54 5 64 128 0.0132427
55 5 64 128 0.0228631
56 5 64 128 0.0189948
57 5 64 128 0.0127905
59 5 64 128 0.0122715
60 5 64 128 0.0193457
61 5 64 128 0.0520237
62 5 64 128 0.0743113
63 5 64 128 0.121672
64 5 64 128 0.13484
65 5 64 128 0.163562
66 5 64 128 0.146802
67 5 64 128 0.142246
68 5 64 128 0.183423
69 5 64 128 0.190368
70 5 64 128 0.115749
71 5 64 128 0.0685067
72 5 64 128 0.0551361
73 5 64 128 0.0296781
74 5 64 128 0.0179961
75 5 64 128 0.0137093
83 5 64 128 0.0139127
84 5 64 128 0.0283361
85 5 64 128 0.105782
86 5 64 128 0.307619
87 5 64 128 0.616818
88 5 64 128 0.809001
89 5 64 128 0.9182
90 5 64 128 0.941464
91 5 64 128 0.947119
92 5 64 128 0.942427
93 5 64 128 0.935216
94 5 64 128 0.898954
95 5 64 128 0.805314
96 5 64 128 0.641823
97 5 64 128 0.460716
98 5 64 128 0.174828
99 5 64 128 0.0517152
100 5 64 128 0.0135833
130 5 64 128 0.0107161
131 5 64 128 0.0145456
132 5 64 128 0.024218
133 5 64 128 0.0189245
134 5 64 128 0.0124766
235 5 64 128 0.0108442
46 6 64 128 0.0128161
47 6 64 128 0.0138226
48 6 64 128 0.0175424
49 6 64 128 0.0104409
52 6 64 128 0.0188581
53 6 64 128 0.020471
54 6 64 128 0.0341863
55 6 64 128 0.0765795
56 6 64 128 0.0659511
57 6 64 128 0.0381757
58 6 64 128 0.024171
59 6 64 128 0.0329378
60 6 64 128 0.0532813
61 6 64 128 0.089106
62 6 64 128 0.133104
63 6 64 128 0.141041
64 6 64 128 0.139827
65 6 64 128 0.114016
66 6 64 128 0.105483
67 6 64 128 0.0800087
68 6 64 128 0.0843089
69 6 64 128 0.0628718
70 6 64 128 0.0454041
71 6 64 128 0.0209116
72 6 64 128 0.0219481
73 6 64 128 0.0130395
74 6 64 128 0.0108161
84 6 64 128 0.0152652
85 6 64 128 0.0543724
86 6 64 128 0.151392
87 6 64 128 0.429366
88 6 64 128 0.622415
89 6 64 128 0.812237
90 6 64 128 0.870376
91 6 64 128 0.873845
92 6 64 128 0.839274
93 6 64 128 0.799445
94 6 64 128 0.660065
95 6 64 128 0.478504
96 6 64 128 0.25347
97 6 64 128 0.111717
98 6 64 128 0.0308792
235 6 64 128 0.0138899
236 6 64 128 0.0113535
247 6 64 128 0.0112047
249 6 64 128 0.0142101
250 6 64 128 0.0100881
32 7 64 128 0.0145121
33 7 64 128 0.0134492
40 7 64 128 0.0108004
45 7 64 128 0.0148896
46 7 64 128 0.0298177
47 7 64 128 0.038298
48 7 64 128 0.041168
49 7 64 128 0.0251844
50 7 64 128 0.0154778
51 7 64 128 0.0152237
52 7 64 128 0.0227334
53 7 64 128 0.0309511
54 7 64 128 0.044333
55 7 64 128 0.0711455
56 7 64 128 0.0606981
57 7 64 128 0.037307
58 7 64 128 0.0224995
59 7 64 128 0.0253197
60 7 64 128 0.0306241
61 7 64 128 0.062781
62 7 64 128 0.0712497
63 7 64 128 0.0916621
64 7 64 128 0.0778316
65 7 64 128 0.0747437
66 7 64 128 0.0571522
67 7 64 128 0.0424666
68 7 64 128 0.0355895
69 7 64 128 0.0310109
70 7 64 128 0.0200098
71 7 64 128 0.0112442
86 7 64 128 0.0298577
87 7 64 128 0.0929962
88 7 64 128 0.22252
89 7 64 128 0.41093
90 7 64 128 0.562312
91 7 64 128 0.500479
92 7 64 128 0.408522
93 7 64 128 0.313269
94 7 64 128 0.196803
95 7 64 128 0.0824001
96 7 64 128 0.0341774
97 7 64 128 0.0127854
235 7 64 128 0.010528
247 7 64 128 0.0149702
248 7 64 128 0.0134459
249 7 64 128 0.0188388
250 7 64 128 0.0142075
32 8 64 128 0.0343777
33 8 64 128 0.0290297
34 8 64 128 0.0199047
40 8 64 128 0.0222202
41 8 64 128 0.0179661
42 8 64 128 0.015327
43 8 64 128 0.0130719
44 8 64 128 0.0254891
45 8 64 128 0.0553459
46 8 64 128 0.13482
47 8 64 128 0.183381
48 8 64 128 0.177166
49 8 64 128 0.0878773
50 8 64 128 0.0590874
51 8 64 128 0.0527088
52 8 64 128 0.086737
53 8 64 128 0.117582
54 8 64 128 0.145275
55 8 64 128 0.221911
56 8 64 128 0.189157
57 8 64 128 0.115321
58 8 64 128 0.0738663
59 8 64 128 0.0670028
60 8 64 128 0.108855
61 8 64 128 0.134955
62 8 64 128 0.152403
63 8 64 128 0.125494
64 8 64 128 0.128807
65 8 64 128 0.0874503
66 8 64 128 0.0718267
67 8 64 128 0.0440694
68 8 64 128 0.0334936
69 8 64 128 0.0242522
70 8 64 128 0.0184256
71 8 64 128 0.0114838
72 8 64 128 0.0118189
87 8 64 128 0.0292565
88 8 64 128 0.0669993
89 8 64 128 0.149751
90 8 64 128 0.204593
91 8 64 128 0.180529
92 8 64 128 0.118426
93 8 64 128 0.0834722
94 8 64 128 0.0406785
95 8 64 128 0.0162783
245 8 64 128 0.012933
246 8 64 128 0.0192142
247 8 64 128 0.031119
248 8 64 128 0.0340657
249 8 64 128 0.049235
250 8 64 128 0.0337568
251 8 64 128 0.0164205
30 9 64 128 0.0112222
31 9 64 128 0.013873
32 9 64 128 0.0407192
33 9 64 128 0.0334096
34 9 64 128 0.0186401
40 9 64 128 0.0213633
41 9 64 128 0.0204227
42 9 64 128 0.0215556
43 9 64 128 0.0247398
44 9 64 128 0.0510258
45 9 64 128 0.141707
46 9 64 128 0.37709
47 9 64 128 0.473307
48 9 64 128 0.477444
49 9 64 128 0.316506
50 9 64 128 0.253541
51 9 64 128 0.222738
52 9 64 128 0.257408
53 9 64 128 0.301371
54 9 64 128 0.35145
55 9 64 128 0.361492
56 9 64 128 0.243232
57 9 64 128 0.139795
58 9 64 128 0.0841741
59 9 64 128 0.0875696
60 9 64 128 0.105329
61 9 64 128 0.124474
62 9 64 128 0.0978067
63 9 64 128 0.0866778
64 9 64 128 0.0707493
65 9 64 128 0.0685352
66 9 64 128 0.0593906
67 9 64 128 0.0354974
68 9 64 128 0.0257212
69 9 64 128 0.0179012
70 9 64 128 0.0133159
89 9 64 128 0.0151048
90 9 64 128 0.0208777
91 9 64 128 0.0152672
92 9 64 128 0.0109519
245 9 64 128 0.0178661
246 9 64 128 0.0247544
247 9 64 128 0.0505369
248 9 64 128 0.055065
249 9 64 128 0.0896597
250 9 64 128 0.0539687
251 9 64 128 0.0307178
252 9 64 128 0.0132041
253 9 64 128 0.0102261
29 10 64 128 0.0113226
30 10 64 128 0.0225229
31 10 64 128 0.0286207
32 10 64 128 0.0696445
33 10 64 128 0.0432232
34 10 64 128 0.0244079
40 10 64 128 0.019886
41 10 64 128 0.0206469
42 10 64 128 0.0294783
43 10 64 128 0.0379459
44 10 64 128 0.144542
45 10 64 128 0.382235
46 10 64 128 0.708859
47 10 64 128 0.784093
48 10 64 128 0.842067
49 10 64 128 0.750518
50 10 64 128 0.676195
51 10 64 128 0.625026
52 10 64 128 0.685689
53 10 64 128 0.729167
54 10 64 128 0.711695
55 10 64 128 0.761218
56 10 64 128 0.586942
57 10 64 128 0.390695
58 10 64 128 0.300131
59 10 64 128 0.289166
60 10 64 128 0.391489
61 10 64 128 0.329511
62 10 64 128 0.294873
63 10 64 128 0.18203
64 10 64 128 0.166704
65 10 64 128 0.10506
66 10 64 128 0.0896588
67 10 64 128 0.0497287
68 10 64 128 0.0392754
69 10 64 128 0.0176606
70 10 64 128 0.0141645
71 10 64 128 0.0106845
72 10 64 128 0.0145086
74 10 64 128 0.0113773
244 10 64 128 0.0149788
245 10 64 128 0.029676
246 10 64 128 0.0514865
247 10 64 128 0.112292
248 10 64 128 0.160253
249 10 64 128 0.204723
250 10 64 128 0.14605
251 10 64 128 0.0714758
252 10 64 128 0.0338723
253 10 64 128 0.0235897
254 10 64 128 0.0146999
255 10 64 128 0.022649
28 11 64 128 0.0189403
29 11 64 128 0.0237117
30 11 64 128 0.0465357
31 11 64 128 0.0540397
32 11 64 128 0.0897891
33 11 64 128 0.0574505
34 11 64 128 0.0253332
35 11 64 128 0.0104217
40 11 64 128 0.0159022
41 11 64 128 0.025819
42 11 64 128 0.0580006
43 11 64 128 0.114927
44 11 64 128 0.307693
45 11 64 128 0.716072
46 11 64 128 0.919929
47 11 64 128 0.964161
48 11 64 128 0.960937
49 11 64 128 0.944598
50 11 64 128 0.910548
51 11 64 128 0.88933
52 11 64 128 0.88218
53 11 64 128 0.918031
54 11 64 128 0.90079
55 11 64 128 0.862857
56 11 64 128 0.730452
57 11 64 128 0.509271
58 11 64 128 0.294066
59 11 64 128 0.286584
60 11 64 128 0.308101
61 11 64 128 0.307527
62 11 64 128 0.202265
63 11 64 128 0.137892
64 11 64 128 0.0981767
65 11 64 128 0.0756578
66 11 64 128 0.0630729
67 11 64 128 0.0403738
68 11 64 128 0.0306764
69 11 64 128 0.0186712
70 11 64 128 0.0149767
71 11 64 128 0.0117635
72 11 64 128 0.0140844
73 11 64 128 0.0144173
74 11 64 128 0.0144889
244 11 64 128 0.0112476
245 11 64 128 0.0299207
246 11 64 128 0.0631031
247 11 64 128 0.180325
248 11 64 128 0.227123
249 11 64 128 0.278683
250 11 64 128 0.201273
251 11 64 128 0.109735
252 11 64 128 0.0543961
253 11 64 128 0.0346919
254 11 64 128 0.0227711
255 11 64 128 0.0348237
27 12 64 128 0.013962
28 12 64 128 0.0418185
29 12 64 128 0.0551288
30 12 64 128 0.113385
31 12 64 128 0.129821
32 12 64 128 0.215289
33 12 64 128 0.106894
34 12 64 128 0.0393407
35 12 64 128 0.0151997
36 12 64 128 0.0100602
40 12 64 128 0.0146823
41 12 64 128 0.0307453
42 12 64 128 0.0906753
43 12 64 128 0.209025
44 12 64 128 0.588613
45 12 64 128 0.901001
46 12 64 128 0.980884
47 12 64 128 0.991927
48 12 64 128 0.992766
49 12 64 128 0.984296
50 12 64 128 0.972911
51 12 64 128 0.959293
52 12 64 128 0.968239
53 12 64 128 0.974382
54 12 64 128 0.965088
55 12 64 128 0.943053
56 12 64 128 0.864186
57 12 64 128 0.712506
58 12 64 128 0.570474
59 12 64 128 0.514137
60 12 64 128 0.569098
61 12 64 128 0.449902
62 12 64 128 0.287676
63 12 64 128 0.167121
64 12 64 128 0.118087
65 12 64 128 0.0775666
66 12 64 128 0.0620132
67 12 64 128 0.0487166
68 12 64 128 0.0373109
69 12 64 128 0.0199105
70 12 64 128 0.0174228
71 12 64 128 0.0191246
72 12 64 128 0.0300506
73 12 64 128 0.0334839
74 12 64 128 0.0381289
75 12 64 128 0.031247
76 12 64 128 0.0210967
244 12 64 128 0.0114526
245 12 64 128 0.0357015
246 12 64 128 0.101409
247 12 64 128 0.275568
248 12 64 128 0.372398
249 12 64 128 0.420187
250 12 64 128 0.323599
251 12 64 128 0.177217
252 12 64 128 0.0956699
253 12 64 128 0.0776225
254 12 64 128 0.0432826
255 12 64 128 0.0619298
27 13 64 128 0.0221451
28 13 64 128 0.0695422
29 13 64 128 0.107867
30 13 64 128 0.20091
31 13 64 128 0.209393
32 13 64 128 0.217343
33 13 64 128 0.100991
34 13 64 128 0.0333188
35 13 64 128 0.0127353
41 13 64 128 0.0218914
42 13 64 128 0.0821342
43 13 64 128 0.247614
44 13 64 128 0.658844
45 13 64 128 0.935738
46 13 64 128 0.989663
47 13 64 128 0.996017
48 13 64 128 0.995302
49 13 64 128 0.991661
50 13 64 128 0.982105
51 13 64 128 0.976937
52 13 64 128 0.981387
53 13 64 128 0.986219
54 13 64 128 0.981194
55 13 64 128 0.957214
56 13 64 128 0.89404
57 13 64 128 0.714018
58 13 64 128 0.579561
59 13 64 128 0.557093
60 13 64 128 0.561233
61 13 64 128 0.423455
62 13 64 128 0.213425
63 13 64 128 0.121973
64 13 64 128 0.0729456
65 13 64 128 0.0560575
66 13 64 128 0.0429515
67 13 64 128 0.0364544
68 13 64 128 0.0301539
69 13 64 128 0.0185647
70 13 64 128 0.0204129
71 13 64 128 0.0214933
72 13 64 128 0.0360232
73 13 64 128 0.048901
74 13 64 128 0.0552187
75 13 64 128 0.0412757
76 13 64 128 0.0298063
77 13 64 128 0.011564
231 13 64 128 0.0139582
232 13 64 128 0.0104188
233 13 64 128 0.0112579
235 13 64 128 0.0149472
244 13 64 128 0.0107553
245 13 64 128 0.0431921
246 13 64 128 0.100811
247 13 64 128 0.317925
248 13 64 128 0.408764
249 13 64 128 0.48728
250 13 64 128 0.337278
251 13 64 128 0.214436
252 13 64 128 0.117861
253 13 64 128 0.0885079
254 13 64 128 0.053885
255 13 64 128 0.0749817
27 14 64 128 0.0238404
28 14 64 128 0.07986
29 14 64 128 0.162355
30 14 64 128 0.341723
31 14 64 128 0.339841
32 14 64 128 0.318203
33 14 64 128 0.125406
34 14 64 128 0.0393925
35 14 64 128 0.0150392
41 14 64 128 0.017077
42 14 64 128 0.0556525
43 14 64 128 0.247795
44 14 64 128 0.751299
45 14 64 128 0.967985
46 14 64 128 0.99412
47 14 64 128 0.997464
48 14 64 128 0.997505
49 14 64 128 0.994805
50 14 64 128 0.987954
51 14 64 128 0.984678
52 14 64 128 0.990342
53 14 64 128 0.991895
54 14 64 128 0.98651
55 14 64 128 0.972658
56 14 64 128 0.928202
57 14 64 128 0.821662
58 14 64 128 0.756085
59 14 64 128 0.744891
60 14 64 128 0.768282
61 14 64 128 0.522906
62 14 64 128 0.287338
63 14 64 128 0.117423
64 14 64 128 0.0747242
65 14 64 128 0.0403247
66 14 64 128 0.0305145
67 14 64 128 0.0240576
68 14 64 128 0.019084
69 14 64 128 0.0118102
70 14 64 128 0.0186284
71 14 64 128 0.0260102
72 14 64 128 0.0580556
73 14 64 128 0.08035
74 14 64 128 0.118061
75 14 64 128 0.0906228
76 14 64 128 0.0702852
77 14 64 128 0.0331384
78 14 64 128 0.0101417
230 14 64 128 0.0125379
231 14 64 128 0.0297513
232 14 64 128 0.0234923
233 14 64 128 0.0239073
234 14 64 128 0.0174962
235 14 64 128 0.0257704
236 14 64 128 0.0142756
237 14 64 128 0.0109467
244 14 64 128 0.023678
245 14 64 128 0.0711059
246 14 64 128 0.195792
247 14 64 128 0.473435
248 14 64 128 0.648399
249 14 64 128 0.653384
250 14 64 128 0.488372
251 14 64 128 0.300678
252 14 64 128 0.199651
253 14 64 128 0.152185
254 14 64 128 0.104053
255 14 64 128 0.16784
27 15 64 128 0.0168703
28 15 64 128 0.0598164
29 15 64 128 0.154721
30 15 64 128 0.347083
31 15 64 128 0.389162
32 15 64 128 0.332052
33 15 64 128 0.178655
34 15 64 128 0.0509914
35 15 64 128 0.0162792
41 15 64 128 0.0166093
42 15 64 128 0.0694217
43 15 64 128 0.349413
44 15 64 128 0.766126
45 15 64 128 0.981451
46 15 64 128 0.996306
47 15 64 128 0.998799
48 15 64 128 0.997602
49 15 64 128 0.99693
50 15 64 128 0.990555
51 15 64 128 0.98877
52 15 64 128 0.989154
53 15 64 128 0.993646
54 15 64 128 0.98955
55 15 64 128 0.974003
56 15 64 128 0.931855
57 15 64 128 0.83616
58 15 64 128 0.748985
59 15 64 128 0.744454
60 15 64 128 0.715757
61 15 64 128 0.550686
62 15 64 128 0.279849
63 15 64 128 0.106628
64 15 64 128 0.0504418
65 15 64 128 0.0332766
66 15 64 128 0.0214275
67 15 64 128 0.017861
68 15 64 128 0.015852
69 15 64 128 0.0112166
70 15 64 128 0.0133194
71 15 64 128 0.0222886
72 15 64 128 0.0426007
73 15 64 128 0.0646284
74 15 64 128 0.0920747
75 15 64 128 0.0850562
76 15 64 128 0.0595912
77 15 64 128 0.0251856
229 15 64 128 0.0134835
230 15 64 128 0.0259969
231 15 64 128 0.0685865
232 15 64 128 0.0536162
233 15 64 128 0.0488056
234 15 64 128 0.0321854
235 15 64 128 0.0482337
236 15 64 128 0.0311218
237 15 64 128 0.0202099
244 15 64 128 0.0288784
245 15 64 128 0.101648
246 15 64 128 0.221101
247 15 64 128 0.476694
248 15 64 128 0.606974
249 15 64 128 0.588254
250 15 64 128 0.440518
251 15 64 128 0.252113
252 15 64 128 0.187289
253 15 64 128 0.149985
254 15 64 128 0.122776
255 15 64 128 0.178279
27 16 64 128 0.0150056
28 16 64 128 0.0641785
29 16 64 128 0.215251
30 16 64 128 0.447293
31 16 64 128 0.487514
32 16 64 128 0.502736
33 16 64 128 0.281046
34 16 64 128 0.0997509
35 16 64 128 0.0323372
36 16 64 128 0.0125758
41 16 64 128 0.0229363
42 16 64 128 0.0799333
43 16 64 128 0.306516
44 16 64 128 0.800183
45 16 64 128 0.984924
46 16 64 128 0.99717
47 16 64 128 0.998994
48 16 64 128 0.998358
49 16 64 128 0.996828
50 16 64 128 0.991542
51 16 64 128 0.987386
52 16 64 128 0.991594
53 16 64 128 0.994672
54 16 64 128 0.992417
55 16 64 128 0.975879
56 16 64 128 0.92405
57 16 64 128 0.832621
58 16 64 128 0.796708
59 16 64 128 0.743337
60 16 64 128 0.759912
61 16 64 128 0.551238
62 16 64 128 0.269459
63 16 64 128 0.0757138
64 16 64 128 0.0367861
65 16 64 128 0.0208489
66 16 64 128 0.0109714
71 16 64 128 0.012602
72 16 64 128 0.0337746
73 16 64 128 0.0535664
74 16 64 128 0.0841616
75 16 64 128 0.0840832
76 16 64 128 0.0728221
77 16 64 128 0.0349116
78 16 64 128 0.0105753
229 16 64 128 0.0202
230 16 64 128 0.0394769
231 16 64 128 0.117338
232 16 64 128 0.131649
233 16 64 128 0.119119
234 16 64 128 0.0784805
235 16 64 128 0.114719
236 16 64 128 0.0697719
237 16 64 128 0.0415378
238 16 64 128 0.0123908
241 16 64 128 0.0117281
242 16 64 128 0.0112811
243 16 64 128 0.017754
244 16 64 128 0.0561298
245 16 64 128 0.178427
246 16 64 128 0.352965
247 16 64 128 0.540268
248 16 64 128 0.662345
249 16 64 128 0.594305
250 16 64 128 0.435855
251 16 64 128 0.255404
252 16 64 128 0.202227
253 16 64 128 0.192675
254 16 64 128 0.139915
255 16 64 128 0.216474
27 17 64 128 0.0102414
28 17 64 128 0.0477403
29 17 64 128 0.239835
30 17 64 128 0.46184
31 17 64 128 0.52671
32 17 64 128 0.46537
33 17 64 128 0.25874
34 17 64 128 0.0906555
35 17 64 128 0.0354436
36 17 64 128 0.0164226
40 17 64 128 0.0130359
41 17 64 128 0.0271062
42 17 64 128 0.115471
43 17 64 128 0.383084
44 17 64 128 0.810968
45 17 64 128 0.98396
46 17 64 128 0.99742
47 17 64 128 0.998964
48 17 64 128 0.998024
49 17 64 128 0.994153
50 17 64 128 0.981886
51 17 64 128 0.964882
52 17 64 128 0.977004
53 17 64 128 0.982673
54 17 64 128 0.980863
55 17 64 128 0.9305
56 17 64 128 0.81236
57 17 64 128 0.673403
58 17 64 128 0.665453
59 17 64 128 0.624233
60 17 64 128 0.592989
61 17 64 128 0.36167
62 17 64 128 0.123893
63 17 64 128 0.0377184
64 17 64 128 0.0136462
65 17 64 128 0.0112317
73 17 64 128 0.0205082
74 17 64 128 0.0305816
75 17 64 128 0.0330615
76 17 64 128 0.0254546
77 17 64 128 0.0111445
229 17 64 128 0.0377002
230 17 64 128 0.0862192
231 17 64 128 0.308217
232 17 64 128 0.28781
233 17 64 128 0.25188
234 17 64 128 0.155186
235 17 64 128 0.219311
236 17 64 128 0.126861
237 17 64 128 0.0813298
238 17 64 128 0.0202503
239 17 64 128 0.0133664
241 17 64 128 0.0183284
242 17 64 128 0.014383
243 17 64 128 0.0229728
244 17 64 128 0.070244
245 17 64 128 0.207564
246 17 64 128 0.297267
247 17 64 128 0.511692
248 17 64 128 0.593403
249 17 64 128 0.504651
250 17 64 128 0.268355
251 17 64 128 0.180591
252 17 64 128 0.122965
253 17 64 128 0.140173
254 17 64 128 0.103698
255 17 64 128 0.174925
28 18 64 128 0.0434842
29 18 64 128 0.269948
30 18 64 128 0.49194
31 18 64 128 0.620104
32 18 64 128 0.488481
33 18 64 128 0.246914
34 18 64 128 0.0785894
35 18 64 128 0.0415683
36 18 64 128 0.0229325
37 18 64 128 0.012735
38 18 64 128 0.0102643
39 18 64 128 0.0123358
40 18 64 128 0.0336531
41 18 64 128 0.0589782
42 18 64 128 0.18326
43 18 64 128 0.499999
44 18 64 128 0.902025
45 18 64 128 0.989655
46 18 64 128 0.997832
47 18 64 128 0.998941
48 18 64 128 0.99745
49 18 64 128 0.988664
50 18 64 128 0.946518
51 18 64 128 0.884243
52 18 64 128 0.931807
53 18 64 128 0.956688
54 18 64 128 0.94051
55 18 64 128 0.839821
56 18 64 128 0.699413
57 18 64 128 0.551892
58 18 64 128 0.570597
59 18 64 128 0.520786
60 18 64 128 0.505562
61 18 64 128 0.205339
62 18 64 128 0.0586281
63 18 64 128 0.0134328
73 18 64 128 0.0181218
74 18 64 128 0.0279652
75 18 64 128 0.0321972
76 18 64 128 0.0255051
77 18 64 128 0.013698
228 18 64 128 0.0168502
229 18 64 128 0.082071
230 18 64 128 0.191554
231 18 64 128 0.475422
232 18 64 128 0.472706
233 18 64 128 0.389994
234 18 64 128 0.284016
235 18 64 128 0.349304
236 18 64 128 0.188414
237 18 64 128 0.127921
238 18 64 128 0.0340807
239 18 64 128 0.0237264
240 18 64 128 0.0182973
241 18 64 128 0.032419
242 18 64 128 0.0286145
243 18 64 128 0.0435808
244 18 64 128 0.127931
245 18 64 128 0.304898
246 18 64 128 0.422316
247 18 64 128 0.541691
248 18 64 128 0.641137
249 18 64 128 0.53949
250 18 64 128 0.278051
251 18 64 128 0.159522
252 18 64 128 0.128376
253 18 64 128 0.154259
254 18 64 128 0.124436
255 18 64 128 0.232194
28 19 64 128 0.0313469
29 19 64 128 0.23445
30 19 64 128 0.422039
31 19 64 128 0.565405
32 19 64 128 0.444987
33 19 64 128 0.259555
34 19 64 128 0.0948447
35 19 64 128 0.0457843
36 19 64 128 0.0291788
37 19 64 128 0.021439
38 19 64 128 0.0184504
39 19 64 128 0.0261193
40 19 64 128 0.0636982
41 19 64 128 0.135352
42 19 64 128 0.345962
43 19 64 128 0.713924
44 19 64 128 0.934507
45 19 64 128 0.994531
46 19 64 128 0.998725
47 19 64 128 0.999345
48 19 64 128 0.996619
49 19 64 128 0.981818
50 19 64 128 0.907553
51 19 64 128 0.812678
52 19 64 128 0.857223
53 19 64 128 0.878535
54 19 64 128 0.861644
55 19 64 128 0.681133
56 19 64 128 0.496117
57 19 64 128 0.377044
58 19 64 128 0.410311
59 19 64 128 0.407454
60 19 64 128 0.370813
61 19 64 128 0.183516
62 19 64 128 0.0365331
74 19 64 128 0.0128235
75 19 64 128 0.0188128
76 19 64 128 0.0153632
228 19 64 128 0.0309987
229 19 64 128 0.144767
230 19 64 128 0.275758
231 19 64 128 0.594713
232 19 64 128 0.528281
233 19 64 128 0.437801
234 19 64 128 0.285097
235 19 64 128 0.352957
236 19 64 128 0.181629
237 19 64 128 0.0983101
238 19 64 128 0.0247177
239 19 64 128 0.0172662
240 19 64 128 0.0143966
241 19 64 128 0.0237576
242 19 64 128 0.0266182
243 19 64 128 0.0402176
244 19 64 128 0.126251
245 19 64 128 0.28756
246 19 64 128 0.39901
247 19 64 128 0.486443
248 19 64 128 0.541714
249 19 64 128 0.486229
250 19 64 128 0.258487
251 19 64 128 0.145786
252 19 64 128 0.135301
253 19 64 128 0.156756
254 19 64 128 0.162115
255 19 64 128 0.290064
28 20 64 128 0.0305945
29 20 64 128 0.203903
30 20 64 128 0.383917
31 20 64 128 0.496462
32 20 64 128 0.489052
33 20 64 128 0.275987
34 20 64 128 0.127106
35 20 64 128 0.0851659
36 20 64 128 0.0687593
37 20 64 128 0.0437323
38 20 64 128 0.0351969
39 20 64 128 0.0510031
40 20 64 128 0.120592
41 20 64 128 0.222057
42 20 64 128 0.406137
43 20 64 128 0.689541
44 20 64 128 0.924497
45 20 64 128 0.991648
46 20 64 128 0.998305
47 20 64 128 0.998562
48 20 64 128 0.994843
49 20 64 128 0.970403
50 20 64 128 0.885623
51 20 64 128 0.736859
52 20 64 128 0.816588
53 20 64 128 0.846553
54 20 64 128 0.832896
55 20 64 128 0.661577
56 20 64 128 0.516998
57 20 64 128 0.427302
58 20 64 128 0.502322
59 20 64 128 0.476546
60 20 64 128 0.404707
61 20 64 128 0.172387
62 20 64 128 0.0291107
75 20 64 128 0.0155788
76 20 64 128 0.015026
228 20 64 128 0.0458664
229 20 64 128 0.183697
230 20 64 128 0.328294
231 20 64 128 0.521959
232 20 64 128 0.474863
233 20 64 128 0.373586
234 20 64 128 0.227969
235 20 64 128 0.269269
236 20 64 128 0.142408
237 20 64 128 0.0784939
238 20 64 128 0.0181639
239 20 64 128 0.0141635
240 20 64 128 0.0131158
241 20 64 128 0.0263418
242 20 64 128 0.0389136
243 20 64 128 0.0594063
244 20 64 128 0.159638
245 20 64 128 0.363454
246 20 64 128 0.516194
247 20 64 128 0.498016
248 20 64 128 0.553653
249 20 64 128 0.521087
250 20 64 128 0.319788
251 20 64 128 0.222521
252 20 64 128 0.193308
253 20 64 128 0.261456
254 20 64 128 0.238972
255 20 64 128 0.422117
28 21 64 128 0.0219303
29 21 64 128 0.154754
30 21 64 128 0.31438
31 21 64 128 0.382092
32 21 64 128 0.37541
33 21 64 128 0.251688
34 21 64 128 0.11021
35 21 64 128 0.0798472
36 21 64 128 0.0789854
37 21 64 128 0.0605636
38 21 64 128 0.0565609
39 21 64 128 0.0825435
40 21 64 128 0.161486
41 21 64 128 0.260162
42 21 64 128 0.413588
43 21 64 128 0.726504
44 21 64 128 0.910716
45 21 64 128 0.989411
46 21 64 128 0.996879
47 21 64 128 0.99634
48 21 64 128 0.983311
49 21 64 128 0.886315
50 21 64 128 0.602224
51 21 64 128 0.319762
52 21 64 128 0.43821
53 21 64 128 0.583514
54 21 64 128 0.619987
55 21 64 128 0.423383
56 21 64 128 0.248563
57 21 64 128 0.243273
58 21 64 128 0.344203
59 21 64 128 0.345772
60 21 64 128 0.22054
61 21 64 128 0.086792
62 21 64 128 0.013256
227 21 64 128 0.0115151
228 21 64 128 0.0642158
229 21 64 128 0.243021
230 21 64 128 0.327138
231 21 64 128 0.511894
232 21 64 128 0.407606
233 21 64 128 0.287331
234 21 64 128 0.166739
235 21 64 128 0.20723
236 21 64 128 0.117548
237 21 64 128 0.051595
238 21 64 128 0.011106
240 21 64 128 0.0112486
241 21 64 128 0.0284788
242 21 64 128 0.0479668
243 21 64 128 0.0792227
244 21 64 128 0.229657
245 21 64 128 0.407275
246 21 64 128 0.462749
247 21 64 128 0.4624
248 21 64 128 0.56764
249 21 64 128 0.461503
250 21 64 128 0.28515
251 21 64 128 0.243537
252 21 64 128 0.233927
253 21 64 128 0.290758
254 21 64 128 0.262925
255 21 64 128 0.468714
28 22 64 128 0.0101973
29 22 64 128 0.0938587
30 22 64 128 0.171785
31 22 64 128 0.300715
32 22 64 128 0.243893
33 22 64 128 0.193876
34 22 64 128 0.0645113
35 22 64 128 0.0551783
36 22 64 128 0.0539947
37 22 64 128 0.0705272
38 22 64 128 0.0689388
39 22 64 128 0.0858599
40 22 64 128 0.186766
41 22 64 128 0.234612
42 22 64 128 0.31941
43 22 64 128 0.573913
44 22 64 128 0.857598
45 22 64 128 0.982849
46 22 64 128 0.99449
47 22 64 128 0.991251
48 22 64 128 0.957882
49 22 64 128 0.734278
50 22 64 128 0.343618
51 22 64 128 0.134744
52 22 64 128 0.22203
53 22 64 128 0.322052
54 22 64 128 0.378619
55 22 64 128 0.228764
56 22 64 128 0.17726
57 22 64 128 0.1651
58 22 64 128 0.288352
59 22 64 128 0.279137
60 22 64 128 0.176549
61 22 64 128 0.0467463
227 22 64 128 0.0107754
228 22 64 128 0.0709931
229 22 64 128 0.218985
230 22 64 128 0.292912
231 22 64 128 0.343711
232 22 64 128 0.280221
233 22 64 128 0.155323
234 22 64 128 0.106383
235 22 64 128 0.110986
236 22 64 128 0.0646414
237 22 64 128 0.0261915
240 22 64 128 0.0102661
241 22 64 128 0.0350284
242 22 64 128 0.0786655
243 22 64 128 0.134052
244 22 64 128 0.324877
245 22 64 128 0.503175
246 22 64 128 0.539222
247 22 64 128 0.506689
248 22 64 128 0.593519
249 22 64 128 0.511377
250 22 64 128 0.304635
251 22 64 128 0.254989
252 22 64 128 0.249604
253 22 64 128 0.312938
254 22 64 128 0.30284
255 22 64 128 0.55912
29 23 64 128 0.039081
30 23 64 128 0.0575642
31 23 64 128 0.114069
32 23 64 128 0.0811103
33 23 64 128 0.0706948
34 23 64 128 0.0306091
35 23 64 128 0.0379571
36 23 64 128 0.0446893
37 23 64 128 0.0584329
38 23 64 128 0.0659613
39 23 64 128 0.121673
40 23 64 128 0.17496
41 23 64 128 0.264668
42 23 64 128 0.360694
43 23 64 128 0.571743
44 23 64 128 0.815132
45 23 64 128 0.976089
46 23 64 128 0.991506
47 23 64 128 0.984756
48 23 64 128 0.91727
49 23 64 128 0.572119
50 23 64 128 0.206105
51 23 64 128 0.0708442
52 23 64 128 0.123802
53 23 64 128 0.174711
54 23 64 128 0.222467
55 23 64 128 0.127993
56 23 64 128 0.0961287
57 23 64 128 0.124727
58 23 64 128 0.213208
59 23 64 128 0.236832
60 23 64 128 0.124249
61 23 64 128 0.0441495
227 23 64 128 0.0102882
228 23 64 128 0.056411
229 23 64 128 0.160963
230 23 64 128 0.169345
231 23 64 128 0.183212
232 23 64 128 0.091072
233 23 64 128 0.0451195
234 23 64 128 0.0291251
235 23 64 128 0.0481548
236 23 64 128 0.0249424
241 23 64 128 0.0273991
242 23 64 128 0.0954506
243 23 64 128 0.168125
244 23 64 128 0.390624
245 23 64 128 0.478846
246 23 64 128 0.540473
247 23 64 128 0.5171
248 23 64 128 0.576859
249 23 64 128 0.459002
250 23 64 128 0.314718
251 23 64 128 0.281845
252 23 64 128 0.309567
253 23 64 128 0.358813
254 23 64 128 0.405869
255 23 64 128 0.649375
29 24 64 128 0.0197455
30 24 64 128 0.0406687
31 24 64 128 0.0721496
32 24 64 128 0.0560488
33 24 64 128 0.0449517
34 24 64 128 0.0196527
35 24 64 128 0.0230271
36 24 64 128 0.0287885
37 24 64 128 0.041902
38 24 64 128 0.0466547
39 24 64 128 0.0643163
40 24 64 128 0.105529
41 24 64 128 0.118941
42 24 64 128 0.141318
43 24 64 128 0.216568
44 24 64 128 0.468682
45 24 64 128 0.877889
46 24 64 128 0.963685
47 24 64 128 0.936525
48 24 64 128 0.701589
49 24 64 128 0.238078
50 24 64 128 0.0786653
51 24 64 128 0.0409568
52 24 64 128 0.0842665
53 24 64 128 0.0994248
54 24 64 128 0.123488
55 24 64 128 0.104647
56 24 64 128 0.0784127
57 24 64 128 0.123487
58 24 64 128 0.248634
59 24 64 128 0.297669
60 24 64 128 0.147261
61 24 64 128 0.0515304
228 24 64 128 0.055446
229 24 64 128 0.112396
230 24 64 128 0.0881495
231 24 64 128 0.0837294
232 24 64 128 0.0376289
233 24 64 128 0.0165416
235 24 64 128 0.0175667
236 24 64 128 0.0113339
241 24 64 128 0.0262633
242 24 64 128 0.113404
243 24 64 128 0.237397
244 24 64 128 0.423476
245 24 64 128 0.499988
246 24 64 128 0.54628
247 24 64 128 0.443658
248 24 64 128 0.492604
249 24 64 128 0.482186
250 24 64 128 0.367948
251 24 64 128 0.360533
252 24 64 128 0.344733
253 24 64 128 0.494923
254 24 64 128 0.499325
255 24 64 128 0.720941
30 25 64 128 0.0157021
31 25 64 128 0.0216272
32 25 64 128 0.0178421
33 25 64 128 0.0178228
35 25 64 128 0.0115382
36 25 64 128 0.0161343
37 25 64 128 0.0338225
38 25 64 128 0.0306493
39 25 64 128 0.0532062
40 25 64 128 0.0645514
41 25 64 128 0.0835965
42 25 64 128 0.0662538
43 25 64 128 0.137657
44 25 64 128 0.252045
45 25 64 128 0.735675
46 25 64 128 0.859137
47 25 64 128 0.804464
48 25 64 128 0.353578
49 25 64 128 0.0741138
50 25 64 128 0.0250791
51 25 64 128 0.0145006
52 25 64 128 0.0280009
53 25 64 128 0.0455031
54 25 64 128 0.0503086
55 25 64 128 0.0403017
56 25 64 128 0.02445
57 25 64 128 0.0494162
58 25 64 128 0.12244
59 25 64 128 0.196989
60 25 64 128 0.0821759
61 25 64 128 0.028689
228 25 64 128 0.0376223
229 25 64 128 0.0688223
230 25 64 128 0.0433569
231 25 64 128 0.0400275
232 25 64 128 0.0125426
241 25 64 128 0.021853
242 25 64 128 0.098106
243 25 64 128 0.211642
244 25 64 128 0.394131
245 25 64 128 0.412265
246 25 64 128 0.45464
247 25 64 128 0.343
248 25 64 128 0.418593
249 25 64 128 0.394306
250 25 64 128 0.32778
251 25 64 128 0.329558
252 25 64 128 0.332398
253 25 64 128 0.420625
254 25 64 128 0.431533
255 25 64 128 0.637354
31 26 64 128 0.0143423
32 26 64 128 0.0121827
33 26 64 128 0.0127798
37 26 64 128 0.0169788
38 26 64 128 0.016028
39 26 64 128 0.0209475
40 26 64 128 0.0276792
41 26 64 128 0.0276802
42 26 64 128 0.0204726
43 26 64 128 0.0248175
44 26 64 128 0.0719279
45 26 64 128 0.370193
46 26 64 128 0.627536
47 26 64 128 0.463245
48 26 64 128 0.147026
49 26 64 128 0.0326865
50 26 64 128 0.0160151
51 26 64 128 0.0101348
52 26 64 128 0.0208864
53 26 64 128 0.0348871
54 26 64 128 0.0534175
55 26 64 128 0.0407596
56 26 64 128 0.0222508
57 26 64 128 0.0499211
58 26 64 128 0.142188
59 26 64 128 0.214292
60 26 64 128 0.100361
61 26 64 128 0.0320176
228 26 64 128 0.0355737
229 26 64 128 0.0508294
230 26 64 128 0.0276894
231 26 64 128 0.0162749
241 26 64 128 0.0164294
242 26 64 128 0.0681812
243 26 64 128 0.198553
244 26 64 128 0.338865
245 26 64 128 0.442929
246 26 64 128 0.472274
247 26 64 128 0.370286
248 26 64 128 0.37867
249 26 64 128 0.372463
250 26 64 128 0.306204
251 26 64 128 0.331639
252 26 64 128 0.300488
253 26 64 128 0.40755
254 26 64 128 0.461844
255 26 64 128 0.655331
37 27 64 128 0.0110705
39 27 64 128 0.0130401
40 27 64 128 0.0133951
41 27 64 128 0.0176129
43 27 64 128 0.0116621
44 27 64 128 0.0330752
45 27 64 128 0.244869
46 27 64 128 0.441147
47 27 64 128 0.33938
48 27 64 128 0.0871259
49 27 64 128 0.020734
50 27 64 128 0.0117357
52 27 64 128 0.0180288
53 27 64 128 0.0316341
54 27 64 128 0.0331658
55 27 64 128 0.0224183
56 27 64 128 0.0147712
57 27 64 128 0.0331805
58 27 64 128 0.0994137
59 27 64 128 0.156181
60 27 64 128 0.0850854
61 27 64 128 0.0330194
228 27 64 128 0.022357
229 27 64 128 0.0262165
230 27 64 128 0.0143908
242 27 64 128 0.0294433
243 27 64 128 0.101384
244 27 64 128 0.252093
245 27 64 128 0.259982
246 27 64 128 0.345954
247 27 64 128 0.264349
248 27 64 128 0.282245
249 27 64 128 0.246782
250 27 64 128 0.226363
251 27 64 128 0.241573
252 27 64 128 0.301974
253 27 64 128 0.370922
254 27 64 128 0.449433
255 27 64 128 0.634087
31 28 64 128 0.0127492
45 28 64 128 0.0527123
46 28 64 128 0.156068
47 28 64 128 0.123661
48 28 64 128 0.0405029
49 28 64 128 0.0111764
50 28 64 128 0.0116526
51 28 64 128 0.0132843
52 28 64 128 0.0331108
53 28 64 128 0.036624
54 28 64 128 0.0312688
55 28 64 128 0.0300627
56 28 64 128 0.0167233
57 28 64 128 0.0433649
58 28 64 128 0.121347
59 28 64 128 0.186735
60 28 64 128 0.100916
61 28 64 128 0.0535308
62 28 64 128 0.0104896
228 28 64 128 0.0178577
229 28 64 128 0.0182398
242 28 64 128 0.0185775
243 28 64 128 0.0609232
244 28 64 128 0.16152
245 28 64 128 0.227295
246 28 64 128 0.333678
247 28 64 128 0.252454
248 28 64 128 0.253305
249 28 64 128 0.275798
250 28 64 128 0.264496
251 28 64 128 0.359174
252 28 64 128 0.40434
253 28 64 128 0.503091
254 28 64 128 0.500701
255 28 64 128 0.652585
45 29 64 128 0.0185908
46 29 64 128 0.0431627
47 29 64 128 0.0417939
48 29 64 128 0.0149664
52 29 64 128 0.0157349
53 29 64 128 0.0195091
54 29 64 128 0.0109969
57 29 64 128 0.0110247
58 29 64 128 0.0288929
59 29 64 128 0.050356
60 29 64 128 0.0205761
61 29 64 128 0.0160893
228 29 64 128 0.0188334
229 29 64 128 0.0171249
242 29 64 128 0.0113204
243 29 64 128 0.0334405
244 29 64 128 0.118089
245 29 64 128 0.15012
246 29 64 128 0.216432
247 29 64 128 0.141964
248 29 64 128 0.159324
249 29 64 128 0.168518
250 29 64 128 0.175291
251 29 64 128 0.277398
252 29 64 128 0.323975
253 29 64 128 0.336045
254 29 64 128 0.328671
255 29 64 128 0.500356
30 30 64 128 0.0109703
31 30 64 128 0.017786
32 30 64 128 0.0110333
46 30 64 128 0.0108821
47 30 64 128 0.012767
52 30 64 128 0.0108999
59 30 64 128 0.0130964
228 30 64 128 0.0248006
229 30 64 128 0.0215029
243 30 64 128 0.0278244
244 30 64 128 0.0874885
245 30 64 128 0.139917
246 30 64 128 0.171096
247 30 64 128 0.137441
248 30 64 128 0.12343
249 30 64 128 0.146702
250 30 64 128 0.157678
251 30 64 128 0.255297
252 30 64 128 0.253144
253 30 64 128 0.255672
254 30 64 128 0.246241
255 30 64 128 0.40358
29 31 64 128 0.0102296
30 31 64 128 0.0138249
31 31 64 128 0.0194715
32 31 64 128 0.0157679
33 31 64 128 0.0125058
228 31 64 128 0.0191476
229 31 64 128 0.0151203
243 31 64 128 0.015013
244 31 64 128 0.0540182
245 31 64 128 0.0811124
246 31 64 128 0.114709
247 31 64 128 0.0735218
248 31 64 128 0.0636565
249 31 64 128 0.0770622
250 31 64 128 0.0813161
251 31 64 128 0.138904
252 31 64 128 0.151617
253 31 64 128 0.1304
254 31 64 128 0.142731
255 31 64 128 0.232821
29 32 64 128 0.0303366
30 32 64 128 0.0414533
31 32 64 128 0.0740306
32 32 64 128 0.0501
33 32 64 128 0.0529796
72 32 64 128 0.0184363
73 32 64 128 0.01759
227 32 64 128 0.0105596
228 32 64 128 0.0210542
229 32 64 128 0.0168866
243 32 64 128 0.0102705
244 32 64 128 0.0283176
245 32 64 128 0.0597374
246 32 64 128 0.0782709
247 32 64 128 0.0461171
248 32 64 128 0.0426083
249 32 64 128 0.0719877
250 32 64 128 0.0696759
251 32 64 128 0.103297
252 32 64 128 0.0991626
253 32 64 128 0.103493
254 32 64 128 0.10031
255 32 64 128 0.164422
29 33 64 128 0.0394652
30 33 64 128 0.0524615
31 33 64 128 0.08222
32 33 64 128 0.0564694
33 33 64 128 0.0707791
34 33 64 128 0.0151929
35 33 64 128 0.010216
72 33 64 128 0.0155581
73 33 64 128 0.0181531
227 33 64 128 0.0136841
228 33 64 128 0.0239928
229 33 64 128 0.0190001
244 33 64 128 0.0138855
245 33 64 128 0.0231687
246 33 64 128 0.0333726
247 33 64 128 0.020343
248 33 64 128 0.0233122
249 33 64 128 0.0361087
250 33 64 128 0.0302409
251 33 64 128 0.0456501
252 33 64 128 0.0526504
253 33 64 128 0.0531376
254 33 64 128 0.046319
255 33 64 128 0.0800707
28 34 64 128 0.0161097
29 34 64 128 0.0661837
30 34 64 128 0.116862
31 34 64 128 0.164736
32 34 64 128 0.133245
33 34 64 128 0.126412
34 34 64 128 0.0310461
35 34 64 128 0.0174561
72 34 64 128 0.0178657
73 34 64 128 0.0154415
74 34 64 128 0.0109382
227 34 64 128 0.0231612
228 34 64 128 0.0489344
229 34 64 128 0.0389077
230 34 64 128 0.0155612
231 34 64 128 0.0114166
245 34 64 128 0.0159988
246 34 64 128 0.0207564
247 34 64 128 0.0162496
248 34 64 128 0.0180447
249 34 64 128 0.0289016
250 34 64 128 0.0255424
251 34 64 128 0.03634
252 34 64 128 0.0412279
253 34 64 128 0.0405355
254 34 64 128 0.031294
255 34 64 128 0.0645208
28 35 64 128 0.0195692
29 35 64 128 0.110383
30 35 64 128 0.164846
31 35 64 128 0.227494
32 35 64 128 0.189664
33 35 64 128 0.18834
34 35 64 128 0.0468953
35 35 64 128 0.0226656
37 35 64 128 0.0112656
72 35 64 128 0.011315
73 35 64 128 0.011801
227 35 64 128 0.0335562
228 35 64 128 0.0594235
229 35 64 128 0.0437473
230 35 64 128 0.018844
231 35 64 128 0.0140377
235 35 64 128 0.0132095
245 35 64 128 0.0103714
246 35 64 128 0.0178124
247 35 64 128 0.0124345
248 35 64 128 0.013125
249 35 64 128 0.0162003
250 35 64 128 0.015353
251 35 64 128 0.0212801
252 35 64 128 0.0310128
253 35 64 128 0.0245151
254 35 64 128 0.0216029
255 35 64 128 0.0393727
27 36 64 128 0.0172723
28 36 64 128 0.0410543
29 36 64 128 0.217341
30 36 64 128 0.321074
31 36 64 128 0.431935
32 36 64 128 0.356861
33 36 64 128 0.388858
34 36 64 128 0.117819
35 36 64 128 0.0532959
36 36 64 128 0.0151203
37 36 64 128 0.015526
226 36 64 128 0.0108299
227 36 64 128 0.0384922
228 36 64 128 0.0803713
229 36 64 128 0.0584222
230 36 64 128 0.0253064
231 36 64 128 0.0153317
233 36 64 128 0.0102135
234 36 64 128 0.010394
235 36 64 128 0.0247354
236 36 64 128 0.0120394
245 36 64 128 0.0106775
246 36 64 128 0.0186716
249 36 64 128 0.0141973
250 36 64 128 0.0138075
251 36 64 128 0.0182051
252 36 64 128 0.025927
253 36 64 128 0.0220833
254 36 64 128 0.0223977
255 36 64 128 0.035098
27 37 64 128 0.020903
28 37 64 128 0.0487864
29 37 64 128 0.312133
30 37 64 128 0.417983
31 37 64 128 0.526898
32 37 64 128 0.471138
33 37 64 128 0.54561
34 37 64 128 0.21835
35 37 64 128 0.0944027
36 37 64 128 0.0257251
37 37 64 128 0.0306453
226 37 64 128 0.0110142
227 37 64 128 0.0414111
228 37 64 128 0.0620818
229 37 64 128 0.0460467
230 37 64 128 0.020319
231 37 64 128 0.0154429
233 37 64 128 0.0114973
234 37 64 128 0.0143318
235 37 64 128 0.0382394
236 37 64 128 0.0131452
245 37 64 128 0.010338
246 37 64 128 0.0171438
247 37 64 128 0.0101915
249 37 64 128 0.0111832
251 37 64 128 0.0133931
252 37 64 128 0.0192196
253 37 64 128 0.0152468
254 37 64 128 0.0139328
255 37 64 128 0.0236996
27 38 64 128 0.0133167
28 38 64 128 0.0381737
29 38 64 128 0.202507
30 38 64 128 0.345923
31 38 64 128 0.425248
32 38 64 128 0.422792
33 38 64 128 0.422103
34 38 64 128 0.185991
35 38 64 128 0.0714787
36 38 64 128 0.0207962
37 38 64 128 0.0202132
226 38 64 128 0.0163008
227 38 64 128 0.0511309
228 38 64 128 0.0881152
229 38 64 128 0.061111
230 38 64 128 0.0241944
231 38 64 128 0.0138634
233 38 64 128 0.0109032
234 38 64 128 0.0144682
235 38 64 128 0.036981
236 38 64 128 0.018091
245 38 64 128 0.0104332
246 38 64 128 0.0145286
247 38 64 128 0.0109897
249 38 64 128 0.0105287
251 38 64 128 0.0131746
252 38 64 128 0.0165151
253 38 64 128 0.0113124
255 38 64 128 0.0189707
28 39 64 128 0.0146734
29 39 64 128 0.133029
30 39 64 128 0.196372
31 39 64 128 0.3016
32 39 64 128 0.279351
33 39 64 128 0.388213
34 39 64 128 0.134011
35 39 64 128 0.0477721
36 39 64 128 0.0118878
37 39 64 128 0.0147339
226 39 64 128 0.013305
227 39 64 128 0.0411301
228 39 64 128 0.0512449
229 39 64 128 0.0306163
230 39 64 128 0.0120766
235 39 64 128 0.0272255
236 39 64 128 0.0134781
246 39 64 128 0.015617
247 39 64 128 0.0120684
251 39 64 128 0.0101638
252 39 64 128 0.010098
255 39 64 128 0.0145205
28 40 64 128 0.013085
29 40 64 128 0.0942695
30 40 64 128 0.207402
31 40 64 128 0.343353
32 40 64 128 0.308997
33 40 64 128 0.318597
34 40 64 128 0.109749
35 40 64 128 0.0394767
37 40 64 128 0.0120489
214 40 64 128 0.0105413
226 40 64 128 0.0103896
227 40 64 128 0.0300931
228 40 64 128 0.0318792
229 40 64 128 0.0190842
235 40 64 128 0.0169452
236 40 64 128 0.0106892
242 40 64 128 0.0100339
245 40 64 128 0.0106511
246 40 64 128 0.0158487
247 40 64 128 0.0132726
248 40 64 128 0.0113159
249 40 64 128 0.0121172
251 40 64 128 0.0119567
253 40 64 128 0.0104504
255 40 64 128 0.0184612
29 41 64 128 0.0855578
30 41 64 128 0.135955
31 41 64 128 0.308211
32 41 64 128 0.273562
33 41 64 128 0.359241
34 41 64 128 0.147746
35 41 64 128 0.0679875
36 41 64 128 0.0161383
37 41 64 128 0.0255038
38 41 64 128 0.0181206
212 41 64 128 0.0101433
213 41 64 128 0.0210237
214 41 64 128 0.0299187
215 41 64 128 0.0324868
216 41 64 128 0.0141404
227 41 64 128 0.0212499
228 41 64 128 0.0215068
229 41 64 128 0.0110632
235 41 64 128 0.0156102
242 41 64 128 0.0119388
245 41 64 128 0.0112743
246 41 64 128 0.016429
247 41 64 128 0.0142585
248 41 64 128 0.0148889
249 41 64 128 0.0125082
255 41 64 128 0.0106325
29 42 64 128 0.0509249
30 42 64 128 0.0773468
31 42 64 128 0.167023
32 42 64 128 0.180082
33 42 64 128 0.200457
34 42 64 128 0.0793473
35 42 64 128 0.0419948
36 42 64 128 0.0138473
37 42 64 128 0.0214647
38 42 64 128 0.0182252
212 42 64 128 0.0107029
213 42 64 128 0.0282833
214 42 64 128 0.0503481
215 42 64 128 0.0475186
216 42 64 128 0.0217999
217 42 64 128 0.014582
219 42 64 128 0.0143225
227 42 64 128 0.0209162
228 42 64 128 0.0222918
235 42 64 128 0.0106352
241 42 64 128 0.0128448
242 42 64 128 0.0163374
243 42 64 128 0.0100982
244 42 64 128 0.0108106
245 42 64 128 0.012591
246 42 64 128 0.017064
247 42 64 128 0.0199687
248 42 64 128 0.0220329
249 42 64 128 0.0152224
29 43 64 128 0.0273536
30 43 64 128 0.0307005
31 43 64 128 0.09623
32 43 64 128 0.117951
33 43 64 128 0.15061
34 43 64 128 0.0553323
35 43 64 128 0.0396694
36 43 64 128 0.0152562
37 43 64 128 0.0278178
38 43 64 128 0.031978
39 43 64 128 0.0115468
212 43 64 128 0.0202087
213 43 64 128 0.0529646
214 43 64 128 0.0703396
215 43 64 128 0.0853222
216 43 64 128 0.0388408
217 43 64 128 0.0261067
218 43 64 128 0.0102736
219 43 64 128 0.0231514
220 43 64 128 0.0135177
227 43 64 128 0.0126418
228 43 64 128 0.0144498
241 43 64 128 0.0114729
242 43 64 128 0.0125249
245 43 64 128 0.0122811
246 43 64 128 0.0195432
247 43 64 128 0.0235612
248 43 64 128 0.0232278
249 43 64 128 0.0166554
29 44 64 128 0.0313068
30 44 64 128 0.0442077
31 44 64 128 0.134902
32 44 64 128 0.140618
33 44 64 128 0.120116
34 44 64 128 0.0457973
35 44 64 128 0.0306117
36 44 64 128 0.0140023
37 44 64 128 0.0281291
38 44 64 128 0.0365774
39 44 64 128 0.0101903
202 44 64 128 0.0119641
212 44 64 128 0.0154606
213 44 64 128 0.0432586
214 44 64 128 0.0743547
215 44 64 128 0.102371
216 44 64 128 0.0533795
217 44 64 128 0.0359872
218 44 64 128 0.0168074
219 44 64 128 0.0273967
220 44 64 128 0.0176555
221 44 64 128 0.0109674
227 44 64 128 0.0116544
228 44 64 128 0.0215279
246 44 64 128 0.0187205
247 44 64 128 0.0218782
248 44 64 128 0.0262165
249 44 64 128 0.0178469
29 45 64 128 0.0283097
30 45 64 128 0.0411106
31 45 64 128 0.135379
32 45 64 128 0.132641
33 45 64 128 0.0985803
34 45 64 128 0.0460494
35 45 64 128 0.0322562
36 45 64 128 0.011593
37 45 64 128 0.0235969
38 45 64 128 0.0324315
39 45 64 128 0.0108425
200 45 64 128 0.011436
201 45 64 128 0.0208671
202 45 64 128 0.0325939
203 45 64 128 0.0120504
211 45 64 128 0.0107248
212 45 64 128 0.0247808
213 45 64 128 0.0519336
214 45 64 128 0.0798892
215 45 64 128 0.125822
216 45 64 128 0.0554298
217 45 64 128 0.0343733
218 45 64 128 0.0126111
219 45 64 128 0.0267201
220 45 64 128 0.0156788
227 45 64 128 0.013548
228 45 64 128 0.0215203
246 45 64 128 0.0150092
247 45 64 128 0.0156395
248 45 64 128 0.0198244
249 45 64 128 0.010076
29 46 64 128 0.0247636
30 46 64 128 0.0406985
31 46 64 128 0.109671
32 46 64 128 0.107351
33 46 64 128 0.0651109
34 46 64 128 0.032423
35 46 64 128 0.0199067
37 46 64 128 0.0136314
38 46 64 128 0.0186756
200 46 64 128 0.0362718
201 46 64 128 0.0603851
202 46 64 128 0.0704745
203 46 64 128 0.0198276
213 46 64 128 0.0186553
214 46 64 128 0.0425179
215 46 64 128 0.0546204
216 46 64 128 0.0326249
217 46 64 128 0.0225017
218 46 64 128 0.0106671
219 46 64 128 0.0209262
220 46 64 128 0.014562
223 46 64 128 0.0122576
224 46 64 128 0.0127507
227 46 64 128 0.0263605
228 46 64 128 0.0370035
229 46 64 128 0.0143087
246 46 64 128 0.0130736
247 46 64 128 0.0152312
248 46 64 128 0.0164685
29 47 64 128 0.0202223
30 47 64 128 0.0227891
31 47 64 128 0.0873276
32 47 64 128 0.0695775
33 47 64 128 0.0638915
34 47 64 128 0.019051
35 47 64 128 0.0194365
37 47 64 128 0.0145441
38 47 64 128 0.0194482
199 47 64 128 0.0154612
200 47 64 128 0.0603984
201 47 64 128 0.100019
202 47 64 128 0.103811
203 47 64 128 0.0295738
213 47 64 128 0.0154653
214 47 64 128 0.0304682
215 47 64 128 0.0411691
216 47 64 128 0.0231472
217 47 64 128 0.0165842
219 47 64 128 0.0225236
220 47 64 128 0.0148638
223 47 64 128 0.0138341
224 47 64 128 0.0162857
227 47 64 128 0.0209307
228 47 64 128 0.0298382
229 47 64 128 0.0114404
29 48 64 128 0.0175277
30 48 64 128 0.0242948
31 48 64 128 0.0905074
32 48 64 128 0.0897705
33 48 64 128 0.052784
34 48 64 128 0.019831
35 48 64 128 0.0218138
36 48 64 128 0.0123925
37 48 64 128 0.0162234
38 48 64 128 0.0232362
199 48 64 128 0.0295671
200 48 64 128 0.0854714
201 48 64 128 0.145006
202 48 64 128 0.133991
203 48 64 128 0.0320519
214 48 64 128 0.0121194
215 48 64 128 0.0156833
216 48 64 128 0.011058
217 48 64 128 0.0111817
219 48 64 128 0.0147092
224 48 64 128 0.0138178
227 48 64 128 0.015599
228 48 64 128 0.0248548
30 49 64 128 0.0119868
31 49 64 128 0.0612006
32 49 64 128 0.0546684
33 49 64 128 0.0511039
34 49 64 128 0.0201773
35 49 64 128 0.028679
36 49 64 128 0.0131603
37 49 64 128 0.0196443
38 49 64 128 0.0254015
199 49 64 128 0.0180236
200 49 64 128 0.0520242
201 49 64 128 0.0760613
202 49 64 128 0.0785978
203 49 64 128 0.0152186
215 49 64 128 0.0117867
219 49 64 128 0.0122209
227 49 64 128 0.0115456
228 49 64 128 0.0135244
31 50 64 128 0.0206687
32 50 64 128 0.0275817
33 50 64 128 0.0235429
34 50 64 128 0.0117358
35 50 64 128 0.0147733
36 50 64 128 0.0101782
37 50 64 128 0.0101351
38 50 64 128 0.0123687
199 50 64 128 0.0128902
200 50 64 128 0.0330482
201 50 64 128 0.0436563
202 50 64 128 0.0416973
228 50 64 128 0.0109843
32 51 64 128 0.0125907
33 51 64 128 0.0170547
35 51 64 128 0.0101583
201 51 64 128 0.0113788
202 51 64 128 0.0108859
246 66 64 128 0.0131451
245 67 64 128 0.013095
246 67 64 128 0.0210064
247 67 64 128 0.01537
245 68 64 128 0.0179836
246 68 64 128 0.0344268
247 68 64 128 0.0307549
248 68 64 128 0.0161411
255 68 64 128 0.0114168
245 69 64 128 0.0250274
246 69 64 128 0.0347581
247 69 64 128 0.0385799
248 69 64 128 0.0224102
249 69 64 128 0.0143146
255 69 64 128 0.0219815
243 70 64 128 0.0100457
244 70 64 128 0.0187471
245 70 64 128 0.0431836
246 70 64 128 0.0620915
247 70 64 128 0.0712869
248 70 64 128 0.0534151
249 70 64 128 0.0335572
255 70 64 128 0.0483854
11 71 64 128 0.0120361
243 71 64 128 0.0181084
244 71 64 128 0.0234171
245 71 64 128 0.0493603
246 71 64 128 0.0583494
247 71 64 128 0.0821906
248 71 64 128 0.0548315
249 71 64 128 0.0475705
250 71 64 128 0.0118306
254 71 64 128 0.0114963
255 71 64 128 0.058854
9 72 64 128 0.0101257
10 72 64 128 0.0111324
11 72 64 128 0.014225
242 72 64 128 0.0223755
243 72 64 128 0.0340435
244 72 64 128 0.0433229
245 72 64 128 0.0718646
246 72 64 128 0.0954907
247 72 64 128 0.0998639
248 72 64 128 0.0901861
249 72 64 128 0.0766651
250 72 64 128 0.0242331
251 72 64 128 0.0111103
254 72 64 128 0.0166884
255 72 64 128 0.065425
8 73 64 128 0.0125555
9 73 64 128 0.0205977
10 73 64 128 0.0250577
11 73 64 128 0.0298973
12 73 64 128 0.0130969
241 73 64 128 0.0160261
242 73 64 128 0.0303793
243 73 64 128 0.0356728
244 73 64 128 0.0388322
245 73 64 128 0.060307
246 73 64 128 0.0723359
247 73 64 128 0.0663564
248 73 64 128 0.0722779
249 73 64 128 0.069079
250 73 64 128 0.0318795
251 73 64 128 0.0144376
252 73 64 128 0.0131791
254 73 64 128 0.0175803
255 73 64 128 0.0565855
7 74 64 128 0.0104192
8 74 64 128 0.0144385
9 74 64 128 0.0293663
10 74 64 128 0.0383001
11 74 64 128 0.0399543
12 74 64 128 0.020494
239 74 64 128 0.0150425
240 74 64 128 0.0202478
241 74 64 128 0.032735
242 74 64 128 0.0675785
243 74 64 128 0.0605744
244 74 64 128 0.0606177
245 74 64 128 0.0818462
246 74 64 128 0.089035
247 74 64 128 0.0955513
248 74 64 128 0.0958504
249 74 64 128 0.0952462
250 74 64 128 0.0612943
251 74 64 128 0.0332038
252 74 64 128 0.027856
253 74 64 128 0.0115076
254 74 64 128 0.020168
255 74 64 128 0.0740219
7 75 64 128 0.021624
8 75 64 128 0.0314773
9 75 64 128 0.0658177
10 75 64 128 0.0888082
11 75 64 128 0.0924455
12 75 64 128 0.0407898
238 75 64 128 0.0121251
239 75 64 128 0.0282361
240 75 64 128 0.0290262
241 75 64 128 0.0448342
242 75 64 128 0.0793272
243 75 64 128 0.0606556
244 75 64 128 0.0447846
245 75 64 128 0.0449053
246 75 64 128 0.0510289
247 75 64 128 0.0563919
248 75 64 128 0.0590144
249 75 64 128 0.063226
250 75 64 128 0.0518391
251 75 64 128 0.0319103
252 75 64 128 0.0284785
253 75 64 128 0.0105497
254 75 64 128 0.019115
255 75 64 128 0.0715745
7 76 64 128 0.0259692
8 76 64 128 0.0387719
9 76 64 128 0.0737092
10 76 64 128 0.0860524
11 76 64 128 0.0780712
12 76 64 128 0.0389913
236 76 64 128 0.0102582
237 76 64 128 0.0124927
238 76 64 128 0.0313603
239 76 64 128 0.074865
240 76 64 128 0.074648
241 76 64 128 0.0975186
242 76 64 128 0.197218
243 76 64 128 0.115002
244 76 64 128 0.0716048
245 76 64 128 0.0674794
246 76 64 128 0.0739053
247 76 64 128 0.0712778
248 76 64 128 0.0724453
249 76 64 128 0.0801941
250 76 64 128 0.0634522
251 76 64 128 0.0468069
252 76 64 128 0.047815
253 76 64 128 0.0151246
254 76 64 128 0.0199952
255 76 64 128 0.0780822
7 77 64 128 0.0325158
8 77 64 128 0.0441435
9 77 64 128 0.072587
10 77 64 128 0.0807452
11 77 64 128 0.0586703
12 77 64 128 0.0259108
223 77 64 128 0.012807
224 77 64 128 0.0103184
236 77 64 128 0.0133641
237 77 64 128 0.0200097
238 77 64 128 0.0464515
239 77 64 128 0.116559
240 77 64 128 0.108402
241 77 64 128 0.140324
242 77 64 128 0.186989
243 77 64 128 0.122301
244 77 64 128 0.0589027
245 77 64 128 0.0424442
246 77 64 128 0.0463179
247 77 64 128 0.040357
248 77 64 128 0.0491585
249 77 64 128 0.0670713
250 77 64 128 0.0728138
251 77 64 128 0.0442413
252 77 64 128 0.0449876
253 77 64 128 0.0144026
254 77 64 128 0.0202498
255 77 64 128 0.0620541
7 78 64 128 0.0200375
8 78 64 128 0.0269137
9 78 64 128 0.0525625
10 78 64 128 0.0482139
11 78 64 128 0.0339254
12 78 64 128 0.0129376
222 78 64 128 0.0129759
223 78 64 128 0.0377069
224 78 64 128 0.0316892
225 78 64 128 0.0145125
235 78 64 128 0.0138354
236 78 64 128 0.0282486
237 78 64 128 0.0420294
238 78 64 128 0.131559
239 78 64 128 0.288475
240 78 64 128 0.293286
241 78 64 128 0.2793
242 78 64 128 0.357565
243 78 64 128 0.230216
244 78 64 128 0.101632
245 78 64 128 0.0658113
246 78 64 128 0.0540511
247 78 64 128 0.0719571
248 78 64 128 0.0703632
249 78 64 128 0.107017
250 78 64 128 0.0976212
251 78 64 128 0.0888951
252 78 64 128 0.0640961
253 78 64 128 0.0251719
254 78 64 128 0.0244591
255 78 64 128 0.0816763
7 79 64 128 0.0155007
8 79 64 128 0.0181988
9 79 64 128 0.0377742
10 79 64 128 0.0318559
11 79 64 128 0.0219095
222 79 64 128 0.0266605
223 79 64 128 0.0690643
224 79 64 128 0.0623831
225 79 64 128 0.0274963
226 79 64 128 0.0101847
235 79 64 128 0.0207513
236 79 64 128 0.0460408
237 79 64 128 0.0885497
238 79 64 128 0.16996
239 79 64 128 0.405702
240 79 64 128 0.391181
241 79 64 128 0.350338
242 79 64 128 0.37723
243 79 64 128 0.237833
244 79 64 128 0.0882558
245 79 64 128 0.0399933
246 79 64 128 0.0333145
247 79 64 128 0.037951
248 79 64 128 0.0488915
249 79 64 128 0.0471979
250 79 64 128 0.0851552
251 79 64 128 0.0648816
252 79 64 128 0.0784748
253 79 64 128 0.0209222
254 79 64 128 0.0280233
255 79 64 128 0.0594581
7 80 64 128 0.0103158
8 80 64 128 0.0136879
9 80 64 128 0.0290189
10 80 64 128 0.0238043
11 80 64 128 0.0131122
220 80 64 128 0.0160514
221 80 64 128 0.0205886
222 80 64 128 0.0510484
223 80 64 128 0.12575
224 80 64 128 0.11492
225 80 64 128 0.0525558
226 80 64 128 0.0205818
235 80 64 128 0.02058
236 80 64 128 0.0675523
237 80 64 128 0.117746
238 80 64 128 0.285241
239 80 64 128 0.571405
240 80 64 128 0.523245
241 80 64 128 0.440414
242 80 64 128 0.486834
243 80 64 128 0.300705
244 80 64 128 0.113089
245 80 64 128 0.0446707
246 80 64 128 0.0381141
247 80 64 128 0.0392157
248 80 64 128 0.0476846
249 80 64 128 0.0544454
250 80 64 128 0.0867304
251 80 64 128 0.102078
252 80 64 128 0.113231
253 80 64 128 0.0374337
254 80 64 128 0.0408665
255 80 64 128 0.0951592
8 81 64 128 0.0114837
9 81 64 128 0.0250463
10 81 64 128 0.0179657
220 81 64 128 0.0165651
221 81 64 128 0.0214896
222 81 64 128 0.0401342
223 81 64 128 0.104129
224 81 64 128 0.0857489
225 81 64 128 0.0433189
226 81 64 128 0.0152588
235 81 64 128 0.0188499
236 81 64 128 0.059005
237 81 64 128 0.125348
238 81 64 128 0.264667
239 81 64 128 0.533855
240 81 64 128 0.517084
241 81 64 128 0.388027
242 81 64 128 0.356574
243 81 64 128 0.189457
244 81 64 128 0.0721571
245 81 64 128 0.0213972
246 81 64 128 0.0151739
247 81 64 128 0.0149821
248 81 64 128 0.0308897
249 81 64 128 0.0289169
250 81 64 128 0.0679789
251 81 64 128 0.0779372
252 81 64 128 0.130843
253 81 64 128 0.0476449
254 81 64 128 0.0444212
255 81 64 128 0.0886413
9 82 64 128 0.0219466
10 82 64 128 0.0179857
220 82 64 128 0.0244686
221 82 64 128 0.026828
222 82 64 128 0.0632713
223 82 64 128 0.137256
224 82 64 128 0.0944676
225 82 64 128 0.035362
226 82 64 128 0.0189402
235 82 64 128 0.0217945
236 82 64 128 0.0642033
237 82 64 128 0.128295
238 82 64 128 0.330144
239 82 64 128 0.584195
240 82 64 128 0.626425
241 82 64 128 0.362446
242 82 64 128 0.424564
243 82 64 128 0.213385
244 82 64 128 0.0942413
245 82 64 128 0.0221917
246 82 64 128 0.0138779
247 82 64 128 0.0165519
248 82 64 128 0.0310643
249 82 64 128 0.0317072
250 82 64 128 0.0799198
251 82 64 128 0.100093
252 82 64 128 0.138518
253 82 64 128 0.0479417
254 82 64 128 0.0360856
255 82 64 128 0.0894329
9 83 64 128 0.0222519
10 83 64 128 0.0199257
11 83 64 128 0.0119211
220 83 64 128 0.0225093
221 83 64 128 0.0195892
222 83 64 128 0.0367439
223 83 64 128 0.064682
224 83 64 128 0.0529695
225 83 64 128 0.0151034
235 83 64 128 0.016654
236 83 64 128 0.0517063
237 83 64 128 0.100834
238 83 64 128 0.226178
239 83 64 128 0.467402
240 83 64 128 0.514818
241 83 64 128 0.296984
242 83 64 128 0.272607
243 83 64 128 0.140331
244 83 64 128 0.0571762
248 83 64 128 0.0217845
249 83 64 128 0.0174514
250 83 64 128 0.0639586
251 83 64 128 0.0576679
252 83 64 128 0.104827
253 83 64 128 0.0353436
254 83 64 128 0.0456292
255 83 64 128 0.0831688
9 84 64 128 0.015815
10 84 64 128 0.0172554
11 84 64 128 0.0106673
220 84 64 128 0.0221436
221 84 64 128 0.0212523
222 84 64 128 0.0404893
223 84 64 128 0.0559505
224 84 64 128 0.0422171
225 84 64 128 0.0124217
235 84 64 128 0.0114738
236 84 64 128 0.0482625
237 84 64 128 0.0853238
238 84 64 128 0.182817
239 84 64 128 0.404408
240 84 64 128 0.413564
241 84 64 128 0.215654
242 84 64 128 0.198883
243 84 64 128 0.102441
244 84 64 128 0.0415857
248 84 64 128 0.0172121
249 84 64 128 0.0165743
250 84 64 128 0.0623005
251 84 64 128 0.0740857
252 84 64 128 0.123441
253 84 64 128 0.044287
254 84 64 128 0.0584396
255 84 64 128 0.124573
9 85 64 128 0.012784
10 85 64 128 0.0165803
11 85 64 128 0.0113568
220 85 64 128 0.0231841
221 85 64 128 0.0202831
222 85 64 128 0.0292024
223 85 64 128 0.0359746
224 85 64 128 0.026128
225 85 64 128 0.0101454
235 85 64 128 0.0112279
236 85 64 128 0.0437455
237 85 64 128 0.0777714
238 85 64 128 0.125325
239 85 64 128 0.263602
240 85 64 128 0.313576
241 85 64 128 0.139239
242 85 64 128 0.0824271
243 85 64 128 0.0425528
244 85 64 128 0.0162921
249 85 64 128 0.0118392
250 85 64 128 0.0533522
251 85 64 128 0.0664786
252 85 64 128 0.154527
253 85 64 128 0.0667169
254 85 64 128 0.0772233
255 85 64 128 0.142139
10 86 64 128 0.0131059
11 86 64 128 0.0104379
220 86 64 128 0.0355258
221 86 64 128 0.0304438
222 86 64 128 0.0447314
223 86 64 128 0.0493602
224 86 64 128 0.0353673
225 86 64 128 0.0140151
235 86 64 128 0.0118816
236 86 64 128 0.0445739
237 86 64 128 0.0770431
238 86 64 128 0.140616
239 86 64 128 0.208805
240 86 64 128 0.272368
241 86 64 128 0.0944247
242 86 64 128 0.0592043
243 86 64 128 0.0345714
244 86 64 128 0.0179004
248 86 64 128 0.0155082
249 86 64 128 0.0185305
250 86 64 128 0.0875439
251 86 64 128 0.109424
252 86 64 128 0.246772
253 86 64 128 0.110355
254 86 64 128 0.122522
255 86 64 128 0.247101
220 87 64 128 0.042861
221 87 64 128 0.0389692
222 87 64 128 0.0399219
223 87 64 128 0.0362073
224 87 64 128 0.0265472
236 87 64 128 0.0413031
237 87 64 128 0.0832725
238 87 64 128 0.110049
239 87 64 128 0.159014
240 87 64 128 0.202994
241 87 64 128 0.0841604
242 87 64 128 0.0425683
243 87 64 128 0.0314475
244 87 64 128 0.0140509
248 87 64 128 0.0136556
249 87 64 128 0.0168313
250 87 64 128 0.100277
251 87 64 128 0.139915
252 87 64 128 0.251926
253 87 64 128 0.160082
254 87 64 128 0.188209
255 87 64 128 0.344919
219 88 64 128 0.011433
220 88 64 128 0.0566125
221 88 64 128 0.0574011
222 88 64 128 0.059212
223 88 64 128 0.0458377
224 88 64 128 0.0261392
235 88 64 128 0.0131654
236 88 64 128 0.0511083
237 88 64 128 0.0789725
238 88 64 128 0.115571
239 88 64 128 0.156214
240 88 64 128 0.205623
241 88 64 128 0.0885304
242 88 64 128 0.0552405
243 88 64 128 0.0435755
244 88 64 128 0.0231946
248 88 64 128 0.0295172
249 88 64 128 0.030598
250 88 64 128 0.145887
251 88 64 128 0.225023
252 88 64 128 0.362893
253 88 64 128 0.243767
254 88 64 128 0.303441
255 88 64 128 0.44648
208 89 64 128 0.011701
219 89 64 128 0.0190174
220 89 64 128 0.0992501
221 89 64 128 0.123816
222 89 64 128 0.083537
223 89 64 128 0.0632702
224 89 64 128 0.03441
225 89 64 128 0.0107296
235 89 64 128 0.0153496
236 89 64 128 0.0589073
237 89 64 128 0.0775605
238 89 64 128 0.09776
239 89 64 128 0.135636
240 89 64 128 0.178735
241 89 64 128 0.0875538
242 89 64 128 0.0582804
243 89 64 128 0.0532351
244 89 64 128 0.0244392
248 89 64 128 0.0399458
249 89 64 128 0.0433376
250 89 64 128 0.167033
251 89 64 128 0.236729
252 89 64 128 0.394083
253 89 64 128 0.247046
254 89 64 128 0.283141
255 89 64 128 0.389839
207 90 64 128 0.0227989
208 90 64 128 0.0430826
209 90 64 128 0.0148882
219 90 64 128 0.0303123
220 90 64 128 0.185354
221 90 64 128 0.219216
222 90 64 128 0.155258
223 90 64 128 0.117459
224 90 64 128 0.0676946
225 90 64 128 0.017942
235 90 64 128 0.0345719
236 90 64 128 0.110545
237 90 64 128 0.160876
238 90 64 128 0.181891
239 90 64 128 0.21784
240 90 64 128 0.248244
241 90 64 128 0.12966
242 90 64 128 0.0973445
243 90 64 128 0.0995291
244 90 64 128 0.0482882
246 90 64 128 0.0135564
247 90 64 128 0.0175249
248 90 64 128 0.0791278
249 90 64 128 0.0759083
250 90 64 128 0.239672
251 90 64 128 0.284356
252 90 64 128 0.407755
253 90 64 128 0.206088
254 90 64 128 0.256291
255 90 64 128 0.357899
206 91 64 128 0.0327911
207 91 64 128 0.0740984
208 91 64 128 0.134737
209 91 64 128 0.0436148
219 91 64 128 0.0337979
220 91 64 128 0.219726
221 91 64 128 0.288671
222 91 64 128 0.217277
223 91 64 128 0.156137
224 91 64 128 0.0968586
225 91 64 128 0.0242669
235 91 64 128 0.0451014
236 91 64 128 0.167146
237 91 64 128 0.260935
238 91 64 128 0.238487
239 91 64 128 0.303372
240 91 64 128 0.318094
241 91 64 128 0.156148
242 91 64 128 0.111578
243 91 64 128 0.142356
244 91 64 128 0.0746039
245 91 64 128 0.0114865
246 91 64 128 0.0156906
247 91 64 128 0.0219886
248 91 64 128 0.0752208
249 91 64 128 0.0649013
250 91 64 128 0.208738
251 91 64 128 0.188116
252 91 64 128 0.245855
253 91 64 128 0.111368
254 91 64 128 0.134925
255 91 64 128 0.19425
205 92 64 128 0.0361407
206 92 64 128 0.0929801
207 92 64 128 0.191391
208 92 64 128 0.252829
209 92 64 128 0.127914
210 92 64 128 0.0159259
219 92 64 128 0.0479579
220 92 64 128 0.326828
221 92 64 128 0.445024
222 92 64 128 0.368336
223 92 64 128 0.23945
224 92 64 128 0.161383
225 92 64 128 0.0421393
226 92 64 128 0.0137584
234 92 64 128 0.0161212
235 92 64 128 0.100579
236 92 64 128 0.334365
237 92 64 128 0.442665
238 92 64 128 0.450574
239 92 64 128 0.414484
240 92 64 128 0.426062
241 92 64 128 0.192199
242 92 64 128 0.206192
243 92 64 128 0.244862
244 92 64 128 0.17365
245 92 64 128 0.0266557
246 92 64 128 0.0392428
247 92 64 128 0.0481412
248 92 64 128 0.150655
249 92 64 128 0.100643
250 92 64 128 0.286578
251 92 64 128 0.189122
252 92 64 128 0.197494
253 92 64 128 0.0640479
254 92 64 128 0.114812
255 92 64 128 0.156978
204 93 64 128 0.0153863
205 93 64 128 0.0732654
206 93 64 128 0.188555
207 93 64 128 0.348774
208 93 64 128 0.439228
209 93 64 128 0.226711
210 93 64 128 0.0298055
219 93 64 128 0.0586464
220 93 64 128 0.367909
221 93 64 128 0.569751
222 93 64 128 0.463242
223 93 64 128 0.351084
224 93 64 128 0.200549
225 93 64 128 0.0539721
226 93 64 128 0.0140831
234 93 64 128 0.0214328
235 93 64 128 0.12984
236 93 64 128 0.426958
237 93 64 128 0.526556
238 93 64 128 0.498007
239 93 64 128 0.407913
240 93 64 128 0.434631
241 93 64 128 0.1891
242 93 64 128 0.242162
243 93 64 128 0.333837
244 93 64 128 0.238853
245 93 64 128 0.0463943
246 93 64 128 0.0517811
247 93 64 128 0.0602191
248 93 64 128 0.159736
249 93 64 128 0.115338
250 93 64 128 0.271289
251 93 64 128 0.130937
252 93 64 128 0.132888
253 93 64 128 0.0366313
254 93 64 128 0.0443082
255 93 64 128 0.0653579
204 94 64 128 0.0320351
205 94 64 128 0.130056
206 94 64 128 0.32118
207 94 64 128 0.454816
208 94 64 128 0.555759
209 94 64 128 0.299789
210 94 64 128 0.0405252
218 94 64 128 0.0111087
219 94 64 128 0.0827461
220 94 64 128 0.495641
221 94 64 128 0.718652
222 94 64 128 0.591563
223 94 64 128 0.490659
224 94 64 128 0.305843
225 94 64 128 0.0868765
226 94 64 128 0.0301424
233 94 64 128 0.0129846
234 94 64 128 0.0529554
235 94 64 128 0.23656
236 94 64 128 0.552387
237 94 64 128 0.624321
238 94 64 128 0.582183
239 94 64 128 0.468249
240 94 64 128 0.473754
241 94 64 128 0.215095
242 94 64 128 0.327631
243 94 64 128 0.488491
244 94 64 128 0.419779
245 94 64 128 0.0992848
246 94 64 128 0.116005
247 94 64 128 0.10775
248 94 64 128 0.233618
249 94 64 128 0.153668
250 94 64 128 0.279961
251 94 64 128 0.125894
252 94 64 128 0.0996497
253 94 64 128 0.0225473
254 94 64 128 0.0257675
255 94 64 128 0.0414397
204 95 64 128 0.0492087
205 95 64 128 0.17269
206 95 64 128 0.404172
207 95 64 128 0.495914
208 95 64 128 0.650925
209 95 64 128 0.323787
210 95 64 128 0.0462335
211 95 64 128 0.0105186
218 95 64 128 0.0152102
219 95 64 128 0.0991557
220 95 64 128 0.522179
221 95 64 128 0.750678
222 95 64 128 0.677092
223 95 64 128 0.541667
224 95 64 128 0.396565
225 95 64 128 0.130229
226 95 64 128 0.0474612
227 95 64 128 0.0154445
233 95 64 128 0.0179832
234 95 64 128 0.0637822
235 95 64 128 0.263131
236 95 64 128 0.557837
237 95 64 128 0.690545
238 95 64 128 0.601806
239 95 64 128 0.486197
240 95 64 128 0.443732
241 95 64 128 0.261365
242 95 64 128 0.355929
243 95 64 128 0.596147
244 95 64 128 0.524932
245 95 64 128 0.156314
246 95 64 128 0.156205
247 95 64 128 0.164228
248 95 64 128 0.275832
249 95 64 128 0.172704
250 95 64 128 0.251048
251 95 64 128 0.093871
252 95 64 128 0.0551679
253 95 64 128 0.0151411
254 95 64 128 0.0129317
255 95 64 128 0.0252082
204 96 64 128 0.0743055
205 96 64 128 0.221226
206 96 64 128 0.459806
207 96 64 128 0.482417
208 96 64 128 0.633477
209 96 64 128 0.348881
210 96 64 128 0.0487384
218 96 64 128 0.0179028
219 96 64 128 0.106769
220 96 64 128 0.583841
221 96 64 128 0.81546
222 96 64 128 0.822965
223 96 64 128 0.736735
224 96 64 128 0.6789
225 96 64 128 0.309981
226 96 64 128 0.153664
227 96 64 128 0.0524501
228 96 64 128 0.0226045
232 96 64 128 0.0135753
233 96 64 128 0.0454256
234 96 64 128 0.129473
235 96 64 128 0.401945
236 96 64 128 0.624476
237 96 64 128 0.695611
238 96 64 128 0.632643
239 96 64 128 0.48515
240 96 64 128 0.401131
241 96 64 128 0.301142
242 96 64 128 0.466372
243 96 64 128 0.685834
244 96 64 128 0.671248
245 96 64 128 0.283974
246 96 64 128 0.35992
247 96 64 128 0.344172
248 96 64 128 0.48778
249 96 64 128 0.254449
250 96 64 128 0.338222
251 96 64 128 0.106747
252 96 64 128 0.0606793
253 96 64 128 0.0106107
254 96 64 128 0.0125132
255 96 64 128 0.0165933
204 97 64 128 0.0837219
205 97 64 128 0.227081
206 97 64 128 0.505634
207 97 64 128 0.499867
208 97 64 128 0.638999
209 97 64 128 0.380616
210 97 64 128 0.0624875
211 97 64 128 0.0130362
218 97 64 128 0.0189077
219 97 64 128 0.106444
220 97 64 128 0.540817
221 97 64 128 0.819554
222 97 64 128 0.856403
223 97 64 128 0.814719
224 97 64 128 0.751121
225 97 64 128 0.504871
226 97 64 128 0.281191
227 97 64 128 0.121932
228 97 64 128 0.0504745
229 97 64 128 0.0107168
232 97 64 128 0.0191548
233 97 64 128 0.0525131
234 97 64 128 0.135993
235 97 64 128 0.326879
236 97 64 128 0.568729
237 97 64 128 0.604736
238 97 64 128 0.46097
239 97 64 128 0.285739
240 97 64 128 0.286318
241 97 64 128 0.226254
242 97 64 128 0.399013
243 97 64 128 0.608554
244 97 64 128 0.665436
245 97 64 128 0.323079
246 97 64 128 0.387187
247 97 64 128 0.365398
248 97 64 128 0.498381
249 97 64 128 0.302132
250 97 64 128 0.290679
251 97 64 128 0.075396
252 97 64 128 0.0439078
203 98 64 128 0.0112759
204 98 64 128 0.0814506
205 98 64 128 0.238367
206 98 64 128 0.492113
207 98 64 128 0.541793
208 98 64 128 0.658358
209 98 64 128 0.432328
210 98 64 128 0.0937755
211 98 64 128 0.0183796
217 98 64 128 0.0104683
218 98 64 128 0.0334176
219 98 64 128 0.13676
220 98 64 128 0.626318
221 98 64 128 0.866408
222 98 64 128 0.917056
223 98 64 128 0.890928
224 98 64 128 0.85875
225 98 64 128 0.701246
226 98 64 128 0.530112
227 98 64 128 0.294304
228 98 64 128 0.138117
229 98 64 128 0.0350884
230 98 64 128 0.0202953
231 98 64 128 0.0198664
232 98 64 128 0.0415898
233 98 64 128 0.0803303
234 98 64 128 0.204917
235 98 64 128 0.341158
236 98 64 128 0.498059
237 98 64 128 0.519052
238 98 64 128 0.334574
239 98 64 128 0.199106
240 98 64 128 0.173751
241 98 64 128 0.17381
242 98 64 128 0.37277
243 98 64 128 0.689069
244 98 64 128 0.716336
245 98 64 128 0.479639
246 98 64 128 0.558004
247 98 64 128 0.556448
248 98 64 128 0.655921
249 98 64 128 0.43091
250 98 64 128 0.363323
251 98 64 128 0.0874902
252 98 64 128 0.0423685
203 99 64 128 0.011995
204 99 64 128 0.0816672
205 99 64 128 0.213054
206 99 64 128 0.529031
207 99 64 128 0.585309
208 99 64 128 0.750882
209 99 64 128 0.544252
210 99 64 128 0.18767
211 99 64 128 0.0422616
217 99 64 128 0.012197
218 99 64 128 0.0454515
219 99 64 128 0.134739
220 99 64 128 0.590808
221 99 64 128 0.80275
222 99 64 128 0.910187
223 99 64 128 0.869796
224 99 64 128 0.877938
225 99 64 128 0.763822
226 99 64 128 0.655263
227 99 64 128 0.443463
228 99 64 128 0.231903
229 99 64 128 0.0788101
230 99 64 128 0.0437315
231 99 64 128 0.0346649
232 99 64 128 0.0542892
233 99 64 128 0.0765044
234 99 64 128 0.127222
235 99 64 128 0.222149
236 99 64 128 0.358728
237 99 64 128 0.339623
238 99 64 128 0.16349
239 99 64 128 0.106056
240 99 64 128 0.103132
241 99 64 128 0.113419
242 99 64 128 0.262745
243 99 64 128 0.668381
244 99 64 128 0.700642
245 99 64 128 0.504128
246 99 64 128 0.549552
247 99 64 128 0.59895
248 99 64 128 0.649822
249 99 64 128 0.486942
250 99 64 128 0.313682
251 99 64 128 0.0721751
252 99 64 128 0.0271882
203 100 64 128 0.0148279
204 100 64 128 0.0938775
205 100 64 128 0.232744
206 100 64 128 0.551513
207 100 64 128 0.608191
208 100 64 128 0.774423
209 100 64 128 0.591391
210 100 64 128 0.265708
211 100 64 128 0.0755124
212 100 64 128 0.0125711
217 100 64 128 0.015836
218 100 64 128 0.0588561
219 100 64 128 0.135829
220 100 64 128 0.577177
221 100 64 128 0.729834
222 100 64 128 0.886466
223 100 64 128 0.888282
224 100 64 128 0.911866
225 100 64 128 0.83087
226 100 64 128 0.784857
227 100 64 128 0.665795
228 100 64 128 0.477409
229 100 64 128 0.162649
230 100 64 128 0.100417
231 100 64 128 0.0820722
232 100 64 128 0.0959055
233 100 64 128 0.0918384
234 100 64 128 0.117724
235 100 64 128 0.184534
236 100 64 128 0.230003
237 100 64 128 0.200055
238 100 64 128 0.0907791
239 100 64 128 0.0618405
240 100 64 128 0.0498921
241 100 64 128 0.0694955
242 100 64 128 0.237299
243 100 64 128 0.663624
244 100 64 128 0.672077
245 100 64 128 0.515491
246 100 64 128 0.667518
247 100 64 128 0.74646
248 100 64 128 0.768219
249 100 64 128 0.596837
250 100 64 128 0.40498
251 100 64 128 0.096343
252 100 64 128 0.0315051
2 101 64 128 0.014637
4 101 64 128 0.0144754
5 101 64 128 0.0116139
6 101 64 128 0.0128704
7 101 64 128 0.0113863
203 101 64 128 0.0248153
204 101 64 128 0.122352
205 101 64 128 0.231209
206 101 64 128 0.581368
207 101 64 128 0.606585
208 101 64 128 0.815557
209 101 64 128 0.654008
210 101 64 128 0.420903
211 101 64 128 0.191023
212 101 64 128 0.0369021
216 101 64 128 0.0129053
217 101 64 128 0.0238846
218 101 64 128 0.0625097
219 101 64 128 0.117087
220 101 64 128 0.518914
221 101 64 128 0.657102
222 101 64 128 0.868298
223 101 64 128 0.884762
224 101 64 128 0.920801
225 101 64 128 0.884195
226 101 64 128 0.827273
227 101 64 128 0.760476
228 101 64 128 0.548695
229 101 64 128 0.237383
230 101 64 128 0.139675
231 101 64 128 0.096881
232 101 64 128 0.088008
233 101 64 128 0.0660604
234 101 64 128 0.0600937
235 101 64 128 0.0974227
236 101 64 128 0.131305
237 101 64 128 0.108821
238 101 64 128 0.0364335
239 101 64 128 0.0279669
240 101 64 128 0.0281562
241 101 64 128 0.0538918
242 101 64 128 0.174928
243 101 64 128 0.597727
244 101 64 128 0.636245
245 101 64 128 0.523505
246 101 64 128 0.668765
247 101 64 128 0.771713
248 101 64 128 0.756079
249 101 64 128 0.671877
250 101 64 128 0.49536
251 101 64 128 0.114928
252 101 64 128 0.0457339
255 101 64 128 0.014312
2 102 64 128 0.0196336
4 102 64 128 0.0243335
5 102 64 128 0.0196132
6 102 64 128 0.0304812
7 102 64 128 0.0223013
8 102 64 128 0.0151397
203 102 64 128 0.0461623
204 102 64 128 0.146016
205 102 64 128 0.250252
206 102 64 128 0.601061
207 102 64 128 0.688688
208 102 64 128 0.846257
209 102 64 128 0.77568
210 102 64 128 0.611114
211 102 64 128 0.431602
212 102 64 128 0.114678
213 102 64 128 0.0374639
214 102 64 128 0.0171421
215 102 64 128 0.0147387
216 102 64 128 0.0410998
217 102 64 128 0.0516886
218 102 64 128 0.162296
219 102 64 128 0.232917
220 102 64 128 0.657894
221 102 64 128 0.701421
222 102 64 128 0.883275
223 102 64 128 0.91047
224 102 64 128 0.94873
225 102 64 128 0.9228
226 102 64 128 0.902147
227 102 64 128 0.828201
228 102 64 128 0.661016
229 102 64 128 0.278516
230 102 64 128 0.18943
231 102 64 128 0.120017
232 102 64 128 0.0681393
233 102 64 128 0.0402203
234 102 64 128 0.034996
235 102 64 128 0.0544202
236 102 64 128 0.0667535
237 102 64 128 0.0478936
238 102 64 128 0.0175607
239 102 64 128 0.014331
240 102 64 128 0.018951
241 102 64 128 0.0441301
242 102 64 128 0.20094
243 102 64 128 0.671101
244 102 64 128 0.733418
245 102 64 128 0.639163
246 102 64 128 0.800407
247 102 64 128 0.884047
248 102 64 128 0.893743
249 102 64 128 0.854493
250 102 64 128 0.732022
251 102 64 128 0.299224
252 102 64 128 0.110992
253 102 64 128 0.030127
254 102 64 128 0.0336216
255 102 64 128 0.0507177
2 103 64 128 0.0213472
3 103 64 128 0.0116944
4 103 64 128 0.0359165
5 103 64 128 0.0356257
6 103 64 128 0.0563875
7 103 64 128 0.0511991
8 103 64 128 0.0331899
202 103 64 128 0.0184061
203 103 64 128 0.0714578
204 103 64 128 0.24679
205 103 64 128 0.31506
206 103 64 128 0.751894
207 103 64 128 0.789279
208 103 64 128 0.925847
209 103 64 128 0.881199
210 103 64 128 0.841028
211 103 64 128 0.696
212 103 64 128 0.360531
213 103 64 128 0.100874
214 103 64 128 0.0507692
215 103 64 128 0.0362447
216 103 64 128 0.0960612
217 103 64 128 0.104034
218 103 64 128 0.27363
219 103 64 128 0.270423
220 103 64 128 0.661525
221 103 64 128 0.652307
222 103 64 128 0.875789
223 103 64 128 0.873168
224 103 64 128 0.942517
225 103 64 128 0.900518
226 103 64 128 0.91556
227 103 64 128 0.82052
228 103 64 128 0.657399
229 103 64 128 0.312831
230 103 64 128 0.21179
231 103 64 128 0.0987949
232 103 64 128 0.0528726
233 103 64 128 0.0226288
234 103 64 128 0.0197032
235 103 64 128 0.0252014
236 103 64 128 0.0330634
237 103 64 128 0.0242118
238 103 64 128 0.0110715
240 103 64 128 0.0131166
241 103 64 128 0.03742
242 103 64 128 0.183278
243 103 64 128 0.704214
244 103 64 128 0.747991
245 103 64 128 0.699858
246 103 64 128 0.821545
247 103 64 128 0.922487
248 103 64 128 0.91484
249 103 64 128 0.895603
250 103 64 128 0.793126
251 103 64 128 0.389904
252 103 64 128 0.147241
253 103 64 128 0.0463948
254 103 64 128 0.0530633
255 103 64 128 0.0839235
2 104 64 128 0.01801
3 104 64 128 0.0122818
4 104 64 128 0.0415974
5 104 64 128 0.0371559
6 104 64 128 0.0764732
7 104 64 128 0.0701553
8 104 64 128 0.053594
202 104 64 128 0.0372893
203 104 64 128 0.133859
204 104 64 128 0.356193
205 104 64 128 0.466988
206 104 64 128 0.840868
207 104 64 128 0.897893
208 104 64 128 0.958903
209 104 64 128 0.951257
210 104 64 128 0.942499
211 104 64 128 0.882584
212 104 64 128 0.657904
213 104 64 128 0.285596
214 104 64 128 0.162951
215 104 64 128 0.106701
216 104 64 128 0.191578
217 104 64 128 0.171818
218 104 64 128 0.381905
219 104 64 128 0.360624
220 104 64 128 0.699352
221 104 64 128 0.628021
222 104 64 128 0.857767
223 104 64 128 0.884846
224 104 64 128 0.957116
225 104 64 128 0.934415
226 104 64 128 0.943788
227 104 64 128 0.891093
228 104 64 128 0.84929
229 104 64 128 0.487139
230 104 64 128 0.410256
231 104 64 128 0.1945
232 104 64 128 0.0867594
233 104 64 128 0.023565
234 104 64 128 0.0175276
235 104 64 128 0.0217638
236 104 64 128 0.0254581
237 104 64 128 0.0191317
238 104 64 128 0.0108301
239 104 64 128 0.010426
240 104 64 128 0.0153773
241 104 64 128 0.0469094
242 104 64 128 0.249936
243 104 64 128 0.767893
244 104 64 128 0.856085
245 104 64 128 0.782052
246 104 64 128 0.889754
247 104 64 128 0.963078
248 104 64 128 0.962048
249 104 64 128 0.937298
250 104 64 128 0.875551
251 104 64 128 0.556716
252 104 64 128 0.306001
253 104 64 128 0.0988821
254 104 64 128 0.124875
255 104 64 128 0.161114
2 105 64 128 0.0189628
3 105 64 128 0.0147734
4 105 64 128 0.0422708
5 105 64 128 0.0422371
6 105 64 128 0.0913543
7 105 64 128 0.0890381
8 105 64 128 0.0733844
201 105 64 128 0.0133032
202 105 64 128 0.0759563
203 105 64 128 0.231379
204 105 64 128 0.489174
205 105 64 128 0.549922
206 105 64 128 0.866779
207 105 64 128 0.922239
208 105 64 128 0.970327
209 105 64 128 0.967934
210 105 64 128 0.971939
211 105 64 128 0.960698
212 105 64 128 0.867235
213 105 64 128 0.569706
214 105 64 128 0.3763
215 105 64 128 0.254049
216 105 64 128 0.319253
217 105 64 128 0.248115
218 105 64 128 0.430538
219 105 64 128 0.389883
220 105 64 128 0.656191
221 105 64 128 0.570506
222 105 64 128 0.807488
223 105 64 128 0.857452
224 105 64 128 0.947807
225 105 64 128 0.945912
226 105 64 128 0.949179
227 105 64 128 0.932269
228 105 64 128 0.879487
229 105 64 128 0.645899
230 105 64 128 0.536688
231 105 64 128 0.259628
232 105 64 128 0.121397
233 105 64 128 0.0243473
234 105 64 128 0.0136571
235 105 64 128 0.0159842
236 105 64 128 0.0258953
237 105 64 128 0.0152882
239 105 64 128 0.0105011
240 105 64 128 0.0187745
241 105 64 128 0.0649191
242 105 64 128 0.248969
243 105 64 128 0.81935
244 105 64 128 0.845311
245 105 64 128 0.812424
246 105 64 128 0.871871
247 105 64 128 0.963956
248 105 64 128 0.944981
249 105 64 128 0.932398
250 105 64 128 0.850319
251 105 64 128 0.555061
252 105 64 128 0.348967
253 105 64 128 0.133608
254 105 64 128 0.144453
255 105 64 128 0.212879
2 106 64 128 0.0128172
3 106 64 128 0.0108866
4 106 64 128 0.0388505
5 106 64 128 0.0393256
6 106 64 128 0.101507
7 106 64 128 0.0922968
8 106 64 128 0.0942309
9 106 64 128 0.0102443
200 106 64 128 0.0126171
201 106 64 128 0.019111
202 106 64 128 0.105618
203 106 64 128 0.352965
204 106 64 128 0.534282
205 106 64 128 0.573018
206 106 64 128 0.884463
207 106 64 128 0.952629
208 106 64 128 0.97451
209 106 64 128 0.979278
210 106 64 128 0.98502
211 106 64 128 0.98459
212 106 64 128 0.939143
213 106 64 128 0.807323
214 106 64 128 0.630312
215 106 64 128 0.511075
216 106 64 128 0.495341
217 106 64 128 0.39236
218 106 64 128 0.566844
219 106 64 128 0.541589
220 106 64 128 0.721858
221 106 64 128 0.581554
222 106 64 128 0.841976
223 106 64 128 0.871
224 106 64 128 0.965828
225 106 64 128 0.965795
226 106 64 128 0.977418
227 106 64 128 0.960882
228 106 64 128 0.951846
229 106 64 128 0.790419
230 106 64 128 0.70316
231 106 64 128 0.391073
232 106 64 128 0.159783
233 106 64 128 0.0298083
234 106 64 128 0.0154803
235 106 64 128 0.0194111
236 106 64 128 0.0291965
237 106 64 128 0.0193081
238 106 64 128 0.0116451
239 106 64 128 0.0194843
240 106 64 128 0.0364175
241 106 64 128 0.132331
242 106 64 128 0.442834
243 106 64 128 0.894313
244 106 64 128 0.925162
245 106 64 128 0.897705
246 106 64 128 0.929848
247 106 64 128 0.976898
248 106 64 128 0.968725
249 106 64 128 0.960406
250 106 64 128 0.922795
251 106 64 128 0.704903
252 106 64 128 0.474431
253 106 64 128 0.177079
254 106 64 128 0.222852
255 106 64 128 0.275833
3 107 64 128 0.0114172
4 107 64 128 0.0368642
5 107 64 128 0.0429961
6 107 64 128 0.119352
7 107 64 128 0.135981
8 107 64 128 0.13528
9 107 64 128 0.0141455
200 107 64 128 0.0144949
201 107 64 128 0.0195244
202 107 64 128 0.103296
203 107 64 128 0.261604
204 107 64 128 0.48624
205 107 64 128 0.397594
206 107 64 128 0.854994
207 107 64 128 0.931475
208 107 64 128 0.970005
209 107 64 128 0.967672
210 107 64 128 0.983885
211 107 64 128 0.981303
212 107 64 128 0.950764
213 107 64 128 0.840121
214 107 64 128 0.715099
215 107 64 128 0.605365
216 107 64 128 0.571121
217 107 64 128 0.401784
218 107 64 128 0.567089
219 107 64 128 0.49806
220 107 64 128 0.681108
221 107 64 128 0.525722
222 107 64 128 0.812234
223 107 64 128 0.829975
224 107 64 128 0.951851
225 107 64 128 0.952134
226 107 64 128 0.978179
227 107 64 128 0.964072
228 107 64 128 0.955171
229 107 64 128 0.809463
230 107 64 128 0.725161
231 107 64 128 0.455755
232 107 64 128 0.15724
233 107 64 128 0.025298
234 107 64 128 0.0125137
235 107 64 128 0.0156178
236 107 64 128 0.0302423
237 107 64 128 0.0201798
238 107 64 128 0.0168207
239 107 64 128 0.0267567
240 107 64 128 0.060665
241 107 64 128 0.184098
242 107 64 128 0.47988
243 107 64 128 0.904041
244 107 64 128 0.921078
245 107 64 128 0.897021
246 107 64 128 0.896025
247 107 64 128 0.966063
248 107 64 128 0.944535
249 107 64 128 0.934764
250 107 64 128 0.80499
251 107 64 128 0.500863
252 107 64 128 0.231055
253 107 64 128 0.0818992
254 107 64 128 0.0838963
255 107 64 128 0.134842
3 108 64 128 0.0116197
4 108 64 128 0.0353392
5 108 64 128 0.0360613
6 108 64 128 0.101274
7 108 64 128 0.118778
8 108 64 128 0.120863
200 108 64 128 0.0232468
201 108 64 128 0.0217266
202 108 64 128 0.115822
203 108 64 128 0.220195
204 108 64 128 0.476573
205 108 64 128 0.411161
206 108 64 128 0.866008
207 108 64 128 0.938534
208 108 64 128 0.971709
209 108 64 128 0.972442
210 108 64 128 0.982423
211 108 64 128 0.983002
212 108 64 128 0.954804
213 108 64 128 0.880323
214 108 64 128 0.743232
215 108 64 128 0.67067
216 108 64 128 0.539913
217 108 64 128 0.402226
218 108 64 128 0.499124
219 108 64 128 0.458615
220 108 64 128 0.627916
221 108 64 128 0.476304
222 108 64 128 0.743567
223 108 64 128 0.788221
224 108 64 128 0.95776
225 108 64 128 0.962743
226 108 64 128 0.985489
227 108 64 128 0.975363
228 108 64 128 0.980314
229 108 64 128 0.872514
230 108 64 128 0.841919
231 108 64 128 0.597537
232 108 64 128 0.241895
233 108 64 128 0.0498517
234 108 64 128 0.0235228
235 108 64 128 0.0288375
236 108 64 128 0.051179
237 108 64 128 0.0426019
238 108 64 128 0.0394504
239 108 64 128 0.0625578
240 108 64 128 0.123726
241 108 64 128 0.265874
242 108 64 128 0.594046
243 108 64 128 0.938053
244 108 64 128 0.941886
245 108 64 128 0.903273
246 108 64 128 0.898592
247 108 64 128 0.963552
248 108 64 128 0.943602
249 108 64 128 0.886677
250 108 64 128 0.707677
251 108 64 128 0.361528
252 108 64 128 0.167231
253 108 64 128 0.0453084
254 108 64 128 0.0521305
255 108 64 128 0.0797404
2 109 64 128 0.0104701
3 109 64 128 0.013856
4 109 64 128 0.0357856
5 109 64 128 0.0329823
6 109 64 128 0.0936423
7 109 64 128 0.0996461
8 109 64 128 0.102626
200 109 64 128 0.0266584
201 109 64 128 0.0298192
202 109 64 128 0.122695
203 109 64 128 0.203811
204 109 64 128 0.385327
205 109 64 128 0.310891
206 109 64 128 0.798931
207 109 64 128 0.894961
208 109 64 128 0.954348
209 109 64 128 0.949586
210 109 64 128 0.968735
211 109 64 128 0.972333
212 109 64 128 0.936879
213 109 64 128 0.886623
214 109 64 128 0.779814
215 109 64 128 0.686811
216 109 64 128 0.510689
217 109 64 128 0.366253
218 109 64 128 0.348643
219 109 64 128 0.313721
220 109 64 128 0.445155
221 109 64 128 0.33105
222 109 64 128 0.526769
223 109 64 128 0.667609
224 109 64 128 0.921382
225 109 64 128 0.946272
226 109 64 128 0.972502
227 109 64 128 0.962953
228 109 64 128 0.966921
229 109 64 128 0.861547
230 109 64 128 0.791111
231 109 64 128 0.502659
232 109 64 128 0.198773
233 109 64 128 0.0380485
234 109 64 128 0.0219355
235 109 64 128 0.0262161
236 109 64 128 0.0654964
237 109 64 128 0.0501733
238 109 64 128 0.0512089
239 109 64 128 0.0866303
240 109 64 128 0.164919
241 109 64 128 0.330129
242 109 64 128 0.615409
243 109 64 128 0.933212
244 109 64 128 0.907637
245 109 64 128 0.86902
246 109 64 128 0.838926
247 109 64 128 0.939077
248 109 64 128 0.885313
249 109 64 128 0.793521
250 109 64 128 0.533513
251 109 64 128 0.221686
252 109 64 128 0.0987817
253 109 64 128 0.026788
254 109 64 128 0.0294482
255 109 64 128 0.043795
3 110 64 128 0.0105292
4 110 64 128 0.024391
5 110 64 128 0.0215137
6 110 64 128 0.0609463
7 110 64 128 0.0525156
8 110 64 128 0.05577
199 110 64 128 0.0138429
200 110 64 128 0.0434108
201 110 64 128 0.0403762
202 110 64 128 0.142474
203 110 64 128 0.278696
204 110 64 128 0.409314
205 110 64 128 0.268785
206 110 64 128 0.747893
207 110 64 128 0.869797
208 110 64 128 0.923221
209 110 64 128 0.922101
210 110 64 128 0.952127
211 110 64 128 0.963778
212 110 64 128 0.923583
213 110 64 128 0.894569
214 110 64 128 0.79493
215 110 64 128 0.756965
216 110 64 128 0.543018
217 110 64 128 0.367724
218 110 64 128 0.322798
219 110 64 128 0.284554
220 110 64 128 0.374221
221 110 64 128 0.234345
222 110 64 128 0.455644
223 110 64 128 0.618125
224 110 64 128 0.935709
225 110 64 128 0.947958
226 110 64 128 0.982028
227 110 64 128 0.962192
228 110 64 128 0.976821
229 110 64 128 0.874625
230 110 64 128 0.806121
231 110 64 128 0.489131
232 110 64 128 0.148664
233 110 64 128 0.0294748
234 110 64 128 0.0219737
235 110 64 128 0.0292555
236 110 64 128 0.0730789
237 110 64 128 0.0786136
238 110 64 128 0.101724
239 110 64 128 0.179561
240 110 64 128 0.302674
241 110 64 128 0.59621
242 110 64 128 0.784519
243 110 64 128 0.961636
244 110 64 128 0.94083
245 110 64 128 0.926745
246 110 64 128 0.86763
247 110 64 128 0.954537
248 110 64 128 0.906351
249 110 64 128 0.841452
250 110 64 128 0.578379
251 110 64 128 0.22128
252 110 64 128 0.10072
253 110 64 128 0.0288742
254 110 64 128 0.0239334
255 110 64 128 0.0363028
4 111 64 128 0.0213041
5 111 64 128 0.0185854
6 111 64 128 0.0549478
7 111 64 128 0.04413
8 111 64 128 0.0429823
199 111 64 128 0.0125627
200 111 64 128 0.0465617
201 111 64 128 0.0365985
202 111 64 128 0.111476
203 111 64 128 0.216745
204 111 64 128 0.304809
205 111 64 128 0.160418
206 111 64 128 0.535568
207 111 64 128 0.719755
208 111 64 128 0.822124
209 111 64 128 0.767978
210 111 64 128 0.873251
211 111 64 128 0.910583
212 111 64 128 0.86963
213 111 64 128 0.796896
214 111 64 128 0.709134
215 111 64 128 0.670985
216 111 64 128 0.464361
217 111 64 128 0.268773
218 111 64 128 0.238802
219 111 64 128 0.198229
220 111 64 128 0.255699
221 111 64 128 0.141876
222 111 64 128 0.317875
223 111 64 128 0.508177
224 111 64 128 0.904316
225 111 64 128 0.913752
226 111 64 128 0.9739
227 111 64 128 0.948217
228 111 64 128 0.964947
229 111 64 128 0.842436
230 111 64 128 0.760549
231 111 64 128 0.405524
232 111 64 128 0.0838024
233 111 64 128 0.015385
234 111 64 128 0.0128633
235 111 64 128 0.0193029
236 111 64 128 0.0589058
237 111 64 128 0.0729453
238 111 64 128 0.0993037
239 111 64 128 0.168398
240 111 64 128 0.323901
241 111 64 128 0.607485
242 111 64 128 0.750281
243 111 64 128 0.953855
244 111 64 128 0.936558
245 111 64 128 0.922839
246 111 64 128 0.819006
247 111 64 128 0.92193
248 111 64 128 0.851615
249 111 64 128 0.738737
250 111 64 128 0.375127
251 111 64 128 0.0976145
252 111 64 128 0.0407542
255 111 64 128 0.0108776
