177 14 85 170 0.020474
178 14 85 170 0.0251982
179 14 85 170 0.0140488
176 15 85 170 0.0171537
177 15 85 170 0.070978
178 15 85 170 0.0928908
179 15 85 170 0.0575471
180 15 85 170 0.0221648
176 16 85 170 0.0441179
177 16 85 170 0.152711
178 16 85 170 0.203303
179 16 85 170 0.138425
180 16 85 170 0.0547091
181 16 85 170 0.0289973
182 16 85 170 0.0204607
175 17 85 170 0.0163155
176 17 85 170 0.0931833
177 17 85 170 0.233173
178 17 85 170 0.299248
179 17 85 170 0.217446
180 17 85 170 0.0774533
181 17 85 170 0.0360755
182 17 85 170 0.0291898
175 18 85 170 0.0117914
176 18 85 170 0.0652789
177 18 85 170 0.143973
178 18 85 170 0.177716
179 18 85 170 0.129293
180 18 85 170 0.0442328
181 18 85 170 0.0208163
182 18 85 170 0.0180494
176 19 85 170 0.0104976
177 19 85 170 0.0167534
178 19 85 170 0.0150774
177 20 85 170 0.0153671
178 20 85 170 0.0175005
179 20 85 170 0.0135985
118 36 85 170 0.0103049
120 36 85 170 0.0102328
117 37 85 170 0.0107374
118 37 85 170 0.0152593
119 37 85 170 0.0176504
120 37 85 170 0.0178951
121 37 85 170 0.0131893
115 38 85 170 0.0119886
116 38 85 170 0.0153228
117 38 85 170 0.0272414
118 38 85 170 0.0413886
119 38 85 170 0.0514896
120 38 85 170 0.054297
121 38 85 170 0.0431314
122 38 85 170 0.0290746
123 38 85 170 0.0258474
124 38 85 170 0.0298534
125 38 85 170 0.0159422
114 39 85 170 0.0111719
115 39 85 170 0.0195385
116 39 85 170 0.0255319
117 39 85 170 0.0465552
118 39 85 170 0.0713339
119 39 85 170 0.0884815
120 39 85 170 0.0917785
121 39 85 170 0.0701895
122 39 85 170 0.0463129
123 39 85 170 0.0407594
124 39 85 170 0.044425
125 39 85 170 0.0234759
114 40 85 170 0.0122216
115 40 85 170 0.0208812
116 40 85 170 0.0274138
117 40 85 170 0.0485221
118 40 85 170 0.0747327
119 40 85 170 0.0948875
120 40 85 170 0.0988821
121 40 85 170 0.0704478
122 40 85 170 0.0416082
123 40 85 170 0.0362702
124 40 85 170 0.0405337
125 40 85 170 0.0208938
114 41 85 170 0.0141519
115 41 85 170 0.0228758
116 41 85 170 0.0248748
117 41 85 170 0.0412269
118 41 85 170 0.0604603
119 41 85 170 0.0837984
120 41 85 170 0.1068
121 41 85 170 0.0803998
122 41 85 170 0.052132
123 41 85 170 0.0538764
124 41 85 170 0.0591397
125 41 85 170 0.0326447
126 41 85 170 0.0110871
114 42 85 170 0.0103046
115 42 85 170 0.0163199
116 42 85 170 0.0175253
117 42 85 170 0.0292898
118 42 85 170 0.0423882
119 42 85 170 0.0628297
120 42 85 170 0.088476
121 42 85 170 0.0681929
122 42 85 170 0.0447937
123 42 85 170 0.0488777
124 42 85 170 0.0557597
125 42 85 170 0.0304592
126 42 85 170 0.0101714
116 43 85 170 0.0116336
117 43 85 170 0.0201546
118 43 85 170 0.030136
119 43 85 170 0.0443713
120 43 85 170 0.0588405
121 43 85 170 0.0448781
122 43 85 170 0.0273617
123 43 85 170 0.0285123
124 43 85 170 0.0359027
125 43 85 170 0.0188397
116 44 85 170 0.010436
117 44 85 170 0.0158449
118 44 85 170 0.0224789
119 44 85 170 0.0327796
120 44 85 170 0.0440798
121 44 85 170 0.0356437
122 44 85 170 0.0234956
123 44 85 170 0.0236161
124 44 85 170 0.0286272
125 44 85 170 0.0163749
119 45 85 170 0.0138901
120 45 85 170 0.0178616
121 45 85 170 0.0132529
96 62 85 170 0.0107395
97 62 85 170 0.0191038
98 62 85 170 0.0185507
89 63 85 170 0.0114232
92 63 85 170 0.0116392
93 63 85 170 0.0309395
94 63 85 170 0.0923474
95 63 85 170 0.152668
96 63 85 170 0.162667
97 63 85 170 0.185698
98 63 85 170 0.15387
99 63 85 170 0.0745178
100 63 85 170 0.025021
78 64 85 170 0.0103283
79 64 85 170 0.0112953
86 64 85 170 0.0125247
87 64 85 170 0.0435694
88 64 85 170 0.111847
89 64 85 170 0.158647
90 64 85 170 0.131802
91 64 85 170 0.0940095
92 64 85 170 0.129721
93 64 85 170 0.205692
94 64 85 170 0.378776
95 64 85 170 0.530125
96 64 85 170 0.538674
97 64 85 170 0.570655
98 64 85 170 0.474286
99 64 85 170 0.252366
100 64 85 170 0.0853502
101 64 85 170 0.020856
79 65 85 170 0.0138829
84 65 85 170 0.0239956
85 65 85 170 0.0293279
86 65 85 170 0.205095
87 65 85 170 0.472272
88 65 85 170 0.619268
89 65 85 170 0.687925
90 65 85 170 0.634324
91 65 85 170 0.553065
92 65 85 170 0.581395
93 65 85 170 0.659645
94 65 85 170 0.775519
95 65 85 170 0.855217
96 65 85 170 0.843625
97 65 85 170 0.831739
98 65 85 170 0.728459
99 65 85 170 0.474825
100 65 85 170 0.175673
101 65 85 170 0.0425428
102 65 85 170 0.0124892
75 66 85 170 0.0144834
76 66 85 170 0.0551454
77 66 85 170 0.113705
78 66 85 170 0.191758
79 66 85 170 0.215337
80 66 85 170 0.147614
81 66 85 170 0.113371
82 66 85 170 0.0805038
83 66 85 170 0.0669605
84 66 85 170 0.132493
85 66 85 170 0.26695
86 66 85 170 0.539877
87 66 85 170 0.816308
88 66 85 170 0.922848
89 66 85 170 0.96182
90 66 85 170 0.918228
91 66 85 170 0.849418
92 66 85 170 0.851709
93 66 85 170 0.894415
94 66 85 170 0.93347
95 66 85 170 0.943088
96 66 85 170 0.923443
97 66 85 170 0.89041
98 66 85 170 0.819513
99 66 85 170 0.607381
100 66 85 170 0.26186
101 66 85 170 0.0695493
102 66 85 170 0.0140112
74 67 85 170 0.0177384
75 67 85 170 0.0685587
76 67 85 170 0.196566
77 67 85 170 0.363952
78 67 85 170 0.533188
79 67 85 170 0.564606
80 67 85 170 0.417929
81 67 85 170 0.337364
82 67 85 170 0.245673
83 67 85 170 0.218044
84 67 85 170 0.40547
85 67 85 170 0.68056
86 67 85 170 0.900747
87 67 85 170 1.00265
88 67 85 170 1.01496
89 67 85 170 1.0138
90 67 85 170 0.999353
91 67 85 170 0.973383
92 67 85 170 0.959491
93 67 85 170 0.971566
94 67 85 170 0.994177
95 67 85 170 1.00276
96 67 85 170 0.987152
97 67 85 170 0.958454
98 67 85 170 0.887303
99 67 85 170 0.66021
100 67 85 170 0.285269
101 67 85 170 0.074504
102 67 85 170 0.0139774
73 68 85 170 0.0177948
74 68 85 170 0.0415822
75 68 85 170 0.11776
76 68 85 170 0.278409
77 68 85 170 0.472444
78 68 85 170 0.64378
79 68 85 170 0.665262
80 68 85 170 0.520208
81 68 85 170 0.442288
82 68 85 170 0.32273
83 68 85 170 0.322291
84 68 85 170 0.610238
85 68 85 170 0.826485
86 68 85 170 0.955355
87 68 85 170 1.02572
88 68 85 170 1.03143
89 68 85 170 1.03148
90 68 85 170 1.02495
91 68 85 170 1.00928
92 68 85 170 0.998288
93 68 85 170 1.00083
94 68 85 170 1.01077
95 68 85 170 1.01315
96 68 85 170 0.996967
97 68 85 170 0.959366
98 68 85 170 0.859294
99 68 85 170 0.591628
100 68 85 170 0.201392
101 68 85 170 0.0402012
102 68 85 170 0.0138372
74 69 85 170 0.0140694
75 69 85 170 0.0376482
76 69 85 170 0.0848721
77 69 85 170 0.140417
78 69 85 170 0.187214
79 69 85 170 0.19204
80 69 85 170 0.15284
81 69 85 170 0.132073
82 69 85 170 0.0963855
83 69 85 170 0.0996036
84 69 85 170 0.189724
85 69 85 170 0.241382
86 69 85 170 0.269226
87 69 85 170 0.289916
88 69 85 170 0.292994
89 69 85 170 0.294047
90 69 85 170 0.292396
91 69 85 170 0.288091
92 69 85 170 0.285632
93 69 85 170 0.285947
94 69 85 170 0.287577
95 69 85 170 0.287423
96 69 85 170 0.28265
97 69 85 170 0.27083
98 69 85 170 0.239273
99 69 85 170 0.159229
100 69 85 170 0.0473856
77 71 85 170 0.010303
78 71 85 170 0.0137062
79 71 85 170 0.0140488
80 71 85 170 0.0112014
84 71 85 170 0.0139827
85 71 85 170 0.0176797
86 71 85 170 0.0196454
87 71 85 170 0.0211619
88 71 85 170 0.021398
89 71 85 170 0.021483
90 71 85 170 0.021364
91 71 85 170 0.0210507
92 71 85 170 0.0208762
93 71 85 170 0.0208961
94 71 85 170 0.0210059
95 71 85 170 0.0209882
96 71 85 170 0.0206383
97 71 85 170 0.0197662
98 71 85 170 0.0174373
99 71 85 170 0.0115605
185 41 64 128 0.0183905
186 41 64 128 0.010371
187 41 64 128 0.0114433
185 42 64 128 0.017337
186 42 64 128 0.0101034
187 42 64 128 0.0102858
185 43 64 128 0.0240939
186 43 64 128 0.0156099
187 43 64 128 0.0156166
127 44 64 128 0.0175334
131 44 64 128 0.0236867
132 44 64 128 0.0135452
133 44 64 128 0.0182097
123 45 64 128 0.0203721
124 45 64 128 0.0220264
125 45 64 128 0.028611
126 45 64 128 0.0265368
127 45 64 128 0.0732061
128 45 64 128 0.0212372
129 45 64 128 0.0219812
130 45 64 128 0.0183386
131 45 64 128 0.0456919
132 45 64 128 0.0221271
133 45 64 128 0.0352713
134 45 64 128 0.0201157
135 45 64 128 0.0158818
123 46 64 128 0.051866
124 46 64 128 0.0422188
125 46 64 128 0.0737289
126 46 64 128 0.052945
127 46 64 128 0.136351
128 46 64 128 0.0382552
129 46 64 128 0.0347284
130 46 64 128 0.0288712
131 46 64 128 0.0689677
132 46 64 128 0.0399943
133 46 64 128 0.0620071
134 46 64 128 0.0367073
135 46 64 128 0.0421046
136 46 64 128 0.0165993
122 47 64 128 0.0156221
123 47 64 128 0.0673263
124 47 64 128 0.0584869
125 47 64 128 0.060969
126 47 64 128 0.0434911
127 47 64 128 0.0984483
128 47 64 128 0.0252177
129 47 64 128 0.0205275
130 47 64 128 0.0162055
131 47 64 128 0.0410864
132 47 64 128 0.0237054
133 47 64 128 0.0328609
134 47 64 128 0.0195477
135 47 64 128 0.0249132
136 47 64 128 0.0138796
169 47 64 128 0.0115573
121 48 64 128 0.0136699
122 48 64 128 0.0239001
123 48 64 128 0.0849888
124 48 64 128 0.0785496
125 48 64 128 0.0810392
126 48 64 128 0.0527977
127 48 64 128 0.113931
128 48 64 128 0.0325379
129 48 64 128 0.028254
130 48 64 128 0.0214549
131 48 64 128 0.0615394
132 48 64 128 0.0373825
133 48 64 128 0.0482281
134 48 64 128 0.0259112
135 48 64 128 0.0294368
136 48 64 128 0.0172944
168 48 64 128 0.0196335
169 48 64 128 0.0492956
115 49 64 128 0.0136331
116 49 64 128 0.0111619
117 49 64 128 0.0114583
119 49 64 128 0.0123523
121 49 64 128 0.021353
122 49 64 128 0.0277257
123 49 64 128 0.09718
124 49 64 128 0.0815725
125 49 64 128 0.0721995
126 49 64 128 0.0457576
127 49 64 128 0.103298
128 49 64 128 0.0248494
129 49 64 128 0.0196707
130 49 64 128 0.0137572
131 49 64 128 0.039303
132 49 64 128 0.0251535
133 49 64 128 0.0359949
134 49 64 128 0.0181418
135 49 64 128 0.0210819
167 49 64 128 0.0252935
168 49 64 128 0.0944118
169 49 64 128 0.206568
170 49 64 128 0.0350877
121 50 64 128 0.0148215
122 50 64 128 0.0200663
123 50 64 128 0.0781977
124 50 64 128 0.0604564
125 50 64 128 0.0605728
126 50 64 128 0.0369737
127 50 64 128 0.076504
128 50 64 128 0.0225529
129 50 64 128 0.0176762
130 50 64 128 0.0127169
131 50 64 128 0.0338984
132 50 64 128 0.0268028
133 50 64 128 0.0343539
134 50 64 128 0.0215077
135 50 64 128 0.0231586
136 50 64 128 0.0109337
167 50 64 128 0.0294256
168 50 64 128 0.0903173
169 50 64 128 0.198822
170 50 64 128 0.037772
122 51 64 128 0.0121861
123 51 64 128 0.0442222
124 51 64 128 0.0389451
125 51 64 128 0.035751
126 51 64 128 0.0236664
127 51 64 128 0.0417014
128 51 64 128 0.0115215
131 51 64 128 0.0182433
132 51 64 128 0.0124374
133 51 64 128 0.0173828
135 51 64 128 0.0129097
167 51 64 128 0.0462918
168 51 64 128 0.128548
169 51 64 128 0.192666
170 51 64 128 0.0568657
123 52 64 128 0.0346307
124 52 64 128 0.0294307
125 52 64 128 0.0347389
126 52 64 128 0.0222819
127 52 64 128 0.0494507
128 52 64 128 0.0194232
129 52 64 128 0.0148683
130 52 64 128 0.0116777
131 52 64 128 0.0323728
132 52 64 128 0.0259276
133 52 64 128 0.0305246
134 52 64 128 0.0173089
135 52 64 128 0.0188257
136 52 64 128 0.0120021
167 52 64 128 0.0126244
168 52 64 128 0.0298262
169 52 64 128 0.0449848
170 52 64 128 0.0106964
122 53 64 128 0.0122333
123 53 64 128 0.0428853
124 53 64 128 0.0437272
125 53 64 128 0.0401215
126 53 64 128 0.0293187
127 53 64 128 0.05744
128 53 64 128 0.0230772
129 53 64 128 0.0186204
130 53 64 128 0.0136407
131 53 64 128 0.0404738
132 53 64 128 0.0257469
133 53 64 128 0.0410038
134 53 64 128 0.020946
135 53 64 128 0.0255829
168 53 64 128 0.0208769
169 53 64 128 0.0282792
123 54 64 128 0.0211249
124 54 64 128 0.0220106
125 54 64 128 0.0261951
126 54 64 128 0.0206716
127 54 64 128 0.0472885
128 54 64 128 0.0249353
129 54 64 128 0.0228284
130 54 64 128 0.0171713
131 54 64 128 0.0455961
132 54 64 128 0.0396235
133 54 64 128 0.0600715
134 54 64 128 0.0319424
135 54 64 128 0.0340199
136 54 64 128 0.0184219
137 54 64 128 0.0148798
123 55 64 128 0.0126295
124 55 64 128 0.0152572
125 55 64 128 0.0154835
126 55 64 128 0.0131153
127 55 64 128 0.0276602
128 55 64 128 0.0138141
129 55 64 128 0.0141255
130 55 64 128 0.0125543
131 55 64 128 0.0285338
132 55 64 128 0.0196636
133 55 64 128 0.0261193
134 55 64 128 0.0138759
135 55 64 128 0.0131139
127 56 64 128 0.0218637
128 56 64 128 0.0151856
129 56 64 128 0.014744
130 56 64 128 0.014142
131 56 64 128 0.0342452
132 56 64 128 0.0358468
133 56 64 128 0.0415048
134 56 64 128 0.0213374
135 56 64 128 0.0149046
127 57 64 128 0.018845
128 57 64 128 0.0147066
129 57 64 128 0.0149335
130 57 64 128 0.01607
131 57 64 128 0.0481977
132 57 64 128 0.0407646
133 57 64 128 0.0427754
134 57 64 128 0.0204895
135 57 64 128 0.0124093
127 58 64 128 0.0141445
128 58 64 128 0.0137376
129 58 64 128 0.0147574
130 58 64 128 0.0168627
131 58 64 128 0.0399593
132 58 64 128 0.0416488
133 58 64 128 0.0458214
134 58 64 128 0.022575
135 58 64 128 0.0122858
127 59 64 128 0.0137525
128 59 64 128 0.0139515
129 59 64 128 0.0120685
130 59 64 128 0.0117428
131 59 64 128 0.0244143
132 59 64 128 0.0217748
133 59 64 128 0.0214698
134 59 64 128 0.010666
127 60 64 128 0.0183892
128 60 64 128 0.019457
129 60 64 128 0.0138773
130 60 64 128 0.016619
131 60 64 128 0.0288087
132 60 64 128 0.0368846
133 60 64 128 0.0287561
134 60 64 128 0.0142357
127 61 64 128 0.0184245
128 61 64 128 0.0197431
129 61 64 128 0.0127846
130 61 64 128 0.0131644
131 61 64 128 0.0229395
132 61 64 128 0.0243244
133 61 64 128 0.0174097
127 62 64 128 0.01386
128 62 64 128 0.0154884
130 62 64 128 0.0128074
131 62 64 128 0.0212049
132 62 64 128 0.0248074
133 62 64 128 0.0184944
128 63 64 128 0.0129666
131 63 64 128 0.0121694
132 63 64 128 0.0135479
127 64 64 128 0.0164179
128 64 64 128 0.0210142
129 64 64 128 0.012094
130 64 64 128 0.0163869
131 64 64 128 0.0210701
132 64 64 128 0.0271375
133 64 64 128 0.0154256
127 65 64 128 0.0166769
128 65 64 128 0.0215523
129 65 64 128 0.0126775
130 65 64 128 0.0187122
131 65 64 128 0.0195984
132 65 64 128 0.0223411
133 65 64 128 0.0121789
127 66 64 128 0.0165516
128 66 64 128 0.0195494
129 66 64 128 0.0120692
130 66 64 128 0.0167257
131 66 64 128 0.0184058
132 66 64 128 0.0204008
133 66 64 128 0.0111443
128 67 64 128 0.0115361
128 72 64 128 0.0143501
130 72 64 128 0.0105037
131 72 64 128 0.0129089
132 72 64 128 0.017094
133 72 64 128 0.0112623
134 72 64 128 0.0105093
127 73 64 128 0.0119993
128 73 64 128 0.0220523
129 73 64 128 0.0123942
130 73 64 128 0.0210869
131 73 64 128 0.020287
132 73 64 128 0.0263719
133 73 64 128 0.016132
134 73 64 128 0.0172437
5 74 64 128 0.0114728
6 74 64 128 0.0156539
127 74 64 128 0.0197191
128 74 64 128 0.0365702
129 74 64 128 0.0235398
130 74 64 128 0.0317261
131 74 64 128 0.033803
132 74 64 128 0.0367134
133 74 64 128 0.0244488
134 74 64 128 0.0240846
4 75 64 128 0.0130052
5 75 64 128 0.0248664
6 75 64 128 0.0276565
7 75 64 128 0.0109938
127 75 64 128 0.0165379
128 75 64 128 0.0325432
129 75 64 128 0.0187647
130 75 64 128 0.0309085
131 75 64 128 0.0275266
132 75 64 128 0.0317471
133 75 64 128 0.019977
134 75 64 128 0.0224205
4 76 64 128 0.0122328
5 76 64 128 0.0311006
6 76 64 128 0.0339562
7 76 64 128 0.0125264
107 76 64 128 0.0109415
108 76 64 128 0.0163789
109 76 64 128 0.0134
126 76 64 128 0.0102147
127 76 64 128 0.0207718
128 76 64 128 0.0416531
129 76 64 128 0.0276072
130 76 64 128 0.0376852
131 76 64 128 0.0345062
132 76 64 128 0.0358914
133 76 64 128 0.0243556
134 76 64 128 0.0245126
4 77 64 128 0.0123204
5 77 64 128 0.0364696
6 77 64 128 0.0336884
7 77 64 128 0.014918
107 77 64 128 0.0233977
108 77 64 128 0.0383832
109 77 64 128 0.0302781
110 77 64 128 0.0170127
127 77 64 128 0.0160702
128 77 64 128 0.0412981
129 77 64 128 0.0257745
130 77 64 128 0.0369264
131 77 64 128 0.0333056
132 77 64 128 0.0338419
133 77 64 128 0.0210757
134 77 64 128 0.0215627
4 78 64 128 0.0107678
5 78 64 128 0.0431507
6 78 64 128 0.0377742
7 78 64 128 0.0186305
106 78 64 128 0.026061
107 78 64 128 0.0618577
108 78 64 128 0.0880703
109 78 64 128 0.0613563
110 78 64 128 0.0286233
111 78 64 128 0.0171792
127 78 64 128 0.0177408
128 78 64 128 0.0480084
129 78 64 128 0.0329546
130 78 64 128 0.0449818
131 78 64 128 0.0395531
132 78 64 128 0.0405549
133 78 64 128 0.0243567
134 78 64 128 0.023889
4 79 64 128 0.0140002
5 79 64 128 0.0528598
6 79 64 128 0.0461606
7 79 64 128 0.0294577
8 79 64 128 0.0166157
92 79 64 128 0.0138358
93 79 64 128 0.025012
94 79 64 128 0.0326492
95 79 64 128 0.0310846
96 79 64 128 0.0308796
97 79 64 128 0.014086
105 79 64 128 0.0122595
106 79 64 128 0.0367625
107 79 64 128 0.0859302
108 79 64 128 0.125611
109 79 64 128 0.0734634
110 79 64 128 0.0375935
111 79 64 128 0.0198192
127 79 64 128 0.0131349
128 79 64 128 0.0393753
129 79 64 128 0.0277903
130 79 64 128 0.0418037
131 79 64 128 0.0379949
132 79 64 128 0.0391684
133 79 64 128 0.0217184
134 79 64 128 0.0230556
5 80 64 128 0.0645164
6 80 64 128 0.0562539
7 80 64 128 0.0372005
8 80 64 128 0.0169392
91 80 64 128 0.0189815
92 80 64 128 0.0279594
93 80 64 128 0.0720227
94 80 64 128 0.0994466
95 80 64 128 0.126348
96 80 64 128 0.133849
97 80 64 128 0.0908093
98 80 64 128 0.0336617
99 80 64 128 0.0184055
100 80 64 128 0.0146306
101 80 64 128 0.0109003
104 80 64 128 0.0129031
105 80 64 128 0.02198
106 80 64 128 0.0558738
107 80 64 128 0.107915
108 80 64 128 0.131414
109 80 64 128 0.0770026
110 80 64 128 0.0277245
111 80 64 128 0.0155435
127 80 64 128 0.0132025
128 80 64 128 0.0429409
129 80 64 128 0.0345744
130 80 64 128 0.0519715
131 80 64 128 0.0465388
132 80 64 128 0.0465345
133 80 64 128 0.028256
134 80 64 128 0.0267932
4 81 64 128 0.0106624
5 81 64 128 0.0537035
6 81 64 128 0.0500279
7 81 64 128 0.0324962
8 81 64 128 0.0153808
83 81 64 128 0.0106331
84 81 64 128 0.0148609
85 81 64 128 0.0271714
86 81 64 128 0.0136952
87 81 64 128 0.0124694
89 81 64 128 0.0146747
90 81 64 128 0.0183255
91 81 64 128 0.046115
92 81 64 128 0.0549977
93 81 64 128 0.1119
94 81 64 128 0.160111
95 81 64 128 0.19032
96 81 64 128 0.189001
97 81 64 128 0.124887
98 81 64 128 0.0445028
99 81 64 128 0.0262208
100 81 64 128 0.0218591
101 81 64 128 0.0118755
104 81 64 128 0.0149622
105 81 64 128 0.0221711
106 81 64 128 0.0551218
107 81 64 128 0.0920103
108 81 64 128 0.113595
109 81 64 128 0.06292
110 81 64 128 0.0227878
111 81 64 128 0.0109556
127 81 64 128 0.0103903
128 81 64 128 0.0373313
129 81 64 128 0.0278639
130 81 64 128 0.0422344
131 81 64 128 0.0370141
132 81 64 128 0.0382624
133 81 64 128 0.0225135
134 81 64 128 0.0213333
5 82 64 128 0.0373746
6 82 64 128 0.0327588
7 82 64 128 0.0179966
81 82 64 128 0.010494
82 82 64 128 0.0124471
83 82 64 128 0.0220449
84 82 64 128 0.0263383
85 82 64 128 0.0332362
86 82 64 128 0.0152952
87 82 64 128 0.0145017
88 82 64 128 0.0124048
89 82 64 128 0.0162205
90 82 64 128 0.0220292
91 82 64 128 0.053434
92 82 64 128 0.0919261
93 82 64 128 0.204299
94 82 64 128 0.294076
95 82 64 128 0.38598
96 82 64 128 0.446007
97 82 64 128 0.360445
98 82 64 128 0.156056
99 82 64 128 0.112009
100 82 64 128 0.0712843
101 82 64 128 0.0390786
102 82 64 128 0.014033
103 82 64 128 0.0122561
104 82 64 128 0.0242833
105 82 64 128 0.034592
106 82 64 128 0.0603467
107 82 64 128 0.0986554
108 82 64 128 0.117855
109 82 64 128 0.0715045
110 82 64 128 0.0208503
111 82 64 128 0.0105694
128 82 64 128 0.0297864
129 82 64 128 0.0230997
130 82 64 128 0.0314581
131 82 64 128 0.0275799
132 82 64 128 0.0284953
133 82 64 128 0.0176415
134 82 64 128 0.0166677
5 83 64 128 0.0401517
6 83 64 128 0.0293414
7 83 64 128 0.0164506
81 83 64 128 0.025392
82 83 64 128 0.0345556
83 83 64 128 0.0485161
84 83 64 128 0.0686616
85 83 64 128 0.0717088
86 83 64 128 0.0333943
87 83 64 128 0.0256544
88 83 64 128 0.0208452
89 83 64 128 0.0167981
90 83 64 128 0.0258104
91 83 64 128 0.0706384
92 83 64 128 0.121445
93 83 64 128 0.210534
94 83 64 128 0.299796
95 83 64 128 0.365861
96 83 64 128 0.45157
97 83 64 128 0.337463
98 83 64 128 0.179811
99 83 64 128 0.105915
100 83 64 128 0.0711257
101 83 64 128 0.0305686
102 83 64 128 0.0120412
104 83 64 128 0.0177677
105 83 64 128 0.0178104
106 83 64 128 0.0324732
107 83 64 128 0.0597419
108 83 64 128 0.0735438
109 83 64 128 0.0406239
110 83 64 128 0.0130557
128 83 64 128 0.0205115
129 83 64 128 0.015247
130 83 64 128 0.0220409
131 83 64 128 0.0185945
132 83 64 128 0.0212174
133 83 64 128 0.0131956
134 83 64 128 0.013038
5 84 64 128 0.0225482
6 84 64 128 0.0187915
7 84 64 128 0.0146584
81 84 64 128 0.044322
82 84 64 128 0.070487
83 84 64 128 0.122922
84 84 64 128 0.0999032
85 84 64 128 0.0965192
86 84 64 128 0.0460911
87 84 64 128 0.0308557
88 84 64 128 0.0168565
89 84 64 128 0.0165565
90 84 64 128 0.0253039
91 84 64 128 0.0643788
92 84 64 128 0.10621
93 84 64 128 0.218412
94 84 64 128 0.324962
95 84 64 128 0.480193
96 84 64 128 0.54728
97 84 64 128 0.497385
98 84 64 128 0.318731
99 84 64 128 0.224595
100 84 64 128 0.115432
101 84 64 128 0.0546185
102 84 64 128 0.0170904
103 84 64 128 0.0115914
104 84 64 128 0.0143518
105 84 64 128 0.0126763
106 84 64 128 0.0200387
107 84 64 128 0.0321201
108 84 64 128 0.0385793
109 84 64 128 0.0209564
128 84 64 128 0.0194559
129 84 64 128 0.0138125
130 84 64 128 0.019378
131 84 64 128 0.0160594
132 84 64 128 0.0181784
133 84 64 128 0.0110985
134 84 64 128 0.0112399
5 85 64 128 0.0153186
6 85 64 128 0.0150897
7 85 64 128 0.0106247
81 85 64 128 0.0751628
82 85 64 128 0.108624
83 85 64 128 0.142122
84 85 64 128 0.126165
85 85 64 128 0.12324
86 85 64 128 0.0519698
87 85 64 128 0.0252927
88 85 64 128 0.0127037
89 85 64 128 0.0111798
90 85 64 128 0.015808
91 85 64 128 0.0367829
92 85 64 128 0.0533776
93 85 64 128 0.143119
94 85 64 128 0.26009
95 85 64 128 0.369204
96 85 64 128 0.416169
97 85 64 128 0.369449
98 85 64 128 0.185295
99 85 64 128 0.111769
100 85 64 128 0.062755
101 85 64 128 0.0259334
107 85 64 128 0.0109013
108 85 64 128 0.0152533
128 85 64 128 0.0163689
129 85 64 128 0.0114262
130 85 64 128 0.0171959
131 85 64 128 0.0126856
132 85 64 128 0.0136752
81 86 64 128 0.0423956
82 86 64 128 0.0564725
83 86 64 128 0.0763397
84 86 64 128 0.0502355
85 86 64 128 0.0547414
86 86 64 128 0.0205653
92 86 64 128 0.0193401
93 86 64 128 0.0598907
94 86 64 128 0.159325
95 86 64 128 0.33196
96 86 64 128 0.401049
97 86 64 128 0.347382
98 86 64 128 0.165989
99 86 64 128 0.108794
100 86 64 128 0.0534584
101 86 64 128 0.0212257
128 86 64 128 0.0142964
130 86 64 128 0.01156
132 86 64 128 0.0101995
81 87 64 128 0.0224748
82 87 64 128 0.0263822
83 87 64 128 0.0359555
84 87 64 128 0.0288087
85 87 64 128 0.0258487
93 87 64 128 0.0132885
94 87 64 128 0.0376336
95 87 64 128 0.0918839
96 87 64 128 0.103172
97 87 64 128 0.0751873
98 87 64 128 0.0342942
99 87 64 128 0.017906
128 87 64 128 0.0120617
82 88 64 128 0.0100725
83 88 64 128 0.0146544
95 88 64 128 0.0316242
96 88 64 128 0.0368497
97 88 64 128 0.0302807
98 88 64 128 0.0125736
128 88 64 128 0.0118369
128 89 64 128 0.0116776
128 90 64 128 0.0118871
128 91 64 128 0.0110041
128 92 64 128 0.0122905
128 93 64 128 0.0123382
128 94 64 128 0.0121379
128 95 64 128 0.0112187
128 96 64 128 0.0137034
128 97 64 128 0.0168746
128 98 64 128 0.016943
128 99 64 128 0.016135
128 100 64 128 0.0177242
128 101 64 128 0.0243684
128 102 64 128 0.0261907
129 102 64 128 0.0111558
128 103 64 128 0.0314477
129 103 64 128 0.0141763
130 103 64 128 0.012359
128 104 64 128 0.0333302
129 104 64 128 0.0146956
130 104 64 128 0.0130441
127 105 64 128 0.0126172
128 105 64 128 0.0456985
129 105 64 128 0.0209713
130 105 64 128 0.0191736
148 105 64 128 0.01285
149 105 64 128 0.0103808
127 106 64 128 0.0147383
128 106 64 128 0.0492939
129 106 64 128 0.024433
130 106 64 128 0.0223779
134 106 64 128 0.0120825
148 106 64 128 0.0216516
149 106 64 128 0.0219703
126 107 64 128 0.0110688
127 107 64 128 0.0234401
128 107 64 128 0.0818156
129 107 64 128 0.0381727
130 107 64 128 0.0320466
131 107 64 128 0.012977
132 107 64 128 0.012209
133 107 64 128 0.0106103
134 107 64 128 0.0141684
148 107 64 128 0.0256468
149 107 64 128 0.0268788
96 108 64 128 0.0111602
126 108 64 128 0.0137371
127 108 64 128 0.029646
128 108 64 128 0.100308
129 108 64 128 0.0500131
130 108 64 128 0.0447803
131 108 64 128 0.0176572
132 108 64 128 0.0164987
133 108 64 128 0.0149831
134 108 64 128 0.0185995
148 108 64 128 0.0283161
149 108 64 128 0.0326119
150 108 64 128 0.0112689
96 109 64 128 0.013055
97 109 64 128 0.0135095
126 109 64 128 0.0182056
127 109 64 128 0.0350268
128 109 64 128 0.125296
129 109 64 128 0.0653353
130 109 64 128 0.0547916
131 109 64 128 0.0208009
132 109 64 128 0.0197723
133 109 64 128 0.0171096
134 109 64 128 0.0207507
148 109 64 128 0.0269717
149 109 64 128 0.0358375
150 109 64 128 0.0155218
221 109 64 128 0.0202652
95 110 64 128 0.0109578
96 110 64 128 0.0316694
97 110 64 128 0.0413763
98 110 64 128 0.0276205
126 110 64 128 0.022177
127 110 64 128 0.0446454
128 110 64 128 0.162262
129 110 64 128 0.0833577
130 110 64 128 0.0693681
131 110 64 128 0.0282457
132 110 64 128 0.0263464
133 110 64 128 0.0240179
134 110 64 128 0.0307192
135 110 64 128 0.0119257
148 110 64 128 0.0327382
149 110 64 128 0.0427059
150 110 64 128 0.0222041
220 110 64 128 0.0240158
221 110 64 128 0.0429803
222 110 64 128 0.0169263
95 111 64 128 0.0156705
96 111 64 128 0.0402743
97 111 64 128 0.0593415
98 111 64 128 0.0384616
99 111 64 128 0.0108423
126 111 64 128 0.0190956
127 111 64 128 0.0347093
128 111 64 128 0.12153
129 111 64 128 0.0659527
130 111 64 128 0.0579423
131 111 64 128 0.0220737
132 111 64 128 0.0210081
133 111 64 128 0.0191251
134 111 64 128 0.0226966
148 111 64 128 0.0259553
149 111 64 128 0.0355095
150 111 64 128 0.0201774
218 111 64 128 0.0247433
219 111 64 128 0.039285
220 111 64 128 0.0694997
221 111 64 128 0.175888
222 111 64 128 0.0625233
