88 0 64 128 0.0109152
89 0 64 128 0.0223799
90 0 64 128 0.0410951
91 0 64 128 0.0721106
92 0 64 128 0.108326
93 0 64 128 0.158527
94 0 64 128 0.204105
95 0 64 128 0.238482
96 0 64 128 0.265112
97 0 64 128 0.276116
98 0 64 128 0.251153
99 0 64 128 0.208626
100 0 64 128 0.177945
101 0 64 128 0.135679
102 0 64 128 0.104569
103 0 64 128 0.0732698
104 0 64 128 0.0546283
105 0 64 128 0.0393868
106 0 64 128 0.0276564
107 0 64 128 0.0188646
108 0 64 128 0.0123599
89 1 64 128 0.0150966
90 1 64 128 0.0280712
91 1 64 128 0.0517903
92 1 64 128 0.0808419
93 1 64 128 0.125502
94 1 64 128 0.171345
95 1 64 128 0.208187
96 1 64 128 0.238926
97 1 64 128 0.257875
98 1 64 128 0.235453
99 1 64 128 0.204347
100 1 64 128 0.174362
101 1 64 128 0.129653
102 1 64 128 0.0978157
103 1 64 128 0.068941
104 1 64 128 0.0499505
105 1 64 128 0.0354031
106 1 64 128 0.0256667
107 1 64 128 0.0171957
108 1 64 128 0.0106295
89 2 64 128 0.0101144
90 2 64 128 0.0185836
91 2 64 128 0.0352471
92 2 64 128 0.0572994
93 2 64 128 0.0908084
94 2 64 128 0.128794
95 2 64 128 0.166329
96 2 64 128 0.19638
97 2 64 128 0.221373
98 2 64 128 0.209974
99 2 64 128 0.187448
100 2 64 128 0.162317
101 2 64 128 0.124936
102 2 64 128 0.0979157
103 2 64 128 0.0689141
104 2 64 128 0.0507325
105 2 64 128 0.0347135
106 2 64 128 0.0238498
107 2 64 128 0.0160581
108 2 64 128 0.010544
90 3 64 128 0.012935
91 3 64 128 0.0240264
92 3 64 128 0.0405252
93 3 64 128 0.0631203
94 3 64 128 0.0937422
95 3 64 128 0.129178
96 3 64 128 0.160843
97 3 64 128 0.180894
98 3 64 128 0.174238
99 3 64 128 0.161516
100 3 64 128 0.141544
101 3 64 128 0.107526
102 3 64 128 0.0825988
103 3 64 128 0.0546476
104 3 64 128 0.040109
105 3 64 128 0.0281292
106 3 64 128 0.0196074
107 3 64 128 0.0131749
91 4 64 128 0.0154543
92 4 64 128 0.0263941
93 4 64 128 0.0432915
94 4 64 128 0.0638644
95 4 64 128 0.0888257
96 4 64 128 0.120995
97 4 64 128 0.142177
98 4 64 128 0.143482
99 4 64 128 0.135742
100 4 64 128 0.116734
101 4 64 128 0.090617
102 4 64 128 0.0711429
103 4 64 128 0.0472187
104 4 64 128 0.0360555
105 4 64 128 0.0252882
106 4 64 128 0.0182457
107 4 64 128 0.0123788
91 5 64 128 0.0102466
92 5 64 128 0.0164938
93 5 64 128 0.0284841
94 5 64 128 0.0420895
95 5 64 128 0.0607334
96 5 64 128 0.0866452
97 5 64 128 0.105648
98 5 64 128 0.104909
99 5 64 128 0.102196
100 5 64 128 0.0908946
101 5 64 128 0.0692152
102 5 64 128 0.0546716
103 5 64 128 0.0361062
104 5 64 128 0.028243
105 5 64 128 0.02066
106 5 64 128 0.0151657
107 5 64 128 0.0101409
135 5 64 128 0.0101099
136 5 64 128 0.0123866
137 5 64 128 0.0154154
138 5 64 128 0.0160099
139 5 64 128 0.0144005
140 5 64 128 0.0116888
92 6 64 128 0.0100925
93 6 64 128 0.017352
94 6 64 128 0.0258457
95 6 64 128 0.038636
96 6 64 128 0.0563348
97 6 64 128 0.073084
98 6 64 128 0.0721535
99 6 64 128 0.0733031
100 6 64 128 0.0655564
101 6 64 128 0.0534281
102 6 64 128 0.0439635
103 6 64 128 0.0296578
104 6 64 128 0.0233701
105 6 64 128 0.0183937
106 6 64 128 0.0143109
134 6 64 128 0.0106632
135 6 64 128 0.0144098
136 6 64 128 0.0179072
137 6 64 128 0.0239878
138 6 64 128 0.0276799
139 6 64 128 0.0247225
140 6 64 128 0.0183344
141 6 64 128 0.0114005
93 7 64 128 0.0102712
94 7 64 128 0.0162487
95 7 64 128 0.0234819
96 7 64 128 0.0370201
97 7 64 128 0.0457175
98 7 64 128 0.0473478
99 7 64 128 0.0469144
100 7 64 128 0.0438132
101 7 64 128 0.0350121
102 7 64 128 0.0294138
103 7 64 128 0.020352
104 7 64 128 0.0170929
105 7 64 128 0.0134512
106 7 64 128 0.0108792
134 7 64 128 0.0174806
135 7 64 128 0.02404
136 7 64 128 0.0312886
137 7 64 128 0.0382743
138 7 64 128 0.0494271
139 7 64 128 0.0394753
140 7 64 128 0.0280368
141 7 64 128 0.016532
142 7 64 128 0.0106877
95 8 64 128 0.013603
96 8 64 128 0.0201379
97 8 64 128 0.0268646
98 8 64 128 0.0273485
99 8 64 128 0.0275089
100 8 64 128 0.0257656
101 8 64 128 0.0220676
102 8 64 128 0.0183098
103 8 64 128 0.0136798
104 8 64 128 0.0118987
133 8 64 128 0.0142899
134 8 64 128 0.0252616
135 8 64 128 0.035497
136 8 64 128 0.0455889
137 8 64 128 0.0559544
138 8 64 128 0.0678755
139 8 64 128 0.0571497
140 8 64 128 0.0420622
141 8 64 128 0.0240293
142 8 64 128 0.0129001
97 9 64 128 0.012971
98 9 64 128 0.0141913
99 9 64 128 0.0145621
100 9 64 128 0.014098
101 9 64 128 0.0120909
102 9 64 128 0.0110158
133 9 64 128 0.0174617
134 9 64 128 0.0324452
135 9 64 128 0.0487564
136 9 64 128 0.0611005
137 9 64 128 0.0818064
138 9 64 128 0.0986848
139 9 64 128 0.0823164
140 9 64 128 0.0561202
141 9 64 128 0.0326688
142 9 64 128 0.0158286
133 10 64 128 0.0192528
134 10 64 128 0.0350523
135 10 64 128 0.0523463
136 10 64 128 0.0673289
137 10 64 128 0.0939286
138 10 64 128 0.109648
139 10 64 128 0.0970634
140 10 64 128 0.0621425
141 10 64 128 0.0349225
142 10 64 128 0.0170722
133 11 64 128 0.0161622
134 11 64 128 0.0315287
135 11 64 128 0.0458157
136 11 64 128 0.0597676
137 11 64 128 0.0850976
138 11 64 128 0.103551
139 11 64 128 0.0853292
140 11 64 128 0.0534703
141 11 64 128 0.0315124
142 11 64 128 0.0152365
133 12 64 128 0.0122742
134 12 64 128 0.0216426
135 12 64 128 0.0319837
136 12 64 128 0.0398295
137 12 64 128 0.0577447
138 12 64 128 0.0644065
139 12 64 128 0.0551386
140 12 64 128 0.0339659
141 12 64 128 0.0197938
134 13 64 128 0.0125506
135 13 64 128 0.0181748
136 13 64 128 0.0205063
137 13 64 128 0.0281611
138 13 64 128 0.0327688
139 13 64 128 0.0277165
140 13 64 128 0.0169421
141 13 64 128 0.010415
138 14 64 128 0.0111144
