114 0 85 170 0.0180387
115 0 85 170 0.0428705
116 0 85 170 0.0665805
117 0 85 170 0.0817663
118 0 85 170 0.0682573
119 0 85 170 0.0422931
120 0 85 170 0.0338923
121 0 85 170 0.0263606
122 0 85 170 0.0195796
123 0 85 170 0.0149031
115 1 85 170 0.0264723
116 1 85 170 0.0474402
117 1 85 170 0.0503587
118 1 85 170 0.0392039
119 1 85 170 0.0263669
120 1 85 170 0.0187337
121 1 85 170 0.0149218
122 1 85 170 0.0110337
116 2 85 170 0.0202722
117 2 85 170 0.0184941
118 2 85 170 0.0135553
119 2 85 170 0.0105957
117 3 85 170 0.0101749
55 0 64 128 0.0133164
56 0 64 128 0.0262591
57 0 64 128 0.0413213
58 0 64 128 0.0617402
59 0 64 128 0.0475725
60 0 64 128 0.0280535
61 0 64 128 0.0141455
73 0 64 128 0.0119078
74 0 64 128 0.0246243
75 0 64 128 0.0294456
76 0 64 128 0.0215651
77 0 64 128 0.0108915
82 0 64 128 0.0101513
137 0 64 128 0.0111012
138 0 64 128 0.0174201
139 0 64 128 0.0445631
140 0 64 128 0.103653
141 0 64 128 0.189996
142 0 64 128 0.266321
143 0 64 128 0.312082
144 0 64 128 0.29495
145 0 64 128 0.199086
146 0 64 128 0.0908634
147 0 64 128 0.055811
148 0 64 128 0.0370091
149 0 64 128 0.0285442
150 0 64 128 0.0218255
151 0 64 128 0.0178296
152 0 64 128 0.0152625
153 0 64 128 0.0114287
180 0 64 128 0.0131015
181 0 64 128 0.0266348
182 0 64 128 0.0454642
183 0 64 128 0.0418337
184 0 64 128 0.0252575
185 0 64 128 0.0169948
186 0 64 128 0.0100378
55 1 64 128 0.0159193
56 1 64 128 0.029641
57 1 64 128 0.0419968
58 1 64 128 0.0666803
59 1 64 128 0.0753519
60 1 64 128 0.0435057
61 1 64 128 0.0265202
73 1 64 128 0.0164181
74 1 64 128 0.0321126
75 1 64 128 0.0398975
76 1 64 128 0.0343904
77 1 64 128 0.0165771
78 1 64 128 0.0104702
82 1 64 128 0.0132248
83 1 64 128 0.0102793
137 1 64 128 0.0136492
138 1 64 128 0.0207803
139 1 64 128 0.053348
140 1 64 128 0.119876
141 1 64 128 0.222716
142 1 64 128 0.277943
143 1 64 128 0.324019
144 1 64 128 0.275149
145 1 64 128 0.175934
146 1 64 128 0.0811929
147 1 64 128 0.0454273
148 1 64 128 0.0275266
149 1 64 128 0.0212884
150 1 64 128 0.014849
151 1 64 128 0.0134012
152 1 64 128 0.0101414
181 1 64 128 0.0165088
182 1 64 128 0.0304012
183 1 64 128 0.0301062
184 1 64 128 0.0187825
185 1 64 128 0.0132971
42 2 64 128 0.011505
43 2 64 128 0.0101224
52 2 64 128 0.0104788
53 2 64 128 0.0159779
54 2 64 128 0.021709
55 2 64 128 0.0329688
56 2 64 128 0.0753708
57 2 64 128 0.115047
58 2 64 128 0.153127
59 2 64 128 0.184072
60 2 64 128 0.128868
61 2 64 128 0.0726706
62 2 64 128 0.023144
63 2 64 128 0.0124113
73 2 64 128 0.0178749
74 2 64 128 0.0287335
75 2 64 128 0.0347099
76 2 64 128 0.0355676
77 2 64 128 0.0182217
78 2 64 128 0.011281
82 2 64 128 0.0151565
83 2 64 128 0.0129949
97 2 64 128 0.0184351
98 2 64 128 0.0233017
99 2 64 128 0.0218064
100 2 64 128 0.0205808
101 2 64 128 0.016527
138 2 64 128 0.0130643
139 2 64 128 0.0346127
140 2 64 128 0.0917604
141 2 64 128 0.158203
142 2 64 128 0.229638
143 2 64 128 0.269921
144 2 64 128 0.259387
145 2 64 128 0.165333
146 2 64 128 0.0742359
147 2 64 128 0.0395667
148 2 64 128 0.0234819
149 2 64 128 0.0146477
182 2 64 128 0.0101062
183 2 64 128 0.0118076
208 2 64 128 0.0110052
209 2 64 128 0.0102308
40 3 64 128 0.0101736
41 3 64 128 0.0101364
42 3 64 128 0.0159775
43 3 64 128 0.0146888
44 3 64 128 0.0167639
45 3 64 128 0.0110726
48 3 64 128 0.0134797
49 3 64 128 0.0182894
50 3 64 128 0.0226783
51 3 64 128 0.0144161
52 3 64 128 0.0182127
53 3 64 128 0.0231125
54 3 64 128 0.034388
55 3 64 128 0.0609763
56 3 64 128 0.130508
57 3 64 128 0.177305
58 3 64 128 0.24388
59 3 64 128 0.295511
60 3 64 128 0.238214
61 3 64 128 0.170011
62 3 64 128 0.0643214
63 3 64 128 0.041259
64 3 64 128 0.0252509
65 3 64 128 0.0260672
66 3 64 128 0.0111567
72 3 64 128 0.0122411
73 3 64 128 0.0195002
74 3 64 128 0.0245809
75 3 64 128 0.022072
76 3 64 128 0.027745
77 3 64 128 0.0134834
78 3 64 128 0.0106279
82 3 64 128 0.014279
83 3 64 128 0.0106806
96 3 64 128 0.0137035
97 3 64 128 0.0303456
98 3 64 128 0.0343356
99 3 64 128 0.0423612
100 3 64 128 0.0348617
101 3 64 128 0.0277404
102 3 64 128 0.0132024
138 3 64 128 0.0121362
139 3 64 128 0.0379116
140 3 64 128 0.0960728
141 3 64 128 0.16468
142 3 64 128 0.211508
143 3 64 128 0.2548
144 3 64 128 0.206715
145 3 64 128 0.128073
146 3 64 128 0.0481699
147 3 64 128 0.0261837
148 3 64 128 0.0135371
13 4 64 128 0.0111911
14 4 64 128 0.0117539
36 4 64 128 0.0111501
37 4 64 128 0.0123933
38 4 64 128 0.017691
39 4 64 128 0.0163719
40 4 64 128 0.0194928
41 4 64 128 0.0256749
42 4 64 128 0.0426498
43 4 64 128 0.0421774
44 4 64 128 0.0398461
45 4 64 128 0.0343123
46 4 64 128 0.0363919
47 4 64 128 0.0422203
48 4 64 128 0.0561862
49 4 64 128 0.0719678
50 4 64 128 0.0682226
51 4 64 128 0.0466626
52 4 64 128 0.0430007
53 4 64 128 0.0506486
54 4 64 128 0.0735536
55 4 64 128 0.11119
56 4 64 128 0.206355
57 4 64 128 0.262319
58 4 64 128 0.350649
59 4 64 128 0.411218
60 4 64 128 0.33247
61 4 64 128 0.248261
62 4 64 128 0.125199
63 4 64 128 0.0877255
64 4 64 128 0.07201
65 4 64 128 0.0610389
66 4 64 128 0.0264914
67 4 64 128 0.0101238
72 4 64 128 0.0117865
73 4 64 128 0.018595
74 4 64 128 0.0275242
75 4 64 128 0.0230157
76 4 64 128 0.0241227
77 4 64 128 0.0136397
78 4 64 128 0.0137853
80 4 64 128 0.0119132
81 4 64 128 0.0148085
82 4 64 128 0.0253033
83 4 64 128 0.0202147
84 4 64 128 0.0141938
85 4 64 128 0.0113991
86 4 64 128 0.0155306
87 4 64 128 0.0153004
88 4 64 128 0.0122824
89 4 64 128 0.010599
90 4 64 128 0.0119921
94 4 64 128 0.0152208
95 4 64 128 0.0231127
96 4 64 128 0.0299613
97 4 64 128 0.0650854
98 4 64 128 0.073075
99 4 64 128 0.0772106
100 4 64 128 0.0707685
101 4 64 128 0.0621911
102 4 64 128 0.0292496
103 4 64 128 0.0118192
139 4 64 128 0.0142024
140 4 64 128 0.0384732
141 4 64 128 0.0628096
142 4 64 128 0.0875975
143 4 64 128 0.113746
144 4 64 128 0.104856
145 4 64 128 0.0647248
146 4 64 128 0.0237381
147 4 64 128 0.0126773
12 5 64 128 0.0105675
13 5 64 128 0.0147669
14 5 64 128 0.0142568
15 5 64 128 0.0101164
38 5 64 128 0.013606
39 5 64 128 0.0117899
40 5 64 128 0.0193367
41 5 64 128 0.0227989
42 5 64 128 0.0378399
43 5 64 128 0.03998
44 5 64 128 0.0455218
45 5 64 128 0.0379822
46 5 64 128 0.0474447
47 5 64 128 0.0565067
48 5 64 128 0.0809658
49 5 64 128 0.0978352
50 5 64 128 0.0993278
51 5 64 128 0.0664682
52 5 64 128 0.0585172
53 5 64 128 0.0607936
54 5 64 128 0.0804898
55 5 64 128 0.0921725
56 5 64 128 0.158873
57 5 64 128 0.194913
58 5 64 128 0.241528
59 5 64 128 0.328682
60 5 64 128 0.262582
61 5 64 128 0.223614
62 5 64 128 0.120323
63 5 64 128 0.102352
64 5 64 128 0.0609526
65 5 64 128 0.0562979
66 5 64 128 0.0246555
67 5 64 128 0.0124029
72 5 64 128 0.0153425
73 5 64 128 0.0221919
74 5 64 128 0.0238511
75 5 64 128 0.0269728
76 5 64 128 0.0328235
77 5 64 128 0.0198929
78 5 64 128 0.0206726
79 5 64 128 0.0125461
80 5 64 128 0.0162777
81 5 64 128 0.0171622
82 5 64 128 0.0301401
83 5 64 128 0.0229288
84 5 64 128 0.0193441
85 5 64 128 0.0124973
86 5 64 128 0.0191742
87 5 64 128 0.0179565
88 5 64 128 0.0211899
89 5 64 128 0.0133439
90 5 64 128 0.0188084
91 5 64 128 0.0134258
92 5 64 128 0.0117294
93 5 64 128 0.0129469
94 5 64 128 0.0220507
95 5 64 128 0.0390985
96 5 64 128 0.0524753
97 5 64 128 0.0949922
98 5 64 128 0.10547
99 5 64 128 0.125952
100 5 64 128 0.100778
101 5 64 128 0.0714548
102 5 64 128 0.0328743
103 5 64 128 0.0145958
139 5 64 128 0.0116536
140 5 64 128 0.0304307
141 5 64 128 0.0537714
142 5 64 128 0.0694239
143 5 64 128 0.0772143
144 5 64 128 0.0541084
145 5 64 128 0.0331538
146 5 64 128 0.0130452
10 6 64 128 0.0128221
11 6 64 128 0.013446
12 6 64 128 0.0201095
13 6 64 128 0.0249982
14 6 64 128 0.028405
15 6 64 128 0.0173019
16 6 64 128 0.0174872
29 6 64 128 0.0130359
30 6 64 128 0.0149721
31 6 64 128 0.0123102
32 6 64 128 0.0103243
36 6 64 128 0.0119638
37 6 64 128 0.012627
38 6 64 128 0.0194029
39 6 64 128 0.0189546
40 6 64 128 0.0252307
41 6 64 128 0.0340121
42 6 64 128 0.0713848
43 6 64 128 0.0768646
44 6 64 128 0.102375
45 6 64 128 0.0953317
46 6 64 128 0.135647
47 6 64 128 0.146407
48 6 64 128 0.208691
49 6 64 128 0.247354
50 6 64 128 0.229236
51 6 64 128 0.165885
52 6 64 128 0.115128
53 6 64 128 0.116378
54 6 64 128 0.11627
55 6 64 128 0.138384
56 6 64 128 0.20048
57 6 64 128 0.230509
58 6 64 128 0.241408
59 6 64 128 0.330084
60 6 64 128 0.305032
61 6 64 128 0.256043
62 6 64 128 0.144583
63 6 64 128 0.136699
64 6 64 128 0.106588
65 6 64 128 0.0972689
66 6 64 128 0.0404123
67 6 64 128 0.0183003
68 6 64 128 0.0104547
69 6 64 128 0.0110345
71 6 64 128 0.0108488
72 6 64 128 0.0158993
73 6 64 128 0.0243616
74 6 64 128 0.0322282
75 6 64 128 0.0294652
76 6 64 128 0.0388733
77 6 64 128 0.0270712
78 6 64 128 0.0307585
79 6 64 128 0.0217014
80 6 64 128 0.0291523
81 6 64 128 0.030083
82 6 64 128 0.0453435
83 6 64 128 0.0335821
84 6 64 128 0.0259378
85 6 64 128 0.0195858
86 6 64 128 0.0256669
87 6 64 128 0.0317515
88 6 64 128 0.0278112
89 6 64 128 0.0266044
90 6 64 128 0.0283419
91 6 64 128 0.0306604
92 6 64 128 0.0301109
93 6 64 128 0.038902
94 6 64 128 0.0568731
95 6 64 128 0.0926341
96 6 64 128 0.108673
97 6 64 128 0.191456
98 6 64 128 0.210375
99 6 64 128 0.217484
100 6 64 128 0.16379
101 6 64 128 0.126699
102 6 64 128 0.0626347
103 6 64 128 0.0268669
104 6 64 128 0.010352
140 6 64 128 0.012158
141 6 64 128 0.0182434
142 6 64 128 0.0225989
143 6 64 128 0.0262692
144 6 64 128 0.0186331
145 6 64 128 0.0114541
10 7 64 128 0.0183178
11 7 64 128 0.0235893
12 7 64 128 0.02941
13 7 64 128 0.0389301
14 7 64 128 0.0382252
15 7 64 128 0.024206
16 7 64 128 0.0196368
17 7 64 128 0.0101444
29 7 64 128 0.0120301
30 7 64 128 0.0157317
31 7 64 128 0.0149616
32 7 64 128 0.0115572
36 7 64 128 0.0104506
37 7 64 128 0.0114514
38 7 64 128 0.0190169
39 7 64 128 0.0172344
40 7 64 128 0.0234446
41 7 64 128 0.0251126
42 7 64 128 0.0451332
43 7 64 128 0.0568778
44 7 64 128 0.0886742
45 7 64 128 0.111128
46 7 64 128 0.152172
47 7 64 128 0.185529
48 7 64 128 0.276722
49 7 64 128 0.314869
50 7 64 128 0.312327
51 7 64 128 0.237404
52 7 64 128 0.180257
53 7 64 128 0.148969
54 7 64 128 0.152647
55 7 64 128 0.151432
56 7 64 128 0.190425
57 7 64 128 0.181011
58 7 64 128 0.159585
59 7 64 128 0.211294
60 7 64 128 0.187132
61 7 64 128 0.184477
62 7 64 128 0.112336
63 7 64 128 0.101382
64 7 64 128 0.0812139
65 7 64 128 0.0848433
66 7 64 128 0.0426903
67 7 64 128 0.0194
68 7 64 128 0.0133686
69 7 64 128 0.0121998
70 7 64 128 0.0120001
71 7 64 128 0.0128017
72 7 64 128 0.0203111
73 7 64 128 0.0225903
74 7 64 128 0.0280664
75 7 64 128 0.0280144
76 7 64 128 0.0425387
77 7 64 128 0.0306778
78 7 64 128 0.029764
79 7 64 128 0.021058
80 7 64 128 0.0260951
81 7 64 128 0.0237392
82 7 64 128 0.0319848
83 7 64 128 0.0202097
84 7 64 128 0.015017
85 7 64 128 0.010804
86 7 64 128 0.0159315
87 7 64 128 0.0206818
88 7 64 128 0.021409
89 7 64 128 0.0209123
90 7 64 128 0.0368371
91 7 64 128 0.0300245
92 7 64 128 0.035897
93 7 64 128 0.0500938
94 7 64 128 0.0919286
95 7 64 128 0.112784
96 7 64 128 0.144868
97 7 64 128 0.250217
98 7 64 128 0.316572
99 7 64 128 0.339209
100 7 64 128 0.275049
101 7 64 128 0.198376
102 7 64 128 0.107128
103 7 64 128 0.0572415
104 7 64 128 0.0227467
142 7 64 128 0.0107082
143 7 64 128 0.0116825
9 8 64 128 0.0103035
10 8 64 128 0.0205936
11 8 64 128 0.0253778
12 8 64 128 0.040473
13 8 64 128 0.0506519
14 8 64 128 0.0528313
15 8 64 128 0.0363048
16 8 64 128 0.034251
17 8 64 128 0.01589
28 8 64 128 0.0143229
29 8 64 128 0.0250238
30 8 64 128 0.0363853
31 8 64 128 0.0420428
32 8 64 128 0.0275669
33 8 64 128 0.0163165
34 8 64 128 0.0137014
35 8 64 128 0.0129939
36 8 64 128 0.0157796
37 8 64 128 0.017059
38 8 64 128 0.0288766
39 8 64 128 0.0290577
40 8 64 128 0.0304709
41 8 64 128 0.0346873
42 8 64 128 0.0615015
43 8 64 128 0.0748928
44 8 64 128 0.115087
45 8 64 128 0.14111
46 8 64 128 0.221422
47 8 64 128 0.258725
48 8 64 128 0.339668
49 8 64 128 0.405596
50 8 64 128 0.374238
51 8 64 128 0.295282
52 8 64 128 0.220132
53 8 64 128 0.172722
54 8 64 128 0.156
55 8 64 128 0.159093
56 8 64 128 0.188871
57 8 64 128 0.157659
58 8 64 128 0.122278
59 8 64 128 0.154622
60 8 64 128 0.11859
61 8 64 128 0.1066
62 8 64 128 0.0647659
63 8 64 128 0.0636037
64 8 64 128 0.0490376
65 8 64 128 0.0477971
66 8 64 128 0.0201019
67 8 64 128 0.0105649
72 8 64 128 0.0105911
73 8 64 128 0.0127131
74 8 64 128 0.0195143
75 8 64 128 0.018871
76 8 64 128 0.030909
77 8 64 128 0.0254361
78 8 64 128 0.0309096
79 8 64 128 0.0235441
80 8 64 128 0.0335274
81 8 64 128 0.0298752
82 8 64 128 0.0301282
83 8 64 128 0.0175857
84 8 64 128 0.0110613
86 8 64 128 0.0140598
87 8 64 128 0.0185972
88 8 64 128 0.0204028
89 8 64 128 0.0259349
90 8 64 128 0.0343934
91 8 64 128 0.0360208
92 8 64 128 0.0402789
93 8 64 128 0.0667721
94 8 64 128 0.096918
95 8 64 128 0.125341
96 8 64 128 0.119842
97 8 64 128 0.217823
98 8 64 128 0.236192
99 8 64 128 0.264571
100 8 64 128 0.229098
101 8 64 128 0.210492
102 8 64 128 0.12386
103 8 64 128 0.0827644
104 8 64 128 0.0393299
105 8 64 128 0.0222377
106 8 64 128 0.0146571
9 9 64 128 0.0105522
10 9 64 128 0.0194931
11 9 64 128 0.0258868
12 9 64 128 0.0315992
13 9 64 128 0.0358469
14 9 64 128 0.0362964
15 9 64 128 0.0292567
16 9 64 128 0.022528
17 9 64 128 0.0140329
28 9 64 128 0.0130758
29 9 64 128 0.0280849
30 9 64 128 0.0398817
31 9 64 128 0.0393296
32 9 64 128 0.0276393
33 9 64 128 0.0195927
34 9 64 128 0.0173001
35 9 64 128 0.0147109
36 9 64 128 0.0173792
37 9 64 128 0.0172968
38 9 64 128 0.0249224
39 9 64 128 0.019095
40 9 64 128 0.0220367
41 9 64 128 0.0178676
42 9 64 128 0.0281946
43 9 64 128 0.0346813
44 9 64 128 0.0521108
45 9 64 128 0.0625022
46 9 64 128 0.0951792
47 9 64 128 0.135011
48 9 64 128 0.170072
49 9 64 128 0.220544
50 9 64 128 0.246899
51 9 64 128 0.190077
52 9 64 128 0.137391
53 9 64 128 0.107334
54 9 64 128 0.0943938
55 9 64 128 0.0884178
56 9 64 128 0.0774327
57 9 64 128 0.0456974
58 9 64 128 0.0325302
59 9 64 128 0.0381305
60 9 64 128 0.0262777
61 9 64 128 0.02248
62 9 64 128 0.0132086
63 9 64 128 0.0139981
64 9 64 128 0.0100892
65 9 64 128 0.0117354
73 9 64 128 0.011742
74 9 64 128 0.0162708
75 9 64 128 0.0185677
76 9 64 128 0.0263728
77 9 64 128 0.0190976
78 9 64 128 0.0224163
79 9 64 128 0.0188491
80 9 64 128 0.0180062
81 9 64 128 0.0138485
82 9 64 128 0.0122111
87 9 64 128 0.0102748
88 9 64 128 0.0142123
89 9 64 128 0.0156291
90 9 64 128 0.0225758
91 9 64 128 0.0282838
92 9 64 128 0.0342884
93 9 64 128 0.0525689
94 9 64 128 0.0813663
95 9 64 128 0.098635
96 9 64 128 0.101486
97 9 64 128 0.1361
98 9 64 128 0.170908
99 9 64 128 0.201651
100 9 64 128 0.192754
101 9 64 128 0.159027
102 9 64 128 0.125877
103 9 64 128 0.0967407
104 9 64 128 0.0411015
105 9 64 128 0.0274016
106 9 64 128 0.0169197
107 9 64 128 0.0126404
11 10 64 128 0.01069
12 10 64 128 0.0168265
13 10 64 128 0.0238195
14 10 64 128 0.0319186
15 10 64 128 0.0250117
16 10 64 128 0.0268394
17 10 64 128 0.0162721
27 10 64 128 0.012889
28 10 64 128 0.0289395
29 10 64 128 0.0484773
30 10 64 128 0.061781
31 10 64 128 0.0499692
32 10 64 128 0.0345709
33 10 64 128 0.0214636
34 10 64 128 0.0171205
35 10 64 128 0.0122906
36 10 64 128 0.0144509
37 10 64 128 0.0131209
38 10 64 128 0.0156177
39 10 64 128 0.0134456
40 10 64 128 0.0166976
41 10 64 128 0.013424
42 10 64 128 0.0225499
43 10 64 128 0.0250843
44 10 64 128 0.0414644
45 10 64 128 0.0449732
46 10 64 128 0.0794217
47 10 64 128 0.100013
48 10 64 128 0.152558
49 10 64 128 0.189279
50 10 64 128 0.195672
51 10 64 128 0.141608
52 10 64 128 0.115873
53 10 64 128 0.0935588
54 10 64 128 0.0932588
55 10 64 128 0.107471
56 10 64 128 0.0854446
57 10 64 128 0.0486217
58 10 64 128 0.0275835
59 10 64 128 0.026513
60 10 64 128 0.0155875
61 10 64 128 0.0120334
76 10 64 128 0.0115941
77 10 64 128 0.0102068
78 10 64 128 0.0181581
79 10 64 128 0.0175409
80 10 64 128 0.0165898
81 10 64 128 0.0100465
90 10 64 128 0.0136166
91 10 64 128 0.0191403
92 10 64 128 0.0242327
93 10 64 128 0.0380887
94 10 64 128 0.0506802
95 10 64 128 0.0617381
96 10 64 128 0.0601694
97 10 64 128 0.0886888
98 10 64 128 0.0832684
99 10 64 128 0.083552
100 10 64 128 0.0767852
101 10 64 128 0.0805869
102 10 64 128 0.0711582
103 10 64 128 0.0645377
104 10 64 128 0.0388393
105 10 64 128 0.032262
106 10 64 128 0.022313
107 10 64 128 0.0197995
108 10 64 128 0.0119209
13 11 64 128 0.0112245
14 11 64 128 0.0156879
15 11 64 128 0.0121462
16 11 64 128 0.0121184
28 11 64 128 0.0172136
29 11 64 128 0.027599
30 11 64 128 0.0318815
31 11 64 128 0.0304585
32 11 64 128 0.0219279
33 11 64 128 0.0129793
34 11 64 128 0.010511
43 11 64 128 0.0116816
44 11 64 128 0.0173366
45 11 64 128 0.0237727
46 11 64 128 0.0399943
47 11 64 128 0.0525906
48 11 64 128 0.0988879
49 11 64 128 0.125057
50 11 64 128 0.144614
51 11 64 128 0.0989937
52 11 64 128 0.105198
53 11 64 128 0.0834548
54 11 64 128 0.0828132
55 11 64 128 0.0720197
56 11 64 128 0.0545038
57 11 64 128 0.0273334
58 11 64 128 0.0114411
90 11 64 128 0.0112369
91 11 64 128 0.0167069
92 11 64 128 0.0189894
93 11 64 128 0.0272702
94 11 64 128 0.036616
95 11 64 128 0.0383346
96 11 64 128 0.0329998
97 11 64 128 0.0403223
98 11 64 128 0.0414252
99 11 64 128 0.0459377
100 11 64 128 0.0434515
101 11 64 128 0.0541339
102 11 64 128 0.0590102
103 11 64 128 0.0617921
104 11 64 128 0.0415208
105 11 64 128 0.0459869
106 11 64 128 0.0434776
107 11 64 128 0.0388801
108 11 64 128 0.0210996
109 11 64 128 0.0120829
28 12 64 128 0.0183493
29 12 64 128 0.0236612
30 12 64 128 0.0270503
31 12 64 128 0.0247575
32 12 64 128 0.014568
44 12 64 128 0.0126053
45 12 64 128 0.0157995
46 12 64 128 0.0248903
47 12 64 128 0.0337365
48 12 64 128 0.0591669
49 12 64 128 0.0780769
50 12 64 128 0.0828947
51 12 64 128 0.0600639
52 12 64 128 0.0604781
53 12 64 128 0.050718
54 12 64 128 0.0457292
55 12 64 128 0.0406728
56 12 64 128 0.0276599
57 12 64 128 0.0118812
93 12 64 128 0.0132123
94 12 64 128 0.0159449
95 12 64 128 0.0179009
96 12 64 128 0.0141525
97 12 64 128 0.0148467
98 12 64 128 0.0127078
99 12 64 128 0.0139309
100 12 64 128 0.0131452
101 12 64 128 0.016846
102 12 64 128 0.0184613
103 12 64 128 0.0239086
104 12 64 128 0.0201271
105 12 64 128 0.0254907
106 12 64 128 0.0297963
107 12 64 128 0.0345248
108 12 64 128 0.0232067
109 12 64 128 0.0134517
28 13 64 128 0.0125552
29 13 64 128 0.0198466
30 13 64 128 0.0223827
31 13 64 128 0.0189802
32 13 64 128 0.0107888
48 13 64 128 0.0195501
49 13 64 128 0.0254178
50 13 64 128 0.0446343
51 13 64 128 0.0276279
52 13 64 128 0.0265119
53 13 64 128 0.0207437
54 13 64 128 0.021027
55 13 64 128 0.0181797
56 13 64 128 0.011915
94 13 64 128 0.0133991
95 13 64 128 0.0144139
96 13 64 128 0.0106312
102 13 64 128 0.0115623
103 13 64 128 0.0173868
104 13 64 128 0.0161059
105 13 64 128 0.0232386
106 13 64 128 0.0272304
107 13 64 128 0.0374552
108 13 64 128 0.029213
109 13 64 128 0.0183781
28 14 64 128 0.0168635
29 14 64 128 0.0187946
30 14 64 128 0.0209155
31 14 64 128 0.0118324
49 14 64 128 0.0126644
50 14 64 128 0.0234956
51 14 64 128 0.0174747
52 14 64 128 0.018945
53 14 64 128 0.0144824
54 14 64 128 0.0187702
55 14 64 128 0.0179057
56 14 64 128 0.0123265
107 14 64 128 0.0162269
108 14 64 128 0.0147651
109 14 64 128 0.0100948
50 15 64 128 0.0102661
107 15 64 128 0.0109091
108 15 64 128 0.0104398
134 15 64 128 0.0101789
136 15 64 128 0.010149
134 16 64 128 0.0125276
135 16 64 128 0.013342
136 16 64 128 0.018059
137 16 64 128 0.0106448
134 17 64 128 0.0221471
135 17 64 128 0.0290108
136 17 64 128 0.0429019
137 17 64 128 0.0290982
138 17 64 128 0.0114135
133 18 64 128 0.0130358
134 18 64 128 0.033483
135 18 64 128 0.044119
136 18 64 128 0.077343
137 18 64 128 0.0577921
138 18 64 128 0.0265362
133 19 64 128 0.0162715
134 19 64 128 0.0416483
135 19 64 128 0.0694646
136 19 64 128 0.116998
137 19 64 128 0.108504
138 19 64 128 0.0436915
139 19 64 128 0.0166932
133 20 64 128 0.0136249
134 20 64 128 0.0461941
135 20 64 128 0.0739897
136 20 64 128 0.160814
137 20 64 128 0.145845
138 20 64 128 0.0799031
139 20 64 128 0.028571
140 20 64 128 0.0106052
133 21 64 128 0.0141639
134 21 64 128 0.0496025
135 21 64 128 0.103136
136 21 64 128 0.220671
137 21 64 128 0.218446
138 21 64 128 0.104122
139 21 64 128 0.045486
140 21 64 128 0.014813
134 22 64 128 0.0283279
135 22 64 128 0.0569031
136 22 64 128 0.15002
137 22 64 128 0.179475
138 22 64 128 0.0867238
139 22 64 128 0.0385667
140 22 64 128 0.0136619
134 23 64 128 0.0116882
135 23 64 128 0.0242839
136 23 64 128 0.0664272
137 23 64 128 0.0812743
138 23 64 128 0.0373731
139 23 64 128 0.0194089
136 24 64 128 0.0166698
137 24 64 128 0.0204122
138 24 64 128 0.0123447
191 39 64 128 0.0103047
192 39 64 128 0.011216
193 39 64 128 0.0116512
192 41 64 128 0.012215
193 41 64 128 0.0134405
194 41 64 128 0.0101264
253 49 64 128 0.0116788
254 49 64 128 0.0118314
253 50 64 128 0.0140886
254 50 64 128 0.0114806
253 51 64 128 0.0252328
254 51 64 128 0.0182919
255 51 64 128 0.0146499
253 52 64 128 0.0175001
254 52 64 128 0.0133144
255 52 64 128 0.0106829
253 53 64 128 0.0138315
254 53 64 128 0.0102859
252 64 64 128 0.0118849
253 64 64 128 0.0160158
252 65 64 128 0.0184044
253 65 64 128 0.0260875
252 66 64 128 0.0125612
253 66 64 128 0.0221967
252 67 64 128 0.0121654
253 67 64 128 0.0311671
253 68 64 128 0.0173676
