18 52 85 170 0.0113938
19 52 85 170 0.0123753
19 53 85 170 0.0108502
25 53 85 170 0.0109395
26 53 85 170 0.0111371
25 54 85 170 0.0108849
26 54 85 170 0.0129033
27 54 85 170 0.0113455
25 55 85 170 0.0112773
26 55 85 170 0.0146153
27 55 85 170 0.0138967
24 56 85 170 0.0100114
25 56 85 170 0.0128636
26 56 85 170 0.016062
27 56 85 170 0.0148001
24 57 85 170 0.0109131
25 57 85 170 0.0127661
26 57 85 170 0.0171342
27 57 85 170 0.017352
28 57 85 170 0.0101904
25 58 85 170 0.0110621
26 58 85 170 0.0152217
27 58 85 170 0.0157157
28 58 85 170 0.010131
26 59 85 170 0.0115332
27 59 85 170 0.0113647
34 68 85 170 0.0103079
35 68 85 170 0.0115384
20 0 64 128 0.0157832
21 0 64 128 0.0399364
22 0 64 128 0.0648201
23 0 64 128 0.108959
24 0 64 128 0.155723
25 0 64 128 0.260443
26 0 64 128 0.2712
27 0 64 128 0.214135
28 0 64 128 0.0668837
29 0 64 128 0.0197762
182 0 64 128 0.0129418
183 0 64 128 0.0902768
184 0 64 128 0.233241
185 0 64 128 0.168804
186 0 64 128 0.0901415
187 0 64 128 0.0271851
21 1 64 128 0.0250374
22 1 64 128 0.0499529
23 1 64 128 0.071577
24 1 64 128 0.117517
25 1 64 128 0.196843
26 1 64 128 0.247807
27 1 64 128 0.188579
28 1 64 128 0.0747638
29 1 64 128 0.0189335
182 1 64 128 0.0339137
183 1 64 128 0.213715
184 1 64 128 0.413394
185 1 64 128 0.346349
186 1 64 128 0.148286
187 1 64 128 0.0496767
21 2 64 128 0.0194421
22 2 64 128 0.0367462
23 2 64 128 0.0700679
24 2 64 128 0.0962295
25 2 64 128 0.174892
26 2 64 128 0.180917
27 2 64 128 0.172803
28 2 64 128 0.0823615
29 2 64 128 0.0216735
181 2 64 128 0.0103576
182 2 64 128 0.0940657
183 2 64 128 0.401399
184 2 64 128 0.687376
185 2 64 128 0.47168
186 2 64 128 0.254989
187 2 64 128 0.0828206
188 2 64 128 0.0110207
21 3 64 128 0.0108131
22 3 64 128 0.0183619
23 3 64 128 0.0399885
24 3 64 128 0.0652705
25 3 64 128 0.0972697
26 3 64 128 0.0901918
27 3 64 128 0.0812344
28 3 64 128 0.0456707
29 3 64 128 0.0141754
181 3 64 128 0.0148784
182 3 64 128 0.12918
183 3 64 128 0.496469
184 3 64 128 0.640843
185 3 64 128 0.614021
186 3 64 128 0.264792
187 3 64 128 0.11985
22 4 64 128 0.0121834
23 4 64 128 0.0275035
24 4 64 128 0.0497386
25 4 64 128 0.0668907
26 4 64 128 0.0557438
27 4 64 128 0.048695
28 4 64 128 0.0224995
181 4 64 128 0.02485
182 4 64 128 0.176931
183 4 64 128 0.524754
184 4 64 128 0.674641
185 4 64 128 0.639609
186 4 64 128 0.299259
187 4 64 128 0.0930212
188 4 64 128 0.0146408
23 5 64 128 0.0152617
24 5 64 128 0.0307668
25 5 64 128 0.0376566
26 5 64 128 0.0312816
27 5 64 128 0.0220909
28 5 64 128 0.0116785
181 5 64 128 0.0164601
182 5 64 128 0.115692
183 5 64 128 0.408862
184 5 64 128 0.572579
185 5 64 128 0.590794
186 5 64 128 0.199883
187 5 64 128 0.10417
188 5 64 128 0.0141078
23 6 64 128 0.0137113
24 6 64 128 0.0206122
25 6 64 128 0.0322311
26 6 64 128 0.0184068
27 6 64 128 0.0142731
181 6 64 128 0.0132619
182 6 64 128 0.101124
183 6 64 128 0.276204
184 6 64 128 0.486098
185 6 64 128 0.394994
186 6 64 128 0.240929
187 6 64 128 0.101648
188 6 64 128 0.0270361
212 6 64 128 0.0110345
24 7 64 128 0.010342
25 7 64 128 0.013619
26 7 64 128 0.0101342
182 7 64 128 0.0299838
183 7 64 128 0.129032
184 7 64 128 0.185167
185 7 64 128 0.248947
186 7 64 128 0.141924
187 7 64 128 0.104023
188 7 64 128 0.016102
211 7 64 128 0.0103181
25 8 64 128 0.0104212
182 8 64 128 0.0103033
183 8 64 128 0.0287526
184 8 64 128 0.0605681
185 8 64 128 0.0867159
186 8 64 128 0.0687584
187 8 64 128 0.0322104
212 8 64 128 0.0144486
184 9 64 128 0.012559
185 9 64 128 0.0311782
186 9 64 128 0.0189339
187 9 64 128 0.0110939
44 31 64 128 0.0112753
44 32 64 128 0.0173853
44 33 64 128 0.0214893
44 34 64 128 0.0191942
45 34 64 128 0.0130017
44 35 64 128 0.013658
46 35 64 128 0.0113932
26 50 64 128 0.0151413
27 50 64 128 0.0112371
26 51 64 128 0.0191666
27 51 64 128 0.0182623
25 52 64 128 0.0155997
26 52 64 128 0.0275504
27 52 64 128 0.0222999
25 53 64 128 0.0172099
26 53 64 128 0.0354008
27 53 64 128 0.0275253
25 54 64 128 0.0238022
26 54 64 128 0.0567686
27 54 64 128 0.0442466
28 54 64 128 0.0125095
25 55 64 128 0.022481
26 55 64 128 0.0668519
27 55 64 128 0.0549664
28 55 64 128 0.014321
25 56 64 128 0.0205457
26 56 64 128 0.065832
27 56 64 128 0.0582884
28 56 64 128 0.0209196
25 57 64 128 0.0172435
26 57 64 128 0.0518975
27 57 64 128 0.0539691
28 57 64 128 0.0168668
25 58 64 128 0.0164717
26 58 64 128 0.0634207
27 58 64 128 0.0512029
28 58 64 128 0.018641
25 59 64 128 0.0151197
26 59 64 128 0.0500411
27 59 64 128 0.0393955
28 59 64 128 0.0132234
25 60 64 128 0.0131892
26 60 64 128 0.0516812
27 60 64 128 0.0464346
28 60 64 128 0.0149967
25 61 64 128 0.0151248
26 61 64 128 0.0506036
27 61 64 128 0.0616907
28 61 64 128 0.0194216
25 62 64 128 0.023213
26 62 64 128 0.071954
27 62 64 128 0.0908922
28 62 64 128 0.0370304
29 62 64 128 0.0157256
12 63 64 128 0.0112637
25 63 64 128 0.0366389
26 63 64 128 0.0963769
27 63 64 128 0.100567
28 63 64 128 0.0492631
29 63 64 128 0.0270624
10 64 64 128 0.0141946
11 64 64 128 0.0148053
12 64 64 128 0.0179739
24 64 64 128 0.0131416
25 64 64 128 0.0553903
26 64 64 128 0.149752
27 64 64 128 0.141564
28 64 64 128 0.0777202
29 64 64 128 0.0445507
30 64 64 128 0.0198265
31 64 64 128 0.0138454
32 64 64 128 0.0124838
33 64 64 128 0.0118562
10 65 64 128 0.0113875
11 65 64 128 0.0117034
12 65 64 128 0.0157074
24 65 64 128 0.0170539
25 65 64 128 0.0624843
26 65 64 128 0.183439
27 65 64 128 0.181621
28 65 64 128 0.0899043
29 65 64 128 0.0625554
30 65 64 128 0.0299235
31 65 64 128 0.0345135
32 65 64 128 0.0301678
33 65 64 128 0.0293645
11 66 64 128 0.011983
12 66 64 128 0.0126642
24 66 64 128 0.0209664
25 66 64 128 0.0941453
26 66 64 128 0.217974
27 66 64 128 0.207862
28 66 64 128 0.105598
29 66 64 128 0.0891956
30 66 64 128 0.0441113
31 66 64 128 0.0560772
32 66 64 128 0.0624086
33 66 64 128 0.0645995
34 66 64 128 0.0181874
24 67 64 128 0.0156799
25 67 64 128 0.0774787
26 67 64 128 0.182974
27 67 64 128 0.13264
28 67 64 128 0.0860544
29 67 64 128 0.0742978
30 67 64 128 0.0455789
31 67 64 128 0.0616473
32 67 64 128 0.0840283
33 67 64 128 0.0862825
34 67 64 128 0.0296851
24 68 64 128 0.0118163
25 68 64 128 0.0546739
26 68 64 128 0.127389
27 68 64 128 0.106046
28 68 64 128 0.0603286
29 68 64 128 0.0537099
30 68 64 128 0.0428917
31 68 64 128 0.0689563
32 68 64 128 0.0939907
33 68 64 128 0.0877805
34 68 64 128 0.0290219
25 69 64 128 0.0236038
26 69 64 128 0.0610944
27 69 64 128 0.0501177
28 69 64 128 0.0349979
29 69 64 128 0.0357014
30 69 64 128 0.0342011
31 69 64 128 0.0679425
32 69 64 128 0.104798
33 69 64 128 0.109798
34 69 64 128 0.0379793
35 69 64 128 0.0173686
25 70 64 128 0.0117184
26 70 64 128 0.0274337
27 70 64 128 0.0212671
28 70 64 128 0.016925
29 70 64 128 0.0207694
30 70 64 128 0.0230652
31 70 64 128 0.0562603
32 70 64 128 0.101226
33 70 64 128 0.116043
34 70 64 128 0.0496971
35 70 64 128 0.0209555
36 70 64 128 0.0159678
37 70 64 128 0.013397
29 71 64 128 0.0100013
30 71 64 128 0.0150155
31 71 64 128 0.0336696
32 71 64 128 0.0876123
33 71 64 128 0.111014
34 71 64 128 0.064396
35 71 64 128 0.0282436
36 71 64 128 0.0248838
37 71 64 128 0.0177875
31 72 64 128 0.0247128
32 72 64 128 0.0632108
33 72 64 128 0.0970102
34 72 64 128 0.0648663
35 72 64 128 0.0316893
36 72 64 128 0.0308411
37 72 64 128 0.0232357
31 73 64 128 0.0143388
32 73 64 128 0.040859
33 73 64 128 0.0672954
34 73 64 128 0.0482185
35 73 64 128 0.034099
36 73 64 128 0.0309276
37 73 64 128 0.0226403
32 74 64 128 0.0249577
33 74 64 128 0.0447228
34 74 64 128 0.0380028
35 74 64 128 0.0247285
36 74 64 128 0.0283608
37 74 64 128 0.0187737
32 75 64 128 0.0116058
33 75 64 128 0.0289075
34 75 64 128 0.0317278
35 75 64 128 0.0180861
36 75 64 128 0.03035
37 75 64 128 0.0177004
33 76 64 128 0.0154292
34 76 64 128 0.0260778
35 76 64 128 0.0137508
36 76 64 128 0.021555
37 76 64 128 0.0136248
34 77 64 128 0.011477
36 77 64 128 0.0140862
7 79 64 128 0.0110773
7 80 64 128 0.0121765
7 81 64 128 0.0112235
47 81 64 128 0.0108079
46 83 64 128 0.0101842
47 83 64 128 0.011774
46 84 64 128 0.0118169
47 84 64 128 0.0126011
45 85 64 128 0.0125
46 85 64 128 0.0147327
47 85 64 128 0.0146288
48 85 64 128 0.0124231
44 86 64 128 0.0102218
45 86 64 128 0.0129858
46 86 64 128 0.0175118
47 86 64 128 0.0147232
48 86 64 128 0.0139189
44 87 64 128 0.0118208
45 87 64 128 0.0159452
46 87 64 128 0.0217415
47 87 64 128 0.017753
48 87 64 128 0.0173752
43 88 64 128 0.0102103
44 88 64 128 0.0195233
45 88 64 128 0.025411
46 88 64 128 0.0352858
47 88 64 128 0.0302803
48 88 64 128 0.0267173
43 89 64 128 0.0185416
44 89 64 128 0.0317842
45 89 64 128 0.0384712
46 89 64 128 0.0631819
47 89 64 128 0.0503212
48 89 64 128 0.0436999
49 89 64 128 0.0126451
43 90 64 128 0.027685
44 90 64 128 0.0509333
45 90 64 128 0.0648686
46 90 64 128 0.103087
47 90 64 128 0.0851259
48 90 64 128 0.0772274
49 90 64 128 0.0258892
50 90 64 128 0.0125174
43 91 64 128 0.027907
44 91 64 128 0.0520402
45 91 64 128 0.0684323
46 91 64 128 0.102935
47 91 64 128 0.0905798
48 91 64 128 0.084491
49 91 64 128 0.0340988
50 91 64 128 0.0155732
43 92 64 128 0.0186227
44 92 64 128 0.0386887
45 92 64 128 0.0569453
46 92 64 128 0.0889621
47 92 64 128 0.0873171
48 92 64 128 0.0883639
49 92 64 128 0.0377172
50 92 64 128 0.0238458
5 93 64 128 0.0110144
43 93 64 128 0.0213733
44 93 64 128 0.0474534
45 93 64 128 0.0596926
46 93 64 128 0.106231
47 93 64 128 0.0889668
48 93 64 128 0.105053
49 93 64 128 0.0461568
50 93 64 128 0.0324804
51 93 64 128 0.0108385
4 94 64 128 0.0108785
5 94 64 128 0.0148418
6 94 64 128 0.0124057
43 94 64 128 0.0201776
44 94 64 128 0.0451733
45 94 64 128 0.0747219
46 94 64 128 0.116739
47 94 64 128 0.114994
48 94 64 128 0.140624
49 94 64 128 0.0680687
50 94 64 128 0.0541814
51 94 64 128 0.0187321
4 95 64 128 0.0144408
5 95 64 128 0.0198268
6 95 64 128 0.0150156
7 95 64 128 0.0131369
43 95 64 128 0.0198529
44 95 64 128 0.0446404
45 95 64 128 0.0769284
46 95 64 128 0.114795
47 95 64 128 0.129535
48 95 64 128 0.154499
49 95 64 128 0.076269
50 95 64 128 0.0612629
51 95 64 128 0.0251812
52 95 64 128 0.0105304
3 96 64 128 0.0113939
4 96 64 128 0.0213311
5 96 64 128 0.0240549
6 96 64 128 0.0180191
7 96 64 128 0.0173067
43 96 64 128 0.0174282
44 96 64 128 0.0395067
45 96 64 128 0.064778
46 96 64 128 0.105848
47 96 64 128 0.114715
48 96 64 128 0.146211
49 96 64 128 0.0796234
50 96 64 128 0.0708341
51 96 64 128 0.0319637
52 96 64 128 0.0156693
3 97 64 128 0.0130263
4 97 64 128 0.0228206
5 97 64 128 0.0268507
6 97 64 128 0.0216963
7 97 64 128 0.0222428
8 97 64 128 0.0131572
43 97 64 128 0.0143283
44 97 64 128 0.0379552
45 97 64 128 0.0625616
46 97 64 128 0.104712
47 97 64 128 0.084204
48 97 64 128 0.114238
49 97 64 128 0.0645812
50 97 64 128 0.0587539
51 97 64 128 0.0252176
52 97 64 128 0.0129593
3 98 64 128 0.0159125
4 98 64 128 0.0265325
5 98 64 128 0.0308421
6 98 64 128 0.0283564
7 98 64 128 0.029773
8 98 64 128 0.0193432
9 98 64 128 0.0142987
43 98 64 128 0.011795
44 98 64 128 0.0314677
45 98 64 128 0.0546152
46 98 64 128 0.0933572
47 98 64 128 0.0836356
48 98 64 128 0.0927206
49 98 64 128 0.0546229
50 98 64 128 0.0537009
51 98 64 128 0.023075
52 98 64 128 0.0124831
3 99 64 128 0.0178118
4 99 64 128 0.0280471
5 99 64 128 0.0335453
6 99 64 128 0.0301946
7 99 64 128 0.0339774
8 99 64 128 0.0219659
9 99 64 128 0.019674
44 99 64 128 0.0277945
45 99 64 128 0.0485286
46 99 64 128 0.0741884
47 99 64 128 0.0595409
48 99 64 128 0.0586616
49 99 64 128 0.0343726
50 99 64 128 0.0326814
51 99 64 128 0.0152646
3 100 64 128 0.0169315
4 100 64 128 0.0252829
5 100 64 128 0.0291606
6 100 64 128 0.0309841
7 100 64 128 0.0423469
8 100 64 128 0.0307361
9 100 64 128 0.0300437
10 100 64 128 0.0133326
43 100 64 128 0.0131873
44 100 64 128 0.0333429
45 100 64 128 0.0566
46 100 64 128 0.085358
47 100 64 128 0.0622258
48 100 64 128 0.0622012
49 100 64 128 0.0364691
50 100 64 128 0.0352276
51 100 64 128 0.0182476
3 101 64 128 0.0141442
4 101 64 128 0.0227267
5 101 64 128 0.0261251
6 101 64 128 0.0288553
7 101 64 128 0.038741
8 101 64 128 0.0328957
9 101 64 128 0.034191
10 101 64 128 0.0166808
11 101 64 128 0.0101954
44 101 64 128 0.0274648
45 101 64 128 0.0445663
46 101 64 128 0.0644829
47 101 64 128 0.0436558
48 101 64 128 0.0468618
49 101 64 128 0.0270872
50 101 64 128 0.0293923
51 101 64 128 0.0131772
237 101 64 128 0.0173287
238 101 64 128 0.0290376
239 101 64 128 0.0293188
240 101 64 128 0.0146468
3 102 64 128 0.0145961
4 102 64 128 0.0225979
5 102 64 128 0.028923
6 102 64 128 0.0340482
7 102 64 128 0.0503321
8 102 64 128 0.0429838
9 102 64 128 0.0468252
10 102 64 128 0.0232802
11 102 64 128 0.0156865
12 102 64 128 0.0107173
13 102 64 128 0.0115777
43 102 64 128 0.0198836
44 102 64 128 0.0508569
45 102 64 128 0.0719134
46 102 64 128 0.108869
47 102 64 128 0.0813272
48 102 64 128 0.0728187
49 102 64 128 0.0415269
50 102 64 128 0.0502465
51 102 64 128 0.0223747
52 102 64 128 0.0121492
236 102 64 128 0.013102
237 102 64 128 0.0399908
238 102 64 128 0.0733415
239 102 64 128 0.0824953
240 102 64 128 0.0560204
241 102 64 128 0.0316657
242 102 64 128 0.0156524
3 103 64 128 0.0144619
4 103 64 128 0.0235218
5 103 64 128 0.030499
6 103 64 128 0.0394337
7 103 64 128 0.0623147
8 103 64 128 0.0546714
9 103 64 128 0.0605855
10 103 64 128 0.0306583
11 103 64 128 0.0206499
12 103 64 128 0.0141774
13 103 64 128 0.0143466
43 103 64 128 0.0222454
44 103 64 128 0.05438
45 103 64 128 0.0820809
46 103 64 128 0.112638
47 103 64 128 0.0793416
48 103 64 128 0.0695728
49 103 64 128 0.0510009
50 103 64 128 0.047849
51 103 64 128 0.025717
52 103 64 128 0.012181
235 103 64 128 0.0123321
236 103 64 128 0.0252306
237 103 64 128 0.0618429
238 103 64 128 0.114045
239 103 64 128 0.148241
240 103 64 128 0.105583
241 103 64 128 0.059084
242 103 64 128 0.0321575
243 103 64 128 0.0146118
3 104 64 128 0.0171769
4 104 64 128 0.0293001
5 104 64 128 0.0340099
6 104 64 128 0.0473365
7 104 64 128 0.0776678
8 104 64 128 0.0729489
9 104 64 128 0.081165
10 104 64 128 0.0412833
11 104 64 128 0.0281321
12 104 64 128 0.0171727
13 104 64 128 0.0188306
42 104 64 128 0.0140508
43 104 64 128 0.0348243
44 104 64 128 0.0905392
45 104 64 128 0.12633
46 104 64 128 0.176773
47 104 64 128 0.0990688
48 104 64 128 0.104685
49 104 64 128 0.0738921
50 104 64 128 0.071226
51 104 64 128 0.0368006
52 104 64 128 0.019676
235 104 64 128 0.011941
236 104 64 128 0.0304547
237 104 64 128 0.0705649
238 104 64 128 0.14645
239 104 64 128 0.181689
240 104 64 128 0.161615
241 104 64 128 0.108003
242 104 64 128 0.0703965
243 104 64 128 0.0363978
244 104 64 128 0.0219255
245 104 64 128 0.0137615
253 104 64 128 0.0136438
254 104 64 128 0.0112788
255 104 64 128 0.0121881
3 105 64 128 0.0175417
4 105 64 128 0.0320107
5 105 64 128 0.0406336
6 105 64 128 0.0544605
7 105 64 128 0.0813953
8 105 64 128 0.0823645
9 105 64 128 0.0886969
10 105 64 128 0.041539
11 105 64 128 0.0287089
12 105 64 128 0.0188682
13 105 64 128 0.0195798
14 105 64 128 0.0103517
43 105 64 128 0.0218161
44 105 64 128 0.0580497
45 105 64 128 0.0999915
46 105 64 128 0.127974
47 105 64 128 0.0716927
48 105 64 128 0.0774149
49 105 64 128 0.0610274
50 105 64 128 0.0585396
51 105 64 128 0.0311683
52 105 64 128 0.0171739
235 105 64 128 0.0153801
236 105 64 128 0.0407599
237 105 64 128 0.097988
238 105 64 128 0.180229
239 105 64 128 0.245049
240 105 64 128 0.236171
241 105 64 128 0.1643
242 105 64 128 0.122735
243 105 64 128 0.0582454
244 105 64 128 0.0329613
245 105 64 128 0.0216268
246 105 64 128 0.0148141
247 105 64 128 0.0118885
249 105 64 128 0.01494
250 105 64 128 0.013667
251 105 64 128 0.0136676
252 105 64 128 0.0123779
253 105 64 128 0.0191549
254 105 64 128 0.014829
255 105 64 128 0.0120474
2 106 64 128 0.0104265
3 106 64 128 0.0211919
4 106 64 128 0.0360653
5 106 64 128 0.0453701
6 106 64 128 0.0615322
7 106 64 128 0.0942738
8 106 64 128 0.0931593
9 106 64 128 0.0852148
10 106 64 128 0.0430735
11 106 64 128 0.0292805
12 106 64 128 0.0201059
13 106 64 128 0.0217253
14 106 64 128 0.0104408
42 106 64 128 0.0100151
43 106 64 128 0.0264056
44 106 64 128 0.0714063
45 106 64 128 0.103371
46 106 64 128 0.16099
47 106 64 128 0.104
48 106 64 128 0.11927
49 106 64 128 0.0881543
50 106 64 128 0.0845446
51 106 64 128 0.0498286
52 106 64 128 0.0272568
53 106 64 128 0.0128345
235 106 64 128 0.0188288
236 106 64 128 0.0460805
237 106 64 128 0.10357
238 106 64 128 0.208464
239 106 64 128 0.272881
240 106 64 128 0.320041
241 106 64 128 0.267044
242 106 64 128 0.24665
243 106 64 128 0.140893
244 106 64 128 0.0924429
245 106 64 128 0.0739092
246 106 64 128 0.0523951
247 106 64 128 0.0359647
248 106 64 128 0.0295948
249 106 64 128 0.0355243
250 106 64 128 0.0312228
251 106 64 128 0.0269429
252 106 64 128 0.0190712
253 106 64 128 0.0235028
254 106 64 128 0.0151744
255 106 64 128 0.012155
2 107 64 128 0.0113141
3 107 64 128 0.0201667
4 107 64 128 0.035855
5 107 64 128 0.0439098
6 107 64 128 0.0636554
7 107 64 128 0.0948598
8 107 64 128 0.0804985
9 107 64 128 0.0631295
10 107 64 128 0.0312742
11 107 64 128 0.0210254
12 107 64 128 0.0154703
13 107 64 128 0.0163613
43 107 64 128 0.0159277
44 107 64 128 0.0430839
45 107 64 128 0.0785429
46 107 64 128 0.132499
47 107 64 128 0.0982946
48 107 64 128 0.100464
49 107 64 128 0.0894561
50 107 64 128 0.0752053
51 107 64 128 0.0425992
52 107 64 128 0.0216556
53 107 64 128 0.0100598
219 107 64 128 0.0106668
220 107 64 128 0.0106343
234 107 64 128 0.0129638
235 107 64 128 0.0307665
236 107 64 128 0.070598
237 107 64 128 0.157434
238 107 64 128 0.276851
239 107 64 128 0.347992
240 107 64 128 0.381579
241 107 64 128 0.358213
242 107 64 128 0.354484
243 107 64 128 0.231368
244 107 64 128 0.157114
245 107 64 128 0.113418
246 107 64 128 0.0845509
247 107 64 128 0.0569377
248 107 64 128 0.0526485
249 107 64 128 0.0600732
250 107 64 128 0.0461729
251 107 64 128 0.0378399
252 107 64 128 0.0260081
253 107 64 128 0.027892
254 107 64 128 0.017978
255 107 64 128 0.0151548
2 108 64 128 0.0113121
3 108 64 128 0.0202775
4 108 64 128 0.0353955
5 108 64 128 0.0447579
6 108 64 128 0.0645394
7 108 64 128 0.0986661
8 108 64 128 0.0848663
9 108 64 128 0.062946
10 108 64 128 0.0313275
11 108 64 128 0.0192506
12 108 64 128 0.014049
13 108 64 128 0.0161576
43 108 64 128 0.0217872
44 108 64 128 0.0695972
45 108 64 128 0.106701
46 108 64 128 0.188408
47 108 64 128 0.121182
48 108 64 128 0.119385
49 108 64 128 0.102389
50 108 64 128 0.0818473
51 108 64 128 0.0456521
52 108 64 128 0.0226363
212 108 64 128 0.0100883
216 108 64 128 0.0126139
217 108 64 128 0.0245312
218 108 64 128 0.0308217
219 108 64 128 0.0510435
220 108 64 128 0.0525993
221 108 64 128 0.0349886
222 108 64 128 0.0271393
223 108 64 128 0.0124794
234 108 64 128 0.0158907
235 108 64 128 0.0349478
236 108 64 128 0.0890266
237 108 64 128 0.182143
238 108 64 128 0.331931
239 108 64 128 0.381538
240 108 64 128 0.486977
241 108 64 128 0.499402
242 108 64 128 0.535659
243 108 64 128 0.413269
244 108 64 128 0.346653
245 108 64 128 0.268991
246 108 64 128 0.227507
247 108 64 128 0.131201
248 108 64 128 0.118769
249 108 64 128 0.10524
250 108 64 128 0.0721456
251 108 64 128 0.050001
252 108 64 128 0.031964
253 108 64 128 0.0291453
254 108 64 128 0.0160831
255 108 64 128 0.0136123
2 109 64 128 0.0111159
3 109 64 128 0.0198591
4 109 64 128 0.0345464
5 109 64 128 0.0414369
6 109 64 128 0.0584847
7 109 64 128 0.0886679
8 109 64 128 0.078158
9 109 64 128 0.0535973
10 109 64 128 0.0263756
11 109 64 128 0.0175459
12 109 64 128 0.0122609
13 109 64 128 0.0136276
43 109 64 128 0.0143563
44 109 64 128 0.0477063
45 109 64 128 0.0900564
46 109 64 128 0.143018
47 109 64 128 0.0890846
48 109 64 128 0.0876875
49 109 64 128 0.0671083
50 109 64 128 0.059598
51 109 64 128 0.0290653
52 109 64 128 0.014929
208 109 64 128 0.0103108
209 109 64 128 0.011072
210 109 64 128 0.0116849
211 109 64 128 0.0115362
212 109 64 128 0.0128196
213 109 64 128 0.0104056
216 109 64 128 0.0178752
217 109 64 128 0.0347234
218 109 64 128 0.0680019
219 109 64 128 0.0896323
220 109 64 128 0.0970291
221 109 64 128 0.0694908
222 109 64 128 0.0579593
223 109 64 128 0.0275699
224 109 64 128 0.0185855
225 109 64 128 0.0103435
232 109 64 128 0.0104885
233 109 64 128 0.0178244
234 109 64 128 0.0349897
235 109 64 128 0.0720343
236 109 64 128 0.16302
237 109 64 128 0.297933
238 109 64 128 0.466395
239 109 64 128 0.539272
240 109 64 128 0.631777
241 109 64 128 0.649606
242 109 64 128 0.651485
243 109 64 128 0.524355
244 109 64 128 0.443135
245 109 64 128 0.362319
246 109 64 128 0.294436
247 109 64 128 0.182522
248 109 64 128 0.156786
249 109 64 128 0.149097
250 109 64 128 0.109751
251 109 64 128 0.0740651
252 109 64 128 0.0421884
253 109 64 128 0.0367423
254 109 64 128 0.0192999
255 109 64 128 0.0144484
2 110 64 128 0.01398
3 110 64 128 0.0232374
4 110 64 128 0.0380143
5 110 64 128 0.0464935
6 110 64 128 0.0696128
7 110 64 128 0.0924665
8 110 64 128 0.0737027
9 110 64 128 0.0456299
10 110 64 128 0.0229448
11 110 64 128 0.0156559
12 110 64 128 0.012164
13 110 64 128 0.0129931
43 110 64 128 0.0151794
44 110 64 128 0.0558694
45 110 64 128 0.0967671
46 110 64 128 0.166185
47 110 64 128 0.106885
48 110 64 128 0.0966557
49 110 64 128 0.0693744
50 110 64 128 0.0483136
51 110 64 128 0.0238785
52 110 64 128 0.012591
202 110 64 128 0.0121842
203 110 64 128 0.0141925
204 110 64 128 0.022045
205 110 64 128 0.0231764
206 110 64 128 0.0293714
207 110 64 128 0.0175825
208 110 64 128 0.0262883
209 110 64 128 0.0297929
210 110 64 128 0.0324364
211 110 64 128 0.0293185
212 110 64 128 0.0321451
213 110 64 128 0.025241
214 110 64 128 0.017698
215 110 64 128 0.0215299
216 110 64 128 0.0469613
217 110 64 128 0.113447
218 110 64 128 0.19987
219 110 64 128 0.263044
220 110 64 128 0.265227
221 110 64 128 0.220972
222 110 64 128 0.174318
223 110 64 128 0.0904423
224 110 64 128 0.0511024
225 110 64 128 0.034685
226 110 64 128 0.0185142
231 110 64 128 0.010801
232 110 64 128 0.0186502
233 110 64 128 0.0281357
234 110 64 128 0.0475974
235 110 64 128 0.0886663
236 110 64 128 0.175447
237 110 64 128 0.310808
238 110 64 128 0.479473
239 110 64 128 0.530073
240 110 64 128 0.659917
241 110 64 128 0.718096
242 110 64 128 0.752263
243 110 64 128 0.690736
244 110 64 128 0.643803
245 110 64 128 0.59937
246 110 64 128 0.516091
247 110 64 128 0.358199
248 110 64 128 0.333537
249 110 64 128 0.297362
250 110 64 128 0.216854
251 110 64 128 0.12641
252 110 64 128 0.0714143
253 110 64 128 0.0565263
254 110 64 128 0.0289824
255 110 64 128 0.0199432
1 111 64 128 0.010738
2 111 64 128 0.0164984
3 111 64 128 0.02874
4 111 64 128 0.0463827
5 111 64 128 0.0562352
6 111 64 128 0.0736664
7 111 64 128 0.0980921
8 111 64 128 0.0665183
9 111 64 128 0.0412518
10 111 64 128 0.0180172
11 111 64 128 0.0114256
43 111 64 128 0.0131435
44 111 64 128 0.0472535
45 111 64 128 0.0814414
46 111 64 128 0.135965
47 111 64 128 0.0746675
48 111 64 128 0.0720738
49 111 64 128 0.0471378
50 111 64 128 0.0340389
51 111 64 128 0.0146898
196 111 64 128 0.010128
197 111 64 128 0.014261
199 111 64 128 0.0102447
202 111 64 128 0.0130468
203 111 64 128 0.013765
204 111 64 128 0.024798
205 111 64 128 0.0272344
206 111 64 128 0.0346404
207 111 64 128 0.0242291
208 111 64 128 0.0345114
209 111 64 128 0.0326109
210 111 64 128 0.0372515
211 111 64 128 0.036288
212 111 64 128 0.040833
213 111 64 128 0.0283266
214 111 64 128 0.0160919
215 111 64 128 0.0162097
216 111 64 128 0.0373719
217 111 64 128 0.0899626
218 111 64 128 0.214736
219 111 64 128 0.266909
220 111 64 128 0.375935
221 111 64 128 0.310413
222 111 64 128 0.298944
223 111 64 128 0.155443
224 111 64 128 0.10436
225 111 64 128 0.0657262
226 111 64 128 0.0530619
227 111 64 128 0.0205597
228 111 64 128 0.0139681
229 111 64 128 0.0104133
230 111 64 128 0.0109607
231 111 64 128 0.0176071
232 111 64 128 0.0314843
233 111 64 128 0.0435633
234 111 64 128 0.0697876
235 111 64 128 0.108839
236 111 64 128 0.207533
237 111 64 128 0.315246
238 111 64 128 0.465774
239 111 64 128 0.51468
240 111 64 128 0.641947
241 111 64 128 0.717487
242 111 64 128 0.781373
243 111 64 128 0.702605
244 111 64 128 0.652931
245 111 64 128 0.600221
246 111 64 128 0.545871
247 111 64 128 0.393599
248 111 64 128 0.410317
249 111 64 128 0.336742
250 111 64 128 0.264325
251 111 64 128 0.154866
252 111 64 128 0.100481
253 111 64 128 0.0729746
254 111 64 128 0.0360531
255 111 64 128 0.0263118
