246 0 64 128 0.0173514
247 0 64 128 0.0242322
248 0 64 128 0.0149086
247 1 64 128 0.0107963
247 2 64 128 0.0125413
248 2 64 128 0.0104255
246 28 64 128 0.0160787
247 28 64 128 0.0321634
248 28 64 128 0.0286187
249 28 64 128 0.0361987
250 28 64 128 0.0283521
246 29 64 128 0.0152525
247 29 64 128 0.0283532
248 29 64 128 0.0216014
249 29 64 128 0.0249791
250 29 64 128 0.0162105
244 30 64 128 0.0118186
245 30 64 128 0.0307994
246 30 64 128 0.0640665
247 30 64 128 0.0986938
248 30 64 128 0.0749221
249 30 64 128 0.0728215
250 30 64 128 0.0527783
251 30 64 128 0.0136909
246 31 64 128 0.0122572
247 31 64 128 0.0225959
248 31 64 128 0.0158473
249 31 64 128 0.0215517
250 31 64 128 0.0146174
243 32 64 128 0.0121699
244 32 64 128 0.0247578
245 32 64 128 0.0263919
246 32 64 128 0.0291236
247 32 64 128 0.0572185
248 32 64 128 0.0303968
249 32 64 128 0.0336067
250 32 64 128 0.0285916
244 34 64 128 0.0134057
245 34 64 128 0.0125276
247 34 64 128 0.0107889
236 36 64 128 0.0242037
237 36 64 128 0.0220145
238 36 64 128 0.0197427
239 36 64 128 0.0128218
236 38 64 128 0.0194154
237 38 64 128 0.0178726
238 38 64 128 0.0114704
161 79 64 128 0.0111948
162 79 64 128 0.0133798
134 80 64 128 0.0134956
135 80 64 128 0.0143198
136 80 64 128 0.0149169
160 80 64 128 0.0108789
161 80 64 128 0.0145991
162 80 64 128 0.0159444
245 80 64 128 0.0112007
246 80 64 128 0.0112868
247 80 64 128 0.0136692
248 80 64 128 0.0139846
249 80 64 128 0.0200396
250 80 64 128 0.0124105
133 81 64 128 0.0144308
134 81 64 128 0.0327483
135 81 64 128 0.0306245
136 81 64 128 0.0303022
137 81 64 128 0.0123168
160 81 64 128 0.0156658
161 81 64 128 0.0229811
162 81 64 128 0.026608
244 81 64 128 0.0169696
245 81 64 128 0.0345626
246 81 64 128 0.029233
247 81 64 128 0.0351978
248 81 64 128 0.0291342
249 81 64 128 0.0472713
250 81 64 128 0.0282107
251 81 64 128 0.0159802
130 82 64 128 0.0122719
131 82 64 128 0.0103371
132 82 64 128 0.0191124
133 82 64 128 0.0282069
134 82 64 128 0.0597309
135 82 64 128 0.0479505
136 82 64 128 0.0440957
137 82 64 128 0.0162985
160 82 64 128 0.0200142
161 82 64 128 0.027395
162 82 64 128 0.0340535
243 82 64 128 0.0145095
244 82 64 128 0.0268173
245 82 64 128 0.0549555
246 82 64 128 0.0414247
247 82 64 128 0.0536367
248 82 64 128 0.0379547
249 82 64 128 0.0663306
250 82 64 128 0.0483085
251 82 64 128 0.024482
131 83 64 128 0.0104057
132 83 64 128 0.0176474
133 83 64 128 0.0319188
134 83 64 128 0.0658342
135 83 64 128 0.0601056
136 83 64 128 0.051746
137 83 64 128 0.0169124
159 83 64 128 0.0107391
160 83 64 128 0.024542
161 83 64 128 0.0348337
162 83 64 128 0.0413036
163 83 64 128 0.013765
164 83 64 128 0.0135474
165 83 64 128 0.0106183
243 83 64 128 0.0251618
244 83 64 128 0.0412947
245 83 64 128 0.0935338
246 83 64 128 0.0663942
247 83 64 128 0.0802242
248 83 64 128 0.0492034
249 83 64 128 0.0866389
250 83 64 128 0.0621395
251 83 64 128 0.0340394
132 84 64 128 0.0153242
133 84 64 128 0.0276794
134 84 64 128 0.0564062
135 84 64 128 0.0454762
136 84 64 128 0.0426297
137 84 64 128 0.0157721
160 84 64 128 0.0196581
161 84 64 128 0.0243549
162 84 64 128 0.0330772
243 84 64 128 0.0284535
244 84 64 128 0.0381651
245 84 64 128 0.101833
246 84 64 128 0.0688807
247 84 64 128 0.0836044
248 84 64 128 0.0583764
249 84 64 128 0.102253
250 84 64 128 0.0769796
251 84 64 128 0.0377726
133 85 64 128 0.0170021
134 85 64 128 0.0338452
135 85 64 128 0.0294351
136 85 64 128 0.0279272
160 85 64 128 0.020702
161 85 64 128 0.0278107
162 85 64 128 0.0347663
164 85 64 128 0.0125508
243 85 64 128 0.0414772
244 85 64 128 0.0427754
245 85 64 128 0.130426
246 85 64 128 0.0845372
247 85 64 128 0.1046
248 85 64 128 0.0671396
249 85 64 128 0.135724
250 85 64 128 0.0950013
251 85 64 128 0.0457311
134 86 64 128 0.0161928
135 86 64 128 0.0131686
136 86 64 128 0.0140181
160 86 64 128 0.0173563
161 86 64 128 0.0186221
162 86 64 128 0.0266071
243 86 64 128 0.0251368
244 86 64 128 0.0285291
245 86 64 128 0.0793694
246 86 64 128 0.0588043
247 86 64 128 0.0763368
248 86 64 128 0.0487008
249 86 64 128 0.0917052
250 86 64 128 0.0729021
251 86 64 128 0.0362157
160 87 64 128 0.0176693
161 87 64 128 0.018305
162 87 64 128 0.0281413
164 87 64 128 0.0111089
243 87 64 128 0.0226759
244 87 64 128 0.0280984
245 87 64 128 0.0771411
246 87 64 128 0.0620995
247 87 64 128 0.0838013
248 87 64 128 0.0553328
249 87 64 128 0.0868803
250 87 64 128 0.0727066
251 87 64 128 0.0311026
160 88 64 128 0.0150592
161 88 64 128 0.0130918
162 88 64 128 0.0200142
243 88 64 128 0.0131094
244 88 64 128 0.0162363
245 88 64 128 0.0459922
246 88 64 128 0.0374766
247 88 64 128 0.0438854
248 88 64 128 0.0305099
249 88 64 128 0.0546613
250 88 64 128 0.0464967
251 88 64 128 0.0195197
160 89 64 128 0.0159298
161 89 64 128 0.0122993
162 89 64 128 0.017114
243 89 64 128 0.0163001
244 89 64 128 0.0138736
245 89 64 128 0.0484734
246 89 64 128 0.0351439
247 89 64 128 0.0474879
248 89 64 128 0.0315588
249 89 64 128 0.0572541
250 89 64 128 0.046217
251 89 64 128 0.0221412
160 90 64 128 0.0107604
243 90 64 128 0.0107662
245 90 64 128 0.0269333
246 90 64 128 0.0222905
247 90 64 128 0.0251804
248 90 64 128 0.019125
249 90 64 128 0.0364006
250 90 64 128 0.0329942
251 90 64 128 0.0182175
243 91 64 128 0.0108324
244 91 64 128 0.0104578
245 91 64 128 0.0306564
246 91 64 128 0.0253505
247 91 64 128 0.0300293
248 91 64 128 0.0205877
249 91 64 128 0.037573
250 91 64 128 0.0357964
251 91 64 128 0.0189022
245 92 64 128 0.0233038
246 92 64 128 0.0208497
247 92 64 128 0.02108
248 92 64 128 0.0171204
249 92 64 128 0.0232202
250 92 64 128 0.0260849
251 92 64 128 0.0135008
243 93 64 128 0.0104528
245 93 64 128 0.0310471
246 93 64 128 0.0239599
247 93 64 128 0.0265316
248 93 64 128 0.0165042
249 93 64 128 0.0254805
250 93 64 128 0.0231353
251 93 64 128 0.0139626
245 94 64 128 0.0166572
246 94 64 128 0.0171089
247 94 64 128 0.0164697
248 94 64 128 0.0113124
249 94 64 128 0.0136772
250 94 64 128 0.0130918
245 95 64 128 0.0195705
246 95 64 128 0.0195338
247 95 64 128 0.0204763
248 95 64 128 0.0132998
249 95 64 128 0.0167227
250 95 64 128 0.0160736
251 95 64 128 0.0126725
245 96 64 128 0.0122655
246 96 64 128 0.0165039
247 96 64 128 0.0169193
248 96 64 128 0.0115004
249 96 64 128 0.0109201
250 96 64 128 0.0137907
251 96 64 128 0.0102155
245 97 64 128 0.016251
246 97 64 128 0.0219147
247 97 64 128 0.0268107
248 97 64 128 0.0162995
249 97 64 128 0.0160919
250 97 64 128 0.0169982
251 97 64 128 0.0127118
245 98 64 128 0.0143569
246 98 64 128 0.0211715
247 98 64 128 0.0224505
248 98 64 128 0.0166385
249 98 64 128 0.0150051
250 98 64 128 0.0153826
251 98 64 128 0.0128612
245 99 64 128 0.016853
246 99 64 128 0.0250293
247 99 64 128 0.0232294
248 99 64 128 0.0193266
249 99 64 128 0.016228
250 99 64 128 0.0158861
251 99 64 128 0.0129813
245 100 64 128 0.0108096
246 100 64 128 0.0204859
247 100 64 128 0.018772
248 100 64 128 0.0147153
250 100 64 128 0.0101225
245 101 64 128 0.0106962
246 101 64 128 0.017997
247 101 64 128 0.0180554
248 101 64 128 0.0115918
