68 30 64 128 0.0188455
69 30 64 128 0.0253803
70 30 64 128 0.0147637
99 30 64 128 0.0125894
100 30 64 128 0.0124312
68 31 64 128 0.0174503
69 31 64 128 0.0254599
70 31 64 128 0.0175001
97 31 64 128 0.0120277
98 31 64 128 0.0169024
99 31 64 128 0.0240444
100 31 64 128 0.0272485
101 31 64 128 0.0187378
68 32 64 128 0.0219633
69 32 64 128 0.0393692
70 32 64 128 0.0219734
96 32 64 128 0.0117878
97 32 64 128 0.0206118
98 32 64 128 0.0320092
99 32 64 128 0.036898
100 32 64 128 0.0365285
101 32 64 128 0.0225568
68 33 64 128 0.0270201
69 33 64 128 0.0454303
70 33 64 128 0.0285982
95 33 64 128 0.0104783
96 33 64 128 0.0293241
97 33 64 128 0.0419043
98 33 64 128 0.0598921
99 33 64 128 0.0545955
100 33 64 128 0.0563521
101 33 64 128 0.0264487
67 34 64 128 0.0169886
68 34 64 128 0.0498906
69 34 64 128 0.104482
70 34 64 128 0.0574154
71 34 64 128 0.0214385
95 34 64 128 0.0157032
96 34 64 128 0.0402004
97 34 64 128 0.0633642
98 34 64 128 0.0928862
99 34 64 128 0.0714616
100 34 64 128 0.0566608
101 34 64 128 0.0234916
67 35 64 128 0.0203897
68 35 64 128 0.0651672
69 35 64 128 0.134804
70 35 64 128 0.104546
71 35 64 128 0.0394355
72 35 64 128 0.0161291
95 35 64 128 0.0201537
96 35 64 128 0.0592489
97 35 64 128 0.0945991
98 35 64 128 0.122155
99 35 64 128 0.0837378
100 35 64 128 0.0625591
101 35 64 128 0.0239366
10 36 64 128 0.0110074
67 36 64 128 0.0549159
68 36 64 128 0.154156
69 36 64 128 0.31777
70 36 64 128 0.228709
71 36 64 128 0.1123
72 36 64 128 0.048038
73 36 64 128 0.0233313
95 36 64 128 0.0255529
96 36 64 128 0.0713419
97 36 64 128 0.115943
98 36 64 128 0.160085
99 36 64 128 0.100583
100 36 64 128 0.0688119
101 36 64 128 0.0223911
9 37 64 128 0.0251269
10 37 64 128 0.0312987
11 37 64 128 0.0259629
12 37 64 128 0.0138482
13 37 64 128 0.0133403
38 37 64 128 0.0108102
39 37 64 128 0.0160157
40 37 64 128 0.0214164
41 37 64 128 0.0157271
67 37 64 128 0.0567206
68 37 64 128 0.175856
69 37 64 128 0.285092
70 37 64 128 0.226619
71 37 64 128 0.103652
72 37 64 128 0.0471569
73 37 64 128 0.0190902
95 37 64 128 0.0290184
96 37 64 128 0.111878
97 37 64 128 0.147348
98 37 64 128 0.224183
99 37 64 128 0.125933
100 37 64 128 0.0914611
101 37 64 128 0.0261975
8 38 64 128 0.0207414
9 38 64 128 0.0508057
10 38 64 128 0.073737
11 38 64 128 0.0641225
12 38 64 128 0.0384304
13 38 64 128 0.0359723
14 38 64 128 0.013095
38 38 64 128 0.0198215
39 38 64 128 0.0266437
40 38 64 128 0.030981
41 38 64 128 0.0218763
66 38 64 128 0.0123569
67 38 64 128 0.0920693
68 38 64 128 0.251958
69 38 64 128 0.421262
70 38 64 128 0.293218
71 38 64 128 0.167657
72 38 64 128 0.0731854
73 38 64 128 0.0288134
95 38 64 128 0.0301522
96 38 64 128 0.0914781
97 38 64 128 0.14413
98 38 64 128 0.236918
99 38 64 128 0.1237
100 38 64 128 0.088476
101 38 64 128 0.0268286
7 39 64 128 0.016351
8 39 64 128 0.0322455
9 39 64 128 0.0888881
10 39 64 128 0.120376
11 39 64 128 0.117787
12 39 64 128 0.0694283
13 39 64 128 0.0683878
14 39 64 128 0.0230879
15 39 64 128 0.0106437
37 39 64 128 0.0163761
38 39 64 128 0.0308067
39 39 64 128 0.0402337
40 39 64 128 0.0508095
41 39 64 128 0.03266
42 39 64 128 0.0121038
66 39 64 128 0.0104885
67 39 64 128 0.0712461
68 39 64 128 0.196422
69 39 64 128 0.327352
70 39 64 128 0.287857
71 39 64 128 0.146909
72 39 64 128 0.0614425
73 39 64 128 0.0268524
95 39 64 128 0.0247531
96 39 64 128 0.0843404
97 39 64 128 0.123203
98 39 64 128 0.199023
99 39 64 128 0.0963616
100 39 64 128 0.0747937
101 39 64 128 0.0256816
7 40 64 128 0.0150607
8 40 64 128 0.0343466
9 40 64 128 0.0952414
10 40 64 128 0.148866
11 40 64 128 0.16631
12 40 64 128 0.11281
13 40 64 128 0.114591
14 40 64 128 0.0481799
15 40 64 128 0.0227834
16 40 64 128 0.0129407
37 40 64 128 0.0240831
38 40 64 128 0.0406269
39 40 64 128 0.0521451
40 40 64 128 0.0617669
41 40 64 128 0.0415396
42 40 64 128 0.0205818
66 40 64 128 0.0129282
67 40 64 128 0.0892378
68 40 64 128 0.22716
69 40 64 128 0.390463
70 40 64 128 0.31357
71 40 64 128 0.179469
72 40 64 128 0.0866205
73 40 64 128 0.0374782
95 40 64 128 0.0143277
96 40 64 128 0.0445133
97 40 64 128 0.0893664
98 40 64 128 0.144926
99 40 64 128 0.0536299
100 40 64 128 0.0423274
101 40 64 128 0.0140019
7 41 64 128 0.0175777
8 41 64 128 0.0402648
9 41 64 128 0.108522
10 41 64 128 0.16965
11 41 64 128 0.201487
12 41 64 128 0.141083
13 41 64 128 0.132525
14 41 64 128 0.050593
15 41 64 128 0.0262587
16 41 64 128 0.013124
37 41 64 128 0.0184428
38 41 64 128 0.0335896
39 41 64 128 0.0435873
40 41 64 128 0.0593751
41 41 64 128 0.0453312
42 41 64 128 0.0242102
43 41 64 128 0.0101076
66 41 64 128 0.0100546
67 41 64 128 0.050677
68 41 64 128 0.141036
69 41 64 128 0.209817
70 41 64 128 0.191288
71 41 64 128 0.117185
72 41 64 128 0.0603087
73 41 64 128 0.0217495
95 41 64 128 0.0114918
96 41 64 128 0.050378
97 41 64 128 0.101373
98 41 64 128 0.183582
99 41 64 128 0.0647872
100 41 64 128 0.0422463
101 41 64 128 0.0153576
8 42 64 128 0.0181971
9 42 64 128 0.0478029
10 42 64 128 0.0853671
11 42 64 128 0.108339
12 42 64 128 0.0861813
13 42 64 128 0.0862688
14 42 64 128 0.0387284
15 42 64 128 0.0191651
37 42 64 128 0.0160114
38 42 64 128 0.0263413
39 42 64 128 0.0330164
40 42 64 128 0.0404862
41 42 64 128 0.0324118
42 42 64 128 0.0235474
43 42 64 128 0.0109653
66 42 64 128 0.0100561
67 42 64 128 0.05128
68 42 64 128 0.138105
69 42 64 128 0.228316
70 42 64 128 0.179396
71 42 64 128 0.134965
72 42 64 128 0.0723918
73 42 64 128 0.0272207
96 42 64 128 0.025134
97 42 64 128 0.061291
98 42 64 128 0.108071
99 42 64 128 0.045546
100 42 64 128 0.0291973
101 42 64 128 0.0125956
8 43 64 128 0.0102567
9 43 64 128 0.0288967
10 43 64 128 0.051687
11 43 64 128 0.0729363
12 43 64 128 0.0591564
13 43 64 128 0.0617387
14 43 64 128 0.0229935
15 43 64 128 0.0129307
37 43 64 128 0.0144185
38 43 64 128 0.023907
39 43 64 128 0.0349313
40 43 64 128 0.0416961
41 43 64 128 0.0372253
42 43 64 128 0.0259972
43 43 64 128 0.0123627
67 43 64 128 0.0298063
68 43 64 128 0.0795278
69 43 64 128 0.11782
70 43 64 128 0.114801
71 43 64 128 0.0723338
72 43 64 128 0.0408858
73 43 64 128 0.0177477
96 43 64 128 0.0223488
97 43 64 128 0.0518367
98 43 64 128 0.102904
99 43 64 128 0.0482466
100 43 64 128 0.0329543
101 43 64 128 0.0146229
9 44 64 128 0.011939
10 44 64 128 0.0245621
11 44 64 128 0.0385148
12 44 64 128 0.0344898
13 44 64 128 0.0372314
14 44 64 128 0.0166475
15 44 64 128 0.0104573
37 44 64 128 0.0150884
38 44 64 128 0.023686
39 44 64 128 0.0310732
40 44 64 128 0.0360847
41 44 64 128 0.0339547
42 44 64 128 0.0311245
43 44 64 128 0.0146982
67 44 64 128 0.0255725
68 44 64 128 0.0644878
69 44 64 128 0.0947618
70 44 64 128 0.0922991
71 44 64 128 0.0575352
72 44 64 128 0.0350399
73 44 64 128 0.016722
96 44 64 128 0.0158639
97 44 64 128 0.0365645
98 44 64 128 0.0728546
99 44 64 128 0.0381059
100 44 64 128 0.0327518
101 44 64 128 0.0148862
9 45 64 128 0.0119369
10 45 64 128 0.0237537
11 45 64 128 0.0311008
12 45 64 128 0.028255
13 45 64 128 0.0274675
14 45 64 128 0.0124954
37 45 64 128 0.0116978
38 45 64 128 0.0189718
39 45 64 128 0.0277039
40 45 64 128 0.0322114
41 45 64 128 0.0305838
42 45 64 128 0.0286135
43 45 64 128 0.0158703
67 45 64 128 0.0130671
68 45 64 128 0.0339338
69 45 64 128 0.0412739
70 45 64 128 0.0406397
71 45 64 128 0.0272739
72 45 64 128 0.019385
73 45 64 128 0.0106268
96 45 64 128 0.0164121
97 45 64 128 0.0365837
98 45 64 128 0.0863736
99 45 64 128 0.0461341
100 45 64 128 0.0362261
101 45 64 128 0.0165546
10 46 64 128 0.0134658
11 46 64 128 0.0190005
12 46 64 128 0.0184971
13 46 64 128 0.0167173
37 46 64 128 0.01353
38 46 64 128 0.022153
39 46 64 128 0.0303417
40 46 64 128 0.0320792
41 46 64 128 0.0291574
42 46 64 128 0.0292358
43 46 64 128 0.0175008
67 46 64 128 0.0123927
68 46 64 128 0.0286017
69 46 64 128 0.0386379
70 46 64 128 0.0320798
71 46 64 128 0.0251144
72 46 64 128 0.0185909
73 46 64 128 0.0113909
96 46 64 128 0.0104475
97 46 64 128 0.0291077
98 46 64 128 0.0594213
99 46 64 128 0.034074
100 46 64 128 0.028426
101 46 64 128 0.0150615
10 47 64 128 0.0130392
11 47 64 128 0.0185909
12 47 64 128 0.0173559
13 47 64 128 0.0147488
37 47 64 128 0.0101202
38 47 64 128 0.021093
39 47 64 128 0.029219
40 47 64 128 0.0325986
41 47 64 128 0.0297537
42 47 64 128 0.0309516
43 47 64 128 0.0198633
44 47 64 128 0.0107852
68 47 64 128 0.0161324
69 47 64 128 0.0208909
70 47 64 128 0.0170038
71 47 64 128 0.0138546
72 47 64 128 0.0112963
97 47 64 128 0.0181011
98 47 64 128 0.0439132
99 47 64 128 0.0296091
100 47 64 128 0.0249143
101 47 64 128 0.01438
11 48 64 128 0.0129124
12 48 64 128 0.0115686
13 48 64 128 0.0109057
38 48 64 128 0.0150491
39 48 64 128 0.0196059
40 48 64 128 0.0231003
41 48 64 128 0.0207798
42 48 64 128 0.0242957
43 48 64 128 0.0171486
44 48 64 128 0.011174
69 48 64 128 0.01473
70 48 64 128 0.0122055
71 48 64 128 0.0108764
72 48 64 128 0.0100173
97 48 64 128 0.0139568
98 48 64 128 0.0300419
99 48 64 128 0.0219602
100 48 64 128 0.0210557
101 48 64 128 0.0136022
102 48 64 128 0.0104082
11 49 64 128 0.0119193
12 49 64 128 0.0117446
13 49 64 128 0.0103173
40 49 64 128 0.0146194
41 49 64 128 0.0135034
42 49 64 128 0.0168789
43 49 64 128 0.0135244
97 49 64 128 0.0121786
98 49 64 128 0.0282477
99 49 64 128 0.0184193
100 49 64 128 0.018002
101 49 64 128 0.0107094
72 50 64 128 0.0120251
73 50 64 128 0.0102313
97 50 64 128 0.0119762
98 50 64 128 0.0217467
99 50 64 128 0.0174383
100 50 64 128 0.0163834
101 50 64 128 0.0100248
72 51 64 128 0.0155772
73 51 64 128 0.0125854
98 51 64 128 0.0144836
99 51 64 128 0.0142268
100 51 64 128 0.0121608
42 52 64 128 0.011464
43 52 64 128 0.0117785
71 52 64 128 0.0162652
72 52 64 128 0.0264235
73 52 64 128 0.0252357
74 52 64 128 0.0130003
98 52 64 128 0.0160107
99 52 64 128 0.0141056
100 52 64 128 0.0145002
101 52 64 128 0.0112636
102 52 64 128 0.0122043
10 53 64 128 0.0100545
11 53 64 128 0.0129286
12 53 64 128 0.0144767
13 53 64 128 0.0154174
14 53 64 128 0.0112532
40 53 64 128 0.0101062
41 53 64 128 0.0101577
42 53 64 128 0.0208088
43 53 64 128 0.0239283
44 53 64 128 0.0171867
45 53 64 128 0.0110583
71 53 64 128 0.0176465
72 53 64 128 0.0397218
73 53 64 128 0.0383259
74 53 64 128 0.021576
98 53 64 128 0.013447
99 53 64 128 0.0130841
100 53 64 128 0.0142968
101 53 64 128 0.0108271
102 53 64 128 0.0127662
10 54 64 128 0.0137592
11 54 64 128 0.0187605
12 54 64 128 0.0251799
13 54 64 128 0.0295745
14 54 64 128 0.021472
15 54 64 128 0.0116375
40 54 64 128 0.0124198
41 54 64 128 0.0138288
42 54 64 128 0.0257392
43 54 64 128 0.0328094
44 54 64 128 0.0259831
45 54 64 128 0.0152324
70 54 64 128 0.0120984
71 54 64 128 0.034042
72 54 64 128 0.0843829
73 54 64 128 0.100473
74 54 64 128 0.0575336
75 54 64 128 0.0239411
98 54 64 128 0.0145873
99 54 64 128 0.0150685
100 54 64 128 0.0165314
101 54 64 128 0.0127271
102 54 64 128 0.0155329
103 54 64 128 0.0137963
104 54 64 128 0.0166314
9 55 64 128 0.0136595
10 55 64 128 0.0273614
11 55 64 128 0.0324141
12 55 64 128 0.046054
13 55 64 128 0.0491588
14 55 64 128 0.0376779
15 55 64 128 0.0198042
16 55 64 128 0.0129805
40 55 64 128 0.015345
41 55 64 128 0.0176655
42 55 64 128 0.0303559
43 55 64 128 0.0329019
44 55 64 128 0.0277732
45 55 64 128 0.0186412
70 55 64 128 0.0117336
71 55 64 128 0.0331874
72 55 64 128 0.106328
73 55 64 128 0.103155
74 55 64 128 0.0641763
75 55 64 128 0.0254785
76 55 64 128 0.0101388
98 55 64 128 0.0104456
99 55 64 128 0.0126346
100 55 64 128 0.0148305
101 55 64 128 0.0133331
102 55 64 128 0.017657
103 55 64 128 0.0165862
104 55 64 128 0.01979
9 56 64 128 0.0186886
10 56 64 128 0.0407524
11 56 64 128 0.0533541
12 56 64 128 0.0661687
13 56 64 128 0.0818013
14 56 64 128 0.0614214
15 56 64 128 0.0350271
16 56 64 128 0.0203809
17 56 64 128 0.0111139
40 56 64 128 0.012048
41 56 64 128 0.014516
42 56 64 128 0.0255937
43 56 64 128 0.0301524
44 56 64 128 0.0294799
45 56 64 128 0.0189099
70 56 64 128 0.0162964
71 56 64 128 0.0557861
72 56 64 128 0.137946
73 56 64 128 0.16627
74 56 64 128 0.0925353
75 56 64 128 0.045481
76 56 64 128 0.0155556
98 56 64 128 0.0131643
99 56 64 128 0.0148044
100 56 64 128 0.0184446
101 56 64 128 0.0205371
102 56 64 128 0.0336766
103 56 64 128 0.0297784
104 56 64 128 0.0404799
105 56 64 128 0.015195
9 57 64 128 0.0245337
10 57 64 128 0.0459245
11 57 64 128 0.0644919
12 57 64 128 0.0866138
13 57 64 128 0.106464
14 57 64 128 0.0836895
15 57 64 128 0.0448174
16 57 64 128 0.0268973
17 57 64 128 0.011262
40 57 64 128 0.0116188
41 57 64 128 0.0106067
42 57 64 128 0.0190252
43 57 64 128 0.0265285
44 57 64 128 0.024181
45 57 64 128 0.0165047
71 57 64 128 0.0263385
72 57 64 128 0.103125
73 57 64 128 0.113743
74 57 64 128 0.081107
75 57 64 128 0.0426568
76 57 64 128 0.0190228
94 57 64 128 0.0107673
96 57 64 128 0.0120419
98 57 64 128 0.0118543
99 57 64 128 0.012235
100 57 64 128 0.020086
101 57 64 128 0.0209359
102 57 64 128 0.0329805
103 57 64 128 0.0259541
104 57 64 128 0.0405842
105 57 64 128 0.0171802
9 58 64 128 0.0189702
10 58 64 128 0.0345326
11 58 64 128 0.0533877
12 58 64 128 0.0751599
13 58 64 128 0.0906636
14 58 64 128 0.0797302
15 58 64 128 0.0497737
16 58 64 128 0.0299189
17 58 64 128 0.0122009
42 58 64 128 0.0132622
43 58 64 128 0.0185521
44 58 64 128 0.0168449
45 58 64 128 0.0135771
71 58 64 128 0.0321918
72 58 64 128 0.114888
73 58 64 128 0.155917
74 58 64 128 0.0947044
75 58 64 128 0.057772
76 58 64 128 0.020847
93 58 64 128 0.0122182
94 58 64 128 0.0123916
100 58 64 128 0.015436
101 58 64 128 0.0182619
102 58 64 128 0.0318672
103 58 64 128 0.0338449
104 58 64 128 0.0457053
105 58 64 128 0.0220827
9 59 64 128 0.0163262
10 59 64 128 0.0298175
11 59 64 128 0.0505016
12 59 64 128 0.068421
13 59 64 128 0.0793221
14 59 64 128 0.0709471
15 59 64 128 0.0465791
16 59 64 128 0.0348325
17 59 64 128 0.0134102
40 59 64 128 0.0104464
41 59 64 128 0.0107006
42 59 64 128 0.0143864
43 59 64 128 0.0163783
44 59 64 128 0.0140167
45 59 64 128 0.0130546
71 59 64 128 0.0147825
72 59 64 128 0.0587542
73 59 64 128 0.0706839
74 59 64 128 0.0547104
75 59 64 128 0.0325965
76 59 64 128 0.0148768
101 59 64 128 0.0116902
102 59 64 128 0.0202005
103 59 64 128 0.0202243
104 59 64 128 0.0294451
105 59 64 128 0.0154196
9 60 64 128 0.0103214
10 60 64 128 0.0175966
11 60 64 128 0.0280842
12 60 64 128 0.0422356
13 60 64 128 0.0548435
14 60 64 128 0.0498439
15 60 64 128 0.0356247
16 60 64 128 0.0245069
17 60 64 128 0.0110721
42 60 64 128 0.0113178
43 60 64 128 0.0158034
44 60 64 128 0.0126895
45 60 64 128 0.0138469
71 60 64 128 0.0161554
72 60 64 128 0.0523484
73 60 64 128 0.085239
74 60 64 128 0.0503075
75 60 64 128 0.038457
76 60 64 128 0.0176612
102 60 64 128 0.016492
103 60 64 128 0.0188719
104 60 64 128 0.0289915
105 60 64 128 0.0136481
11 61 64 128 0.0147113
12 61 64 128 0.0219173
13 61 64 128 0.0292548
14 61 64 128 0.0250666
15 61 64 128 0.018282
16 61 64 128 0.012182
42 61 64 128 0.0106401
43 61 64 128 0.0140937
44 61 64 128 0.0119454
72 61 64 128 0.0253009
73 61 64 128 0.0373022
74 61 64 128 0.0316463
75 61 64 128 0.0254896
76 61 64 128 0.0151726
104 61 64 128 0.0148379
12 62 64 128 0.0100924
13 62 64 128 0.0120792
14 62 64 128 0.0123321
71 62 64 128 0.0118084
72 62 64 128 0.0306946
73 62 64 128 0.0494779
74 62 64 128 0.0302094
75 62 64 128 0.0283769
76 62 64 128 0.0126014
72 63 64 128 0.011992
73 63 64 128 0.017557
74 63 64 128 0.0138733
75 63 64 128 0.0119513
72 64 64 128 0.0110722
73 64 64 128 0.0173321
74 64 64 128 0.010876
75 64 64 128 0.0102779
93 64 64 128 0.0114686
94 64 64 128 0.0101014
92 65 64 128 0.0109858
93 65 64 128 0.0140206
94 65 64 128 0.0131284
92 66 64 128 0.0124566
93 66 64 128 0.0152479
94 66 64 128 0.0150342
92 67 64 128 0.0169523
93 67 64 128 0.0178623
94 67 64 128 0.01888
92 68 64 128 0.0196668
93 68 64 128 0.0208562
94 68 64 128 0.0260924
92 69 64 128 0.0154454
93 69 64 128 0.0168383
94 69 64 128 0.0237149
95 69 64 128 0.0107063
101 69 64 128 0.0113843
102 69 64 128 0.0124777
92 70 64 128 0.0123501
93 70 64 128 0.0158972
94 70 64 128 0.0262227
95 70 64 128 0.0133905
96 70 64 128 0.0120304
101 70 64 128 0.0147153
102 70 64 128 0.0152632
93 71 64 128 0.0106812
94 71 64 128 0.0201571
95 71 64 128 0.0109666
96 71 64 128 0.0123636
101 71 64 128 0.0180348
102 71 64 128 0.014766
94 72 64 128 0.0125706
96 72 64 128 0.0112683
101 72 64 128 0.0144156
102 72 64 128 0.0125393
101 73 64 128 0.0137271
195 79 64 128 0.0100691
249 79 64 128 0.011655
250 79 64 128 0.0151793
251 79 64 128 0.0111205
195 80 64 128 0.0112838
246 80 64 128 0.0133708
247 80 64 128 0.0105356
248 80 64 128 0.0119763
249 80 64 128 0.0142078
250 80 64 128 0.0159582
251 80 64 128 0.0117807
252 80 64 128 0.0108013
249 81 64 128 0.0122725
250 81 64 128 0.0137649
251 81 64 128 0.0107006
252 81 64 128 0.0129404
194 82 64 128 0.0142596
195 82 64 128 0.0168094
246 82 64 128 0.0119328
248 82 64 128 0.0102281
249 82 64 128 0.0141214
250 82 64 128 0.0156517
251 82 64 128 0.0101769
252 82 64 128 0.01125
194 83 64 128 0.0178324
195 83 64 128 0.0207409
196 83 64 128 0.0106077
249 83 64 128 0.0108941
250 83 64 128 0.0114661
194 84 64 128 0.0219414
195 84 64 128 0.0220119
196 84 64 128 0.0102569
194 85 64 128 0.0151976
195 85 64 128 0.0137164
252 85 64 128 0.0109484
59 86 64 128 0.0105195
194 86 64 128 0.0162994
195 86 64 128 0.0112433
223 86 64 128 0.0117245
224 86 64 128 0.014801
225 86 64 128 0.0100203
252 86 64 128 0.0130598
55 87 64 128 0.0108473
56 87 64 128 0.0115047
57 87 64 128 0.019849
58 87 64 128 0.0147246
59 87 64 128 0.0158671
60 87 64 128 0.0120262
80 87 64 128 0.011425
83 87 64 128 0.0102487
194 87 64 128 0.012216
221 87 64 128 0.0117372
222 87 64 128 0.0155042
223 87 64 128 0.0276742
224 87 64 128 0.0210405
225 87 64 128 0.0164609
252 87 64 128 0.0115328
54 88 64 128 0.0109528
55 88 64 128 0.0243286
56 88 64 128 0.0300924
57 88 64 128 0.0462491
58 88 64 128 0.0357006
59 88 64 128 0.0352092
60 88 64 128 0.0292808
61 88 64 128 0.0175748
79 88 64 128 0.0249007
80 88 64 128 0.0253414
81 88 64 128 0.0203073
82 88 64 128 0.0131931
83 88 64 128 0.0192227
84 88 64 128 0.0100647
85 88 64 128 0.0113648
110 88 64 128 0.0101382
194 88 64 128 0.0119681
221 88 64 128 0.0202895
222 88 64 128 0.0292092
223 88 64 128 0.0354496
224 88 64 128 0.0360006
225 88 64 128 0.0201564
252 88 64 128 0.0114341
54 89 64 128 0.0188418
55 89 64 128 0.0366959
56 89 64 128 0.0459048
57 89 64 128 0.0641109
58 89 64 128 0.061503
59 89 64 128 0.0519874
60 89 64 128 0.0466033
61 89 64 128 0.0283127
62 89 64 128 0.0167674
78 89 64 128 0.014197
79 89 64 128 0.0378488
80 89 64 128 0.0407733
81 89 64 128 0.0314842
82 89 64 128 0.0224682
83 89 64 128 0.0300912
84 89 64 128 0.0154836
85 89 64 128 0.0140612
86 89 64 128 0.0118396
92 89 64 128 0.0151704
93 89 64 128 0.0144916
108 89 64 128 0.0182502
109 89 64 128 0.0350813
110 89 64 128 0.0348963
111 89 64 128 0.0254202
112 89 64 128 0.0256271
113 89 64 128 0.0140313
207 89 64 128 0.018065
208 89 64 128 0.0246567
209 89 64 128 0.0149744
220 89 64 128 0.0139016
221 89 64 128 0.0272431
222 89 64 128 0.0329956
223 89 64 128 0.0502087
224 89 64 128 0.039719
225 89 64 128 0.0281181
226 89 64 128 0.0115186
250 89 64 128 0.0104703
251 89 64 128 0.0114818
252 89 64 128 0.0161608
53 90 64 128 0.0152462
54 90 64 128 0.0368684
55 90 64 128 0.0565078
56 90 64 128 0.0786194
57 90 64 128 0.111031
58 90 64 128 0.12236
59 90 64 128 0.100938
60 90 64 128 0.0945864
61 90 64 128 0.0565419
62 90 64 128 0.0401802
63 90 64 128 0.0178731
76 90 64 128 0.010106
77 90 64 128 0.0196857
78 90 64 128 0.0293252
79 90 64 128 0.0739917
80 90 64 128 0.0754146
81 90 64 128 0.05294
82 90 64 128 0.0274291
83 90 64 128 0.0342219
84 90 64 128 0.0166593
85 90 64 128 0.0167264
86 90 64 128 0.0141095
87 90 64 128 0.0112168
92 90 64 128 0.0146617
93 90 64 128 0.0139116
108 90 64 128 0.0184929
109 90 64 128 0.0207814
110 90 64 128 0.0214959
111 90 64 128 0.0142674
112 90 64 128 0.0140552
190 90 64 128 0.0112783
191 90 64 128 0.0119009
192 90 64 128 0.012373
193 90 64 128 0.0111517
206 90 64 128 0.0134123
207 90 64 128 0.0281601
208 90 64 128 0.0372861
209 90 64 128 0.0179992
219 90 64 128 0.0110088
220 90 64 128 0.0213636
221 90 64 128 0.0322896
222 90 64 128 0.0467774
223 90 64 128 0.0527316
224 90 64 128 0.0546149
225 90 64 128 0.0319875
226 90 64 128 0.0144746
53 91 64 128 0.0130255
54 91 64 128 0.0333108
55 91 64 128 0.0432507
56 91 64 128 0.0649446
57 91 64 128 0.0955095
58 91 64 128 0.0917842
59 91 64 128 0.0871494
60 91 64 128 0.0762354
61 91 64 128 0.0507396
62 91 64 128 0.0362151
63 91 64 128 0.0218498
77 91 64 128 0.0119413
78 91 64 128 0.0225677
79 91 64 128 0.065728
80 91 64 128 0.0600527
81 91 64 128 0.0410842
82 91 64 128 0.0233692
83 91 64 128 0.0234422
84 91 64 128 0.0101957
85 91 64 128 0.0101321
86 91 64 128 0.0100258
92 91 64 128 0.0104913
93 91 64 128 0.0114529
106 91 64 128 0.0133358
107 91 64 128 0.0140597
108 91 64 128 0.0296546
109 91 64 128 0.0466088
110 91 64 128 0.0505538
111 91 64 128 0.0337165
112 91 64 128 0.0296893
113 91 64 128 0.0185572
114 91 64 128 0.0125945
115 91 64 128 0.0196661
116 91 64 128 0.0246447
117 91 64 128 0.0204271
118 91 64 128 0.011951
119 91 64 128 0.0102404
190 91 64 128 0.0100615
191 91 64 128 0.0114469
192 91 64 128 0.0107206
193 91 64 128 0.0111687
205 91 64 128 0.0103136
206 91 64 128 0.020591
207 91 64 128 0.0362967
208 91 64 128 0.0563048
209 91 64 128 0.0432998
210 91 64 128 0.0173634
211 91 64 128 0.0132141
212 91 64 128 0.0133256
213 91 64 128 0.012329
217 91 64 128 0.0107552
218 91 64 128 0.014945
219 91 64 128 0.028735
220 91 64 128 0.0324352
221 91 64 128 0.0485329
222 91 64 128 0.0471793
223 91 64 128 0.0565395
224 91 64 128 0.0331004
225 91 64 128 0.0228188
226 91 64 128 0.0104099
54 92 64 128 0.0239556
55 92 64 128 0.0303467
56 92 64 128 0.0444945
57 92 64 128 0.0579059
58 92 64 128 0.0615848
59 92 64 128 0.0514554
60 92 64 128 0.0456588
61 92 64 128 0.0365104
62 92 64 128 0.0302045
63 92 64 128 0.018573
77 92 64 128 0.0159046
78 92 64 128 0.0227189
79 92 64 128 0.0678921
80 92 64 128 0.0660807
81 92 64 128 0.0412241
82 92 64 128 0.0186076
83 92 64 128 0.0193662
87 92 64 128 0.0103147
92 92 64 128 0.0124524
93 92 64 128 0.0120951
106 92 64 128 0.0100384
107 92 64 128 0.0114828
108 92 64 128 0.0305892
109 92 64 128 0.0342026
110 92 64 128 0.0435591
111 92 64 128 0.0256302
112 92 64 128 0.0251999
113 92 64 128 0.0129014
114 92 64 128 0.0115802
115 92 64 128 0.0149397
116 92 64 128 0.0226141
117 92 64 128 0.0142548
118 92 64 128 0.0105448
190 92 64 128 0.0112517
191 92 64 128 0.0112468
192 92 64 128 0.0110371
193 92 64 128 0.010095
206 92 64 128 0.0179225
207 92 64 128 0.0248545
208 92 64 128 0.0467813
209 92 64 128 0.0293842
210 92 64 128 0.017003
211 92 64 128 0.0125505
212 92 64 128 0.0125761
213 92 64 128 0.0113661
218 92 64 128 0.0131563
219 92 64 128 0.0291968
220 92 64 128 0.0327539
221 92 64 128 0.0460201
222 92 64 128 0.0412143
223 92 64 128 0.0485027
224 92 64 128 0.0328436
225 92 64 128 0.0226674
226 92 64 128 0.01181
54 93 64 128 0.010168
55 93 64 128 0.0124704
56 93 64 128 0.0196075
57 93 64 128 0.023161
58 93 64 128 0.0249487
59 93 64 128 0.0182414
60 93 64 128 0.0184379
61 93 64 128 0.0153352
62 93 64 128 0.0178111
63 93 64 128 0.0112124
77 93 64 128 0.0137667
78 93 64 128 0.0247523
79 93 64 128 0.0663221
80 93 64 128 0.0653501
81 93 64 128 0.0397361
82 93 64 128 0.0218592
83 93 64 128 0.016696
90 93 64 128 0.0100545
91 93 64 128 0.0102288
92 93 64 128 0.0179257
93 93 64 128 0.0152182
105 93 64 128 0.0100028
106 93 64 128 0.0252877
107 93 64 128 0.0261305
108 93 64 128 0.0479419
109 93 64 128 0.0632656
110 93 64 128 0.0924085
111 93 64 128 0.054707
112 93 64 128 0.0457355
113 93 64 128 0.0340921
114 93 64 128 0.0340265
115 93 64 128 0.055028
116 93 64 128 0.0706682
117 93 64 128 0.0621925
118 93 64 128 0.029152
119 93 64 128 0.0195121
120 93 64 128 0.0111816
160 93 64 128 0.0100078
206 93 64 128 0.0204665
207 93 64 128 0.0324614
208 93 64 128 0.0742127
209 93 64 128 0.048339
210 93 64 128 0.0373132
211 93 64 128 0.0205723
212 93 64 128 0.0263705
213 93 64 128 0.0239242
214 93 64 128 0.0159621
215 93 64 128 0.0124619
217 93 64 128 0.0133811
218 93 64 128 0.0165666
219 93 64 128 0.0384202
220 93 64 128 0.0428872
221 93 64 128 0.0534403
222 93 64 128 0.0401094
223 93 64 128 0.0674813
224 93 64 128 0.0437873
225 93 64 128 0.0347017
226 93 64 128 0.0187102
227 93 64 128 0.0123965
15 94 64 128 0.0106075
57 94 64 128 0.0120487
58 94 64 128 0.0137994
59 94 64 128 0.0100953
61 94 64 128 0.0108744
62 94 64 128 0.0138437
63 94 64 128 0.0101719
76 94 64 128 0.010062
77 94 64 128 0.0217676
78 94 64 128 0.0323623
79 94 64 128 0.0830689
80 94 64 128 0.0812294
81 94 64 128 0.066512
82 94 64 128 0.0268065
83 94 64 128 0.0216128
84 94 64 128 0.0111236
85 94 64 128 0.0105634
86 94 64 128 0.0122926
87 94 64 128 0.0127255
88 94 64 128 0.0100309
89 94 64 128 0.010038
90 94 64 128 0.0147853
91 94 64 128 0.0141045
92 94 64 128 0.0284223
93 94 64 128 0.0250964
94 94 64 128 0.0137532
104 94 64 128 0.0104301
105 94 64 128 0.0107692
106 94 64 128 0.0221322
107 94 64 128 0.022627
108 94 64 128 0.0404668
109 94 64 128 0.0330882
110 94 64 128 0.0461864
111 94 64 128 0.032242
112 94 64 128 0.0266016
113 94 64 128 0.018168
114 94 64 128 0.0206544
115 94 64 128 0.0340987
116 94 64 128 0.0411728
117 94 64 128 0.0331735
118 94 64 128 0.0199151
119 94 64 128 0.0131166
162 94 64 128 0.0109394
163 94 64 128 0.0110776
206 94 64 128 0.0198824
207 94 64 128 0.0321995
208 94 64 128 0.0694426
209 94 64 128 0.0409293
210 94 64 128 0.0375506
211 94 64 128 0.0246885
212 94 64 128 0.0300802
213 94 64 128 0.0213395
214 94 64 128 0.0138025
215 94 64 128 0.0115717
217 94 64 128 0.0104091
218 94 64 128 0.0170148
219 94 64 128 0.0353802
220 94 64 128 0.0529946
221 94 64 128 0.0640555
222 94 64 128 0.060136
223 94 64 128 0.0843368
224 94 64 128 0.0907812
225 94 64 128 0.0647683
226 94 64 128 0.0589403
227 94 64 128 0.0435118
228 94 64 128 0.0240669
229 94 64 128 0.0131744
14 95 64 128 0.0100961
15 95 64 128 0.0160438
16 95 64 128 0.0139834
77 95 64 128 0.0139701
78 95 64 128 0.0204869
79 95 64 128 0.0460885
80 95 64 128 0.0439073
81 95 64 128 0.0331304
82 95 64 128 0.0166579
83 95 64 128 0.0147994
87 95 64 128 0.0100116
89 95 64 128 0.0102791
90 95 64 128 0.0147602
91 95 64 128 0.0154835
92 95 64 128 0.0294826
93 95 64 128 0.032285
94 95 64 128 0.0147711
104 95 64 128 0.0160434
105 95 64 128 0.0178474
106 95 64 128 0.049152
107 95 64 128 0.033913
108 95 64 128 0.0535429
109 95 64 128 0.0516186
110 95 64 128 0.0730904
111 95 64 128 0.0480019
112 95 64 128 0.0354606
113 95 64 128 0.0303749
114 95 64 128 0.0359545
115 95 64 128 0.0574894
116 95 64 128 0.0719154
117 95 64 128 0.0663927
118 95 64 128 0.0440776
119 95 64 128 0.0262185
120 95 64 128 0.0128673
162 95 64 128 0.0100295
163 95 64 128 0.0106847
206 95 64 128 0.0197239
207 95 64 128 0.0291434
208 95 64 128 0.0608793
209 95 64 128 0.0439183
210 95 64 128 0.0463271
211 95 64 128 0.0429578
212 95 64 128 0.0586749
213 95 64 128 0.054367
214 95 64 128 0.0413391
215 95 64 128 0.0305979
216 95 64 128 0.0177649
217 95 64 128 0.0256103
218 95 64 128 0.0348824
219 95 64 128 0.0769281
220 95 64 128 0.0718524
221 95 64 128 0.101193
222 95 64 128 0.0941579
223 95 64 128 0.143147
224 95 64 128 0.118763
225 95 64 128 0.126023
226 95 64 128 0.11276
227 95 64 128 0.113053
228 95 64 128 0.0595699
229 95 64 128 0.0359249
230 95 64 128 0.0139547
0 96 64 128 0.0103542
12 96 64 128 0.0183669
13 96 64 128 0.0335342
14 96 64 128 0.0323141
15 96 64 128 0.0448228
16 96 64 128 0.0349687
17 96 64 128 0.020514
75 96 64 128 0.0101699
76 96 64 128 0.0114901
77 96 64 128 0.0207458
78 96 64 128 0.0209298
79 96 64 128 0.0494472
80 96 64 128 0.0462853
81 96 64 128 0.0314526
82 96 64 128 0.0135552
83 96 64 128 0.012216
86 96 64 128 0.0113725
87 96 64 128 0.0116063
88 96 64 128 0.0124145
89 96 64 128 0.0132701
90 96 64 128 0.0198155
91 96 64 128 0.0220022
92 96 64 128 0.0409004
93 96 64 128 0.0496533
94 96 64 128 0.024717
104 96 64 128 0.0255822
105 96 64 128 0.0197016
106 96 64 128 0.0379758
107 96 64 128 0.0291177
108 96 64 128 0.0464177
109 96 64 128 0.0329686
110 96 64 128 0.0455325
111 96 64 128 0.0316662
112 96 64 128 0.0259236
113 96 64 128 0.0168504
114 96 64 128 0.0198957
115 96 64 128 0.0343305
116 96 64 128 0.0522379
117 96 64 128 0.0312678
118 96 64 128 0.0298636
119 96 64 128 0.0135841
162 96 64 128 0.010622
163 96 64 128 0.0141961
164 96 64 128 0.0117304
180 96 64 128 0.0102432
206 96 64 128 0.0131147
207 96 64 128 0.0162672
208 96 64 128 0.0343536
209 96 64 128 0.0269364
210 96 64 128 0.0426525
211 96 64 128 0.0451484
212 96 64 128 0.0752803
213 96 64 128 0.0712756
214 96 64 128 0.044675
215 96 64 128 0.0440446
216 96 64 128 0.0208783
217 96 64 128 0.0247455
218 96 64 128 0.0332762
219 96 64 128 0.074466
220 96 64 128 0.0780782
221 96 64 128 0.111711
222 96 64 128 0.127741
223 96 64 128 0.193155
224 96 64 128 0.161168
225 96 64 128 0.195791
226 96 64 128 0.196392
227 96 64 128 0.212708
228 96 64 128 0.134826
229 96 64 128 0.0992531
230 96 64 128 0.0359452
231 96 64 128 0.0120712
11 97 64 128 0.0151625
12 97 64 128 0.0326551
13 97 64 128 0.0622941
14 97 64 128 0.0601162
15 97 64 128 0.0821115
16 97 64 128 0.0594932
17 97 64 128 0.0334369
18 97 64 128 0.0146467
77 97 64 128 0.0150827
78 97 64 128 0.0180008
79 97 64 128 0.0304036
80 97 64 128 0.0222182
81 97 64 128 0.0167134
89 97 64 128 0.0105513
90 97 64 128 0.0195937
91 97 64 128 0.0216773
92 97 64 128 0.054505
93 97 64 128 0.0582171
94 97 64 128 0.0325805
104 97 64 128 0.0227005
105 97 64 128 0.0145368
106 97 64 128 0.0360485
107 97 64 128 0.0269909
108 97 64 128 0.033887
109 97 64 128 0.0302097
110 97 64 128 0.045254
111 97 64 128 0.0373239
112 97 64 128 0.02964
113 97 64 128 0.0211444
114 97 64 128 0.032928
115 97 64 128 0.0525438
116 97 64 128 0.0737457
117 97 64 128 0.0552274
118 97 64 128 0.0460812
119 97 64 128 0.0209955
120 97 64 128 0.0117783
138 97 64 128 0.0120916
139 97 64 128 0.0178612
140 97 64 128 0.0198342
161 97 64 128 0.0107858
162 97 64 128 0.0142302
163 97 64 128 0.01897
164 97 64 128 0.0138754
208 97 64 128 0.0182887
209 97 64 128 0.0156761
210 97 64 128 0.0326403
211 97 64 128 0.033023
212 97 64 128 0.0848391
213 97 64 128 0.0680239
214 97 64 128 0.0644263
215 97 64 128 0.0372853
216 97 64 128 0.0198977
217 97 64 128 0.0225406
218 97 64 128 0.0265079
219 97 64 128 0.0499571
220 97 64 128 0.0559682
221 97 64 128 0.0878671
222 97 64 128 0.0959726
223 97 64 128 0.154823
224 97 64 128 0.125558
225 97 64 128 0.172118
226 97 64 128 0.189395
227 97 64 128 0.247011
228 97 64 128 0.152607
229 97 64 128 0.117867
230 97 64 128 0.0360635
231 97 64 128 0.0122657
0 98 64 128 0.012283
2 98 64 128 0.013904
11 98 64 128 0.0257932
12 98 64 128 0.054451
13 98 64 128 0.084608
14 98 64 128 0.0847838
15 98 64 128 0.106411
16 98 64 128 0.0679808
17 98 64 128 0.0356377
18 98 64 128 0.0169327
77 98 64 128 0.0106571
79 98 64 128 0.0175839
80 98 64 128 0.0117004
90 98 64 128 0.0156326
91 98 64 128 0.0158415
92 98 64 128 0.0375392
93 98 64 128 0.046499
94 98 64 128 0.029651
104 98 64 128 0.013263
106 98 64 128 0.0172579
107 98 64 128 0.0134453
108 98 64 128 0.0162287
109 98 64 128 0.0131432
110 98 64 128 0.0200321
111 98 64 128 0.0202447
112 98 64 128 0.0148767
114 98 64 128 0.0156365
115 98 64 128 0.0261592
116 98 64 128 0.0372145
117 98 64 128 0.0194076
118 98 64 128 0.0203432
119 98 64 128 0.0105211
139 98 64 128 0.0132197
140 98 64 128 0.0158681
161 98 64 128 0.0160584
162 98 64 128 0.0257359
163 98 64 128 0.041318
164 98 64 128 0.0296961
165 98 64 128 0.0190323
210 98 64 128 0.0211099
211 98 64 128 0.023818
212 98 64 128 0.0675365
213 98 64 128 0.0499881
214 98 64 128 0.0460178
215 98 64 128 0.0233844
216 98 64 128 0.0127692
218 98 64 128 0.0120277
219 98 64 128 0.0196105
220 98 64 128 0.0253979
221 98 64 128 0.0274215
222 98 64 128 0.0413549
223 98 64 128 0.0678445
224 98 64 128 0.0648787
225 98 64 128 0.104459
226 98 64 128 0.162198
227 98 64 128 0.222082
228 98 64 128 0.168527
229 98 64 128 0.140973
230 98 64 128 0.0574242
231 98 64 128 0.0171123
11 99 64 128 0.0158098
12 99 64 128 0.0366375
13 99 64 128 0.0583429
14 99 64 128 0.0530762
15 99 64 128 0.0606082
16 99 64 128 0.03857
17 99 64 128 0.0232861
91 99 64 128 0.011346
92 99 64 128 0.0266471
93 99 64 128 0.0395882
94 99 64 128 0.0244917
110 99 64 128 0.0106913
111 99 64 128 0.0122349
113 99 64 128 0.0102385
114 99 64 128 0.0192445
115 99 64 128 0.0403637
116 99 64 128 0.0489821
117 99 64 128 0.0418605
118 99 64 128 0.039059
119 99 64 128 0.0210263
120 99 64 128 0.0119742
138 99 64 128 0.0119161
139 99 64 128 0.0217839
140 99 64 128 0.0249707
141 99 64 128 0.013182
161 99 64 128 0.0177744
162 99 64 128 0.0317047
163 99 64 128 0.0469707
164 99 64 128 0.0337292
165 99 64 128 0.0232186
211 99 64 128 0.0115242
212 99 64 128 0.0446161
213 99 64 128 0.0339468
214 99 64 128 0.0292476
215 99 64 128 0.0177004
216 99 64 128 0.010272
219 99 64 128 0.011846
220 99 64 128 0.0118537
221 99 64 128 0.01558
222 99 64 128 0.0172386
223 99 64 128 0.0291919
224 99 64 128 0.0275836
225 99 64 128 0.0510955
226 99 64 128 0.0866942
227 99 64 128 0.159273
228 99 64 128 0.140741
229 99 64 128 0.109846
230 99 64 128 0.0390574
231 99 64 128 0.0114793
11 100 64 128 0.0166782
12 100 64 128 0.0335475
13 100 64 128 0.0514064
14 100 64 128 0.0433935
15 100 64 128 0.0393971
16 100 64 128 0.0233314
17 100 64 128 0.0120934
72 100 64 128 0.010217
73 100 64 128 0.0113277
91 100 64 128 0.0100401
92 100 64 128 0.0231913
93 100 64 128 0.0356927
94 100 64 128 0.0239152
114 100 64 128 0.0118798
115 100 64 128 0.0272886
116 100 64 128 0.0378474
117 100 64 128 0.0260261
118 100 64 128 0.0280878
119 100 64 128 0.0139946
139 100 64 128 0.0122613
140 100 64 128 0.0142404
161 100 64 128 0.0114987
162 100 64 128 0.0232314
163 100 64 128 0.0416955
164 100 64 128 0.0310116
165 100 64 128 0.0251471
212 100 64 128 0.0270677
213 100 64 128 0.023438
214 100 64 128 0.0231882
215 100 64 128 0.0151821
222 100 64 128 0.0100024
223 100 64 128 0.0161705
224 100 64 128 0.0153426
225 100 64 128 0.0354676
226 100 64 128 0.0658891
227 100 64 128 0.13195
228 100 64 128 0.132674
229 100 64 128 0.111034
230 100 64 128 0.0439485
231 100 64 128 0.0113419
11 101 64 128 0.0119203
12 101 64 128 0.0267424
13 101 64 128 0.0390486
14 101 64 128 0.0343408
15 101 64 128 0.0280028
16 101 64 128 0.0185507
72 101 64 128 0.0124527
73 101 64 128 0.0106922
92 101 64 128 0.0132311
93 101 64 128 0.0207035
94 101 64 128 0.0181709
114 101 64 128 0.0113171
115 101 64 128 0.0274734
116 101 64 128 0.0333336
117 101 64 128 0.0272001
118 101 64 128 0.028629
119 101 64 128 0.0149028
139 101 64 128 0.010485
140 101 64 128 0.0129635
162 101 64 128 0.0118228
163 101 64 128 0.0200226
164 101 64 128 0.0145728
165 101 64 128 0.0132493
212 101 64 128 0.0129596
213 101 64 128 0.0104553
214 101 64 128 0.010172
223 101 64 128 0.0120853
224 101 64 128 0.0117851
225 101 64 128 0.0309159
226 101 64 128 0.0450155
227 101 64 128 0.116072
228 101 64 128 0.0851172
229 101 64 128 0.0731282
230 101 64 128 0.0224035
12 102 64 128 0.0162785
13 102 64 128 0.0247381
14 102 64 128 0.0174032
15 102 64 128 0.0149131
72 102 64 128 0.0131171
73 102 64 128 0.0124049
93 102 64 128 0.0113608
94 102 64 128 0.0107132
115 102 64 128 0.0142071
116 102 64 128 0.0213271
117 102 64 128 0.0118339
118 102 64 128 0.0168617
225 102 64 128 0.0150248
226 102 64 128 0.0240552
227 102 64 128 0.0625633
228 102 64 128 0.0562032
229 102 64 128 0.0477668
230 102 64 128 0.0175689
115 103 64 128 0.01082
116 103 64 128 0.0159439
117 103 64 128 0.0131583
118 103 64 128 0.0166585
226 103 64 128 0.0136975
227 103 64 128 0.0295804
228 103 64 128 0.0251958
229 103 64 128 0.0156542
227 104 64 128 0.0141344
228 104 64 128 0.0155078
229 104 64 128 0.010381
