97 7 98 196 0.0129079
96 8 98 196 0.010666
97 8 98 196 0.016864
96 9 98 196 0.0110103
97 9 98 196 0.0181572
98 9 98 196 0.0107022
96 10 98 196 0.0110698
97 10 98 196 0.0177892
98 10 98 196 0.0110985
96 11 98 196 0.0104957
97 11 98 196 0.0172583
98 11 98 196 0.0111741
97 12 98 196 0.0171578
98 12 98 196 0.0107211
97 13 98 196 0.0160039
97 14 98 196 0.0139794
97 15 98 196 0.0120925
97 16 98 196 0.0101532
54 33 98 196 0.0140163
55 33 98 196 0.0164411
56 33 98 196 0.0135623
53 34 98 196 0.0112003
54 34 98 196 0.0205826
55 34 98 196 0.0245623
56 34 98 196 0.0205741
57 34 98 196 0.0123631
97 34 98 196 0.0115383
98 34 98 196 0.0102127
100 34 98 196 0.0114412
54 35 98 196 0.0147079
55 35 98 196 0.0197952
56 35 98 196 0.0180159
57 35 98 196 0.0112901
96 35 98 196 0.0129968
97 35 98 196 0.0159169
98 35 98 196 0.0166238
99 35 98 196 0.0174936
100 35 98 196 0.0178179
101 35 98 196 0.0127081
54 36 98 196 0.0157136
55 36 98 196 0.0206349
56 36 98 196 0.0207901
57 36 98 196 0.0163343
95 36 98 196 0.010769
96 36 98 196 0.0188214
97 36 98 196 0.0252391
98 36 98 196 0.0263664
99 36 98 196 0.0281904
100 36 98 196 0.0296817
101 36 98 196 0.0189328
53 37 98 196 0.0121469
54 37 98 196 0.0222521
55 37 98 196 0.0269421
56 37 98 196 0.0275026
57 37 98 196 0.0238516
58 37 98 196 0.0148125
95 37 98 196 0.0143622
96 37 98 196 0.0276153
97 37 98 196 0.0404794
98 37 98 196 0.0441199
99 37 98 196 0.0456583
100 37 98 196 0.0444769
101 37 98 196 0.0263474
54 38 98 196 0.0164861
55 38 98 196 0.0227793
56 38 98 196 0.0237665
57 38 98 196 0.0198454
58 38 98 196 0.014482
95 38 98 196 0.023767
96 38 98 196 0.0410447
97 38 98 196 0.0569893
98 38 98 196 0.0706628
99 38 98 196 0.0712436
100 38 98 196 0.05466
101 38 98 196 0.031037
102 38 98 196 0.0118526
54 39 98 196 0.0118209
55 39 98 196 0.0186342
56 39 98 196 0.019736
57 39 98 196 0.0158691
58 39 98 196 0.0131537
95 39 98 196 0.0245042
96 39 98 196 0.0447978
97 39 98 196 0.0637472
98 39 98 196 0.0727807
99 39 98 196 0.0687636
100 39 98 196 0.0529545
101 39 98 196 0.0308633
102 39 98 196 0.012264
54 40 98 196 0.0128817
55 40 98 196 0.0180663
56 40 98 196 0.0188686
57 40 98 196 0.0159794
58 40 98 196 0.0126003
94 40 98 196 0.0111213
95 40 98 196 0.021781
96 40 98 196 0.0492482
97 40 98 196 0.0794841
98 40 98 196 0.0767083
99 40 98 196 0.0651033
100 40 98 196 0.0586457
101 40 98 196 0.0350522
102 40 98 196 0.0107838
55 41 98 196 0.0116201
56 41 98 196 0.0122877
57 41 98 196 0.0107183
94 41 98 196 0.0202429
95 41 98 196 0.0373999
96 41 98 196 0.079558
97 41 98 196 0.13208
98 41 98 196 0.145612
99 41 98 196 0.129331
100 41 98 196 0.0988716
101 41 98 196 0.0546079
102 41 98 196 0.0186085
94 42 98 196 0.0183576
95 42 98 196 0.034417
96 42 98 196 0.0690965
97 42 98 196 0.113975
98 42 98 196 0.135012
99 42 98 196 0.123233
100 42 98 196 0.087017
101 42 98 196 0.0463073
102 42 98 196 0.0171884
97 43 98 196 0.0127108
98 43 98 196 0.0153176
99 43 98 196 0.0140686
105 21 85 170 0.0129887
106 21 85 170 0.0127958
104 22 85 170 0.0107012
105 22 85 170 0.0129261
106 22 85 170 0.011415
104 23 85 170 0.0114988
105 23 85 170 0.0133461
106 23 85 170 0.011369
104 24 85 170 0.013039
105 24 85 170 0.0197498
106 24 85 170 0.0188129
107 24 85 170 0.0122801
104 25 85 170 0.0123074
105 25 85 170 0.0178272
106 25 85 170 0.0169569
107 25 85 170 0.0118019
104 26 85 170 0.0133141
105 26 85 170 0.0214194
106 26 85 170 0.0213991
107 26 85 170 0.0145335
104 27 85 170 0.0142919
105 27 85 170 0.0252576
106 27 85 170 0.025541
107 27 85 170 0.0163547
108 27 85 170 0.0101202
104 28 85 170 0.011821
105 28 85 170 0.0193904
106 28 85 170 0.0181714
107 28 85 170 0.0112865
105 29 85 170 0.0157299
106 29 85 170 0.0144624
105 30 85 170 0.0109111
106 30 85 170 0.0103762
105 32 85 170 0.0123366
106 32 85 170 0.0113925
108 50 85 170 0.0144034
109 50 85 170 0.0114586
105 51 85 170 0.0116155
106 51 85 170 0.0195263
107 51 85 170 0.0294395
108 51 85 170 0.0400866
109 51 85 170 0.0278283
110 51 85 170 0.0102441
105 52 85 170 0.0253723
106 52 85 170 0.0465556
107 52 85 170 0.0788768
108 52 85 170 0.108966
109 52 85 170 0.0682577
110 52 85 170 0.0196196
104 53 85 170 0.0124347
105 53 85 170 0.0464146
106 53 85 170 0.0934596
107 53 85 170 0.163198
108 53 85 170 0.217664
109 53 85 170 0.11913
110 53 85 170 0.0231787
104 54 85 170 0.0312018
105 54 85 170 0.1208
106 54 85 170 0.23537
107 54 85 170 0.353822
108 54 85 170 0.412504
109 54 85 170 0.239842
110 54 85 170 0.0633418
103 55 85 170 0.0166173
104 55 85 170 0.0729686
105 55 85 170 0.244598
106 55 85 170 0.428624
107 55 85 170 0.57581
108 55 85 170 0.628153
109 55 85 170 0.387011
110 55 85 170 0.121653
111 55 85 170 0.0144864
103 56 85 170 0.0385278
104 56 85 170 0.155929
105 56 85 170 0.395508
106 56 85 170 0.594932
107 56 85 170 0.724972
108 56 85 170 0.776122
109 56 85 170 0.508341
110 56 85 170 0.180565
111 56 85 170 0.0199804
102 57 85 170 0.0160148
103 57 85 170 0.0963984
104 57 85 170 0.314955
105 57 85 170 0.593925
106 57 85 170 0.776595
107 57 85 170 0.867201
108 57 85 170 0.899117
109 57 85 170 0.686242
110 57 85 170 0.308165
111 57 85 170 0.0313637
74 58 85 170 0.0159606
75 58 85 170 0.0274681
76 58 85 170 0.0229183
77 58 85 170 0.0301619
78 58 85 170 0.0315526
79 58 85 170 0.030119
80 58 85 170 0.035383
81 58 85 170 0.0216457
101 58 85 170 0.0131261
102 58 85 170 0.0277065
103 58 85 170 0.167568
104 58 85 170 0.499331
105 58 85 170 0.770315
106 58 85 170 0.902024
107 58 85 170 0.952974
108 58 85 170 0.964354
109 58 85 170 0.826313
110 58 85 170 0.420559
111 58 85 170 0.0385813
74 59 85 170 0.0319648
75 59 85 170 0.0568402
76 59 85 170 0.0585746
77 59 85 170 0.0691917
78 59 85 170 0.073731
79 59 85 170 0.074383
80 59 85 170 0.0757483
81 59 85 170 0.046792
82 59 85 170 0.0191658
101 59 85 170 0.0261193
102 59 85 170 0.074569
103 59 85 170 0.286561
104 59 85 170 0.68232
105 59 85 170 0.892042
106 59 85 170 0.955208
107 59 85 170 0.978794
108 59 85 170 0.97982
109 59 85 170 0.912759
110 59 85 170 0.512535
111 59 85 170 0.0646842
68 60 85 170 0.0102147
69 60 85 170 0.0154388
70 60 85 170 0.0137092
71 60 85 170 0.01117
72 60 85 170 0.0163479
73 60 85 170 0.0246896
74 60 85 170 0.0667508
75 60 85 170 0.122097
76 60 85 170 0.148009
77 60 85 170 0.156105
78 60 85 170 0.167817
79 60 85 170 0.172633
80 60 85 170 0.147415
81 60 85 170 0.0987723
82 60 85 170 0.0489969
83 60 85 170 0.0184961
100 60 85 170 0.0135178
101 60 85 170 0.0558044
102 60 85 170 0.188971
103 60 85 170 0.479046
104 60 85 170 0.841206
105 60 85 170 0.966097
106 60 85 170 0.980947
107 60 85 170 0.990696
108 60 85 170 0.988054
109 60 85 170 0.989746
110 60 85 170 0.620995
111 60 85 170 0.127566
112 60 85 170 0.0201646
67 61 85 170 0.0112034
68 61 85 170 0.0176608
69 61 85 170 0.0332289
70 61 85 170 0.0283806
71 61 85 170 0.0232618
72 61 85 170 0.0407139
73 61 85 170 0.0498902
74 61 85 170 0.164603
75 61 85 170 0.302977
76 61 85 170 0.336954
77 61 85 170 0.387349
78 61 85 170 0.427174
79 61 85 170 0.424739
80 61 85 170 0.377722
81 61 85 170 0.270616
82 61 85 170 0.145547
83 61 85 170 0.0606149
84 61 85 170 0.0317849
100 61 85 170 0.0267289
101 61 85 170 0.108791
102 61 85 170 0.336065
103 61 85 170 0.656678
104 61 85 170 0.907712
105 61 85 170 0.982847
106 61 85 170 0.991639
107 61 85 170 0.993169
108 61 85 170 0.991074
109 61 85 170 1.01563
110 61 85 170 0.684312
111 61 85 170 0.189931
112 61 85 170 0.025779
67 62 85 170 0.0180074
68 62 85 170 0.0265932
69 62 85 170 0.0408312
70 62 85 170 0.036073
71 62 85 170 0.0304527
72 62 85 170 0.0508805
73 62 85 170 0.0885289
74 62 85 170 0.246688
75 62 85 170 0.423813
76 62 85 170 0.485331
77 62 85 170 0.563496
78 62 85 170 0.622699
79 62 85 170 0.618044
80 62 85 170 0.545485
81 62 85 170 0.401288
82 62 85 170 0.21929
83 62 85 170 0.0866049
84 62 85 170 0.0468917
85 62 85 170 0.0146266
99 62 85 170 0.0212233
100 62 85 170 0.0502313
101 62 85 170 0.192805
102 62 85 170 0.490294
103 62 85 170 0.798452
104 62 85 170 0.944576
105 62 85 170 0.986471
106 62 85 170 0.997386
107 62 85 170 0.994775
108 62 85 170 0.993379
109 62 85 170 1.02234
110 62 85 170 0.744002
111 62 85 170 0.275478
112 62 85 170 0.038187
66 63 85 170 0.012667
67 63 85 170 0.0290661
68 63 85 170 0.0469928
69 63 85 170 0.0672805
70 63 85 170 0.0580017
71 63 85 170 0.0517708
72 63 85 170 0.0973917
73 63 85 170 0.180748
74 63 85 170 0.3612
75 63 85 170 0.540651
76 63 85 170 0.607294
77 63 85 170 0.674247
78 63 85 170 0.733077
79 63 85 170 0.732517
80 63 85 170 0.651879
81 63 85 170 0.515312
82 63 85 170 0.322644
83 63 85 170 0.160782
84 63 85 170 0.0960327
85 63 85 170 0.0301551
98 63 85 170 0.0171305
99 63 85 170 0.0355799
100 63 85 170 0.0757779
101 63 85 170 0.268024
102 63 85 170 0.590382
103 63 85 170 0.869843
104 63 85 170 0.970906
105 63 85 170 0.992056
106 63 85 170 0.998584
107 63 85 170 0.995275
108 63 85 170 0.993809
109 63 85 170 1.02439
110 63 85 170 0.782601
111 63 85 170 0.33444
112 63 85 170 0.0497925
66 64 85 170 0.0196301
67 64 85 170 0.0463846
68 64 85 170 0.0807497
69 64 85 170 0.128466
70 64 85 170 0.106709
71 64 85 170 0.095471
72 64 85 170 0.197066
73 64 85 170 0.316247
74 64 85 170 0.54468
75 64 85 170 0.744385
76 64 85 170 0.7617
77 64 85 170 0.810184
78 64 85 170 0.863601
79 64 85 170 0.861523
80 64 85 170 0.80049
81 64 85 170 0.689314
82 64 85 170 0.499435
83 64 85 170 0.30908
84 64 85 170 0.191848
85 64 85 170 0.0602647
98 64 85 170 0.0227743
99 64 85 170 0.0454619
100 64 85 170 0.089741
101 64 85 170 0.300653
102 64 85 170 0.611614
103 64 85 170 0.865163
104 64 85 170 0.970449
105 64 85 170 0.993248
106 64 85 170 0.998011
107 64 85 170 0.995746
108 64 85 170 0.994565
109 64 85 170 1.01869
110 64 85 170 0.779253
111 64 85 170 0.338297
112 64 85 170 0.0511076
66 65 85 170 0.0302141
67 65 85 170 0.0659999
68 65 85 170 0.102511
69 65 85 170 0.146725
70 65 85 170 0.127962
71 65 85 170 0.113089
72 65 85 170 0.21068
73 65 85 170 0.377324
74 65 85 170 0.606051
75 65 85 170 0.774041
76 65 85 170 0.798972
77 65 85 170 0.840925
78 65 85 170 0.890779
79 65 85 170 0.883659
80 65 85 170 0.811612
81 65 85 170 0.73062
82 65 85 170 0.545026
83 65 85 170 0.333766
84 65 85 170 0.213989
85 65 85 170 0.0667255
98 65 85 170 0.0242477
99 65 85 170 0.0478367
100 65 85 170 0.0951748
101 65 85 170 0.327166
102 65 85 170 0.63337
103 65 85 170 0.867346
104 65 85 170 0.97817
105 65 85 170 1.00261
106 65 85 170 1.0057
107 65 85 170 1.00481
108 65 85 170 1.00368
109 65 85 170 1.02296
110 65 85 170 0.814968
111 65 85 170 0.395045
112 65 85 170 0.0631121
65 66 85 170 0.0107892
66 66 85 170 0.0431202
67 66 85 170 0.0857444
68 66 85 170 0.120007
69 66 85 170 0.179949
70 66 85 170 0.160535
71 66 85 170 0.148304
72 66 85 170 0.283762
73 66 85 170 0.470176
74 66 85 170 0.659391
75 66 85 170 0.778291
76 66 85 170 0.79996
77 66 85 170 0.83478
78 66 85 170 0.873522
79 66 85 170 0.85746
80 66 85 170 0.787192
81 66 85 170 0.740192
82 66 85 170 0.580362
83 66 85 170 0.376595
84 66 85 170 0.255978
85 66 85 170 0.0803316
87 66 85 170 0.0114262
98 66 85 170 0.0256055
99 66 85 170 0.0529535
100 66 85 170 0.0993979
101 66 85 170 0.303204
102 66 85 170 0.583649
103 66 85 170 0.816367
104 66 85 170 0.940887
105 66 85 170 0.970919
106 66 85 170 0.973698
107 66 85 170 0.972986
108 66 85 170 0.971999
109 66 85 170 0.985999
110 66 85 170 0.763574
111 66 85 170 0.346425
112 66 85 170 0.0489495
64 67 85 170 0.0120047
65 67 85 170 0.0161291
66 67 85 170 0.0562148
67 67 85 170 0.10562
68 67 85 170 0.143032
69 67 85 170 0.22538
70 67 85 170 0.195453
71 67 85 170 0.181037
72 67 85 170 0.373103
73 67 85 170 0.586975
74 67 85 170 0.773992
75 67 85 170 0.883513
76 67 85 170 0.898207
77 67 85 170 0.92687
78 67 85 170 0.950722
79 67 85 170 0.921812
80 67 85 170 0.855945
81 67 85 170 0.821555
82 67 85 170 0.68065
83 67 85 170 0.473034
84 67 85 170 0.308291
85 67 85 170 0.0955289
87 67 85 170 0.015566
98 67 85 170 0.0309139
99 67 85 170 0.0637413
100 67 85 170 0.104097
101 67 85 170 0.284734
102 67 85 170 0.561778
103 67 85 170 0.825519
104 67 85 170 0.989474
105 67 85 170 1.03182
106 67 85 170 1.03491
107 67 85 170 1.03384
108 67 85 170 1.03257
109 67 85 170 1.04962
110 67 85 170 0.761721
111 67 85 170 0.284596
112 67 85 170 0.0331576
64 68 85 170 0.0162904
65 68 85 170 0.0205131
66 68 85 170 0.0546538
67 68 85 170 0.101234
68 68 85 170 0.137067
69 68 85 170 0.194168
70 68 85 170 0.163117
71 68 85 170 0.140178
72 68 85 170 0.289364
73 68 85 170 0.524283
74 68 85 170 0.72916
75 68 85 170 0.845936
76 68 85 170 0.889737
77 68 85 170 0.916725
78 68 85 170 0.931073
79 68 85 170 0.897347
80 68 85 170 0.82052
81 68 85 170 0.775347
82 68 85 170 0.643485
83 68 85 170 0.434232
84 68 85 170 0.247028
85 68 85 170 0.0729943
87 68 85 170 0.0111976
98 68 85 170 0.0317107
99 68 85 170 0.0606691
100 68 85 170 0.088928
101 68 85 170 0.278157
102 68 85 170 0.554854
103 68 85 170 0.813532
104 68 85 170 0.990608
105 68 85 170 1.03494
106 68 85 170 1.03683
107 68 85 170 1.0362
108 68 85 170 1.03429
109 68 85 170 1.06088
110 68 85 170 0.783767
111 68 85 170 0.306948
112 68 85 170 0.0450026
66 69 85 170 0.0150464
67 69 85 170 0.0277994
68 69 85 170 0.0377103
69 69 85 170 0.050579
70 69 85 170 0.0418953
71 69 85 170 0.0344904
72 69 85 170 0.0707373
73 69 85 170 0.139138
74 69 85 170 0.199243
75 69 85 170 0.233312
76 69 85 170 0.249164
77 69 85 170 0.256769
78 69 85 170 0.260114
79 69 85 170 0.250295
80 69 85 170 0.227162
81 69 85 170 0.212905
82 69 85 170 0.176095
83 69 85 170 0.116639
84 69 85 170 0.0620677
85 69 85 170 0.0178532
99 69 85 170 0.0166228
100 69 85 170 0.0234336
101 69 85 170 0.0785949
102 69 85 170 0.157105
103 69 85 170 0.229193
104 69 85 170 0.279987
105 69 85 170 0.292504
106 69 85 170 0.292896
107 69 85 170 0.292777
108 69 85 170 0.292171
109 69 85 170 0.300701
110 69 85 170 0.224822
111 69 85 170 0.0910015
112 69 85 170 0.0144487
73 71 85 170 0.0100857
74 71 85 170 0.0144901
75 71 85 170 0.0169852
76 71 85 170 0.0181693
77 71 85 170 0.0187242
78 71 85 170 0.0189628
79 71 85 170 0.0182439
80 71 85 170 0.0165443
81 71 85 170 0.015492
82 71 85 170 0.0128087
102 71 85 170 0.0114698
103 71 85 170 0.0167237
104 71 85 170 0.0204372
105 71 85 170 0.0213507
106 71 85 170 0.0213782
107 71 85 170 0.02137
108 71 85 170 0.0213253
109 71 85 170 0.0219558
110 71 85 170 0.0164361
15 0 64 128 0.0136777
16 0 64 128 0.0187129
17 0 64 128 0.0209974
18 0 64 128 0.0178278
19 0 64 128 0.0141422
21 0 64 128 0.0107719
22 0 64 128 0.0116824
23 0 64 128 0.0155632
24 0 64 128 0.0115149
26 0 64 128 0.0104209
27 0 64 128 0.0168205
28 0 64 128 0.023953
29 0 64 128 0.0188985
30 0 64 128 0.0159612
31 0 64 128 0.0106903
39 0 64 128 0.0170722
40 0 64 128 0.0468387
41 0 64 128 0.0672857
42 0 64 128 0.108122
43 0 64 128 0.0997311
44 0 64 128 0.158142
45 0 64 128 0.124179
46 0 64 128 0.137963
47 0 64 128 0.0561396
48 0 64 128 0.0229878
55 0 64 128 0.0147382
56 0 64 128 0.0163983
57 0 64 128 0.0260811
58 0 64 128 0.0710467
59 0 64 128 0.0596824
60 0 64 128 0.0146108
77 0 64 128 0.0110887
78 0 64 128 0.0384188
79 0 64 128 0.072603
80 0 64 128 0.0274986
81 0 64 128 0.0117822
132 0 64 128 0.0157604
133 0 64 128 0.0353608
134 0 64 128 0.0529067
135 0 64 128 0.024015
136 0 64 128 0.01754
137 0 64 128 0.0206846
138 0 64 128 0.040841
139 0 64 128 0.0306221
140 0 64 128 0.0345281
141 0 64 128 0.0148917
15 1 64 128 0.0195026
16 1 64 128 0.0254254
17 1 64 128 0.0314885
18 1 64 128 0.0249577
19 1 64 128 0.0187585
20 1 64 128 0.0107645
21 1 64 128 0.0134495
22 1 64 128 0.0135758
23 1 64 128 0.0178213
24 1 64 128 0.0107397
26 1 64 128 0.0107744
27 1 64 128 0.0195952
28 1 64 128 0.0257591
29 1 64 128 0.022411
30 1 64 128 0.01981
31 1 64 128 0.0122344
38 1 64 128 0.0152942
39 1 64 128 0.0350026
40 1 64 128 0.0901603
41 1 64 128 0.129125
42 1 64 128 0.226647
43 1 64 128 0.265127
44 1 64 128 0.424169
45 1 64 128 0.324974
46 1 64 128 0.343428
47 1 64 128 0.155117
48 1 64 128 0.0621639
49 1 64 128 0.0131719
55 1 64 128 0.0182527
56 1 64 128 0.0246318
57 1 64 128 0.0393838
58 1 64 128 0.122232
59 1 64 128 0.0939488
60 1 64 128 0.0249524
78 1 64 128 0.0290602
79 1 64 128 0.0763093
80 1 64 128 0.0361507
81 1 64 128 0.0238574
132 1 64 128 0.0130803
133 1 64 128 0.0294419
134 1 64 128 0.0302637
135 1 64 128 0.0179727
136 1 64 128 0.0133146
137 1 64 128 0.0210351
138 1 64 128 0.0305319
139 1 64 128 0.0243473
140 1 64 128 0.021645
141 1 64 128 0.0115679
14 2 64 128 0.0103366
15 2 64 128 0.0249871
16 2 64 128 0.0366616
17 2 64 128 0.0515128
18 2 64 128 0.031431
19 2 64 128 0.0270099
20 2 64 128 0.0149329
21 2 64 128 0.0197312
22 2 64 128 0.0212958
23 2 64 128 0.0216986
24 2 64 128 0.0152301
26 2 64 128 0.0148237
27 2 64 128 0.0228185
28 2 64 128 0.0342987
29 2 64 128 0.027388
30 2 64 128 0.0230371
31 2 64 128 0.0133853
38 2 64 128 0.0220584
39 2 64 128 0.0413058
40 2 64 128 0.120663
41 2 64 128 0.165911
42 2 64 128 0.342761
43 2 64 128 0.396017
44 2 64 128 0.637554
45 2 64 128 0.51691
46 2 64 128 0.528249
47 2 64 128 0.247783
48 2 64 128 0.103643
49 2 64 128 0.0224284
50 2 64 128 0.0152298
54 2 64 128 0.0128179
55 2 64 128 0.0277585
56 2 64 128 0.0351034
57 2 64 128 0.0593673
58 2 64 128 0.141552
59 2 64 128 0.111727
60 2 64 128 0.0372264
61 2 64 128 0.0137232
78 2 64 128 0.0427899
79 2 64 128 0.118731
80 2 64 128 0.0803799
81 2 64 128 0.0453916
132 2 64 128 0.0229889
133 2 64 128 0.0459324
134 2 64 128 0.0500909
135 2 64 128 0.024871
136 2 64 128 0.0189532
137 2 64 128 0.0293492
138 2 64 128 0.0443707
139 2 64 128 0.0298727
140 2 64 128 0.0237883
189 2 64 128 0.0150128
190 2 64 128 0.0102144
14 3 64 128 0.0137915
15 3 64 128 0.0293299
16 3 64 128 0.0435908
17 3 64 128 0.0573687
18 3 64 128 0.0325653
19 3 64 128 0.0285471
20 3 64 128 0.0150889
21 3 64 128 0.019603
22 3 64 128 0.0176492
23 3 64 128 0.023056
24 3 64 128 0.0165305
25 3 64 128 0.0108686
26 3 64 128 0.0148421
27 3 64 128 0.0285463
28 3 64 128 0.0364359
29 3 64 128 0.0309069
30 3 64 128 0.0221201
31 3 64 128 0.0111095
38 3 64 128 0.0253275
39 3 64 128 0.0533081
40 3 64 128 0.134935
41 3 64 128 0.219902
42 3 64 128 0.411781
43 3 64 128 0.493178
44 3 64 128 0.741969
45 3 64 128 0.655198
46 3 64 128 0.691848
47 3 64 128 0.343075
48 3 64 128 0.149208
49 3 64 128 0.0263718
50 3 64 128 0.0170262
54 3 64 128 0.012886
55 3 64 128 0.0256108
56 3 64 128 0.0368535
57 3 64 128 0.0570444
58 3 64 128 0.16713
59 3 64 128 0.127414
60 3 64 128 0.0443326
61 3 64 128 0.0204052
78 3 64 128 0.0390372
79 3 64 128 0.145327
80 3 64 128 0.102043
81 3 64 128 0.0707791
82 3 64 128 0.0193138
132 3 64 128 0.0161586
133 3 64 128 0.0306043
134 3 64 128 0.0218779
135 3 64 128 0.016516
136 3 64 128 0.0110354
137 3 64 128 0.0168502
138 3 64 128 0.0233772
139 3 64 128 0.017585
140 3 64 128 0.0126094
189 3 64 128 0.016999
190 3 64 128 0.011464
14 4 64 128 0.0155253
15 4 64 128 0.0354196
16 4 64 128 0.0546619
17 4 64 128 0.0680492
18 4 64 128 0.0365278
19 4 64 128 0.027844
20 4 64 128 0.0174533
21 4 64 128 0.0226001
22 4 64 128 0.025127
23 4 64 128 0.0296041
24 4 64 128 0.0282286
25 4 64 128 0.0162571
26 4 64 128 0.0226172
27 4 64 128 0.0408062
28 4 64 128 0.0547333
29 4 64 128 0.0360554
30 4 64 128 0.0236123
31 4 64 128 0.0101557
38 4 64 128 0.0248526
39 4 64 128 0.0487095
40 4 64 128 0.128923
41 4 64 128 0.186888
42 4 64 128 0.410897
43 4 64 128 0.528594
44 4 64 128 0.782311
45 4 64 128 0.712058
46 4 64 128 0.747658
47 4 64 128 0.424726
48 4 64 128 0.205465
49 4 64 128 0.0460545
50 4 64 128 0.029753
54 4 64 128 0.0273295
55 4 64 128 0.0543743
56 4 64 128 0.0851155
57 4 64 128 0.176425
58 4 64 128 0.405997
59 4 64 128 0.351576
60 4 64 128 0.14414
61 4 64 128 0.0848253
62 4 64 128 0.0306066
78 4 64 128 0.0744145
79 4 64 128 0.292612
80 4 64 128 0.249784
81 4 64 128 0.192939
82 4 64 128 0.0616653
83 4 64 128 0.0144896
131 4 64 128 0.0102269
132 4 64 128 0.0232943
133 4 64 128 0.0273157
134 4 64 128 0.0149338
135 4 64 128 0.0116754
137 4 64 128 0.0112536
138 4 64 128 0.0155489
139 4 64 128 0.013466
188 4 64 128 0.0138267
189 4 64 128 0.0284736
190 4 64 128 0.0218066
14 5 64 128 0.0216278
15 5 64 128 0.048621
16 5 64 128 0.0596237
17 5 64 128 0.0646819
18 5 64 128 0.0368817
19 5 64 128 0.0320458
20 5 64 128 0.0179586
21 5 64 128 0.0243644
22 5 64 128 0.0267187
23 5 64 128 0.0353785
24 5 64 128 0.0297694
25 5 64 128 0.0167
26 5 64 128 0.0236001
27 5 64 128 0.0413687
28 5 64 128 0.0500952
29 5 64 128 0.0384243
30 5 64 128 0.025436
31 5 64 128 0.0119054
38 5 64 128 0.0294587
39 5 64 128 0.0619195
40 5 64 128 0.130138
41 5 64 128 0.189722
42 5 64 128 0.444974
43 5 64 128 0.59815
44 5 64 128 0.83757
45 5 64 128 0.795487
46 5 64 128 0.838926
47 5 64 128 0.628527
48 5 64 128 0.382323
49 5 64 128 0.105217
50 5 64 128 0.0777047
51 5 64 128 0.0218097
52 5 64 128 0.0118373
54 5 64 128 0.0555811
55 5 64 128 0.0897203
56 5 64 128 0.156653
57 5 64 128 0.287819
58 5 64 128 0.579397
59 5 64 128 0.49822
60 5 64 128 0.275202
61 5 64 128 0.181685
62 5 64 128 0.0776975
63 5 64 128 0.0317009
78 5 64 128 0.0587274
79 5 64 128 0.270139
80 5 64 128 0.253828
81 5 64 128 0.248023
82 5 64 128 0.0868746
83 5 64 128 0.0224344
132 5 64 128 0.015757
133 5 64 128 0.0188188
188 5 64 128 0.0153269
189 5 64 128 0.0287221
190 5 64 128 0.0240992
14 6 64 128 0.0201436
15 6 64 128 0.0393575
16 6 64 128 0.0433857
17 6 64 128 0.0508603
18 6 64 128 0.0321534
19 6 64 128 0.0237252
20 6 64 128 0.0148042
21 6 64 128 0.0232988
22 6 64 128 0.0275381
23 6 64 128 0.0269275
24 6 64 128 0.029732
25 6 64 128 0.0155165
26 6 64 128 0.0238669
27 6 64 128 0.0314839
28 6 64 128 0.0402067
29 6 64 128 0.0275068
30 6 64 128 0.0178083
38 6 64 128 0.0328037
39 6 64 128 0.0643413
40 6 64 128 0.154486
41 6 64 128 0.207998
42 6 64 128 0.477653
43 6 64 128 0.624586
44 6 64 128 0.868924
45 6 64 128 0.858296
46 6 64 128 0.89609
47 6 64 128 0.729683
48 6 64 128 0.542724
49 6 64 128 0.172158
50 6 64 128 0.113673
51 6 64 128 0.0306009
52 6 64 128 0.0200502
53 6 64 128 0.0138148
54 6 64 128 0.0578679
55 6 64 128 0.100838
56 6 64 128 0.166293
57 6 64 128 0.347405
58 6 64 128 0.557074
59 6 64 128 0.504607
60 6 64 128 0.297863
61 6 64 128 0.252751
62 6 64 128 0.119221
63 6 64 128 0.0544759
78 6 64 128 0.0583865
79 6 64 128 0.270092
80 6 64 128 0.34739
81 6 64 128 0.325645
82 6 64 128 0.16412
83 6 64 128 0.0451838
125 6 64 128 0.0111731
133 6 64 128 0.0119179
188 6 64 128 0.0171744
189 6 64 128 0.0472648
190 6 64 128 0.0451482
191 6 64 128 0.0163533
13 7 64 128 0.0100819
14 7 64 128 0.0237457
15 7 64 128 0.0383032
16 7 64 128 0.0369528
17 7 64 128 0.0342475
18 7 64 128 0.0231308
19 7 64 128 0.0161676
20 7 64 128 0.0111424
21 7 64 128 0.0154448
22 7 64 128 0.0197965
23 7 64 128 0.021527
24 7 64 128 0.0269058
25 7 64 128 0.0162979
26 7 64 128 0.0229644
27 7 64 128 0.0284232
28 7 64 128 0.0333128
29 7 64 128 0.0212643
30 7 64 128 0.0148808
38 7 64 128 0.0316429
39 7 64 128 0.0727982
40 7 64 128 0.148013
41 7 64 128 0.188696
42 7 64 128 0.421663
43 7 64 128 0.558516
44 7 64 128 0.819446
45 7 64 128 0.835171
46 7 64 128 0.87848
47 7 64 128 0.694571
48 7 64 128 0.492438
49 7 64 128 0.151703
50 7 64 128 0.0911269
51 7 64 128 0.030111
52 7 64 128 0.0185149
53 7 64 128 0.0127352
54 7 64 128 0.0412221
55 7 64 128 0.0634719
56 7 64 128 0.107169
57 7 64 128 0.198085
58 7 64 128 0.411686
59 7 64 128 0.381382
60 7 64 128 0.22735
61 7 64 128 0.214011
62 7 64 128 0.111963
63 7 64 128 0.0638614
78 7 64 128 0.0231849
79 7 64 128 0.148677
80 7 64 128 0.193413
81 7 64 128 0.191134
82 7 64 128 0.118055
83 7 64 128 0.0423449
123 7 64 128 0.0115042
124 7 64 128 0.0116643
125 7 64 128 0.0132319
188 7 64 128 0.0180646
189 7 64 128 0.0461053
190 7 64 128 0.0480258
191 7 64 128 0.0198262
13 8 64 128 0.0114119
14 8 64 128 0.0213813
15 8 64 128 0.0311196
16 8 64 128 0.0282142
17 8 64 128 0.0244428
18 8 64 128 0.0154847
22 8 64 128 0.0130769
23 8 64 128 0.014715
24 8 64 128 0.0197513
25 8 64 128 0.0133563
26 8 64 128 0.0174551
27 8 64 128 0.0221877
28 8 64 128 0.0196637
29 8 64 128 0.0127942
38 8 64 128 0.0250852
39 8 64 128 0.0485725
40 8 64 128 0.115852
41 8 64 128 0.135196
42 8 64 128 0.340041
43 8 64 128 0.438928
44 8 64 128 0.745031
45 8 64 128 0.779593
46 8 64 128 0.827102
47 8 64 128 0.624061
48 8 64 128 0.422565
49 8 64 128 0.132118
50 8 64 128 0.0671884
51 8 64 128 0.0210128
52 8 64 128 0.0142431
53 8 64 128 0.0107105
54 8 64 128 0.0295132
55 8 64 128 0.0393967
56 8 64 128 0.0577656
57 8 64 128 0.149607
58 8 64 128 0.377581
59 8 64 128 0.343018
60 8 64 128 0.210472
61 8 64 128 0.220944
62 8 64 128 0.143579
63 8 64 128 0.0895123
64 8 64 128 0.0140178
78 8 64 128 0.0162268
79 8 64 128 0.0992673
80 8 64 128 0.148564
81 8 64 128 0.170952
82 8 64 128 0.118145
83 8 64 128 0.0521574
84 8 64 128 0.0127271
121 8 64 128 0.0131947
122 8 64 128 0.0128626
123 8 64 128 0.0145124
124 8 64 128 0.0116474
125 8 64 128 0.0128309
188 8 64 128 0.0207615
189 8 64 128 0.048905
190 8 64 128 0.0522363
191 8 64 128 0.0208143
13 9 64 128 0.0221496
14 9 64 128 0.0329318
15 9 64 128 0.0448567
16 9 64 128 0.0352901
17 9 64 128 0.0224208
18 9 64 128 0.0139857
22 9 64 128 0.0107593
23 9 64 128 0.0135409
24 9 64 128 0.0159667
25 9 64 128 0.011255
26 9 64 128 0.015488
27 9 64 128 0.0175503
28 9 64 128 0.0154193
29 9 64 128 0.0117881
37 9 64 128 0.0150781
38 9 64 128 0.0392765
39 9 64 128 0.0643273
40 9 64 128 0.130821
41 9 64 128 0.134806
42 9 64 128 0.287277
43 9 64 128 0.369366
44 9 64 128 0.676612
45 9 64 128 0.723607
46 9 64 128 0.759551
47 9 64 128 0.572492
48 9 64 128 0.385577
49 9 64 128 0.106864
50 9 64 128 0.0571846
51 9 64 128 0.0183044
52 9 64 128 0.0134618
54 9 64 128 0.0205669
55 9 64 128 0.0222635
56 9 64 128 0.0395965
57 9 64 128 0.0787337
58 9 64 128 0.266796
59 9 64 128 0.239444
60 9 64 128 0.166771
61 9 64 128 0.165187
62 9 64 128 0.117246
63 9 64 128 0.090614
64 9 64 128 0.0171985
79 9 64 128 0.0317622
80 9 64 128 0.0506533
81 9 64 128 0.0625652
82 9 64 128 0.0461346
83 9 64 128 0.0217964
119 9 64 128 0.0105499
120 9 64 128 0.0112503
121 9 64 128 0.0157133
122 9 64 128 0.0152695
123 9 64 128 0.0161723
124 9 64 128 0.0140078
125 9 64 128 0.0184343
188 9 64 128 0.0132609
189 9 64 128 0.0240119
190 9 64 128 0.0224191
191 9 64 128 0.0102038
13 10 64 128 0.0290034
14 10 64 128 0.0278861
15 10 64 128 0.0436858
16 10 64 128 0.0267258
17 10 64 128 0.0193307
36 10 64 128 0.0113537
37 10 64 128 0.0200985
38 10 64 128 0.0439909
39 10 64 128 0.0701514
40 10 64 128 0.146295
41 10 64 128 0.164613
42 10 64 128 0.291951
43 10 64 128 0.35729
44 10 64 128 0.692811
45 10 64 128 0.734339
46 10 64 128 0.728973
47 10 64 128 0.518652
48 10 64 128 0.378136
49 10 64 128 0.132731
50 10 64 128 0.050164
51 10 64 128 0.0163344
56 10 64 128 0.0147204
57 10 64 128 0.0401108
58 10 64 128 0.113969
59 10 64 128 0.113265
60 10 64 128 0.0747511
61 10 64 128 0.090229
62 10 64 128 0.0674104
63 10 64 128 0.0581306
64 10 64 128 0.0139601
79 10 64 128 0.0189291
80 10 64 128 0.0363421
81 10 64 128 0.0436661
82 10 64 128 0.03353
83 10 64 128 0.0196412
118 10 64 128 0.0108794
119 10 64 128 0.0164448
120 10 64 128 0.019836
121 10 64 128 0.0226971
122 10 64 128 0.0237963
123 10 64 128 0.0187651
124 10 64 128 0.0178846
125 10 64 128 0.0184895
188 10 64 128 0.0102101
189 10 64 128 0.0165969
190 10 64 128 0.0173401
12 11 64 128 0.0152542
13 11 64 128 0.0445253
14 11 64 128 0.038782
15 11 64 128 0.0583553
16 11 64 128 0.0267168
17 11 64 128 0.0173619
35 11 64 128 0.0153446
36 11 64 128 0.0157873
37 11 64 128 0.0323623
38 11 64 128 0.0638857
39 11 64 128 0.119208
40 11 64 128 0.192128
41 11 64 128 0.257864
42 11 64 128 0.357554
43 11 64 128 0.420901
44 11 64 128 0.695743
45 11 64 128 0.751061
46 11 64 128 0.737681
47 11 64 128 0.5424
48 11 64 128 0.384221
49 11 64 128 0.137643
50 11 64 128 0.0432682
51 11 64 128 0.0140892
57 11 64 128 0.0204993
58 11 64 128 0.0599794
59 11 64 128 0.0575521
60 11 64 128 0.0382479
61 11 64 128 0.0468616
62 11 64 128 0.0379359
63 11 64 128 0.0351589
80 11 64 128 0.0168684
81 11 64 128 0.0183538
82 11 64 128 0.0172766
83 11 64 128 0.0109109
119 11 64 128 0.0129773
120 11 64 128 0.0173322
121 11 64 128 0.0166483
122 11 64 128 0.0194523
123 11 64 128 0.0203257
124 11 64 128 0.0194917
125 11 64 128 0.0209341
11 12 64 128 0.0116355
12 12 64 128 0.0215052
13 12 64 128 0.0573167
14 12 64 128 0.0439995
15 12 64 128 0.0579759
16 12 64 128 0.024948
17 12 64 128 0.0145616
35 12 64 128 0.0193233
36 12 64 128 0.0212205
37 12 64 128 0.0368532
38 12 64 128 0.0849262
39 12 64 128 0.154285
40 12 64 128 0.256132
41 12 64 128 0.310061
42 12 64 128 0.405641
43 12 64 128 0.467801
44 12 64 128 0.721679
45 12 64 128 0.74581
46 12 64 128 0.726779
47 12 64 128 0.582328
48 12 64 128 0.452206
49 12 64 128 0.203713
50 12 64 128 0.0630225
51 12 64 128 0.0186808
57 12 64 128 0.0216545
58 12 64 128 0.0616498
59 12 64 128 0.0617614
60 12 64 128 0.0379574
61 12 64 128 0.0448565
62 12 64 128 0.0362123
63 12 64 128 0.0375269
64 12 64 128 0.0115052
80 12 64 128 0.0142464
81 12 64 128 0.0144278
82 12 64 128 0.0144782
120 12 64 128 0.010155
122 12 64 128 0.010274
124 12 64 128 0.0110431
125 12 64 128 0.0109595
11 13 64 128 0.019455
12 13 64 128 0.0319728
13 13 64 128 0.0795963
14 13 64 128 0.0586226
15 13 64 128 0.0623184
16 13 64 128 0.0251872
17 13 64 128 0.011995
33 13 64 128 0.0137995
34 13 64 128 0.0215735
35 13 64 128 0.0388381
36 13 64 128 0.0426944
37 13 64 128 0.06323
38 13 64 128 0.148857
39 13 64 128 0.209083
40 13 64 128 0.316447
41 13 64 128 0.344029
42 13 64 128 0.43891
43 13 64 128 0.462463
44 13 64 128 0.713464
45 13 64 128 0.73381
46 13 64 128 0.739773
47 13 64 128 0.619265
48 13 64 128 0.504381
49 13 64 128 0.250308
50 13 64 128 0.0963447
51 13 64 128 0.0371355
52 13 64 128 0.014014
56 13 64 128 0.0117175
57 13 64 128 0.0259588
58 13 64 128 0.0786053
59 13 64 128 0.0779294
60 13 64 128 0.0479014
61 13 64 128 0.0499492
62 13 64 128 0.0417609
63 13 64 128 0.0441978
64 13 64 128 0.0155207
11 14 64 128 0.0187319
12 14 64 128 0.0262069
13 14 64 128 0.064147
14 14 64 128 0.0391581
15 14 64 128 0.0382538
16 14 64 128 0.0128353
31 14 64 128 0.0107034
32 14 64 128 0.0155158
33 14 64 128 0.0262989
34 14 64 128 0.0359981
35 14 64 128 0.0594035
36 14 64 128 0.056757
37 14 64 128 0.085875
38 14 64 128 0.167303
39 14 64 128 0.234954
40 14 64 128 0.351105
41 14 64 128 0.421684
42 14 64 128 0.499043
43 14 64 128 0.533542
44 14 64 128 0.771309
45 14 64 128 0.79972
46 14 64 128 0.799078
47 14 64 128 0.723097
48 14 64 128 0.678809
49 14 64 128 0.419122
50 14 64 128 0.16949
51 14 64 128 0.0638817
52 14 64 128 0.0288152
53 14 64 128 0.0112046
54 14 64 128 0.0117328
56 14 64 128 0.0182613
57 14 64 128 0.0428596
58 14 64 128 0.103903
59 14 64 128 0.105034
60 14 64 128 0.067672
61 14 64 128 0.061736
62 14 64 128 0.0512751
63 14 64 128 0.0474977
64 14 64 128 0.0182923
11 15 64 128 0.0231028
12 15 64 128 0.0294413
13 15 64 128 0.0680006
14 15 64 128 0.0391268
15 15 64 128 0.0391719
16 15 64 128 0.0108609
31 15 64 128 0.0191957
32 15 64 128 0.0319971
33 15 64 128 0.0611062
34 15 64 128 0.0703078
35 15 64 128 0.117247
36 15 64 128 0.1038
37 15 64 128 0.144609
38 15 64 128 0.201006
39 15 64 128 0.273649
40 15 64 128 0.372618
41 15 64 128 0.423654
42 15 64 128 0.501921
43 15 64 128 0.491571
44 15 64 128 0.724083
45 15 64 128 0.787393
46 15 64 128 0.811916
47 15 64 128 0.769453
48 15 64 128 0.7592
49 15 64 128 0.567953
50 15 64 128 0.268474
51 15 64 128 0.111851
52 15 64 128 0.0502827
53 15 64 128 0.0213943
54 15 64 128 0.0153076
55 15 64 128 0.0110864
56 15 64 128 0.0172413
57 15 64 128 0.033949
58 15 64 128 0.0645971
59 15 64 128 0.0600025
60 15 64 128 0.0334959
61 15 64 128 0.0274865
62 15 64 128 0.0216063
63 15 64 128 0.0213498
64 15 64 128 0.0100712
10 16 64 128 0.0123769
11 16 64 128 0.0380249
12 16 64 128 0.0478277
13 16 64 128 0.0859418
14 16 64 128 0.0490551
15 16 64 128 0.0494292
16 16 64 128 0.0142224
31 16 64 128 0.0283686
32 16 64 128 0.0533889
33 16 64 128 0.0966586
34 16 64 128 0.105121
35 16 64 128 0.152306
36 16 64 128 0.114009
37 16 64 128 0.123505
38 16 64 128 0.143014
39 16 64 128 0.198745
40 16 64 128 0.238054
41 16 64 128 0.237022
42 16 64 128 0.269828
43 16 64 128 0.249529
44 16 64 128 0.456145
45 16 64 128 0.548812
46 16 64 128 0.641118
47 16 64 128 0.606241
48 16 64 128 0.636226
49 16 64 128 0.452808
50 16 64 128 0.201239
51 16 64 128 0.0850138
52 16 64 128 0.0353529
53 16 64 128 0.016508
54 16 64 128 0.0146302
55 16 64 128 0.0116722
56 16 64 128 0.0169723
57 16 64 128 0.0367012
58 16 64 128 0.0787331
59 16 64 128 0.0750398
60 16 64 128 0.0419668
61 16 64 128 0.0323777
62 16 64 128 0.0275106
63 16 64 128 0.0283352
64 16 64 128 0.0128141
10 17 64 128 0.0206502
11 17 64 128 0.0592449
12 17 64 128 0.0668038
13 17 64 128 0.122577
14 17 64 128 0.0706167
15 17 64 128 0.0688447
16 17 64 128 0.0220117
31 17 64 128 0.0293325
32 17 64 128 0.0576987
33 17 64 128 0.0851277
34 17 64 128 0.111199
35 17 64 128 0.134663
36 17 64 128 0.081972
37 17 64 128 0.0659955
38 17 64 128 0.0710818
39 17 64 128 0.0689234
40 17 64 128 0.0813529
41 17 64 128 0.0755436
42 17 64 128 0.0819708
43 17 64 128 0.0653426
44 17 64 128 0.156863
45 17 64 128 0.214993
46 17 64 128 0.366693
47 17 64 128 0.399331
48 17 64 128 0.438967
49 17 64 128 0.273613
50 17 64 128 0.151873
51 17 64 128 0.0906761
52 17 64 128 0.0332887
53 17 64 128 0.014266
54 17 64 128 0.0131935
55 17 64 128 0.0103477
56 17 64 128 0.0130562
57 17 64 128 0.0256583
58 17 64 128 0.0565066
59 17 64 128 0.0594924
60 17 64 128 0.0339084
61 17 64 128 0.0226214
62 17 64 128 0.0181963
63 17 64 128 0.0217117
64 17 64 128 0.0118207
9 18 64 128 0.0123414
10 18 64 128 0.0284224
11 18 64 128 0.0647427
12 18 64 128 0.0722054
13 18 64 128 0.130878
14 18 64 128 0.0719243
15 18 64 128 0.0652736
16 18 64 128 0.0228778
17 18 64 128 0.0103022
31 18 64 128 0.0300784
32 18 64 128 0.0610187
33 18 64 128 0.0848601
34 18 64 128 0.0945051
35 18 64 128 0.118232
36 18 64 128 0.0584573
37 18 64 128 0.0439636
38 18 64 128 0.0406059
39 18 64 128 0.0350045
40 18 64 128 0.0346932
41 18 64 128 0.0348799
42 18 64 128 0.0368142
43 18 64 128 0.0302844
44 18 64 128 0.0719731
45 18 64 128 0.106787
46 18 64 128 0.188966
47 18 64 128 0.205402
48 18 64 128 0.276957
49 18 64 128 0.176164
50 18 64 128 0.102221
51 18 64 128 0.0506558
52 18 64 128 0.0225937
53 18 64 128 0.0105012
57 18 64 128 0.0170834
58 18 64 128 0.0356124
59 18 64 128 0.037814
60 18 64 128 0.0242149
61 18 64 128 0.0163153
62 18 64 128 0.013435
63 18 64 128 0.0139022
9 19 64 128 0.0111161
10 19 64 128 0.0269023
11 19 64 128 0.050388
12 19 64 128 0.0523813
13 19 64 128 0.0902806
14 19 64 128 0.0561529
15 19 64 128 0.0569897
16 19 64 128 0.0200897
31 19 64 128 0.0172842
32 19 64 128 0.0367366
33 19 64 128 0.0471323
34 19 64 128 0.0440823
35 19 64 128 0.0540557
36 19 64 128 0.0288138
37 19 64 128 0.019417
38 19 64 128 0.0179657
39 19 64 128 0.0135303
40 19 64 128 0.0143785
41 19 64 128 0.0133603
42 19 64 128 0.0151042
43 19 64 128 0.0135965
44 19 64 128 0.0280837
45 19 64 128 0.0514567
46 19 64 128 0.11212
47 19 64 128 0.130631
48 19 64 128 0.183327
49 19 64 128 0.105488
50 19 64 128 0.0669472
51 19 64 128 0.0302522
52 19 64 128 0.0135078
9 20 64 128 0.0133777
10 20 64 128 0.0262408
11 20 64 128 0.0407162
12 20 64 128 0.0506218
13 20 64 128 0.0632735
14 20 64 128 0.0414924
15 20 64 128 0.0395302
16 20 64 128 0.0160963
31 20 64 128 0.0122341
32 20 64 128 0.0250084
33 20 64 128 0.0348969
34 20 64 128 0.0250588
35 20 64 128 0.0308613
36 20 64 128 0.0138504
44 20 64 128 0.0101968
45 20 64 128 0.0140871
46 20 64 128 0.0304416
47 20 64 128 0.0415504
48 20 64 128 0.0708902
49 20 64 128 0.0305381
50 20 64 128 0.0194408
10 21 64 128 0.0148714
11 21 64 128 0.0210748
12 21 64 128 0.0240957
13 21 64 128 0.0303419
14 21 64 128 0.0216337
15 21 64 128 0.0228325
47 21 64 128 0.0157488
48 21 64 128 0.0302695
49 21 64 128 0.0132879
12 22 64 128 0.011771
13 22 64 128 0.0124663
48 22 64 128 0.0108556
234 23 64 128 0.0124639
235 23 64 128 0.0110716
231 24 64 128 0.0104012
232 24 64 128 0.018317
233 24 64 128 0.044487
234 24 64 128 0.0521889
235 24 64 128 0.0538948
236 24 64 128 0.0164259
137 25 64 128 0.0121356
138 25 64 128 0.0164703
139 25 64 128 0.0125545
231 25 64 128 0.0169799
232 25 64 128 0.0268397
233 25 64 128 0.069121
234 25 64 128 0.0797955
235 25 64 128 0.0892105
236 25 64 128 0.027276
136 26 64 128 0.0144534
137 26 64 128 0.0411453
138 26 64 128 0.0553888
139 26 64 128 0.0340804
140 26 64 128 0.0106557
229 26 64 128 0.0107227
230 26 64 128 0.0122801
231 26 64 128 0.0323623
232 26 64 128 0.0527905
233 26 64 128 0.146237
234 26 64 128 0.177038
235 26 64 128 0.201918
236 26 64 128 0.0609176
237 26 64 128 0.0154843
136 27 64 128 0.0191052
137 27 64 128 0.0539189
138 27 64 128 0.0619203
139 27 64 128 0.0353275
231 27 64 128 0.0264012
232 27 64 128 0.0539164
233 27 64 128 0.130688
234 27 64 128 0.185592
235 27 64 128 0.197989
236 27 64 128 0.0750895
237 27 64 128 0.0180123
135 28 64 128 0.0136839
136 28 64 128 0.0409297
137 28 64 128 0.0931699
138 28 64 128 0.109343
139 28 64 128 0.0521866
140 28 64 128 0.0139671
231 28 64 128 0.0351466
232 28 64 128 0.0658299
233 28 64 128 0.234847
234 28 64 128 0.258297
235 28 64 128 0.322107
236 28 64 128 0.122029
237 28 64 128 0.0411022
135 29 64 128 0.0109588
136 29 64 128 0.0313932
137 29 64 128 0.0674857
138 29 64 128 0.0694385
139 29 64 128 0.0340971
231 29 64 128 0.0201443
232 29 64 128 0.040948
233 29 64 128 0.170558
234 29 64 128 0.242798
235 29 64 128 0.282451
236 29 64 128 0.104276
237 29 64 128 0.0388742
134 30 64 128 0.0149535
135 30 64 128 0.0169318
136 30 64 128 0.0340399
137 30 64 128 0.0650824
138 30 64 128 0.0534278
139 30 64 128 0.0226335
231 30 64 128 0.013722
232 30 64 128 0.0262705
233 30 64 128 0.14098
234 30 64 128 0.197112
235 30 64 128 0.270909
236 30 64 128 0.10766
237 30 64 128 0.042691
136 31 64 128 0.0109116
137 31 64 128 0.0202304
138 31 64 128 0.0175616
233 31 64 128 0.0472813
234 31 64 128 0.086875
235 31 64 128 0.126101
236 31 64 128 0.0558075
237 31 64 128 0.0230255
233 32 64 128 0.0224393
234 32 64 128 0.0364616
235 32 64 128 0.0712036
236 32 64 128 0.0257666
237 32 64 128 0.0144692
234 33 64 128 0.0119121
235 33 64 128 0.0199905
3 35 64 128 0.0100353
1 36 64 128 0.0147847
2 36 64 128 0.0161195
3 36 64 128 0.016941
4 36 64 128 0.0102826
1 37 64 128 0.0176265
2 37 64 128 0.0180177
3 37 64 128 0.0178382
4 37 64 128 0.0101325
0 38 64 128 0.0142871
1 38 64 128 0.0253534
2 38 64 128 0.0265502
3 38 64 128 0.0275747
4 38 64 128 0.01508
5 38 64 128 0.0136553
0 39 64 128 0.0157369
1 39 64 128 0.0262928
2 39 64 128 0.0269432
3 39 64 128 0.0227794
4 39 64 128 0.0122774
5 39 64 128 0.0106392
0 40 64 128 0.019932
1 40 64 128 0.0379956
2 40 64 128 0.036905
3 40 64 128 0.0254543
4 40 64 128 0.0152855
5 40 64 128 0.0149945
31 40 64 128 0.0107986
0 41 64 128 0.0181046
1 41 64 128 0.0346561
2 41 64 128 0.0290945
3 41 64 128 0.0212578
4 41 64 128 0.0126676
5 41 64 128 0.0127198
31 41 64 128 0.0108775
32 41 64 128 0.0102495
0 42 64 128 0.0139451
1 42 64 128 0.0294046
2 42 64 128 0.0257996
3 42 64 128 0.0193233
4 42 64 128 0.0123804
5 42 64 128 0.0124075
31 42 64 128 0.0125947
32 42 64 128 0.0126281
1 43 64 128 0.0147321
2 43 64 128 0.0128196
31 43 64 128 0.0145464
32 43 64 128 0.0149262
40 49 64 128 0.0114399
118 49 64 128 0.0116513
119 49 64 128 0.0176942
120 49 64 128 0.0162294
121 49 64 128 0.0122329
38 50 64 128 0.0194889
39 50 64 128 0.0205873
40 50 64 128 0.0324571
41 50 64 128 0.0184669
42 50 64 128 0.0143287
116 50 64 128 0.0127278
117 50 64 128 0.0159407
118 50 64 128 0.0203085
119 50 64 128 0.0417786
120 50 64 128 0.0371969
121 50 64 128 0.0313383
122 50 64 128 0.0106728
36 51 64 128 0.0125011
37 51 64 128 0.0208517
38 51 64 128 0.0413127
39 51 64 128 0.0532138
40 51 64 128 0.0739354
41 51 64 128 0.0418388
42 51 64 128 0.0259487
43 51 64 128 0.0123804
115 51 64 128 0.0125017
116 51 64 128 0.0184897
117 51 64 128 0.0246671
118 51 64 128 0.0390288
119 51 64 128 0.0712152
120 51 64 128 0.0913195
121 51 64 128 0.0747481
122 51 64 128 0.0310103
37 52 64 128 0.0139267
38 52 64 128 0.0320045
39 52 64 128 0.038391
40 52 64 128 0.0667369
41 52 64 128 0.040394
42 52 64 128 0.0257662
43 52 64 128 0.0108621
115 52 64 128 0.0169223
116 52 64 128 0.0206181
117 52 64 128 0.0311596
118 52 64 128 0.0492613
119 52 64 128 0.130037
120 52 64 128 0.148891
121 52 64 128 0.141807
122 52 64 128 0.0658153
123 52 64 128 0.018581
36 53 64 128 0.0106978
37 53 64 128 0.0189985
38 53 64 128 0.039583
39 53 64 128 0.0513362
40 53 64 128 0.0719265
41 53 64 128 0.0442344
42 53 64 128 0.026191
43 53 64 128 0.010933
115 53 64 128 0.0140107
116 53 64 128 0.0182127
117 53 64 128 0.0316335
118 53 64 128 0.0542569
119 53 64 128 0.17049
120 53 64 128 0.211738
121 53 64 128 0.252186
122 53 64 128 0.114332
123 53 64 128 0.0349282
38 54 64 128 0.0201154
39 54 64 128 0.0223056
40 54 64 128 0.0362265
41 54 64 128 0.0226481
42 54 64 128 0.0158854
75 54 64 128 0.0108686
76 54 64 128 0.0169749
77 54 64 128 0.0173583
115 54 64 128 0.0117809
116 54 64 128 0.0134533
117 54 64 128 0.0368745
118 54 64 128 0.0585734
119 54 64 128 0.266654
120 54 64 128 0.260079
121 54 64 128 0.369862
122 54 64 128 0.166893
123 54 64 128 0.0795454
124 54 64 128 0.0171445
37 55 64 128 0.0107132
38 55 64 128 0.0222861
39 55 64 128 0.0271035
40 55 64 128 0.0378445
41 55 64 128 0.0223342
42 55 64 128 0.0129793
75 55 64 128 0.0136438
76 55 64 128 0.0201897
77 55 64 128 0.0162806
116 55 64 128 0.0144631
117 55 64 128 0.0377202
118 55 64 128 0.0794096
119 55 64 128 0.281778
120 55 64 128 0.392783
121 55 64 128 0.515868
122 55 64 128 0.304703
123 55 64 128 0.149391
124 55 64 128 0.0450352
38 56 64 128 0.0131874
39 56 64 128 0.0123742
40 56 64 128 0.0160972
75 56 64 128 0.0257632
76 56 64 128 0.0299694
77 56 64 128 0.0219206
78 56 64 128 0.0116378
115 56 64 128 0.0103987
116 56 64 128 0.015402
117 56 64 128 0.0420604
118 56 64 128 0.0829237
119 56 64 128 0.341967
120 56 64 128 0.485836
121 56 64 128 0.63846
122 56 64 128 0.430641
123 56 64 128 0.309777
124 56 64 128 0.116196
125 56 64 128 0.0324062
38 57 64 128 0.0103291
40 57 64 128 0.0109154
75 57 64 128 0.0241667
76 57 64 128 0.02629
77 57 64 128 0.0192938
116 57 64 128 0.01197
117 57 64 128 0.0353982
118 57 64 128 0.0898689
119 57 64 128 0.314184
120 57 64 128 0.547829
121 57 64 128 0.760552
122 57 64 128 0.58431
123 57 64 128 0.444915
124 57 64 128 0.223539
125 57 64 128 0.0812246
126 57 64 128 0.0126104
75 58 64 128 0.024984
76 58 64 128 0.029469
77 58 64 128 0.0198501
117 58 64 128 0.0322226
118 58 64 128 0.078567
119 58 64 128 0.315339
120 58 64 128 0.53356
121 58 64 128 0.739565
122 58 64 128 0.598139
123 58 64 128 0.541565
124 58 64 128 0.305302
125 58 64 128 0.156966
126 58 64 128 0.0265814
75 59 64 128 0.0194308
76 59 64 128 0.0227679
77 59 64 128 0.0141386
116 59 64 128 0.0115917
117 59 64 128 0.0335851
118 59 64 128 0.0893798
119 59 64 128 0.299787
120 59 64 128 0.610587
121 59 64 128 0.762451
122 59 64 128 0.710739
123 59 64 128 0.537348
124 59 64 128 0.375778
125 59 64 128 0.20634
126 59 64 128 0.0460606
127 59 64 128 0.0103861
74 60 64 128 0.0102521
75 60 64 128 0.0273059
76 60 64 128 0.0305511
77 60 64 128 0.0177565
117 60 64 128 0.0315622
118 60 64 128 0.0732692
119 60 64 128 0.297753
120 60 64 128 0.581292
121 60 64 128 0.754302
122 60 64 128 0.725361
123 60 64 128 0.595025
124 60 64 128 0.470102
125 60 64 128 0.316032
126 60 64 128 0.088342
127 60 64 128 0.0187432
75 61 64 128 0.0180615
76 61 64 128 0.0186412
77 61 64 128 0.0138051
117 61 64 128 0.035115
118 61 64 128 0.0834115
119 61 64 128 0.24502
120 61 64 128 0.53568
121 61 64 128 0.696898
122 61 64 128 0.661776
123 61 64 128 0.548401
124 61 64 128 0.493361
125 61 64 128 0.299783
126 61 64 128 0.0960319
127 61 64 128 0.0197531
75 62 64 128 0.0209193
76 62 64 128 0.0238834
77 62 64 128 0.0171733
78 62 64 128 0.0107678
117 62 64 128 0.0336368
118 62 64 128 0.0988855
119 62 64 128 0.249143
120 62 64 128 0.509586
121 62 64 128 0.641721
122 62 64 128 0.610943
123 62 64 128 0.504074
124 62 64 128 0.456772
125 62 64 128 0.316071
126 62 64 128 0.100025
127 62 64 128 0.0230073
151 62 64 128 0.0139672
152 62 64 128 0.0130172
153 62 64 128 0.0149149
154 62 64 128 0.0147477
155 62 64 128 0.0112663
75 63 64 128 0.0138806
76 63 64 128 0.0160993
77 63 64 128 0.0144866
117 63 64 128 0.0373844
118 63 64 128 0.118595
119 63 64 128 0.276813
120 63 64 128 0.55195
121 63 64 128 0.629245
122 63 64 128 0.578485
123 63 64 128 0.442985
124 63 64 128 0.398254
125 63 64 128 0.269525
126 63 64 128 0.0825037
127 63 64 128 0.0165839
150 63 64 128 0.0118882
151 63 64 128 0.0258038
152 63 64 128 0.0290029
153 63 64 128 0.0275585
154 63 64 128 0.0353064
155 63 64 128 0.0201893
75 64 64 128 0.0173267
76 64 64 128 0.0181828
77 64 64 128 0.0165183
78 64 64 128 0.012595
115 64 64 128 0.0107079
116 64 64 128 0.0137819
117 64 64 128 0.0563412
118 64 64 128 0.170642
119 64 64 128 0.369294
120 64 64 128 0.584953
121 64 64 128 0.654035
122 64 64 128 0.590446
123 64 64 128 0.458639
124 64 64 128 0.414407
125 64 64 128 0.335198
126 64 64 128 0.102823
127 64 64 128 0.0216015
149 64 64 128 0.0156743
150 64 64 128 0.0433751
151 64 64 128 0.0975808
152 64 64 128 0.101598
153 64 64 128 0.115412
154 64 64 128 0.0969104
155 64 64 128 0.0504523
156 64 64 128 0.0107319
75 65 64 128 0.0113742
76 65 64 128 0.0107093
77 65 64 128 0.0123829
78 65 64 128 0.0101298
87 65 64 128 0.0106853
115 65 64 128 0.0133241
116 65 64 128 0.0184144
117 65 64 128 0.0665502
118 65 64 128 0.180322
119 65 64 128 0.336769
120 65 64 128 0.605509
121 65 64 128 0.638872
122 65 64 128 0.538237
123 65 64 128 0.367148
124 65 64 128 0.376779
125 65 64 128 0.289292
126 65 64 128 0.135999
127 65 64 128 0.0302039
149 65 64 128 0.01901
150 65 64 128 0.070091
151 65 64 128 0.129207
152 65 64 128 0.177673
153 65 64 128 0.175713
154 65 64 128 0.155082
155 65 64 128 0.088186
156 65 64 128 0.0189654
75 66 64 128 0.018835
76 66 64 128 0.021219
77 66 64 128 0.0241925
78 66 64 128 0.0246957
79 66 64 128 0.0277608
80 66 64 128 0.0205966
81 66 64 128 0.0143103
82 66 64 128 0.0143794
83 66 64 128 0.0240278
84 66 64 128 0.0286717
85 66 64 128 0.0299132
86 66 64 128 0.0248243
87 66 64 128 0.0282759
88 66 64 128 0.0238732
89 66 64 128 0.0200933
114 66 64 128 0.0115234
115 66 64 128 0.0168272
116 66 64 128 0.0220317
117 66 64 128 0.0736988
118 66 64 128 0.197671
119 66 64 128 0.33916
120 66 64 128 0.571911
121 66 64 128 0.550931
122 66 64 128 0.421375
123 66 64 128 0.273092
124 66 64 128 0.262484
125 66 64 128 0.216825
126 66 64 128 0.0984138
127 66 64 128 0.0254102
149 66 64 128 0.0182589
150 66 64 128 0.0717369
151 66 64 128 0.165064
152 66 64 128 0.213328
153 66 64 128 0.254471
154 66 64 128 0.209452
155 66 64 128 0.140498
156 66 64 128 0.0226931
75 67 64 128 0.0140948
76 67 64 128 0.0180304
77 67 64 128 0.0245616
78 67 64 128 0.0302411
79 67 64 128 0.0421065
80 67 64 128 0.0333335
81 67 64 128 0.0310081
82 67 64 128 0.0403934
83 67 64 128 0.0826062
84 67 64 128 0.0891325
85 67 64 128 0.0820305
86 67 64 128 0.0719052
87 67 64 128 0.0819399
88 67 64 128 0.0537977
89 67 64 128 0.0432103
90 67 64 128 0.0165569
114 67 64 128 0.0126703
115 67 64 128 0.0179189
116 67 64 128 0.0214
117 67 64 128 0.0778966
118 67 64 128 0.174391
119 67 64 128 0.293366
120 67 64 128 0.507233
121 67 64 128 0.466986
122 67 64 128 0.298421
123 67 64 128 0.198203
124 67 64 128 0.20799
125 67 64 128 0.163874
126 67 64 128 0.0766149
127 67 64 128 0.0180411
150 67 64 128 0.0433505
151 67 64 128 0.103015
152 67 64 128 0.190268
153 67 64 128 0.198118
154 67 64 128 0.202664
155 67 64 128 0.112546
156 67 64 128 0.0207698
75 68 64 128 0.0150809
76 68 64 128 0.0201554
77 68 64 128 0.029476
78 68 64 128 0.0435591
79 68 64 128 0.0751276
80 68 64 128 0.0685296
81 68 64 128 0.0658919
82 68 64 128 0.122592
83 68 64 128 0.210526
84 68 64 128 0.237583
85 68 64 128 0.19844
86 68 64 128 0.154547
87 68 64 128 0.130506
88 68 64 128 0.0820692
89 68 64 128 0.0476957
90 68 64 128 0.0201399
91 68 64 128 0.0114265
113 68 64 128 0.0135702
114 68 64 128 0.018336
115 68 64 128 0.03485
116 68 64 128 0.0340832
117 68 64 128 0.10993
118 68 64 128 0.245129
119 68 64 128 0.383245
120 68 64 128 0.539571
121 68 64 128 0.448328
122 68 64 128 0.245218
123 68 64 128 0.172321
124 68 64 128 0.147079
125 68 64 128 0.127799
126 68 64 128 0.0560884
127 68 64 128 0.0141677
150 68 64 128 0.0309398
151 68 64 128 0.0945521
152 68 64 128 0.165849
153 68 64 128 0.194994
154 68 64 128 0.158538
155 68 64 128 0.0744885
156 68 64 128 0.0107656
77 69 64 128 0.0150279
78 69 64 128 0.0241105
79 69 64 128 0.0532662
80 69 64 128 0.0541606
81 69 64 128 0.0763816
82 69 64 128 0.149728
83 69 64 128 0.314885
84 69 64 128 0.271343
85 69 64 128 0.269801
86 69 64 128 0.190416
87 69 64 128 0.164327
88 69 64 128 0.0825318
89 69 64 128 0.0497188
90 69 64 128 0.0207659
91 69 64 128 0.0117012
113 69 64 128 0.015194
114 69 64 128 0.0240346
115 69 64 128 0.0330949
116 69 64 128 0.0305293
117 69 64 128 0.127622
118 69 64 128 0.280991
119 69 64 128 0.363371
120 69 64 128 0.520666
121 69 64 128 0.409075
122 69 64 128 0.216318
123 69 64 128 0.124679
124 69 64 128 0.110123
125 69 64 128 0.0919782
126 69 64 128 0.0509502
127 69 64 128 0.0140082
150 69 64 128 0.01686
151 69 64 128 0.0463277
152 69 64 128 0.0869635
153 69 64 128 0.0891032
154 69 64 128 0.0941214
155 69 64 128 0.0323414
77 70 64 128 0.0141165
78 70 64 128 0.0275526
79 70 64 128 0.0619075
80 70 64 128 0.0962017
81 70 64 128 0.14936
82 70 64 128 0.318963
83 70 64 128 0.526717
84 70 64 128 0.561144
85 70 64 128 0.50498
86 70 64 128 0.318117
87 70 64 128 0.238043
88 70 64 128 0.102364
89 70 64 128 0.0545394
90 70 64 128 0.0248767
91 70 64 128 0.013063
113 70 64 128 0.0162839
114 70 64 128 0.028784
115 70 64 128 0.0371162
116 70 64 128 0.0339904
117 70 64 128 0.149841
118 70 64 128 0.311934
119 70 64 128 0.436567
120 70 64 128 0.561074
121 70 64 128 0.340692
122 70 64 128 0.153743
123 70 64 128 0.0903387
124 70 64 128 0.0742493
125 70 64 128 0.06885
126 70 64 128 0.0371746
127 70 64 128 0.010829
151 70 64 128 0.011717
152 70 64 128 0.0217701
153 70 64 128 0.0277891
154 70 64 128 0.0253716
155 70 64 128 0.0100291
78 71 64 128 0.0133347
79 71 64 128 0.0372598
80 71 64 128 0.0587857
81 71 64 128 0.116332
82 71 64 128 0.315065
83 71 64 128 0.533826
84 71 64 128 0.589542
85 71 64 128 0.496299
86 71 64 128 0.330753
87 71 64 128 0.225072
88 71 64 128 0.0897451
89 71 64 128 0.0530467
90 71 64 128 0.0248835
91 71 64 128 0.013659
113 71 64 128 0.020859
114 71 64 128 0.0271891
115 71 64 128 0.0340071
116 71 64 128 0.0393531
117 71 64 128 0.179449
118 71 64 128 0.330604
119 71 64 128 0.43713
120 71 64 128 0.547114
121 71 64 128 0.332089
122 71 64 128 0.138115
123 71 64 128 0.0822597
124 71 64 128 0.0579835
125 71 64 128 0.0650961
126 71 64 128 0.0318981
79 72 64 128 0.0290881
80 72 64 128 0.0612869
81 72 64 128 0.11492
82 72 64 128 0.393753
83 72 64 128 0.61107
84 72 64 128 0.684254
85 72 64 128 0.546826
86 72 64 128 0.379417
87 72 64 128 0.218433
88 72 64 128 0.0784237
89 72 64 128 0.053298
90 72 64 128 0.0293788
91 72 64 128 0.0185795
113 72 64 128 0.032642
114 72 64 128 0.0359728
115 72 64 128 0.0663774
116 72 64 128 0.0949381
117 72 64 128 0.327133
118 72 64 128 0.464881
119 72 64 128 0.647022
120 72 64 128 0.701586
121 72 64 128 0.441066
122 72 64 128 0.15427
123 72 64 128 0.0949999
124 72 64 128 0.0720503
125 72 64 128 0.0762314
126 72 64 128 0.0328735
79 73 64 128 0.0126932
80 73 64 128 0.0228716
81 73 64 128 0.0637743
82 73 64 128 0.253533
83 73 64 128 0.520034
84 73 64 128 0.562779
85 73 64 128 0.492086
86 73 64 128 0.303918
87 73 64 128 0.19265
88 73 64 128 0.0505971
89 73 64 128 0.0446484
90 73 64 128 0.028012
91 73 64 128 0.0255589
92 73 64 128 0.0120019
113 73 64 128 0.0315911
114 73 64 128 0.0414466
115 73 64 128 0.0811564
116 73 64 128 0.117193
117 73 64 128 0.4401
118 73 64 128 0.618231
119 73 64 128 0.739661
120 73 64 128 0.780284
121 73 64 128 0.492294
122 73 64 128 0.220001
123 73 64 128 0.11768
124 73 64 128 0.0939884
125 73 64 128 0.0849614
126 73 64 128 0.04443
127 73 64 128 0.0157953
79 74 64 128 0.0146898
80 74 64 128 0.0333181
81 74 64 128 0.0998564
82 74 64 128 0.359544
83 74 64 128 0.655247
84 74 64 128 0.735759
85 74 64 128 0.638664
86 74 64 128 0.430629
87 74 64 128 0.237399
88 74 64 128 0.0743543
89 74 64 128 0.0604981
90 74 64 128 0.0570516
91 74 64 128 0.0460013
92 74 64 128 0.0324828
93 74 64 128 0.019328
94 74 64 128 0.0141217
95 74 64 128 0.0101507
113 74 64 128 0.0403341
114 74 64 128 0.0685557
115 74 64 128 0.137731
116 74 64 128 0.221379
117 74 64 128 0.611964
118 74 64 128 0.758375
119 74 64 128 0.874821
120 74 64 128 0.871548
121 74 64 128 0.673447
122 74 64 128 0.313056
123 74 64 128 0.169496
124 74 64 128 0.104926
125 74 64 128 0.100068
126 74 64 128 0.0502957
127 74 64 128 0.0174313
80 75 64 128 0.0229575
81 75 64 128 0.0828566
82 75 64 128 0.318402
83 75 64 128 0.627393
84 75 64 128 0.71505
85 75 64 128 0.618731
86 75 64 128 0.468131
87 75 64 128 0.24925
88 75 64 128 0.0795399
89 75 64 128 0.0747734
90 75 64 128 0.101054
91 75 64 128 0.0775738
92 75 64 128 0.0626219
93 75 64 128 0.0415826
94 75 64 128 0.0334288
95 75 64 128 0.0186331
113 75 64 128 0.039479
114 75 64 128 0.0755766
115 75 64 128 0.170545
116 75 64 128 0.291872
117 75 64 128 0.722327
118 75 64 128 0.858662
119 75 64 128 0.930808
120 75 64 128 0.929393
121 75 64 128 0.799345
122 75 64 128 0.463676
123 75 64 128 0.223588
124 75 64 128 0.135045
125 75 64 128 0.137326
126 75 64 128 0.0753233
127 75 64 128 0.0228217
79 76 64 128 0.0117778
80 76 64 128 0.0365134
81 76 64 128 0.140126
82 76 64 128 0.504623
83 76 64 128 0.782731
84 76 64 128 0.871961
85 76 64 128 0.775663
86 76 64 128 0.659299
87 76 64 128 0.360032
88 76 64 128 0.148518
89 76 64 128 0.161006
90 76 64 128 0.232187
91 76 64 128 0.198146
92 76 64 128 0.167163
93 76 64 128 0.13426
94 76 64 128 0.0981228
95 76 64 128 0.0568402
96 76 64 128 0.0177613
113 76 64 128 0.0643196
114 76 64 128 0.0987833
115 76 64 128 0.284537
116 76 64 128 0.507481
117 76 64 128 0.860501
118 76 64 128 0.934511
119 76 64 128 0.977212
120 76 64 128 0.966229
121 76 64 128 0.908322
122 76 64 128 0.607656
123 76 64 128 0.416373
124 76 64 128 0.222434
125 76 64 128 0.204828
126 76 64 128 0.118573
127 76 64 128 0.0275827
80 77 64 128 0.0231312
81 77 64 128 0.10675
82 77 64 128 0.425289
83 77 64 128 0.781557
84 77 64 128 0.86859
85 77 64 128 0.793851
86 77 64 128 0.671534
87 77 64 128 0.387558
88 77 64 128 0.171951
89 77 64 128 0.230525
90 77 64 128 0.316482
91 77 64 128 0.311266
92 77 64 128 0.271834
93 77 64 128 0.241692
94 77 64 128 0.151164
95 77 64 128 0.0779624
96 77 64 128 0.0202351
112 77 64 128 0.0109832
113 77 64 128 0.074264
114 77 64 128 0.14097
115 77 64 128 0.396297
116 77 64 128 0.647397
117 77 64 128 0.922715
118 77 64 128 0.974384
119 77 64 128 0.9883
120 77 64 128 0.982247
121 77 64 128 0.938939
122 77 64 128 0.755085
123 77 64 128 0.492254
124 77 64 128 0.302747
125 77 64 128 0.22639
126 77 64 128 0.165224
127 77 64 128 0.0351899
80 78 64 128 0.0395904
81 78 64 128 0.168429
82 78 64 128 0.607864
83 78 64 128 0.879143
84 78 64 128 0.943698
85 78 64 128 0.898896
86 78 64 128 0.820335
87 78 64 128 0.553883
88 78 64 128 0.365052
89 78 64 128 0.458369
90 78 64 128 0.540281
91 78 64 128 0.535352
92 78 64 128 0.527819
93 78 64 128 0.445982
94 78 64 128 0.266167
95 78 64 128 0.137498
96 78 64 128 0.0359041
112 78 64 128 0.0182452
113 78 64 128 0.106901
114 78 64 128 0.25544
115 78 64 128 0.554029
116 78 64 128 0.788314
117 78 64 128 0.960457
118 78 64 128 0.988181
119 78 64 128 0.995187
120 78 64 128 0.99099
121 78 64 128 0.970408
122 78 64 128 0.851275
123 78 64 128 0.59889
124 78 64 128 0.315471
125 78 64 128 0.233727
126 78 64 128 0.144938
127 78 64 128 0.0203971
80 79 64 128 0.0218409
81 79 64 128 0.101604
82 79 64 128 0.507326
83 79 64 128 0.82256
84 79 64 128 0.913149
85 79 64 128 0.873942
86 79 64 128 0.823516
87 79 64 128 0.572168
88 79 64 128 0.365699
89 79 64 128 0.480803
90 79 64 128 0.61727
91 79 64 128 0.618849
92 79 64 128 0.679998
93 79 64 128 0.547512
94 79 64 128 0.348864
95 79 64 128 0.144751
96 79 64 128 0.0362105
112 79 64 128 0.0249603
113 79 64 128 0.125462
114 79 64 128 0.300841
115 79 64 128 0.601221
116 79 64 128 0.811311
117 79 64 128 0.963181
118 79 64 128 0.991006
119 79 64 128 0.996324
120 79 64 128 0.99125
121 79 64 128 0.969588
122 79 64 128 0.842886
123 79 64 128 0.491073
124 79 64 128 0.267027
125 79 64 128 0.179672
126 79 64 128 0.0916825
127 79 64 128 0.0113655
80 80 64 128 0.0203028
81 80 64 128 0.0954236
82 80 64 128 0.537662
83 80 64 128 0.826884
84 80 64 128 0.911424
85 80 64 128 0.858496
86 80 64 128 0.829109
87 80 64 128 0.600502
88 80 64 128 0.434315
89 80 64 128 0.537161
90 80 64 128 0.642056
91 80 64 128 0.675062
92 80 64 128 0.724907
93 80 64 128 0.587893
94 80 64 128 0.335862
95 80 64 128 0.124951
96 80 64 128 0.0261578
112 80 64 128 0.0276047
113 80 64 128 0.117772
114 80 64 128 0.259919
115 80 64 128 0.614148
116 80 64 128 0.826352
117 80 64 128 0.968002
118 80 64 128 0.991931
119 80 64 128 0.996872
120 80 64 128 0.990155
121 80 64 128 0.966887
122 80 64 128 0.804053
123 80 64 128 0.478443
124 80 64 128 0.235575
125 80 64 128 0.147243
126 80 64 128 0.0608583
81 81 64 128 0.0535482
82 81 64 128 0.343306
83 81 64 128 0.707343
84 81 64 128 0.820652
85 81 64 128 0.776817
86 81 64 128 0.752099
87 81 64 128 0.536808
88 81 64 128 0.376433
89 81 64 128 0.53815
90 81 64 128 0.599311
91 81 64 128 0.651608
92 81 64 128 0.721814
93 81 64 128 0.561354
94 81 64 128 0.276883
95 81 64 128 0.0795188
96 81 64 128 0.0118824
112 81 64 128 0.0136981
113 81 64 128 0.072282
114 81 64 128 0.175159
115 81 64 128 0.495194
116 81 64 128 0.758475
117 81 64 128 0.96152
118 81 64 128 0.990415
119 81 64 128 0.994864
120 81 64 128 0.984239
121 81 64 128 0.93784
122 81 64 128 0.722179
123 81 64 128 0.287964
124 81 64 128 0.136848
125 81 64 128 0.0764301
126 81 64 128 0.0325028
81 82 64 128 0.0629618
82 82 64 128 0.366464
83 82 64 128 0.724886
84 82 64 128 0.8401
85 82 64 128 0.795213
86 82 64 128 0.776997
87 82 64 128 0.513796
88 82 64 128 0.417785
89 82 64 128 0.559136
90 82 64 128 0.639028
91 82 64 128 0.713913
92 82 64 128 0.748436
93 82 64 128 0.538438
94 82 64 128 0.197517
95 82 64 128 0.0577818
112 82 64 128 0.0119974
113 82 64 128 0.0654683
114 82 64 128 0.186364
115 82 64 128 0.518346
116 82 64 128 0.765373
117 82 64 128 0.966083
118 82 64 128 0.990492
119 82 64 128 0.995152
120 82 64 128 0.981452
121 82 64 128 0.93917
122 82 64 128 0.691681
123 82 64 128 0.266462
124 82 64 128 0.0837699
125 82 64 128 0.0587397
126 82 64 128 0.0154383
81 83 64 128 0.0357406
82 83 64 128 0.218362
83 83 64 128 0.548152
84 83 64 128 0.659454
85 83 64 128 0.6269
86 83 64 128 0.606635
87 83 64 128 0.355737
88 83 64 128 0.303312
89 83 64 128 0.46904
90 83 64 128 0.560842
91 83 64 128 0.665821
92 83 64 128 0.696227
93 83 64 128 0.451772
94 83 64 128 0.137167
95 83 64 128 0.0312775
113 83 64 128 0.0369559
114 83 64 128 0.118208
115 83 64 128 0.355225
116 83 64 128 0.601098
117 83 64 128 0.938675
118 83 64 128 0.983537
119 83 64 128 0.991958
120 83 64 128 0.96497
121 83 64 128 0.88912
122 83 64 128 0.514306
123 83 64 128 0.132516
124 83 64 128 0.042913
125 83 64 128 0.0207935
81 84 64 128 0.0275189
82 84 64 128 0.187107
83 84 64 128 0.458347
84 84 64 128 0.553157
85 84 64 128 0.502584
86 84 64 128 0.4307
87 84 64 128 0.244706
88 84 64 128 0.233486
89 84 64 128 0.35287
90 84 64 128 0.467844
91 84 64 128 0.633122
92 84 64 128 0.643727
93 84 64 128 0.359126
94 84 64 128 0.0759074
95 84 64 128 0.0184355
113 84 64 128 0.0256803
114 84 64 128 0.0926657
115 84 64 128 0.345668
116 84 64 128 0.584856
117 84 64 128 0.925635
118 84 64 128 0.980458
119 84 64 128 0.991799
120 84 64 128 0.955167
121 84 64 128 0.868797
122 84 64 128 0.409269
123 84 64 128 0.118932
124 84 64 128 0.0265697
125 84 64 128 0.0111392
81 85 64 128 0.0189039
82 85 64 128 0.105571
83 85 64 128 0.31377
84 85 64 128 0.353394
85 85 64 128 0.342524
86 85 64 128 0.206773
87 85 64 128 0.136268
88 85 64 128 0.130532
89 85 64 128 0.274981
90 85 64 128 0.357807
91 85 64 128 0.513453
92 85 64 128 0.534869
93 85 64 128 0.285593
94 85 64 128 0.0589499
95 85 64 128 0.0113398
113 85 64 128 0.0159979
114 85 64 128 0.0545427
115 85 64 128 0.248369
116 85 64 128 0.494175
117 85 64 128 0.900587
118 85 64 128 0.967075
119 85 64 128 0.983466
120 85 64 128 0.916048
121 85 64 128 0.766207
122 85 64 128 0.294968
123 85 64 128 0.068601
124 85 64 128 0.0133138
204 85 64 128 0.0161601
81 86 64 128 0.0240728
82 86 64 128 0.13188
83 86 64 128 0.313961
84 86 64 128 0.34465
85 86 64 128 0.285348
86 86 64 128 0.166008
87 86 64 128 0.080389
88 86 64 128 0.0842269
89 86 64 128 0.165915
90 86 64 128 0.262161
91 86 64 128 0.39545
92 86 64 128 0.406414
93 86 64 128 0.198544
94 86 64 128 0.0309644
113 86 64 128 0.0203433
114 86 64 128 0.0767768
115 86 64 128 0.296476
116 86 64 128 0.572518
117 86 64 128 0.917629
118 86 64 128 0.969548
119 86 64 128 0.982295
120 86 64 128 0.885282
121 86 64 128 0.722215
122 86 64 128 0.230092
123 86 64 128 0.0504557
204 86 64 128 0.0168828
81 87 64 128 0.0332195
82 87 64 128 0.130835
83 87 64 128 0.289715
84 87 64 128 0.279465
85 87 64 128 0.223084
86 87 64 128 0.128601
87 87 64 128 0.0706565
88 87 64 128 0.0610398
89 87 64 128 0.149946
90 87 64 128 0.218857
91 87 64 128 0.333267
92 87 64 128 0.300174
93 87 64 128 0.148849
94 87 64 128 0.0257963
113 87 64 128 0.0197417
114 87 64 128 0.064664
115 87 64 128 0.258356
116 87 64 128 0.469317
117 87 64 128 0.888091
118 87 64 128 0.960467
119 87 64 128 0.974906
120 87 64 128 0.850786
121 87 64 128 0.644026
122 87 64 128 0.165738
123 87 64 128 0.0268709
203 87 64 128 0.0167716
204 87 64 128 0.0305654
81 88 64 128 0.066013
82 88 64 128 0.234541
83 88 64 128 0.40343
84 88 64 128 0.331854
85 88 64 128 0.25095
86 88 64 128 0.129539
87 88 64 128 0.0633411
88 88 64 128 0.0687567
89 88 64 128 0.139986
90 88 64 128 0.243008
91 88 64 128 0.35373
92 88 64 128 0.341304
93 88 64 128 0.158935
94 88 64 128 0.0250654
113 88 64 128 0.0349394
114 88 64 128 0.105056
115 88 64 128 0.361864
116 88 64 128 0.529645
117 88 64 128 0.913768
118 88 64 128 0.967713
119 88 64 128 0.97933
120 88 64 128 0.879964
121 88 64 128 0.664592
122 88 64 128 0.158068
123 88 64 128 0.0277436
203 88 64 128 0.0154802
204 88 64 128 0.0252278
80 89 64 128 0.0163914
81 89 64 128 0.130897
82 89 64 128 0.355938
83 89 64 128 0.539711
84 89 64 128 0.378796
85 89 64 128 0.310056
86 89 64 128 0.124226
87 89 64 128 0.0730973
88 89 64 128 0.071631
89 89 64 128 0.165521
90 89 64 128 0.259088
91 89 64 128 0.402224
92 89 64 128 0.365932
93 89 64 128 0.203977
94 89 64 128 0.0338701
113 89 64 128 0.0639295
114 89 64 128 0.130066
115 89 64 128 0.426144
116 89 64 128 0.574231
117 89 64 128 0.927898
118 89 64 128 0.964298
119 89 64 128 0.977299
120 89 64 128 0.86221
121 89 64 128 0.64906
122 89 64 128 0.17573
123 89 64 128 0.0303133
202 89 64 128 0.0147101
203 89 64 128 0.0385976
204 89 64 128 0.0715195
80 90 64 128 0.0492608
81 90 64 128 0.261588
82 90 64 128 0.57299
83 90 64 128 0.661988
84 90 64 128 0.528723
85 90 64 128 0.364965
86 90 64 128 0.158739
87 90 64 128 0.0775125
88 90 64 128 0.0841857
89 90 64 128 0.150807
90 90 64 128 0.265462
91 90 64 128 0.336487
92 90 64 128 0.324733
93 90 64 128 0.158025
94 90 64 128 0.027485
112 90 64 128 0.0245623
113 90 64 128 0.168786
114 90 64 128 0.338701
115 90 64 128 0.623277
116 90 64 128 0.733378
117 90 64 128 0.954518
118 90 64 128 0.976104
119 90 64 128 0.985757
120 90 64 128 0.909569
121 90 64 128 0.748246
122 90 64 128 0.2464
123 90 64 128 0.0478913
202 90 64 128 0.0108841
203 90 64 128 0.0308413
204 90 64 128 0.0569363
79 91 64 128 0.0191519
80 91 64 128 0.0972129
81 91 64 128 0.405443
82 91 64 128 0.639282
83 91 64 128 0.765667
84 91 64 128 0.614786
85 91 64 128 0.425924
86 91 64 128 0.156362
87 91 64 128 0.100423
88 91 64 128 0.0851792
89 91 64 128 0.155033
90 91 64 128 0.234031
91 91 64 128 0.342982
92 91 64 128 0.281717
93 91 64 128 0.13865
94 91 64 128 0.027322
112 91 64 128 0.0355169
113 91 64 128 0.264191
114 91 64 128 0.39139
115 91 64 128 0.628075
116 91 64 128 0.686269
117 91 64 128 0.954867
118 91 64 128 0.974548
119 91 64 128 0.9861
120 91 64 128 0.918205
121 91 64 128 0.827148
122 91 64 128 0.351691
123 91 64 128 0.0843299
202 91 64 128 0.0141644
203 91 64 128 0.0349347
204 91 64 128 0.0812835
79 92 64 128 0.0526199
80 92 64 128 0.214409
81 92 64 128 0.594778
82 92 64 128 0.773073
83 92 64 128 0.862358
84 92 64 128 0.724434
85 92 64 128 0.463734
86 92 64 128 0.182646
87 92 64 128 0.0920903
88 92 64 128 0.101675
89 92 64 128 0.150801
90 92 64 128 0.223381
91 92 64 128 0.252898
92 92 64 128 0.249852
93 92 64 128 0.0831667
94 92 64 128 0.0182209
111 92 64 128 0.0148148
112 92 64 128 0.103868
113 92 64 128 0.442437
114 92 64 128 0.554495
115 92 64 128 0.763917
116 92 64 128 0.787189
117 92 64 128 0.968029
118 92 64 128 0.980039
119 92 64 128 0.990504
120 92 64 128 0.946075
121 92 64 128 0.883539
122 92 64 128 0.509005
123 92 64 128 0.168849
124 92 64 128 0.0227951
203 92 64 128 0.0169825
204 92 64 128 0.0402149
78 93 64 128 0.012049
79 93 64 128 0.108729
80 93 64 128 0.293296
81 93 64 128 0.698637
82 93 64 128 0.823255
83 93 64 128 0.890245
84 93 64 128 0.755902
85 93 64 128 0.518887
86 93 64 128 0.174235
87 93 64 128 0.11149
88 93 64 128 0.101232
89 93 64 128 0.168399
90 93 64 128 0.20565
91 93 64 128 0.272161
92 93 64 128 0.206403
93 93 64 128 0.0916192
94 93 64 128 0.0196359
111 93 64 128 0.0357654
112 93 64 128 0.167369
113 93 64 128 0.538489
114 93 64 128 0.57107
115 93 64 128 0.745376
116 93 64 128 0.781012
117 93 64 128 0.9679
118 93 64 128 0.978236
119 93 64 128 0.989256
120 93 64 128 0.952526
121 93 64 128 0.926464
122 93 64 128 0.601528
123 93 64 128 0.285232
124 93 64 128 0.0501065
125 93 64 128 0.0116937
203 93 64 128 0.0133437
204 93 64 128 0.0381096
77 94 64 128 0.0104546
78 94 64 128 0.0447562
79 94 64 128 0.244047
80 94 64 128 0.495871
81 94 64 128 0.769325
82 94 64 128 0.87246
83 94 64 128 0.894285
84 94 64 128 0.782035
85 94 64 128 0.558676
86 94 64 128 0.160486
87 94 64 128 0.0856705
88 94 64 128 0.0870431
89 94 64 128 0.121574
90 94 64 128 0.150858
91 94 64 128 0.166508
92 94 64 128 0.146542
93 94 64 128 0.0534979
94 94 64 128 0.0128027
111 94 64 128 0.0517334
112 94 64 128 0.254317
113 94 64 128 0.614373
114 94 64 128 0.619793
115 94 64 128 0.718068
116 94 64 128 0.768193
117 94 64 128 0.957976
118 94 64 128 0.971827
119 94 64 128 0.983349
120 94 64 128 0.94429
121 94 64 128 0.910432
122 94 64 128 0.616926
123 94 64 128 0.34716
124 94 64 128 0.0724684
125 94 64 128 0.0217999
204 94 64 128 0.0105695
10 95 64 128 0.0118346
11 95 64 128 0.0203126
12 95 64 128 0.0155249
13 95 64 128 0.0121535
77 95 64 128 0.012465
78 95 64 128 0.0479952
79 95 64 128 0.270033
80 95 64 128 0.485939
81 95 64 128 0.724185
82 95 64 128 0.800761
83 95 64 128 0.865626
84 95 64 128 0.732187
85 95 64 128 0.538223
86 95 64 128 0.132778
87 95 64 128 0.0898377
88 95 64 128 0.0794708
89 95 64 128 0.12356
90 95 64 128 0.144757
91 95 64 128 0.183331
92 95 64 128 0.145506
93 95 64 128 0.0553735
94 95 64 128 0.0115891
110 95 64 128 0.0102874
111 95 64 128 0.0702236
112 95 64 128 0.232405
113 95 64 128 0.542992
114 95 64 128 0.468863
115 95 64 128 0.540232
116 95 64 128 0.58017
117 95 64 128 0.889685
118 95 64 128 0.931361
119 95 64 128 0.948782
120 95 64 128 0.860733
121 95 64 128 0.811493
122 95 64 128 0.525911
123 95 64 128 0.302125
124 95 64 128 0.0883313
125 95 64 128 0.0321987
9 96 64 128 0.0170995
10 96 64 128 0.0284153
11 96 64 128 0.0419053
12 96 64 128 0.0329505
13 96 64 128 0.0239723
14 96 64 128 0.0124592
77 96 64 128 0.0342611
78 96 64 128 0.110569
79 96 64 128 0.393693
80 96 64 128 0.582401
81 96 64 128 0.747665
82 96 64 128 0.789849
83 96 64 128 0.849496
84 96 64 128 0.713467
85 96 64 128 0.508188
86 96 64 128 0.12517
87 96 64 128 0.071686
88 96 64 128 0.0633839
89 96 64 128 0.0971208
90 96 64 128 0.132684
91 96 64 128 0.152294
92 96 64 128 0.114344
93 96 64 128 0.036778
109 96 64 128 0.0121323
110 96 64 128 0.0218927
111 96 64 128 0.122448
112 96 64 128 0.405914
113 96 64 128 0.612546
114 96 64 128 0.541729
115 96 64 128 0.549084
116 96 64 128 0.611206
117 96 64 128 0.864309
118 96 64 128 0.901947
119 96 64 128 0.902058
120 96 64 128 0.790817
121 96 64 128 0.706142
122 96 64 128 0.443484
123 96 64 128 0.292394
124 96 64 128 0.108198
125 96 64 128 0.0487292
160 96 64 128 0.0156287
161 96 64 128 0.0189776
162 96 64 128 0.0208705
9 97 64 128 0.0251434
10 97 64 128 0.04093
11 97 64 128 0.0671197
12 97 64 128 0.0547702
13 97 64 128 0.0336915
14 97 64 128 0.0163992
77 97 64 128 0.0519462
78 97 64 128 0.138957
79 97 64 128 0.466278
80 97 64 128 0.576823
81 97 64 128 0.756206
82 97 64 128 0.776494
83 97 64 128 0.848255
84 97 64 128 0.732107
85 97 64 128 0.552687
86 97 64 128 0.147673
87 97 64 128 0.0914791
88 97 64 128 0.0730281
89 97 64 128 0.122958
90 97 64 128 0.142269
91 97 64 128 0.18521
92 97 64 128 0.110883
93 97 64 128 0.0412926
109 97 64 128 0.0241354
110 97 64 128 0.0349349
111 97 64 128 0.16205
112 97 64 128 0.37884
113 97 64 128 0.557748
114 97 64 128 0.412953
115 97 64 128 0.409647
116 97 64 128 0.489977
117 97 64 128 0.770496
118 97 64 128 0.806957
119 97 64 128 0.763325
120 97 64 128 0.575805
121 97 64 128 0.536658
122 97 64 128 0.377326
123 97 64 128 0.263539
124 97 64 128 0.12724
125 97 64 128 0.0743197
157 97 64 128 0.0131255
158 97 64 128 0.0195199
159 97 64 128 0.0271952
160 97 64 128 0.076953
161 97 64 128 0.101904
162 97 64 128 0.0965782
163 97 64 128 0.028781
164 97 64 128 0.0122109
9 98 64 128 0.023246
10 98 64 128 0.0431454
11 98 64 128 0.0660449
12 98 64 128 0.0558638
13 98 64 128 0.0368827
14 98 64 128 0.0183112
76 98 64 128 0.035111
77 98 64 128 0.128772
78 98 64 128 0.311907
79 98 64 128 0.568395
80 98 64 128 0.699551
81 98 64 128 0.773042
82 98 64 128 0.814124
83 98 64 128 0.839723
84 98 64 128 0.784543
85 98 64 128 0.574517
86 98 64 128 0.186895
87 98 64 128 0.0889083
88 98 64 128 0.0685221
89 98 64 128 0.0976482
90 98 64 128 0.117157
91 98 64 128 0.119983
92 98 64 128 0.0902304
93 98 64 128 0.025184
99 98 64 128 0.0101193
100 98 64 128 0.0104463
101 98 64 128 0.0148861
105 98 64 128 0.0124937
106 98 64 128 0.0127017
107 98 64 128 0.0315246
108 98 64 128 0.0238022
109 98 64 128 0.0740467
110 98 64 128 0.0917212
111 98 64 128 0.253053
112 98 64 128 0.499691
113 98 64 128 0.649142
114 98 64 128 0.496143
115 98 64 128 0.460732
116 98 64 128 0.526824
117 98 64 128 0.739916
118 98 64 128 0.717637
119 98 64 128 0.583423
120 98 64 128 0.403775
121 98 64 128 0.37581
122 98 64 128 0.282069
123 98 64 128 0.206812
124 98 64 128 0.118822
125 98 64 128 0.0832708
156 98 64 128 0.0141481
157 98 64 128 0.0185676
158 98 64 128 0.0292808
159 98 64 128 0.0479035
160 98 64 128 0.134333
161 98 64 128 0.166415
162 98 64 128 0.180226
163 98 64 128 0.0743249
164 98 64 128 0.0315259
204 98 64 128 0.0107708
9 99 64 128 0.0129172
10 99 64 128 0.0258794
11 99 64 128 0.04918
12 99 64 128 0.0370714
13 99 64 128 0.0271385
14 99 64 128 0.0133439
76 99 64 128 0.0419404
77 99 64 128 0.16783
78 99 64 128 0.406188
79 99 64 128 0.651483
80 99 64 128 0.735547
81 99 64 128 0.820559
82 99 64 128 0.828914
83 99 64 128 0.878182
84 99 64 128 0.846238
85 99 64 128 0.70035
86 99 64 128 0.282535
87 99 64 128 0.152458
88 99 64 128 0.0998754
89 99 64 128 0.140602
90 99 64 128 0.157681
91 99 64 128 0.163523
92 99 64 128 0.121578
93 99 64 128 0.0327652
99 99 64 128 0.0214827
100 99 64 128 0.0387077
101 99 64 128 0.0602079
102 99 64 128 0.0287646
103 99 64 128 0.0303389
104 99 64 128 0.0195703
105 99 64 128 0.0528095
106 99 64 128 0.0635245
107 99 64 128 0.134055
108 99 64 128 0.0975543
109 99 64 128 0.215598
110 99 64 128 0.200165
111 99 64 128 0.432158
112 99 64 128 0.593515
113 99 64 128 0.660012
114 99 64 128 0.466983
115 99 64 128 0.409417
116 99 64 128 0.38568
117 99 64 128 0.536794
118 99 64 128 0.450929
119 99 64 128 0.254206
120 99 64 128 0.166342
121 99 64 128 0.150194
122 99 64 128 0.147921
123 99 64 128 0.106353
124 99 64 128 0.0882979
125 99 64 128 0.0608987
155 99 64 128 0.0202454
156 99 64 128 0.0429837
157 99 64 128 0.0648166
158 99 64 128 0.0952151
159 99 64 128 0.167914
160 99 64 128 0.359973
161 99 64 128 0.44396
162 99 64 128 0.426316
163 99 64 128 0.244936
164 99 64 128 0.130135
165 99 64 128 0.0343729
166 99 64 128 0.0150424
203 99 64 128 0.0124088
204 99 64 128 0.0264442
205 99 64 128 0.0238035
206 99 64 128 0.0137842
208 99 64 128 0.0149136
209 99 64 128 0.0215296
210 99 64 128 0.0187795
10 100 64 128 0.0113976
11 100 64 128 0.019707
12 100 64 128 0.0166522
13 100 64 128 0.0116029
75 100 64 128 0.0545424
76 100 64 128 0.183977
77 100 64 128 0.483633
78 100 64 128 0.726119
79 100 64 128 0.843134
80 100 64 128 0.873614
81 100 64 128 0.905898
82 100 64 128 0.886018
83 100 64 128 0.930134
84 100 64 128 0.912707
85 100 64 128 0.837892
86 100 64 128 0.464134
87 100 64 128 0.255275
88 100 64 128 0.164029
89 100 64 128 0.206678
90 100 64 128 0.180926
91 100 64 128 0.213252
92 100 64 128 0.160049
93 100 64 128 0.0425012
97 100 64 128 0.0105104
98 100 64 128 0.0142041
99 100 64 128 0.0698239
100 100 64 128 0.120593
101 100 64 128 0.215458
102 100 64 128 0.131925
103 100 64 128 0.176618
104 100 64 128 0.115804
105 100 64 128 0.288997
106 100 64 128 0.366986
107 100 64 128 0.51716
108 100 64 128 0.47013
109 100 64 128 0.647156
110 100 64 128 0.6018
111 100 64 128 0.786147
112 100 64 128 0.856915
113 100 64 128 0.859178
114 100 64 128 0.724238
115 100 64 128 0.655943
116 100 64 128 0.606734
117 100 64 128 0.6507
118 100 64 128 0.467133
119 100 64 128 0.198592
120 100 64 128 0.15197
121 100 64 128 0.12375
122 100 64 128 0.117455
123 100 64 128 0.0981901
124 100 64 128 0.0972056
125 100 64 128 0.0605942
154 100 64 128 0.0130925
155 100 64 128 0.0278268
156 100 64 128 0.059419
157 100 64 128 0.086651
158 100 64 128 0.146357
159 100 64 128 0.228083
160 100 64 128 0.449652
161 100 64 128 0.472776
162 100 64 128 0.500963
163 100 64 128 0.306908
164 100 64 128 0.182923
165 100 64 128 0.0539046
166 100 64 128 0.0297372
167 100 64 128 0.0160889
168 100 64 128 0.011181
203 100 64 128 0.0108577
204 100 64 128 0.0257307
205 100 64 128 0.024052
206 100 64 128 0.0210084
207 100 64 128 0.0164348
208 100 64 128 0.0278925
209 100 64 128 0.0472543
210 100 64 128 0.0332419
211 100 64 128 0.0191618
74 101 64 128 0.0331144
75 101 64 128 0.158783
76 101 64 128 0.402713
77 101 64 128 0.723098
78 101 64 128 0.898667
79 101 64 128 0.948313
80 101 64 128 0.94927
81 101 64 128 0.959677
82 101 64 128 0.951915
83 101 64 128 0.972096
84 101 64 128 0.966308
85 101 64 128 0.939113
86 101 64 128 0.75609
87 101 64 128 0.52386
88 101 64 128 0.37271
89 101 64 128 0.398829
90 101 64 128 0.384567
91 101 64 128 0.455269
92 101 64 128 0.33523
93 101 64 128 0.115658
94 101 64 128 0.0258996
95 101 64 128 0.0190347
96 101 64 128 0.017692
97 101 64 128 0.0286676
98 101 64 128 0.0474253
99 101 64 128 0.257734
100 101 64 128 0.42548
101 101 64 128 0.622239
102 101 64 128 0.519861
103 101 64 128 0.605575
104 101 64 128 0.470699
105 101 64 128 0.742016
106 101 64 128 0.813621
107 101 64 128 0.859776
108 101 64 128 0.83382
109 101 64 128 0.896383
110 101 64 128 0.885927
111 101 64 128 0.930835
112 101 64 128 0.933894
113 101 64 128 0.925625
114 101 64 128 0.823127
115 101 64 128 0.75131
116 101 64 128 0.658411
117 101 64 128 0.662019
118 101 64 128 0.398258
119 101 64 128 0.147643
120 101 64 128 0.103687
121 101 64 128 0.101663
122 101 64 128 0.103075
123 101 64 128 0.0970454
124 101 64 128 0.0950729
125 101 64 128 0.0731698
153 101 64 128 0.0113085
154 101 64 128 0.0155562
155 101 64 128 0.0374988
156 101 64 128 0.0728012
157 101 64 128 0.125477
158 101 64 128 0.206438
159 101 64 128 0.340088
160 101 64 128 0.568628
161 101 64 128 0.666963
162 101 64 128 0.653136
163 101 64 128 0.502821
164 101 64 128 0.347531
165 101 64 128 0.145524
166 101 64 128 0.073406
167 101 64 128 0.0383486
168 101 64 128 0.029382
169 101 64 128 0.0158027
203 101 64 128 0.0168336
204 101 64 128 0.0396933
205 101 64 128 0.0415348
206 101 64 128 0.0410525
207 101 64 128 0.0341825
208 101 64 128 0.0746254
209 101 64 128 0.103073
210 101 64 128 0.0698006
211 101 64 128 0.0284368
60 102 64 128 0.0127619
61 102 64 128 0.0134411
62 102 64 128 0.0222109
63 102 64 128 0.0257375
64 102 64 128 0.03338
65 102 64 128 0.0232929
66 102 64 128 0.0301171
67 102 64 128 0.0245077
68 102 64 128 0.0189261
69 102 64 128 0.0105429
70 102 64 128 0.014005
71 102 64 128 0.011786
72 102 64 128 0.0176089
73 102 64 128 0.0414914
74 102 64 128 0.226617
75 102 64 128 0.542365
76 102 64 128 0.817887
77 102 64 128 0.930065
78 102 64 128 0.975956
79 102 64 128 0.984009
80 102 64 128 0.988669
81 102 64 128 0.986339
82 102 64 128 0.984617
83 102 64 128 0.990164
84 102 64 128 0.9887
85 102 64 128 0.976401
86 102 64 128 0.911236
87 102 64 128 0.771042
88 102 64 128 0.647181
89 102 64 128 0.642821
90 102 64 128 0.582142
91 102 64 128 0.646042
92 102 64 128 0.51631
93 102 64 128 0.222478
94 102 64 128 0.0505516
95 102 64 128 0.0340051
96 102 64 128 0.0335808
97 102 64 128 0.0603043
98 102 64 128 0.115665
99 102 64 128 0.516657
100 102 64 128 0.708635
101 102 64 128 0.858321
102 102 64 128 0.816097
103 102 64 128 0.881294
104 102 64 128 0.845744
105 102 64 128 0.956384
106 102 64 128 0.964641
107 102 64 128 0.978575
108 102 64 128 0.971198
109 102 64 128 0.986426
110 102 64 128 0.983481
111 102 64 128 0.987887
112 102 64 128 0.984013
113 102 64 128 0.98217
114 102 64 128 0.953787
115 102 64 128 0.911279
116 102 64 128 0.896369
117 102 64 128 0.849502
118 102 64 128 0.532696
119 102 64 128 0.195599
120 102 64 128 0.134652
121 102 64 128 0.127662
122 102 64 128 0.150893
123 102 64 128 0.138528
124 102 64 128 0.136717
125 102 64 128 0.0824975
153 102 64 128 0.0106842
154 102 64 128 0.013913
155 102 64 128 0.0285871
156 102 64 128 0.0684512
157 102 64 128 0.0959635
158 102 64 128 0.167657
159 102 64 128 0.233435
160 102 64 128 0.436716
161 102 64 128 0.520558
162 102 64 128 0.529538
163 102 64 128 0.40075
164 102 64 128 0.262253
165 102 64 128 0.0985385
166 102 64 128 0.0534747
167 102 64 128 0.0337588
168 102 64 128 0.0255618
169 102 64 128 0.0124691
203 102 64 128 0.0106304
204 102 64 128 0.0289168
205 102 64 128 0.0300235
206 102 64 128 0.0339998
207 102 64 128 0.0377283
208 102 64 128 0.0688965
209 102 64 128 0.116554
210 102 64 128 0.0630148
211 102 64 128 0.0255243
58 103 64 128 0.0109133
59 103 64 128 0.0196246
60 103 64 128 0.0261356
61 103 64 128 0.0281918
62 103 64 128 0.0364377
63 103 64 128 0.0446675
64 103 64 128 0.0478351
65 103 64 128 0.0358424
66 103 64 128 0.0385656
67 103 64 128 0.0335616
68 103 64 128 0.0262728
69 103 64 128 0.0168679
70 103 64 128 0.0201563
71 103 64 128 0.0229498
72 103 64 128 0.0341868
73 103 64 128 0.0999
74 103 64 128 0.398505
75 103 64 128 0.768346
76 103 64 128 0.914319
77 103 64 128 0.972148
78 103 64 128 0.990178
79 103 64 128 0.994025
80 103 64 128 0.994981
81 103 64 128 0.993235
82 103 64 128 0.993873
83 103 64 128 0.995847
84 103 64 128 0.995364
85 103 64 128 0.991855
86 103 64 128 0.9723
87 103 64 128 0.911972
88 103 64 128 0.845758
89 103 64 128 0.831787
90 103 64 128 0.831632
91 103 64 128 0.850369
92 103 64 128 0.776033
93 103 64 128 0.480825
94 103 64 128 0.156534
95 103 64 128 0.0985458
96 103 64 128 0.0944959
97 103 64 128 0.135083
98 103 64 128 0.268107
99 103 64 128 0.711172
100 103 64 128 0.891004
101 103 64 128 0.952033
102 103 64 128 0.938304
103 103 64 128 0.967705
104 103 64 128 0.96409
105 103 64 128 0.986082
106 103 64 128 0.991857
107 103 64 128 0.995844
108 103 64 128 0.993763
109 103 64 128 0.996702
110 103 64 128 0.995804
111 103 64 128 0.995601
112 103 64 128 0.994243
113 103 64 128 0.990512
114 103 64 128 0.975908
115 103 64 128 0.950002
116 103 64 128 0.920742
117 103 64 128 0.847209
118 103 64 128 0.504767
119 103 64 128 0.18202
120 103 64 128 0.113153
121 103 64 128 0.0988533
122 103 64 128 0.120665
123 103 64 128 0.111178
124 103 64 128 0.102101
125 103 64 128 0.0505198
154 103 64 128 0.0102694
155 103 64 128 0.0245006
156 103 64 128 0.0464687
157 103 64 128 0.0706714
158 103 64 128 0.116946
159 103 64 128 0.17371
160 103 64 128 0.293533
161 103 64 128 0.362157
162 103 64 128 0.356521
163 103 64 128 0.311652
164 103 64 128 0.186135
165 103 64 128 0.0847095
166 103 64 128 0.0518107
167 103 64 128 0.0366001
168 103 64 128 0.0324956
169 103 64 128 0.0155863
203 103 64 128 0.0101931
204 103 64 128 0.0262163
205 103 64 128 0.0322451
206 103 64 128 0.0363134
207 103 64 128 0.0365695
208 103 64 128 0.0780072
209 103 64 128 0.123116
210 103 64 128 0.0611469
211 103 64 128 0.0182456
58 104 64 128 0.0106983
59 104 64 128 0.0222684
60 104 64 128 0.0337919
61 104 64 128 0.0391304
62 104 64 128 0.0623847
63 104 64 128 0.0616901
64 104 64 128 0.0815798
65 104 64 128 0.0523761
66 104 64 128 0.0602729
67 104 64 128 0.0483693
68 104 64 128 0.0439942
69 104 64 128 0.0306711
70 104 64 128 0.0457341
71 104 64 128 0.0567059
72 104 64 128 0.105751
73 104 64 128 0.259682
74 104 64 128 0.689028
75 104 64 128 0.924922
76 104 64 128 0.975494
77 104 64 128 0.990967
78 104 64 128 0.996317
79 104 64 128 0.997328
80 104 64 128 0.997742
81 104 64 128 0.996941
82 104 64 128 0.996561
83 104 64 128 0.997863
84 104 64 128 0.997669
85 104 64 128 0.996438
86 104 64 128 0.985406
87 104 64 128 0.954317
88 104 64 128 0.910674
89 104 64 128 0.88248
90 104 64 128 0.891695
91 104 64 128 0.888797
92 104 64 128 0.85381
93 104 64 128 0.589015
94 104 64 128 0.242045
95 104 64 128 0.135969
96 104 64 128 0.148643
97 104 64 128 0.222766
98 104 64 128 0.425079
99 104 64 128 0.846254
100 104 64 128 0.946792
101 104 64 128 0.979006
102 104 64 128 0.977528
103 104 64 128 0.989477
104 104 64 128 0.990303
105 104 64 128 0.996443
106 104 64 128 0.998134
107 104 64 128 0.99919
108 104 64 128 0.998925
109 104 64 128 0.99939
110 104 64 128 0.99915
111 104 64 128 0.99898
112 104 64 128 0.998353
113 104 64 128 0.997142
114 104 64 128 0.993631
115 104 64 128 0.986082
116 104 64 128 0.974456
117 104 64 128 0.926146
118 104 64 128 0.629922
119 104 64 128 0.224004
120 104 64 128 0.157119
121 104 64 128 0.12258
122 104 64 128 0.126853
123 104 64 128 0.121685
124 104 64 128 0.117984
125 104 64 128 0.0395349
155 104 64 128 0.0147152
156 104 64 128 0.0224564
157 104 64 128 0.029708
158 104 64 128 0.0506203
159 104 64 128 0.0699949
160 104 64 128 0.0937689
161 104 64 128 0.120484
162 104 64 128 0.119226
163 104 64 128 0.113585
164 104 64 128 0.0515629
165 104 64 128 0.0253268
166 104 64 128 0.0180535
167 104 64 128 0.0166302
168 104 64 128 0.0144809
204 104 64 128 0.015008
205 104 64 128 0.0171379
206 104 64 128 0.025469
207 104 64 128 0.0247379
208 104 64 128 0.0523253
209 104 64 128 0.0723244
210 104 64 128 0.0282518
59 105 64 128 0.0193136
60 105 64 128 0.0261185
61 105 64 128 0.0314971
62 105 64 128 0.046813
63 105 64 128 0.0530778
64 105 64 128 0.0608363
65 105 64 128 0.0461698
66 105 64 128 0.0423715
67 105 64 128 0.0373748
68 105 64 128 0.0332962
69 105 64 128 0.0254568
70 105 64 128 0.0395739
71 105 64 128 0.055607
72 105 64 128 0.118473
73 105 64 128 0.289807
74 105 64 128 0.756586
75 105 64 128 0.935647
76 105 64 128 0.978438
77 105 64 128 0.990822
78 105 64 128 0.99684
79 105 64 128 0.997491
80 105 64 128 0.997953
81 105 64 128 0.997145
82 105 64 128 0.997203
83 105 64 128 0.997984
84 105 64 128 0.997885
85 105 64 128 0.996925
86 105 64 128 0.987172
87 105 64 128 0.949565
88 105 64 128 0.920394
89 105 64 128 0.880155
90 105 64 128 0.899029
91 105 64 128 0.904
92 105 64 128 0.880496
93 105 64 128 0.650475
94 105 64 128 0.368103
95 105 64 128 0.18117
96 105 64 128 0.229228
97 105 64 128 0.255619
98 105 64 128 0.555389
99 105 64 128 0.911742
100 105 64 128 0.978554
101 105 64 128 0.990426
102 105 64 128 0.992425
103 105 64 128 0.996412
104 105 64 128 0.997323
105 105 64 128 0.99885
106 105 64 128 0.999558
107 105 64 128 0.999692
108 105 64 128 0.999718
109 105 64 128 0.999798
110 105 64 128 0.999772
111 105 64 128 0.99959
112 105 64 128 0.999249
113 105 64 128 0.998479
114 105 64 128 0.995935
115 105 64 128 0.991849
116 105 64 128 0.978269
117 105 64 128 0.929855
118 105 64 128 0.612679
119 105 64 128 0.179133
120 105 64 128 0.114897
121 105 64 128 0.109575
122 105 64 128 0.109535
123 105 64 128 0.0965088
124 105 64 128 0.0939377
125 105 64 128 0.0337718
157 105 64 128 0.0129853
158 105 64 128 0.0191762
159 105 64 128 0.0243827
160 105 64 128 0.0391695
161 105 64 128 0.0468957
162 105 64 128 0.0410529
163 105 64 128 0.0405466
164 105 64 128 0.0201931
165 105 64 128 0.0103546
205 105 64 128 0.0104458
206 105 64 128 0.0143143
207 105 64 128 0.0143053
208 105 64 128 0.0336201
209 105 64 128 0.0440504
210 105 64 128 0.0123598
58 106 64 128 0.0105366
59 106 64 128 0.0190011
60 106 64 128 0.0322501
61 106 64 128 0.0411924
62 106 64 128 0.0720643
63 106 64 128 0.0623546
64 106 64 128 0.0792435
65 106 64 128 0.0430921
66 106 64 128 0.039555
67 106 64 128 0.0330365
68 106 64 128 0.0383646
69 106 64 128 0.0275321
70 106 64 128 0.0566018
71 106 64 128 0.0832478
72 106 64 128 0.202835
73 106 64 128 0.402195
74 106 64 128 0.864983
75 106 64 128 0.960824
76 106 64 128 0.989336
77 106 64 128 0.993599
78 106 64 128 0.997915
79 106 64 128 0.997936
80 106 64 128 0.998643
81 106 64 128 0.997298
82 106 64 128 0.997705
83 106 64 128 0.997924
84 106 64 128 0.9979
85 106 64 128 0.99539
86 106 64 128 0.978198
87 106 64 128 0.904873
88 106 64 128 0.863659
89 106 64 128 0.791414
90 106 64 128 0.861693
91 106 64 128 0.868305
92 106 64 128 0.868687
93 106 64 128 0.60837
94 106 64 128 0.332775
95 106 64 128 0.148282
96 106 64 128 0.19154
97 106 64 128 0.306593
98 106 64 128 0.629222
99 106 64 128 0.94395
100 106 64 128 0.98302
101 106 64 128 0.99298
102 106 64 128 0.995046
103 106 64 128 0.997972
104 106 64 128 0.998132
105 106 64 128 0.999448
106 106 64 128 0.999759
107 106 64 128 0.999849
108 106 64 128 0.999873
109 106 64 128 0.999937
110 106 64 128 0.999896
111 106 64 128 0.999829
112 106 64 128 0.999664
113 106 64 128 0.999261
114 106 64 128 0.997913
115 106 64 128 0.995143
116 106 64 128 0.986319
117 106 64 128 0.94208
118 106 64 128 0.601578
119 106 64 128 0.151322
120 106 64 128 0.0885689
121 106 64 128 0.0778219
122 106 64 128 0.0737167
123 106 64 128 0.0613316
124 106 64 128 0.0559055
125 106 64 128 0.0171971
208 106 64 128 0.0179922
209 106 64 128 0.02096
59 107 64 128 0.0136176
60 107 64 128 0.0197153
61 107 64 128 0.0276543
62 107 64 128 0.0385571
63 107 64 128 0.0381732
64 107 64 128 0.0339257
65 107 64 128 0.0174994
66 107 64 128 0.0148747
67 107 64 128 0.0141103
68 107 64 128 0.0146745
69 107 64 128 0.0104158
70 107 64 128 0.0239036
71 107 64 128 0.046142
72 107 64 128 0.12884
73 107 64 128 0.33519
74 107 64 128 0.833705
75 107 64 128 0.959021
76 107 64 128 0.989334
77 107 64 128 0.994545
78 107 64 128 0.997718
79 107 64 128 0.99812
80 107 64 128 0.998507
81 107 64 128 0.997393
82 107 64 128 0.997736
83 107 64 128 0.997775
84 107 64 128 0.997429
85 107 64 128 0.994517
86 107 64 128 0.972878
87 107 64 128 0.891756
88 107 64 128 0.829891
89 107 64 128 0.821737
90 107 64 128 0.880619
91 107 64 128 0.909076
92 107 64 128 0.891386
93 107 64 128 0.717892
94 107 64 128 0.457844
95 107 64 128 0.227233
96 107 64 128 0.289009
97 107 64 128 0.404005
98 107 64 128 0.765344
99 107 64 128 0.964228
100 107 64 128 0.990238
101 107 64 128 0.995246
102 107 64 128 0.996813
103 107 64 128 0.998516
104 107 64 128 0.998828
105 107 64 128 0.99959
106 107 64 128 0.999844
107 107 64 128 0.999892
108 107 64 128 0.999918
109 107 64 128 0.999946
110 107 64 128 0.999924
111 107 64 128 0.999831
112 107 64 128 0.999637
113 107 64 128 0.999069
114 107 64 128 0.99736
115 107 64 128 0.993636
116 107 64 128 0.980202
117 107 64 128 0.898303
118 107 64 128 0.430267
119 107 64 128 0.0869534
120 107 64 128 0.0447211
121 107 64 128 0.0364315
122 107 64 128 0.0374162
123 107 64 128 0.0323461
124 107 64 128 0.0286521
208 107 64 128 0.013423
209 107 64 128 0.0136512
60 108 64 128 0.0135592
61 108 64 128 0.0180796
62 108 64 128 0.0244225
63 108 64 128 0.0190112
64 108 64 128 0.0190847
70 108 64 128 0.014846
71 108 64 128 0.0312914
72 108 64 128 0.106462
73 108 64 128 0.283017
74 108 64 128 0.806567
75 108 64 128 0.954951
76 108 64 128 0.99101
77 108 64 128 0.995002
78 108 64 128 0.997969
79 108 64 128 0.997795
80 108 64 128 0.998182
81 108 64 128 0.997204
82 108 64 128 0.997334
83 108 64 128 0.996983
84 108 64 128 0.996044
85 108 64 128 0.988995
86 108 64 128 0.944044
87 108 64 128 0.793036
88 108 64 128 0.697396
89 108 64 128 0.716815
90 108 64 128 0.812346
91 108 64 128 0.867847
92 108 64 128 0.859268
93 108 64 128 0.705466
94 108 64 128 0.449275
95 108 64 128 0.229478
96 108 64 128 0.301471
97 108 64 128 0.518064
98 108 64 128 0.81509
99 108 64 128 0.973879
100 108 64 128 0.991697
101 108 64 128 0.996208
102 108 64 128 0.996673
103 108 64 128 0.998558
104 108 64 128 0.99873
105 108 64 128 0.999575
106 108 64 128 0.999805
107 108 64 128 0.999894
108 108 64 128 0.999921
109 108 64 128 0.999944
110 108 64 128 0.999911
111 108 64 128 0.999783
112 108 64 128 0.999353
113 108 64 128 0.998056
114 108 64 128 0.995249
115 108 64 128 0.987304
116 108 64 128 0.961409
117 108 64 128 0.793485
118 108 64 128 0.249753
119 108 64 128 0.039489
120 108 64 128 0.018977
121 108 64 128 0.0127621
122 108 64 128 0.0121997
71 109 64 128 0.0107285
72 109 64 128 0.0377478
73 109 64 128 0.13548
74 109 64 128 0.621064
75 109 64 128 0.916473
76 109 64 128 0.982912
77 109 64 128 0.991868
78 109 64 128 0.996679
79 109 64 128 0.996617
80 109 64 128 0.996901
81 109 64 128 0.994954
82 109 64 128 0.995292
83 109 64 128 0.994348
84 109 64 128 0.991518
85 109 64 128 0.973936
86 109 64 128 0.889764
87 109 64 128 0.605084
88 109 64 128 0.478352
89 109 64 128 0.563324
90 109 64 128 0.73141
91 109 64 128 0.822976
92 109 64 128 0.81034
93 109 64 128 0.659424
94 109 64 128 0.457145
95 109 64 128 0.246115
96 109 64 128 0.347465
97 109 64 128 0.540847
98 109 64 128 0.859475
99 109 64 128 0.977783
100 109 64 128 0.992703
101 109 64 128 0.995887
102 109 64 128 0.996791
103 109 64 128 0.997817
104 109 64 128 0.998464
105 109 64 128 0.999296
106 109 64 128 0.99972
107 109 64 128 0.99979
108 109 64 128 0.999881
109 109 64 128 0.999892
110 109 64 128 0.999847
111 109 64 128 0.999361
112 109 64 128 0.997987
113 109 64 128 0.994378
114 109 64 128 0.987601
115 109 64 128 0.965949
116 109 64 128 0.886978
117 109 64 128 0.588172
118 109 64 128 0.114665
119 109 64 128 0.0152469
72 110 64 128 0.0109246
73 110 64 128 0.0351621
74 110 64 128 0.303264
75 110 64 128 0.788022
76 110 64 128 0.958614
77 110 64 128 0.978761
78 110 64 128 0.992136
79 110 64 128 0.991792
80 110 64 128 0.992096
81 110 64 128 0.985794
82 110 64 128 0.987725
83 110 64 128 0.986862
84 110 64 128 0.979452
85 110 64 128 0.934481
86 110 64 128 0.736492
87 110 64 128 0.367874
88 110 64 128 0.264737
89 110 64 128 0.351012
90 110 64 128 0.608615
91 110 64 128 0.718292
92 110 64 128 0.743023
93 110 64 128 0.561834
94 110 64 128 0.389031
95 110 64 128 0.217804
96 110 64 128 0.340784
97 110 64 128 0.598211
98 110 64 128 0.888315
99 110 64 128 0.982786
100 110 64 128 0.992622
101 110 64 128 0.995183
102 110 64 128 0.995686
103 110 64 128 0.996899
104 110 64 128 0.99718
105 110 64 128 0.998419
106 110 64 128 0.999037
107 110 64 128 0.999295
108 110 64 128 0.999467
109 110 64 128 0.999495
110 110 64 128 0.999126
111 110 64 128 0.996462
112 110 64 128 0.987419
113 110 64 128 0.96684
114 110 64 128 0.923591
115 110 64 128 0.819804
116 110 64 128 0.63675
117 110 64 128 0.201913
118 110 64 128 0.0233454
73 111 64 128 0.0114189
74 111 64 128 0.11871
75 111 64 128 0.569379
76 111 64 128 0.868645
77 111 64 128 0.944559
78 111 64 128 0.978032
79 111 64 128 0.981883
80 111 64 128 0.981189
81 111 64 128 0.967969
82 111 64 128 0.97338
83 111 64 128 0.971662
84 111 64 128 0.957561
85 111 64 128 0.881664
86 111 64 128 0.59203
87 111 64 128 0.237774
88 111 64 128 0.155273
89 111 64 128 0.251586
90 111 64 128 0.483476
91 111 64 128 0.669627
92 111 64 128 0.669938
93 111 64 128 0.517102
94 111 64 128 0.338572
95 111 64 128 0.17444
96 111 64 128 0.308079
97 111 64 128 0.530532
98 111 64 128 0.885221
99 111 64 128 0.973758
100 111 64 128 0.990344
101 111 64 128 0.992317
102 111 64 128 0.991756
103 111 64 128 0.991753
104 111 64 128 0.991984
105 111 64 128 0.993912
106 111 64 128 0.996715
107 111 64 128 0.996378
108 111 64 128 0.997389
109 111 64 128 0.996671
110 111 64 128 0.994846
111 111 64 128 0.974709
112 111 64 128 0.902347
113 111 64 128 0.775545
114 111 64 128 0.607727
115 111 64 128 0.361741
116 111 64 128 0.20665
117 111 64 128 0.039165
