0 0 64 128 0.0128228
1 0 64 128 0.0131035
2 0 64 128 0.014108
3 0 64 128 0.0153223
4 0 64 128 0.0157481
5 0 64 128 0.0171502
6 0 64 128 0.0183969
7 0 64 128 0.0190445
8 0 64 128 0.0208928
9 0 64 128 0.0219256
10 0 64 128 0.0227976
11 0 64 128 0.023867
12 0 64 128 0.0251577
13 0 64 128 0.02493
14 0 64 128 0.0263011
15 0 64 128 0.0281541
16 0 64 128 0.0306479
17 0 64 128 0.0332153
18 0 64 128 0.0348186
19 0 64 128 0.0370903
20 0 64 128 0.0363781
21 0 64 128 0.0332449
22 0 64 128 0.0293407
23 0 64 128 0.0255365
24 0 64 128 0.024755
25 0 64 128 0.0237384
26 0 64 128 0.0227358
27 0 64 128 0.0223102
28 0 64 128 0.0231474
29 0 64 128 0.0227376
30 0 64 128 0.0221497
31 0 64 128 0.0221704
32 0 64 128 0.0243465
33 0 64 128 0.0264678
34 0 64 128 0.0264718
35 0 64 128 0.0265964
36 0 64 128 0.0263832
37 0 64 128 0.0254874
38 0 64 128 0.0260041
39 0 64 128 0.0259909
40 0 64 128 0.0258548
41 0 64 128 0.0260232
42 0 64 128 0.0260748
43 0 64 128 0.0284039
44 0 64 128 0.0282392
45 0 64 128 0.0302746
46 0 64 128 0.0323875
47 0 64 128 0.0347327
48 0 64 128 0.0352332
49 0 64 128 0.0347923
50 0 64 128 0.0332132
51 0 64 128 0.0311181
52 0 64 128 0.0284055
53 0 64 128 0.0260781
54 0 64 128 0.0232062
55 0 64 128 0.0215131
56 0 64 128 0.020446
57 0 64 128 0.0190103
58 0 64 128 0.0180391
59 0 64 128 0.0171249
60 0 64 128 0.0161321
61 0 64 128 0.0159828
62 0 64 128 0.0151951
63 0 64 128 0.0146999
64 0 64 128 0.0145879
65 0 64 128 0.0149463
66 0 64 128 0.0152578
67 0 64 128 0.0157317
68 0 64 128 0.0160653
69 0 64 128 0.0157405
70 0 64 128 0.0162934
71 0 64 128 0.0170105
72 0 64 128 0.0168404
73 0 64 128 0.0167805
74 0 64 128 0.0173933
75 0 64 128 0.0171694
76 0 64 128 0.0179965
77 0 64 128 0.0185426
78 0 64 128 0.0205478
79 0 64 128 0.0226482
80 0 64 128 0.0225886
81 0 64 128 0.0220707
82 0 64 128 0.0217821
83 0 64 128 0.0214848
84 0 64 128 0.0214008
85 0 64 128 0.0212803
86 0 64 128 0.0212099
87 0 64 128 0.0230245
88 0 64 128 0.0231505
89 0 64 128 0.022291
90 0 64 128 0.0214085
91 0 64 128 0.0216013
92 0 64 128 0.0215453
93 0 64 128 0.0204151
94 0 64 128 0.0198601
95 0 64 128 0.019848
96 0 64 128 0.0191765
97 0 64 128 0.0180875
98 0 64 128 0.0153018
99 0 64 128 0.0130466
100 0 64 128 0.0118518
101 0 64 128 0.0104674
102 0 64 128 0.0100837
103 0 64 128 0.0103846
104 0 64 128 0.0105981
105 0 64 128 0.0112
106 0 64 128 0.0113296
107 0 64 128 0.0113718
108 0 64 128 0.0110656
109 0 64 128 0.0108044
110 0 64 128 0.0106447
111 0 64 128 0.0113738
112 0 64 128 0.0120609
113 0 64 128 0.0119426
114 0 64 128 0.0119546
115 0 64 128 0.0116943
116 0 64 128 0.0110232
117 0 64 128 0.0105087
120 0 64 128 0.0100059
121 0 64 128 0.0101733
122 0 64 128 0.0106988
123 0 64 128 0.0114845
124 0 64 128 0.0118973
125 0 64 128 0.0116855
126 0 64 128 0.0124289
127 0 64 128 0.0125687
128 0 64 128 0.0132405
129 0 64 128 0.0119591
130 0 64 128 0.0107462
151 0 64 128 0.0101433
152 0 64 128 0.0104662
153 0 64 128 0.0112579
154 0 64 128 0.0121453
155 0 64 128 0.0131129
156 0 64 128 0.0142078
157 0 64 128 0.0151667
158 0 64 128 0.0151692
159 0 64 128 0.0144083
160 0 64 128 0.0133653
161 0 64 128 0.0129986
162 0 64 128 0.0120293
163 0 64 128 0.0115059
164 0 64 128 0.0111726
165 0 64 128 0.0106728
244 0 64 128 0.0277489
245 0 64 128 0.0763233
246 0 64 128 0.0706446
247 0 64 128 0.0884733
248 0 64 128 0.046994
249 0 64 128 0.0167883
0 1 64 128 0.013497
1 1 64 128 0.0139057
2 1 64 128 0.0143352
3 1 64 128 0.0149816
4 1 64 128 0.015231
5 1 64 128 0.0165441
6 1 64 128 0.0176154
7 1 64 128 0.0186217
8 1 64 128 0.0202379
9 1 64 128 0.0211063
10 1 64 128 0.0222126
11 1 64 128 0.0228829
12 1 64 128 0.024616
13 1 64 128 0.0255827
14 1 64 128 0.0263121
15 1 64 128 0.0281757
16 1 64 128 0.0311516
17 1 64 128 0.0337666
18 1 64 128 0.0347576
19 1 64 128 0.0375663
20 1 64 128 0.0362386
21 1 64 128 0.0327896
22 1 64 128 0.0280887
23 1 64 128 0.0253797
24 1 64 128 0.0243707
25 1 64 128 0.0229735
26 1 64 128 0.0211221
27 1 64 128 0.0203271
28 1 64 128 0.021032
29 1 64 128 0.0212017
30 1 64 128 0.021088
31 1 64 128 0.0206978
32 1 64 128 0.0217487
33 1 64 128 0.0233604
34 1 64 128 0.0238346
35 1 64 128 0.0240396
36 1 64 128 0.0237505
37 1 64 128 0.0233665
38 1 64 128 0.0245487
39 1 64 128 0.0250098
40 1 64 128 0.0252595
41 1 64 128 0.0259465
42 1 64 128 0.0264322
43 1 64 128 0.0280556
44 1 64 128 0.027479
45 1 64 128 0.0286045
46 1 64 128 0.0304225
47 1 64 128 0.0326902
48 1 64 128 0.0332989
49 1 64 128 0.0327425
50 1 64 128 0.0323386
51 1 64 128 0.030112
52 1 64 128 0.0265365
53 1 64 128 0.0247796
54 1 64 128 0.0222396
55 1 64 128 0.0200793
56 1 64 128 0.0180445
57 1 64 128 0.0170347
58 1 64 128 0.0162317
59 1 64 128 0.0151615
60 1 64 128 0.0149133
61 1 64 128 0.0151846
62 1 64 128 0.0150148
63 1 64 128 0.0145236
64 1 64 128 0.0146005
65 1 64 128 0.0147167
66 1 64 128 0.0148332
67 1 64 128 0.0150303
68 1 64 128 0.0156019
69 1 64 128 0.0154821
70 1 64 128 0.0160692
71 1 64 128 0.0168023
72 1 64 128 0.0165909
73 1 64 128 0.016421
74 1 64 128 0.0171465
75 1 64 128 0.0175558
76 1 64 128 0.0184807
77 1 64 128 0.0193026
78 1 64 128 0.0214707
79 1 64 128 0.0238772
80 1 64 128 0.0237642
81 1 64 128 0.0227581
82 1 64 128 0.0223371
83 1 64 128 0.0216068
84 1 64 128 0.0214004
85 1 64 128 0.0215175
86 1 64 128 0.0227099
87 1 64 128 0.0245894
88 1 64 128 0.0245185
89 1 64 128 0.0229512
90 1 64 128 0.0219748
91 1 64 128 0.0217168
92 1 64 128 0.021109
93 1 64 128 0.0205918
94 1 64 128 0.0201444
95 1 64 128 0.0203379
96 1 64 128 0.0197133
97 1 64 128 0.0184218
98 1 64 128 0.0150258
99 1 64 128 0.0126888
100 1 64 128 0.0113023
106 1 64 128 0.0100926
111 1 64 128 0.0102216
112 1 64 128 0.0108022
113 1 64 128 0.0107154
114 1 64 128 0.0108974
115 1 64 128 0.0104089
116 1 64 128 0.0101464
123 1 64 128 0.0106652
124 1 64 128 0.0112091
125 1 64 128 0.0112219
126 1 64 128 0.0118619
127 1 64 128 0.012189
128 1 64 128 0.0121703
129 1 64 128 0.0105712
151 1 64 128 0.0101544
152 1 64 128 0.0109134
153 1 64 128 0.0116665
154 1 64 128 0.012308
155 1 64 128 0.0131785
156 1 64 128 0.0139729
157 1 64 128 0.0149428
158 1 64 128 0.0143496
159 1 64 128 0.0141004
160 1 64 128 0.0130535
161 1 64 128 0.0123861
162 1 64 128 0.011783
163 1 64 128 0.010993
164 1 64 128 0.0103367
244 1 64 128 0.0326905
245 1 64 128 0.0850399
246 1 64 128 0.074157
247 1 64 128 0.0818071
248 1 64 128 0.0338003
249 1 64 128 0.0143159
0 2 64 128 0.0143474
1 2 64 128 0.0148095
2 2 64 128 0.0152199
3 2 64 128 0.0154345
4 2 64 128 0.0157873
5 2 64 128 0.01717
6 2 64 128 0.0173569
7 2 64 128 0.0186041
8 2 64 128 0.020234
9 2 64 128 0.0210724
10 2 64 128 0.0222481
11 2 64 128 0.0232776
12 2 64 128 0.0247034
13 2 64 128 0.0256295
14 2 64 128 0.026793
15 2 64 128 0.0285923
16 2 64 128 0.0316999
17 2 64 128 0.034758
18 2 64 128 0.0368685
19 2 64 128 0.038199
20 2 64 128 0.0359869
21 2 64 128 0.0323751
22 2 64 128 0.0272075
23 2 64 128 0.0246847
24 2 64 128 0.0230149
25 2 64 128 0.02103
26 2 64 128 0.0188127
27 2 64 128 0.0185481
28 2 64 128 0.0186262
29 2 64 128 0.0189862
30 2 64 128 0.0190072
31 2 64 128 0.0183694
32 2 64 128 0.0189728
33 2 64 128 0.0200062
34 2 64 128 0.0210563
35 2 64 128 0.021647
36 2 64 128 0.021482
37 2 64 128 0.0218941
38 2 64 128 0.0229663
39 2 64 128 0.0243369
40 2 64 128 0.0250611
41 2 64 128 0.0260436
42 2 64 128 0.0268501
43 2 64 128 0.0276283
44 2 64 128 0.0274632
45 2 64 128 0.0290824
46 2 64 128 0.0309976
47 2 64 128 0.0316129
48 2 64 128 0.0317298
49 2 64 128 0.0312262
50 2 64 128 0.0294789
51 2 64 128 0.0266276
52 2 64 128 0.0250248
53 2 64 128 0.0236308
54 2 64 128 0.0212157
55 2 64 128 0.0187658
56 2 64 128 0.0168015
57 2 64 128 0.015891
58 2 64 128 0.0146721
59 2 64 128 0.0134763
60 2 64 128 0.0129329
61 2 64 128 0.0127636
62 2 64 128 0.0123438
63 2 64 128 0.0125534
64 2 64 128 0.0123991
65 2 64 128 0.0129691
66 2 64 128 0.0132261
67 2 64 128 0.0138611
68 2 64 128 0.0142185
69 2 64 128 0.0141717
70 2 64 128 0.0146385
71 2 64 128 0.0154758
72 2 64 128 0.0154688
73 2 64 128 0.0158843
74 2 64 128 0.0165797
75 2 64 128 0.0174162
76 2 64 128 0.0183733
77 2 64 128 0.0200455
78 2 64 128 0.0221505
79 2 64 128 0.0241839
80 2 64 128 0.0239615
81 2 64 128 0.0230574
82 2 64 128 0.0225291
83 2 64 128 0.0219127
84 2 64 128 0.0210892
85 2 64 128 0.0208877
86 2 64 128 0.0223716
87 2 64 128 0.024326
88 2 64 128 0.0246165
89 2 64 128 0.0232334
90 2 64 128 0.0215775
91 2 64 128 0.0208583
92 2 64 128 0.0205471
93 2 64 128 0.0199688
94 2 64 128 0.0195241
95 2 64 128 0.0198755
96 2 64 128 0.0194348
97 2 64 128 0.0177044
98 2 64 128 0.0148606
99 2 64 128 0.0123523
100 2 64 128 0.0110648
112 2 64 128 0.0100698
113 2 64 128 0.0100205
114 2 64 128 0.0103133
124 2 64 128 0.0103386
125 2 64 128 0.0105651
126 2 64 128 0.0114008
127 2 64 128 0.0114921
128 2 64 128 0.0113019
152 2 64 128 0.0105408
153 2 64 128 0.0111864
154 2 64 128 0.0119064
155 2 64 128 0.0131647
156 2 64 128 0.0139823
157 2 64 128 0.0145159
158 2 64 128 0.0138363
159 2 64 128 0.0135804
160 2 64 128 0.012575
161 2 64 128 0.0121022
162 2 64 128 0.0112768
163 2 64 128 0.0102485
243 2 64 128 0.0121043
244 2 64 128 0.0466748
245 2 64 128 0.103031
246 2 64 128 0.0983919
247 2 64 128 0.0928644
248 2 64 128 0.038377
249 2 64 128 0.0174714
0 3 64 128 0.0156418
1 3 64 128 0.0157747
2 3 64 128 0.015941
3 3 64 128 0.0165397
4 3 64 128 0.0173084
5 3 64 128 0.0181177
6 3 64 128 0.0183572
7 3 64 128 0.0192512
8 3 64 128 0.0208271
9 3 64 128 0.0219359
10 3 64 128 0.0230998
11 3 64 128 0.0246783
12 3 64 128 0.0259898
13 3 64 128 0.02701
14 3 64 128 0.0280189
15 3 64 128 0.0294549
16 3 64 128 0.0327874
17 3 64 128 0.0363724
18 3 64 128 0.0372809
19 3 64 128 0.0384598
20 3 64 128 0.036262
21 3 64 128 0.0328923
22 3 64 128 0.0271856
23 3 64 128 0.0239798
24 3 64 128 0.0215883
25 3 64 128 0.0190307
26 3 64 128 0.0167741
27 3 64 128 0.0159684
28 3 64 128 0.0156041
29 3 64 128 0.0158001
30 3 64 128 0.0160867
31 3 64 128 0.0161233
32 3 64 128 0.0170371
33 3 64 128 0.0177812
34 3 64 128 0.0177818
35 3 64 128 0.0185345
36 3 64 128 0.0189851
37 3 64 128 0.01931
38 3 64 128 0.0204722
39 3 64 128 0.0221891
40 3 64 128 0.0237916
41 3 64 128 0.0248493
42 3 64 128 0.0261568
43 3 64 128 0.0271124
44 3 64 128 0.0279027
45 3 64 128 0.0300153
46 3 64 128 0.0314235
47 3 64 128 0.0325851
48 3 64 128 0.0322645
49 3 64 128 0.0311507
50 3 64 128 0.0278822
51 3 64 128 0.0249924
52 3 64 128 0.02403
53 3 64 128 0.0221766
54 3 64 128 0.0199597
55 3 64 128 0.0177571
56 3 64 128 0.0159295
57 3 64 128 0.0141278
58 3 64 128 0.0130469
59 3 64 128 0.0118476
60 3 64 128 0.0109775
61 3 64 128 0.010634
62 3 64 128 0.0101855
63 3 64 128 0.0102847
64 3 64 128 0.0105442
65 3 64 128 0.0111926
66 3 64 128 0.0118845
67 3 64 128 0.0126611
68 3 64 128 0.0135113
69 3 64 128 0.0132046
70 3 64 128 0.0136226
71 3 64 128 0.0142291
72 3 64 128 0.0149637
73 3 64 128 0.0154872
74 3 64 128 0.0169489
75 3 64 128 0.0175951
76 3 64 128 0.0189805
77 3 64 128 0.0206986
78 3 64 128 0.0223056
79 3 64 128 0.0240947
80 3 64 128 0.023935
81 3 64 128 0.023755
82 3 64 128 0.0223252
83 3 64 128 0.022296
84 3 64 128 0.0218068
85 3 64 128 0.0220181
86 3 64 128 0.0227161
87 3 64 128 0.0242959
88 3 64 128 0.0243381
89 3 64 128 0.0227343
90 3 64 128 0.0214016
91 3 64 128 0.0201745
92 3 64 128 0.0203081
93 3 64 128 0.0196765
94 3 64 128 0.0192609
95 3 64 128 0.0201428
96 3 64 128 0.0192223
97 3 64 128 0.0172444
98 3 64 128 0.0144296
99 3 64 128 0.0119921
100 3 64 128 0.0110224
124 3 64 128 0.0102391
125 3 64 128 0.0103969
126 3 64 128 0.0110519
127 3 64 128 0.0110312
128 3 64 128 0.0110355
152 3 64 128 0.0102726
153 3 64 128 0.0109558
154 3 64 128 0.0117744
155 3 64 128 0.0128747
156 3 64 128 0.0134957
157 3 64 128 0.0142944
158 3 64 128 0.014016
159 3 64 128 0.0138098
160 3 64 128 0.0123104
161 3 64 128 0.0117867
162 3 64 128 0.0106305
243 3 64 128 0.0134006
244 3 64 128 0.0488342
245 3 64 128 0.103485
246 3 64 128 0.0841163
247 3 64 128 0.0833321
248 3 64 128 0.0296569
249 3 64 128 0.0149418
0 4 64 128 0.0171379
1 4 64 128 0.0175726
2 4 64 128 0.0176644
3 4 64 128 0.0178565
4 4 64 128 0.0186315
5 4 64 128 0.0193437
6 4 64 128 0.0193639
7 4 64 128 0.019704
8 4 64 128 0.0212547
9 4 64 128 0.0223917
10 4 64 128 0.0237872
11 4 64 128 0.0259809
12 4 64 128 0.0272209
13 4 64 128 0.0278918
14 4 64 128 0.0285943
15 4 64 128 0.0293473
16 4 64 128 0.0329657
17 4 64 128 0.0359341
18 4 64 128 0.0378918
19 4 64 128 0.0371737
20 4 64 128 0.0340268
21 4 64 128 0.0318009
22 4 64 128 0.0269861
23 4 64 128 0.0220792
24 4 64 128 0.0190759
25 4 64 128 0.0163712
26 4 64 128 0.0146901
27 4 64 128 0.0137192
28 4 64 128 0.013451
29 4 64 128 0.0138473
30 4 64 128 0.0134759
31 4 64 128 0.013793
32 4 64 128 0.0146361
33 4 64 128 0.0155998
34 4 64 128 0.0163149
35 4 64 128 0.0172324
36 4 64 128 0.0176536
37 4 64 128 0.0177539
38 4 64 128 0.0195345
39 4 64 128 0.0212864
40 4 64 128 0.0235399
41 4 64 128 0.0253198
42 4 64 128 0.0264362
43 4 64 128 0.027236
44 4 64 128 0.0278562
45 4 64 128 0.0297434
46 4 64 128 0.0316311
47 4 64 128 0.0328698
48 4 64 128 0.0324491
49 4 64 128 0.0303785
50 4 64 128 0.0271236
51 4 64 128 0.0242724
52 4 64 128 0.0239259
53 4 64 128 0.0215629
54 4 64 128 0.0188393
55 4 64 128 0.0163016
56 4 64 128 0.014915
57 4 64 128 0.0132049
58 4 64 128 0.011815
59 4 64 128 0.0102691
66 4 64 128 0.0101815
67 4 64 128 0.0104806
68 4 64 128 0.0114328
69 4 64 128 0.0119461
70 4 64 128 0.0121287
71 4 64 128 0.0129026
72 4 64 128 0.0136624
73 4 64 128 0.0150263
74 4 64 128 0.0165775
75 4 64 128 0.0172696
76 4 64 128 0.0188817
77 4 64 128 0.020091
78 4 64 128 0.0214674
79 4 64 128 0.0236426
80 4 64 128 0.0236505
81 4 64 128 0.0230372
82 4 64 128 0.0218913
83 4 64 128 0.0219187
84 4 64 128 0.0213858
85 4 64 128 0.0213182
86 4 64 128 0.0218987
87 4 64 128 0.0230876
88 4 64 128 0.0229145
89 4 64 128 0.0212501
90 4 64 128 0.0202417
91 4 64 128 0.0196425
92 4 64 128 0.0195903
93 4 64 128 0.0189442
94 4 64 128 0.018487
95 4 64 128 0.0191296
96 4 64 128 0.0180217
97 4 64 128 0.0162494
98 4 64 128 0.0142847
99 4 64 128 0.0117769
100 4 64 128 0.0105587
124 4 64 128 0.0100695
126 4 64 128 0.0102809
127 4 64 128 0.0104045
128 4 64 128 0.0104873
153 4 64 128 0.0106651
154 4 64 128 0.0116273
155 4 64 128 0.0125787
156 4 64 128 0.0133265
157 4 64 128 0.0140948
158 4 64 128 0.0139411
159 4 64 128 0.0139029
160 4 64 128 0.0123199
161 4 64 128 0.0115385
162 4 64 128 0.0100181
243 4 64 128 0.0178382
244 4 64 128 0.0523886
245 4 64 128 0.105919
246 4 64 128 0.0754601
247 4 64 128 0.0699114
248 4 64 128 0.0279112
249 4 64 128 0.0142309
0 5 64 128 0.0184681
1 5 64 128 0.0196147
2 5 64 128 0.0201668
3 5 64 128 0.020393
4 5 64 128 0.0210528
5 5 64 128 0.0222781
6 5 64 128 0.0223411
7 5 64 128 0.0224232
8 5 64 128 0.0233702
9 5 64 128 0.0245289
10 5 64 128 0.0261393
11 5 64 128 0.027915
12 5 64 128 0.0295362
13 5 64 128 0.02969
14 5 64 128 0.030771
15 5 64 128 0.0320038
16 5 64 128 0.0339066
17 5 64 128 0.0361254
18 5 64 128 0.0371372
19 5 64 128 0.0360586
20 5 64 128 0.0323977
21 5 64 128 0.0298817
22 5 64 128 0.0247424
23 5 64 128 0.0192963
24 5 64 128 0.0158783
25 5 64 128 0.0137718
26 5 64 128 0.0128932
27 5 64 128 0.0118128
28 5 64 128 0.0116279
29 5 64 128 0.0118598
30 5 64 128 0.0114872
31 5 64 128 0.0119721
32 5 64 128 0.0127214
33 5 64 128 0.0135509
34 5 64 128 0.0145339
35 5 64 128 0.0158784
36 5 64 128 0.0166372
37 5 64 128 0.0176138
38 5 64 128 0.0195647
39 5 64 128 0.0210106
40 5 64 128 0.0232378
41 5 64 128 0.0247832
42 5 64 128 0.025547
43 5 64 128 0.0265739
44 5 64 128 0.0268123
45 5 64 128 0.0279936
46 5 64 128 0.0307441
47 5 64 128 0.0322687
48 5 64 128 0.0319451
49 5 64 128 0.0293209
50 5 64 128 0.0266183
51 5 64 128 0.0248802
52 5 64 128 0.0236567
53 5 64 128 0.0210228
54 5 64 128 0.0182146
55 5 64 128 0.0159303
56 5 64 128 0.0140298
57 5 64 128 0.0123217
58 5 64 128 0.0109526
68 5 64 128 0.0102256
69 5 64 128 0.0112629
70 5 64 128 0.0116509
71 5 64 128 0.0128817
72 5 64 128 0.0138628
73 5 64 128 0.015218
74 5 64 128 0.016537
75 5 64 128 0.0182011
76 5 64 128 0.0197317
77 5 64 128 0.0213673
78 5 64 128 0.0232335
79 5 64 128 0.0244185
80 5 64 128 0.0243031
81 5 64 128 0.0236992
82 5 64 128 0.022397
83 5 64 128 0.0224117
84 5 64 128 0.0220162
85 5 64 128 0.0215178
86 5 64 128 0.0212478
87 5 64 128 0.0221847
88 5 64 128 0.0222419
89 5 64 128 0.021136
90 5 64 128 0.0199668
91 5 64 128 0.0191924
92 5 64 128 0.0183622
93 5 64 128 0.0178657
94 5 64 128 0.0179507
95 5 64 128 0.0179119
96 5 64 128 0.0166406
97 5 64 128 0.0148526
98 5 64 128 0.0132462
99 5 64 128 0.0110098
124 5 64 128 0.0105261
125 5 64 128 0.0104602
126 5 64 128 0.0106107
127 5 64 128 0.0102345
128 5 64 128 0.0104113
153 5 64 128 0.0102275
154 5 64 128 0.011058
155 5 64 128 0.01212
156 5 64 128 0.013306
157 5 64 128 0.0144046
158 5 64 128 0.0143492
159 5 64 128 0.0138967
160 5 64 128 0.0123514
161 5 64 128 0.0111523
243 5 64 128 0.014574
244 5 64 128 0.0422322
245 5 64 128 0.0738957
246 5 64 128 0.0514476
247 5 64 128 0.0407596
248 5 64 128 0.0157473
0 6 64 128 0.0209725
1 6 64 128 0.0226131
2 6 64 128 0.0230644
3 6 64 128 0.0235072
4 6 64 128 0.0236925
5 6 64 128 0.0249707
6 6 64 128 0.0245213
7 6 64 128 0.0246991
8 6 64 128 0.0253607
9 6 64 128 0.0257474
10 6 64 128 0.0275202
11 6 64 128 0.0293362
12 6 64 128 0.0305134
13 6 64 128 0.0308832
14 6 64 128 0.0316256
15 6 64 128 0.0329659
16 6 64 128 0.0347542
17 6 64 128 0.0369037
18 6 64 128 0.0360176
19 6 64 128 0.0336692
20 6 64 128 0.0305336
21 6 64 128 0.026927
22 6 64 128 0.0226461
23 6 64 128 0.017481
24 6 64 128 0.0139783
25 6 64 128 0.011834
26 6 64 128 0.0110636
30 6 64 128 0.0100354
31 6 64 128 0.0105967
32 6 64 128 0.0112537
33 6 64 128 0.0124276
34 6 64 128 0.0134603
35 6 64 128 0.0148303
36 6 64 128 0.0161588
37 6 64 128 0.0178216
38 6 64 128 0.0200649
39 6 64 128 0.021597
40 6 64 128 0.0243503
41 6 64 128 0.026247
42 6 64 128 0.0270666
43 6 64 128 0.0285043
44 6 64 128 0.0286188
45 6 64 128 0.0300036
46 6 64 128 0.0326749
47 6 64 128 0.0329646
48 6 64 128 0.0327448
49 6 64 128 0.0295277
50 6 64 128 0.0271435
51 6 64 128 0.024434
52 6 64 128 0.0233818
53 6 64 128 0.0199
54 6 64 128 0.0171971
55 6 64 128 0.0148396
56 6 64 128 0.0130075
57 6 64 128 0.0112602
58 6 64 128 0.010138
69 6 64 128 0.0109648
70 6 64 128 0.0118161
71 6 64 128 0.0130391
72 6 64 128 0.013945
73 6 64 128 0.015603
74 6 64 128 0.0173785
75 6 64 128 0.0193851
76 6 64 128 0.02075
77 6 64 128 0.0225965
78 6 64 128 0.0237319
79 6 64 128 0.024785
80 6 64 128 0.0249131
81 6 64 128 0.0241961
82 6 64 128 0.0221608
83 6 64 128 0.0218514
84 6 64 128 0.0218686
85 6 64 128 0.0217453
86 6 64 128 0.0211933
87 6 64 128 0.0219686
88 6 64 128 0.0222127
89 6 64 128 0.0208755
90 6 64 128 0.0198711
91 6 64 128 0.0188674
92 6 64 128 0.0176487
93 6 64 128 0.0167189
94 6 64 128 0.0168159
95 6 64 128 0.0166438
96 6 64 128 0.0158496
97 6 64 128 0.014435
98 6 64 128 0.0128664
99 6 64 128 0.0108488
124 6 64 128 0.0104949
125 6 64 128 0.0103465
126 6 64 128 0.010518
127 6 64 128 0.0103937
128 6 64 128 0.0100875
153 6 64 128 0.0105009
154 6 64 128 0.011309
155 6 64 128 0.0124748
156 6 64 128 0.0142128
157 6 64 128 0.0150676
158 6 64 128 0.0144746
159 6 64 128 0.0140463
160 6 64 128 0.0122062
161 6 64 128 0.010937
243 6 64 128 0.0114283
244 6 64 128 0.0303357
245 6 64 128 0.0471477
246 6 64 128 0.035253
247 6 64 128 0.0235837
248 6 64 128 0.0114478
255 6 64 128 0.0120493
0 7 64 128 0.0230516
1 7 64 128 0.0252553
2 7 64 128 0.0255787
3 7 64 128 0.0255433
4 7 64 128 0.0255544
5 7 64 128 0.0261814
6 7 64 128 0.0257123
7 7 64 128 0.0263016
8 7 64 128 0.0271244
9 7 64 128 0.027096
10 7 64 128 0.0280047
11 7 64 128 0.0294179
12 7 64 128 0.0304296
13 7 64 128 0.0305603
14 7 64 128 0.0315652
15 7 64 128 0.0336581
16 7 64 128 0.033901
17 7 64 128 0.0342683
18 7 64 128 0.0323528
19 7 64 128 0.0293542
20 7 64 128 0.0258859
21 7 64 128 0.023591
22 7 64 128 0.019735
23 7 64 128 0.0149919
24 7 64 128 0.0118145
25 7 64 128 0.0100551
31 7 64 128 0.0100813
32 7 64 128 0.0108609
33 7 64 128 0.0119387
34 7 64 128 0.0130323
35 7 64 128 0.0141797
36 7 64 128 0.0159217
37 7 64 128 0.0176828
38 7 64 128 0.0203835
39 7 64 128 0.022176
40 7 64 128 0.0244796
41 7 64 128 0.026375
42 7 64 128 0.028252
43 7 64 128 0.028777
44 7 64 128 0.0301121
45 7 64 128 0.0305337
46 7 64 128 0.0334582
47 7 64 128 0.0333769
48 7 64 128 0.0324906
49 7 64 128 0.0294645
50 7 64 128 0.0276477
51 7 64 128 0.0247545
52 7 64 128 0.022887
53 7 64 128 0.019851
54 7 64 128 0.016532
55 7 64 128 0.0138478
56 7 64 128 0.0120878
57 7 64 128 0.0104128
68 7 64 128 0.0109642
69 7 64 128 0.0118878
70 7 64 128 0.0123942
71 7 64 128 0.0135299
72 7 64 128 0.0153043
73 7 64 128 0.017375
74 7 64 128 0.0196827
75 7 64 128 0.0213011
76 7 64 128 0.0221533
77 7 64 128 0.0237922
78 7 64 128 0.0247007
79 7 64 128 0.0260415
80 7 64 128 0.0259727
81 7 64 128 0.0246273
82 7 64 128 0.0226043
83 7 64 128 0.0221223
84 7 64 128 0.0222745
85 7 64 128 0.0216432
86 7 64 128 0.0213212
87 7 64 128 0.0217409
88 7 64 128 0.0218675
89 7 64 128 0.020245
90 7 64 128 0.01942
91 7 64 128 0.0186736
92 7 64 128 0.0172316
93 7 64 128 0.0162488
94 7 64 128 0.0163304
95 7 64 128 0.0162966
96 7 64 128 0.0159902
97 7 64 128 0.0144544
98 7 64 128 0.0131677
99 7 64 128 0.0108453
124 7 64 128 0.0103412
125 7 64 128 0.0105916
126 7 64 128 0.0105951
127 7 64 128 0.0105242
128 7 64 128 0.0103837
153 7 64 128 0.0110244
154 7 64 128 0.0120278
155 7 64 128 0.0135415
156 7 64 128 0.0153769
157 7 64 128 0.0160217
158 7 64 128 0.0151347
159 7 64 128 0.0141013
160 7 64 128 0.0124849
161 7 64 128 0.011091
244 7 64 128 0.0184889
245 7 64 128 0.0245476
246 7 64 128 0.0151134
247 7 64 128 0.0119252
255 7 64 128 0.0145458
0 8 64 128 0.0246556
1 8 64 128 0.0271138
2 8 64 128 0.0285212
3 8 64 128 0.0289909
4 8 64 128 0.0288369
5 8 64 128 0.0294057
6 8 64 128 0.02904
7 8 64 128 0.0288956
8 8 64 128 0.0304987
9 8 64 128 0.0305151
10 8 64 128 0.0308246
11 8 64 128 0.0315372
12 8 64 128 0.0322673
13 8 64 128 0.0321843
14 8 64 128 0.0327273
15 8 64 128 0.0350943
16 8 64 128 0.0345369
17 8 64 128 0.0332929
18 8 64 128 0.0304044
19 8 64 128 0.0278843
20 8 64 128 0.0228587
21 8 64 128 0.0198106
22 8 64 128 0.0165748
23 8 64 128 0.0129251
33 8 64 128 0.0114329
34 8 64 128 0.0128088
35 8 64 128 0.0145405
36 8 64 128 0.016004
37 8 64 128 0.0178672
38 8 64 128 0.0208196
39 8 64 128 0.0235315
40 8 64 128 0.0255744
41 8 64 128 0.0275618
42 8 64 128 0.028615
43 8 64 128 0.0288953
44 8 64 128 0.0309006
45 8 64 128 0.0327956
46 8 64 128 0.0349649
47 8 64 128 0.0356544
48 8 64 128 0.0344686
49 8 64 128 0.0305559
50 8 64 128 0.0279648
51 8 64 128 0.0243089
52 8 64 128 0.0219466
53 8 64 128 0.0183038
54 8 64 128 0.0147711
55 8 64 128 0.0125199
56 8 64 128 0.010974
68 8 64 128 0.0110977
69 8 64 128 0.0124726
70 8 64 128 0.0134825
71 8 64 128 0.0147711
72 8 64 128 0.0161804
73 8 64 128 0.0181232
74 8 64 128 0.020612
75 8 64 128 0.0228989
76 8 64 128 0.0248209
77 8 64 128 0.0260666
78 8 64 128 0.0270532
79 8 64 128 0.0280721
80 8 64 128 0.0275823
81 8 64 128 0.0261256
82 8 64 128 0.0242753
83 8 64 128 0.0236162
84 8 64 128 0.022488
85 8 64 128 0.022071
86 8 64 128 0.021877
87 8 64 128 0.0224025
88 8 64 128 0.0222792
89 8 64 128 0.0210597
90 8 64 128 0.0198492
91 8 64 128 0.0181628
92 8 64 128 0.0169675
93 8 64 128 0.0159699
94 8 64 128 0.0158996
95 8 64 128 0.0160346
96 8 64 128 0.0155951
97 8 64 128 0.0140106
98 8 64 128 0.0130894
99 8 64 128 0.0109317
100 8 64 128 0.0100117
104 8 64 128 0.0100561
105 8 64 128 0.0102012
106 8 64 128 0.0100334
124 8 64 128 0.0104557
125 8 64 128 0.0105132
126 8 64 128 0.0105774
127 8 64 128 0.0105102
128 8 64 128 0.0105097
152 8 64 128 0.0103493
153 8 64 128 0.0119096
154 8 64 128 0.0130148
155 8 64 128 0.0150556
156 8 64 128 0.0168458
157 8 64 128 0.0171085
158 8 64 128 0.0162713
159 8 64 128 0.0148118
160 8 64 128 0.0127403
161 8 64 128 0.0113286
244 8 64 128 0.0114692
245 8 64 128 0.0116953
255 8 64 128 0.0125537
0 9 64 128 0.0267606
1 9 64 128 0.0288502
2 9 64 128 0.0303506
3 9 64 128 0.0303178
4 9 64 128 0.0310403
5 9 64 128 0.0322037
6 9 64 128 0.0322932
7 9 64 128 0.032268
8 9 64 128 0.0333534
9 9 64 128 0.0334432
10 9 64 128 0.0346323
11 9 64 128 0.0354377
12 9 64 128 0.0353841
13 9 64 128 0.0337695
14 9 64 128 0.0335279
15 9 64 128 0.0350469
16 9 64 128 0.0346567
17 9 64 128 0.0325297
18 9 64 128 0.0281491
19 9 64 128 0.0249003
20 9 64 128 0.0204952
21 9 64 128 0.0176122
22 9 64 128 0.0143112
23 9 64 128 0.010978
33 9 64 128 0.0111472
34 9 64 128 0.0128586
35 9 64 128 0.0147836
36 9 64 128 0.0160217
37 9 64 128 0.0176589
38 9 64 128 0.0204381
39 9 64 128 0.0228134
40 9 64 128 0.024403
41 9 64 128 0.0265864
42 9 64 128 0.0278422
43 9 64 128 0.0280759
44 9 64 128 0.0298763
45 9 64 128 0.0306896
46 9 64 128 0.0313905
47 9 64 128 0.0319998
48 9 64 128 0.0307575
49 9 64 128 0.0267417
50 9 64 128 0.0235183
51 9 64 128 0.0207938
52 9 64 128 0.0181477
53 9 64 128 0.0146627
54 9 64 128 0.0117554
68 9 64 128 0.0102743
69 9 64 128 0.0121361
70 9 64 128 0.0137054
71 9 64 128 0.0151177
72 9 64 128 0.0173425
73 9 64 128 0.0196754
74 9 64 128 0.0228093
75 9 64 128 0.0249256
76 9 64 128 0.0265523
77 9 64 128 0.028226
78 9 64 128 0.028945
79 9 64 128 0.0295429
80 9 64 128 0.0295178
81 9 64 128 0.0266363
82 9 64 128 0.0244368
83 9 64 128 0.0232093
84 9 64 128 0.0220893
85 9 64 128 0.0213985
86 9 64 128 0.0213727
87 9 64 128 0.0216004
88 9 64 128 0.0212863
89 9 64 128 0.0199308
90 9 64 128 0.0185954
91 9 64 128 0.0170451
92 9 64 128 0.0156606
93 9 64 128 0.0146329
94 9 64 128 0.0148693
95 9 64 128 0.0147572
96 9 64 128 0.0143942
97 9 64 128 0.0133478
98 9 64 128 0.0126101
99 9 64 128 0.010629
100 9 64 128 0.0100365
104 9 64 128 0.0105068
105 9 64 128 0.0104601
106 9 64 128 0.0107719
107 9 64 128 0.0109992
108 9 64 128 0.0101725
124 9 64 128 0.0101788
125 9 64 128 0.0102246
126 9 64 128 0.010637
127 9 64 128 0.0102528
128 9 64 128 0.0101791
151 9 64 128 0.0104165
152 9 64 128 0.0110226
153 9 64 128 0.0125355
154 9 64 128 0.0140199
155 9 64 128 0.0163963
156 9 64 128 0.0178002
157 9 64 128 0.018122
158 9 64 128 0.017096
159 9 64 128 0.0155629
160 9 64 128 0.0128313
161 9 64 128 0.0107982
0 10 64 128 0.0281935
1 10 64 128 0.0307076
2 10 64 128 0.0326067
3 10 64 128 0.0327949
4 10 64 128 0.0324972
5 10 64 128 0.0339981
6 10 64 128 0.0338629
7 10 64 128 0.034004
8 10 64 128 0.0352825
9 10 64 128 0.0358163
10 10 64 128 0.0364585
11 10 64 128 0.036336
12 10 64 128 0.0344537
13 10 64 128 0.0329198
14 10 64 128 0.0320435
15 10 64 128 0.0314706
16 10 64 128 0.0292433
17 10 64 128 0.0273642
18 10 64 128 0.0241979
19 10 64 128 0.0206587
20 10 64 128 0.0170863
21 10 64 128 0.0148439
22 10 64 128 0.0118197
33 10 64 128 0.0101583
34 10 64 128 0.0121709
35 10 64 128 0.0141907
36 10 64 128 0.0155051
37 10 64 128 0.0166021
38 10 64 128 0.0186629
39 10 64 128 0.0205257
40 10 64 128 0.0225524
41 10 64 128 0.0241396
42 10 64 128 0.0254712
43 10 64 128 0.0255531
44 10 64 128 0.026522
45 10 64 128 0.0273827
46 10 64 128 0.0274142
47 10 64 128 0.0279042
48 10 64 128 0.0261525
49 10 64 128 0.0226522
50 10 64 128 0.0195304
51 10 64 128 0.016827
52 10 64 128 0.0140074
53 10 64 128 0.0115262
69 10 64 128 0.011295
70 10 64 128 0.0133297
71 10 64 128 0.0152368
72 10 64 128 0.0177074
73 10 64 128 0.0197542
74 10 64 128 0.0225501
75 10 64 128 0.0250541
76 10 64 128 0.0266551
77 10 64 128 0.0298228
78 10 64 128 0.0308793
79 10 64 128 0.0317107
80 10 64 128 0.0315327
81 10 64 128 0.0293281
82 10 64 128 0.0269637
83 10 64 128 0.0254439
84 10 64 128 0.0232447
85 10 64 128 0.0216802
86 10 64 128 0.0208434
87 10 64 128 0.0213287
88 10 64 128 0.0206599
89 10 64 128 0.0191587
90 10 64 128 0.0179992
91 10 64 128 0.0166619
92 10 64 128 0.0148251
93 10 64 128 0.0135545
94 10 64 128 0.0132973
95 10 64 128 0.0137705
96 10 64 128 0.0131443
97 10 64 128 0.0129286
98 10 64 128 0.011919
99 10 64 128 0.0107602
100 10 64 128 0.0100832
103 10 64 128 0.0101299
104 10 64 128 0.0110553
105 10 64 128 0.0114747
106 10 64 128 0.0118401
107 10 64 128 0.0114355
126 10 64 128 0.0101897
151 10 64 128 0.0105539
152 10 64 128 0.0114737
153 10 64 128 0.0131642
154 10 64 128 0.0147429
155 10 64 128 0.0165978
156 10 64 128 0.0187465
157 10 64 128 0.0191719
158 10 64 128 0.0180044
159 10 64 128 0.0166722
160 10 64 128 0.0135821
161 10 64 128 0.0107241
0 11 64 128 0.0282233
1 11 64 128 0.0308879
2 11 64 128 0.0327969
3 11 64 128 0.0344056
4 11 64 128 0.0342709
5 11 64 128 0.0355615
6 11 64 128 0.0347406
7 11 64 128 0.0355506
8 11 64 128 0.0383397
9 11 64 128 0.0375872
10 11 64 128 0.0370094
11 11 64 128 0.0365837
12 11 64 128 0.0354573
13 11 64 128 0.0341394
14 11 64 128 0.0312853
15 11 64 128 0.0288189
16 11 64 128 0.0262495
17 11 64 128 0.0246537
18 11 64 128 0.0211572
19 11 64 128 0.018148
20 11 64 128 0.0147918
21 11 64 128 0.0129266
22 11 64 128 0.0103102
34 11 64 128 0.0109251
35 11 64 128 0.0127676
36 11 64 128 0.0138749
37 11 64 128 0.0155677
38 11 64 128 0.0174648
39 11 64 128 0.0191266
40 11 64 128 0.0205338
41 11 64 128 0.0220915
42 11 64 128 0.0226107
43 11 64 128 0.023123
44 11 64 128 0.024412
45 11 64 128 0.0239763
46 11 64 128 0.0243975
47 11 64 128 0.024423
48 11 64 128 0.0229361
49 11 64 128 0.0205846
50 11 64 128 0.0172172
51 11 64 128 0.0142308
52 11 64 128 0.0116154
69 11 64 128 0.0109931
70 11 64 128 0.0134181
71 11 64 128 0.0155202
72 11 64 128 0.0176623
73 11 64 128 0.0196871
74 11 64 128 0.0227921
75 11 64 128 0.025715
76 11 64 128 0.0279538
77 11 64 128 0.0308419
78 11 64 128 0.031747
79 11 64 128 0.0327338
80 11 64 128 0.0318576
81 11 64 128 0.0297473
82 11 64 128 0.0268754
83 11 64 128 0.0247374
84 11 64 128 0.0219231
85 11 64 128 0.0202117
86 11 64 128 0.0195985
87 11 64 128 0.0201044
88 11 64 128 0.0196216
89 11 64 128 0.0177814
90 11 64 128 0.0165596
91 11 64 128 0.0150957
92 11 64 128 0.0133109
93 11 64 128 0.0121722
94 11 64 128 0.0118772
95 11 64 128 0.0124359
96 11 64 128 0.0121098
97 11 64 128 0.0119583
98 11 64 128 0.0111024
99 11 64 128 0.0106683
100 11 64 128 0.0103572
101 11 64 128 0.0102766
102 11 64 128 0.0105074
103 11 64 128 0.0108862
104 11 64 128 0.0122128
105 11 64 128 0.0126304
106 11 64 128 0.0124001
107 11 64 128 0.0117114
108 11 64 128 0.0103436
150 11 64 128 0.0104382
151 11 64 128 0.0109842
152 11 64 128 0.0118362
153 11 64 128 0.0138109
154 11 64 128 0.0154695
155 11 64 128 0.0177144
156 11 64 128 0.0201227
157 11 64 128 0.0209366
158 11 64 128 0.019234
159 11 64 128 0.0171561
160 11 64 128 0.0142064
161 11 64 128 0.0111078
0 12 64 128 0.0291228
1 12 64 128 0.0310688
2 12 64 128 0.0323648
3 12 64 128 0.0342617
4 12 64 128 0.0353747
5 12 64 128 0.0368924
6 12 64 128 0.0364463
7 12 64 128 0.0362954
8 12 64 128 0.038858
9 12 64 128 0.0385007
10 12 64 128 0.0372785
11 12 64 128 0.0357737
12 12 64 128 0.0335434
13 12 64 128 0.0310279
14 12 64 128 0.0278699
15 12 64 128 0.0257603
16 12 64 128 0.0232049
17 12 64 128 0.0205227
18 12 64 128 0.0179864
19 12 64 128 0.0155753
20 12 64 128 0.0121844
21 12 64 128 0.0104753
34 12 64 128 0.0102011
35 12 64 128 0.0120423
36 12 64 128 0.0130914
37 12 64 128 0.0151761
38 12 64 128 0.0163438
39 12 64 128 0.0176553
40 12 64 128 0.0188934
41 12 64 128 0.0198032
42 12 64 128 0.0196929
43 12 64 128 0.0212643
44 12 64 128 0.0221897
45 12 64 128 0.0215919
46 12 64 128 0.0213028
47 12 64 128 0.0208735
48 12 64 128 0.0186516
49 12 64 128 0.016913
50 12 64 128 0.0135734
51 12 64 128 0.0112597
69 12 64 128 0.0110156
70 12 64 128 0.0129117
71 12 64 128 0.0149879
72 12 64 128 0.0173105
73 12 64 128 0.0194151
74 12 64 128 0.0224664
75 12 64 128 0.0263209
76 12 64 128 0.0293966
77 12 64 128 0.0319103
78 12 64 128 0.0319352
79 12 64 128 0.0321525
80 12 64 128 0.031851
81 12 64 128 0.0304909
82 12 64 128 0.0276213
83 12 64 128 0.025165
84 12 64 128 0.0220945
85 12 64 128 0.02042
86 12 64 128 0.0193423
87 12 64 128 0.0195884
88 12 64 128 0.0188221
89 12 64 128 0.0169287
90 12 64 128 0.0149593
91 12 64 128 0.013403
92 12 64 128 0.0120143
93 12 64 128 0.0111187
94 12 64 128 0.011002
95 12 64 128 0.0115012
96 12 64 128 0.0110564
97 12 64 128 0.0106876
102 12 64 128 0.0105662
103 12 64 128 0.010953
104 12 64 128 0.0122511
105 12 64 128 0.0126879
106 12 64 128 0.0129282
107 12 64 128 0.0120817
108 12 64 128 0.0110446
149 12 64 128 0.0105404
150 12 64 128 0.011322
151 12 64 128 0.0121012
152 12 64 128 0.0131112
153 12 64 128 0.0148384
154 12 64 128 0.0172344
155 12 64 128 0.0203308
156 12 64 128 0.0224975
157 12 64 128 0.0230485
158 12 64 128 0.0211612
159 12 64 128 0.0195074
160 12 64 128 0.0157919
161 12 64 128 0.0126887
0 13 64 128 0.0304111
1 13 64 128 0.0316656
2 13 64 128 0.032452
3 13 64 128 0.0343029
4 13 64 128 0.0359187
5 13 64 128 0.0384561
6 13 64 128 0.0386866
7 13 64 128 0.0372706
8 13 64 128 0.0373841
9 13 64 128 0.0367754
10 13 64 128 0.0353986
11 13 64 128 0.034641
12 13 64 128 0.0318621
13 13 64 128 0.0282401
14 13 64 128 0.0246999
15 13 64 128 0.0222282
16 13 64 128 0.0193121
17 13 64 128 0.0173283
18 13 64 128 0.0149131
19 13 64 128 0.012407
35 13 64 128 0.0115793
36 13 64 128 0.0126862
37 13 64 128 0.0141733
38 13 64 128 0.0145723
39 13 64 128 0.0157758
40 13 64 128 0.0169877
41 13 64 128 0.0178891
42 13 64 128 0.0180724
43 13 64 128 0.0180174
44 13 64 128 0.0192494
45 13 64 128 0.0196702
46 13 64 128 0.0186028
47 13 64 128 0.0171442
48 13 64 128 0.0148409
49 13 64 128 0.0131052
50 13 64 128 0.0103649
69 13 64 128 0.0103342
70 13 64 128 0.0121504
71 13 64 128 0.0143806
72 13 64 128 0.0169749
73 13 64 128 0.0194178
74 13 64 128 0.0217317
75 13 64 128 0.0249633
76 13 64 128 0.0280274
77 13 64 128 0.0303174
78 13 64 128 0.0308319
79 13 64 128 0.0313049
80 13 64 128 0.0309525
81 13 64 128 0.0295906
82 13 64 128 0.0269143
83 13 64 128 0.0245254
84 13 64 128 0.022001
85 13 64 128 0.020293
86 13 64 128 0.0187076
87 13 64 128 0.0183574
88 13 64 128 0.0163851
89 13 64 128 0.0147719
90 13 64 128 0.012819
91 13 64 128 0.0112608
92 13 64 128 0.0100216
103 13 64 128 0.0102005
104 13 64 128 0.0117041
105 13 64 128 0.0120393
106 13 64 128 0.0125005
107 13 64 128 0.0115823
108 13 64 128 0.0107035
118 13 64 128 0.0100867
119 13 64 128 0.0100881
120 13 64 128 0.0104952
148 13 64 128 0.0103221
149 13 64 128 0.0107562
150 13 64 128 0.0113986
151 13 64 128 0.012377
152 13 64 128 0.0134641
153 13 64 128 0.0158114
154 13 64 128 0.0179821
155 13 64 128 0.0215639
156 13 64 128 0.023891
157 13 64 128 0.0243667
158 13 64 128 0.0238503
159 13 64 128 0.0214158
160 13 64 128 0.0165099
161 13 64 128 0.0124066
0 14 64 128 0.0303805
1 14 64 128 0.0322157
2 14 64 128 0.0334202
3 14 64 128 0.0356333
4 14 64 128 0.0376467
5 14 64 128 0.0407224
6 14 64 128 0.0404985
7 14 64 128 0.0380372
8 14 64 128 0.0366677
9 14 64 128 0.034454
10 14 64 128 0.032504
11 14 64 128 0.0304136
12 14 64 128 0.0276384
13 14 64 128 0.0248765
14 14 64 128 0.0212318
15 14 64 128 0.018441
16 14 64 128 0.0160014
17 14 64 128 0.0136324
18 14 64 128 0.0118951
19 14 64 128 0.0102047
35 14 64 128 0.0105877
36 14 64 128 0.0116278
37 14 64 128 0.0131437
38 14 64 128 0.0141443
39 14 64 128 0.0151462
40 14 64 128 0.0160072
41 14 64 128 0.0164614
42 14 64 128 0.016017
43 14 64 128 0.0157472
44 14 64 128 0.0166345
45 14 64 128 0.0168398
46 14 64 128 0.0159934
47 14 64 128 0.0140847
48 14 64 128 0.0119522
49 14 64 128 0.0101016
70 14 64 128 0.0114681
71 14 64 128 0.0141793
72 14 64 128 0.0169408
73 14 64 128 0.0195897
74 14 64 128 0.0217958
75 14 64 128 0.0248727
76 14 64 128 0.0282041
77 14 64 128 0.0299686
78 14 64 128 0.0301113
79 14 64 128 0.0313291
80 14 64 128 0.0311448
81 14 64 128 0.0296569
82 14 64 128 0.0268376
83 14 64 128 0.0250848
84 14 64 128 0.0228367
85 14 64 128 0.0204247
86 14 64 128 0.0181098
87 14 64 128 0.0174499
88 14 64 128 0.0155804
89 14 64 128 0.0134153
90 14 64 128 0.0116006
91 14 64 128 0.0104257
104 14 64 128 0.0109781
105 14 64 128 0.0112718
106 14 64 128 0.0119282
107 14 64 128 0.011123
108 14 64 128 0.0103984
116 14 64 128 0.0101489
117 14 64 128 0.0102958
118 14 64 128 0.010143
119 14 64 128 0.0103772
120 14 64 128 0.0105954
148 14 64 128 0.0107664
149 14 64 128 0.0112995
150 14 64 128 0.012016
151 14 64 128 0.0132867
152 14 64 128 0.0150338
153 14 64 128 0.0173508
154 14 64 128 0.019465
155 14 64 128 0.0226831
156 14 64 128 0.0252675
157 14 64 128 0.026153
158 14 64 128 0.0244483
159 14 64 128 0.0223708
160 14 64 128 0.0174502
161 14 64 128 0.0128828
0 15 64 128 0.0312414
1 15 64 128 0.0339241
2 15 64 128 0.0349352
3 15 64 128 0.0370725
4 15 64 128 0.0386114
5 15 64 128 0.0415132
6 15 64 128 0.0410562
7 15 64 128 0.0383662
8 15 64 128 0.0362377
9 15 64 128 0.0337737
10 15 64 128 0.0300915
11 15 64 128 0.0270765
12 15 64 128 0.0239181
13 15 64 128 0.0216652
14 15 64 128 0.0183383
15 15 64 128 0.0155086
16 15 64 128 0.0132089
17 15 64 128 0.0113315
18 15 64 128 0.0100863
37 15 64 128 0.0117708
38 15 64 128 0.0131903
39 15 64 128 0.0145741
40 15 64 128 0.0154038
41 15 64 128 0.0154901
42 15 64 128 0.0151445
43 15 64 128 0.0146732
44 15 64 128 0.0148203
45 15 64 128 0.0148457
46 15 64 128 0.0131548
47 15 64 128 0.0110285
70 15 64 128 0.0104421
71 15 64 128 0.0130036
72 15 64 128 0.0158209
73 15 64 128 0.0181913
74 15 64 128 0.0204321
75 15 64 128 0.0233112
76 15 64 128 0.0269493
77 15 64 128 0.0288837
78 15 64 128 0.0292968
79 15 64 128 0.0310242
80 15 64 128 0.0319458
81 15 64 128 0.0301271
82 15 64 128 0.0273022
83 15 64 128 0.0254859
84 15 64 128 0.0228486
85 15 64 128 0.0200413
86 15 64 128 0.0173375
87 15 64 128 0.0162879
88 15 64 128 0.0140652
89 15 64 128 0.0119709
90 15 64 128 0.0105052
106 15 64 128 0.0102807
114 15 64 128 0.01017
115 15 64 128 0.01028
116 15 64 128 0.0111265
117 15 64 128 0.011299
118 15 64 128 0.0109344
119 15 64 128 0.0108771
120 15 64 128 0.010806
148 15 64 128 0.0111084
149 15 64 128 0.0116759
150 15 64 128 0.0121851
151 15 64 128 0.0133971
152 15 64 128 0.015644
153 15 64 128 0.0180377
154 15 64 128 0.0198644
155 15 64 128 0.0232625
156 15 64 128 0.0266327
157 15 64 128 0.0281439
158 15 64 128 0.0265677
159 15 64 128 0.0239431
160 15 64 128 0.0183546
161 15 64 128 0.0131379
0 16 64 128 0.0324561
1 16 64 128 0.0360812
2 16 64 128 0.0376838
3 16 64 128 0.0393676
4 16 64 128 0.0396627
5 16 64 128 0.0424074
6 16 64 128 0.0412582
7 16 64 128 0.0375175
8 16 64 128 0.0344351
9 16 64 128 0.0318241
10 16 64 128 0.0275568
11 16 64 128 0.0250946
12 16 64 128 0.0219765
13 16 64 128 0.0188457
14 16 64 128 0.0159921
15 16 64 128 0.0136745
16 16 64 128 0.0115282
38 16 64 128 0.0110378
39 16 64 128 0.0122354
40 16 64 128 0.0128902
41 16 64 128 0.0133853
42 16 64 128 0.0140808
43 16 64 128 0.0135667
44 16 64 128 0.0133119
45 16 64 128 0.0129615
46 16 64 128 0.0112837
71 16 64 128 0.0114811
72 16 64 128 0.0140477
73 16 64 128 0.0168151
74 16 64 128 0.0195747
75 16 64 128 0.02237
76 16 64 128 0.0269993
77 16 64 128 0.0280276
78 16 64 128 0.0296342
79 16 64 128 0.0312345
80 16 64 128 0.0328192
81 16 64 128 0.030347
82 16 64 128 0.0275247
83 16 64 128 0.0247313
84 16 64 128 0.0215202
85 16 64 128 0.0186672
86 16 64 128 0.0155993
87 16 64 128 0.0146165
88 16 64 128 0.0129637
89 16 64 128 0.0107217
114 16 64 128 0.0100336
115 16 64 128 0.0104818
116 16 64 128 0.0110717
117 16 64 128 0.0109394
118 16 64 128 0.0109386
119 16 64 128 0.0110781
120 16 64 128 0.0107847
148 16 64 128 0.0111759
149 16 64 128 0.0115265
150 16 64 128 0.0124308
151 16 64 128 0.0141388
152 16 64 128 0.0158946
153 16 64 128 0.0178682
154 16 64 128 0.0198009
155 16 64 128 0.0231151
156 16 64 128 0.0259904
157 16 64 128 0.0280132
158 16 64 128 0.0273838
159 16 64 128 0.0240296
160 16 64 128 0.0181332
161 16 64 128 0.0126694
0 17 64 128 0.0323861
1 17 64 128 0.035837
2 17 64 128 0.0376027
3 17 64 128 0.0390739
4 17 64 128 0.0392569
5 17 64 128 0.0403991
6 17 64 128 0.0380098
7 17 64 128 0.035988
8 17 64 128 0.0313901
9 17 64 128 0.0278892
10 17 64 128 0.0237554
11 17 64 128 0.0213742
12 17 64 128 0.0190967
13 17 64 128 0.0163195
14 17 64 128 0.0131239
15 17 64 128 0.0112925
40 17 64 128 0.0102789
41 17 64 128 0.0112148
42 17 64 128 0.0115771
43 17 64 128 0.0112221
44 17 64 128 0.0109247
71 17 64 128 0.0102318
72 17 64 128 0.0125389
73 17 64 128 0.014682
74 17 64 128 0.0172512
75 17 64 128 0.0208098
76 17 64 128 0.0244762
77 17 64 128 0.0267048
78 17 64 128 0.0284408
79 17 64 128 0.0304826
80 17 64 128 0.0321384
81 17 64 128 0.0302036
82 17 64 128 0.0277408
83 17 64 128 0.0241455
84 17 64 128 0.0205491
85 17 64 128 0.0171598
86 17 64 128 0.0143682
87 17 64 128 0.013566
88 17 64 128 0.0116328
114 17 64 128 0.0101041
115 17 64 128 0.0107101
116 17 64 128 0.0112988
117 17 64 128 0.0110755
118 17 64 128 0.0107984
119 17 64 128 0.0104553
120 17 64 128 0.0101124
148 17 64 128 0.011297
149 17 64 128 0.0117655
150 17 64 128 0.0130712
151 17 64 128 0.0145017
152 17 64 128 0.0162597
153 17 64 128 0.018659
154 17 64 128 0.0209843
155 17 64 128 0.0246576
156 17 64 128 0.0281734
157 17 64 128 0.029963
158 17 64 128 0.0278856
159 17 64 128 0.0243569
160 17 64 128 0.0177172
161 17 64 128 0.0124127
0 18 64 128 0.0317184
1 18 64 128 0.0354935
2 18 64 128 0.03699
3 18 64 128 0.0380557
4 18 64 128 0.0378661
5 18 64 128 0.0371119
6 18 64 128 0.0340789
7 18 64 128 0.031729
8 18 64 128 0.0281229
9 18 64 128 0.0245531
10 18 64 128 0.0205961
11 18 64 128 0.0180603
12 18 64 128 0.0160352
13 18 64 128 0.0131355
14 18 64 128 0.0106856
72 18 64 128 0.0105394
73 18 64 128 0.01185
74 18 64 128 0.014669
75 18 64 128 0.0174613
76 18 64 128 0.0208925
77 18 64 128 0.0229503
78 18 64 128 0.0258796
79 18 64 128 0.0283381
80 18 64 128 0.0303388
81 18 64 128 0.0294926
82 18 64 128 0.0264564
83 18 64 128 0.0223758
84 18 64 128 0.0189889
85 18 64 128 0.0151441
86 18 64 128 0.0128887
87 18 64 128 0.0118882
88 18 64 128 0.0100213
116 18 64 128 0.0106693
117 18 64 128 0.0103071
118 18 64 128 0.0101972
147 18 64 128 0.0100226
148 18 64 128 0.0112245
149 18 64 128 0.0119833
150 18 64 128 0.0130985
151 18 64 128 0.0141808
152 18 64 128 0.0159444
153 18 64 128 0.0182039
154 18 64 128 0.0201565
155 18 64 128 0.0234038
156 18 64 128 0.0271765
157 18 64 128 0.0288693
158 18 64 128 0.0278954
159 18 64 128 0.0233533
160 18 64 128 0.0171928
161 18 64 128 0.0120835
0 19 64 128 0.0317171
1 19 64 128 0.0344015
2 19 64 128 0.0355225
3 19 64 128 0.0357965
4 19 64 128 0.0344005
5 19 64 128 0.0327724
6 19 64 128 0.0298362
7 19 64 128 0.0266127
8 19 64 128 0.0234416
9 19 64 128 0.0209817
10 19 64 128 0.0175558
11 19 64 128 0.0155954
12 19 64 128 0.0136457
13 19 64 128 0.0113271
74 19 64 128 0.0117038
75 19 64 128 0.0140409
76 19 64 128 0.017114
77 19 64 128 0.0190191
78 19 64 128 0.0219281
79 19 64 128 0.0253827
80 19 64 128 0.027462
81 19 64 128 0.0272337
82 19 64 128 0.0243545
83 19 64 128 0.0206396
84 19 64 128 0.017761
85 19 64 128 0.014204
86 19 64 128 0.0117274
87 19 64 128 0.0100885
147 19 64 128 0.0104287
148 19 64 128 0.0115113
149 19 64 128 0.011971
150 19 64 128 0.0131487
151 19 64 128 0.0147476
152 19 64 128 0.0163295
153 19 64 128 0.0185155
154 19 64 128 0.0205626
155 19 64 128 0.0229143
156 19 64 128 0.0255051
157 19 64 128 0.0268969
158 19 64 128 0.0252484
159 19 64 128 0.0206641
160 19 64 128 0.0158082
161 19 64 128 0.0113643
0 20 64 128 0.0304941
1 20 64 128 0.0321352
2 20 64 128 0.0320075
3 20 64 128 0.0332306
4 20 64 128 0.0302862
5 20 64 128 0.0281104
6 20 64 128 0.025808
7 20 64 128 0.0231643
8 20 64 128 0.0208452
9 20 64 128 0.0181428
10 20 64 128 0.0158655
11 20 64 128 0.013402
12 20 64 128 0.0119227
13 20 64 128 0.0101444
75 20 64 128 0.0115464
76 20 64 128 0.0144857
77 20 64 128 0.0164898
78 20 64 128 0.0195328
79 20 64 128 0.0223396
80 20 64 128 0.0247617
81 20 64 128 0.024319
82 20 64 128 0.0219186
83 20 64 128 0.0192428
84 20 64 128 0.015721
85 20 64 128 0.012592
86 20 64 128 0.0103522
147 20 64 128 0.011514
148 20 64 128 0.0129464
149 20 64 128 0.0135146
150 20 64 128 0.0149981
151 20 64 128 0.0164024
152 20 64 128 0.0184739
153 20 64 128 0.0209101
154 20 64 128 0.022762
155 20 64 128 0.0239925
156 20 64 128 0.0251719
157 20 64 128 0.0257201
158 20 64 128 0.02431
159 20 64 128 0.0192605
160 20 64 128 0.0147437
161 20 64 128 0.0105631
0 21 64 128 0.0281954
1 21 64 128 0.029368
2 21 64 128 0.0285112
3 21 64 128 0.0291917
4 21 64 128 0.0260185
5 21 64 128 0.0236308
6 21 64 128 0.0209501
7 21 64 128 0.0194744
8 21 64 128 0.0170514
9 21 64 128 0.0149407
10 21 64 128 0.0131596
11 21 64 128 0.0112457
12 21 64 128 0.0101672
75 21 64 128 0.0100512
76 21 64 128 0.012532
77 21 64 128 0.0147048
78 21 64 128 0.0169175
79 21 64 128 0.0196733
80 21 64 128 0.0213685
81 21 64 128 0.0216144
82 21 64 128 0.0200234
83 21 64 128 0.0183249
84 21 64 128 0.0149692
85 21 64 128 0.0119851
116 21 64 128 0.010041
146 21 64 128 0.010685
147 21 64 128 0.0121816
148 21 64 128 0.0140044
149 21 64 128 0.0151211
150 21 64 128 0.0163937
151 21 64 128 0.0180125
152 21 64 128 0.019882
153 21 64 128 0.02164
154 21 64 128 0.0231251
155 21 64 128 0.0239721
156 21 64 128 0.0245775
157 21 64 128 0.02409
158 21 64 128 0.0228936
159 21 64 128 0.018237
160 21 64 128 0.0133792
235 21 64 128 0.0104428
0 22 64 128 0.0273106
1 22 64 128 0.0277954
2 22 64 128 0.0265968
3 22 64 128 0.0258775
4 22 64 128 0.0232893
5 22 64 128 0.0204526
6 22 64 128 0.0177018
7 22 64 128 0.0160397
8 22 64 128 0.0146404
9 22 64 128 0.0125751
10 22 64 128 0.0110668
76 22 64 128 0.0110054
77 22 64 128 0.0129359
78 22 64 128 0.0153388
79 22 64 128 0.0167424
80 22 64 128 0.0182393
81 22 64 128 0.0178202
82 22 64 128 0.0168902
83 22 64 128 0.0155124
84 22 64 128 0.0130617
85 22 64 128 0.0105383
116 22 64 128 0.0100076
145 22 64 128 0.0100245
146 22 64 128 0.011711
147 22 64 128 0.013104
148 22 64 128 0.0146548
149 22 64 128 0.0158037
150 22 64 128 0.0171896
151 22 64 128 0.0193733
152 22 64 128 0.0207814
153 22 64 128 0.0220004
154 22 64 128 0.0229056
155 22 64 128 0.0227176
156 22 64 128 0.0229494
157 22 64 128 0.0220096
158 22 64 128 0.020065
159 22 64 128 0.0162146
160 22 64 128 0.0116796
235 22 64 128 0.0135622
236 22 64 128 0.0107505
0 23 64 128 0.024709
1 23 64 128 0.0246883
2 23 64 128 0.0228682
3 23 64 128 0.0217552
4 23 64 128 0.0188018
5 23 64 128 0.0160942
6 23 64 128 0.0136332
7 23 64 128 0.0125228
8 23 64 128 0.0114824
9 23 64 128 0.0105755
77 23 64 128 0.0107473
78 23 64 128 0.0127371
79 23 64 128 0.0140318
80 23 64 128 0.014951
81 23 64 128 0.0142779
82 23 64 128 0.0138253
83 23 64 128 0.0136028
84 23 64 128 0.0115176
145 23 64 128 0.0105026
146 23 64 128 0.0121421
147 23 64 128 0.0135754
148 23 64 128 0.0155158
149 23 64 128 0.0167818
150 23 64 128 0.0185362
151 23 64 128 0.0208798
152 23 64 128 0.0222521
153 23 64 128 0.0233162
154 23 64 128 0.023825
155 23 64 128 0.0228877
156 23 64 128 0.0219773
157 23 64 128 0.0205096
158 23 64 128 0.017325
159 23 64 128 0.0138961
160 23 64 128 0.0100941
234 23 64 128 0.0111601
235 23 64 128 0.0141743
236 23 64 128 0.0105515
0 24 64 128 0.0218774
1 24 64 128 0.0217237
2 24 64 128 0.0199499
3 24 64 128 0.0181527
4 24 64 128 0.0156047
5 24 64 128 0.0124622
6 24 64 128 0.010567
79 24 64 128 0.0104608
80 24 64 128 0.0113046
81 24 64 128 0.0108872
82 24 64 128 0.0110963
83 24 64 128 0.0111496
145 24 64 128 0.0106987
146 24 64 128 0.0121401
147 24 64 128 0.014029
148 24 64 128 0.0159109
149 24 64 128 0.0170356
150 24 64 128 0.0183013
151 24 64 128 0.0201381
152 24 64 128 0.0211808
153 24 64 128 0.0223899
154 24 64 128 0.0222474
155 24 64 128 0.0210782
156 24 64 128 0.0195997
157 24 64 128 0.0179654
158 24 64 128 0.0147718
159 24 64 128 0.012115
234 24 64 128 0.0132822
235 24 64 128 0.0131904
248 24 64 128 0.0152593
249 24 64 128 0.0170718
250 24 64 128 0.0176266
0 25 64 128 0.0191378
1 25 64 128 0.0182691
2 25 64 128 0.0157929
3 25 64 128 0.0144278
4 25 64 128 0.0120325
5 25 64 128 0.0100684
144 25 64 128 0.010216
145 25 64 128 0.0116412
146 25 64 128 0.0129961
147 25 64 128 0.0154507
148 25 64 128 0.0172688
149 25 64 128 0.0175749
150 25 64 128 0.0181487
151 25 64 128 0.0197244
152 25 64 128 0.021247
153 25 64 128 0.0221337
154 25 64 128 0.0209408
155 25 64 128 0.0195761
156 25 64 128 0.0180468
157 25 64 128 0.0157407
158 25 64 128 0.0127127
159 25 64 128 0.0100534
248 25 64 128 0.0397577
249 25 64 128 0.044036
250 25 64 128 0.0485947
251 25 64 128 0.0256564
252 25 64 128 0.0158782
253 25 64 128 0.010942
254 25 64 128 0.0188065
255 25 64 128 0.0239703
0 26 64 128 0.016734
1 26 64 128 0.0149527
2 26 64 128 0.0127413
3 26 64 128 0.0109919
144 26 64 128 0.0104228
145 26 64 128 0.0117396
146 26 64 128 0.0131314
147 26 64 128 0.0158118
148 26 64 128 0.018072
149 26 64 128 0.0180982
150 26 64 128 0.0188655
151 26 64 128 0.0206228
152 26 64 128 0.0212262
153 26 64 128 0.0214959
154 26 64 128 0.0204926
155 26 64 128 0.0185567
156 26 64 128 0.0162146
157 26 64 128 0.0137496
158 26 64 128 0.0110352
247 26 64 128 0.0119385
248 26 64 128 0.0530131
249 26 64 128 0.0698643
250 26 64 128 0.100954
251 26 64 128 0.0788332
252 26 64 128 0.0530681
253 26 64 128 0.0472218
254 26 64 128 0.0700331
255 26 64 128 0.0948629
0 27 64 128 0.0141015
1 27 64 128 0.012469
2 27 64 128 0.0101731
144 27 64 128 0.0114526
145 27 64 128 0.012785
146 27 64 128 0.0138836
147 27 64 128 0.0162445
148 27 64 128 0.0185272
149 27 64 128 0.0193066
150 27 64 128 0.0210085
151 27 64 128 0.0226212
152 27 64 128 0.0227998
153 27 64 128 0.0218558
154 27 64 128 0.019981
155 27 64 128 0.0176104
156 27 64 128 0.0146321
157 27 64 128 0.0121957
247 27 64 128 0.0120801
248 27 64 128 0.0565251
249 27 64 128 0.106351
250 27 64 128 0.159839
251 27 64 128 0.151445
252 27 64 128 0.117468
253 27 64 128 0.112889
254 27 64 128 0.167377
255 27 64 128 0.17919
0 28 64 128 0.0112944
1 28 64 128 0.0100277
143 28 64 128 0.0102139
144 28 64 128 0.0126857
145 28 64 128 0.0138954
146 28 64 128 0.0148849
147 28 64 128 0.0172767
148 28 64 128 0.0197523
149 28 64 128 0.0210121
150 28 64 128 0.0226008
151 28 64 128 0.0232453
152 28 64 128 0.0231285
153 28 64 128 0.0218232
154 28 64 128 0.0185633
155 28 64 128 0.0157429
156 28 64 128 0.0132758
157 28 64 128 0.0109052
248 28 64 128 0.0486061
249 28 64 128 0.111907
250 28 64 128 0.181667
251 28 64 128 0.188333
252 28 64 128 0.181856
253 28 64 128 0.186573
254 28 64 128 0.280919
255 28 64 128 0.293636
143 29 64 128 0.0110017
144 29 64 128 0.013528
145 29 64 128 0.0152571
146 29 64 128 0.0159291
147 29 64 128 0.0177453
148 29 64 128 0.0209236
149 29 64 128 0.022094
150 29 64 128 0.0230862
151 29 64 128 0.0228703
152 29 64 128 0.0217993
153 29 64 128 0.0202407
154 29 64 128 0.0167437
155 29 64 128 0.0143404
156 29 64 128 0.0118284
247 29 64 128 0.0105838
248 29 64 128 0.0673303
249 29 64 128 0.158984
250 29 64 128 0.267841
251 29 64 128 0.27803
252 29 64 128 0.268224
253 29 64 128 0.292014
254 29 64 128 0.377793
255 29 64 128 0.403114
142 30 64 128 0.010176
143 30 64 128 0.0116227
144 30 64 128 0.0143048
145 30 64 128 0.0154448
146 30 64 128 0.0164133
147 30 64 128 0.0185151
148 30 64 128 0.0214041
149 30 64 128 0.0217622
150 30 64 128 0.0222524
151 30 64 128 0.0218263
152 30 64 128 0.0208044
153 30 64 128 0.0184637
154 30 64 128 0.0154386
155 30 64 128 0.0128898
156 30 64 128 0.0103439
248 30 64 128 0.0664563
249 30 64 128 0.158018
250 30 64 128 0.239204
251 30 64 128 0.258888
252 30 64 128 0.33421
253 30 64 128 0.418171
254 30 64 128 0.489483
255 30 64 128 0.47916
142 31 64 128 0.0106115
143 31 64 128 0.0121263
144 31 64 128 0.0148886
145 31 64 128 0.0166227
146 31 64 128 0.0179824
147 31 64 128 0.0195969
148 31 64 128 0.0220478
149 31 64 128 0.0222889
150 31 64 128 0.022294
151 31 64 128 0.0218327
152 31 64 128 0.0197584
153 31 64 128 0.0168522
154 31 64 128 0.0141975
155 31 64 128 0.0115862
247 31 64 128 0.0100442
248 31 64 128 0.0589512
249 31 64 128 0.172744
250 31 64 128 0.292057
251 31 64 128 0.352219
252 31 64 128 0.427489
253 31 64 128 0.540404
254 31 64 128 0.591914
255 31 64 128 0.532365
141 32 64 128 0.0102996
142 32 64 128 0.0113916
143 32 64 128 0.0127402
144 32 64 128 0.0149123
145 32 64 128 0.0168296
146 32 64 128 0.0185373
147 32 64 128 0.0202737
148 32 64 128 0.0222416
149 32 64 128 0.0220288
150 32 64 128 0.0213278
151 32 64 128 0.0198994
152 32 64 128 0.017553
153 32 64 128 0.0147127
154 32 64 128 0.0123692
155 32 64 128 0.0102986
248 32 64 128 0.0455531
249 32 64 128 0.144562
250 32 64 128 0.260742
251 32 64 128 0.348599
252 32 64 128 0.4582
253 32 64 128 0.607832
254 32 64 128 0.62763
255 32 64 128 0.556638
139 33 64 128 0.0100672
141 33 64 128 0.0108646
142 33 64 128 0.0111831
143 33 64 128 0.0122736
144 33 64 128 0.0138454
145 33 64 128 0.0159359
146 33 64 128 0.0179964
147 33 64 128 0.0195487
148 33 64 128 0.021464
149 33 64 128 0.0208453
150 33 64 128 0.0194422
151 33 64 128 0.0178846
152 33 64 128 0.0154739
153 33 64 128 0.0128925
154 33 64 128 0.0113026
247 33 64 128 0.0103651
248 33 64 128 0.0485488
249 33 64 128 0.172639
250 33 64 128 0.287182
251 33 64 128 0.400094
252 33 64 128 0.508531
253 33 64 128 0.681722
254 33 64 128 0.641177
255 33 64 128 0.568618
116 34 64 128 0.0100528
139 34 64 128 0.0106124
140 34 64 128 0.0105831
141 34 64 128 0.0111406
142 34 64 128 0.011535
143 34 64 128 0.0122201
144 34 64 128 0.0136851
145 34 64 128 0.0150669
146 34 64 128 0.0170573
147 34 64 128 0.0189292
148 34 64 128 0.0204576
149 34 64 128 0.0194465
150 34 64 128 0.0179778
151 34 64 128 0.0160404
152 34 64 128 0.0136049
153 34 64 128 0.0113579
247 34 64 128 0.0123708
248 34 64 128 0.0399402
249 34 64 128 0.164022
250 34 64 128 0.24176
251 34 64 128 0.39951
252 34 64 128 0.451574
253 34 64 128 0.686868
254 34 64 128 0.624209
255 34 64 128 0.513124
111 35 64 128 0.0107157
112 35 64 128 0.0117638
113 35 64 128 0.0113251
114 35 64 128 0.0118677
115 35 64 128 0.0113789
116 35 64 128 0.0116154
117 35 64 128 0.010369
139 35 64 128 0.0105221
140 35 64 128 0.0107629
141 35 64 128 0.0109704
142 35 64 128 0.011474
143 35 64 128 0.0120137
144 35 64 128 0.0139342
145 35 64 128 0.0146877
146 35 64 128 0.0166616
147 35 64 128 0.0187777
148 35 64 128 0.0208249
149 35 64 128 0.0192508
150 35 64 128 0.0172138
151 35 64 128 0.0147066
152 35 64 128 0.0126214
153 35 64 128 0.0105582
247 35 64 128 0.0101588
248 35 64 128 0.0331371
249 35 64 128 0.128726
250 35 64 128 0.246192
251 35 64 128 0.383881
252 35 64 128 0.467559
253 35 64 128 0.610614
254 35 64 128 0.551133
255 35 64 128 0.458948
110 36 64 128 0.0115704
111 36 64 128 0.0130256
112 36 64 128 0.0138949
113 36 64 128 0.0139894
114 36 64 128 0.0136693
115 36 64 128 0.0138783
116 36 64 128 0.0137178
117 36 64 128 0.0121882
118 36 64 128 0.0105129
138 36 64 128 0.0104119
139 36 64 128 0.0109657
140 36 64 128 0.0111978
141 36 64 128 0.0114794
142 36 64 128 0.0119319
143 36 64 128 0.0120588
144 36 64 128 0.01409
145 36 64 128 0.0146373
146 36 64 128 0.0164413
147 36 64 128 0.0183436
148 36 64 128 0.0201988
149 36 64 128 0.0184778
150 36 64 128 0.0163631
151 36 64 128 0.0139426
152 36 64 128 0.0122447
153 36 64 128 0.0100403
207 36 64 128 0.0103969
208 36 64 128 0.0154518
209 36 64 128 0.0135679
247 36 64 128 0.0103899
248 36 64 128 0.0282118
249 36 64 128 0.0904652
250 36 64 128 0.162948
251 36 64 128 0.302863
252 36 64 128 0.351529
253 36 64 128 0.431198
254 36 64 128 0.413226
255 36 64 128 0.329074
109 37 64 128 0.010956
110 37 64 128 0.0139539
111 37 64 128 0.0149145
112 37 64 128 0.0176183
113 37 64 128 0.0175633
114 37 64 128 0.0169531
115 37 64 128 0.016972
116 37 64 128 0.0167664
117 37 64 128 0.0143013
118 37 64 128 0.0124742
119 37 64 128 0.0110792
138 37 64 128 0.0102397
139 37 64 128 0.0109497
140 37 64 128 0.0112017
141 37 64 128 0.0114241
142 37 64 128 0.0118416
143 37 64 128 0.0117254
144 37 64 128 0.0134099
145 37 64 128 0.0139278
146 37 64 128 0.015406
147 37 64 128 0.0171895
148 37 64 128 0.0187543
149 37 64 128 0.0175593
150 37 64 128 0.015424
151 37 64 128 0.0132578
152 37 64 128 0.0110111
206 37 64 128 0.0119563
207 37 64 128 0.0160218
208 37 64 128 0.024594
209 37 64 128 0.0234831
210 37 64 128 0.0118311
248 37 64 128 0.0270733
249 37 64 128 0.067157
250 37 64 128 0.127195
251 37 64 128 0.215442
252 37 64 128 0.260662
253 37 64 128 0.322216
254 37 64 128 0.283796
255 37 64 128 0.256264
108 38 64 128 0.0100216
109 38 64 128 0.0127428
110 38 64 128 0.0156581
111 38 64 128 0.0167265
112 38 64 128 0.0202195
113 38 64 128 0.0202504
114 38 64 128 0.0202908
115 38 64 128 0.019049
116 38 64 128 0.0183517
117 38 64 128 0.0150586
118 38 64 128 0.0129887
119 38 64 128 0.0111164
137 38 64 128 0.0108862
138 38 64 128 0.0109165
139 38 64 128 0.0113901
140 38 64 128 0.0119399
141 38 64 128 0.0122572
142 38 64 128 0.0125389
143 38 64 128 0.0121425
144 38 64 128 0.0135383
145 38 64 128 0.0137878
146 38 64 128 0.0149296
147 38 64 128 0.0164383
148 38 64 128 0.0184832
149 38 64 128 0.0172512
150 38 64 128 0.0149576
151 38 64 128 0.012203
152 38 64 128 0.010251
206 38 64 128 0.014032
207 38 64 128 0.0185115
208 38 64 128 0.0312083
209 38 64 128 0.0271189
210 38 64 128 0.0168166
248 38 64 128 0.0199204
249 38 64 128 0.0467418
250 38 64 128 0.0776472
251 38 64 128 0.126552
252 38 64 128 0.152644
253 38 64 128 0.20251
254 38 64 128 0.176293
255 38 64 128 0.145774
108 39 64 128 0.0107374
109 39 64 128 0.0147199
110 39 64 128 0.017761
111 39 64 128 0.0198674
112 39 64 128 0.0219052
113 39 64 128 0.022159
114 39 64 128 0.0229188
115 39 64 128 0.0226104
116 39 64 128 0.0204659
117 39 64 128 0.0166635
118 39 64 128 0.0138222
119 39 64 128 0.0106747
137 39 64 128 0.0106148
138 39 64 128 0.0114208
139 39 64 128 0.0122157
140 39 64 128 0.0125752
141 39 64 128 0.0121412
142 39 64 128 0.0123381
143 39 64 128 0.012154
144 39 64 128 0.0133015
145 39 64 128 0.0135827
146 39 64 128 0.0145728
147 39 64 128 0.0160172
148 39 64 128 0.0176981
149 39 64 128 0.0163086
150 39 64 128 0.0142953
151 39 64 128 0.0116498
206 39 64 128 0.0142307
207 39 64 128 0.0214447
208 39 64 128 0.0308962
209 39 64 128 0.033419
210 39 64 128 0.0150005
248 39 64 128 0.013454
249 39 64 128 0.0241619
250 39 64 128 0.0455489
251 39 64 128 0.0607773
252 39 64 128 0.0728643
253 39 64 128 0.0841974
254 39 64 128 0.0872757
255 39 64 128 0.074764
108 40 64 128 0.0123683
109 40 64 128 0.0167361
110 40 64 128 0.0189571
111 40 64 128 0.0204006
112 40 64 128 0.0205063
113 40 64 128 0.024235
114 40 64 128 0.0234451
115 40 64 128 0.0238826
116 40 64 128 0.0197329
117 40 64 128 0.0166448
118 40 64 128 0.0123315
136 40 64 128 0.0103982
137 40 64 128 0.0118109
138 40 64 128 0.0125854
139 40 64 128 0.01327
140 40 64 128 0.0135702
141 40 64 128 0.0131347
142 40 64 128 0.0130524
143 40 64 128 0.012578
144 40 64 128 0.01356
145 40 64 128 0.0143181
146 40 64 128 0.015317
147 40 64 128 0.0158196
148 40 64 128 0.0167887
149 40 64 128 0.0156444
150 40 64 128 0.0137012
151 40 64 128 0.0111914
206 40 64 128 0.0171353
207 40 64 128 0.0205905
208 40 64 128 0.0404921
209 40 64 128 0.0335092
210 40 64 128 0.0174863
249 40 64 128 0.0133031
250 40 64 128 0.0218004
251 40 64 128 0.0269498
252 40 64 128 0.0307241
253 40 64 128 0.0280841
254 40 64 128 0.0423309
255 40 64 128 0.0334825
107 41 64 128 0.0101198
108 41 64 128 0.0137531
109 41 64 128 0.0173737
110 41 64 128 0.0194031
111 41 64 128 0.0198765
112 41 64 128 0.0197465
113 41 64 128 0.0223563
114 41 64 128 0.0236794
115 41 64 128 0.0223649
116 41 64 128 0.0181133
117 41 64 128 0.0159087
118 41 64 128 0.011175
136 41 64 128 0.0101672
137 41 64 128 0.0115318
138 41 64 128 0.0124702
139 41 64 128 0.0133209
140 41 64 128 0.0138805
141 41 64 128 0.0132685
142 41 64 128 0.0129007
143 41 64 128 0.0126742
144 41 64 128 0.0137113
145 41 64 128 0.0142969
146 41 64 128 0.0151489
147 41 64 128 0.0153803
148 41 64 128 0.015996
149 41 64 128 0.0151482
150 41 64 128 0.0130769
151 41 64 128 0.0106051
205 41 64 128 0.0120924
206 41 64 128 0.0148889
207 41 64 128 0.0216544
208 41 64 128 0.0388808
209 41 64 128 0.0307104
210 41 64 128 0.0144624
250 41 64 128 0.0146724
251 41 64 128 0.0158751
252 41 64 128 0.0158085
253 41 64 128 0.0123941
254 41 64 128 0.0178957
255 41 64 128 0.0192797
108 42 64 128 0.0129446
109 42 64 128 0.0150026
110 42 64 128 0.0164692
111 42 64 128 0.0166325
112 42 64 128 0.0170349
113 42 64 128 0.0185765
114 42 64 128 0.0191484
115 42 64 128 0.0177463
116 42 64 128 0.0149496
117 42 64 128 0.0118559
136 42 64 128 0.0116152
137 42 64 128 0.0131312
138 42 64 128 0.0136495
139 42 64 128 0.0142713
140 42 64 128 0.014365
141 42 64 128 0.0136843
142 42 64 128 0.0135891
143 42 64 128 0.013141
144 42 64 128 0.0139604
145 42 64 128 0.0147047
146 42 64 128 0.0151434
147 42 64 128 0.015177
148 42 64 128 0.0150435
149 42 64 128 0.0139675
150 42 64 128 0.0117662
206 42 64 128 0.0157346
207 42 64 128 0.0204318
208 42 64 128 0.0313114
209 42 64 128 0.021949
210 42 64 128 0.014427
108 43 64 128 0.0110754
109 43 64 128 0.0129161
110 43 64 128 0.0136432
111 43 64 128 0.0137794
112 43 64 128 0.0138786
113 43 64 128 0.0146999
114 43 64 128 0.0157756
115 43 64 128 0.0140568
116 43 64 128 0.0122707
136 43 64 128 0.0121697
137 43 64 128 0.0138267
138 43 64 128 0.014406
139 43 64 128 0.0148773
140 43 64 128 0.0146848
141 43 64 128 0.0136657
142 43 64 128 0.013804
143 43 64 128 0.0135049
144 43 64 128 0.0144374
145 43 64 128 0.0145849
146 43 64 128 0.0144396
147 43 64 128 0.0141097
148 43 64 128 0.0141177
149 43 64 128 0.0127446
150 43 64 128 0.0105575
205 43 64 128 0.0117166
206 43 64 128 0.0142675
207 43 64 128 0.020716
208 43 64 128 0.0213329
209 43 64 128 0.0176552
210 43 64 128 0.0102829
109 44 64 128 0.0103205
110 44 64 128 0.0102294
111 44 64 128 0.010097
112 44 64 128 0.0100896
113 44 64 128 0.0109472
114 44 64 128 0.0106505
135 44 64 128 0.0107653
136 44 64 128 0.0132735
137 44 64 128 0.0145843
138 44 64 128 0.015178
139 44 64 128 0.0146453
140 44 64 128 0.0146086
141 44 64 128 0.0137059
142 44 64 128 0.0138605
143 44 64 128 0.0138574
144 44 64 128 0.0144655
145 44 64 128 0.0141111
146 44 64 128 0.0133383
147 44 64 128 0.0130361
148 44 64 128 0.0124736
149 44 64 128 0.0113617
205 44 64 128 0.0119144
206 44 64 128 0.0168029
207 44 64 128 0.0148162
208 44 64 128 0.0151746
209 44 64 128 0.0105725
135 45 64 128 0.0120641
136 45 64 128 0.0146572
137 45 64 128 0.0158396
138 45 64 128 0.0167529
139 45 64 128 0.0160049
140 45 64 128 0.0161506
141 45 64 128 0.0145961
142 45 64 128 0.0143009
143 45 64 128 0.0140739
144 45 64 128 0.0143698
145 45 64 128 0.0138338
146 45 64 128 0.0128183
147 45 64 128 0.0123152
148 45 64 128 0.0116199
149 45 64 128 0.0102018
205 45 64 128 0.0134293
206 45 64 128 0.0146826
207 45 64 128 0.0123404
208 45 64 128 0.0105689
134 46 64 128 0.0107178
135 46 64 128 0.0125296
136 46 64 128 0.0156354
137 46 64 128 0.0169385
138 46 64 128 0.0175132
139 46 64 128 0.0174677
140 46 64 128 0.0176806
141 46 64 128 0.0162694
142 46 64 128 0.0153429
143 46 64 128 0.0149826
144 46 64 128 0.0148227
145 46 64 128 0.013764
146 46 64 128 0.012382
147 46 64 128 0.0116442
148 46 64 128 0.0104924
205 46 64 128 0.0110622
206 46 64 128 0.0122033
134 47 64 128 0.0106659
135 47 64 128 0.0126037
136 47 64 128 0.0150086
137 47 64 128 0.0168412
138 47 64 128 0.0177169
139 47 64 128 0.0178248
140 47 64 128 0.0175792
141 47 64 128 0.016225
142 47 64 128 0.0152913
143 47 64 128 0.015172
144 47 64 128 0.0148679
145 47 64 128 0.013485
146 47 64 128 0.0116477
147 47 64 128 0.0104305
205 47 64 128 0.0112314
134 48 64 128 0.0105965
135 48 64 128 0.0126573
136 48 64 128 0.01489
137 48 64 128 0.0166374
138 48 64 128 0.0175842
139 48 64 128 0.0176182
140 48 64 128 0.0172752
141 48 64 128 0.0158438
142 48 64 128 0.0145874
143 48 64 128 0.0139789
144 48 64 128 0.0135925
145 48 64 128 0.0122061
146 48 64 128 0.0102784
134 49 64 128 0.0102103
135 49 64 128 0.0122024
136 49 64 128 0.0142461
137 49 64 128 0.015629
138 49 64 128 0.0171278
139 49 64 128 0.0174802
140 49 64 128 0.0172502
141 49 64 128 0.0161705
142 49 64 128 0.0149568
143 49 64 128 0.0141395
144 49 64 128 0.0133804
145 49 64 128 0.0118495
134 50 64 128 0.0101046
135 50 64 128 0.0114741
136 50 64 128 0.0136778
137 50 64 128 0.0149652
138 50 64 128 0.0170157
139 50 64 128 0.0169394
140 50 64 128 0.0163499
141 50 64 128 0.0158579
142 50 64 128 0.0145167
143 50 64 128 0.0133412
144 50 64 128 0.0122251
145 50 64 128 0.0108536
135 51 64 128 0.0109181
136 51 64 128 0.012482
137 51 64 128 0.0138968
138 51 64 128 0.0152673
139 51 64 128 0.0156238
140 51 64 128 0.0151253
141 51 64 128 0.0147646
142 51 64 128 0.0129709
143 51 64 128 0.011767
144 51 64 128 0.0105945
135 52 64 128 0.0103199
136 52 64 128 0.0114619
137 52 64 128 0.0130249
138 52 64 128 0.0140916
139 52 64 128 0.0139628
140 52 64 128 0.0140027
141 52 64 128 0.0140746
142 52 64 128 0.0119654
143 52 64 128 0.0110273
136 53 64 128 0.0105185
137 53 64 128 0.0117968
138 53 64 128 0.0128936
139 53 64 128 0.0130002
140 53 64 128 0.0128894
141 53 64 128 0.0122714
142 53 64 128 0.010643
143 53 64 128 0.0101304
247 53 64 128 0.0108144
137 54 64 128 0.0107515
138 54 64 128 0.0116548
139 54 64 128 0.01206
140 54 64 128 0.011469
141 54 64 128 0.0106754
246 54 64 128 0.0107772
247 54 64 128 0.01035
138 55 64 128 0.0104363
139 55 64 128 0.0105814
140 55 64 128 0.0101068
246 55 64 128 0.0119172
247 55 64 128 0.0108099
193 83 64 128 0.0150992
194 83 64 128 0.0129292
195 83 64 128 0.0121849
192 84 64 128 0.0131375
193 84 64 128 0.0214012
194 84 64 128 0.0220803
195 84 64 128 0.0146175
196 84 64 128 0.0132421
191 85 64 128 0.0122233
192 85 64 128 0.0181323
193 85 64 128 0.0275167
194 85 64 128 0.0282202
195 85 64 128 0.024012
196 85 64 128 0.0169985
197 85 64 128 0.0104922
191 86 64 128 0.0167258
192 86 64 128 0.0228553
193 86 64 128 0.0339764
194 86 64 128 0.0371826
195 86 64 128 0.029803
196 86 64 128 0.0183473
197 86 64 128 0.0139119
190 87 64 128 0.0106299
191 87 64 128 0.0240194
192 87 64 128 0.0283157
193 87 64 128 0.0458932
194 87 64 128 0.0426692
195 87 64 128 0.0343907
196 87 64 128 0.0224927
197 87 64 128 0.0162248
201 87 64 128 0.013784
202 87 64 128 0.0110871
203 87 64 128 0.010673
204 87 64 128 0.0111361
190 88 64 128 0.0176099
191 88 64 128 0.0292597
192 88 64 128 0.0309798
193 88 64 128 0.0469301
194 88 64 128 0.0535549
195 88 64 128 0.0288006
196 88 64 128 0.025691
197 88 64 128 0.0139293
201 88 64 128 0.0129983
202 88 64 128 0.0127063
203 88 64 128 0.0101283
204 88 64 128 0.0114441
190 89 64 128 0.0204223
191 89 64 128 0.0286368
192 89 64 128 0.0288713
193 89 64 128 0.0478803
194 89 64 128 0.0399296
195 89 64 128 0.0262133
196 89 64 128 0.02059
197 89 64 128 0.0134192
201 89 64 128 0.0123519
190 90 64 128 0.0203715
191 90 64 128 0.021856
192 90 64 128 0.0289381
193 90 64 128 0.0380458
194 90 64 128 0.0305488
195 90 64 128 0.0235339
196 90 64 128 0.0180852
197 90 64 128 0.0135529
201 90 64 128 0.0111406
190 91 64 128 0.0165391
191 91 64 128 0.01833
192 91 64 128 0.0222167
193 91 64 128 0.0279301
194 91 64 128 0.0171878
195 91 64 128 0.0173631
196 91 64 128 0.0124808
201 91 64 128 0.0103183
190 92 64 128 0.0139454
191 92 64 128 0.01311
192 92 64 128 0.0148069
193 92 64 128 0.017957
194 92 64 128 0.0145447
195 92 64 128 0.0143857
196 92 64 128 0.0119641
190 93 64 128 0.0107886
191 93 64 128 0.0119237
192 93 64 128 0.010777
193 93 64 128 0.0126371
201 93 64 128 0.0103587
190 94 64 128 0.0161617
191 94 64 128 0.0119225
192 94 64 128 0.0108564
196 94 64 128 0.0110764
201 94 64 128 0.0129043
202 94 64 128 0.0108434
189 95 64 128 0.0101674
190 95 64 128 0.0157188
191 95 64 128 0.0119918
200 95 64 128 0.0119035
201 95 64 128 0.016916
202 95 64 128 0.012652
203 95 64 128 0.0113434
189 96 64 128 0.0131721
190 96 64 128 0.0165964
191 96 64 128 0.0116211
200 96 64 128 0.0117287
201 96 64 128 0.0164311
202 96 64 128 0.0136987
188 97 64 128 0.0141445
189 97 64 128 0.0256543
190 97 64 128 0.0224423
191 97 64 128 0.0136156
200 97 64 128 0.0175952
201 97 64 128 0.0217955
202 97 64 128 0.014944
187 98 64 128 0.0184434
188 98 64 128 0.0404261
189 98 64 128 0.05165
190 98 64 128 0.0478204
191 98 64 128 0.0180516
192 98 64 128 0.0104544
196 98 64 128 0.0119398
197 98 64 128 0.0107512
200 98 64 128 0.022849
201 98 64 128 0.0243979
202 98 64 128 0.0158232
186 99 64 128 0.0143766
187 99 64 128 0.03529
188 99 64 128 0.0609424
189 99 64 128 0.075747
190 99 64 128 0.0434676
191 99 64 128 0.0235038
192 99 64 128 0.0114979
195 99 64 128 0.0102908
196 99 64 128 0.0116559
197 99 64 128 0.0102595
199 99 64 128 0.0143456
200 99 64 128 0.0304321
201 99 64 128 0.0269858
202 99 64 128 0.0178041
185 100 64 128 0.010108
186 100 64 128 0.0264906
187 100 64 128 0.0524058
188 100 64 128 0.0923776
189 100 64 128 0.0717944
190 100 64 128 0.0417585
191 100 64 128 0.0211888
192 100 64 128 0.0121087
195 100 64 128 0.01087
196 100 64 128 0.0142621
197 100 64 128 0.0121552
198 100 64 128 0.0135862
199 100 64 128 0.0181613
200 100 64 128 0.0301384
201 100 64 128 0.0263774
202 100 64 128 0.0160841
174 101 64 128 0.0105595
185 101 64 128 0.0216611
186 101 64 128 0.0454006
187 101 64 128 0.0795505
188 101 64 128 0.106404
189 101 64 128 0.0807596
190 101 64 128 0.0509164
191 101 64 128 0.0259012
192 101 64 128 0.0136315
193 101 64 128 0.0100064
194 101 64 128 0.0123298
195 101 64 128 0.0137679
196 101 64 128 0.0123106
197 101 64 128 0.0123048
198 101 64 128 0.0144747
199 101 64 128 0.022569
200 101 64 128 0.0294843
201 101 64 128 0.0231511
202 101 64 128 0.015035
174 102 64 128 0.0105675
184 102 64 128 0.0107481
185 102 64 128 0.0402238
186 102 64 128 0.0832852
187 102 64 128 0.113583
188 102 64 128 0.140961
189 102 64 128 0.0909262
190 102 64 128 0.0603516
191 102 64 128 0.0268968
192 102 64 128 0.0189759
193 102 64 128 0.0129461
194 102 64 128 0.0181288
195 102 64 128 0.0179251
196 102 64 128 0.0180913
197 102 64 128 0.0189886
198 102 64 128 0.0187115
199 102 64 128 0.021912
200 102 64 128 0.0259074
201 102 64 128 0.0190122
202 102 64 128 0.0106228
172 103 64 128 0.0106924
173 103 64 128 0.0146071
174 103 64 128 0.0114134
184 103 64 128 0.0198247
185 103 64 128 0.0679446
186 103 64 128 0.109066
187 103 64 128 0.16428
188 103 64 128 0.170322
189 103 64 128 0.12587
190 103 64 128 0.0765061
191 103 64 128 0.0418489
192 103 64 128 0.0243247
193 103 64 128 0.0213468
194 103 64 128 0.028028
195 103 64 128 0.0292576
196 103 64 128 0.0227159
197 103 64 128 0.0250486
198 103 64 128 0.0237602
199 103 64 128 0.0281223
200 103 64 128 0.0328654
201 103 64 128 0.0180801
172 104 64 128 0.0107158
173 104 64 128 0.0118572
183 104 64 128 0.0108794
184 104 64 128 0.033095
185 104 64 128 0.10127
186 104 64 128 0.164317
187 104 64 128 0.183391
188 104 64 128 0.169436
189 104 64 128 0.113639
190 104 64 128 0.0672518
191 104 64 128 0.0396738
192 104 64 128 0.0267492
193 104 64 128 0.028299
194 104 64 128 0.0402756
195 104 64 128 0.0432804
196 104 64 128 0.0351505
197 104 64 128 0.0382454
198 104 64 128 0.0320972
199 104 64 128 0.0366297
200 104 64 128 0.0354494
201 104 64 128 0.0152926
171 105 64 128 0.0110547
172 105 64 128 0.0153008
173 105 64 128 0.0159818
174 105 64 128 0.0114044
183 105 64 128 0.0160206
184 105 64 128 0.0494458
185 105 64 128 0.141887
186 105 64 128 0.202052
187 105 64 128 0.213495
188 105 64 128 0.170913
189 105 64 128 0.127424
190 105 64 128 0.0828125
191 105 64 128 0.0470071
192 105 64 128 0.0301188
193 105 64 128 0.0345345
194 105 64 128 0.0446366
195 105 64 128 0.0544911
196 105 64 128 0.040317
197 105 64 128 0.0525208
198 105 64 128 0.0332392
199 105 64 128 0.0373315
200 105 64 128 0.0257236
201 105 64 128 0.0125548
183 106 64 128 0.0170196
184 106 64 128 0.0501861
185 106 64 128 0.131802
186 106 64 128 0.216147
187 106 64 128 0.184943
188 106 64 128 0.144909
189 106 64 128 0.104776
190 106 64 128 0.0815443
191 106 64 128 0.0430505
192 106 64 128 0.0375436
193 106 64 128 0.0367893
194 106 64 128 0.0607544
195 106 64 128 0.0578099
196 106 64 128 0.0555112
197 106 64 128 0.0619926
198 106 64 128 0.0423519
199 106 64 128 0.0299046
200 106 64 128 0.0225085
183 107 64 128 0.0232059
184 107 64 128 0.0613978
185 107 64 128 0.173647
186 107 64 128 0.23512
187 107 64 128 0.226475
188 107 64 128 0.167088
189 107 64 128 0.122809
190 107 64 128 0.0894964
191 107 64 128 0.0623041
192 107 64 128 0.0572317
193 107 64 128 0.0540472
194 107 64 128 0.0887221
195 107 64 128 0.0705392
196 107 64 128 0.0731171
197 107 64 128 0.0599786
198 107 64 128 0.0408198
199 107 64 128 0.0263744
200 107 64 128 0.0164065
183 108 64 128 0.0237848
184 108 64 128 0.0564968
185 108 64 128 0.145002
186 108 64 128 0.212026
187 108 64 128 0.195577
188 108 64 128 0.139415
189 108 64 128 0.0904695
190 108 64 128 0.0602816
191 108 64 128 0.062593
192 108 64 128 0.0548278
193 108 64 128 0.0579311
194 108 64 128 0.0912488
195 108 64 128 0.100177
196 108 64 128 0.0785809
197 108 64 128 0.0710143
198 108 64 128 0.0495008
199 108 64 128 0.0308628
200 108 64 128 0.0163792
183 109 64 128 0.0252548
184 109 64 128 0.0757787
185 109 64 128 0.170061
186 109 64 128 0.2255
187 109 64 128 0.197094
188 109 64 128 0.162094
189 109 64 128 0.120934
190 109 64 128 0.115274
191 109 64 128 0.108958
192 109 64 128 0.0899578
193 109 64 128 0.122811
194 109 64 128 0.155288
195 109 64 128 0.151378
196 109 64 128 0.0944704
197 109 64 128 0.0936754
198 109 64 128 0.0530986
199 109 64 128 0.0327345
200 109 64 128 0.0123935
183 110 64 128 0.0240931
184 110 64 128 0.0631991
185 110 64 128 0.129251
186 110 64 128 0.195865
187 110 64 128 0.159853
188 110 64 128 0.133527
189 110 64 128 0.105992
190 110 64 128 0.127319
191 110 64 128 0.116407
192 110 64 128 0.132694
193 110 64 128 0.197141
194 110 64 128 0.238077
195 110 64 128 0.191354
196 110 64 128 0.147759
197 110 64 128 0.145691
198 110 64 128 0.0835906
199 110 64 128 0.0385977
200 110 64 128 0.0148462
183 111 64 128 0.0354665
184 111 64 128 0.0855961
185 111 64 128 0.176282
186 111 64 128 0.212874
187 111 64 128 0.194989
188 111 64 128 0.195114
189 111 64 128 0.183558
190 111 64 128 0.20228
191 111 64 128 0.194896
192 111 64 128 0.216661
193 111 64 128 0.293351
194 111 64 128 0.335828
195 111 64 128 0.254275
196 111 64 128 0.192493
197 111 64 128 0.18625
198 111 64 128 0.0966532
199 111 64 128 0.0410275
200 111 64 128 0.0148513
