131 0 64 128 0.0106559
132 0 64 128 0.010809
133 0 64 128 0.0115216
134 0 64 128 0.0120371
135 0 64 128 0.0147186
136 0 64 128 0.0144703
137 0 64 128 0.0165829
138 0 64 128 0.01737
139 0 64 128 0.0202542
140 0 64 128 0.0197539
141 0 64 128 0.0208588
142 0 64 128 0.019796
143 0 64 128 0.0217591
144 0 64 128 0.0222276
145 0 64 128 0.0226988
146 0 64 128 0.0205552
147 0 64 128 0.0203257
148 0 64 128 0.0199772
149 0 64 128 0.0198072
150 0 64 128 0.0195707
151 0 64 128 0.0206311
152 0 64 128 0.0222024
153 0 64 128 0.0233297
154 0 64 128 0.0234693
155 0 64 128 0.0243119
156 0 64 128 0.0267088
157 0 64 128 0.0258652
158 0 64 128 0.0246551
159 0 64 128 0.0246433
160 0 64 128 0.0267514
161 0 64 128 0.0269631
162 0 64 128 0.0309052
163 0 64 128 0.040327
164 0 64 128 0.0457328
165 0 64 128 0.0501635
166 0 64 128 0.0513477
167 0 64 128 0.0534582
168 0 64 128 0.0560953
169 0 64 128 0.0583901
170 0 64 128 0.0546573
171 0 64 128 0.0507104
172 0 64 128 0.0530436
173 0 64 128 0.0601773
174 0 64 128 0.058258
175 0 64 128 0.0568125
176 0 64 128 0.0581234
177 0 64 128 0.0531198
178 0 64 128 0.048953
179 0 64 128 0.0447274
180 0 64 128 0.04062
181 0 64 128 0.0386168
182 0 64 128 0.0436653
183 0 64 128 0.0451876
184 0 64 128 0.0425583
185 0 64 128 0.0414529
186 0 64 128 0.042866
187 0 64 128 0.0445007
188 0 64 128 0.0491313
189 0 64 128 0.0441045
190 0 64 128 0.0450332
191 0 64 128 0.0421878
192 0 64 128 0.044745
193 0 64 128 0.0452136
194 0 64 128 0.0479297
195 0 64 128 0.0456779
196 0 64 128 0.0507464
197 0 64 128 0.0558214
198 0 64 128 0.0619155
199 0 64 128 0.0635088
200 0 64 128 0.0705627
201 0 64 128 0.072894
202 0 64 128 0.0772807
203 0 64 128 0.0791841
204 0 64 128 0.0883368
205 0 64 128 0.101186
206 0 64 128 0.122471
207 0 64 128 0.13533
208 0 64 128 0.162011
209 0 64 128 0.164027
210 0 64 128 0.158185
211 0 64 128 0.134555
212 0 64 128 0.129074
213 0 64 128 0.112616
214 0 64 128 0.118857
215 0 64 128 0.111307
216 0 64 128 0.111426
217 0 64 128 0.117839
218 0 64 128 0.132436
219 0 64 128 0.129308
220 0 64 128 0.140709
221 0 64 128 0.144735
222 0 64 128 0.155384
223 0 64 128 0.159694
224 0 64 128 0.149408
225 0 64 128 0.158845
226 0 64 128 0.15695
227 0 64 128 0.155943
228 0 64 128 0.144453
229 0 64 128 0.13501
230 0 64 128 0.107502
231 0 64 128 0.0963387
232 0 64 128 0.0992084
233 0 64 128 0.0923307
234 0 64 128 0.0897726
235 0 64 128 0.0867691
236 0 64 128 0.0731273
237 0 64 128 0.0661616
238 0 64 128 0.0606111
239 0 64 128 0.0619566
240 0 64 128 0.059569
241 0 64 128 0.0624647
242 0 64 128 0.0660024
243 0 64 128 0.0681222
244 0 64 128 0.0700142
245 0 64 128 0.0696398
246 0 64 128 0.0703973
247 0 64 128 0.0697547
248 0 64 128 0.0659555
249 0 64 128 0.0673897
250 0 64 128 0.0700547
251 0 64 128 0.0786155
252 0 64 128 0.0836223
253 0 64 128 0.0813561
254 0 64 128 0.084019
255 0 64 128 0.0871978
116 1 64 128 0.0106873
117 1 64 128 0.0107784
118 1 64 128 0.0101237
120 1 64 128 0.0101124
121 1 64 128 0.0103796
122 1 64 128 0.0103724
123 1 64 128 0.0109976
124 1 64 128 0.0118595
125 1 64 128 0.0132928
126 1 64 128 0.0142251
127 1 64 128 0.0154317
128 1 64 128 0.0160014
129 1 64 128 0.0158843
130 1 64 128 0.0150194
131 1 64 128 0.0150892
132 1 64 128 0.0156845
133 1 64 128 0.0187548
134 1 64 128 0.0199671
135 1 64 128 0.0219479
136 1 64 128 0.0229403
137 1 64 128 0.022015
138 1 64 128 0.0224284
139 1 64 128 0.0272724
140 1 64 128 0.0278962
141 1 64 128 0.0286492
142 1 64 128 0.0265294
143 1 64 128 0.0285192
144 1 64 128 0.0290364
145 1 64 128 0.0293959
146 1 64 128 0.0267542
147 1 64 128 0.0268399
148 1 64 128 0.0262208
149 1 64 128 0.0269487
150 1 64 128 0.027288
151 1 64 128 0.0337711
152 1 64 128 0.0380889
153 1 64 128 0.0430946
154 1 64 128 0.046416
155 1 64 128 0.0477905
156 1 64 128 0.0430813
157 1 64 128 0.0416879
158 1 64 128 0.0418513
159 1 64 128 0.0418065
160 1 64 128 0.0405272
161 1 64 128 0.0401383
162 1 64 128 0.0449267
163 1 64 128 0.052196
164 1 64 128 0.0573264
165 1 64 128 0.0617068
166 1 64 128 0.0611858
167 1 64 128 0.0630273
168 1 64 128 0.067858
169 1 64 128 0.0676049
170 1 64 128 0.0670308
171 1 64 128 0.0662961
172 1 64 128 0.0699791
173 1 64 128 0.0740285
174 1 64 128 0.0719814
175 1 64 128 0.0711624
176 1 64 128 0.0648134
177 1 64 128 0.0580554
178 1 64 128 0.0492089
179 1 64 128 0.0436374
180 1 64 128 0.039635
181 1 64 128 0.0390892
182 1 64 128 0.0417186
183 1 64 128 0.0439134
184 1 64 128 0.0435719
185 1 64 128 0.045063
186 1 64 128 0.050613
187 1 64 128 0.0551271
188 1 64 128 0.0580217
189 1 64 128 0.059128
190 1 64 128 0.0615332
191 1 64 128 0.0631164
192 1 64 128 0.0709881
193 1 64 128 0.0740921
194 1 64 128 0.0774527
195 1 64 128 0.0781215
196 1 64 128 0.0783112
197 1 64 128 0.0729549
198 1 64 128 0.0802778
199 1 64 128 0.0828644
200 1 64 128 0.0865342
201 1 64 128 0.0819266
202 1 64 128 0.0862103
203 1 64 128 0.088941
204 1 64 128 0.100874
205 1 64 128 0.112917
206 1 64 128 0.1349
207 1 64 128 0.144013
208 1 64 128 0.156031
209 1 64 128 0.159206
210 1 64 128 0.157922
211 1 64 128 0.131904
212 1 64 128 0.120927
213 1 64 128 0.106724
214 1 64 128 0.116035
215 1 64 128 0.110331
216 1 64 128 0.11245
217 1 64 128 0.120124
218 1 64 128 0.132289
219 1 64 128 0.122303
220 1 64 128 0.127564
221 1 64 128 0.133304
222 1 64 128 0.138224
223 1 64 128 0.138434
224 1 64 128 0.142032
225 1 64 128 0.152693
226 1 64 128 0.160314
227 1 64 128 0.169018
228 1 64 128 0.15536
229 1 64 128 0.136037
230 1 64 128 0.120712
231 1 64 128 0.108881
232 1 64 128 0.111699
233 1 64 128 0.0979609
234 1 64 128 0.0923216
235 1 64 128 0.0861191
236 1 64 128 0.0709521
237 1 64 128 0.0613767
238 1 64 128 0.0536617
239 1 64 128 0.0491239
240 1 64 128 0.0482466
241 1 64 128 0.0451775
242 1 64 128 0.0442384
243 1 64 128 0.0431298
244 1 64 128 0.0404129
245 1 64 128 0.0420979
246 1 64 128 0.0424364
247 1 64 128 0.0450024
248 1 64 128 0.0433421
249 1 64 128 0.0438263
250 1 64 128 0.0441671
251 1 64 128 0.0514204
252 1 64 128 0.0579655
253 1 64 128 0.0549698
254 1 64 128 0.0532192
255 1 64 128 0.0555158
114 2 64 128 0.0105062
115 2 64 128 0.0109616
116 2 64 128 0.011972
117 2 64 128 0.011089
118 2 64 128 0.0107878
120 2 64 128 0.0104033
121 2 64 128 0.0116955
122 2 64 128 0.0124989
123 2 64 128 0.0125393
124 2 64 128 0.0135884
125 2 64 128 0.0161506
126 2 64 128 0.0161528
127 2 64 128 0.0159058
128 2 64 128 0.0156489
129 2 64 128 0.0162598
130 2 64 128 0.016256
131 2 64 128 0.018467
132 2 64 128 0.0200249
133 2 64 128 0.0239693
134 2 64 128 0.0258033
135 2 64 128 0.0271567
136 2 64 128 0.0276251
137 2 64 128 0.0287371
138 2 64 128 0.028058
139 2 64 128 0.031298
140 2 64 128 0.0298086
141 2 64 128 0.03162
142 2 64 128 0.0273838
143 2 64 128 0.0276322
144 2 64 128 0.0272805
145 2 64 128 0.0282537
146 2 64 128 0.0295486
147 2 64 128 0.0312866
148 2 64 128 0.0350488
149 2 64 128 0.03648
150 2 64 128 0.0367168
151 2 64 128 0.0430992
152 2 64 128 0.0498043
153 2 64 128 0.0576412
154 2 64 128 0.0625828
155 2 64 128 0.0683656
156 2 64 128 0.0707363
157 2 64 128 0.0596532
158 2 64 128 0.060142
159 2 64 128 0.0593997
160 2 64 128 0.0540521
161 2 64 128 0.0513821
162 2 64 128 0.0532977
163 2 64 128 0.0583931
164 2 64 128 0.0567978
165 2 64 128 0.0533539
166 2 64 128 0.0531786
167 2 64 128 0.0550443
168 2 64 128 0.0494138
169 2 64 128 0.046651
170 2 64 128 0.0453827
171 2 64 128 0.0424531
172 2 64 128 0.0443045
173 2 64 128 0.0553804
174 2 64 128 0.0567432
175 2 64 128 0.058362
176 2 64 128 0.054151
177 2 64 128 0.0526304
178 2 64 128 0.0452011
179 2 64 128 0.0435632
180 2 64 128 0.0438372
181 2 64 128 0.0476356
182 2 64 128 0.0480914
183 2 64 128 0.0495126
184 2 64 128 0.055816
185 2 64 128 0.0546225
186 2 64 128 0.0568725
187 2 64 128 0.0610838
188 2 64 128 0.0653829
189 2 64 128 0.0595768
190 2 64 128 0.0589039
191 2 64 128 0.0592338
192 2 64 128 0.0638517
193 2 64 128 0.0571597
194 2 64 128 0.055279
195 2 64 128 0.0560572
196 2 64 128 0.0565791
197 2 64 128 0.049349
198 2 64 128 0.0501103
199 2 64 128 0.0494009
200 2 64 128 0.0529573
201 2 64 128 0.0479326
202 2 64 128 0.0523506
203 2 64 128 0.0508973
204 2 64 128 0.0592213
205 2 64 128 0.0671906
206 2 64 128 0.0834904
207 2 64 128 0.0910012
208 2 64 128 0.0964162
209 2 64 128 0.0976683
210 2 64 128 0.0983623
211 2 64 128 0.0892601
212 2 64 128 0.0878787
213 2 64 128 0.0750089
214 2 64 128 0.0877241
215 2 64 128 0.0892186
216 2 64 128 0.103236
217 2 64 128 0.115792
218 2 64 128 0.127386
219 2 64 128 0.124173
220 2 64 128 0.127338
221 2 64 128 0.141132
222 2 64 128 0.138184
223 2 64 128 0.130662
224 2 64 128 0.135352
225 2 64 128 0.139937
226 2 64 128 0.126339
227 2 64 128 0.12806
228 2 64 128 0.115647
229 2 64 128 0.0968619
230 2 64 128 0.0821986
231 2 64 128 0.0719074
232 2 64 128 0.0645566
233 2 64 128 0.0540923
234 2 64 128 0.0478805
235 2 64 128 0.0394137
236 2 64 128 0.029244
237 2 64 128 0.0250169
238 2 64 128 0.0209308
239 2 64 128 0.0183605
240 2 64 128 0.0175609
241 2 64 128 0.0161828
242 2 64 128 0.016436
243 2 64 128 0.0156098
244 2 64 128 0.0151048
245 2 64 128 0.0163242
246 2 64 128 0.0159015
247 2 64 128 0.01743
248 2 64 128 0.0161501
249 2 64 128 0.0178553
250 2 64 128 0.020024
251 2 64 128 0.022681
252 2 64 128 0.0252599
253 2 64 128 0.0246868
254 2 64 128 0.0250844
255 2 64 128 0.0250161
113 3 64 128 0.0107679
114 3 64 128 0.0131159
115 3 64 128 0.0135257
116 3 64 128 0.0135575
117 3 64 128 0.0120918
118 3 64 128 0.0126752
119 3 64 128 0.0120229
120 3 64 128 0.0133203
121 3 64 128 0.0146519
122 3 64 128 0.0155532
123 3 64 128 0.0156613
124 3 64 128 0.0175742
125 3 64 128 0.0182646
126 3 64 128 0.0176114
127 3 64 128 0.0185395
128 3 64 128 0.0183081
129 3 64 128 0.0169322
130 3 64 128 0.0180796
131 3 64 128 0.0195902
132 3 64 128 0.022631
133 3 64 128 0.0252735
134 3 64 128 0.0293131
135 3 64 128 0.0313066
136 3 64 128 0.0356585
137 3 64 128 0.0360492
138 3 64 128 0.0378539
139 3 64 128 0.0401872
140 3 64 128 0.036442
141 3 64 128 0.0379663
142 3 64 128 0.0348332
143 3 64 128 0.0323533
144 3 64 128 0.0338618
145 3 64 128 0.0348829
146 3 64 128 0.0362216
147 3 64 128 0.0355419
148 3 64 128 0.039722
149 3 64 128 0.0498823
150 3 64 128 0.0516596
151 3 64 128 0.0603098
152 3 64 128 0.0686
153 3 64 128 0.0873475
154 3 64 128 0.0921117
155 3 64 128 0.0940462
156 3 64 128 0.0976543
157 3 64 128 0.0880127
158 3 64 128 0.0789697
159 3 64 128 0.0669127
160 3 64 128 0.0632209
161 3 64 128 0.0587297
162 3 64 128 0.0554436
163 3 64 128 0.0522344
164 3 64 128 0.0506334
165 3 64 128 0.0513364
166 3 64 128 0.0492837
167 3 64 128 0.0492107
168 3 64 128 0.0497079
169 3 64 128 0.0497708
170 3 64 128 0.0530036
171 3 64 128 0.0531896
172 3 64 128 0.0535167
173 3 64 128 0.0612964
174 3 64 128 0.0599687
175 3 64 128 0.0628948
176 3 64 128 0.0559261
177 3 64 128 0.055033
178 3 64 128 0.0457729
179 3 64 128 0.0477184
180 3 64 128 0.0445351
181 3 64 128 0.0430451
182 3 64 128 0.0399592
183 3 64 128 0.040299
184 3 64 128 0.0416542
185 3 64 128 0.0428777
186 3 64 128 0.0409854
187 3 64 128 0.0454063
188 3 64 128 0.0458349
189 3 64 128 0.0451507
190 3 64 128 0.0436632
191 3 64 128 0.0420836
192 3 64 128 0.0408411
193 3 64 128 0.0379842
194 3 64 128 0.0356623
195 3 64 128 0.0333183
196 3 64 128 0.0321291
197 3 64 128 0.0266042
198 3 64 128 0.0256145
199 3 64 128 0.0241251
200 3 64 128 0.0268934
201 3 64 128 0.0256348
202 3 64 128 0.0286294
203 3 64 128 0.0286855
204 3 64 128 0.0342072
205 3 64 128 0.0368491
206 3 64 128 0.0478626
207 3 64 128 0.0590517
208 3 64 128 0.064188
209 3 64 128 0.0594327
210 3 64 128 0.0593533
211 3 64 128 0.0520278
212 3 64 128 0.0506226
213 3 64 128 0.0467957
214 3 64 128 0.0529135
215 3 64 128 0.0530097
216 3 64 128 0.0584614
217 3 64 128 0.064411
218 3 64 128 0.0730852
219 3 64 128 0.0687923
220 3 64 128 0.0773092
221 3 64 128 0.0806577
222 3 64 128 0.083501
223 3 64 128 0.0867848
224 3 64 128 0.0884893
225 3 64 128 0.0869236
226 3 64 128 0.0821455
227 3 64 128 0.0835023
228 3 64 128 0.07741
229 3 64 128 0.0654761
230 3 64 128 0.0582587
231 3 64 128 0.0479883
232 3 64 128 0.0427025
233 3 64 128 0.0347508
234 3 64 128 0.0335063
235 3 64 128 0.0297072
236 3 64 128 0.0220486
237 3 64 128 0.0183626
238 3 64 128 0.0167354
239 3 64 128 0.0143315
240 3 64 128 0.012018
241 3 64 128 0.0114305
242 3 64 128 0.0103234
245 3 64 128 0.0100122
246 3 64 128 0.0101888
247 3 64 128 0.0103427
249 3 64 128 0.0105235
250 3 64 128 0.0121809
251 3 64 128 0.01336
252 3 64 128 0.013487
253 3 64 128 0.0128536
254 3 64 128 0.0131418
255 3 64 128 0.0131125
114 4 64 128 0.0117161
115 4 64 128 0.0120953
116 4 64 128 0.0121266
117 4 64 128 0.0120192
118 4 64 128 0.0117995
119 4 64 128 0.0133671
120 4 64 128 0.0147415
121 4 64 128 0.0166246
122 4 64 128 0.0181295
123 4 64 128 0.0199204
124 4 64 128 0.0211456
125 4 64 128 0.0220841
126 4 64 128 0.0214504
127 4 64 128 0.0223988
128 4 64 128 0.0205743
129 4 64 128 0.0199078
130 4 64 128 0.0211612
131 4 64 128 0.0225821
132 4 64 128 0.0236495
133 4 64 128 0.0291742
134 4 64 128 0.032101
135 4 64 128 0.0379584
136 4 64 128 0.0415095
137 4 64 128 0.0408624
138 4 64 128 0.0439309
139 4 64 128 0.0466663
140 4 64 128 0.0385014
141 4 64 128 0.0379022
142 4 64 128 0.0341527
143 4 64 128 0.03283
144 4 64 128 0.033115
145 4 64 128 0.0339081
146 4 64 128 0.0322158
147 4 64 128 0.0332509
148 4 64 128 0.0321798
149 4 64 128 0.0353681
150 4 64 128 0.0340408
151 4 64 128 0.0451283
152 4 64 128 0.0538148
153 4 64 128 0.0660733
154 4 64 128 0.06541
155 4 64 128 0.0732164
156 4 64 128 0.0841899
157 4 64 128 0.08633
158 4 64 128 0.0754309
159 4 64 128 0.066323
160 4 64 128 0.0594898
161 4 64 128 0.0520487
162 4 64 128 0.0454779
163 4 64 128 0.0469523
164 4 64 128 0.0448973
165 4 64 128 0.0430459
166 4 64 128 0.0363692
167 4 64 128 0.035235
168 4 64 128 0.031516
169 4 64 128 0.0304176
170 4 64 128 0.0293551
171 4 64 128 0.0289854
172 4 64 128 0.0298505
173 4 64 128 0.0321925
174 4 64 128 0.0301103
175 4 64 128 0.0309952
176 4 64 128 0.0285897
177 4 64 128 0.0282099
178 4 64 128 0.0252115
179 4 64 128 0.025423
180 4 64 128 0.0222335
181 4 64 128 0.0202583
182 4 64 128 0.0194607
183 4 64 128 0.0209553
184 4 64 128 0.020448
185 4 64 128 0.0211063
186 4 64 128 0.0231989
187 4 64 128 0.0230991
188 4 64 128 0.0251461
189 4 64 128 0.0220179
190 4 64 128 0.0205762
191 4 64 128 0.0215577
192 4 64 128 0.0199356
193 4 64 128 0.0162436
194 4 64 128 0.0154203
195 4 64 128 0.0133915
196 4 64 128 0.01286
197 4 64 128 0.0113498
198 4 64 128 0.0112481
199 4 64 128 0.0108487
200 4 64 128 0.0117962
201 4 64 128 0.0120329
202 4 64 128 0.0124832
203 4 64 128 0.0126506
204 4 64 128 0.014036
205 4 64 128 0.0170675
206 4 64 128 0.0212486
207 4 64 128 0.0253634
208 4 64 128 0.0316929
209 4 64 128 0.0308355
210 4 64 128 0.0326133
211 4 64 128 0.0264303
212 4 64 128 0.0263047
213 4 64 128 0.0259564
214 4 64 128 0.028212
215 4 64 128 0.0316647
216 4 64 128 0.0351335
217 4 64 128 0.0400207
218 4 64 128 0.0453906
219 4 64 128 0.047167
220 4 64 128 0.0513209
221 4 64 128 0.0546968
222 4 64 128 0.0558085
223 4 64 128 0.0611335
224 4 64 128 0.0618831
225 4 64 128 0.0628952
226 4 64 128 0.0551101
227 4 64 128 0.0553624
228 4 64 128 0.0466066
229 4 64 128 0.0402343
230 4 64 128 0.0299396
231 4 64 128 0.026089
232 4 64 128 0.023506
233 4 64 128 0.0197563
234 4 64 128 0.0175669
235 4 64 128 0.0160777
236 4 64 128 0.0119709
113 5 64 128 0.0108
114 5 64 128 0.0137829
115 5 64 128 0.0147648
116 5 64 128 0.0152491
117 5 64 128 0.0155623
118 5 64 128 0.0169235
119 5 64 128 0.0171956
120 5 64 128 0.0192976
121 5 64 128 0.0198796
122 5 64 128 0.022164
123 5 64 128 0.0225523
124 5 64 128 0.0233547
125 5 64 128 0.02081
126 5 64 128 0.0189221
127 5 64 128 0.0167825
128 5 64 128 0.0148226
129 5 64 128 0.0126317
130 5 64 128 0.011639
131 5 64 128 0.0118008
132 5 64 128 0.0117157
133 5 64 128 0.0128994
134 5 64 128 0.0146697
135 5 64 128 0.0169764
136 5 64 128 0.0186096
137 5 64 128 0.0184371
138 5 64 128 0.0184964
139 5 64 128 0.0193459
140 5 64 128 0.0174439
141 5 64 128 0.0148875
142 5 64 128 0.0136077
143 5 64 128 0.0120945
144 5 64 128 0.0108828
145 5 64 128 0.0111146
146 5 64 128 0.0113731
147 5 64 128 0.0128469
148 5 64 128 0.0126371
149 5 64 128 0.0134862
150 5 64 128 0.0129534
151 5 64 128 0.0190845
152 5 64 128 0.0223895
153 5 64 128 0.0284635
154 5 64 128 0.0312438
155 5 64 128 0.0365362
156 5 64 128 0.0443624
157 5 64 128 0.0468755
158 5 64 128 0.0481474
159 5 64 128 0.0468393
160 5 64 128 0.0423044
161 5 64 128 0.0349328
162 5 64 128 0.0337265
163 5 64 128 0.0340305
164 5 64 128 0.0291797
165 5 64 128 0.0297102
166 5 64 128 0.0285101
167 5 64 128 0.0278671
168 5 64 128 0.0251441
169 5 64 128 0.0224854
170 5 64 128 0.0213783
171 5 64 128 0.0223804
172 5 64 128 0.0225835
173 5 64 128 0.0238247
174 5 64 128 0.022538
175 5 64 128 0.0237109
176 5 64 128 0.0196314
177 5 64 128 0.0175899
178 5 64 128 0.0158219
179 5 64 128 0.0147154
180 5 64 128 0.0134667
181 5 64 128 0.011557
182 5 64 128 0.0111485
183 5 64 128 0.0117401
184 5 64 128 0.010046
186 5 64 128 0.0104803
187 5 64 128 0.0100999
188 5 64 128 0.0102725
189 5 64 128 0.0105946
191 5 64 128 0.0103223
192 5 64 128 0.0110682
204 5 64 128 0.0105286
205 5 64 128 0.0119605
206 5 64 128 0.0155528
207 5 64 128 0.016789
208 5 64 128 0.0201091
209 5 64 128 0.019256
210 5 64 128 0.0202867
211 5 64 128 0.0151392
212 5 64 128 0.0149551
213 5 64 128 0.0164807
214 5 64 128 0.0179547
215 5 64 128 0.0197655
216 5 64 128 0.0228348
217 5 64 128 0.0263304
218 5 64 128 0.0300803
219 5 64 128 0.027534
220 5 64 128 0.0294925
221 5 64 128 0.0299204
222 5 64 128 0.0318065
223 5 64 128 0.0325001
224 5 64 128 0.0357142
225 5 64 128 0.0355288
226 5 64 128 0.0347059
227 5 64 128 0.0337526
228 5 64 128 0.0312731
229 5 64 128 0.0282511
230 5 64 128 0.0244715
231 5 64 128 0.0213771
232 5 64 128 0.0200531
233 5 64 128 0.0182879
234 5 64 128 0.015755
235 5 64 128 0.0128052
117 6 64 128 0.0100548
118 6 64 128 0.0102267
119 6 64 128 0.0104699
120 6 64 128 0.0112417
121 6 64 128 0.0123063
122 6 64 128 0.0131614
123 6 64 128 0.0134664
124 6 64 128 0.0136952
125 6 64 128 0.0121125
126 6 64 128 0.0112582
138 6 64 128 0.0101336
152 6 64 128 0.0116768
153 6 64 128 0.0160582
154 6 64 128 0.0184488
155 6 64 128 0.0240236
156 6 64 128 0.0325311
157 6 64 128 0.035624
158 6 64 128 0.0339172
159 6 64 128 0.0341057
160 6 64 128 0.0323483
161 6 64 128 0.0268384
162 6 64 128 0.0222568
163 6 64 128 0.018504
164 6 64 128 0.0153611
165 6 64 128 0.01477
166 6 64 128 0.0130094
167 6 64 128 0.0122977
168 6 64 128 0.0102474
173 6 64 128 0.0109601
175 6 64 128 0.01084
215 6 64 128 0.0107614
216 6 64 128 0.0121121
217 6 64 128 0.0147354
218 6 64 128 0.0175891
219 6 64 128 0.0184268
220 6 64 128 0.0184349
221 6 64 128 0.0190754
222 6 64 128 0.0208065
223 6 64 128 0.0230172
224 6 64 128 0.0217623
225 6 64 128 0.0205989
226 6 64 128 0.0192285
227 6 64 128 0.0199292
228 6 64 128 0.0164146
229 6 64 128 0.0139537
230 6 64 128 0.0117762
231 6 64 128 0.0101183
155 7 64 128 0.0107943
156 7 64 128 0.0146956
157 7 64 128 0.0182262
158 7 64 128 0.019938
159 7 64 128 0.0202054
160 7 64 128 0.0203978
161 7 64 128 0.0187397
162 7 64 128 0.0168813
163 7 64 128 0.0140313
164 7 64 128 0.0121031
165 7 64 128 0.0107208
157 8 64 128 0.0107824
158 8 64 128 0.0119813
159 8 64 128 0.0126479
160 8 64 128 0.0145521
161 8 64 128 0.0134728
162 8 64 128 0.0113296
163 8 64 128 0.0105576
203 34 64 128 0.0132407
204 34 64 128 0.0157382
205 34 64 128 0.0220545
206 34 64 128 0.0175566
207 34 64 128 0.0140478
208 34 64 128 0.012286
203 35 64 128 0.0123596
204 35 64 128 0.0167571
205 35 64 128 0.0236727
206 35 64 128 0.0208431
207 35 64 128 0.0165004
208 35 64 128 0.0138477
202 36 64 128 0.0115391
203 36 64 128 0.0158016
204 36 64 128 0.0201859
205 36 64 128 0.0290663
206 36 64 128 0.0243477
207 36 64 128 0.0251318
208 36 64 128 0.0210306
209 36 64 128 0.01372
205 37 64 128 0.0106981
206 37 64 128 0.0102638
205 38 64 128 0.0101874
