85 31 98 196 0.010918
87 31 98 196 0.0104561
88 31 98 196 0.0122797
89 31 98 196 0.012562
90 31 98 196 0.0154125
91 31 98 196 0.0180753
92 31 98 196 0.0148129
84 32 98 196 0.0100509
85 32 98 196 0.0116052
86 32 98 196 0.0103169
87 32 98 196 0.0116331
88 32 98 196 0.013969
89 32 98 196 0.0147348
90 32 98 196 0.0195728
91 32 98 196 0.0240878
92 32 98 196 0.0197536
93 32 98 196 0.0112908
84 33 98 196 0.0143575
85 33 98 196 0.0163081
86 33 98 196 0.0158208
87 33 98 196 0.0187367
88 33 98 196 0.025179
89 33 98 196 0.0328877
90 33 98 196 0.0425649
91 33 98 196 0.0473907
92 33 98 196 0.0390514
93 33 98 196 0.0232054
83 34 98 196 0.0137026
84 34 98 196 0.0194724
85 34 98 196 0.0219785
86 34 98 196 0.0220511
87 34 98 196 0.0267544
88 34 98 196 0.0378736
89 34 98 196 0.0526693
90 34 98 196 0.0659495
91 34 98 196 0.0714346
92 34 98 196 0.0635253
93 34 98 196 0.0410967
94 34 98 196 0.0161704
83 35 98 196 0.0133814
84 35 98 196 0.0192157
85 35 98 196 0.0212758
86 35 98 196 0.0205401
87 35 98 196 0.0258382
88 35 98 196 0.03709
89 35 98 196 0.0496132
90 35 98 196 0.0618137
91 35 98 196 0.072623
92 35 98 196 0.0766382
93 35 98 196 0.0562372
94 35 98 196 0.0230853
83 36 98 196 0.0118676
84 36 98 196 0.017982
85 36 98 196 0.0198953
86 36 98 196 0.0182769
87 36 98 196 0.0257035
88 36 98 196 0.0384598
89 36 98 196 0.0497063
90 36 98 196 0.0697463
91 36 98 196 0.0931804
92 36 98 196 0.101519
93 36 98 196 0.0791276
94 36 98 196 0.0398267
95 36 98 196 0.015556
84 37 98 196 0.0159467
85 37 98 196 0.0179555
86 37 98 196 0.0161618
87 37 98 196 0.0249307
88 37 98 196 0.0388985
89 37 98 196 0.0513176
90 37 98 196 0.0810787
91 37 98 196 0.113879
92 37 98 196 0.117747
93 37 98 196 0.0920471
94 37 98 196 0.0528901
95 37 98 196 0.0221577
85 38 98 196 0.01078
87 38 98 196 0.0138191
88 38 98 196 0.0217648
89 38 98 196 0.0303905
90 38 98 196 0.0516659
91 38 98 196 0.0758113
92 38 98 196 0.081115
93 38 98 196 0.0647032
94 38 98 196 0.0374555
95 38 98 196 0.0162169
111 38 98 196 0.010573
112 38 98 196 0.0103455
149 38 98 196 0.0108644
150 38 98 196 0.0118537
89 39 98 196 0.0110096
90 39 98 196 0.021222
91 39 98 196 0.0341126
92 39 98 196 0.0404972
93 39 98 196 0.0337877
94 39 98 196 0.0191712
111 39 98 196 0.0115972
112 39 98 196 0.0113101
149 39 98 196 0.0190505
150 39 98 196 0.0213604
151 39 98 196 0.0128223
90 40 98 196 0.0120626
91 40 98 196 0.0201004
92 40 98 196 0.0235907
93 40 98 196 0.0200472
94 40 98 196 0.0124893
111 40 98 196 0.0111681
112 40 98 196 0.0106596
148 40 98 196 0.0108688
149 40 98 196 0.0292902
150 40 98 196 0.0337482
151 40 98 196 0.0209327
152 40 98 196 0.0115876
92 41 98 196 0.0105963
110 41 98 196 0.0105408
111 41 98 196 0.0125477
112 41 98 196 0.0122778
113 41 98 196 0.0110505
148 41 98 196 0.014402
149 41 98 196 0.0392644
150 41 98 196 0.044296
151 41 98 196 0.0257033
152 41 98 196 0.0134228
148 42 98 196 0.0108449
149 42 98 196 0.0295264
150 42 98 196 0.0327103
151 42 98 196 0.0179987
109 32 85 170 0.0108206
110 32 85 170 0.0116638
111 32 85 170 0.0116035
112 32 85 170 0.0104883
108 33 85 170 0.0120259
109 33 85 170 0.0175898
110 33 85 170 0.0168745
111 33 85 170 0.0141693
112 33 85 170 0.0149389
107 34 85 170 0.01027
108 34 85 170 0.0223591
109 34 85 170 0.0372159
110 34 85 170 0.042576
111 34 85 170 0.0390725
112 34 85 170 0.0340056
113 34 85 170 0.0229515
114 34 85 170 0.0158797
115 34 85 170 0.0137966
116 34 85 170 0.0121276
117 34 85 170 0.0182494
118 34 85 170 0.0188038
119 34 85 170 0.0127732
107 35 85 170 0.0146567
108 35 85 170 0.0351297
109 35 85 170 0.0609527
110 35 85 170 0.0722843
111 35 85 170 0.065574
112 35 85 170 0.0520242
113 35 85 170 0.0376301
114 35 85 170 0.0312471
115 35 85 170 0.0283073
116 35 85 170 0.024009
117 35 85 170 0.03359
118 35 85 170 0.0339228
119 35 85 170 0.0225391
120 35 85 170 0.0163013
81 36 85 170 0.0106454
82 36 85 170 0.0125166
83 36 85 170 0.0125072
106 36 85 170 0.0103753
107 36 85 170 0.0205408
108 36 85 170 0.0483886
109 36 85 170 0.0883496
110 36 85 170 0.101069
111 36 85 170 0.085279
112 36 85 170 0.0690311
113 36 85 170 0.0534965
114 36 85 170 0.0508885
115 36 85 170 0.0500555
116 36 85 170 0.040044
117 36 85 170 0.051705
118 36 85 170 0.0488872
119 36 85 170 0.0291058
120 36 85 170 0.021134
73 37 85 170 0.0124316
74 37 85 170 0.0171
75 37 85 170 0.0177537
76 37 85 170 0.0186332
77 37 85 170 0.0176484
78 37 85 170 0.0214284
79 37 85 170 0.0278262
80 37 85 170 0.0300965
81 37 85 170 0.0317399
82 37 85 170 0.0395502
83 37 85 170 0.0426939
84 37 85 170 0.030311
85 37 85 170 0.0178495
105 37 85 170 0.0120545
106 37 85 170 0.0182675
107 37 85 170 0.0321907
108 37 85 170 0.070284
109 37 85 170 0.141001
110 37 85 170 0.167505
111 37 85 170 0.146526
112 37 85 170 0.127877
113 37 85 170 0.0936387
114 37 85 170 0.0839374
115 37 85 170 0.0881279
116 37 85 170 0.0744695
117 37 85 170 0.0891943
118 37 85 170 0.0813539
119 37 85 170 0.0485334
120 37 85 170 0.0337227
121 37 85 170 0.0149258
73 38 85 170 0.0182435
74 38 85 170 0.0274419
75 38 85 170 0.0306355
76 38 85 170 0.0328195
77 38 85 170 0.0329758
78 38 85 170 0.0403436
79 38 85 170 0.050851
80 38 85 170 0.0537764
81 38 85 170 0.0538149
82 38 85 170 0.0651127
83 38 85 170 0.0708805
84 38 85 170 0.0513669
85 38 85 170 0.0301872
86 38 85 170 0.0139443
99 38 85 170 0.010314
100 38 85 170 0.0121418
101 38 85 170 0.01003
104 38 85 170 0.0105739
105 38 85 170 0.0147962
106 38 85 170 0.0207475
107 38 85 170 0.0323169
108 38 85 170 0.0663036
109 38 85 170 0.138076
110 38 85 170 0.163027
111 38 85 170 0.142178
112 38 85 170 0.132289
113 38 85 170 0.0996651
114 38 85 170 0.0902764
115 38 85 170 0.0975851
116 38 85 170 0.0834841
117 38 85 170 0.089181
118 38 85 170 0.0783459
119 38 85 170 0.0493076
120 38 85 170 0.0342958
121 38 85 170 0.015338
73 39 85 170 0.0176598
74 39 85 170 0.0286408
75 39 85 170 0.034491
76 39 85 170 0.0393347
77 39 85 170 0.0420515
78 39 85 170 0.0508605
79 39 85 170 0.0646644
80 39 85 170 0.0746092
81 39 85 170 0.0807273
82 39 85 170 0.102669
83 39 85 170 0.114719
84 39 85 170 0.0868118
85 39 85 170 0.0552639
86 39 85 170 0.0268159
98 39 85 170 0.0117943
99 39 85 170 0.0177065
100 39 85 170 0.0194596
101 39 85 170 0.0146465
102 39 85 170 0.0109166
103 39 85 170 0.0106558
104 39 85 170 0.0113927
105 39 85 170 0.0149158
106 39 85 170 0.0186288
107 39 85 170 0.0275158
108 39 85 170 0.0551593
109 39 85 170 0.106156
110 39 85 170 0.132096
111 39 85 170 0.130248
112 39 85 170 0.129085
113 39 85 170 0.113517
114 39 85 170 0.114329
115 39 85 170 0.123265
116 39 85 170 0.11413
117 39 85 170 0.118446
118 39 85 170 0.10048
119 39 85 170 0.0621088
120 39 85 170 0.0388081
121 39 85 170 0.0173036
73 40 85 170 0.0103769
74 40 85 170 0.0181141
75 40 85 170 0.0249215
76 40 85 170 0.0329508
77 40 85 170 0.0384216
78 40 85 170 0.0457215
79 40 85 170 0.0620013
80 40 85 170 0.0858155
81 40 85 170 0.106934
82 40 85 170 0.148802
83 40 85 170 0.173843
84 40 85 170 0.138793
85 40 85 170 0.0943192
86 40 85 170 0.0485261
87 40 85 170 0.0192865
88 40 85 170 0.0190985
89 40 85 170 0.0136427
93 40 85 170 0.0114772
94 40 85 170 0.0140996
95 40 85 170 0.0136595
96 40 85 170 0.0136073
97 40 85 170 0.0156842
98 40 85 170 0.0219401
99 40 85 170 0.027688
100 40 85 170 0.0259861
101 40 85 170 0.0185551
102 40 85 170 0.0140166
103 40 85 170 0.0124779
104 40 85 170 0.010507
105 40 85 170 0.0137486
106 40 85 170 0.0169912
107 40 85 170 0.0284375
108 40 85 170 0.0599418
109 40 85 170 0.100572
110 40 85 170 0.145289
111 40 85 170 0.173236
112 40 85 170 0.169783
113 40 85 170 0.16558
114 40 85 170 0.176373
115 40 85 170 0.188641
116 40 85 170 0.192677
117 40 85 170 0.211104
118 40 85 170 0.177969
119 40 85 170 0.104198
120 40 85 170 0.0586042
121 40 85 170 0.0254123
74 41 85 170 0.0104621
75 41 85 170 0.0155932
76 41 85 170 0.0231652
77 41 85 170 0.0281284
78 41 85 170 0.038089
79 41 85 170 0.0556783
80 41 85 170 0.0757158
81 41 85 170 0.0974329
82 41 85 170 0.142057
83 41 85 170 0.178744
84 41 85 170 0.16225
85 41 85 170 0.113147
86 41 85 170 0.0574133
87 41 85 170 0.0249656
88 41 85 170 0.0233134
89 41 85 170 0.0169497
90 41 85 170 0.0126995
91 41 85 170 0.0140542
92 41 85 170 0.014639
93 41 85 170 0.0186891
94 41 85 170 0.0228025
95 41 85 170 0.0240902
96 41 85 170 0.0243362
97 41 85 170 0.0272495
98 41 85 170 0.0291517
99 41 85 170 0.0302362
100 41 85 170 0.0301033
101 41 85 170 0.0202189
102 41 85 170 0.0137564
103 41 85 170 0.0123242
106 41 85 170 0.0112416
107 41 85 170 0.0187717
108 41 85 170 0.0390381
109 41 85 170 0.0645194
110 41 85 170 0.0955954
111 41 85 170 0.116637
112 41 85 170 0.119707
113 41 85 170 0.139614
114 41 85 170 0.16179
115 41 85 170 0.181395
116 41 85 170 0.205486
117 41 85 170 0.209849
118 41 85 170 0.166599
119 41 85 170 0.100261
120 41 85 170 0.0558313
121 41 85 170 0.0244462
75 42 85 170 0.0126423
76 42 85 170 0.0196722
77 42 85 170 0.0231175
78 42 85 170 0.0373802
79 42 85 170 0.0600979
80 42 85 170 0.0766779
81 42 85 170 0.0931856
82 42 85 170 0.150199
83 42 85 170 0.208777
84 42 85 170 0.202407
85 42 85 170 0.152392
86 42 85 170 0.0813016
87 42 85 170 0.0352469
88 42 85 170 0.0356465
89 42 85 170 0.0265282
90 42 85 170 0.0202118
91 42 85 170 0.0216738
92 42 85 170 0.0213944
93 42 85 170 0.0308199
94 42 85 170 0.0354897
95 42 85 170 0.0326757
96 42 85 170 0.0324736
97 42 85 170 0.0340168
98 42 85 170 0.0331268
99 42 85 170 0.031003
100 42 85 170 0.0282374
101 42 85 170 0.0175576
102 42 85 170 0.0108953
108 42 85 170 0.0188192
109 42 85 170 0.0316576
110 42 85 170 0.0474461
111 42 85 170 0.0614637
112 42 85 170 0.0731984
113 42 85 170 0.0976049
114 42 85 170 0.13301
115 42 85 170 0.176321
116 42 85 170 0.216547
117 42 85 170 0.22018
118 42 85 170 0.178695
119 42 85 170 0.11872
120 42 85 170 0.071171
121 42 85 170 0.0314491
122 42 85 170 0.0110455
75 43 85 170 0.0106751
76 43 85 170 0.0166748
77 43 85 170 0.0198832
78 43 85 170 0.0322369
79 43 85 170 0.0548062
80 43 85 170 0.0743658
81 43 85 170 0.0883306
82 43 85 170 0.152686
83 43 85 170 0.22162
84 43 85 170 0.215494
85 43 85 170 0.171534
86 43 85 170 0.0953951
87 43 85 170 0.0404417
88 43 85 170 0.0445362
89 43 85 170 0.0331059
90 43 85 170 0.0253932
91 43 85 170 0.0273199
92 43 85 170 0.0257005
93 43 85 170 0.0409219
94 43 85 170 0.0450369
95 43 85 170 0.0360908
96 43 85 170 0.0340535
97 43 85 170 0.0313399
98 43 85 170 0.0310063
99 43 85 170 0.0298183
100 43 85 170 0.0213823
101 43 85 170 0.0119344
109 43 85 170 0.0161446
110 43 85 170 0.0260657
111 43 85 170 0.039095
112 43 85 170 0.0510744
113 43 85 170 0.0630411
114 43 85 170 0.0989557
115 43 85 170 0.149755
116 43 85 170 0.185196
117 43 85 170 0.202464
118 43 85 170 0.175208
119 43 85 170 0.121044
120 43 85 170 0.0789184
121 43 85 170 0.0360602
122 43 85 170 0.011587
77 44 85 170 0.0111371
78 44 85 170 0.0150841
79 44 85 170 0.026192
80 44 85 170 0.0445892
81 44 85 170 0.0575385
82 44 85 170 0.100527
83 44 85 170 0.148757
84 44 85 170 0.151318
85 44 85 170 0.123991
86 44 85 170 0.0701195
87 44 85 170 0.0309911
88 44 85 170 0.0346112
89 44 85 170 0.0257766
90 44 85 170 0.0220721
91 44 85 170 0.026488
92 44 85 170 0.0267145
93 44 85 170 0.0410302
94 44 85 170 0.0440226
95 44 85 170 0.0344299
96 44 85 170 0.0301252
97 44 85 170 0.0230858
98 44 85 170 0.0222978
99 44 85 170 0.0227642
100 44 85 170 0.0136903
112 44 85 170 0.0140306
113 44 85 170 0.0212345
114 44 85 170 0.0400969
115 44 85 170 0.0625274
116 44 85 170 0.0769952
117 44 85 170 0.09543
118 44 85 170 0.0870003
119 44 85 170 0.0604962
120 44 85 170 0.0470565
121 44 85 170 0.0245486
79 45 85 170 0.0112386
80 45 85 170 0.0211743
81 45 85 170 0.031221
82 45 85 170 0.0570283
83 45 85 170 0.0859207
84 45 85 170 0.0923917
85 45 85 170 0.0802807
86 45 85 170 0.0494528
87 45 85 170 0.0245261
88 45 85 170 0.0242405
89 45 85 170 0.0194955
90 45 85 170 0.0180836
91 45 85 170 0.0213619
92 45 85 170 0.0243746
93 45 85 170 0.0373867
94 45 85 170 0.0389533
95 45 85 170 0.0289944
96 45 85 170 0.0235777
97 45 85 170 0.017825
98 45 85 170 0.0155272
99 45 85 170 0.0138629
114 45 85 170 0.0185423
115 45 85 170 0.0311178
116 45 85 170 0.0444173
117 45 85 170 0.0627647
118 45 85 170 0.0632255
119 45 85 170 0.0484321
120 45 85 170 0.0376349
121 45 85 170 0.0208043
81 46 85 170 0.0139874
82 46 85 170 0.027674
83 46 85 170 0.0426481
84 46 85 170 0.0466928
85 46 85 170 0.0425868
86 46 85 170 0.0278723
87 46 85 170 0.0144047
88 46 85 170 0.0134896
89 46 85 170 0.0117826
90 46 85 170 0.011674
91 46 85 170 0.0137863
92 46 85 170 0.0169029
93 46 85 170 0.0256775
94 46 85 170 0.0263698
95 46 85 170 0.0195032
96 46 85 170 0.0158073
97 46 85 170 0.0122716
114 46 85 170 0.0100345
115 46 85 170 0.0179214
116 46 85 170 0.028583
117 46 85 170 0.0382572
118 46 85 170 0.039111
119 46 85 170 0.03233
120 46 85 170 0.024217
121 46 85 170 0.0135152
82 47 85 170 0.0105321
83 47 85 170 0.016817
84 47 85 170 0.0177496
85 47 85 170 0.0158672
93 47 85 170 0.0125626
94 47 85 170 0.0128006
84 48 85 170 0.0104218
159 53 85 170 0.0100208
161 53 85 170 0.01258
162 53 85 170 0.0108725
161 56 85 170 0.0110498
162 56 85 170 0.0100505
161 57 85 170 0.0103055
161 58 85 170 0.0133857
162 58 85 170 0.0125443
161 59 85 170 0.0150759
162 59 85 170 0.0143263
3 0 64 128 0.0110416
4 0 64 128 0.0124606
5 0 64 128 0.0116331
6 0 64 128 0.0117449
7 0 64 128 0.0101251
47 0 64 128 0.0116988
48 0 64 128 0.0143536
49 0 64 128 0.0154796
50 0 64 128 0.0172426
51 0 64 128 0.0212625
52 0 64 128 0.0212605
53 0 64 128 0.0156349
54 0 64 128 0.0132063
55 0 64 128 0.0108651
209 0 64 128 0.0103625
210 0 64 128 0.0114245
211 0 64 128 0.0127929
212 0 64 128 0.0149446
213 0 64 128 0.0165105
214 0 64 128 0.0126369
215 0 64 128 0.0117627
224 0 64 128 0.0121995
225 0 64 128 0.0162554
226 0 64 128 0.0167119
227 0 64 128 0.0155204
228 0 64 128 0.014801
229 0 64 128 0.016093
230 0 64 128 0.0152572
231 0 64 128 0.0146805
232 0 64 128 0.0158629
233 0 64 128 0.0186695
234 0 64 128 0.0232815
235 0 64 128 0.0262985
236 0 64 128 0.0255874
237 0 64 128 0.0259574
238 0 64 128 0.0236259
239 0 64 128 0.0260277
240 0 64 128 0.030417
241 0 64 128 0.0370267
242 0 64 128 0.040582
243 0 64 128 0.0475105
244 0 64 128 0.0519641
245 0 64 128 0.0597919
246 0 64 128 0.0586091
247 0 64 128 0.0524369
248 0 64 128 0.0451389
249 0 64 128 0.039057
250 0 64 128 0.0338541
251 0 64 128 0.0324404
252 0 64 128 0.0302629
253 0 64 128 0.0307839
254 0 64 128 0.0296155
255 0 64 128 0.0284221
3 1 64 128 0.0126468
4 1 64 128 0.0155516
5 1 64 128 0.0153785
6 1 64 128 0.0157715
7 1 64 128 0.0128035
48 1 64 128 0.0103998
49 1 64 128 0.0101299
50 1 64 128 0.0112689
51 1 64 128 0.0125709
52 1 64 128 0.0122099
226 1 64 128 0.0110695
227 1 64 128 0.0109504
228 1 64 128 0.0104164
229 1 64 128 0.011146
230 1 64 128 0.0110862
231 1 64 128 0.0110899
232 1 64 128 0.011597
233 1 64 128 0.0140414
234 1 64 128 0.0163314
235 1 64 128 0.0181065
236 1 64 128 0.0177109
237 1 64 128 0.0164662
238 1 64 128 0.0152893
239 1 64 128 0.0165567
240 1 64 128 0.0186933
241 1 64 128 0.0226773
242 1 64 128 0.0261343
243 1 64 128 0.029822
244 1 64 128 0.0328202
245 1 64 128 0.0383903
246 1 64 128 0.0396911
247 1 64 128 0.0379742
248 1 64 128 0.0331737
249 1 64 128 0.0302574
250 1 64 128 0.0268349
251 1 64 128 0.0259709
252 1 64 128 0.0241866
253 1 64 128 0.0250718
254 1 64 128 0.0240959
255 1 64 128 0.0243956
3 2 64 128 0.0114136
4 2 64 128 0.0153164
5 2 64 128 0.0151635
6 2 64 128 0.0154552
7 2 64 128 0.0123551
49 2 64 128 0.0103644
50 2 64 128 0.0117498
51 2 64 128 0.012377
52 2 64 128 0.0110769
234 2 64 128 0.0100275
235 2 64 128 0.0121809
236 2 64 128 0.0124349
237 2 64 128 0.0121413
238 2 64 128 0.0112648
239 2 64 128 0.0123627
240 2 64 128 0.0145449
241 2 64 128 0.0164212
242 2 64 128 0.0188974
243 2 64 128 0.0209114
244 2 64 128 0.0217789
245 2 64 128 0.0250286
246 2 64 128 0.0264299
247 2 64 128 0.0251863
248 2 64 128 0.0230308
249 2 64 128 0.0203266
250 2 64 128 0.0190454
251 2 64 128 0.0193306
252 2 64 128 0.020013
253 2 64 128 0.0208608
254 2 64 128 0.0211823
255 2 64 128 0.0214061
3 3 64 128 0.0114712
4 3 64 128 0.0152789
5 3 64 128 0.0158311
6 3 64 128 0.0156638
7 3 64 128 0.0126438
49 3 64 128 0.0103272
50 3 64 128 0.0110062
51 3 64 128 0.0109407
243 3 64 128 0.0105778
244 3 64 128 0.0114519
245 3 64 128 0.0135427
246 3 64 128 0.0150567
247 3 64 128 0.0149761
248 3 64 128 0.0133418
249 3 64 128 0.0124902
250 3 64 128 0.0116454
251 3 64 128 0.0118262
252 3 64 128 0.0123374
253 3 64 128 0.0131419
254 3 64 128 0.0133809
255 3 64 128 0.0143201
2 4 64 128 0.0100013
3 4 64 128 0.0138664
4 4 64 128 0.0185081
5 4 64 128 0.0190823
6 4 64 128 0.018518
7 4 64 128 0.0146958
48 4 64 128 0.012239
49 4 64 128 0.0126337
50 4 64 128 0.0147291
51 4 64 128 0.0153792
52 4 64 128 0.0127755
254 4 64 128 0.0100731
255 4 64 128 0.0108598
3 5 64 128 0.0110448
4 5 64 128 0.0164654
5 5 64 128 0.0175375
6 5 64 128 0.0191152
7 5 64 128 0.0156062
8 5 64 128 0.0115342
47 5 64 128 0.01125
48 5 64 128 0.0159914
49 5 64 128 0.0168418
50 5 64 128 0.0202745
51 5 64 128 0.0203413
52 5 64 128 0.0161088
53 5 64 128 0.0112058
4 6 64 128 0.0114561
5 6 64 128 0.0118947
6 6 64 128 0.0132263
7 6 64 128 0.0108101
46 6 64 128 0.0111313
47 6 64 128 0.0150361
48 6 64 128 0.0215373
49 6 64 128 0.0238501
50 6 64 128 0.0291142
51 6 64 128 0.0294062
52 6 64 128 0.0232056
53 6 64 128 0.0155776
54 6 64 128 0.011039
47 7 64 128 0.0131339
48 7 64 128 0.0220402
49 7 64 128 0.0252016
50 7 64 128 0.0341662
51 7 64 128 0.0336403
52 7 64 128 0.0267491
53 7 64 128 0.0180281
54 7 64 128 0.014865
46 8 64 128 0.010141
47 8 64 128 0.0147963
48 8 64 128 0.0259414
49 8 64 128 0.0310436
50 8 64 128 0.0414833
51 8 64 128 0.0381018
52 8 64 128 0.0333371
53 8 64 128 0.0229332
54 8 64 128 0.0191166
55 8 64 128 0.0105381
208 8 64 128 0.0113222
209 8 64 128 0.0112857
210 8 64 128 0.0100356
47 9 64 128 0.0137435
48 9 64 128 0.0228544
49 9 64 128 0.0292498
50 9 64 128 0.0365953
51 9 64 128 0.0342186
52 9 64 128 0.0300372
53 9 64 128 0.0220604
54 9 64 128 0.0182888
55 9 64 128 0.0106759
206 9 64 128 0.0137101
207 9 64 128 0.0206426
208 9 64 128 0.0253363
209 9 64 128 0.0267197
210 9 64 128 0.0230713
211 9 64 128 0.0182541
212 9 64 128 0.0148421
213 9 64 128 0.0125977
47 10 64 128 0.0123326
48 10 64 128 0.020021
49 10 64 128 0.0260612
50 10 64 128 0.0325646
51 10 64 128 0.0302294
52 10 64 128 0.0268167
53 10 64 128 0.0195544
54 10 64 128 0.01668
205 10 64 128 0.0107563
206 10 64 128 0.022553
207 10 64 128 0.0391743
208 10 64 128 0.0500287
209 10 64 128 0.0545207
210 10 64 128 0.0485584
211 10 64 128 0.0408623
212 10 64 128 0.0322505
213 10 64 128 0.0281905
214 10 64 128 0.0198026
215 10 64 128 0.0143223
48 11 64 128 0.012179
49 11 64 128 0.017024
50 11 64 128 0.0224425
51 11 64 128 0.0235009
52 11 64 128 0.0184378
53 11 64 128 0.0145546
54 11 64 128 0.010876
205 11 64 128 0.0136861
206 11 64 128 0.0295092
207 11 64 128 0.05483
208 11 64 128 0.07911
209 11 64 128 0.091545
210 11 64 128 0.0824976
211 11 64 128 0.0701403
212 11 64 128 0.0533366
213 11 64 128 0.0440263
214 11 64 128 0.0298354
215 11 64 128 0.0212502
216 11 64 128 0.0141307
50 12 64 128 0.0118932
51 12 64 128 0.0118873
52 12 64 128 0.0100923
205 12 64 128 0.0125911
206 12 64 128 0.0319757
207 12 64 128 0.0642639
208 12 64 128 0.0945226
209 12 64 128 0.122454
210 12 64 128 0.119499
211 12 64 128 0.105113
212 12 64 128 0.0804458
213 12 64 128 0.0702544
214 12 64 128 0.0471499
215 12 64 128 0.0312043
216 12 64 128 0.0202338
217 12 64 128 0.0129389
206 13 64 128 0.024972
207 13 64 128 0.0561942
208 13 64 128 0.0902293
209 13 64 128 0.115611
210 13 64 128 0.111986
211 13 64 128 0.102674
212 13 64 128 0.0831883
213 13 64 128 0.0756377
214 13 64 128 0.0539533
215 13 64 128 0.0375589
216 13 64 128 0.021716
217 13 64 128 0.013851
206 14 64 128 0.0153246
207 14 64 128 0.0378654
208 14 64 128 0.0662057
209 14 64 128 0.0887663
210 14 64 128 0.094764
211 14 64 128 0.0919171
212 14 64 128 0.0728473
213 14 64 128 0.0680351
214 14 64 128 0.0512533
215 14 64 128 0.0357129
216 14 64 128 0.0197217
217 14 64 128 0.0121781
206 15 64 128 0.0124674
207 15 64 128 0.0290045
208 15 64 128 0.0468441
209 15 64 128 0.0616813
210 15 64 128 0.0610933
211 15 64 128 0.0632277
212 15 64 128 0.0536361
213 15 64 128 0.051049
214 15 64 128 0.0360607
215 15 64 128 0.0275602
216 15 64 128 0.015602
217 15 64 128 0.0102477
207 16 64 128 0.0179608
208 16 64 128 0.0257303
209 16 64 128 0.0361373
210 16 64 128 0.0406864
211 16 64 128 0.0418791
212 16 64 128 0.0352657
213 16 64 128 0.034257
214 16 64 128 0.025038
215 16 64 128 0.0197077
216 16 64 128 0.0110402
207 17 64 128 0.0132502
208 17 64 128 0.0167346
209 17 64 128 0.0217424
210 17 64 128 0.0234707
211 17 64 128 0.026288
212 17 64 128 0.0199175
213 17 64 128 0.019504
214 17 64 128 0.0140659
215 17 64 128 0.0125164
207 18 64 128 0.0116398
208 18 64 128 0.0132873
209 18 64 128 0.0173849
210 18 64 128 0.0196818
211 18 64 128 0.0187421
212 18 64 128 0.0144937
213 18 64 128 0.0152132
214 18 64 128 0.0106002
209 19 64 128 0.0112658
210 19 64 128 0.0113897
211 19 64 128 0.0119288
71 23 64 128 0.0116346
70 24 64 128 0.0114405
71 24 64 128 0.0235565
72 24 64 128 0.0161962
70 25 64 128 0.0139442
71 25 64 128 0.029182
72 25 64 128 0.0199889
65 26 64 128 0.0118006
67 26 64 128 0.0105707
69 26 64 128 0.0140253
70 26 64 128 0.0200375
71 26 64 128 0.0347696
72 26 64 128 0.0226078
65 27 64 128 0.0119147
67 27 64 128 0.0120519
68 27 64 128 0.0105671
69 27 64 128 0.0158339
70 27 64 128 0.0228821
71 27 64 128 0.0345626
72 27 64 128 0.0214987
64 28 64 128 0.0118206
65 28 64 128 0.0169373
66 28 64 128 0.0127606
67 28 64 128 0.0165755
68 28 64 128 0.0162244
69 28 64 128 0.0232234
70 28 64 128 0.028833
71 28 64 128 0.0418417
72 28 64 128 0.0248032
140 28 64 128 0.0108575
64 29 64 128 0.0148261
65 29 64 128 0.0199663
66 29 64 128 0.0144807
67 29 64 128 0.0199961
68 29 64 128 0.0192229
69 29 64 128 0.0251093
70 29 64 128 0.0292759
71 29 64 128 0.0413674
72 29 64 128 0.0239619
139 29 64 128 0.0109729
140 29 64 128 0.0172672
141 29 64 128 0.0122636
142 29 64 128 0.0107842
63 30 64 128 0.0135111
64 30 64 128 0.0278167
65 30 64 128 0.0344214
66 30 64 128 0.0245338
67 30 64 128 0.03249
68 30 64 128 0.0327397
69 30 64 128 0.0377665
70 30 64 128 0.0404175
71 30 64 128 0.0495844
72 30 64 128 0.0273055
139 30 64 128 0.011328
140 30 64 128 0.0183276
141 30 64 128 0.0179551
142 30 64 128 0.0149055
63 31 64 128 0.0141714
64 31 64 128 0.0293206
65 31 64 128 0.0356152
66 31 64 128 0.0244647
67 31 64 128 0.0349767
68 31 64 128 0.0335911
69 31 64 128 0.0371467
70 31 64 128 0.040071
71 31 64 128 0.0449408
72 31 64 128 0.0225634
139 31 64 128 0.0141355
140 31 64 128 0.025586
141 31 64 128 0.0270959
142 31 64 128 0.0303883
143 31 64 128 0.016013
144 31 64 128 0.0103269
63 32 64 128 0.0129671
64 32 64 128 0.0276078
65 32 64 128 0.0357354
66 32 64 128 0.0249482
67 32 64 128 0.0301023
68 32 64 128 0.0337393
69 32 64 128 0.0344848
70 32 64 128 0.0357311
71 32 64 128 0.036265
72 32 64 128 0.0169535
140 32 64 128 0.0135926
141 32 64 128 0.0169816
142 32 64 128 0.0182812
143 32 64 128 0.0135347
63 33 64 128 0.0113012
64 33 64 128 0.0208829
65 33 64 128 0.0266883
66 33 64 128 0.0192583
67 33 64 128 0.0248721
68 33 64 128 0.026086
69 33 64 128 0.026912
70 33 64 128 0.0270966
71 33 64 128 0.0253521
72 33 64 128 0.0115173
140 33 64 128 0.0100873
141 33 64 128 0.0114187
142 33 64 128 0.0161698
143 33 64 128 0.0104865
144 33 64 128 0.0106028
64 34 64 128 0.0183924
65 34 64 128 0.0210082
66 34 64 128 0.014498
67 34 64 128 0.0180361
68 34 64 128 0.0190841
69 34 64 128 0.0193597
70 34 64 128 0.019279
71 34 64 128 0.0178605
183 34 64 128 0.0105671
184 34 64 128 0.011826
185 34 64 128 0.0113857
64 35 64 128 0.0155831
65 35 64 128 0.0172057
66 35 64 128 0.0114075
67 35 64 128 0.0145972
68 35 64 128 0.0171113
69 35 64 128 0.017699
70 35 64 128 0.0180016
71 35 64 128 0.0149449
183 35 64 128 0.0156625
184 35 64 128 0.0197313
185 35 64 128 0.0200909
186 35 64 128 0.0156942
64 36 64 128 0.0142185
65 36 64 128 0.0165311
66 36 64 128 0.0113991
67 36 64 128 0.0144647
68 36 64 128 0.0184352
69 36 64 128 0.0203607
70 36 64 128 0.0191356
71 36 64 128 0.0134426
182 36 64 128 0.0152994
183 36 64 128 0.0241943
184 36 64 128 0.0307555
185 36 64 128 0.030307
186 36 64 128 0.0232469
187 36 64 128 0.0111324
64 37 64 128 0.0160751
65 37 64 128 0.0174275
66 37 64 128 0.0129892
67 37 64 128 0.0169914
68 37 64 128 0.0222035
69 37 64 128 0.0254674
70 37 64 128 0.0260281
71 37 64 128 0.0170735
182 37 64 128 0.014374
183 37 64 128 0.0241775
184 37 64 128 0.0288465
185 37 64 128 0.0239775
186 37 64 128 0.018626
187 37 64 128 0.0104495
63 38 64 128 0.0114065
64 38 64 128 0.0170853
65 38 64 128 0.0205475
66 38 64 128 0.0165524
67 38 64 128 0.0231922
68 38 64 128 0.0319972
69 38 64 128 0.0452747
70 38 64 128 0.0448748
71 38 64 128 0.0341675
72 38 64 128 0.0158164
182 38 64 128 0.0138227
183 38 64 128 0.0217566
184 38 64 128 0.0298404
185 38 64 128 0.0238986
186 38 64 128 0.0171459
63 39 64 128 0.0102642
64 39 64 128 0.0153438
65 39 64 128 0.0178533
66 39 64 128 0.0156795
67 39 64 128 0.0242837
68 39 64 128 0.03861
69 39 64 128 0.0614802
70 39 64 128 0.0742449
71 39 64 128 0.0630048
72 39 64 128 0.0315837
73 39 64 128 0.0109704
183 39 64 128 0.0131706
184 39 64 128 0.0173803
185 39 64 128 0.0171217
186 39 64 128 0.0110732
64 40 64 128 0.0111299
65 40 64 128 0.0148035
66 40 64 128 0.015094
67 40 64 128 0.0264578
68 40 64 128 0.0433866
69 40 64 128 0.0866233
70 40 64 128 0.106473
71 40 64 128 0.109328
72 40 64 128 0.0646868
73 40 64 128 0.0284079
74 40 64 128 0.0147741
75 40 64 128 0.0135943
76 40 64 128 0.0146677
77 40 64 128 0.0127533
184 40 64 128 0.0101893
67 41 64 128 0.0188169
68 41 64 128 0.0343844
69 41 64 128 0.0776975
70 41 64 128 0.116296
71 41 64 128 0.123298
72 41 64 128 0.0750466
73 41 64 128 0.0395786
74 41 64 128 0.0288062
75 41 64 128 0.0307226
76 41 64 128 0.0371223
77 41 64 128 0.03301
78 41 64 128 0.0282042
79 41 64 128 0.0152524
67 42 64 128 0.0119107
68 42 64 128 0.0209258
69 42 64 128 0.0507421
70 42 64 128 0.0824526
71 42 64 128 0.104453
72 42 64 128 0.0724922
73 42 64 128 0.0450277
74 42 64 128 0.0386032
75 42 64 128 0.0470346
76 42 64 128 0.057573
77 42 64 128 0.0471931
78 42 64 128 0.0364288
79 42 64 128 0.0204705
80 42 64 128 0.0102661
68 43 64 128 0.0121661
69 43 64 128 0.0303164
70 43 64 128 0.0532682
71 43 64 128 0.0666401
72 43 64 128 0.0486011
73 43 64 128 0.0304092
74 43 64 128 0.0262988
75 43 64 128 0.0395368
76 43 64 128 0.0485657
77 43 64 128 0.0488707
78 43 64 128 0.0366624
79 43 64 128 0.0226744
80 43 64 128 0.0133761
69 44 64 128 0.0241618
70 44 64 128 0.0348358
71 44 64 128 0.0473692
72 44 64 128 0.0309084
73 44 64 128 0.0217865
74 44 64 128 0.016499
75 44 64 128 0.0254694
76 44 64 128 0.0295327
77 44 64 128 0.0307512
78 44 64 128 0.0257517
79 44 64 128 0.016543
80 44 64 128 0.0106323
69 45 64 128 0.0172407
70 45 64 128 0.0253501
71 45 64 128 0.0302439
72 45 64 128 0.0191751
73 45 64 128 0.0122642
74 45 64 128 0.0107921
75 45 64 128 0.016785
76 45 64 128 0.019034
77 45 64 128 0.019993
78 45 64 128 0.0161244
79 45 64 128 0.0108052
130 45 64 128 0.0222222
131 45 64 128 0.0474069
132 45 64 128 0.028468
133 45 64 128 0.0233237
134 45 64 128 0.017721
135 45 64 128 0.0203612
136 45 64 128 0.0106465
69 46 64 128 0.0164304
70 46 64 128 0.0192045
71 46 64 128 0.0212908
72 46 64 128 0.0124294
129 46 64 128 0.0258475
130 46 64 128 0.057756
131 46 64 128 0.0975848
132 46 64 128 0.0711221
133 46 64 128 0.0583596
134 46 64 128 0.0437927
135 46 64 128 0.0521498
136 46 64 128 0.0348115
137 46 64 128 0.0210299
69 47 64 128 0.0100679
70 47 64 128 0.0117652
71 47 64 128 0.0128572
91 47 64 128 0.0113605
92 47 64 128 0.0138311
93 47 64 128 0.0130676
94 47 64 128 0.0126894
95 47 64 128 0.010839
127 47 64 128 0.0138096
128 47 64 128 0.032782
129 47 64 128 0.0760164
130 47 64 128 0.172109
131 47 64 128 0.26708
132 47 64 128 0.194258
133 47 64 128 0.152014
134 47 64 128 0.136556
135 47 64 128 0.12323
136 47 64 128 0.0761685
137 47 64 128 0.041053
138 47 64 128 0.0112486
71 48 64 128 0.0104266
90 48 64 128 0.0103023
91 48 64 128 0.0159223
92 48 64 128 0.0205538
93 48 64 128 0.0199727
94 48 64 128 0.0205356
95 48 64 128 0.0172099
96 48 64 128 0.0139192
97 48 64 128 0.0116814
98 48 64 128 0.010151
126 48 64 128 0.011751
127 48 64 128 0.0257678
128 48 64 128 0.0649786
129 48 64 128 0.13848
130 48 64 128 0.265788
131 48 64 128 0.381977
132 48 64 128 0.283536
133 48 64 128 0.209578
134 48 64 128 0.151726
135 48 64 128 0.145617
136 48 64 128 0.0879352
137 48 64 128 0.043772
138 48 64 128 0.0109586
91 49 64 128 0.0126681
92 49 64 128 0.0170048
93 49 64 128 0.0180566
94 49 64 128 0.0227367
95 49 64 128 0.0218817
96 49 64 128 0.0168821
97 49 64 128 0.0136252
98 49 64 128 0.0141064
99 49 64 128 0.015801
100 49 64 128 0.0165424
124 49 64 128 0.0117253
125 49 64 128 0.0129075
126 49 64 128 0.024143
127 49 64 128 0.0572875
128 49 64 128 0.136395
129 49 64 128 0.23819
130 49 64 128 0.371451
131 49 64 128 0.4822
132 49 64 128 0.35552
133 49 64 128 0.253268
134 49 64 128 0.178523
135 49 64 128 0.136436
136 49 64 128 0.0797725
137 49 64 128 0.0319142
92 50 64 128 0.0115038
93 50 64 128 0.0138346
94 50 64 128 0.0195286
95 50 64 128 0.0181572
96 50 64 128 0.0177005
97 50 64 128 0.0147353
98 50 64 128 0.017721
99 50 64 128 0.0227153
100 50 64 128 0.0241484
101 50 64 128 0.0150675
123 50 64 128 0.0112312
124 50 64 128 0.0184955
125 50 64 128 0.0236985
126 50 64 128 0.0387548
127 50 64 128 0.0843331
128 50 64 128 0.156805
129 50 64 128 0.276761
130 50 64 128 0.398147
131 50 64 128 0.4608
132 50 64 128 0.321811
133 50 64 128 0.240076
134 50 64 128 0.166838
135 50 64 128 0.116278
136 50 64 128 0.0602163
137 50 64 128 0.0237022
94 51 64 128 0.0114004
95 51 64 128 0.0138138
96 51 64 128 0.0136426
97 51 64 128 0.0114275
98 51 64 128 0.0133002
99 51 64 128 0.0191679
100 51 64 128 0.0257176
101 51 64 128 0.0215028
102 51 64 128 0.013369
122 51 64 128 0.014824
123 51 64 128 0.0204399
124 51 64 128 0.0330983
125 51 64 128 0.0337346
126 51 64 128 0.0657581
127 51 64 128 0.128909
128 51 64 128 0.208212
129 51 64 128 0.341556
130 51 64 128 0.489098
131 51 64 128 0.553952
132 51 64 128 0.398434
133 51 64 128 0.292304
134 51 64 128 0.208494
135 51 64 128 0.127911
136 51 64 128 0.061885
137 51 64 128 0.0218672
100 52 64 128 0.0102132
121 52 64 128 0.010631
122 52 64 128 0.0209181
123 52 64 128 0.0265057
124 52 64 128 0.0422344
125 52 64 128 0.0464363
126 52 64 128 0.0832934
127 52 64 128 0.14492
128 52 64 128 0.213792
129 52 64 128 0.303516
130 52 64 128 0.47451
131 52 64 128 0.51482
132 52 64 128 0.340681
133 52 64 128 0.238444
134 52 64 128 0.141021
135 52 64 128 0.0770001
136 52 64 128 0.0359071
137 52 64 128 0.0141523
44 53 64 128 0.0102357
120 53 64 128 0.0130716
121 53 64 128 0.0177495
122 53 64 128 0.0373727
123 53 64 128 0.0466607
124 53 64 128 0.0575275
125 53 64 128 0.0525684
126 53 64 128 0.0855095
127 53 64 128 0.143101
128 53 64 128 0.191967
129 53 64 128 0.274643
130 53 64 128 0.412996
131 53 64 128 0.453812
132 53 64 128 0.312312
133 53 64 128 0.207609
134 53 64 128 0.16468
135 53 64 128 0.0858946
136 53 64 128 0.0453335
137 53 64 128 0.0136379
43 54 64 128 0.0183785
44 54 64 128 0.021125
45 54 64 128 0.01422
120 54 64 128 0.0141813
121 54 64 128 0.0211376
122 54 64 128 0.0458023
123 54 64 128 0.0645979
124 54 64 128 0.0712021
125 54 64 128 0.0721534
126 54 64 128 0.102982
127 54 64 128 0.160342
128 54 64 128 0.18179
129 54 64 128 0.278947
130 54 64 128 0.388158
131 54 64 128 0.409845
132 54 64 128 0.282133
133 54 64 128 0.20761
134 54 64 128 0.169356
135 54 64 128 0.103845
136 54 64 128 0.0497393
137 54 64 128 0.0177399
159 54 64 128 0.0142599
160 54 64 128 0.0146021
42 55 64 128 0.0117645
43 55 64 128 0.0216861
44 55 64 128 0.0274738
45 55 64 128 0.0199278
120 55 64 128 0.0167842
121 55 64 128 0.0217147
122 55 64 128 0.043667
123 55 64 128 0.0595297
124 55 64 128 0.0795378
125 55 64 128 0.0731827
126 55 64 128 0.0903649
127 55 64 128 0.130023
128 55 64 128 0.150656
129 55 64 128 0.222562
130 55 64 128 0.342835
131 55 64 128 0.368579
132 55 64 128 0.30509
133 55 64 128 0.275151
134 55 64 128 0.257762
135 55 64 128 0.166022
136 55 64 128 0.0909721
137 55 64 128 0.0336759
138 55 64 128 0.0126107
158 55 64 128 0.0133967
159 55 64 128 0.0335461
160 55 64 128 0.0403625
161 55 64 128 0.0203758
162 55 64 128 0.0209488
163 55 64 128 0.0117273
166 55 64 128 0.0121474
39 56 64 128 0.0105138
40 56 64 128 0.0105241
41 56 64 128 0.0109356
42 56 64 128 0.0159666
43 56 64 128 0.0308777
44 56 64 128 0.040687
45 56 64 128 0.025023
46 56 64 128 0.0125336
120 56 64 128 0.0156436
121 56 64 128 0.0214922
122 56 64 128 0.0403533
123 56 64 128 0.0436382
124 56 64 128 0.0691542
125 56 64 128 0.0712221
126 56 64 128 0.0832386
127 56 64 128 0.0913431
128 56 64 128 0.110099
129 56 64 128 0.162935
130 56 64 128 0.240876
131 56 64 128 0.258925
132 56 64 128 0.216449
133 56 64 128 0.213281
134 56 64 128 0.175192
135 56 64 128 0.110782
136 56 64 128 0.0559914
137 56 64 128 0.0271627
138 56 64 128 0.0100742
158 56 64 128 0.016381
159 56 64 128 0.0532901
160 56 64 128 0.0519154
161 56 64 128 0.0317347
162 56 64 128 0.0294299
163 56 64 128 0.0174935
164 56 64 128 0.011725
166 56 64 128 0.0135086
167 56 64 128 0.0122527
37 57 64 128 0.011967
38 57 64 128 0.012066
39 57 64 128 0.0142336
40 57 64 128 0.015204
41 57 64 128 0.0190908
42 57 64 128 0.0258377
43 57 64 128 0.0479047
44 57 64 128 0.0588302
45 57 64 128 0.0396129
46 57 64 128 0.0174339
47 57 64 128 0.0107306
120 57 64 128 0.0147492
121 57 64 128 0.0178566
122 57 64 128 0.0354228
123 57 64 128 0.04367
124 57 64 128 0.0645989
125 57 64 128 0.0562968
126 57 64 128 0.0685795
127 57 64 128 0.0848353
128 57 64 128 0.0954214
129 57 64 128 0.114779
130 57 64 128 0.180813
131 57 64 128 0.216892
132 57 64 128 0.210541
133 57 64 128 0.200105
134 57 64 128 0.172748
135 57 64 128 0.105701
136 57 64 128 0.0632246
137 57 64 128 0.0267114
138 57 64 128 0.0121408
157 57 64 128 0.0115085
158 57 64 128 0.0320494
159 57 64 128 0.0808595
160 57 64 128 0.0899623
161 57 64 128 0.0491013
162 57 64 128 0.0485379
163 57 64 128 0.0201849
164 57 64 128 0.0131366
166 57 64 128 0.0116099
175 57 64 128 0.0129466
176 57 64 128 0.0108744
177 57 64 128 0.0140751
178 57 64 128 0.0126066
179 57 64 128 0.0112371
180 57 64 128 0.0113711
181 57 64 128 0.0148308
182 57 64 128 0.0155918
37 58 64 128 0.0111476
38 58 64 128 0.0118399
39 58 64 128 0.0144069
40 58 64 128 0.0154347
41 58 64 128 0.0209377
42 58 64 128 0.0317198
43 58 64 128 0.0560096
44 58 64 128 0.0745473
45 58 64 128 0.0532399
46 58 64 128 0.0235054
47 58 64 128 0.0141822
120 58 64 128 0.0134673
121 58 64 128 0.0165253
122 58 64 128 0.0323212
123 58 64 128 0.0414538
124 58 64 128 0.0645984
125 58 64 128 0.0596424
126 58 64 128 0.0659134
127 58 64 128 0.0701203
128 58 64 128 0.0791474
129 58 64 128 0.100622
130 58 64 128 0.126276
131 58 64 128 0.1654
132 58 64 128 0.168222
133 58 64 128 0.166487
134 58 64 128 0.131812
135 58 64 128 0.0768038
136 58 64 128 0.0404866
137 58 64 128 0.0238723
158 58 64 128 0.0262791
159 58 64 128 0.0837779
160 58 64 128 0.0710486
161 58 64 128 0.0402205
162 58 64 128 0.0351419
163 58 64 128 0.0169507
175 58 64 128 0.0117676
176 58 64 128 0.0101845
177 58 64 128 0.0136062
178 58 64 128 0.0152829
179 58 64 128 0.0135043
180 58 64 128 0.0124006
181 58 64 128 0.0200106
182 58 64 128 0.0219035
183 58 64 128 0.0125546
184 58 64 128 0.0117657
37 59 64 128 0.0103523
38 59 64 128 0.0104459
39 59 64 128 0.0117134
40 59 64 128 0.013855
41 59 64 128 0.018584
42 59 64 128 0.029053
43 59 64 128 0.0516629
44 59 64 128 0.0664539
45 59 64 128 0.0519834
46 59 64 128 0.0239467
47 59 64 128 0.0156758
48 59 64 128 0.0117212
49 59 64 128 0.0102533
121 59 64 128 0.0135797
122 59 64 128 0.0225554
123 59 64 128 0.0273067
124 59 64 128 0.0418121
125 59 64 128 0.0467943
126 59 64 128 0.0570855
127 59 64 128 0.0601699
128 59 64 128 0.0631907
129 59 64 128 0.0809804
130 59 64 128 0.109405
131 59 64 128 0.139232
132 59 64 128 0.141904
133 59 64 128 0.138979
134 59 64 128 0.116315
135 59 64 128 0.0596878
136 59 64 128 0.0292939
137 59 64 128 0.0160348
157 59 64 128 0.0122663
158 59 64 128 0.0435222
159 59 64 128 0.0908109
160 59 64 128 0.090856
161 59 64 128 0.0329102
162 59 64 128 0.028265
163 59 64 128 0.0106995
178 59 64 128 0.0100984
179 59 64 128 0.0106821
181 59 64 128 0.0177436
182 59 64 128 0.0234598
183 59 64 128 0.0146169
184 59 64 128 0.0148811
185 59 64 128 0.0156783
186 59 64 128 0.015028
187 59 64 128 0.0114035
39 60 64 128 0.0102784
40 60 64 128 0.0120527
41 60 64 128 0.0154114
42 60 64 128 0.0238507
43 60 64 128 0.0379292
44 60 64 128 0.0511195
45 60 64 128 0.0360068
46 60 64 128 0.0186041
47 60 64 128 0.0116557
120 60 64 128 0.0101278
121 60 64 128 0.0168128
122 60 64 128 0.0227468
123 60 64 128 0.0242962
124 60 64 128 0.0355038
125 60 64 128 0.038479
126 60 64 128 0.0398059
127 60 64 128 0.0384057
128 60 64 128 0.0475891
129 60 64 128 0.0575445
130 60 64 128 0.0749793
131 60 64 128 0.0990957
132 60 64 128 0.0963328
133 60 64 128 0.09684
134 60 64 128 0.066535
135 60 64 128 0.031798
136 60 64 128 0.0149865
158 60 64 128 0.0194628
159 60 64 128 0.0558693
160 60 64 128 0.0414798
161 60 64 128 0.018827
162 60 64 128 0.0101885
181 60 64 128 0.0168109
182 60 64 128 0.023624
183 60 64 128 0.0156447
184 60 64 128 0.0191057
185 60 64 128 0.0228063
186 60 64 128 0.0220028
187 60 64 128 0.014112
39 61 64 128 0.0100571
40 61 64 128 0.0129902
41 61 64 128 0.0193846
42 61 64 128 0.0291437
43 61 64 128 0.0458222
44 61 64 128 0.0536447
45 61 64 128 0.0371858
46 61 64 128 0.0183492
47 61 64 128 0.013316
120 61 64 128 0.0140711
121 61 64 128 0.0192126
122 61 64 128 0.0267987
123 61 64 128 0.0227305
124 61 64 128 0.0293161
125 61 64 128 0.0284804
126 61 64 128 0.0286065
127 61 64 128 0.0273445
128 61 64 128 0.0384993
129 61 64 128 0.0563117
130 61 64 128 0.0827551
131 61 64 128 0.103466
132 61 64 128 0.110948
133 61 64 128 0.101707
134 61 64 128 0.0743915
135 61 64 128 0.0277333
136 61 64 128 0.014055
158 61 64 128 0.0159024
159 61 64 128 0.0328406
160 61 64 128 0.029917
181 61 64 128 0.0106857
182 61 64 128 0.0214269
183 61 64 128 0.0150346
184 61 64 128 0.0222517
185 61 64 128 0.025527
186 61 64 128 0.0261288
187 61 64 128 0.0198879
188 61 64 128 0.0108812
40 62 64 128 0.0131063
41 62 64 128 0.0204076
42 62 64 128 0.0326231
43 62 64 128 0.0462929
44 62 64 128 0.0507228
45 62 64 128 0.0304887
46 62 64 128 0.0173934
47 62 64 128 0.0116318
120 62 64 128 0.0135373
121 62 64 128 0.0191481
122 62 64 128 0.0256966
123 62 64 128 0.0203645
124 62 64 128 0.0230592
125 62 64 128 0.0189597
126 62 64 128 0.019807
127 62 64 128 0.0233033
128 62 64 128 0.0345046
129 62 64 128 0.0534583
130 62 64 128 0.0767316
131 62 64 128 0.0946134
132 62 64 128 0.10298
133 62 64 128 0.0922367
134 62 64 128 0.0592198
135 62 64 128 0.0249854
136 62 64 128 0.0123312
184 62 64 128 0.014407
185 62 64 128 0.0202564
186 62 64 128 0.0167398
187 62 64 128 0.0144673
40 63 64 128 0.0127215
41 63 64 128 0.0221344
42 63 64 128 0.0336246
43 63 64 128 0.0460005
44 63 64 128 0.0493242
45 63 64 128 0.0317696
46 63 64 128 0.0165578
47 63 64 128 0.0128317
48 63 64 128 0.0101068
126 63 64 128 0.0115775
127 63 64 128 0.0149349
128 63 64 128 0.0273089
129 63 64 128 0.055465
130 63 64 128 0.102536
131 63 64 128 0.133476
132 63 64 128 0.148439
133 63 64 128 0.133364
134 63 64 128 0.0880828
135 63 64 128 0.0320727
136 63 64 128 0.0136674
185 63 64 128 0.0135118
186 63 64 128 0.0132324
187 63 64 128 0.0124854
40 64 64 128 0.0112121
41 64 64 128 0.0187822
42 64 64 128 0.0280712
43 64 64 128 0.0327918
44 64 64 128 0.0319968
45 64 64 128 0.0198482
46 64 64 128 0.0110603
128 64 64 128 0.0169202
129 64 64 128 0.0395776
130 64 64 128 0.0790719
131 64 64 128 0.117772
132 64 64 128 0.112747
133 64 64 128 0.0983554
134 64 64 128 0.0536047
135 64 64 128 0.0216685
41 65 64 128 0.0151973
42 65 64 128 0.0212052
43 65 64 128 0.0261987
44 65 64 128 0.0232663
45 65 64 128 0.0160878
128 65 64 128 0.0158393
129 65 64 128 0.0424849
130 65 64 128 0.0888603
131 65 64 128 0.112584
132 65 64 128 0.110242
133 65 64 128 0.0788635
134 65 64 128 0.0396073
135 65 64 128 0.0147622
42 66 64 128 0.013188
43 66 64 128 0.0152524
44 66 64 128 0.0129285
128 66 64 128 0.0132634
129 66 64 128 0.0387063
130 66 64 128 0.0730754
131 66 64 128 0.0942778
132 66 64 128 0.0780883
133 66 64 128 0.0505927
134 66 64 128 0.0206476
209 66 64 128 0.0118129
210 66 64 128 0.0112365
213 66 64 128 0.011915
214 66 64 128 0.0126313
42 67 64 128 0.0123562
43 67 64 128 0.014648
44 67 64 128 0.0125988
129 67 64 128 0.0344625
130 67 64 128 0.0698014
131 67 64 128 0.088188
132 67 64 128 0.0682814
133 67 64 128 0.0436089
134 67 64 128 0.0185251
208 67 64 128 0.0127815
209 67 64 128 0.0356551
210 67 64 128 0.0321695
211 67 64 128 0.0320349
212 67 64 128 0.0280598
213 67 64 128 0.0409834
214 67 64 128 0.0427801
215 67 64 128 0.0193532
216 67 64 128 0.0159618
42 68 64 128 0.0102499
43 68 64 128 0.0110622
44 68 64 128 0.0105976
129 68 64 128 0.0298846
130 68 64 128 0.0554071
131 68 64 128 0.0677162
132 68 64 128 0.0428279
133 68 64 128 0.0310518
134 68 64 128 0.0111938
207 68 64 128 0.0127376
208 68 64 128 0.0260769
209 68 64 128 0.0673589
210 68 64 128 0.0778621
211 68 64 128 0.0581623
212 68 64 128 0.0518941
213 68 64 128 0.0725237
214 68 64 128 0.0849388
215 68 64 128 0.0398374
216 68 64 128 0.0329508
217 68 64 128 0.0173022
43 69 64 128 0.011537
44 69 64 128 0.0117706
129 69 64 128 0.0220232
130 69 64 128 0.0385605
131 69 64 128 0.0383135
132 69 64 128 0.0295619
133 69 64 128 0.0208574
169 69 64 128 0.0128772
170 69 64 128 0.0240324
171 69 64 128 0.0145402
205 69 64 128 0.0110545
206 69 64 128 0.0123912
207 69 64 128 0.0309786
208 69 64 128 0.058967
209 69 64 128 0.149783
210 69 64 128 0.16023
211 69 64 128 0.132843
212 69 64 128 0.105757
213 69 64 128 0.14506
214 69 64 128 0.195465
215 69 64 128 0.0860142
216 69 64 128 0.0564471
217 69 64 128 0.0291169
218 69 64 128 0.0112375
42 70 64 128 0.011655
43 70 64 128 0.0144621
44 70 64 128 0.0150454
45 70 64 128 0.0100567
130 70 64 128 0.0165056
131 70 64 128 0.0192352
132 70 64 128 0.0142658
169 70 64 128 0.0278038
170 70 64 128 0.0646216
171 70 64 128 0.0502043
172 70 64 128 0.0193986
205 70 64 128 0.0120363
206 70 64 128 0.0161973
207 70 64 128 0.0437852
208 70 64 128 0.113577
209 70 64 128 0.263012
210 70 64 128 0.334616
211 70 64 128 0.258501
212 70 64 128 0.255335
213 70 64 128 0.336545
214 70 64 128 0.440616
215 70 64 128 0.239307
216 70 64 128 0.129576
217 70 64 128 0.0494351
218 70 64 128 0.0186234
247 70 64 128 0.0109247
248 70 64 128 0.020104
249 70 64 128 0.0296726
250 70 64 128 0.0188938
251 70 64 128 0.0140901
41 71 64 128 0.0112924
42 71 64 128 0.0172131
43 71 64 128 0.0249083
44 71 64 128 0.024924
45 71 64 128 0.0193252
46 71 64 128 0.0136515
47 71 64 128 0.0123099
131 71 64 128 0.0112374
168 71 64 128 0.0206739
169 71 64 128 0.0660393
170 71 64 128 0.173908
171 71 64 128 0.145333
172 71 64 128 0.0685913
173 71 64 128 0.019978
174 71 64 128 0.020441
205 71 64 128 0.0113931
206 71 64 128 0.0159821
207 71 64 128 0.052122
208 71 64 128 0.128593
209 71 64 128 0.301669
210 71 64 128 0.376346
211 71 64 128 0.362201
212 71 64 128 0.360571
213 71 64 128 0.507969
214 71 64 128 0.65483
215 71 64 128 0.466943
216 71 64 128 0.277908
217 71 64 128 0.116438
218 71 64 128 0.0454748
219 71 64 128 0.0124591
247 71 64 128 0.0133664
248 71 64 128 0.0248063
249 71 64 128 0.0390824
250 71 64 128 0.0212481
251 71 64 128 0.0166679
42 72 64 128 0.0182091
43 72 64 128 0.0263669
44 72 64 128 0.0280314
45 72 64 128 0.0229266
46 72 64 128 0.0163788
47 72 64 128 0.0156402
168 72 64 128 0.0181934
169 72 64 128 0.079432
170 72 64 128 0.237198
171 72 64 128 0.193975
172 72 64 128 0.0909541
173 72 64 128 0.0336467
174 72 64 128 0.0385021
175 72 64 128 0.0164071
206 72 64 128 0.0144858
207 72 64 128 0.044282
208 72 64 128 0.124889
209 72 64 128 0.248465
210 72 64 128 0.419736
211 72 64 128 0.395842
212 72 64 128 0.429713
213 72 64 128 0.562732
214 72 64 128 0.74933
215 72 64 128 0.610657
216 72 64 128 0.403458
217 72 64 128 0.16664
218 72 64 128 0.0635445
219 72 64 128 0.0155276
246 72 64 128 0.0103579
247 72 64 128 0.0226436
248 72 64 128 0.0406931
249 72 64 128 0.0600228
250 72 64 128 0.0305049
251 72 64 128 0.0202934
42 73 64 128 0.0128871
43 73 64 128 0.0224919
44 73 64 128 0.02338
45 73 64 128 0.0191851
46 73 64 128 0.0127578
47 73 64 128 0.0120482
92 73 64 128 0.0158782
93 73 64 128 0.018204
94 73 64 128 0.0186786
95 73 64 128 0.0147148
96 73 64 128 0.0119294
168 73 64 128 0.0187358
169 73 64 128 0.0835577
170 73 64 128 0.252322
171 73 64 128 0.233004
172 73 64 128 0.117409
173 73 64 128 0.0578363
174 73 64 128 0.0568029
175 73 64 128 0.0313829
176 73 64 128 0.0168221
207 73 64 128 0.0222241
208 73 64 128 0.0617051
209 73 64 128 0.128134
210 73 64 128 0.24158
211 73 64 128 0.254997
212 73 64 128 0.308997
213 73 64 128 0.481191
214 73 64 128 0.704014
215 73 64 128 0.595246
216 73 64 128 0.398785
217 73 64 128 0.186506
218 73 64 128 0.0701239
219 73 64 128 0.0170485
245 73 64 128 0.0111057
246 73 64 128 0.0144291
247 73 64 128 0.0368005
248 73 64 128 0.0563944
249 73 64 128 0.0807512
250 73 64 128 0.0323462
251 73 64 128 0.0168156
43 74 64 128 0.0110665
44 74 64 128 0.0124244
45 74 64 128 0.012018
92 74 64 128 0.0185261
93 74 64 128 0.0228479
94 74 64 128 0.0262478
95 74 64 128 0.0225345
96 74 64 128 0.0192742
169 74 64 128 0.0353855
170 74 64 128 0.124571
171 74 64 128 0.13725
172 74 64 128 0.0639617
173 74 64 128 0.032619
174 74 64 128 0.0347618
175 74 64 128 0.024194
176 74 64 128 0.0122178
208 74 64 128 0.0316401
209 74 64 128 0.0713063
210 74 64 128 0.158907
211 74 64 128 0.153397
212 74 64 128 0.239106
213 74 64 128 0.428553
214 74 64 128 0.687985
215 74 64 128 0.586846
216 74 64 128 0.394612
217 74 64 128 0.165548
218 74 64 128 0.0561719
219 74 64 128 0.0140897
245 74 64 128 0.0213246
246 74 64 128 0.0237723
247 74 64 128 0.0609968
248 74 64 128 0.0920658
249 74 64 128 0.14851
250 74 64 128 0.0576081
251 74 64 128 0.0249267
92 75 64 128 0.017867
93 75 64 128 0.0258652
94 75 64 128 0.0316485
95 75 64 128 0.0249209
96 75 64 128 0.0201105
169 75 64 128 0.0168396
170 75 64 128 0.0598029
171 75 64 128 0.0694781
172 75 64 128 0.0330502
173 75 64 128 0.0200681
174 75 64 128 0.0238046
175 75 64 128 0.0208652
208 75 64 128 0.0135016
209 75 64 128 0.029517
210 75 64 128 0.0641531
211 75 64 128 0.0607851
212 75 64 128 0.111323
213 75 64 128 0.249235
214 75 64 128 0.531078
215 75 64 128 0.443408
216 75 64 128 0.290294
217 75 64 128 0.117706
218 75 64 128 0.0333986
245 75 64 128 0.0199931
246 75 64 128 0.0206719
247 75 64 128 0.0591873
248 75 64 128 0.0933622
249 75 64 128 0.142274
250 75 64 128 0.0506952
251 75 64 128 0.0239773
92 76 64 128 0.0159384
93 76 64 128 0.0230563
94 76 64 128 0.0323248
95 76 64 128 0.0272848
96 76 64 128 0.018871
170 76 64 128 0.0242894
171 76 64 128 0.0301563
172 76 64 128 0.0134437
174 76 64 128 0.0148163
175 76 64 128 0.0144779
209 76 64 128 0.014307
210 76 64 128 0.0377564
211 76 64 128 0.0328488
212 76 64 128 0.0740556
213 76 64 128 0.168055
214 76 64 128 0.4178
215 76 64 128 0.341085
216 76 64 128 0.229378
217 76 64 128 0.0727482
218 76 64 128 0.0181664
245 76 64 128 0.0176065
246 76 64 128 0.0254176
247 76 64 128 0.0550574
248 76 64 128 0.0967845
249 76 64 128 0.138278
250 76 64 128 0.0509574
251 76 64 128 0.0205949
93 77 64 128 0.0136111
94 77 64 128 0.0197875
95 77 64 128 0.0174261
96 77 64 128 0.011853
170 77 64 128 0.0124804
171 77 64 128 0.015866
174 77 64 128 0.0151512
175 77 64 128 0.0177934
212 77 64 128 0.0238821
213 77 64 128 0.0554713
214 77 64 128 0.178111
215 77 64 128 0.151177
216 77 64 128 0.0993817
217 77 64 128 0.032778
245 77 64 128 0.0151498
246 77 64 128 0.0194148
247 77 64 128 0.0449268
248 77 64 128 0.0783171
249 77 64 128 0.120297
250 77 64 128 0.0400868
251 77 64 128 0.0174607
94 78 64 128 0.0126256
95 78 64 128 0.0113551
174 78 64 128 0.0113865
175 78 64 128 0.0166582
212 78 64 128 0.0134327
213 78 64 128 0.0307033
214 78 64 128 0.116917
215 78 64 128 0.100173
216 78 64 128 0.0676692
217 78 64 128 0.0184727
246 78 64 128 0.0115391
247 78 64 128 0.0240589
248 78 64 128 0.0468304
249 78 64 128 0.0630155
250 78 64 128 0.0246461
175 79 64 128 0.0148043
176 79 64 128 0.0112557
213 79 64 128 0.0163213
214 79 64 128 0.0721548
215 79 64 128 0.0645073
216 79 64 128 0.050362
217 79 64 128 0.0130403
247 79 64 128 0.0100255
248 79 64 128 0.0172245
249 79 64 128 0.0289218
250 79 64 128 0.0103345
178 80 64 128 0.0100345
179 80 64 128 0.0113002
213 80 64 128 0.0109324
214 80 64 128 0.0517602
215 80 64 128 0.0515133
216 80 64 128 0.0412655
217 80 64 128 0.0100995
249 80 64 128 0.0128179
214 81 64 128 0.0157895
215 81 64 128 0.017573
216 81 64 128 0.0153602
214 82 64 128 0.0102453
215 82 64 128 0.0123562
216 82 64 128 0.0104129
11 92 64 128 0.0102877
235 92 64 128 0.0110243
9 93 64 128 0.0131667
10 93 64 128 0.0139319
11 93 64 128 0.0131589
32 93 64 128 0.0135614
33 93 64 128 0.013408
234 93 64 128 0.0133289
235 93 64 128 0.017017
236 93 64 128 0.0142178
32 94 64 128 0.0164048
33 94 64 128 0.0161362
233 94 64 128 0.0103981
234 94 64 128 0.0276838
235 94 64 128 0.034247
236 94 64 128 0.0267758
32 95 64 128 0.0191677
33 95 64 128 0.0206494
233 95 64 128 0.0122114
234 95 64 128 0.035083
235 95 64 128 0.0367802
236 95 64 128 0.0292505
31 96 64 128 0.0108147
32 96 64 128 0.0254913
33 96 64 128 0.0319106
34 96 64 128 0.0151113
232 96 64 128 0.0115619
233 96 64 128 0.0170908
234 96 64 128 0.0475951
235 96 64 128 0.0564451
236 96 64 128 0.035456
9 97 64 128 0.0120979
10 97 64 128 0.0142247
31 97 64 128 0.0152121
32 97 64 128 0.0360845
33 97 64 128 0.0458879
34 97 64 128 0.0234327
232 97 64 128 0.0101496
233 97 64 128 0.0180582
234 97 64 128 0.0440369
235 97 64 128 0.0453524
236 97 64 128 0.028696
10 98 64 128 0.0106499
31 98 64 128 0.0182349
32 98 64 128 0.0447691
33 98 64 128 0.0567486
34 98 64 128 0.0334913
205 98 64 128 0.0133649
233 98 64 128 0.0159538
234 98 64 128 0.0384403
235 98 64 128 0.0398825
236 98 64 128 0.0255862
10 99 64 128 0.0107805
31 99 64 128 0.0226853
32 99 64 128 0.0519004
33 99 64 128 0.0700209
34 99 64 128 0.0368303
35 99 64 128 0.0117911
205 99 64 128 0.0172763
206 99 64 128 0.0111282
233 99 64 128 0.0113483
234 99 64 128 0.0232086
235 99 64 128 0.022761
236 99 64 128 0.01246
30 100 64 128 0.0105037
31 100 64 128 0.0282479
32 100 64 128 0.0639785
33 100 64 128 0.0903037
34 100 64 128 0.057443
35 100 64 128 0.0195515
203 100 64 128 0.0119211
204 100 64 128 0.0207574
205 100 64 128 0.0318987
206 100 64 128 0.021066
207 100 64 128 0.0118807
233 100 64 128 0.0129399
234 100 64 128 0.022344
235 100 64 128 0.02529
236 100 64 128 0.0134786
30 101 64 128 0.0122917
31 101 64 128 0.0318123
32 101 64 128 0.0735837
33 101 64 128 0.0988416
34 101 64 128 0.0626846
35 101 64 128 0.0239045
36 101 64 128 0.0114668
71 101 64 128 0.011109
72 101 64 128 0.0127232
73 101 64 128 0.016737
74 101 64 128 0.0131924
75 101 64 128 0.0163771
76 101 64 128 0.0171394
77 101 64 128 0.0214551
78 101 64 128 0.0140202
172 101 64 128 0.013974
174 101 64 128 0.0107377
175 101 64 128 0.0101774
203 101 64 128 0.0143632
204 101 64 128 0.0213004
205 101 64 128 0.0392129
206 101 64 128 0.0209787
207 101 64 128 0.0163539
208 101 64 128 0.0124665
209 101 64 128 0.0111954
233 101 64 128 0.0149495
234 101 64 128 0.0248117
235 101 64 128 0.0277206
236 101 64 128 0.0142884
30 102 64 128 0.0129245
31 102 64 128 0.0335527
32 102 64 128 0.0723893
33 102 64 128 0.101723
34 102 64 128 0.0702073
35 102 64 128 0.0266868
36 102 64 128 0.0151531
70 102 64 128 0.0106071
71 102 64 128 0.0308511
72 102 64 128 0.0365635
73 102 64 128 0.0471584
74 102 64 128 0.0379368
75 102 64 128 0.0514694
76 102 64 128 0.050934
77 102 64 128 0.0591197
78 102 64 128 0.0380951
79 102 64 128 0.0197546
171 102 64 128 0.0146193
172 102 64 128 0.0304913
173 102 64 128 0.0202247
174 102 64 128 0.025353
175 102 64 128 0.0221308
176 102 64 128 0.0137593
202 102 64 128 0.0100653
203 102 64 128 0.0213489
204 102 64 128 0.0362337
205 102 64 128 0.0539818
206 102 64 128 0.0415231
207 102 64 128 0.0311829
208 102 64 128 0.0295676
209 102 64 128 0.0283469
210 102 64 128 0.0223764
211 102 64 128 0.0147657
231 102 64 128 0.0112
232 102 64 128 0.01674
233 102 64 128 0.0320223
234 102 64 128 0.055161
235 102 64 128 0.0542606
236 102 64 128 0.0276961
30 103 64 128 0.0168361
31 103 64 128 0.0383477
32 103 64 128 0.0767403
33 103 64 128 0.0993448
34 103 64 128 0.0610047
35 103 64 128 0.0212339
36 103 64 128 0.012764
70 103 64 128 0.0261278
71 103 64 128 0.0771304
72 103 64 128 0.105037
73 103 64 128 0.13761
74 103 64 128 0.10688
75 103 64 128 0.138051
76 103 64 128 0.123556
77 103 64 128 0.14223
78 103 64 128 0.0939139
79 103 64 128 0.0586078
80 103 64 128 0.0186968
81 103 64 128 0.0103162
171 103 64 128 0.0150546
172 103 64 128 0.0303696
173 103 64 128 0.0214637
174 103 64 128 0.0280949
175 103 64 128 0.023852
176 103 64 128 0.0132266
203 103 64 128 0.0176738
204 103 64 128 0.026234
205 103 64 128 0.0378454
206 103 64 128 0.026388
207 103 64 128 0.0198598
208 103 64 128 0.0192266
209 103 64 128 0.0233835
210 103 64 128 0.019544
211 103 64 128 0.0142024
232 103 64 128 0.0117965
233 103 64 128 0.0257621
234 103 64 128 0.0464649
235 103 64 128 0.0556614
236 103 64 128 0.0311259
30 104 64 128 0.0175068
31 104 64 128 0.038383
32 104 64 128 0.0740737
33 104 64 128 0.0908199
34 104 64 128 0.0599434
35 104 64 128 0.0213791
36 104 64 128 0.0141555
69 104 64 128 0.0206632
70 104 64 128 0.0733187
71 104 64 128 0.209929
72 104 64 128 0.270588
73 104 64 128 0.327297
74 104 64 128 0.271637
75 104 64 128 0.33821
76 104 64 128 0.315361
77 104 64 128 0.353816
78 104 64 128 0.234823
79 104 64 128 0.169505
80 104 64 128 0.0711493
81 104 64 128 0.0436377
82 104 64 128 0.0254967
83 104 64 128 0.014734
171 104 64 128 0.0156046
172 104 64 128 0.0377709
173 104 64 128 0.0300593
174 104 64 128 0.0467233
175 104 64 128 0.0327961
176 104 64 128 0.0239268
202 104 64 128 0.0128931
203 104 64 128 0.025319
204 104 64 128 0.039719
205 104 64 128 0.0439256
206 104 64 128 0.035625
207 104 64 128 0.0208811
208 104 64 128 0.0232647
209 104 64 128 0.0258963
210 104 64 128 0.0284316
211 104 64 128 0.0204482
212 104 64 128 0.0116573
231 104 64 128 0.0106724
232 104 64 128 0.0146769
233 104 64 128 0.0321968
234 104 64 128 0.0515633
235 104 64 128 0.0837417
236 104 64 128 0.0440761
237 104 64 128 0.0113716
30 105 64 128 0.0166737
31 105 64 128 0.031585
32 105 64 128 0.0627183
33 105 64 128 0.0641025
34 105 64 128 0.0401534
35 105 64 128 0.016414
36 105 64 128 0.010514
69 105 64 128 0.0454188
70 105 64 128 0.155672
71 105 64 128 0.365685
72 105 64 128 0.47965
73 105 64 128 0.557804
74 105 64 128 0.498677
75 105 64 128 0.529895
76 105 64 128 0.558024
77 105 64 128 0.606413
78 105 64 128 0.494958
79 105 64 128 0.348801
80 105 64 128 0.174741
81 105 64 128 0.103381
82 105 64 128 0.0705982
83 105 64 128 0.0424271
84 105 64 128 0.0130818
171 105 64 128 0.011214
172 105 64 128 0.0263666
173 105 64 128 0.020957
174 105 64 128 0.0304912
175 105 64 128 0.0190631
176 105 64 128 0.0169812
202 105 64 128 0.0105712
203 105 64 128 0.0184855
204 105 64 128 0.0222239
205 105 64 128 0.0248387
206 105 64 128 0.0179001
207 105 64 128 0.0126351
208 105 64 128 0.0124631
209 105 64 128 0.0147838
210 105 64 128 0.0165791
211 105 64 128 0.0144726
232 105 64 128 0.0104142
233 105 64 128 0.0260702
234 105 64 128 0.046631
235 105 64 128 0.0878704
236 105 64 128 0.0523561
237 105 64 128 0.0158283
29 106 64 128 0.0117278
30 106 64 128 0.0204242
31 106 64 128 0.0400809
32 106 64 128 0.0642608
33 106 64 128 0.0707469
34 106 64 128 0.0404774
35 106 64 128 0.0164406
36 106 64 128 0.0102849
68 106 64 128 0.0165819
69 106 64 128 0.0936844
70 106 64 128 0.288574
71 106 64 128 0.581965
72 106 64 128 0.681189
73 106 64 128 0.760326
74 106 64 128 0.706636
75 106 64 128 0.755946
76 106 64 128 0.773578
77 106 64 128 0.831404
78 106 64 128 0.767924
79 106 64 128 0.659779
80 106 64 128 0.402384
81 106 64 128 0.268853
82 106 64 128 0.219536
83 106 64 128 0.15043
84 106 64 128 0.052827
85 106 64 128 0.0184996
171 106 64 128 0.0110732
172 106 64 128 0.0304795
173 106 64 128 0.0263639
174 106 64 128 0.0403026
175 106 64 128 0.026945
176 106 64 128 0.0278595
201 106 64 128 0.0103883
202 106 64 128 0.0276284
203 106 64 128 0.0404581
204 106 64 128 0.0562567
205 106 64 128 0.0434141
206 106 64 128 0.031416
207 106 64 128 0.0180201
208 106 64 128 0.01702
209 106 64 128 0.0189467
210 106 64 128 0.0242317
211 106 64 128 0.0250174
212 106 64 128 0.014393
213 106 64 128 0.0120217
214 106 64 128 0.0147777
215 106 64 128 0.0112131
232 106 64 128 0.0104064
233 106 64 128 0.0254827
234 106 64 128 0.0503454
235 106 64 128 0.0955811
236 106 64 128 0.0668774
237 106 64 128 0.0209081
29 107 64 128 0.0152437
30 107 64 128 0.0247024
31 107 64 128 0.0412504
32 107 64 128 0.0602395
33 107 64 128 0.0609884
34 107 64 128 0.0348802
35 107 64 128 0.0120293
68 107 64 128 0.0253865
69 107 64 128 0.126587
70 107 64 128 0.398032
71 107 64 128 0.674905
72 107 64 128 0.789992
73 107 64 128 0.838579
74 107 64 128 0.811372
75 107 64 128 0.841266
76 107 64 128 0.829599
77 107 64 128 0.890853
78 107 64 128 0.851979
79 107 64 128 0.805393
80 107 64 128 0.588196
81 107 64 128 0.441709
82 107 64 128 0.314062
83 107 64 128 0.23755
84 107 64 128 0.104379
85 107 64 128 0.0416665
86 107 64 128 0.0154449
144 107 64 128 0.0148575
145 107 64 128 0.0167715
146 107 64 128 0.0156658
147 107 64 128 0.014456
148 107 64 128 0.0204715
149 107 64 128 0.0139041
172 107 64 128 0.0239577
173 107 64 128 0.0217781
174 107 64 128 0.0388927
175 107 64 128 0.0223555
176 107 64 128 0.0227744
183 107 64 128 0.0135365
201 107 64 128 0.0143215
202 107 64 128 0.0379437
203 107 64 128 0.0496999
204 107 64 128 0.0635493
205 107 64 128 0.04456
206 107 64 128 0.0288338
207 107 64 128 0.0146288
208 107 64 128 0.0122739
209 107 64 128 0.0124594
210 107 64 128 0.0141273
211 107 64 128 0.014012
233 107 64 128 0.0120031
234 107 64 128 0.0243421
235 107 64 128 0.0617613
236 107 64 128 0.0499161
237 107 64 128 0.0204399
250 107 64 128 0.0138304
251 107 64 128 0.011287
29 108 64 128 0.0171172
30 108 64 128 0.0244716
31 108 64 128 0.0422892
32 108 64 128 0.058621
33 108 64 128 0.0568739
34 108 64 128 0.0329109
35 108 64 128 0.0123255
67 108 64 128 0.0119252
68 108 64 128 0.0267692
69 108 64 128 0.128257
70 108 64 128 0.404097
71 108 64 128 0.708737
72 108 64 128 0.77793
73 108 64 128 0.833052
74 108 64 128 0.810522
75 108 64 128 0.861023
76 108 64 128 0.846588
77 108 64 128 0.906822
78 108 64 128 0.889411
79 108 64 128 0.877115
80 108 64 128 0.693033
81 108 64 128 0.598435
82 108 64 128 0.4459
83 108 64 128 0.418144
84 108 64 128 0.200368
85 108 64 128 0.106284
86 108 64 128 0.0448746
87 108 64 128 0.0196551
144 108 64 128 0.0147893
145 108 64 128 0.0202133
146 108 64 128 0.0212071
147 108 64 128 0.0247407
148 108 64 128 0.0342589
149 108 64 128 0.0257116
158 108 64 128 0.0154941
159 108 64 128 0.0264127
160 108 64 128 0.01489
172 108 64 128 0.0262355
173 108 64 128 0.0302988
174 108 64 128 0.0588963
175 108 64 128 0.0348538
176 108 64 128 0.0333577
177 108 64 128 0.014232
178 108 64 128 0.0115803
181 108 64 128 0.0104825
182 108 64 128 0.0232171
183 108 64 128 0.0482162
184 108 64 128 0.0292356
185 108 64 128 0.015787
186 108 64 128 0.0121223
201 108 64 128 0.0384116
202 108 64 128 0.107114
203 108 64 128 0.125624
204 108 64 128 0.152434
205 108 64 128 0.10281
206 108 64 128 0.0678729
207 108 64 128 0.0264123
208 108 64 128 0.0263389
209 108 64 128 0.0197589
210 108 64 128 0.0229969
211 108 64 128 0.0162259
212 108 64 128 0.0104337
214 108 64 128 0.0115764
233 108 64 128 0.0163481
234 108 64 128 0.0386243
235 108 64 128 0.0846292
236 108 64 128 0.0735363
237 108 64 128 0.0270234
28 109 64 128 0.0101951
29 109 64 128 0.0202083
30 109 64 128 0.0270056
31 109 64 128 0.0423577
32 109 64 128 0.0593262
33 109 64 128 0.0516887
34 109 64 128 0.0305786
35 109 64 128 0.0125361
67 109 64 128 0.0105435
68 109 64 128 0.0240545
69 109 64 128 0.101509
70 109 64 128 0.338652
71 109 64 128 0.632315
72 109 64 128 0.731161
73 109 64 128 0.757966
74 109 64 128 0.744275
75 109 64 128 0.795321
76 109 64 128 0.796184
77 109 64 128 0.855879
78 109 64 128 0.862992
79 109 64 128 0.837735
80 109 64 128 0.645304
81 109 64 128 0.482063
82 109 64 128 0.397259
83 109 64 128 0.339748
84 109 64 128 0.178088
85 109 64 128 0.108253
86 109 64 128 0.0577282
87 109 64 128 0.0295762
88 109 64 128 0.0116609
144 109 64 128 0.018273
145 109 64 128 0.027689
146 109 64 128 0.0320668
147 109 64 128 0.0375204
148 109 64 128 0.0520109
149 109 64 128 0.0360628
150 109 64 128 0.0119222
157 109 64 128 0.0201777
158 109 64 128 0.0498303
159 109 64 128 0.0892106
160 109 64 128 0.0411833
172 109 64 128 0.0169708
173 109 64 128 0.0203936
174 109 64 128 0.0419223
175 109 64 128 0.027406
176 109 64 128 0.0334986
177 109 64 128 0.01389
178 109 64 128 0.0116011
181 109 64 128 0.0142711
182 109 64 128 0.0269568
183 109 64 128 0.0597425
184 109 64 128 0.0453915
185 109 64 128 0.0368588
186 109 64 128 0.0242704
187 109 64 128 0.0157887
200 109 64 128 0.0120327
201 109 64 128 0.0556257
202 109 64 128 0.126733
203 109 64 128 0.172763
204 109 64 128 0.170675
205 109 64 128 0.104822
206 109 64 128 0.0620404
207 109 64 128 0.0304099
208 109 64 128 0.0223837
209 109 64 128 0.0162742
210 109 64 128 0.0160318
211 109 64 128 0.0104968
233 109 64 128 0.0196876
234 109 64 128 0.0433528
235 109 64 128 0.105554
236 109 64 128 0.110439
237 109 64 128 0.0524528
238 109 64 128 0.017985
244 109 64 128 0.0112307
245 109 64 128 0.0185075
246 109 64 128 0.0127223
247 109 64 128 0.0149746
248 109 64 128 0.0124945
249 109 64 128 0.0123464
250 109 64 128 0.0158618
251 109 64 128 0.0105719
28 110 64 128 0.01133
29 110 64 128 0.0229581
30 110 64 128 0.033762
31 110 64 128 0.0504825
32 110 64 128 0.0657841
33 110 64 128 0.0638819
34 110 64 128 0.0347759
35 110 64 128 0.0149537
68 110 64 128 0.0206833
69 110 64 128 0.0962803
70 110 64 128 0.280519
71 110 64 128 0.563051
72 110 64 128 0.646361
73 110 64 128 0.700897
74 110 64 128 0.685043
75 110 64 128 0.74676
76 110 64 128 0.743796
77 110 64 128 0.825282
78 110 64 128 0.822591
79 110 64 128 0.80721
80 110 64 128 0.617134
81 110 64 128 0.46786
82 110 64 128 0.372663
83 110 64 128 0.346795
84 110 64 128 0.184033
85 110 64 128 0.116445
86 110 64 128 0.0674563
87 110 64 128 0.0327572
88 110 64 128 0.0143875
145 110 64 128 0.018977
146 110 64 128 0.0245721
147 110 64 128 0.0323147
148 110 64 128 0.0420695
149 110 64 128 0.0352905
150 110 64 128 0.0126715
157 110 64 128 0.0383915
158 110 64 128 0.10524
159 110 64 128 0.156209
160 110 64 128 0.070135
161 110 64 128 0.0103698
172 110 64 128 0.0191357
173 110 64 128 0.0229493
174 110 64 128 0.056962
175 110 64 128 0.0426834
176 110 64 128 0.0626482
177 110 64 128 0.0315596
178 110 64 128 0.0320104
179 110 64 128 0.0327007
180 110 64 128 0.0269192
181 110 64 128 0.0564104
182 110 64 128 0.104944
183 110 64 128 0.207486
184 110 64 128 0.179821
185 110 64 128 0.142385
186 110 64 128 0.112403
187 110 64 128 0.0702697
188 110 64 128 0.021221
200 110 64 128 0.0438445
201 110 64 128 0.169977
202 110 64 128 0.357019
203 110 64 128 0.442114
204 110 64 128 0.47665
205 110 64 128 0.287681
206 110 64 128 0.181058
207 110 64 128 0.0848251
208 110 64 128 0.0588461
209 110 64 128 0.0359388
210 110 64 128 0.0288628
211 110 64 128 0.0193317
214 110 64 128 0.012441
232 110 64 128 0.0100579
233 110 64 128 0.0272345
234 110 64 128 0.0719937
235 110 64 128 0.151842
236 110 64 128 0.188398
237 110 64 128 0.102219
238 110 64 128 0.035559
239 110 64 128 0.0143132
243 110 64 128 0.0115627
244 110 64 128 0.0163496
245 110 64 128 0.0218557
246 110 64 128 0.0119032
247 110 64 128 0.0131925
19 111 64 128 0.0109008
20 111 64 128 0.0107052
24 111 64 128 0.0100968
25 111 64 128 0.012998
26 111 64 128 0.012847
27 111 64 128 0.0151626
28 111 64 128 0.0168118
29 111 64 128 0.0294963
30 111 64 128 0.0513939
31 111 64 128 0.062048
32 111 64 128 0.077038
33 111 64 128 0.063098
34 111 64 128 0.0376175
35 111 64 128 0.0126802
67 111 64 128 0.010493
68 111 64 128 0.0228531
69 111 64 128 0.0776028
70 111 64 128 0.238927
71 111 64 128 0.494795
72 111 64 128 0.609437
73 111 64 128 0.632717
74 111 64 128 0.599238
75 111 64 128 0.684163
76 111 64 128 0.665336
77 111 64 128 0.759754
78 111 64 128 0.763318
79 111 64 128 0.737362
80 111 64 128 0.535774
81 111 64 128 0.395897
82 111 64 128 0.283821
83 111 64 128 0.253615
84 111 64 128 0.12757
85 111 64 128 0.0885819
86 111 64 128 0.0561472
87 111 64 128 0.0292777
88 111 64 128 0.011821
145 111 64 128 0.0165728
146 111 64 128 0.0241588
147 111 64 128 0.0293618
148 111 64 128 0.0418137
149 111 64 128 0.0340951
150 111 64 128 0.0129868
156 111 64 128 0.0206772
157 111 64 128 0.0950951
158 111 64 128 0.185485
159 111 64 128 0.266127
160 111 64 128 0.107956
161 111 64 128 0.0152855
172 111 64 128 0.0167183
173 111 64 128 0.0193283
174 111 64 128 0.052845
175 111 64 128 0.0405582
176 111 64 128 0.0575264
177 111 64 128 0.0369309
178 111 64 128 0.0428794
179 111 64 128 0.0527735
180 111 64 128 0.0461597
181 111 64 128 0.103861
182 111 64 128 0.177611
183 111 64 128 0.323963
184 111 64 128 0.281434
185 111 64 128 0.218581
186 111 64 128 0.214433
187 111 64 128 0.126628
188 111 64 128 0.0449865
200 111 64 128 0.0424036
201 111 64 128 0.160313
202 111 64 128 0.408611
203 111 64 128 0.455533
204 111 64 128 0.497984
205 111 64 128 0.287538
206 111 64 128 0.203646
207 111 64 128 0.0908078
208 111 64 128 0.0571179
209 111 64 128 0.0289402
210 111 64 128 0.0184975
233 111 64 128 0.0215177
234 111 64 128 0.053267
235 111 64 128 0.144727
236 111 64 128 0.183992
237 111 64 128 0.132979
238 111 64 128 0.0426841
239 111 64 128 0.0203549
242 111 64 128 0.0101865
243 111 64 128 0.0195339
244 111 64 128 0.027568
245 111 64 128 0.0335419
246 111 64 128 0.0189394
247 111 64 128 0.0229882
248 111 64 128 0.0159774
249 111 64 128 0.0140594
250 111 64 128 0.0126364
