187 20 98 196 0.0100926
188 20 98 196 0.0101519
189 20 98 196 0.0102177
189 29 98 196 0.0107456
190 29 98 196 0.0111258
183 30 98 196 0.0110685
184 30 98 196 0.0113268
185 30 98 196 0.0110551
186 30 98 196 0.0110744
187 30 98 196 0.0112537
188 30 98 196 0.0120347
189 30 98 196 0.0137456
190 30 98 196 0.0134502
191 30 98 196 0.0109617
180 31 98 196 0.0100945
181 31 98 196 0.0118639
182 31 98 196 0.0134921
183 31 98 196 0.0150089
184 31 98 196 0.0151689
185 31 98 196 0.0144856
186 31 98 196 0.0143806
187 31 98 196 0.014542
188 31 98 196 0.0152658
189 31 98 196 0.0168487
190 31 98 196 0.0160673
191 31 98 196 0.0127085
192 31 98 196 0.010304
179 32 98 196 0.01062
180 32 98 196 0.0130641
181 32 98 196 0.01518
182 32 98 196 0.01746
183 32 98 196 0.0198694
184 32 98 196 0.0192765
185 32 98 196 0.0174815
186 32 98 196 0.0181569
187 32 98 196 0.0182266
188 32 98 196 0.0178729
189 32 98 196 0.0197575
190 32 98 196 0.0193401
191 32 98 196 0.0157896
192 32 98 196 0.013583
193 32 98 196 0.0115595
177 33 98 196 0.0117214
178 33 98 196 0.0136435
179 33 98 196 0.0155861
180 33 98 196 0.0188419
181 33 98 196 0.0221108
182 33 98 196 0.0245276
183 33 98 196 0.0255268
184 33 98 196 0.0243493
185 33 98 196 0.0227939
186 33 98 196 0.0231648
187 33 98 196 0.0233221
188 33 98 196 0.0231409
189 33 98 196 0.0241228
190 33 98 196 0.0234827
191 33 98 196 0.0201675
192 33 98 196 0.0162197
193 33 98 196 0.0128046
194 33 98 196 0.010538
176 34 98 196 0.011996
177 34 98 196 0.0165371
178 34 98 196 0.0188122
179 34 98 196 0.0206478
180 34 98 196 0.0247665
181 34 98 196 0.0291557
182 34 98 196 0.0316134
183 34 98 196 0.0311602
184 34 98 196 0.0293377
185 34 98 196 0.0280162
186 34 98 196 0.0282054
187 34 98 196 0.0283682
188 34 98 196 0.0278943
189 34 98 196 0.0272869
190 34 98 196 0.0261479
191 34 98 196 0.0232214
192 34 98 196 0.0175022
193 34 98 196 0.0129224
194 34 98 196 0.0115167
195 34 98 196 0.0106517
171 35 98 196 0.0109911
172 35 98 196 0.0105573
173 35 98 196 0.0109244
174 35 98 196 0.0125879
175 35 98 196 0.012266
176 35 98 196 0.0139379
177 35 98 196 0.0191031
178 35 98 196 0.0217114
179 35 98 196 0.0237868
180 35 98 196 0.0284166
181 35 98 196 0.0325967
182 35 98 196 0.0354078
183 35 98 196 0.0364901
184 35 98 196 0.0331229
185 35 98 196 0.0295198
186 35 98 196 0.031197
187 35 98 196 0.0307647
188 35 98 196 0.0272119
189 35 98 196 0.0260064
190 35 98 196 0.0251814
191 35 98 196 0.0225744
192 35 98 196 0.018417
193 35 98 196 0.0147371
194 35 98 196 0.0128861
195 35 98 196 0.0123368
196 35 98 196 0.0115906
197 35 98 196 0.0101041
168 36 98 196 0.0109296
169 36 98 196 0.0121242
170 36 98 196 0.0142129
171 36 98 196 0.0165563
172 36 98 196 0.0170276
173 36 98 196 0.0183646
174 36 98 196 0.0206725
175 36 98 196 0.0202959
176 36 98 196 0.0229641
177 36 98 196 0.0303734
178 36 98 196 0.0334348
179 36 98 196 0.0354862
180 36 98 196 0.0410675
181 36 98 196 0.0446785
182 36 98 196 0.0454334
183 36 98 196 0.0443102
184 36 98 196 0.0386629
185 36 98 196 0.0326894
186 36 98 196 0.0321686
187 36 98 196 0.030558
188 36 98 196 0.0268172
189 36 98 196 0.0256086
190 36 98 196 0.0247422
191 36 98 196 0.0221322
192 36 98 196 0.018181
193 36 98 196 0.0147358
194 36 98 196 0.0129255
195 36 98 196 0.0121496
196 36 98 196 0.011118
165 37 98 196 0.0109328
166 37 98 196 0.0124349
167 37 98 196 0.0141565
168 37 98 196 0.0161654
169 37 98 196 0.0181987
170 37 98 196 0.0211092
171 37 98 196 0.0245279
172 37 98 196 0.0269684
173 37 98 196 0.0289735
174 37 98 196 0.0302396
175 37 98 196 0.0298331
176 37 98 196 0.0344573
177 37 98 196 0.0444489
178 37 98 196 0.047468
179 37 98 196 0.0487465
180 37 98 196 0.0548522
181 37 98 196 0.057633
182 37 98 196 0.0552509
183 37 98 196 0.0499847
184 37 98 196 0.0423941
185 37 98 196 0.0350511
186 37 98 196 0.0309041
187 37 98 196 0.0286733
188 37 98 196 0.0274358
189 37 98 196 0.0270545
190 37 98 196 0.026027
191 37 98 196 0.0228896
192 37 98 196 0.0173983
193 37 98 196 0.013257
194 37 98 196 0.0119936
195 37 98 196 0.0106662
164 38 98 196 0.0106727
165 38 98 196 0.0124503
166 38 98 196 0.0134104
167 38 98 196 0.0151145
168 38 98 196 0.0177915
169 38 98 196 0.0205256
170 38 98 196 0.0239438
171 38 98 196 0.0277952
172 38 98 196 0.0307102
173 38 98 196 0.0321997
174 38 98 196 0.0321155
175 38 98 196 0.0312391
176 38 98 196 0.0354357
177 38 98 196 0.0442118
178 38 98 196 0.0459499
179 38 98 196 0.0459237
180 38 98 196 0.0504681
181 38 98 196 0.0515709
182 38 98 196 0.0488881
183 38 98 196 0.0451968
184 38 98 196 0.0374216
185 38 98 196 0.029419
186 38 98 196 0.0273509
187 38 98 196 0.0262421
188 38 98 196 0.0250455
189 38 98 196 0.0266187
190 38 98 196 0.0265107
191 38 98 196 0.0225866
192 38 98 196 0.0175243
193 38 98 196 0.0137882
194 38 98 196 0.012041
195 38 98 196 0.0107933
163 39 98 196 0.0100781
164 39 98 196 0.0109286
165 39 98 196 0.0126275
166 39 98 196 0.0137525
167 39 98 196 0.0153531
168 39 98 196 0.0177349
169 39 98 196 0.0204408
170 39 98 196 0.0239138
171 39 98 196 0.0278868
172 39 98 196 0.0310638
173 39 98 196 0.0319099
174 39 98 196 0.0307154
175 39 98 196 0.0302512
176 39 98 196 0.0335134
177 39 98 196 0.0390996
178 39 98 196 0.0399091
179 39 98 196 0.0398008
180 39 98 196 0.0428136
181 39 98 196 0.0428883
182 39 98 196 0.0399406
183 39 98 196 0.0363769
184 39 98 196 0.0303548
185 39 98 196 0.0249635
186 39 98 196 0.0244873
187 39 98 196 0.0239138
188 39 98 196 0.0226507
189 39 98 196 0.0241015
190 39 98 196 0.0242951
191 39 98 196 0.0211833
192 39 98 196 0.0170503
193 39 98 196 0.0137046
194 39 98 196 0.0118596
195 39 98 196 0.0109708
196 39 98 196 0.0101952
142 40 98 196 0.010085
143 40 98 196 0.0107678
162 40 98 196 0.0103218
163 40 98 196 0.0101717
164 40 98 196 0.0107206
165 40 98 196 0.0125106
166 40 98 196 0.0142777
167 40 98 196 0.0156635
168 40 98 196 0.0169054
169 40 98 196 0.0186552
170 40 98 196 0.0217265
171 40 98 196 0.0258508
172 40 98 196 0.0294251
173 40 98 196 0.0301335
174 40 98 196 0.0286314
175 40 98 196 0.0290661
176 40 98 196 0.0319046
177 40 98 196 0.0351121
178 40 98 196 0.0357416
179 40 98 196 0.0363964
180 40 98 196 0.0390521
181 40 98 196 0.0392752
182 40 98 196 0.0353369
183 40 98 196 0.0289849
184 40 98 196 0.0251148
185 40 98 196 0.0237966
186 40 98 196 0.0222402
187 40 98 196 0.0211466
188 40 98 196 0.0207955
189 40 98 196 0.0205679
190 40 98 196 0.0204445
191 40 98 196 0.0193542
192 40 98 196 0.0156909
193 40 98 196 0.0122861
194 40 98 196 0.0110082
195 40 98 196 0.0103781
140 41 98 196 0.0109133
141 41 98 196 0.010713
142 41 98 196 0.0107139
143 41 98 196 0.0117359
144 41 98 196 0.0101199
162 41 98 196 0.0108438
163 41 98 196 0.0100083
164 41 98 196 0.0102484
165 41 98 196 0.011606
166 41 98 196 0.0118426
167 41 98 196 0.0124247
168 41 98 196 0.0133209
169 41 98 196 0.0136227
170 41 98 196 0.0158783
171 41 98 196 0.0199546
172 41 98 196 0.0226192
173 41 98 196 0.0232988
174 41 98 196 0.0227601
175 41 98 196 0.0224734
176 41 98 196 0.0242291
177 41 98 196 0.027211
178 41 98 196 0.027165
179 41 98 196 0.0270047
180 41 98 196 0.0294455
181 41 98 196 0.0299211
182 41 98 196 0.0270284
183 41 98 196 0.0223639
184 41 98 196 0.0188237
185 41 98 196 0.0173035
186 41 98 196 0.0169065
187 41 98 196 0.0163263
188 41 98 196 0.0158552
189 41 98 196 0.0167205
190 41 98 196 0.0176574
191 41 98 196 0.0171059
192 41 98 196 0.0144225
193 41 98 196 0.0116002
194 41 98 196 0.0101579
171 42 98 196 0.0103167
172 42 98 196 0.0114686
173 42 98 196 0.0119069
174 42 98 196 0.0121321
175 42 98 196 0.0113236
176 42 98 196 0.0119255
177 42 98 196 0.0142154
178 42 98 196 0.0138007
179 42 98 196 0.0130346
180 42 98 196 0.0145466
181 42 98 196 0.0149249
182 42 98 196 0.0138478
183 42 98 196 0.0124307
190 42 98 196 0.0109354
191 42 98 196 0.0104155
0 0 85 170 0.0167129
1 0 85 170 0.0157638
2 0 85 170 0.0138392
3 0 85 170 0.0114596
215 0 85 170 0.0110769
216 0 85 170 0.0137468
217 0 85 170 0.017324
218 0 85 170 0.0194712
219 0 85 170 0.0203718
220 0 85 170 0.0228155
221 0 85 170 0.0230842
222 0 85 170 0.0215232
223 0 85 170 0.0192315
224 0 85 170 0.0157587
225 0 85 170 0.0124567
0 1 85 170 0.0148707
1 1 85 170 0.0145969
2 1 85 170 0.0129537
3 1 85 170 0.0110498
215 1 85 170 0.0116811
216 1 85 170 0.014121
217 1 85 170 0.0177119
218 1 85 170 0.02037
219 1 85 170 0.0217957
220 1 85 170 0.0242822
221 1 85 170 0.02514
222 1 85 170 0.0241176
223 1 85 170 0.0221212
224 1 85 170 0.0192932
225 1 85 170 0.0154842
226 1 85 170 0.0116021
0 2 85 170 0.0125313
1 2 85 170 0.012902
2 2 85 170 0.0120737
3 2 85 170 0.0107913
215 2 85 170 0.0130163
216 2 85 170 0.0158772
217 2 85 170 0.0192856
218 2 85 170 0.0220953
219 2 85 170 0.0242
220 2 85 170 0.0267862
221 2 85 170 0.0275934
222 2 85 170 0.0271175
223 2 85 170 0.025844
224 2 85 170 0.0227227
225 2 85 170 0.0181762
226 2 85 170 0.0134501
0 3 85 170 0.0102091
1 3 85 170 0.0107814
2 3 85 170 0.0107567
214 3 85 170 0.010229
215 3 85 170 0.0136778
216 3 85 170 0.0164471
217 3 85 170 0.0193991
218 3 85 170 0.0224586
219 3 85 170 0.0254861
220 3 85 170 0.0283516
221 3 85 170 0.0291935
222 3 85 170 0.0286529
223 3 85 170 0.0268916
224 3 85 170 0.0228766
225 3 85 170 0.018397
226 3 85 170 0.0140486
227 3 85 170 0.0101841
215 4 85 170 0.0126727
216 4 85 170 0.0142602
217 4 85 170 0.0169716
218 4 85 170 0.0207453
219 4 85 170 0.0244796
220 4 85 170 0.0277101
221 4 85 170 0.0295163
222 4 85 170 0.0287536
223 4 85 170 0.02566
224 4 85 170 0.0219001
225 4 85 170 0.0182086
226 4 85 170 0.0144384
227 4 85 170 0.0106069
215 5 85 170 0.0105596
216 5 85 170 0.0121936
217 5 85 170 0.0154806
218 5 85 170 0.0188012
219 5 85 170 0.0214074
220 5 85 170 0.0247658
221 5 85 170 0.0264421
222 5 85 170 0.0259912
223 5 85 170 0.0241694
224 5 85 170 0.0214679
225 5 85 170 0.0181479
226 5 85 170 0.014493
227 5 85 170 0.0109807
216 6 85 170 0.010171
217 6 85 170 0.0135456
218 6 85 170 0.0165439
219 6 85 170 0.0189643
220 6 85 170 0.0228575
221 6 85 170 0.023499
222 6 85 170 0.0230872
223 6 85 170 0.0228547
224 6 85 170 0.0201113
225 6 85 170 0.0176236
226 6 85 170 0.0149339
227 6 85 170 0.0115275
217 7 85 170 0.0111233
218 7 85 170 0.013677
219 7 85 170 0.0161342
220 7 85 170 0.0200094
221 7 85 170 0.0201949
222 7 85 170 0.0199435
223 7 85 170 0.0205237
224 7 85 170 0.0181294
225 7 85 170 0.0166944
226 7 85 170 0.0149998
227 7 85 170 0.0118525
218 8 85 170 0.0107091
219 8 85 170 0.0122254
220 8 85 170 0.0148756
221 8 85 170 0.0154995
222 8 85 170 0.0158972
223 8 85 170 0.0168989
224 8 85 170 0.0162145
225 8 85 170 0.0154146
226 8 85 170 0.0138901
227 8 85 170 0.0114854
219 9 85 170 0.0102573
220 9 85 170 0.0120081
221 9 85 170 0.0124143
222 9 85 170 0.013008
223 9 85 170 0.0140912
224 9 85 170 0.0137826
225 9 85 170 0.0134586
226 9 85 170 0.0124946
227 9 85 170 0.0106321
221 10 85 170 0.0103202
222 10 85 170 0.0112728
223 10 85 170 0.0129198
224 10 85 170 0.0131414
225 10 85 170 0.0126115
226 10 85 170 0.0114298
222 11 85 170 0.0100845
223 11 85 170 0.0122856
224 11 85 170 0.0127443
225 11 85 170 0.0120895
226 11 85 170 0.0107073
223 12 85 170 0.011559
224 12 85 170 0.0111534
225 12 85 170 0.0107927
226 12 85 170 0.0100564
223 13 85 170 0.0117958
224 13 85 170 0.0109317
223 14 85 170 0.0113517
224 14 85 170 0.0100272
223 15 85 170 0.0107851
223 16 85 170 0.0108676
220 17 85 170 0.0100183
191 40 85 170 0.0106571
192 40 85 170 0.0112895
193 40 85 170 0.0104657
187 41 85 170 0.0100536
188 41 85 170 0.0107306
189 41 85 170 0.0101916
190 41 85 170 0.0104642
191 41 85 170 0.0120846
192 41 85 170 0.012836
193 41 85 170 0.0128291
194 41 85 170 0.0117331
191 42 85 170 0.0109601
192 42 85 170 0.0119745
193 42 85 170 0.0122413
194 42 85 170 0.0116472
192 43 85 170 0.0106844
193 43 85 170 0.0106578
194 43 85 170 0.0103641
191 44 85 170 0.0102099
192 44 85 170 0.0107022
193 44 85 170 0.0108831
194 44 85 170 0.0104809
186 49 85 170 0.0108923
185 50 85 170 0.0111513
186 50 85 170 0.0125448
187 50 85 170 0.0108571
184 51 85 170 0.0103352
185 51 85 170 0.0122072
186 51 85 170 0.0126511
187 51 85 170 0.0109081
183 52 85 170 0.012235
184 52 85 170 0.0140212
185 52 85 170 0.0169664
186 52 85 170 0.0174342
187 52 85 170 0.0145455
188 52 85 170 0.0120012
191 52 85 170 0.0102151
182 53 85 170 0.0116386
183 53 85 170 0.0148631
184 53 85 170 0.0168276
185 53 85 170 0.0197075
186 53 85 170 0.0195358
187 53 85 170 0.0161674
188 53 85 170 0.0141455
189 53 85 170 0.011618
190 53 85 170 0.0106249
191 53 85 170 0.0113076
192 53 85 170 0.010757
166 54 85 170 0.0113324
167 54 85 170 0.0136013
168 54 85 170 0.0144178
169 54 85 170 0.0137369
170 54 85 170 0.0128802
171 54 85 170 0.0124557
172 54 85 170 0.0119945
173 54 85 170 0.0113912
174 54 85 170 0.0109082
175 54 85 170 0.010737
176 54 85 170 0.0111279
177 54 85 170 0.0127105
178 54 85 170 0.0141213
179 54 85 170 0.0143238
180 54 85 170 0.0138827
181 54 85 170 0.0142843
182 54 85 170 0.0176874
183 54 85 170 0.0228375
184 54 85 170 0.0265973
185 54 85 170 0.0300159
186 54 85 170 0.0278136
187 54 85 170 0.0213014
188 54 85 170 0.0178315
189 54 85 170 0.0140573
190 54 85 170 0.0119524
191 54 85 170 0.0123693
192 54 85 170 0.0123281
193 54 85 170 0.0112902
144 55 85 170 0.0111416
145 55 85 170 0.0109683
146 55 85 170 0.0109336
147 55 85 170 0.0110189
164 55 85 170 0.0107688
165 55 85 170 0.0115265
166 55 85 170 0.0145935
167 55 85 170 0.0191435
168 55 85 170 0.0202861
169 55 85 170 0.0183035
170 55 85 170 0.0168982
171 55 85 170 0.0171937
172 55 85 170 0.0171461
173 55 85 170 0.0163534
174 55 85 170 0.015246
175 55 85 170 0.0147441
176 55 85 170 0.0158979
177 55 85 170 0.0189215
178 55 85 170 0.0206518
179 55 85 170 0.02033
180 55 85 170 0.0200036
181 55 85 170 0.0194229
182 55 85 170 0.0234052
183 55 85 170 0.0304372
184 55 85 170 0.033943
185 55 85 170 0.0368649
186 55 85 170 0.0331049
187 55 85 170 0.0242263
188 55 85 170 0.0195583
189 55 85 170 0.0148819
190 55 85 170 0.0124318
191 55 85 170 0.0128381
192 55 85 170 0.0122998
193 55 85 170 0.0111717
142 56 85 170 0.0103054
143 56 85 170 0.0133864
144 56 85 170 0.0159177
145 56 85 170 0.0151037
146 56 85 170 0.0140893
147 56 85 170 0.013643
148 56 85 170 0.0114811
163 56 85 170 0.0104085
164 56 85 170 0.0125782
165 56 85 170 0.012754
166 56 85 170 0.0174449
167 56 85 170 0.0245614
168 56 85 170 0.0251067
169 56 85 170 0.0237827
170 56 85 170 0.0221593
171 56 85 170 0.0209227
172 56 85 170 0.0204737
173 56 85 170 0.0177905
174 56 85 170 0.015509
175 56 85 170 0.0154542
176 56 85 170 0.0162711
177 56 85 170 0.0176729
178 56 85 170 0.0190903
179 56 85 170 0.0201748
180 56 85 170 0.0204955
181 56 85 170 0.0192996
182 56 85 170 0.02275
183 56 85 170 0.0283583
184 56 85 170 0.0276591
185 56 85 170 0.027366
186 56 85 170 0.0240758
187 56 85 170 0.0180843
188 56 85 170 0.0154624
189 56 85 170 0.012112
190 56 85 170 0.0105766
191 56 85 170 0.0112562
192 56 85 170 0.0101988
140 57 85 170 0.0106365
141 57 85 170 0.0143428
142 57 85 170 0.0199223
143 57 85 170 0.0259101
144 57 85 170 0.0287289
145 57 85 170 0.0272872
146 57 85 170 0.0257893
147 57 85 170 0.0243298
148 57 85 170 0.0199129
149 57 85 170 0.0156529
150 57 85 170 0.0128925
151 57 85 170 0.0115544
152 57 85 170 0.0105109
162 57 85 170 0.0100571
163 57 85 170 0.0124075
164 57 85 170 0.0155972
165 57 85 170 0.0168682
166 57 85 170 0.0211451
167 57 85 170 0.0267143
168 57 85 170 0.0269482
169 57 85 170 0.0272944
170 57 85 170 0.0259774
171 57 85 170 0.0226252
172 57 85 170 0.020015
173 57 85 170 0.0159685
174 57 85 170 0.0134708
175 57 85 170 0.0134659
176 57 85 170 0.0134661
177 57 85 170 0.0142323
178 57 85 170 0.0152532
179 57 85 170 0.0157389
180 57 85 170 0.0157597
181 57 85 170 0.0162676
182 57 85 170 0.0186249
183 57 85 170 0.0212412
184 57 85 170 0.021134
185 57 85 170 0.0198634
186 57 85 170 0.0171758
187 57 85 170 0.0138776
188 57 85 170 0.0117294
140 58 85 170 0.0127833
141 58 85 170 0.0169881
142 58 85 170 0.0236271
143 58 85 170 0.0312702
144 58 85 170 0.0350509
145 58 85 170 0.0321447
146 58 85 170 0.0296526
147 58 85 170 0.027609
148 58 85 170 0.0212296
149 58 85 170 0.0174737
150 58 85 170 0.0146025
151 58 85 170 0.0118841
152 58 85 170 0.0109104
162 58 85 170 0.0102877
163 58 85 170 0.0125703
164 58 85 170 0.0149225
165 58 85 170 0.0175156
166 58 85 170 0.0212436
167 58 85 170 0.0242274
168 58 85 170 0.0239866
169 58 85 170 0.023576
170 58 85 170 0.0218447
171 58 85 170 0.0187448
172 58 85 170 0.0160988
173 58 85 170 0.0125418
174 58 85 170 0.0101401
178 58 85 170 0.0102709
179 58 85 170 0.0104538
181 58 85 170 0.0107216
182 58 85 170 0.0121712
183 58 85 170 0.0136987
184 58 85 170 0.0151057
185 58 85 170 0.0147514
186 58 85 170 0.012718
187 58 85 170 0.0103253
139 59 85 170 0.0100069
140 59 85 170 0.0128452
141 59 85 170 0.0170014
142 59 85 170 0.0227097
143 59 85 170 0.0300996
144 59 85 170 0.035756
145 59 85 170 0.0318472
146 59 85 170 0.028184
147 59 85 170 0.0255854
148 59 85 170 0.0175287
149 59 85 170 0.014451
150 59 85 170 0.0123917
163 59 85 170 0.0102753
164 59 85 170 0.0111141
165 59 85 170 0.0136789
166 59 85 170 0.0166357
167 59 85 170 0.0182088
168 59 85 170 0.0179571
169 59 85 170 0.0158345
170 59 85 170 0.0134812
171 59 85 170 0.012071
172 59 85 170 0.0109904
185 59 85 170 0.0100051
139 60 85 170 0.0103519
140 60 85 170 0.0127689
141 60 85 170 0.0178722
142 60 85 170 0.0232809
143 60 85 170 0.0296433
144 60 85 170 0.0363712
145 60 85 170 0.0333371
146 60 85 170 0.0295202
147 60 85 170 0.0261885
148 60 85 170 0.0171872
149 60 85 170 0.01267
150 60 85 170 0.0109158
166 60 85 170 0.0109072
167 60 85 170 0.0117994
168 60 85 170 0.0122626
169 60 85 170 0.0105133
141 61 85 170 0.0114585
142 61 85 170 0.0145446
143 61 85 170 0.0179804
144 61 85 170 0.0226521
145 61 85 170 0.0205391
146 61 85 170 0.0172879
147 61 85 170 0.0149767
148 61 85 170 0.0103018
144 62 85 170 0.0117806
145 62 85 170 0.0101551
8 0 64 128 0.0120143
9 0 64 128 0.0135595
10 0 64 128 0.012698
11 0 64 128 0.0118966
12 0 64 128 0.0106517
7 1 64 128 0.0104412
8 1 64 128 0.0142753
9 1 64 128 0.0154788
10 1 64 128 0.014451
11 1 64 128 0.0144599
12 1 64 128 0.0114009
6 2 64 128 0.0116436
7 2 64 128 0.0149067
8 2 64 128 0.0189806
9 2 64 128 0.0200403
10 2 64 128 0.0186291
11 2 64 128 0.0175411
12 2 64 128 0.0143647
13 2 64 128 0.0109378
6 3 64 128 0.0129714
7 3 64 128 0.0159876
8 3 64 128 0.0197111
9 3 64 128 0.0229332
10 3 64 128 0.0205497
11 3 64 128 0.0199672
12 3 64 128 0.0155352
13 3 64 128 0.0124584
5 4 64 128 0.0114957
6 4 64 128 0.0151985
7 4 64 128 0.0184338
8 4 64 128 0.0222159
9 4 64 128 0.0252673
10 4 64 128 0.0241985
11 4 64 128 0.0201014
12 4 64 128 0.0174631
13 4 64 128 0.0150755
5 5 64 128 0.0121464
6 5 64 128 0.0154782
7 5 64 128 0.0204866
8 5 64 128 0.023985
9 5 64 128 0.0257773
10 5 64 128 0.0251881
11 5 64 128 0.0207692
12 5 64 128 0.015913
13 5 64 128 0.012466
4 6 64 128 0.0101049
5 6 64 128 0.0153781
6 6 64 128 0.0182019
7 6 64 128 0.0214104
8 6 64 128 0.0231632
9 6 64 128 0.0252175
10 6 64 128 0.0246811
11 6 64 128 0.0202207
12 6 64 128 0.0168326
13 6 64 128 0.0126834
4 7 64 128 0.0104656
5 7 64 128 0.0162616
6 7 64 128 0.0208049
7 7 64 128 0.0241073
8 7 64 128 0.0242416
9 7 64 128 0.025078
10 7 64 128 0.0241318
11 7 64 128 0.0200154
12 7 64 128 0.0177735
13 7 64 128 0.0147196
4 8 64 128 0.0107293
5 8 64 128 0.0168324
6 8 64 128 0.022029
7 8 64 128 0.0252733
8 8 64 128 0.0242177
9 8 64 128 0.0233625
10 8 64 128 0.0229418
11 8 64 128 0.0180923
12 8 64 128 0.0167763
13 8 64 128 0.0147948
14 8 64 128 0.0100136
4 9 64 128 0.011217
5 9 64 128 0.0163784
6 9 64 128 0.0215325
7 9 64 128 0.0239508
8 9 64 128 0.0263568
9 9 64 128 0.0235237
10 9 64 128 0.0235053
11 9 64 128 0.019283
12 9 64 128 0.0174944
13 9 64 128 0.013992
14 9 64 128 0.0100102
4 10 64 128 0.0105864
5 10 64 128 0.0155817
6 10 64 128 0.0198876
7 10 64 128 0.0222839
8 10 64 128 0.0242463
9 10 64 128 0.0202854
10 10 64 128 0.0202091
11 10 64 128 0.0182378
12 10 64 128 0.0156123
13 10 64 128 0.0134017
14 10 64 128 0.0105603
254 10 64 128 0.0102408
255 10 64 128 0.0108569
4 11 64 128 0.010608
5 11 64 128 0.0149278
6 11 64 128 0.0191272
7 11 64 128 0.0201448
8 11 64 128 0.0219281
9 11 64 128 0.0182271
10 11 64 128 0.0165224
11 11 64 128 0.0169646
12 11 64 128 0.0141919
13 11 64 128 0.0123113
253 11 64 128 0.0111268
254 11 64 128 0.01437
255 11 64 128 0.0157449
4 12 64 128 0.0121158
5 12 64 128 0.0157474
6 12 64 128 0.0179195
7 12 64 128 0.017879
8 12 64 128 0.0177298
9 12 64 128 0.0163176
10 12 64 128 0.0154851
11 12 64 128 0.0139296
12 12 64 128 0.0124265
13 12 64 128 0.0111469
233 12 64 128 0.0104151
234 12 64 128 0.0112786
235 12 64 128 0.010957
236 12 64 128 0.0109996
237 12 64 128 0.0103791
253 12 64 128 0.012313
254 12 64 128 0.0156459
255 12 64 128 0.0194576
4 13 64 128 0.0126221
5 13 64 128 0.0144786
6 13 64 128 0.0166443
7 13 64 128 0.0164375
8 13 64 128 0.0151644
9 13 64 128 0.0134102
10 13 64 128 0.0133479
11 13 64 128 0.0121489
12 13 64 128 0.0112412
232 13 64 128 0.0102347
233 13 64 128 0.0103726
234 13 64 128 0.0113186
235 13 64 128 0.0116939
236 13 64 128 0.0120275
237 13 64 128 0.0117151
252 13 64 128 0.0105144
253 13 64 128 0.0153246
254 13 64 128 0.0189526
255 13 64 128 0.0237262
4 14 64 128 0.0101897
5 14 64 128 0.0130117
6 14 64 128 0.0135253
7 14 64 128 0.0130747
8 14 64 128 0.011496
233 14 64 128 0.0110431
234 14 64 128 0.0128957
235 14 64 128 0.0135338
236 14 64 128 0.0137402
237 14 64 128 0.0121925
238 14 64 128 0.0116152
239 14 64 128 0.0114806
240 14 64 128 0.0114354
241 14 64 128 0.0101037
252 14 64 128 0.0121014
253 14 64 128 0.0168483
254 14 64 128 0.0224691
255 14 64 128 0.0269263
5 15 64 128 0.012438
6 15 64 128 0.0123017
7 15 64 128 0.0117922
8 15 64 128 0.0102408
228 15 64 128 0.0100249
233 15 64 128 0.0119339
234 15 64 128 0.0141921
235 15 64 128 0.0147886
236 15 64 128 0.0147282
237 15 64 128 0.014096
238 15 64 128 0.0135864
239 15 64 128 0.0130074
240 15 64 128 0.0130693
241 15 64 128 0.0115756
242 15 64 128 0.0105755
251 15 64 128 0.0101069
252 15 64 128 0.0135596
253 15 64 128 0.0195974
254 15 64 128 0.0271478
255 15 64 128 0.0296328
3 16 64 128 0.01008
4 16 64 128 0.0112003
5 16 64 128 0.0131722
6 16 64 128 0.0128599
7 16 64 128 0.012531
226 16 64 128 0.0103895
227 16 64 128 0.010893
228 16 64 128 0.0109583
230 16 64 128 0.0100256
232 16 64 128 0.0104722
233 16 64 128 0.0133958
234 16 64 128 0.0167026
235 16 64 128 0.0179162
236 16 64 128 0.018426
237 16 64 128 0.0171174
238 16 64 128 0.01622
239 16 64 128 0.0150929
240 16 64 128 0.0141773
241 16 64 128 0.0113797
242 16 64 128 0.0103823
251 16 64 128 0.0109607
252 16 64 128 0.0139889
253 16 64 128 0.0198598
254 16 64 128 0.0258051
255 16 64 128 0.029881
3 17 64 128 0.0111361
4 17 64 128 0.012529
5 17 64 128 0.0136917
6 17 64 128 0.0132716
7 17 64 128 0.0120163
226 17 64 128 0.0112413
227 17 64 128 0.0116631
228 17 64 128 0.0111081
229 17 64 128 0.0102939
232 17 64 128 0.0108388
233 17 64 128 0.0138165
234 17 64 128 0.0174266
235 17 64 128 0.0192436
236 17 64 128 0.0203574
237 17 64 128 0.0188932
238 17 64 128 0.0178864
239 17 64 128 0.0166818
240 17 64 128 0.0151993
241 17 64 128 0.0126875
242 17 64 128 0.0106576
251 17 64 128 0.0116688
252 17 64 128 0.0145996
253 17 64 128 0.0199543
254 17 64 128 0.0258519
255 17 64 128 0.0299882
3 18 64 128 0.0118251
4 18 64 128 0.0136603
5 18 64 128 0.0162112
6 18 64 128 0.0138566
7 18 64 128 0.0115522
211 18 64 128 0.0104097
212 18 64 128 0.0104768
213 18 64 128 0.0106064
220 18 64 128 0.0100026
221 18 64 128 0.0101865
222 18 64 128 0.0100682
225 18 64 128 0.0104914
226 18 64 128 0.0111761
227 18 64 128 0.0109198
228 18 64 128 0.0105587
232 18 64 128 0.0107016
233 18 64 128 0.0140563
234 18 64 128 0.0182605
235 18 64 128 0.0195376
236 18 64 128 0.0194152
237 18 64 128 0.0196217
238 18 64 128 0.0195074
239 18 64 128 0.018307
240 18 64 128 0.0176618
241 18 64 128 0.0142001
242 18 64 128 0.0113795
251 18 64 128 0.0114465
252 18 64 128 0.014247
253 18 64 128 0.0191879
254 18 64 128 0.0262142
255 18 64 128 0.0294284
3 19 64 128 0.0107669
4 19 64 128 0.0119757
5 19 64 128 0.0139592
6 19 64 128 0.0127455
7 19 64 128 0.0103447
211 19 64 128 0.010766
212 19 64 128 0.0101973
213 19 64 128 0.0102659
214 19 64 128 0.0100852
219 19 64 128 0.0114504
220 19 64 128 0.0115103
221 19 64 128 0.0115368
222 19 64 128 0.0112493
223 19 64 128 0.0115075
224 19 64 128 0.0112074
225 19 64 128 0.0122798
226 19 64 128 0.0117792
227 19 64 128 0.0112918
228 19 64 128 0.0111482
229 19 64 128 0.0102381
232 19 64 128 0.0108141
233 19 64 128 0.0146827
234 19 64 128 0.0183252
235 19 64 128 0.0206813
236 19 64 128 0.0200717
237 19 64 128 0.0184873
238 19 64 128 0.017375
239 19 64 128 0.0172044
240 19 64 128 0.0162997
241 19 64 128 0.0132744
242 19 64 128 0.0100718
251 19 64 128 0.0102572
252 19 64 128 0.0126232
253 19 64 128 0.0187037
254 19 64 128 0.0239896
255 19 64 128 0.0260307
4 20 64 128 0.0107487
5 20 64 128 0.0110815
210 20 64 128 0.0103208
211 20 64 128 0.0113235
212 20 64 128 0.0110052
213 20 64 128 0.0101071
218 20 64 128 0.0102331
219 20 64 128 0.0121265
220 20 64 128 0.0126357
221 20 64 128 0.012514
222 20 64 128 0.0119918
223 20 64 128 0.0119908
224 20 64 128 0.0121545
225 20 64 128 0.0126429
226 20 64 128 0.0125114
227 20 64 128 0.0125489
228 20 64 128 0.0119237
229 20 64 128 0.0107464
231 20 64 128 0.0101021
232 20 64 128 0.0120123
233 20 64 128 0.0158986
234 20 64 128 0.0194671
235 20 64 128 0.0214771
236 20 64 128 0.0199491
237 20 64 128 0.0175889
238 20 64 128 0.0164566
239 20 64 128 0.0149629
240 20 64 128 0.0139152
241 20 64 128 0.0114524
252 20 64 128 0.0104674
253 20 64 128 0.0155283
254 20 64 128 0.0203762
255 20 64 128 0.0226865
210 21 64 128 0.0106186
211 21 64 128 0.0116605
212 21 64 128 0.0101631
213 21 64 128 0.0100133
218 21 64 128 0.010052
219 21 64 128 0.0118649
220 21 64 128 0.0128198
221 21 64 128 0.0133915
222 21 64 128 0.013414
223 21 64 128 0.0131927
224 21 64 128 0.0125685
225 21 64 128 0.0134355
226 21 64 128 0.0137704
227 21 64 128 0.0152083
228 21 64 128 0.0141119
229 21 64 128 0.0130974
230 21 64 128 0.0115
231 21 64 128 0.0120798
232 21 64 128 0.0139357
233 21 64 128 0.017312
234 21 64 128 0.0204307
235 21 64 128 0.0206117
236 21 64 128 0.0190943
237 21 64 128 0.0159938
238 21 64 128 0.0148705
239 21 64 128 0.0131303
240 21 64 128 0.0125989
253 21 64 128 0.0128151
254 21 64 128 0.0166534
255 21 64 128 0.0189382
219 22 64 128 0.0103119
220 22 64 128 0.01084
221 22 64 128 0.0114213
222 22 64 128 0.011312
223 22 64 128 0.0115173
224 22 64 128 0.0111208
225 22 64 128 0.0123264
226 22 64 128 0.0139946
227 22 64 128 0.0157572
228 22 64 128 0.0159339
229 22 64 128 0.0144286
230 22 64 128 0.0129746
231 22 64 128 0.0133914
232 22 64 128 0.0151633
233 22 64 128 0.0167224
234 22 64 128 0.0211271
235 22 64 128 0.0207695
236 22 64 128 0.0186515
237 22 64 128 0.0162672
238 22 64 128 0.0147943
239 22 64 128 0.0140996
240 22 64 128 0.0121019
254 22 64 128 0.0132969
255 22 64 128 0.0152324
219 23 64 128 0.0102213
221 23 64 128 0.0105441
223 23 64 128 0.0106561
224 23 64 128 0.0107578
225 23 64 128 0.0124573
226 23 64 128 0.0148815
227 23 64 128 0.0175728
228 23 64 128 0.0169071
229 23 64 128 0.0157934
230 23 64 128 0.0150061
231 23 64 128 0.0164432
232 23 64 128 0.0170762
233 23 64 128 0.0192299
234 23 64 128 0.0231821
235 23 64 128 0.0241867
236 23 64 128 0.0215071
237 23 64 128 0.0177579
238 23 64 128 0.0151111
239 23 64 128 0.0138236
240 23 64 128 0.0113239
254 23 64 128 0.0131563
255 23 64 128 0.0144649
225 24 64 128 0.0110756
226 24 64 128 0.0135913
227 24 64 128 0.0167013
228 24 64 128 0.0181183
229 24 64 128 0.017893
230 24 64 128 0.0170503
231 24 64 128 0.0176439
232 24 64 128 0.0201218
233 24 64 128 0.0238735
234 24 64 128 0.0282428
235 24 64 128 0.0293685
236 24 64 128 0.0259355
237 24 64 128 0.0211743
238 24 64 128 0.0166073
239 24 64 128 0.0153636
240 24 64 128 0.0121395
254 24 64 128 0.0108892
255 24 64 128 0.0125762
225 25 64 128 0.0103658
226 25 64 128 0.012827
227 25 64 128 0.016867
228 25 64 128 0.0196497
229 25 64 128 0.0191683
230 25 64 128 0.019917
231 25 64 128 0.0213733
232 25 64 128 0.0241112
233 25 64 128 0.0291399
234 25 64 128 0.0330389
235 25 64 128 0.0337625
236 25 64 128 0.0266099
237 25 64 128 0.021063
238 25 64 128 0.0167668
239 25 64 128 0.0137793
240 25 64 128 0.0107577
255 25 64 128 0.0112704
226 26 64 128 0.0124539
227 26 64 128 0.0163012
228 26 64 128 0.0195721
229 26 64 128 0.0192089
230 26 64 128 0.0206668
231 26 64 128 0.0228006
232 26 64 128 0.0261514
233 26 64 128 0.0300126
234 26 64 128 0.0347222
235 26 64 128 0.0363877
236 26 64 128 0.0294962
237 26 64 128 0.0234436
238 26 64 128 0.0184545
239 26 64 128 0.0150713
240 26 64 128 0.0108569
82 27 64 128 0.010089
168 27 64 128 0.0107258
169 27 64 128 0.0134879
170 27 64 128 0.0149115
171 27 64 128 0.0135694
172 27 64 128 0.0105737
226 27 64 128 0.0116469
227 27 64 128 0.0156282
228 27 64 128 0.0173418
229 27 64 128 0.0183505
230 27 64 128 0.0195259
231 27 64 128 0.0221569
232 27 64 128 0.025588
233 27 64 128 0.0294247
234 27 64 128 0.0335302
235 27 64 128 0.0350734
236 27 64 128 0.0281171
237 27 64 128 0.0246275
238 27 64 128 0.020659
239 27 64 128 0.0166479
240 27 64 128 0.0111601
79 28 64 128 0.0121235
80 28 64 128 0.0138221
81 28 64 128 0.0147366
82 28 64 128 0.013889
83 28 64 128 0.0125831
84 28 64 128 0.0110218
85 28 64 128 0.0111631
86 28 64 128 0.0105847
87 28 64 128 0.0102083
88 28 64 128 0.0100891
167 28 64 128 0.0103528
168 28 64 128 0.0160897
169 28 64 128 0.0206487
170 28 64 128 0.0217486
171 28 64 128 0.0199105
172 28 64 128 0.0144285
227 28 64 128 0.0122712
228 28 64 128 0.0131637
229 28 64 128 0.0150747
230 28 64 128 0.0176885
231 28 64 128 0.0208428
232 28 64 128 0.0230079
233 28 64 128 0.0270444
234 28 64 128 0.0346715
235 28 64 128 0.0352962
236 28 64 128 0.0309635
237 28 64 128 0.0267318
238 28 64 128 0.0243815
239 28 64 128 0.0196034
240 28 64 128 0.0127616
77 29 64 128 0.0115102
78 29 64 128 0.0129001
79 29 64 128 0.0165898
80 29 64 128 0.0195882
81 29 64 128 0.0193509
82 29 64 128 0.0187256
83 29 64 128 0.0175104
84 29 64 128 0.0162523
85 29 64 128 0.0157471
86 29 64 128 0.0153734
87 29 64 128 0.0143711
88 29 64 128 0.014118
89 29 64 128 0.0130183
90 29 64 128 0.0111453
167 29 64 128 0.0126037
168 29 64 128 0.0215172
169 29 64 128 0.0267009
170 29 64 128 0.0299573
171 29 64 128 0.0238182
172 29 64 128 0.0181665
227 29 64 128 0.0111942
228 29 64 128 0.0125816
229 29 64 128 0.0145004
230 29 64 128 0.0172721
231 29 64 128 0.0231091
232 29 64 128 0.0260267
233 29 64 128 0.0300638
234 29 64 128 0.0374941
235 29 64 128 0.0381977
236 29 64 128 0.0354105
237 29 64 128 0.0329912
238 29 64 128 0.028293
239 29 64 128 0.0221094
240 29 64 128 0.0154985
241 29 64 128 0.0111191
77 30 64 128 0.0122587
78 30 64 128 0.0143065
79 30 64 128 0.0184391
80 30 64 128 0.0208177
81 30 64 128 0.0238243
82 30 64 128 0.0220652
83 30 64 128 0.0224053
84 30 64 128 0.020573
85 30 64 128 0.0208945
86 30 64 128 0.0194154
87 30 64 128 0.0190841
88 30 64 128 0.017883
89 30 64 128 0.0159522
90 30 64 128 0.0125297
91 30 64 128 0.0105062
167 30 64 128 0.0152034
168 30 64 128 0.0240383
169 30 64 128 0.0329991
170 30 64 128 0.0382737
171 30 64 128 0.0303929
172 30 64 128 0.0206812
173 30 64 128 0.0119368
228 30 64 128 0.0114074
229 30 64 128 0.0125199
230 30 64 128 0.0161467
231 30 64 128 0.0210821
232 30 64 128 0.0260076
233 30 64 128 0.0313192
234 30 64 128 0.0407255
235 30 64 128 0.0379215
236 30 64 128 0.0370088
237 30 64 128 0.0335024
238 30 64 128 0.0324313
239 30 64 128 0.0253356
240 30 64 128 0.0188307
241 30 64 128 0.0128142
242 30 64 128 0.010975
76 31 64 128 0.010284
77 31 64 128 0.0119219
78 31 64 128 0.0147858
79 31 64 128 0.0178524
80 31 64 128 0.0208938
81 31 64 128 0.0231257
82 31 64 128 0.0236649
83 31 64 128 0.0226306
84 31 64 128 0.022246
85 31 64 128 0.024022
86 31 64 128 0.0217557
87 31 64 128 0.02127
88 31 64 128 0.0208177
89 31 64 128 0.0179697
90 31 64 128 0.0141107
91 31 64 128 0.011896
166 31 64 128 0.0101931
167 31 64 128 0.0136453
168 31 64 128 0.0220628
169 31 64 128 0.0310624
170 31 64 128 0.0337136
171 31 64 128 0.0273381
172 31 64 128 0.0202362
173 31 64 128 0.0108653
229 31 64 128 0.0112149
230 31 64 128 0.0150861
231 31 64 128 0.0206539
232 31 64 128 0.0259545
233 31 64 128 0.0327995
234 31 64 128 0.0377213
235 31 64 128 0.0385301
236 31 64 128 0.0369032
237 31 64 128 0.0367068
238 31 64 128 0.0353946
239 31 64 128 0.0295462
240 31 64 128 0.0216753
241 31 64 128 0.017726
242 31 64 128 0.0136159
77 32 64 128 0.0118754
78 32 64 128 0.0142047
79 32 64 128 0.017715
80 32 64 128 0.02057
81 32 64 128 0.0238417
82 32 64 128 0.0252632
83 32 64 128 0.0243766
84 32 64 128 0.0228537
85 32 64 128 0.0255385
86 32 64 128 0.0233787
87 32 64 128 0.0221085
88 32 64 128 0.0187209
89 32 64 128 0.0167514
90 32 64 128 0.0140599
91 32 64 128 0.0120177
167 32 64 128 0.0132901
168 32 64 128 0.0221821
169 32 64 128 0.0318025
170 32 64 128 0.0331838
171 32 64 128 0.0288532
172 32 64 128 0.0202876
173 32 64 128 0.0109074
229 32 64 128 0.0101133
230 32 64 128 0.0142991
231 32 64 128 0.0189359
232 32 64 128 0.025261
233 32 64 128 0.0321028
234 32 64 128 0.0403561
235 32 64 128 0.041535
236 32 64 128 0.0399458
237 32 64 128 0.0390815
238 32 64 128 0.0395402
239 32 64 128 0.0334355
240 32 64 128 0.0246832
241 32 64 128 0.0193092
242 32 64 128 0.0161056
243 32 64 128 0.0120423
78 33 64 128 0.0122171
79 33 64 128 0.0144076
80 33 64 128 0.0161034
81 33 64 128 0.0186725
82 33 64 128 0.0197945
83 33 64 128 0.0196972
84 33 64 128 0.0208176
85 33 64 128 0.0215598
86 33 64 128 0.0228606
87 33 64 128 0.0192486
88 33 64 128 0.0157653
89 33 64 128 0.0124558
90 33 64 128 0.0115281
91 33 64 128 0.0107271
167 33 64 128 0.0122543
168 33 64 128 0.0178364
169 33 64 128 0.0230944
170 33 64 128 0.0276655
171 33 64 128 0.0233055
172 33 64 128 0.0152848
230 33 64 128 0.0128622
231 33 64 128 0.0186096
232 33 64 128 0.0252887
233 33 64 128 0.0342941
234 33 64 128 0.0410555
235 33 64 128 0.0476491
236 33 64 128 0.0455461
237 33 64 128 0.0462403
238 33 64 128 0.04574
239 33 64 128 0.0414518
240 33 64 128 0.0310206
241 33 64 128 0.0270815
242 33 64 128 0.0218479
243 33 64 128 0.0176789
244 33 64 128 0.0130764
245 33 64 128 0.0105793
79 34 64 128 0.0109797
80 34 64 128 0.0120662
81 34 64 128 0.0133717
82 34 64 128 0.0132132
83 34 64 128 0.0138955
84 34 64 128 0.014334
85 34 64 128 0.0153283
86 34 64 128 0.0158577
87 34 64 128 0.0151604
88 34 64 128 0.0135841
89 34 64 128 0.0113397
90 34 64 128 0.0104777
91 34 64 128 0.01004
167 34 64 128 0.0111452
168 34 64 128 0.0175514
169 34 64 128 0.0211221
170 34 64 128 0.0226744
171 34 64 128 0.0190518
172 34 64 128 0.0125299
230 34 64 128 0.0133116
231 34 64 128 0.0184849
232 34 64 128 0.0253722
233 34 64 128 0.0338485
234 34 64 128 0.0463144
235 34 64 128 0.0520145
236 34 64 128 0.0491888
237 34 64 128 0.0491039
238 34 64 128 0.0505408
239 34 64 128 0.0467169
240 34 64 128 0.0381953
241 34 64 128 0.0329314
242 34 64 128 0.0269702
243 34 64 128 0.0203694
244 34 64 128 0.0156737
245 34 64 128 0.0124314
81 35 64 128 0.0100022
82 35 64 128 0.0106506
83 35 64 128 0.0116349
84 35 64 128 0.0119235
85 35 64 128 0.011935
86 35 64 128 0.0129196
87 35 64 128 0.01208
88 35 64 128 0.0118427
89 35 64 128 0.0102258
90 35 64 128 0.0100936
168 35 64 128 0.013617
169 35 64 128 0.0177122
170 35 64 128 0.0181801
171 35 64 128 0.0148347
172 35 64 128 0.0111597
230 35 64 128 0.0115919
231 35 64 128 0.0164684
232 35 64 128 0.023705
233 35 64 128 0.0334007
234 35 64 128 0.0422719
235 35 64 128 0.0467429
236 35 64 128 0.0477699
237 35 64 128 0.05032
238 35 64 128 0.0530838
239 35 64 128 0.0527967
240 35 64 128 0.0415072
241 35 64 128 0.0365937
242 35 64 128 0.029044
243 35 64 128 0.0247482
244 35 64 128 0.0192516
245 35 64 128 0.014843
85 36 64 128 0.0101558
86 36 64 128 0.0106848
87 36 64 128 0.0103263
168 36 64 128 0.0122819
169 36 64 128 0.0155234
170 36 64 128 0.0170881
171 36 64 128 0.0124679
172 36 64 128 0.0103074
230 36 64 128 0.0107587
231 36 64 128 0.0169713
232 36 64 128 0.026674
233 36 64 128 0.038414
234 36 64 128 0.0494428
235 36 64 128 0.0511558
236 36 64 128 0.0511554
237 36 64 128 0.0512041
238 36 64 128 0.0546293
239 36 64 128 0.0484267
240 36 64 128 0.0398914
241 36 64 128 0.0343323
242 36 64 128 0.0298843
243 36 64 128 0.0263699
244 36 64 128 0.0205151
245 36 64 128 0.0161619
246 36 64 128 0.0102609
89 37 64 128 0.0101293
168 37 64 128 0.0100541
169 37 64 128 0.0139324
170 37 64 128 0.0145611
171 37 64 128 0.0116005
230 37 64 128 0.0128253
231 37 64 128 0.0202665
232 37 64 128 0.0295023
233 37 64 128 0.0388074
234 37 64 128 0.0504236
235 37 64 128 0.0525553
236 37 64 128 0.0497804
237 37 64 128 0.0537367
238 37 64 128 0.0536062
239 37 64 128 0.0511749
240 37 64 128 0.0416844
241 37 64 128 0.0380381
242 37 64 128 0.0339018
243 37 64 128 0.0287127
244 37 64 128 0.0217351
245 37 64 128 0.0188278
246 37 64 128 0.0113936
169 38 64 128 0.011421
170 38 64 128 0.0123622
230 38 64 128 0.0153824
231 38 64 128 0.0246644
232 38 64 128 0.0334236
233 38 64 128 0.0410618
234 38 64 128 0.052059
235 38 64 128 0.05323
236 38 64 128 0.0527391
237 38 64 128 0.0530705
238 38 64 128 0.0489679
239 38 64 128 0.0481807
240 38 64 128 0.0388469
241 38 64 128 0.0323501
242 38 64 128 0.0275235
243 38 64 128 0.0255281
244 38 64 128 0.0213255
245 38 64 128 0.0160979
169 39 64 128 0.0115363
170 39 64 128 0.0112553
171 39 64 128 0.0107222
229 39 64 128 0.0114589
230 39 64 128 0.0194083
231 39 64 128 0.0278513
232 39 64 128 0.037212
233 39 64 128 0.0450247
234 39 64 128 0.0554179
235 39 64 128 0.0572426
236 39 64 128 0.0548559
237 39 64 128 0.0525392
238 39 64 128 0.050699
239 39 64 128 0.0446698
240 39 64 128 0.0357661
241 39 64 128 0.0324929
242 39 64 128 0.0305889
243 39 64 128 0.0266255
244 39 64 128 0.02172
245 39 64 128 0.0155142
246 39 64 128 0.0102924
169 40 64 128 0.0132438
170 40 64 128 0.0138551
171 40 64 128 0.0116288
172 40 64 128 0.0111157
173 40 64 128 0.0106409
175 40 64 128 0.0100971
229 40 64 128 0.0129949
230 40 64 128 0.0221041
231 40 64 128 0.0290218
232 40 64 128 0.0388754
233 40 64 128 0.0497597
234 40 64 128 0.0567773
235 40 64 128 0.0571308
236 40 64 128 0.05441
237 40 64 128 0.049365
238 40 64 128 0.044074
239 40 64 128 0.0382982
240 40 64 128 0.0311368
241 40 64 128 0.0315294
242 40 64 128 0.0273568
243 40 64 128 0.0224044
244 40 64 128 0.0188083
245 40 64 128 0.015003
246 40 64 128 0.010386
168 41 64 128 0.010323
169 41 64 128 0.0161273
170 41 64 128 0.0145013
171 41 64 128 0.0141448
172 41 64 128 0.0125879
173 41 64 128 0.012983
174 41 64 128 0.0120529
175 41 64 128 0.0132592
176 41 64 128 0.010893
229 41 64 128 0.0141946
230 41 64 128 0.0230025
231 41 64 128 0.0315683
232 41 64 128 0.0405021
233 41 64 128 0.0508078
234 41 64 128 0.0558228
235 41 64 128 0.0562224
236 41 64 128 0.0506451
237 41 64 128 0.0450272
238 41 64 128 0.0426356
239 41 64 128 0.0391673
240 41 64 128 0.031409
241 41 64 128 0.0299697
242 41 64 128 0.0257585
243 41 64 128 0.0220667
244 41 64 128 0.0165759
245 41 64 128 0.0136148
169 42 64 128 0.0139064
170 42 64 128 0.0165051
171 42 64 128 0.0143721
172 42 64 128 0.0145976
173 42 64 128 0.0152944
174 42 64 128 0.0144967
175 42 64 128 0.0137552
176 42 64 128 0.011603
228 42 64 128 0.0108589
229 42 64 128 0.0159431
230 42 64 128 0.0260986
231 42 64 128 0.0314656
232 42 64 128 0.0416338
233 42 64 128 0.0473156
234 42 64 128 0.0535554
235 42 64 128 0.0519141
236 42 64 128 0.0463682
237 42 64 128 0.0404068
238 42 64 128 0.0377537
239 42 64 128 0.0324
240 42 64 128 0.0283627
241 42 64 128 0.0249431
242 42 64 128 0.0201309
243 42 64 128 0.0185837
244 42 64 128 0.0143641
245 42 64 128 0.0105595
169 43 64 128 0.0147466
170 43 64 128 0.0164953
171 43 64 128 0.0158363
172 43 64 128 0.0153313
173 43 64 128 0.0198399
174 43 64 128 0.0166327
175 43 64 128 0.0168726
176 43 64 128 0.0129575
228 43 64 128 0.0103772
229 43 64 128 0.0161316
230 43 64 128 0.0243808
231 43 64 128 0.0303504
232 43 64 128 0.0387054
233 43 64 128 0.0424098
234 43 64 128 0.0488823
235 43 64 128 0.045394
236 43 64 128 0.0407217
237 43 64 128 0.0341092
238 43 64 128 0.0314626
239 43 64 128 0.0258911
240 43 64 128 0.0222242
241 43 64 128 0.0180084
242 43 64 128 0.015563
243 43 64 128 0.014878
244 43 64 128 0.0113139
169 44 64 128 0.0127071
170 44 64 128 0.0140673
171 44 64 128 0.0142575
172 44 64 128 0.0137614
173 44 64 128 0.0144797
174 44 64 128 0.0126615
175 44 64 128 0.0121559
228 44 64 128 0.0113566
229 44 64 128 0.0150512
230 44 64 128 0.0224313
231 44 64 128 0.0273177
232 44 64 128 0.036541
233 44 64 128 0.0409229
234 44 64 128 0.0458743
235 44 64 128 0.039818
236 44 64 128 0.036203
237 44 64 128 0.0272032
238 44 64 128 0.0240205
239 44 64 128 0.018391
240 44 64 128 0.0147796
241 44 64 128 0.0127948
242 44 64 128 0.0103332
170 45 64 128 0.0118254
171 45 64 128 0.0119903
173 45 64 128 0.0106698
228 45 64 128 0.0101363
229 45 64 128 0.0136844
230 45 64 128 0.0181592
231 45 64 128 0.0249699
232 45 64 128 0.0333616
233 45 64 128 0.0406186
234 45 64 128 0.0409406
235 45 64 128 0.0371399
236 45 64 128 0.0310242
237 45 64 128 0.0236925
238 45 64 128 0.017469
239 45 64 128 0.0140654
240 45 64 128 0.0117771
228 46 64 128 0.0100165
229 46 64 128 0.0143732
230 46 64 128 0.022408
231 46 64 128 0.0262563
232 46 64 128 0.0382009
233 46 64 128 0.0416529
234 46 64 128 0.0424316
235 46 64 128 0.0344537
236 46 64 128 0.0275842
237 46 64 128 0.0196812
238 46 64 128 0.0154161
239 46 64 128 0.0106439
228 47 64 128 0.0103973
229 47 64 128 0.0156227
230 47 64 128 0.0220786
231 47 64 128 0.0279323
232 47 64 128 0.0354268
233 47 64 128 0.037162
234 47 64 128 0.0371212
235 47 64 128 0.0294201
236 47 64 128 0.025652
237 47 64 128 0.018263
238 47 64 128 0.012821
227 48 64 128 0.0117077
228 48 64 128 0.0166678
229 48 64 128 0.0217855
230 48 64 128 0.028371
231 48 64 128 0.0339625
232 48 64 128 0.0449276
233 48 64 128 0.0405147
234 48 64 128 0.0372335
235 48 64 128 0.0277223
236 48 64 128 0.0209827
237 48 64 128 0.0137466
238 48 64 128 0.0101676
227 49 64 128 0.0133348
228 49 64 128 0.016779
229 49 64 128 0.0228002
230 49 64 128 0.0280964
231 49 64 128 0.0337566
232 49 64 128 0.0423443
233 49 64 128 0.0377603
234 49 64 128 0.0323507
235 49 64 128 0.0232034
236 49 64 128 0.0183006
237 49 64 128 0.0126767
226 50 64 128 0.0127014
227 50 64 128 0.0174589
228 50 64 128 0.0205994
229 50 64 128 0.0235128
230 50 64 128 0.0302227
231 50 64 128 0.0332154
232 50 64 128 0.0388303
233 50 64 128 0.0322257
234 50 64 128 0.0266411
235 50 64 128 0.0204803
236 50 64 128 0.0159273
237 50 64 128 0.0101926
225 51 64 128 0.0102156
226 51 64 128 0.0123156
227 51 64 128 0.0153984
228 51 64 128 0.0169581
229 51 64 128 0.0178782
230 51 64 128 0.0217743
231 51 64 128 0.0264799
232 51 64 128 0.0271234
233 51 64 128 0.0256244
234 51 64 128 0.0215977
235 51 64 128 0.0162474
236 51 64 128 0.0116138
225 52 64 128 0.0104873
226 52 64 128 0.0126225
227 52 64 128 0.0148401
228 52 64 128 0.0168462
229 52 64 128 0.0183106
230 52 64 128 0.0213951
231 52 64 128 0.0225221
232 52 64 128 0.0249518
233 52 64 128 0.0218401
234 52 64 128 0.017329
235 52 64 128 0.0118475
227 53 64 128 0.010615
228 53 64 128 0.0123377
229 53 64 128 0.0131937
230 53 64 128 0.0151287
231 53 64 128 0.0150134
232 53 64 128 0.0143156
233 53 64 128 0.0114895
7 85 64 128 0.0103856
8 85 64 128 0.0114428
9 85 64 128 0.0117453
10 85 64 128 0.0117112
11 85 64 128 0.0109771
7 86 64 128 0.0100257
8 86 64 128 0.0106991
9 86 64 128 0.0104903
207 92 64 128 0.010306
208 92 64 128 0.0118534
209 92 64 128 0.012298
210 92 64 128 0.0106883
206 93 64 128 0.010251
207 93 64 128 0.010069
208 93 64 128 0.0112891
209 93 64 128 0.0107155
254 93 64 128 0.0103914
255 93 64 128 0.0122586
207 94 64 128 0.0101352
208 94 64 128 0.0104802
209 94 64 128 0.0101099
252 94 64 128 0.0119307
253 94 64 128 0.0157697
254 94 64 128 0.0225835
255 94 64 128 0.0237255
203 95 64 128 0.0105495
251 95 64 128 0.0122762
252 95 64 128 0.0193561
253 95 64 128 0.0262289
254 95 64 128 0.03602
255 95 64 128 0.0394612
202 96 64 128 0.012029
203 96 64 128 0.0123657
204 96 64 128 0.0117822
250 96 64 128 0.0101981
251 96 64 128 0.0168895
252 96 64 128 0.0276024
253 96 64 128 0.0355091
254 96 64 128 0.0465706
255 96 64 128 0.0432549
201 97 64 128 0.0119902
202 97 64 128 0.0135886
203 97 64 128 0.0127077
204 97 64 128 0.0125099
205 97 64 128 0.010656
250 97 64 128 0.0111634
251 97 64 128 0.0165961
252 97 64 128 0.0274672
253 97 64 128 0.0356848
254 97 64 128 0.0465714
255 97 64 128 0.0509034
201 98 64 128 0.0110135
202 98 64 128 0.0130982
203 98 64 128 0.011648
204 98 64 128 0.0126488
205 98 64 128 0.0107072
250 98 64 128 0.0155485
251 98 64 128 0.0189546
252 98 64 128 0.0277842
253 98 64 128 0.0335098
254 98 64 128 0.05072
255 98 64 128 0.0510908
189 99 64 128 0.0101544
191 99 64 128 0.0122574
192 99 64 128 0.0109591
193 99 64 128 0.0114028
200 99 64 128 0.0109483
201 99 64 128 0.0124004
202 99 64 128 0.0134032
203 99 64 128 0.0112114
204 99 64 128 0.0110583
249 99 64 128 0.0120536
250 99 64 128 0.0141892
251 99 64 128 0.0170591
252 99 64 128 0.0221251
253 99 64 128 0.0288881
254 99 64 128 0.040505
255 99 64 128 0.0444263
189 100 64 128 0.0111958
190 100 64 128 0.0113938
191 100 64 128 0.013773
192 100 64 128 0.012383
193 100 64 128 0.0112842
200 100 64 128 0.0102361
201 100 64 128 0.0103675
202 100 64 128 0.0114537
204 100 64 128 0.0118958
248 100 64 128 0.0117327
249 100 64 128 0.0129762
250 100 64 128 0.0139821
251 100 64 128 0.0158022
252 100 64 128 0.020835
253 100 64 128 0.0225497
254 100 64 128 0.0328181
255 100 64 128 0.0343112
188 101 64 128 0.0114774
189 101 64 128 0.0138448
190 101 64 128 0.0134279
191 101 64 128 0.0146023
192 101 64 128 0.0128504
193 101 64 128 0.0126192
201 101 64 128 0.0114878
202 101 64 128 0.0120259
203 101 64 128 0.0112606
204 101 64 128 0.0122989
205 101 64 128 0.0105681
247 101 64 128 0.0122016
248 101 64 128 0.0156395
249 101 64 128 0.0160727
250 101 64 128 0.0155036
251 101 64 128 0.0171475
252 101 64 128 0.0186625
253 101 64 128 0.0185665
254 101 64 128 0.0234162
255 101 64 128 0.02553
187 102 64 128 0.0101383
188 102 64 128 0.0107583
189 102 64 128 0.0116866
190 102 64 128 0.0109241
191 102 64 128 0.011799
192 102 64 128 0.0117549
193 102 64 128 0.010136
245 102 64 128 0.0125975
246 102 64 128 0.0140536
247 102 64 128 0.0184093
248 102 64 128 0.0197931
249 102 64 128 0.0194516
250 102 64 128 0.0189751
251 102 64 128 0.0172227
252 102 64 128 0.0157626
253 102 64 128 0.0163925
254 102 64 128 0.0207
255 102 64 128 0.0192761
186 103 64 128 0.0101707
187 103 64 128 0.0110948
188 103 64 128 0.0114452
189 103 64 128 0.0122938
190 103 64 128 0.0108887
191 103 64 128 0.0109239
239 103 64 128 0.0105443
240 103 64 128 0.0104535
241 103 64 128 0.0122819
242 103 64 128 0.012391
243 103 64 128 0.0151589
244 103 64 128 0.0158656
245 103 64 128 0.0209996
246 103 64 128 0.0247402
247 103 64 128 0.0340233
248 103 64 128 0.0315688
249 103 64 128 0.0297505
250 103 64 128 0.0252097
251 103 64 128 0.0195936
252 103 64 128 0.0175362
253 103 64 128 0.0174035
254 103 64 128 0.0194223
255 103 64 128 0.0179426
238 104 64 128 0.0115424
239 104 64 128 0.0144788
240 104 64 128 0.0153035
241 104 64 128 0.019737
242 104 64 128 0.0200162
243 104 64 128 0.0252212
244 104 64 128 0.0277641
245 104 64 128 0.0367175
246 104 64 128 0.0419647
247 104 64 128 0.053065
248 104 64 128 0.0499884
249 104 64 128 0.0428795
250 104 64 128 0.0343012
251 104 64 128 0.0260686
252 104 64 128 0.0240358
253 104 64 128 0.0206076
254 104 64 128 0.02149
255 104 64 128 0.0184324
237 105 64 128 0.0100872
238 105 64 128 0.0134942
239 105 64 128 0.0176462
240 105 64 128 0.0217507
241 105 64 128 0.0255275
242 105 64 128 0.0280308
243 105 64 128 0.0374431
244 105 64 128 0.0444832
245 105 64 128 0.064198
246 105 64 128 0.0721083
247 105 64 128 0.0862211
248 105 64 128 0.0782186
249 105 64 128 0.0608591
250 105 64 128 0.0502263
251 105 64 128 0.037903
252 105 64 128 0.0312681
253 105 64 128 0.0256969
254 105 64 128 0.0243593
255 105 64 128 0.0230167
237 106 64 128 0.0105548
238 106 64 128 0.0155493
239 106 64 128 0.0222264
240 106 64 128 0.0268934
241 106 64 128 0.0357608
242 106 64 128 0.0373171
243 106 64 128 0.0491695
244 106 64 128 0.0593949
245 106 64 128 0.0805108
246 106 64 128 0.0842899
247 106 64 128 0.111092
248 106 64 128 0.110249
249 106 64 128 0.100135
250 106 64 128 0.0754471
251 106 64 128 0.0566476
252 106 64 128 0.0412506
253 106 64 128 0.0327471
254 106 64 128 0.0287501
255 106 64 128 0.0281261
237 107 64 128 0.0132047
238 107 64 128 0.0184484
239 107 64 128 0.0255442
240 107 64 128 0.0323497
241 107 64 128 0.0435437
242 107 64 128 0.0469812
243 107 64 128 0.0676123
244 107 64 128 0.0846127
245 107 64 128 0.117089
246 107 64 128 0.12441
247 107 64 128 0.169902
248 107 64 128 0.158064
249 107 64 128 0.158881
250 107 64 128 0.124112
251 107 64 128 0.0851945
252 107 64 128 0.0613646
253 107 64 128 0.0499921
254 107 64 128 0.0472667
255 107 64 128 0.0461931
237 108 64 128 0.0131414
238 108 64 128 0.0189872
239 108 64 128 0.0274416
240 108 64 128 0.0345021
241 108 64 128 0.0499673
242 108 64 128 0.0580894
243 108 64 128 0.0824644
244 108 64 128 0.104523
245 108 64 128 0.159939
246 108 64 128 0.172806
247 108 64 128 0.208115
248 108 64 128 0.204894
249 108 64 128 0.196856
250 108 64 128 0.17278
251 108 64 128 0.124059
252 108 64 128 0.102033
253 108 64 128 0.0841305
254 108 64 128 0.0896902
255 108 64 128 0.0765098
237 109 64 128 0.0132002
238 109 64 128 0.0188963
239 109 64 128 0.028856
240 109 64 128 0.0410781
241 109 64 128 0.0548034
242 109 64 128 0.0619056
243 109 64 128 0.0811997
244 109 64 128 0.112043
245 109 64 128 0.162405
246 109 64 128 0.182668
247 109 64 128 0.219988
248 109 64 128 0.216097
249 109 64 128 0.218772
250 109 64 128 0.182503
251 109 64 128 0.147988
252 109 64 128 0.136461
253 109 64 128 0.119945
254 109 64 128 0.119946
255 109 64 128 0.117004
237 110 64 128 0.0138598
238 110 64 128 0.0208919
239 110 64 128 0.0313139
240 110 64 128 0.0381668
241 110 64 128 0.0577362
242 110 64 128 0.0670524
243 110 64 128 0.0883758
244 110 64 128 0.117567
245 110 64 128 0.162408
246 110 64 128 0.176101
247 110 64 128 0.190892
248 110 64 128 0.163005
249 110 64 128 0.186719
250 110 64 128 0.17171
251 110 64 128 0.148352
252 110 64 128 0.148751
253 110 64 128 0.137753
254 110 64 128 0.155176
255 110 64 128 0.142616
237 111 64 128 0.0139062
238 111 64 128 0.021031
239 111 64 128 0.030849
240 111 64 128 0.0337631
241 111 64 128 0.0424899
242 111 64 128 0.0547788
243 111 64 128 0.0736028
244 111 64 128 0.0970509
245 111 64 128 0.125816
246 111 64 128 0.11658
247 111 64 128 0.125298
248 111 64 128 0.107821
249 111 64 128 0.121982
250 111 64 128 0.127136
251 111 64 128 0.130046
252 111 64 128 0.137142
253 111 64 128 0.138447
254 111 64 128 0.165957
255 111 64 128 0.165981
