0 62 85 170 0.0117155
1 62 85 170 0.0116718
2 62 85 170 0.0107597
0 63 85 170 0.0154335
1 63 85 170 0.015711
2 63 85 170 0.01397
3 63 85 170 0.0117305
4 63 85 170 0.0109451
0 64 85 170 0.0180369
1 64 85 170 0.0181854
2 64 85 170 0.016492
3 64 85 170 0.0144341
4 64 85 170 0.0137025
5 64 85 170 0.0121102
6 64 85 170 0.0100261
0 65 85 170 0.0209372
1 65 85 170 0.0212237
2 65 85 170 0.020524
3 65 85 170 0.0187464
4 65 85 170 0.0168438
5 65 85 170 0.014909
6 65 85 170 0.0125123
7 65 85 170 0.0100751
0 66 85 170 0.0219515
1 66 85 170 0.0223661
2 66 85 170 0.0223473
3 66 85 170 0.0207896
4 66 85 170 0.0181084
5 66 85 170 0.0157911
6 66 85 170 0.0135149
7 66 85 170 0.0112518
0 67 85 170 0.0252847
1 67 85 170 0.0254803
2 67 85 170 0.0246005
3 67 85 170 0.0225393
4 67 85 170 0.0201788
5 67 85 170 0.0177687
6 67 85 170 0.015544
7 67 85 170 0.0133377
8 67 85 170 0.0108697
0 68 85 170 0.0275377
1 68 85 170 0.0273771
2 68 85 170 0.025108
3 68 85 170 0.0222985
4 68 85 170 0.0207944
5 68 85 170 0.0189063
6 68 85 170 0.0166286
7 68 85 170 0.0138708
8 68 85 170 0.0107539
17 0 64 128 0.0117398
18 0 64 128 0.0125915
19 0 64 128 0.0149147
20 0 64 128 0.0177847
21 0 64 128 0.0203395
22 0 64 128 0.0207118
23 0 64 128 0.0208071
24 0 64 128 0.0186541
25 0 64 128 0.0140975
26 0 64 128 0.0116162
19 1 64 128 0.0101893
20 1 64 128 0.0130315
21 1 64 128 0.0157699
22 1 64 128 0.0162548
23 1 64 128 0.0173896
24 1 64 128 0.01569
25 1 64 128 0.0128485
26 1 64 128 0.0104624
21 2 64 128 0.0105551
22 2 64 128 0.0111899
23 2 64 128 0.0113418
24 2 64 128 0.0105968
0 5 64 128 0.0105929
0 6 64 128 0.0194023
1 6 64 128 0.0181753
2 6 64 128 0.0166269
3 6 64 128 0.0128373
4 6 64 128 0.0112233
0 7 64 128 0.032
1 7 64 128 0.0273272
2 7 64 128 0.0262779
3 7 64 128 0.0201961
4 7 64 128 0.0179173
5 7 64 128 0.0144174
6 7 64 128 0.0148915
7 7 64 128 0.0150361
8 7 64 128 0.0142403
9 7 64 128 0.0120284
10 7 64 128 0.0106802
0 8 64 128 0.0503868
1 8 64 128 0.0428773
2 8 64 128 0.0389753
3 8 64 128 0.0300307
4 8 64 128 0.0273015
5 8 64 128 0.0214786
6 8 64 128 0.0232882
7 8 64 128 0.0243984
8 8 64 128 0.0232992
9 8 64 128 0.0208928
10 8 64 128 0.0161068
11 8 64 128 0.0133697
12 8 64 128 0.0104688
13 8 64 128 0.0101039
0 9 64 128 0.0649596
1 9 64 128 0.0565112
2 9 64 128 0.0467533
3 9 64 128 0.0363699
4 9 64 128 0.0344288
5 9 64 128 0.0265235
6 9 64 128 0.0273095
7 9 64 128 0.0302701
8 9 64 128 0.0297679
9 9 64 128 0.0266937
10 9 64 128 0.0218713
11 9 64 128 0.0178165
12 9 64 128 0.015172
13 9 64 128 0.0135467
14 9 64 128 0.0119415
15 9 64 128 0.0105043
0 10 64 128 0.0824642
1 10 64 128 0.0693467
2 10 64 128 0.0623167
3 10 64 128 0.0492475
4 10 64 128 0.0424581
5 10 64 128 0.0359767
6 10 64 128 0.0351781
7 10 64 128 0.0371066
8 10 64 128 0.0367858
9 10 64 128 0.0348619
10 10 64 128 0.0300239
11 10 64 128 0.0258707
12 10 64 128 0.0197343
13 10 64 128 0.0177227
14 10 64 128 0.0160635
15 10 64 128 0.0139933
16 10 64 128 0.0121115
17 10 64 128 0.010752
0 11 64 128 0.101404
1 11 64 128 0.0792824
2 11 64 128 0.0739919
3 11 64 128 0.0569126
4 11 64 128 0.0500808
5 11 64 128 0.039664
6 11 64 128 0.0472336
7 11 64 128 0.0454056
8 11 64 128 0.045318
9 11 64 128 0.0440459
10 11 64 128 0.0380759
11 11 64 128 0.0331679
12 11 64 128 0.0293684
13 11 64 128 0.0244368
14 11 64 128 0.0233003
15 11 64 128 0.0196739
16 11 64 128 0.017842
17 11 64 128 0.0154231
18 11 64 128 0.0121116
19 11 64 128 0.0113431
20 11 64 128 0.0109954
0 12 64 128 0.118884
1 12 64 128 0.0988154
2 12 64 128 0.0864945
3 12 64 128 0.0667448
4 12 64 128 0.0569552
5 12 64 128 0.0455927
6 12 64 128 0.0467973
7 12 64 128 0.0502488
8 12 64 128 0.0491523
9 12 64 128 0.0495207
10 12 64 128 0.0416239
11 12 64 128 0.0370132
12 12 64 128 0.0303049
13 12 64 128 0.027866
14 12 64 128 0.0252165
15 12 64 128 0.0209871
16 12 64 128 0.0182203
17 12 64 128 0.0172781
18 12 64 128 0.0161888
19 12 64 128 0.0154951
20 12 64 128 0.0143523
21 12 64 128 0.0118287
22 12 64 128 0.0108829
0 13 64 128 0.12784
1 13 64 128 0.110303
2 13 64 128 0.0862635
3 13 64 128 0.0711845
4 13 64 128 0.0589494
5 13 64 128 0.0447082
6 13 64 128 0.046974
7 13 64 128 0.0477592
8 13 64 128 0.0520674
9 13 64 128 0.0457189
10 13 64 128 0.0424752
11 13 64 128 0.0356916
12 13 64 128 0.0317675
13 13 64 128 0.0280315
14 13 64 128 0.0251357
15 13 64 128 0.0196034
16 13 64 128 0.021169
17 13 64 128 0.0183794
18 13 64 128 0.0181954
19 13 64 128 0.0181386
20 13 64 128 0.0191623
21 13 64 128 0.0180242
22 13 64 128 0.0157669
23 13 64 128 0.0139064
24 13 64 128 0.0106618
0 14 64 128 0.116565
1 14 64 128 0.105294
2 14 64 128 0.0844413
3 14 64 128 0.0668433
4 14 64 128 0.0531409
5 14 64 128 0.0423202
6 14 64 128 0.0437215
7 14 64 128 0.0460936
8 14 64 128 0.0483611
9 14 64 128 0.0441206
10 14 64 128 0.0422699
11 14 64 128 0.0359248
12 14 64 128 0.0292647
13 14 64 128 0.0290327
14 14 64 128 0.0269286
15 14 64 128 0.0213531
16 14 64 128 0.0191995
17 14 64 128 0.0182939
18 14 64 128 0.0184074
19 14 64 128 0.0184105
20 14 64 128 0.0202905
21 14 64 128 0.0212626
22 14 64 128 0.02097
23 14 64 128 0.0184126
24 14 64 128 0.0146644
25 14 64 128 0.0136801
26 14 64 128 0.0106437
0 15 64 128 0.102424
1 15 64 128 0.0901507
2 15 64 128 0.0767352
3 15 64 128 0.0574151
4 15 64 128 0.0484545
5 15 64 128 0.0374132
6 15 64 128 0.0411958
7 15 64 128 0.0409181
8 15 64 128 0.0407202
9 15 64 128 0.0376301
10 15 64 128 0.0359365
11 15 64 128 0.0302863
12 15 64 128 0.0286337
13 15 64 128 0.0254826
14 15 64 128 0.0241904
15 15 64 128 0.0207927
16 15 64 128 0.0196766
17 15 64 128 0.0174855
18 15 64 128 0.0172132
19 15 64 128 0.0187267
20 15 64 128 0.0198007
21 15 64 128 0.0226447
22 15 64 128 0.0222524
23 15 64 128 0.0212262
24 15 64 128 0.0180838
25 15 64 128 0.0168826
26 15 64 128 0.015614
27 15 64 128 0.0107272
0 16 64 128 0.0909268
1 16 64 128 0.0807885
2 16 64 128 0.0650964
3 16 64 128 0.0535048
4 16 64 128 0.0472
5 16 64 128 0.0340499
6 16 64 128 0.0351528
7 16 64 128 0.0366093
8 16 64 128 0.0373315
9 16 64 128 0.0330409
10 16 64 128 0.0312152
11 16 64 128 0.0293862
12 16 64 128 0.025387
13 16 64 128 0.0222151
14 16 64 128 0.0207324
15 16 64 128 0.0194608
16 16 64 128 0.0160262
17 16 64 128 0.0159568
18 16 64 128 0.0162086
19 16 64 128 0.0190844
20 16 64 128 0.0197281
21 16 64 128 0.022769
22 16 64 128 0.0248366
23 16 64 128 0.0238575
24 16 64 128 0.0217775
25 16 64 128 0.0210732
26 16 64 128 0.018645
27 16 64 128 0.0138096
28 16 64 128 0.0108113
0 17 64 128 0.0574349
1 17 64 128 0.058338
2 17 64 128 0.0520627
3 17 64 128 0.0456247
4 17 64 128 0.0411252
5 17 64 128 0.0345702
6 17 64 128 0.0348574
7 17 64 128 0.0337862
8 17 64 128 0.0357474
9 17 64 128 0.0315086
10 17 64 128 0.0305511
11 17 64 128 0.0285612
12 17 64 128 0.0269557
13 17 64 128 0.0217399
14 17 64 128 0.0199911
15 17 64 128 0.0177429
16 17 64 128 0.0191784
17 17 64 128 0.0184636
18 17 64 128 0.0167867
19 17 64 128 0.0184435
20 17 64 128 0.0186517
21 17 64 128 0.0222941
22 17 64 128 0.0248989
23 17 64 128 0.0282358
24 17 64 128 0.0270045
25 17 64 128 0.0258459
26 17 64 128 0.0223088
27 17 64 128 0.0169903
28 17 64 128 0.013828
29 17 64 128 0.0116797
30 17 64 128 0.0110994
0 18 64 128 0.0318239
1 18 64 128 0.0348433
2 18 64 128 0.0344585
3 18 64 128 0.0357134
4 18 64 128 0.0338722
5 18 64 128 0.0285773
6 18 64 128 0.0324095
7 18 64 128 0.0351054
8 18 64 128 0.0381666
9 18 64 128 0.0359053
10 18 64 128 0.0355433
11 18 64 128 0.0317811
12 18 64 128 0.0291117
13 18 64 128 0.0267973
14 18 64 128 0.0223415
15 18 64 128 0.0210503
16 18 64 128 0.0185738
17 18 64 128 0.0186638
18 18 64 128 0.0178625
19 18 64 128 0.0203078
20 18 64 128 0.0194788
21 18 64 128 0.0215948
22 18 64 128 0.0253424
23 18 64 128 0.0291104
24 18 64 128 0.0295529
25 18 64 128 0.0323082
26 18 64 128 0.0297292
27 18 64 128 0.0246467
28 18 64 128 0.018823
29 18 64 128 0.0148576
30 18 64 128 0.014228
31 18 64 128 0.0117499
0 19 64 128 0.0184831
1 19 64 128 0.0220369
2 19 64 128 0.0225612
3 19 64 128 0.0244904
4 19 64 128 0.0248238
5 19 64 128 0.02401
6 19 64 128 0.0303679
7 19 64 128 0.0336363
8 19 64 128 0.0359572
9 19 64 128 0.0362943
10 19 64 128 0.0348217
11 19 64 128 0.0311599
12 19 64 128 0.0306007
13 19 64 128 0.0285551
14 19 64 128 0.0238177
15 19 64 128 0.0230015
16 19 64 128 0.0234366
17 19 64 128 0.023607
18 19 64 128 0.0197673
19 19 64 128 0.0215071
20 19 64 128 0.0204484
21 19 64 128 0.0249103
22 19 64 128 0.0246855
23 19 64 128 0.027547
24 19 64 128 0.0299604
25 19 64 128 0.0342972
26 19 64 128 0.0334913
27 19 64 128 0.02802
28 19 64 128 0.0230851
29 19 64 128 0.0192317
30 19 64 128 0.0180164
31 19 64 128 0.0140335
32 19 64 128 0.0128732
33 19 64 128 0.0107615
0 20 64 128 0.012853
1 20 64 128 0.0149132
2 20 64 128 0.015982
3 20 64 128 0.0182192
4 20 64 128 0.01958
5 20 64 128 0.0208804
6 20 64 128 0.0274625
7 20 64 128 0.0304009
8 20 64 128 0.0344719
9 20 64 128 0.0362109
10 20 64 128 0.0381551
11 20 64 128 0.0386712
12 20 64 128 0.0362291
13 20 64 128 0.033958
14 20 64 128 0.0280431
15 20 64 128 0.028095
16 20 64 128 0.0249344
17 20 64 128 0.0268982
18 20 64 128 0.0231657
19 20 64 128 0.0257983
20 20 64 128 0.0234878
21 20 64 128 0.0297803
22 20 64 128 0.0307648
23 20 64 128 0.0334221
24 20 64 128 0.0340425
25 20 64 128 0.0386492
26 20 64 128 0.0379227
27 20 64 128 0.0339946
28 20 64 128 0.0306608
29 20 64 128 0.0249109
30 20 64 128 0.0209982
31 20 64 128 0.0176643
32 20 64 128 0.0161835
33 20 64 128 0.0155619
34 20 64 128 0.0143075
35 20 64 128 0.01221
36 20 64 128 0.011016
2 21 64 128 0.0105301
3 21 64 128 0.0124912
4 21 64 128 0.0140193
5 21 64 128 0.0150419
6 21 64 128 0.0196532
7 21 64 128 0.0224791
8 21 64 128 0.0274853
9 21 64 128 0.0300738
10 21 64 128 0.0351835
11 21 64 128 0.0389723
12 21 64 128 0.0386749
13 21 64 128 0.0334771
14 21 64 128 0.0289865
15 21 64 128 0.0300228
16 21 64 128 0.0273954
17 21 64 128 0.0281092
18 21 64 128 0.0259998
19 21 64 128 0.0275318
20 21 64 128 0.0270095
21 21 64 128 0.033484
22 21 64 128 0.032445
23 21 64 128 0.0354184
24 21 64 128 0.0403928
25 21 64 128 0.0450415
26 21 64 128 0.0416627
27 21 64 128 0.0350346
28 21 64 128 0.0331385
29 21 64 128 0.03027
30 21 64 128 0.0253745
31 21 64 128 0.0215681
32 21 64 128 0.0206473
33 21 64 128 0.0203907
34 21 64 128 0.0192089
35 21 64 128 0.0164145
36 21 64 128 0.0146096
37 21 64 128 0.010926
5 22 64 128 0.010152
6 22 64 128 0.013658
7 22 64 128 0.0168371
8 22 64 128 0.0209296
9 22 64 128 0.0254974
10 22 64 128 0.0322058
11 22 64 128 0.0357302
12 22 64 128 0.0347791
13 22 64 128 0.0332591
14 22 64 128 0.0284059
15 22 64 128 0.0284475
16 22 64 128 0.0243651
17 22 64 128 0.0255747
18 22 64 128 0.0254686
19 22 64 128 0.0286646
20 22 64 128 0.0264702
21 22 64 128 0.0358207
22 22 64 128 0.0347014
23 22 64 128 0.0376753
24 22 64 128 0.0418486
25 22 64 128 0.0487261
26 22 64 128 0.0447384
27 22 64 128 0.0411649
28 22 64 128 0.0373633
29 22 64 128 0.0324579
30 22 64 128 0.0303417
31 22 64 128 0.0284479
32 22 64 128 0.0263958
33 22 64 128 0.0247145
34 22 64 128 0.0231309
35 22 64 128 0.0223662
36 22 64 128 0.0204814
37 22 64 128 0.0162239
38 22 64 128 0.0119314
7 23 64 128 0.0105263
8 23 64 128 0.0134554
9 23 64 128 0.0164857
10 23 64 128 0.0203938
11 23 64 128 0.0220812
12 23 64 128 0.0243889
13 23 64 128 0.0253406
14 23 64 128 0.0232275
15 23 64 128 0.023686
16 23 64 128 0.0226856
17 23 64 128 0.0225399
18 23 64 128 0.0228525
19 23 64 128 0.0241961
20 23 64 128 0.024968
21 23 64 128 0.0307484
22 23 64 128 0.031471
23 23 64 128 0.0334729
24 23 64 128 0.0355559
25 23 64 128 0.0394047
26 23 64 128 0.0425013
27 23 64 128 0.0410023
28 23 64 128 0.0385564
29 23 64 128 0.0349173
30 23 64 128 0.0353884
31 23 64 128 0.0302887
32 23 64 128 0.0311135
33 23 64 128 0.0296302
34 23 64 128 0.0279919
35 23 64 128 0.0229148
36 23 64 128 0.0230746
37 23 64 128 0.0176291
38 23 64 128 0.0135162
9 24 64 128 0.0111301
10 24 64 128 0.0140255
11 24 64 128 0.0149034
12 24 64 128 0.0167993
13 24 64 128 0.0201589
14 24 64 128 0.0185934
15 24 64 128 0.0194456
16 24 64 128 0.015694
17 24 64 128 0.017767
18 24 64 128 0.0189075
19 24 64 128 0.0219807
20 24 64 128 0.0219518
21 24 64 128 0.0263724
22 24 64 128 0.0250317
23 24 64 128 0.0307529
24 24 64 128 0.0307969
25 24 64 128 0.0349049
26 24 64 128 0.0362905
27 24 64 128 0.0388726
28 24 64 128 0.0373469
29 24 64 128 0.0358344
30 24 64 128 0.0367958
31 24 64 128 0.0351925
32 24 64 128 0.0341171
33 24 64 128 0.0331202
34 24 64 128 0.0325357
35 24 64 128 0.0299298
36 24 64 128 0.0275894
37 24 64 128 0.0227741
38 24 64 128 0.0174609
39 24 64 128 0.0133381
11 25 64 128 0.0102517
12 25 64 128 0.011488
13 25 64 128 0.0131338
14 25 64 128 0.0136764
15 25 64 128 0.013927
16 25 64 128 0.0129787
17 25 64 128 0.0132862
18 25 64 128 0.0152979
19 25 64 128 0.0174006
20 25 64 128 0.0191855
21 25 64 128 0.02319
22 25 64 128 0.0213656
23 25 64 128 0.0242453
24 25 64 128 0.0271867
25 25 64 128 0.0330669
26 25 64 128 0.0309601
27 25 64 128 0.0307288
28 25 64 128 0.0363472
29 25 64 128 0.0403547
30 25 64 128 0.0414316
31 25 64 128 0.0407756
32 25 64 128 0.04245
33 25 64 128 0.0429505
34 25 64 128 0.0389052
35 25 64 128 0.0367124
36 25 64 128 0.036883
37 25 64 128 0.0278028
38 25 64 128 0.0218086
39 25 64 128 0.0163796
40 25 64 128 0.0120688
13 26 64 128 0.0113835
14 26 64 128 0.0109147
15 26 64 128 0.0125123
16 26 64 128 0.0107596
17 26 64 128 0.0124896
18 26 64 128 0.0132632
19 26 64 128 0.0168796
20 26 64 128 0.0164577
21 26 64 128 0.0190721
22 26 64 128 0.0171427
23 26 64 128 0.0194417
24 26 64 128 0.0201996
25 26 64 128 0.0251161
26 26 64 128 0.0241282
27 26 64 128 0.028492
28 26 64 128 0.0309163
29 26 64 128 0.037029
30 26 64 128 0.0400157
31 26 64 128 0.0506119
32 26 64 128 0.054058
33 26 64 128 0.05201
34 26 64 128 0.050929
35 26 64 128 0.0488828
36 26 64 128 0.0437119
37 26 64 128 0.0356406
38 26 64 128 0.028185
39 26 64 128 0.0216902
40 26 64 128 0.0155702
41 26 64 128 0.0114136
16 27 64 128 0.0102287
17 27 64 128 0.0117555
18 27 64 128 0.0126632
19 27 64 128 0.0140328
20 27 64 128 0.0142951
21 27 64 128 0.0161018
22 27 64 128 0.0149563
23 27 64 128 0.0156085
24 27 64 128 0.016182
25 27 64 128 0.0186643
26 27 64 128 0.0200718
27 27 64 128 0.0220377
28 27 64 128 0.0260218
29 27 64 128 0.0309291
30 27 64 128 0.0404623
31 27 64 128 0.0479866
32 27 64 128 0.0576894
33 27 64 128 0.0599121
34 27 64 128 0.0632519
35 27 64 128 0.0575818
36 27 64 128 0.0551906
37 27 64 128 0.0427842
38 27 64 128 0.0342486
39 27 64 128 0.0284396
40 27 64 128 0.021374
41 27 64 128 0.0151715
42 27 64 128 0.0105778
17 28 64 128 0.0101862
18 28 64 128 0.0107834
19 28 64 128 0.0120993
20 28 64 128 0.0114595
21 28 64 128 0.0126816
22 28 64 128 0.0113374
23 28 64 128 0.0131522
24 28 64 128 0.0127978
25 28 64 128 0.0138034
26 28 64 128 0.0139055
27 28 64 128 0.0165847
28 28 64 128 0.0186275
29 28 64 128 0.022357
30 28 64 128 0.0270642
31 28 64 128 0.0379037
32 28 64 128 0.0456364
33 28 64 128 0.0514036
34 28 64 128 0.0570662
35 28 64 128 0.0549954
36 28 64 128 0.0493843
37 28 64 128 0.041354
38 28 64 128 0.0324978
39 28 64 128 0.028979
40 28 64 128 0.0227847
41 28 64 128 0.0183734
42 28 64 128 0.012922
43 28 64 128 0.0103061
15 29 64 128 0.0102002
16 29 64 128 0.0101318
17 29 64 128 0.0100964
18 29 64 128 0.0106082
19 29 64 128 0.0110167
21 29 64 128 0.0108235
28 29 64 128 0.0111392
29 29 64 128 0.013694
30 29 64 128 0.0175229
31 29 64 128 0.0222798
32 29 64 128 0.0310701
33 29 64 128 0.0384061
34 29 64 128 0.0453297
35 29 64 128 0.0491029
36 29 64 128 0.0452155
37 29 64 128 0.0371998
38 29 64 128 0.0324024
39 29 64 128 0.028674
40 29 64 128 0.0218214
41 29 64 128 0.017496
42 29 64 128 0.0134316
43 29 64 128 0.0105693
14 30 64 128 0.0107259
15 30 64 128 0.0122503
16 30 64 128 0.0110954
17 30 64 128 0.0116399
18 30 64 128 0.0105198
19 30 64 128 0.0115866
31 30 64 128 0.0132251
32 30 64 128 0.0166765
33 30 64 128 0.0211213
34 30 64 128 0.0253996
35 30 64 128 0.0311962
36 30 64 128 0.0318979
37 30 64 128 0.0287015
38 30 64 128 0.0268048
39 30 64 128 0.0259747
40 30 64 128 0.0232468
41 30 64 128 0.0196399
42 30 64 128 0.01555
43 30 64 128 0.012198
14 31 64 128 0.0101678
15 31 64 128 0.010559
16 31 64 128 0.0117293
17 31 64 128 0.0123683
18 31 64 128 0.0114684
19 31 64 128 0.0107137
33 31 64 128 0.0126721
34 31 64 128 0.0153915
35 31 64 128 0.0174793
36 31 64 128 0.0192014
37 31 64 128 0.0188261
38 31 64 128 0.0199987
39 31 64 128 0.0200796
40 31 64 128 0.0206039
41 31 64 128 0.0199878
42 31 64 128 0.0183005
43 31 64 128 0.0162518
44 31 64 128 0.0105317
15 32 64 128 0.0105816
16 32 64 128 0.0105662
17 32 64 128 0.0122094
18 32 64 128 0.0109419
19 32 64 128 0.0106196
37 32 64 128 0.0108443
38 32 64 128 0.0119397
39 32 64 128 0.0133133
40 32 64 128 0.0160877
41 32 64 128 0.0166733
42 32 64 128 0.0173298
43 32 64 128 0.0178653
44 32 64 128 0.0143886
45 32 64 128 0.0112698
16 33 64 128 0.0103374
17 33 64 128 0.0113027
18 33 64 128 0.0108383
40 33 64 128 0.0111399
41 33 64 128 0.0140195
42 33 64 128 0.0132589
43 33 64 128 0.0154539
44 33 64 128 0.014728
45 33 64 128 0.0127802
42 34 64 128 0.0106948
43 34 64 128 0.0127998
44 34 64 128 0.0128167
45 34 64 128 0.0131314
46 34 64 128 0.0105748
0 36 64 128 0.011613
1 36 64 128 0.0108824
0 37 64 128 0.0135604
1 37 64 128 0.0135377
2 37 64 128 0.0105343
0 38 64 128 0.0126388
1 38 64 128 0.0135283
2 38 64 128 0.0118435
0 39 64 128 0.0110172
1 39 64 128 0.0111299
54 44 64 128 0.0102919
55 44 64 128 0.011108
56 44 64 128 0.0113937
54 45 64 128 0.0103218
55 45 64 128 0.0107937
56 45 64 128 0.0114844
56 46 64 128 0.0111324
57 46 64 128 0.0101213
119 64 64 128 0.0101258
118 65 64 128 0.0104834
119 65 64 128 0.0116162
120 65 64 128 0.0111969
122 65 64 128 0.0101727
119 67 64 128 0.0103662
120 67 64 128 0.0108407
122 67 64 128 0.0103658
123 67 64 128 0.010336
124 67 64 128 0.0116912
125 67 64 128 0.0104365
126 67 64 128 0.0139489
127 67 64 128 0.0110439
128 67 64 128 0.0132202
129 67 64 128 0.0129578
130 67 64 128 0.0167637
131 67 64 128 0.0158136
132 67 64 128 0.0127437
133 67 64 128 0.012975
134 67 64 128 0.0122623
124 68 64 128 0.0103965
125 68 64 128 0.0107108
126 68 64 128 0.0122561
127 68 64 128 0.0119414
128 68 64 128 0.0122804
129 68 64 128 0.0171921
130 68 64 128 0.0219694
131 68 64 128 0.0231153
132 68 64 128 0.0205509
133 68 64 128 0.0229007
134 68 64 128 0.0204919
135 68 64 128 0.0149498
136 68 64 128 0.010291
124 69 64 128 0.0118648
125 69 64 128 0.0133773
126 69 64 128 0.0184611
127 69 64 128 0.0182922
128 69 64 128 0.0227292
129 69 64 128 0.0326563
130 69 64 128 0.0492834
131 69 64 128 0.0519372
132 69 64 128 0.0568402
133 69 64 128 0.0555671
134 69 64 128 0.0479035
135 69 64 128 0.0349467
136 69 64 128 0.0252769
137 69 64 128 0.0211651
138 69 64 128 0.0156351
140 69 64 128 0.0105572
126 70 64 128 0.0145835
127 70 64 128 0.0157904
128 70 64 128 0.0182164
129 70 64 128 0.0279855
130 70 64 128 0.0431313
131 70 64 128 0.053271
132 70 64 128 0.047364
133 70 64 128 0.0553016
134 70 64 128 0.0564205
135 70 64 128 0.0438076
136 70 64 128 0.0285749
137 70 64 128 0.0282568
138 70 64 128 0.0215917
139 70 64 128 0.0154604
140 70 64 128 0.0159998
141 70 64 128 0.013684
142 70 64 128 0.0128756
126 71 64 128 0.0165974
127 71 64 128 0.0183301
128 71 64 128 0.0259588
129 71 64 128 0.0377217
130 71 64 128 0.0584769
131 71 64 128 0.07077
132 71 64 128 0.0729053
133 71 64 128 0.0781291
134 71 64 128 0.0796833
135 71 64 128 0.0673148
136 71 64 128 0.0445287
137 71 64 128 0.0375459
138 71 64 128 0.0329473
139 71 64 128 0.0259414
140 71 64 128 0.0291804
141 71 64 128 0.0226752
142 71 64 128 0.0210179
143 71 64 128 0.0125912
144 71 64 128 0.0130626
127 72 64 128 0.0104285
128 72 64 128 0.0151439
129 72 64 128 0.026645
130 72 64 128 0.0369223
131 72 64 128 0.0499
132 72 64 128 0.0479736
133 72 64 128 0.0608424
134 72 64 128 0.0579835
135 72 64 128 0.0507762
136 72 64 128 0.0409283
137 72 64 128 0.0361806
138 72 64 128 0.0331626
139 72 64 128 0.0280889
140 72 64 128 0.0329143
141 72 64 128 0.0274074
142 72 64 128 0.0267558
143 72 64 128 0.0174858
144 72 64 128 0.017878
128 73 64 128 0.0143337
129 73 64 128 0.0217908
130 73 64 128 0.0344379
131 73 64 128 0.0416785
132 73 64 128 0.0460858
133 73 64 128 0.0552438
134 73 64 128 0.0571304
135 73 64 128 0.0491137
136 73 64 128 0.0446032
137 73 64 128 0.0404296
138 73 64 128 0.0375989
139 73 64 128 0.0311747
140 73 64 128 0.0408447
141 73 64 128 0.0304343
142 73 64 128 0.0319536
143 73 64 128 0.0206042
144 73 64 128 0.0225821
145 73 64 128 0.0102611
146 73 64 128 0.0101797
129 74 64 128 0.0114326
130 74 64 128 0.0165567
131 74 64 128 0.0213236
132 74 64 128 0.0212053
133 74 64 128 0.026834
134 74 64 128 0.0311742
135 74 64 128 0.0260708
136 74 64 128 0.0243408
137 74 64 128 0.0263242
138 74 64 128 0.0273549
139 74 64 128 0.0226473
140 74 64 128 0.0294194
141 74 64 128 0.0237383
142 74 64 128 0.0279015
143 74 64 128 0.0167679
144 74 64 128 0.018612
129 75 64 128 0.0107976
130 75 64 128 0.0142695
131 75 64 128 0.0175612
132 75 64 128 0.0179606
133 75 64 128 0.0210075
134 75 64 128 0.0223118
135 75 64 128 0.0196454
136 75 64 128 0.0185907
137 75 64 128 0.0183934
138 75 64 128 0.0198709
139 75 64 128 0.016086
140 75 64 128 0.0203075
141 75 64 128 0.0163168
142 75 64 128 0.0193373
143 75 64 128 0.0134245
144 75 64 128 0.012651
137 76 64 128 0.0107923
138 76 64 128 0.0122312
139 76 64 128 0.0104517
140 76 64 128 0.0122416
141 76 64 128 0.0103144
142 76 64 128 0.0125576
138 77 64 128 0.0106309
140 77 64 128 0.0105595
0 81 64 128 0.0103634
0 82 64 128 0.0117645
1 82 64 128 0.0107554
0 83 64 128 0.0125349
1 83 64 128 0.011908
0 84 64 128 0.0131776
1 84 64 128 0.0133842
2 84 64 128 0.0106458
9 84 64 128 0.0109179
10 84 64 128 0.0107464
11 84 64 128 0.0110108
12 84 64 128 0.0106368
13 84 64 128 0.0102659
0 85 64 128 0.014598
1 85 64 128 0.0147949
2 85 64 128 0.0131328
3 85 64 128 0.0116738
4 85 64 128 0.0107478
5 85 64 128 0.0108338
6 85 64 128 0.0103499
7 85 64 128 0.0113804
8 85 64 128 0.0123238
9 85 64 128 0.0139901
10 85 64 128 0.0135342
11 85 64 128 0.0138844
12 85 64 128 0.0134405
13 85 64 128 0.0131849
14 85 64 128 0.0112649
0 86 64 128 0.0163172
1 86 64 128 0.0168063
2 86 64 128 0.0151639
3 86 64 128 0.0137769
4 86 64 128 0.0120551
5 86 64 128 0.0124452
6 86 64 128 0.0119427
7 86 64 128 0.0126256
8 86 64 128 0.0138142
9 86 64 128 0.0157577
10 86 64 128 0.0151961
11 86 64 128 0.0155913
12 86 64 128 0.0154353
13 86 64 128 0.0159767
14 86 64 128 0.0132089
15 86 64 128 0.0116128
0 87 64 128 0.0189786
1 87 64 128 0.0204076
2 87 64 128 0.0180343
3 87 64 128 0.017192
4 87 64 128 0.0156144
5 87 64 128 0.0159008
6 87 64 128 0.0162654
7 87 64 128 0.0156157
8 87 64 128 0.0161869
9 87 64 128 0.0184006
10 87 64 128 0.0173318
11 87 64 128 0.018173
12 87 64 128 0.017118
13 87 64 128 0.01779
14 87 64 128 0.0149157
15 87 64 128 0.0133875
16 87 64 128 0.0108704
0 88 64 128 0.0238784
1 88 64 128 0.0247056
2 88 64 128 0.022178
3 88 64 128 0.0213082
4 88 64 128 0.0205379
5 88 64 128 0.0210454
6 88 64 128 0.020048
7 88 64 128 0.0200005
8 88 64 128 0.0191334
9 88 64 128 0.0210466
10 88 64 128 0.0201035
11 88 64 128 0.0202256
12 88 64 128 0.0191223
13 88 64 128 0.0194523
14 88 64 128 0.0180561
15 88 64 128 0.0156594
16 88 64 128 0.0135977
17 88 64 128 0.0120499
18 88 64 128 0.0106175
0 89 64 128 0.0257731
1 89 64 128 0.0266703
2 89 64 128 0.0248579
3 89 64 128 0.0250985
4 89 64 128 0.0249922
5 89 64 128 0.0261114
6 89 64 128 0.0241678
7 89 64 128 0.0256363
8 89 64 128 0.0249104
9 89 64 128 0.0254936
10 89 64 128 0.0222918
11 89 64 128 0.0219459
12 89 64 128 0.0201856
13 89 64 128 0.0201899
14 89 64 128 0.0185336
15 89 64 128 0.0168106
16 89 64 128 0.0141504
17 89 64 128 0.0135764
18 89 64 128 0.0119436
19 89 64 128 0.01118
0 90 64 128 0.0267252
1 90 64 128 0.0289318
2 90 64 128 0.0275547
3 90 64 128 0.0269744
4 90 64 128 0.0253761
5 90 64 128 0.0258243
6 90 64 128 0.0243332
7 90 64 128 0.0257042
8 90 64 128 0.0264424
9 90 64 128 0.0283959
10 90 64 128 0.0268944
11 90 64 128 0.0271695
12 90 64 128 0.0252303
13 90 64 128 0.0238513
14 90 64 128 0.0222257
15 90 64 128 0.0194184
16 90 64 128 0.0178321
17 90 64 128 0.0169968
18 90 64 128 0.0149668
19 90 64 128 0.0137503
20 90 64 128 0.0112412
0 91 64 128 0.0315399
1 91 64 128 0.0362984
2 91 64 128 0.0330734
3 91 64 128 0.0326034
4 91 64 128 0.0316835
5 91 64 128 0.0322534
6 91 64 128 0.0294326
7 91 64 128 0.0293936
8 91 64 128 0.0284426
9 91 64 128 0.0300738
10 91 64 128 0.0281251
11 91 64 128 0.0288578
12 91 64 128 0.0266796
13 91 64 128 0.024557
14 91 64 128 0.0224659
15 91 64 128 0.0200662
16 91 64 128 0.0175035
17 91 64 128 0.0168325
18 91 64 128 0.0158708
19 91 64 128 0.0141121
20 91 64 128 0.0116047
0 92 64 128 0.0352159
1 92 64 128 0.0408733
2 92 64 128 0.0396647
3 92 64 128 0.0385309
4 92 64 128 0.0368324
5 92 64 128 0.0369819
6 92 64 128 0.0325737
7 92 64 128 0.0341059
8 92 64 128 0.0322243
9 92 64 128 0.0339668
10 92 64 128 0.0308391
11 92 64 128 0.0316026
12 92 64 128 0.028207
13 92 64 128 0.0268559
14 92 64 128 0.0249612
15 92 64 128 0.0221719
16 92 64 128 0.0204863
17 92 64 128 0.0202643
18 92 64 128 0.0193021
19 92 64 128 0.0169347
20 92 64 128 0.013497
21 92 64 128 0.0113444
0 93 64 128 0.0398149
1 93 64 128 0.0428551
2 93 64 128 0.0431274
3 93 64 128 0.0424943
4 93 64 128 0.0413979
5 93 64 128 0.0407256
6 93 64 128 0.0378007
7 93 64 128 0.0367563
8 93 64 128 0.0327747
9 93 64 128 0.0358821
10 93 64 128 0.0351605
11 93 64 128 0.0330754
12 93 64 128 0.0281845
13 93 64 128 0.0275562
14 93 64 128 0.0256427
15 93 64 128 0.0241693
16 93 64 128 0.0232321
17 93 64 128 0.0235799
18 93 64 128 0.0217398
19 93 64 128 0.0198634
20 93 64 128 0.0149037
21 93 64 128 0.0127221
0 94 64 128 0.0480052
1 94 64 128 0.047612
2 94 64 128 0.0468671
3 94 64 128 0.0459024
4 94 64 128 0.0451799
5 94 64 128 0.0438477
6 94 64 128 0.0410429
7 94 64 128 0.0415562
8 94 64 128 0.0359245
9 94 64 128 0.0377699
10 94 64 128 0.0358861
11 94 64 128 0.0359181
12 94 64 128 0.0312665
13 94 64 128 0.0298696
14 94 64 128 0.0281423
15 94 64 128 0.0259899
16 94 64 128 0.0243095
17 94 64 128 0.0243095
18 94 64 128 0.0243681
19 94 64 128 0.0213004
20 94 64 128 0.0177261
21 94 64 128 0.0137761
22 94 64 128 0.010784
0 95 64 128 0.0600494
1 95 64 128 0.0627307
2 95 64 128 0.0565138
3 95 64 128 0.0532735
4 95 64 128 0.0473327
5 95 64 128 0.0486403
6 95 64 128 0.0470918
7 95 64 128 0.0476472
8 95 64 128 0.0428485
9 95 64 128 0.0418169
10 95 64 128 0.0366578
11 95 64 128 0.0371233
12 95 64 128 0.0364016
13 95 64 128 0.0333007
14 95 64 128 0.0306949
15 95 64 128 0.0296422
16 95 64 128 0.0265594
17 95 64 128 0.0264501
18 95 64 128 0.0261787
19 95 64 128 0.024192
20 95 64 128 0.0197769
21 95 64 128 0.0160989
22 95 64 128 0.0125279
23 95 64 128 0.0100216
0 96 64 128 0.0697593
1 96 64 128 0.0674214
2 96 64 128 0.0579756
3 96 64 128 0.0527205
4 96 64 128 0.0503709
5 96 64 128 0.0528245
6 96 64 128 0.0508236
7 96 64 128 0.0513143
8 96 64 128 0.0470315
9 96 64 128 0.0451039
10 96 64 128 0.0414199
11 96 64 128 0.0405907
12 96 64 128 0.0374846
13 96 64 128 0.0366648
14 96 64 128 0.0351129
15 96 64 128 0.0334386
16 96 64 128 0.0307596
17 96 64 128 0.0300274
18 96 64 128 0.0296442
19 96 64 128 0.0299216
20 96 64 128 0.0261994
21 96 64 128 0.021353
22 96 64 128 0.0166055
23 96 64 128 0.0131304
24 96 64 128 0.011301
25 96 64 128 0.0110211
26 96 64 128 0.0112697
27 96 64 128 0.0122872
28 96 64 128 0.0127162
29 96 64 128 0.0120152
30 96 64 128 0.0114022
31 96 64 128 0.0111778
32 96 64 128 0.011296
33 96 64 128 0.0117021
34 96 64 128 0.0120627
35 96 64 128 0.0106344
134 96 64 128 0.0111111
135 96 64 128 0.0116736
136 96 64 128 0.0100136
0 97 64 128 0.080309
1 97 64 128 0.0738916
2 97 64 128 0.0662273
3 97 64 128 0.0591923
4 97 64 128 0.05678
5 97 64 128 0.0583162
6 97 64 128 0.0568543
7 97 64 128 0.0572955
8 97 64 128 0.0530099
9 97 64 128 0.0499234
10 97 64 128 0.047685
11 97 64 128 0.046386
12 97 64 128 0.0405953
13 97 64 128 0.0414442
14 97 64 128 0.0389644
15 97 64 128 0.0379071
16 97 64 128 0.0344642
17 97 64 128 0.0347374
18 97 64 128 0.0319187
19 97 64 128 0.0300458
20 97 64 128 0.0276973
21 97 64 128 0.0240377
22 97 64 128 0.0196611
23 97 64 128 0.0160634
24 97 64 128 0.0138665
25 97 64 128 0.0133752
26 97 64 128 0.0138248
27 97 64 128 0.0151124
28 97 64 128 0.0159947
29 97 64 128 0.0158736
30 97 64 128 0.014499
31 97 64 128 0.0150813
32 97 64 128 0.0157661
33 97 64 128 0.0164091
34 97 64 128 0.0165641
35 97 64 128 0.0150584
36 97 64 128 0.0127674
131 97 64 128 0.0131038
132 97 64 128 0.0164003
133 97 64 128 0.0231208
134 97 64 128 0.0292936
135 97 64 128 0.0320109
136 97 64 128 0.026353
137 97 64 128 0.0194073
138 97 64 128 0.0142258
139 97 64 128 0.0102741
0 98 64 128 0.0863631
1 98 64 128 0.0811785
2 98 64 128 0.0680186
3 98 64 128 0.0634268
4 98 64 128 0.0588469
5 98 64 128 0.0579649
6 98 64 128 0.0574928
7 98 64 128 0.0570181
8 98 64 128 0.0539037
9 98 64 128 0.053083
10 98 64 128 0.0513209
11 98 64 128 0.0512285
12 98 64 128 0.0497249
13 98 64 128 0.0501636
14 98 64 128 0.0461013
15 98 64 128 0.0418139
16 98 64 128 0.0402055
17 98 64 128 0.0388783
18 98 64 128 0.038744
19 98 64 128 0.0352152
20 98 64 128 0.0326582
21 98 64 128 0.0287544
22 98 64 128 0.0224777
23 98 64 128 0.0185936
24 98 64 128 0.0163891
25 98 64 128 0.016346
26 98 64 128 0.0169162
27 98 64 128 0.0178051
28 98 64 128 0.0177239
29 98 64 128 0.0192167
30 98 64 128 0.0183939
31 98 64 128 0.0200294
32 98 64 128 0.0204065
33 98 64 128 0.0225042
34 98 64 128 0.0217575
35 98 64 128 0.0202825
36 98 64 128 0.0181477
37 98 64 128 0.0134836
38 98 64 128 0.0112491
39 98 64 128 0.0104953
40 98 64 128 0.0107636
41 98 64 128 0.0115769
42 98 64 128 0.0113572
43 98 64 128 0.0116087
44 98 64 128 0.0106697
45 98 64 128 0.0112055
46 98 64 128 0.0109218
47 98 64 128 0.0106262
127 98 64 128 0.0103077
128 98 64 128 0.0136362
129 98 64 128 0.0179638
130 98 64 128 0.0245173
131 98 64 128 0.0301475
132 98 64 128 0.0391212
133 98 64 128 0.0513695
134 98 64 128 0.0733032
135 98 64 128 0.0719834
136 98 64 128 0.0611583
137 98 64 128 0.0496543
138 98 64 128 0.0361558
139 98 64 128 0.0259146
140 98 64 128 0.0195148
141 98 64 128 0.0146398
142 98 64 128 0.0147324
143 98 64 128 0.0125401
144 98 64 128 0.0108372
0 99 64 128 0.103703
1 99 64 128 0.0926952
2 99 64 128 0.0815639
3 99 64 128 0.0746827
4 99 64 128 0.0707102
5 99 64 128 0.0721018
6 99 64 128 0.0716454
7 99 64 128 0.0659553
8 99 64 128 0.0569821
9 99 64 128 0.0552524
10 99 64 128 0.0543744
11 99 64 128 0.0552576
12 99 64 128 0.0533863
13 99 64 128 0.0540038
14 99 64 128 0.0483713
15 99 64 128 0.0425749
16 99 64 128 0.0387077
17 99 64 128 0.0371145
18 99 64 128 0.0369318
19 99 64 128 0.0370061
20 99 64 128 0.0345231
21 99 64 128 0.0318012
22 99 64 128 0.0255095
23 99 64 128 0.0224049
24 99 64 128 0.0199409
25 99 64 128 0.0190772
26 99 64 128 0.0198585
27 99 64 128 0.0210022
28 99 64 128 0.0216522
29 99 64 128 0.0237788
30 99 64 128 0.0233298
31 99 64 128 0.0250143
32 99 64 128 0.0265117
33 99 64 128 0.0295751
34 99 64 128 0.0297556
35 99 64 128 0.0286715
36 99 64 128 0.0274465
37 99 64 128 0.0189788
38 99 64 128 0.0153842
39 99 64 128 0.014018
40 99 64 128 0.0145418
41 99 64 128 0.0154083
42 99 64 128 0.0155038
43 99 64 128 0.0157428
44 99 64 128 0.0145176
45 99 64 128 0.0144365
46 99 64 128 0.0143495
47 99 64 128 0.0135956
48 99 64 128 0.0115691
49 99 64 128 0.0110341
77 99 64 128 0.0101011
124 99 64 128 0.0115281
125 99 64 128 0.0132476
126 99 64 128 0.0199685
127 99 64 128 0.0243596
128 99 64 128 0.0333626
129 99 64 128 0.04667
130 99 64 128 0.0655869
131 99 64 128 0.0806744
132 99 64 128 0.106154
133 99 64 128 0.132003
134 99 64 128 0.166805
135 99 64 128 0.164751
136 99 64 128 0.14817
137 99 64 128 0.119309
138 99 64 128 0.0907923
139 99 64 128 0.0644992
140 99 64 128 0.0452023
141 99 64 128 0.0356631
142 99 64 128 0.0324889
143 99 64 128 0.0262302
144 99 64 128 0.0200409
145 99 64 128 0.0147442
146 99 64 128 0.0111155
0 100 64 128 0.122856
1 100 64 128 0.105739
2 100 64 128 0.0899784
3 100 64 128 0.078904
4 100 64 128 0.0732871
5 100 64 128 0.0772506
6 100 64 128 0.0794293
7 100 64 128 0.0690293
8 100 64 128 0.0627528
9 100 64 128 0.0588119
10 100 64 128 0.0542361
11 100 64 128 0.0570538
12 100 64 128 0.0561673
13 100 64 128 0.0591671
14 100 64 128 0.0506109
15 100 64 128 0.0443409
16 100 64 128 0.0394714
17 100 64 128 0.0348985
18 100 64 128 0.0351016
19 100 64 128 0.035322
20 100 64 128 0.0340698
21 100 64 128 0.031258
22 100 64 128 0.0273673
23 100 64 128 0.0246303
24 100 64 128 0.0235954
25 100 64 128 0.0209991
26 100 64 128 0.0208282
27 100 64 128 0.0222424
28 100 64 128 0.0241868
29 100 64 128 0.0270089
30 100 64 128 0.0277017
31 100 64 128 0.030249
32 100 64 128 0.0326166
33 100 64 128 0.0362101
34 100 64 128 0.0376324
35 100 64 128 0.0428314
36 100 64 128 0.0395131
37 100 64 128 0.0282214
38 100 64 128 0.0214357
39 100 64 128 0.0194079
40 100 64 128 0.0207927
41 100 64 128 0.0225601
42 100 64 128 0.0225674
43 100 64 128 0.0226352
44 100 64 128 0.0200561
45 100 64 128 0.0195571
46 100 64 128 0.01774
47 100 64 128 0.0157651
48 100 64 128 0.0145328
49 100 64 128 0.0137604
50 100 64 128 0.0124635
51 100 64 128 0.0108821
52 100 64 128 0.0101564
77 100 64 128 0.0105865
122 100 64 128 0.0128361
123 100 64 128 0.0164938
124 100 64 128 0.0213373
125 100 64 128 0.0275962
126 100 64 128 0.0455241
127 100 64 128 0.0638372
128 100 64 128 0.0885367
129 100 64 128 0.114542
130 100 64 128 0.157666
131 100 64 128 0.188949
132 100 64 128 0.239523
133 100 64 128 0.266665
134 100 64 128 0.293834
135 100 64 128 0.293184
136 100 64 128 0.266236
137 100 64 128 0.231737
138 100 64 128 0.176827
139 100 64 128 0.122976
140 100 64 128 0.0904652
141 100 64 128 0.0683318
142 100 64 128 0.0655172
143 100 64 128 0.0499988
144 100 64 128 0.0401213
145 100 64 128 0.0261269
146 100 64 128 0.0190625
147 100 64 128 0.0128665
0 101 64 128 0.146472
1 101 64 128 0.128409
2 101 64 128 0.106545
3 101 64 128 0.0939446
4 101 64 128 0.0871771
5 101 64 128 0.087897
6 101 64 128 0.081132
7 101 64 128 0.0779212
8 101 64 128 0.0650248
9 101 64 128 0.0598877
10 101 64 128 0.0564595
11 101 64 128 0.0579578
12 101 64 128 0.0582982
13 101 64 128 0.0584486
14 101 64 128 0.0475348
15 101 64 128 0.0415624
16 101 64 128 0.0371049
17 101 64 128 0.0358856
18 101 64 128 0.0340953
19 101 64 128 0.034146
20 101 64 128 0.0332752
21 101 64 128 0.0327322
22 101 64 128 0.030849
23 101 64 128 0.0282428
24 101 64 128 0.0260686
25 101 64 128 0.022525
26 101 64 128 0.0217232
27 101 64 128 0.0218253
28 101 64 128 0.0240966
29 101 64 128 0.0278745
30 101 64 128 0.029237
31 101 64 128 0.0344061
32 101 64 128 0.0361633
33 101 64 128 0.0415115
34 101 64 128 0.0440175
35 101 64 128 0.0497369
36 101 64 128 0.0459199
37 101 64 128 0.0331189
38 101 64 128 0.0269046
39 101 64 128 0.0257594
40 101 64 128 0.0278674
41 101 64 128 0.0286792
42 101 64 128 0.0258826
43 101 64 128 0.0264917
44 101 64 128 0.0241145
45 101 64 128 0.0229363
46 101 64 128 0.0193849
47 101 64 128 0.0186399
48 101 64 128 0.0165232
49 101 64 128 0.0151637
50 101 64 128 0.0131773
51 101 64 128 0.0119291
52 101 64 128 0.0106192
76 101 64 128 0.0102398
77 101 64 128 0.0131004
78 101 64 128 0.0116564
79 101 64 128 0.0109716
105 101 64 128 0.0107701
120 101 64 128 0.0108593
121 101 64 128 0.0152844
122 101 64 128 0.0206298
123 101 64 128 0.0276334
124 101 64 128 0.0371522
125 101 64 128 0.0537525
126 101 64 128 0.0887786
127 101 64 128 0.123016
128 101 64 128 0.172692
129 101 64 128 0.229141
130 101 64 128 0.302406
131 101 64 128 0.343019
132 101 64 128 0.39363
133 101 64 128 0.420705
134 101 64 128 0.441284
135 101 64 128 0.428596
136 101 64 128 0.419966
137 101 64 128 0.361275
138 101 64 128 0.285136
139 101 64 128 0.196772
140 101 64 128 0.154565
141 101 64 128 0.113066
142 101 64 128 0.0988599
143 101 64 128 0.0796743
144 101 64 128 0.0656372
145 101 64 128 0.0409899
146 101 64 128 0.0267608
147 101 64 128 0.018006
148 101 64 128 0.0132495
0 102 64 128 0.157037
1 102 64 128 0.135679
2 102 64 128 0.114379
3 102 64 128 0.0942909
4 102 64 128 0.087801
5 102 64 128 0.0872569
6 102 64 128 0.0816165
7 102 64 128 0.0717234
8 102 64 128 0.0622422
9 102 64 128 0.059028
10 102 64 128 0.0561533
11 102 64 128 0.0564707
12 102 64 128 0.0512999
13 102 64 128 0.0490669
14 102 64 128 0.0427451
15 102 64 128 0.0369758
16 102 64 128 0.0349308
17 102 64 128 0.0340342
18 102 64 128 0.0343674
19 102 64 128 0.0339163
20 102 64 128 0.0339761
21 102 64 128 0.0356751
22 102 64 128 0.0353998
23 102 64 128 0.0326659
24 102 64 128 0.0311651
25 102 64 128 0.0282057
26 102 64 128 0.0261605
27 102 64 128 0.0258361
28 102 64 128 0.026752
29 102 64 128 0.0315836
30 102 64 128 0.0343401
31 102 64 128 0.0398511
32 102 64 128 0.0440989
33 102 64 128 0.051909
34 102 64 128 0.0567475
35 102 64 128 0.0639148
36 102 64 128 0.0546166
37 102 64 128 0.0407747
38 102 64 128 0.0323965
39 102 64 128 0.0321712
40 102 64 128 0.0351023
41 102 64 128 0.035805
42 102 64 128 0.0298024
43 102 64 128 0.0309546
44 102 64 128 0.028647
45 102 64 128 0.0261249
46 102 64 128 0.0216669
47 102 64 128 0.0206316
48 102 64 128 0.0177546
49 102 64 128 0.0161484
50 102 64 128 0.0149785
51 102 64 128 0.0135816
52 102 64 128 0.0127283
53 102 64 128 0.0121577
54 102 64 128 0.0123621
55 102 64 128 0.0112828
56 102 64 128 0.010938
57 102 64 128 0.0102974
74 102 64 128 0.0101243
75 102 64 128 0.0117379
76 102 64 128 0.0120061
77 102 64 128 0.0137774
78 102 64 128 0.0141578
79 102 64 128 0.0133847
80 102 64 128 0.0119658
81 102 64 128 0.0101436
105 102 64 128 0.010672
119 102 64 128 0.0104504
120 102 64 128 0.0145358
121 102 64 128 0.0208525
122 102 64 128 0.0299785
123 102 64 128 0.0420754
124 102 64 128 0.0605742
125 102 64 128 0.0903624
126 102 64 128 0.154807
127 102 64 128 0.214667
128 102 64 128 0.316374
129 102 64 128 0.374792
130 102 64 128 0.485782
131 102 64 128 0.530559
132 102 64 128 0.562991
133 102 64 128 0.565981
134 102 64 128 0.601525
135 102 64 128 0.565806
136 102 64 128 0.547638
137 102 64 128 0.486933
138 102 64 128 0.436389
139 102 64 128 0.313175
140 102 64 128 0.246458
141 102 64 128 0.197402
142 102 64 128 0.173754
143 102 64 128 0.12776
144 102 64 128 0.102027
145 102 64 128 0.0648794
146 102 64 128 0.0471636
147 102 64 128 0.0286678
148 102 64 128 0.0215065
149 102 64 128 0.0157013
150 102 64 128 0.0115001
0 103 64 128 0.163512
1 103 64 128 0.134199
2 103 64 128 0.107938
3 103 64 128 0.0992
4 103 64 128 0.0914776
5 103 64 128 0.0924646
6 103 64 128 0.0868789
7 103 64 128 0.0730658
8 103 64 128 0.0664373
9 103 64 128 0.0638948
10 103 64 128 0.0621247
11 103 64 128 0.0619028
12 103 64 128 0.0551154
13 103 64 128 0.0504647
14 103 64 128 0.0425828
15 103 64 128 0.0353956
16 103 64 128 0.0324407
17 103 64 128 0.0315467
18 103 64 128 0.0320771
19 103 64 128 0.0333077
20 103 64 128 0.0325495
21 103 64 128 0.0360248
22 103 64 128 0.0346205
23 103 64 128 0.0343444
24 103 64 128 0.0334616
25 103 64 128 0.0314071
26 103 64 128 0.0300864
27 103 64 128 0.0305768
28 103 64 128 0.0324188
29 103 64 128 0.0368023
30 103 64 128 0.0410763
31 103 64 128 0.0459889
32 103 64 128 0.047333
33 103 64 128 0.0554526
34 103 64 128 0.0632739
35 103 64 128 0.0719119
36 103 64 128 0.0652035
37 103 64 128 0.0495627
38 103 64 128 0.0386298
39 103 64 128 0.0388219
40 103 64 128 0.0379864
41 103 64 128 0.0380858
42 103 64 128 0.0343282
43 103 64 128 0.0356926
44 103 64 128 0.0306148
45 103 64 128 0.0266158
46 103 64 128 0.024033
47 103 64 128 0.023198
48 103 64 128 0.0189763
49 103 64 128 0.0172908
50 103 64 128 0.0161457
51 103 64 128 0.0153257
52 103 64 128 0.0145064
53 103 64 128 0.0138079
54 103 64 128 0.0150816
55 103 64 128 0.0147753
56 103 64 128 0.0143175
57 103 64 128 0.0127381
58 103 64 128 0.0122407
59 103 64 128 0.0114958
72 103 64 128 0.0111092
73 103 64 128 0.0117822
74 103 64 128 0.0119493
75 103 64 128 0.0134908
76 103 64 128 0.0131423
77 103 64 128 0.0157591
78 103 64 128 0.0157823
79 103 64 128 0.0150866
80 103 64 128 0.0131137
81 103 64 128 0.0125095
105 103 64 128 0.0109001
118 103 64 128 0.0107639
119 103 64 128 0.0133923
120 103 64 128 0.0187317
121 103 64 128 0.0278043
122 103 64 128 0.0412861
123 103 64 128 0.0615488
124 103 64 128 0.0890106
125 103 64 128 0.142647
126 103 64 128 0.240691
127 103 64 128 0.335472
128 103 64 128 0.457379
129 103 64 128 0.551757
130 103 64 128 0.626449
131 103 64 128 0.650158
132 103 64 128 0.680845
133 103 64 128 0.693895
134 103 64 128 0.725065
135 103 64 128 0.704876
136 103 64 128 0.671272
137 103 64 128 0.605433
138 103 64 128 0.527584
139 103 64 128 0.430692
140 103 64 128 0.345474
141 103 64 128 0.286673
142 103 64 128 0.244047
143 103 64 128 0.186849
144 103 64 128 0.14165
145 103 64 128 0.0932977
146 103 64 128 0.0627688
147 103 64 128 0.0424652
148 103 64 128 0.0285253
149 103 64 128 0.0215646
150 103 64 128 0.0160518
151 103 64 128 0.012049
200 103 64 128 0.0113257
201 103 64 128 0.0130334
202 103 64 128 0.0145801
203 103 64 128 0.0137908
204 103 64 128 0.0134692
0 104 64 128 0.160435
1 104 64 128 0.121782
2 104 64 128 0.0933979
3 104 64 128 0.0920618
4 104 64 128 0.0807916
5 104 64 128 0.0864114
6 104 64 128 0.0822104
7 104 64 128 0.070954
8 104 64 128 0.0660255
9 104 64 128 0.06265
10 104 64 128 0.0599984
11 104 64 128 0.0612064
12 104 64 128 0.0576483
13 104 64 128 0.0532228
14 104 64 128 0.0441669
15 104 64 128 0.0360518
16 104 64 128 0.0325289
17 104 64 128 0.0309876
18 104 64 128 0.030953
19 104 64 128 0.0314584
20 104 64 128 0.0315367
21 104 64 128 0.0382846
22 104 64 128 0.0389168
23 104 64 128 0.041297
24 104 64 128 0.0419885
25 104 64 128 0.040027
26 104 64 128 0.0381145
27 104 64 128 0.0377594
28 104 64 128 0.0402748
29 104 64 128 0.0478029
30 104 64 128 0.0518272
31 104 64 128 0.0544522
32 104 64 128 0.0554406
33 104 64 128 0.0643749
34 104 64 128 0.0684602
35 104 64 128 0.0788577
36 104 64 128 0.0751921
37 104 64 128 0.0583294
38 104 64 128 0.0461382
39 104 64 128 0.0424266
40 104 64 128 0.0394758
41 104 64 128 0.040264
42 104 64 128 0.0364909
43 104 64 128 0.0379925
44 104 64 128 0.0346521
45 104 64 128 0.0310989
46 104 64 128 0.0291926
47 104 64 128 0.0280331
48 104 64 128 0.0239195
49 104 64 128 0.0228833
50 104 64 128 0.0200594
51 104 64 128 0.0186684
52 104 64 128 0.0178672
53 104 64 128 0.0183853
54 104 64 128 0.0196281
55 104 64 128 0.0184469
56 104 64 128 0.0176133
57 104 64 128 0.0161613
58 104 64 128 0.0155817
59 104 64 128 0.013885
71 104 64 128 0.011797
72 104 64 128 0.0138382
73 104 64 128 0.0144161
74 104 64 128 0.0144643
75 104 64 128 0.0152808
76 104 64 128 0.014301
77 104 64 128 0.018199
78 104 64 128 0.0194766
79 104 64 128 0.0179769
80 104 64 128 0.0157038
81 104 64 128 0.014472
82 104 64 128 0.0112444
83 104 64 128 0.0108175
85 104 64 128 0.0107093
86 104 64 128 0.0117199
87 104 64 128 0.0107552
105 104 64 128 0.0107695
118 104 64 128 0.0107858
119 104 64 128 0.0145918
120 104 64 128 0.0202016
121 104 64 128 0.0329012
122 104 64 128 0.049958
123 104 64 128 0.0747277
124 104 64 128 0.112684
125 104 64 128 0.176558
126 104 64 128 0.324821
127 104 64 128 0.426148
128 104 64 128 0.558955
129 104 64 128 0.651749
130 104 64 128 0.73445
131 104 64 128 0.762011
132 104 64 128 0.775085
133 104 64 128 0.774981
134 104 64 128 0.794269
135 104 64 128 0.766719
136 104 64 128 0.755593
137 104 64 128 0.682303
138 104 64 128 0.618736
139 104 64 128 0.521587
140 104 64 128 0.452843
141 104 64 128 0.354349
142 104 64 128 0.308888
143 104 64 128 0.241624
144 104 64 128 0.190851
145 104 64 128 0.124082
146 104 64 128 0.0841587
147 104 64 128 0.0559876
148 104 64 128 0.0400705
149 104 64 128 0.0304261
150 104 64 128 0.0233441
151 104 64 128 0.0165138
152 104 64 128 0.0132049
153 104 64 128 0.0102628
199 104 64 128 0.0112855
200 104 64 128 0.0152654
201 104 64 128 0.0188817
202 104 64 128 0.0208522
203 104 64 128 0.0190732
204 104 64 128 0.0209593
205 104 64 128 0.014143
0 105 64 128 0.140835
1 105 64 128 0.110541
2 105 64 128 0.0847332
3 105 64 128 0.0806599
4 105 64 128 0.0734884
5 105 64 128 0.0833125
6 105 64 128 0.0808001
7 105 64 128 0.0714237
8 105 64 128 0.0648947
9 105 64 128 0.0622546
10 105 64 128 0.0593485
11 105 64 128 0.0554295
12 105 64 128 0.0525008
13 105 64 128 0.0515122
14 105 64 128 0.043027
15 105 64 128 0.0381689
16 105 64 128 0.0339614
17 105 64 128 0.0336758
18 105 64 128 0.033967
19 105 64 128 0.0352203
20 105 64 128 0.0357256
21 105 64 128 0.0431121
22 105 64 128 0.0412359
23 105 64 128 0.046571
24 105 64 128 0.0485838
25 105 64 128 0.0492586
26 105 64 128 0.0459078
27 105 64 128 0.0452515
28 105 64 128 0.0485958
29 105 64 128 0.0568614
30 105 64 128 0.0653703
31 105 64 128 0.0680632
32 105 64 128 0.0701396
33 105 64 128 0.0785333
34 105 64 128 0.0838728
35 105 64 128 0.0892392
36 105 64 128 0.0862916
37 105 64 128 0.0694865
38 105 64 128 0.0527336
39 105 64 128 0.047074
40 105 64 128 0.0414395
41 105 64 128 0.042641
42 105 64 128 0.0393311
43 105 64 128 0.0373778
44 105 64 128 0.0377929
45 105 64 128 0.0352521
46 105 64 128 0.0313217
47 105 64 128 0.0302889
48 105 64 128 0.0279676
49 105 64 128 0.0246051
50 105 64 128 0.0224478
51 105 64 128 0.0213104
52 105 64 128 0.0211019
53 105 64 128 0.0222505
54 105 64 128 0.0227339
55 105 64 128 0.0210719
56 105 64 128 0.0215308
57 105 64 128 0.0196048
58 105 64 128 0.0192839
59 105 64 128 0.0165734
60 105 64 128 0.0117944
61 105 64 128 0.0100068
69 105 64 128 0.0107766
70 105 64 128 0.012089
71 105 64 128 0.0142307
72 105 64 128 0.0149582
73 105 64 128 0.0156007
74 105 64 128 0.0156173
75 105 64 128 0.0166259
76 105 64 128 0.0155271
77 105 64 128 0.019226
78 105 64 128 0.0203316
79 105 64 128 0.0202914
80 105 64 128 0.0188333
81 105 64 128 0.0182404
82 105 64 128 0.0150612
83 105 64 128 0.0142988
84 105 64 128 0.0133407
85 105 64 128 0.0154472
86 105 64 128 0.0165866
87 105 64 128 0.0161964
88 105 64 128 0.0112298
104 105 64 128 0.0100835
105 105 64 128 0.0122534
118 105 64 128 0.0116964
119 105 64 128 0.0160972
120 105 64 128 0.0233836
121 105 64 128 0.0373479
122 105 64 128 0.0587152
123 105 64 128 0.0964865
124 105 64 128 0.143869
125 105 64 128 0.235919
126 105 64 128 0.381195
127 105 64 128 0.510993
128 105 64 128 0.645279
129 105 64 128 0.734533
130 105 64 128 0.7971
131 105 64 128 0.830302
132 105 64 128 0.83972
133 105 64 128 0.846908
134 105 64 128 0.852317
135 105 64 128 0.823734
136 105 64 128 0.804543
137 105 64 128 0.750004
138 105 64 128 0.68377
139 105 64 128 0.583245
140 105 64 128 0.517577
141 105 64 128 0.412362
142 105 64 128 0.351965
143 105 64 128 0.275393
144 105 64 128 0.216339
145 105 64 128 0.145887
146 105 64 128 0.0914033
147 105 64 128 0.0593824
148 105 64 128 0.044918
149 105 64 128 0.0352865
150 105 64 128 0.0249258
151 105 64 128 0.0201445
152 105 64 128 0.0163637
153 105 64 128 0.0133023
198 105 64 128 0.010788
199 105 64 128 0.016824
200 105 64 128 0.0210638
201 105 64 128 0.0267059
202 105 64 128 0.0315934
203 105 64 128 0.030324
204 105 64 128 0.0281801
205 105 64 128 0.0191576
206 105 64 128 0.0131233
0 106 64 128 0.136481
1 106 64 128 0.109572
2 106 64 128 0.0809017
3 106 64 128 0.0811435
4 106 64 128 0.0755013
5 106 64 128 0.0784208
6 106 64 128 0.0739275
7 106 64 128 0.0674647
8 106 64 128 0.0602042
9 106 64 128 0.0607344
10 106 64 128 0.0582639
11 106 64 128 0.0532152
12 106 64 128 0.050592
13 106 64 128 0.0493155
14 106 64 128 0.0410656
15 106 64 128 0.0359328
16 106 64 128 0.0329428
17 106 64 128 0.0339449
18 106 64 128 0.0338229
19 106 64 128 0.0360652
20 106 64 128 0.0385042
21 106 64 128 0.0462943
22 106 64 128 0.0456367
23 106 64 128 0.049612
24 106 64 128 0.051244
25 106 64 128 0.0548187
26 106 64 128 0.0526532
27 106 64 128 0.0509238
28 106 64 128 0.0573234
29 106 64 128 0.0618248
30 106 64 128 0.0681042
31 106 64 128 0.0710813
32 106 64 128 0.0793859
33 106 64 128 0.09665
34 106 64 128 0.107749
35 106 64 128 0.110789
36 106 64 128 0.105386
37 106 64 128 0.0825157
38 106 64 128 0.0657236
39 106 64 128 0.056673
40 106 64 128 0.0482236
41 106 64 128 0.046343
42 106 64 128 0.0394697
43 106 64 128 0.0408626
44 106 64 128 0.0398372
45 106 64 128 0.0401538
46 106 64 128 0.0350065
47 106 64 128 0.035318
48 106 64 128 0.0325485
49 106 64 128 0.0286507
50 106 64 128 0.0270926
51 106 64 128 0.0256305
52 106 64 128 0.0244909
53 106 64 128 0.0258264
54 106 64 128 0.0256073
55 106 64 128 0.0239867
56 106 64 128 0.0253746
57 106 64 128 0.0228563
58 106 64 128 0.0206125
59 106 64 128 0.0179579
60 106 64 128 0.0137397
61 106 64 128 0.0113843
68 106 64 128 0.0107076
69 106 64 128 0.0115955
70 106 64 128 0.0140071
71 106 64 128 0.0154601
72 106 64 128 0.0154864
73 106 64 128 0.0151979
74 106 64 128 0.0147253
75 106 64 128 0.0150602
76 106 64 128 0.0153874
77 106 64 128 0.0186302
78 106 64 128 0.0202135
79 106 64 128 0.0189349
80 106 64 128 0.0180212
81 106 64 128 0.0186049
82 106 64 128 0.0153552
83 106 64 128 0.0155931
84 106 64 128 0.0166948
85 106 64 128 0.0193764
86 106 64 128 0.0205224
87 106 64 128 0.0210115
88 106 64 128 0.0137673
89 106 64 128 0.0112017
104 106 64 128 0.0103015
105 106 64 128 0.0129916
106 106 64 128 0.0105876
118 106 64 128 0.0125802
119 106 64 128 0.0184489
120 106 64 128 0.0254169
121 106 64 128 0.0429126
122 106 64 128 0.0662664
123 106 64 128 0.11517
124 106 64 128 0.173151
125 106 64 128 0.27544
126 106 64 128 0.451478
127 106 64 128 0.568962
128 106 64 128 0.696302
129 106 64 128 0.766691
130 106 64 128 0.832121
131 106 64 128 0.855583
132 106 64 128 0.877222
133 106 64 128 0.8679
134 106 64 128 0.875854
135 106 64 128 0.851157
136 106 64 128 0.849836
137 106 64 128 0.81663
138 106 64 128 0.784941
139 106 64 128 0.669994
140 106 64 128 0.593717
141 106 64 128 0.520648
142 106 64 128 0.454208
143 106 64 128 0.334546
144 106 64 128 0.253235
145 106 64 128 0.16474
146 106 64 128 0.108624
147 106 64 128 0.0645675
148 106 64 128 0.0431799
149 106 64 128 0.0334971
150 106 64 128 0.0272386
151 106 64 128 0.0218923
152 106 64 128 0.0199757
153 106 64 128 0.0170633
154 106 64 128 0.0133307
155 106 64 128 0.0110085
198 106 64 128 0.0127354
199 106 64 128 0.0197123
200 106 64 128 0.0328177
201 106 64 128 0.0439885
202 106 64 128 0.0541126
203 106 64 128 0.0478635
204 106 64 128 0.0459083
205 106 64 128 0.0292978
206 106 64 128 0.0207808
207 106 64 128 0.0121207
0 107 64 128 0.12967
1 107 64 128 0.101039
2 107 64 128 0.0740839
3 107 64 128 0.0756213
4 107 64 128 0.0711149
5 107 64 128 0.076974
6 107 64 128 0.0757883
7 107 64 128 0.0690684
8 107 64 128 0.0623758
9 107 64 128 0.0614209
10 107 64 128 0.056014
11 107 64 128 0.051774
12 107 64 128 0.0521414
13 107 64 128 0.0515734
14 107 64 128 0.0459229
15 107 64 128 0.0416996
16 107 64 128 0.0386633
17 107 64 128 0.0399894
18 107 64 128 0.0388568
19 107 64 128 0.0401842
20 107 64 128 0.0409775
21 107 64 128 0.0482291
22 107 64 128 0.0529278
23 107 64 128 0.0568364
24 107 64 128 0.0592549
25 107 64 128 0.0641369
26 107 64 128 0.0645446
27 107 64 128 0.0595762
28 107 64 128 0.0639673
29 107 64 128 0.0734027
30 107 64 128 0.0784458
31 107 64 128 0.0814079
32 107 64 128 0.0898696
33 107 64 128 0.0982695
34 107 64 128 0.109211
35 107 64 128 0.117171
36 107 64 128 0.11309
37 107 64 128 0.0899373
38 107 64 128 0.0737384
39 107 64 128 0.0608008
40 107 64 128 0.0482323
41 107 64 128 0.0449302
42 107 64 128 0.038975
43 107 64 128 0.0406478
44 107 64 128 0.0399024
45 107 64 128 0.0388957
46 107 64 128 0.0344919
47 107 64 128 0.0360024
48 107 64 128 0.0341577
49 107 64 128 0.0300935
50 107 64 128 0.0281085
51 107 64 128 0.026747
52 107 64 128 0.0259907
53 107 64 128 0.0278551
54 107 64 128 0.0281746
55 107 64 128 0.0274197
56 107 64 128 0.0279585
57 107 64 128 0.0257096
58 107 64 128 0.02302
59 107 64 128 0.0198686
60 107 64 128 0.0157384
61 107 64 128 0.0132388
62 107 64 128 0.0103078
67 107 64 128 0.0101435
68 107 64 128 0.0111992
69 107 64 128 0.0120702
70 107 64 128 0.0134786
71 107 64 128 0.0146183
72 107 64 128 0.0155249
73 107 64 128 0.0151394
74 107 64 128 0.0137675
75 107 64 128 0.0142465
76 107 64 128 0.0151121
77 107 64 128 0.0185949
78 107 64 128 0.0199642
79 107 64 128 0.0186874
80 107 64 128 0.0176643
81 107 64 128 0.0207609
82 107 64 128 0.0174661
83 107 64 128 0.0171279
84 107 64 128 0.0193445
85 107 64 128 0.0222355
86 107 64 128 0.0242566
87 107 64 128 0.0229392
88 107 64 128 0.0165996
89 107 64 128 0.0126102
103 107 64 128 0.0104176
104 107 64 128 0.0117335
105 107 64 128 0.0145985
106 107 64 128 0.0119161
107 107 64 128 0.0107165
118 107 64 128 0.0135998
119 107 64 128 0.0205141
120 107 64 128 0.0310984
121 107 64 128 0.0542806
122 107 64 128 0.0892216
123 107 64 128 0.141828
124 107 64 128 0.199533
125 107 64 128 0.320065
126 107 64 128 0.487883
127 107 64 128 0.618151
128 107 64 128 0.728052
129 107 64 128 0.794422
130 107 64 128 0.859869
131 107 64 128 0.874823
132 107 64 128 0.880845
133 107 64 128 0.873645
134 107 64 128 0.881444
135 107 64 128 0.86058
136 107 64 128 0.856459
137 107 64 128 0.850277
138 107 64 128 0.826213
139 107 64 128 0.746275
140 107 64 128 0.659391
141 107 64 128 0.605045
142 107 64 128 0.540133
143 107 64 128 0.423924
144 107 64 128 0.306924
145 107 64 128 0.184556
146 107 64 128 0.113319
147 107 64 128 0.065016
148 107 64 128 0.0428251
149 107 64 128 0.0328762
150 107 64 128 0.0272016
151 107 64 128 0.021856
152 107 64 128 0.0197247
153 107 64 128 0.0185955
154 107 64 128 0.0150278
155 107 64 128 0.0121766
197 107 64 128 0.0118217
198 107 64 128 0.0162896
199 107 64 128 0.0263747
200 107 64 128 0.0398529
201 107 64 128 0.0541409
202 107 64 128 0.0800699
203 107 64 128 0.0746795
204 107 64 128 0.0736619
205 107 64 128 0.0409688
206 107 64 128 0.0302372
207 107 64 128 0.0187372
208 107 64 128 0.0153827
0 108 64 128 0.112334
1 108 64 128 0.0928478
2 108 64 128 0.0695565
3 108 64 128 0.0714431
4 108 64 128 0.0671834
5 108 64 128 0.0750593
6 108 64 128 0.0692148
7 108 64 128 0.0635685
8 108 64 128 0.0558684
9 108 64 128 0.0550239
10 108 64 128 0.0488547
11 108 64 128 0.0468411
12 108 64 128 0.0465645
13 108 64 128 0.047842
14 108 64 128 0.0437242
15 108 64 128 0.0432302
16 108 64 128 0.0431086
17 108 64 128 0.0458574
18 108 64 128 0.0447815
19 108 64 128 0.0469768
20 108 64 128 0.0487242
21 108 64 128 0.0569174
22 108 64 128 0.0614958
23 108 64 128 0.0665006
24 108 64 128 0.0721669
25 108 64 128 0.0784364
26 108 64 128 0.0765663
27 108 64 128 0.0762402
28 108 64 128 0.0794457
29 108 64 128 0.0897287
30 108 64 128 0.0967888
31 108 64 128 0.0992622
32 108 64 128 0.107241
33 108 64 128 0.118559
34 108 64 128 0.123739
35 108 64 128 0.130301
36 108 64 128 0.116339
37 108 64 128 0.100059
38 108 64 128 0.0850626
39 108 64 128 0.0683407
40 108 64 128 0.0529151
41 108 64 128 0.0477584
42 108 64 128 0.0422311
43 108 64 128 0.0418823
44 108 64 128 0.0410264
45 108 64 128 0.0418974
46 108 64 128 0.0363932
47 108 64 128 0.0380538
48 108 64 128 0.0357076
49 108 64 128 0.0316106
50 108 64 128 0.0287419
51 108 64 128 0.028121
52 108 64 128 0.0266818
53 108 64 128 0.0290572
54 108 64 128 0.0299722
55 108 64 128 0.0307332
56 108 64 128 0.0316714
57 108 64 128 0.0282262
58 108 64 128 0.0250524
59 108 64 128 0.022266
60 108 64 128 0.016644
61 108 64 128 0.0130535
62 108 64 128 0.0107366
66 108 64 128 0.0101375
67 108 64 128 0.0117224
68 108 64 128 0.0125037
69 108 64 128 0.0136677
70 108 64 128 0.0160203
71 108 64 128 0.0165446
72 108 64 128 0.0159892
73 108 64 128 0.0156333
74 108 64 128 0.0151579
75 108 64 128 0.0163365
76 108 64 128 0.0162273
77 108 64 128 0.0171484
78 108 64 128 0.0187854
79 108 64 128 0.0203746
80 108 64 128 0.0191601
81 108 64 128 0.0208802
82 108 64 128 0.0185695
83 108 64 128 0.0191387
84 108 64 128 0.0223353
85 108 64 128 0.0277587
86 108 64 128 0.0292306
87 108 64 128 0.0270261
88 108 64 128 0.0193665
89 108 64 128 0.0147438
90 108 64 128 0.0105972
102 108 64 128 0.0102385
103 108 64 128 0.0123377
104 108 64 128 0.0136219
105 108 64 128 0.0161315
106 108 64 128 0.013449
107 108 64 128 0.0118945
118 108 64 128 0.0140662
119 108 64 128 0.0233604
120 108 64 128 0.0339187
121 108 64 128 0.0592748
122 108 64 128 0.096916
123 108 64 128 0.159403
124 108 64 128 0.246789
125 108 64 128 0.345498
126 108 64 128 0.493358
127 108 64 128 0.628832
128 108 64 128 0.756385
129 108 64 128 0.822452
130 108 64 128 0.87461
131 108 64 128 0.895297
132 108 64 128 0.899418
133 108 64 128 0.887989
134 108 64 128 0.893879
135 108 64 128 0.873748
136 108 64 128 0.869402
137 108 64 128 0.859986
138 108 64 128 0.841866
139 108 64 128 0.776013
140 108 64 128 0.702644
141 108 64 128 0.651044
142 108 64 128 0.601809
143 108 64 128 0.468475
144 108 64 128 0.322391
145 108 64 128 0.196378
146 108 64 128 0.121304
147 108 64 128 0.0678159
148 108 64 128 0.0432638
149 108 64 128 0.0323173
150 108 64 128 0.0243053
151 108 64 128 0.0199352
152 108 64 128 0.0182381
153 108 64 128 0.0160922
154 108 64 128 0.0139135
155 108 64 128 0.0123596
156 108 64 128 0.0104002
197 108 64 128 0.0110485
198 108 64 128 0.0153048
199 108 64 128 0.0253771
200 108 64 128 0.0451626
201 108 64 128 0.0613084
202 108 64 128 0.0817824
203 108 64 128 0.0778191
204 108 64 128 0.0821394
205 108 64 128 0.0493478
206 108 64 128 0.0337171
207 108 64 128 0.019878
208 108 64 128 0.0172397
209 108 64 128 0.0117253
0 109 64 128 0.106505
1 109 64 128 0.0872707
2 109 64 128 0.0683054
3 109 64 128 0.0717568
4 109 64 128 0.0691191
5 109 64 128 0.074226
6 109 64 128 0.0679962
7 109 64 128 0.0613651
8 109 64 128 0.0547136
9 109 64 128 0.0514283
10 109 64 128 0.0478322
11 109 64 128 0.0440516
12 109 64 128 0.0437316
13 109 64 128 0.0464331
14 109 64 128 0.0454983
15 109 64 128 0.0469321
16 109 64 128 0.0482815
17 109 64 128 0.052272
18 109 64 128 0.0527317
19 109 64 128 0.0535234
20 109 64 128 0.0559062
21 109 64 128 0.0657763
22 109 64 128 0.0701704
23 109 64 128 0.0712396
24 109 64 128 0.0792513
25 109 64 128 0.0864497
26 109 64 128 0.0864275
27 109 64 128 0.0894861
28 109 64 128 0.0952435
29 109 64 128 0.1059
30 109 64 128 0.112895
31 109 64 128 0.111643
32 109 64 128 0.114941
33 109 64 128 0.124022
34 109 64 128 0.143657
35 109 64 128 0.138066
36 109 64 128 0.121345
37 109 64 128 0.104288
38 109 64 128 0.0889243
39 109 64 128 0.0723609
40 109 64 128 0.054294
41 109 64 128 0.0479737
42 109 64 128 0.0427139
43 109 64 128 0.0382858
44 109 64 128 0.0360908
45 109 64 128 0.0386382
46 109 64 128 0.0368127
47 109 64 128 0.0363895
48 109 64 128 0.0329195
49 109 64 128 0.0301235
50 109 64 128 0.0283833
51 109 64 128 0.0271755
52 109 64 128 0.0259737
53 109 64 128 0.0299441
54 109 64 128 0.0314587
55 109 64 128 0.0320271
56 109 64 128 0.0314034
57 109 64 128 0.0287715
58 109 64 128 0.0242651
59 109 64 128 0.0216108
60 109 64 128 0.016356
61 109 64 128 0.0126903
62 109 64 128 0.0109076
65 109 64 128 0.0108847
66 109 64 128 0.0123865
67 109 64 128 0.0144109
68 109 64 128 0.0145165
69 109 64 128 0.0158741
70 109 64 128 0.0177937
71 109 64 128 0.0191855
72 109 64 128 0.0181629
73 109 64 128 0.0181232
74 109 64 128 0.0176962
75 109 64 128 0.0190796
76 109 64 128 0.01705
77 109 64 128 0.0176194
78 109 64 128 0.0181309
79 109 64 128 0.0197406
80 109 64 128 0.0192621
81 109 64 128 0.0210588
82 109 64 128 0.018462
83 109 64 128 0.0212734
84 109 64 128 0.0251222
85 109 64 128 0.033132
86 109 64 128 0.034994
87 109 64 128 0.0326927
88 109 64 128 0.0235154
89 109 64 128 0.0166996
90 109 64 128 0.0120449
100 109 64 128 0.0104119
101 109 64 128 0.0119864
102 109 64 128 0.0123366
103 109 64 128 0.0153811
104 109 64 128 0.0166219
105 109 64 128 0.0179496
106 109 64 128 0.0143376
107 109 64 128 0.0124365
118 109 64 128 0.0144826
119 109 64 128 0.0241602
120 109 64 128 0.0376771
121 109 64 128 0.0644498
122 109 64 128 0.0987206
123 109 64 128 0.155839
124 109 64 128 0.23508
125 109 64 128 0.341882
126 109 64 128 0.473908
127 109 64 128 0.618222
128 109 64 128 0.744836
129 109 64 128 0.816728
130 109 64 128 0.86318
131 109 64 128 0.878112
132 109 64 128 0.891837
133 109 64 128 0.880883
134 109 64 128 0.878596
135 109 64 128 0.871587
136 109 64 128 0.867902
137 109 64 128 0.864555
138 109 64 128 0.837218
139 109 64 128 0.793953
140 109 64 128 0.739136
141 109 64 128 0.674848
142 109 64 128 0.625244
143 109 64 128 0.50355
144 109 64 128 0.350023
145 109 64 128 0.225584
146 109 64 128 0.122095
147 109 64 128 0.0728601
148 109 64 128 0.04314
149 109 64 128 0.0326607
150 109 64 128 0.0227072
151 109 64 128 0.0183375
152 109 64 128 0.0153267
153 109 64 128 0.0131313
154 109 64 128 0.0118657
155 109 64 128 0.0117829
156 109 64 128 0.0113192
198 109 64 128 0.0114805
199 109 64 128 0.0223363
200 109 64 128 0.0395789
201 109 64 128 0.0628216
202 109 64 128 0.0869345
203 109 64 128 0.0945312
204 109 64 128 0.0843618
205 109 64 128 0.052538
206 109 64 128 0.0355071
207 109 64 128 0.0233889
208 109 64 128 0.0201962
209 109 64 128 0.0146189
210 109 64 128 0.011282
0 110 64 128 0.115624
1 110 64 128 0.0943426
2 110 64 128 0.0704977
3 110 64 128 0.0691802
4 110 64 128 0.0677618
5 110 64 128 0.0711044
6 110 64 128 0.0714228
7 110 64 128 0.061437
8 110 64 128 0.0530171
9 110 64 128 0.0487864
10 110 64 128 0.0435401
11 110 64 128 0.0439227
12 110 64 128 0.0433057
13 110 64 128 0.0484443
14 110 64 128 0.0488825
15 110 64 128 0.0547235
16 110 64 128 0.056468
17 110 64 128 0.0601757
18 110 64 128 0.0616842
19 110 64 128 0.0643765
20 110 64 128 0.0705161
21 110 64 128 0.0810947
22 110 64 128 0.0859565
23 110 64 128 0.0826575
24 110 64 128 0.0890682
25 110 64 128 0.0967345
26 110 64 128 0.0994856
27 110 64 128 0.106756
28 110 64 128 0.107708
29 110 64 128 0.117134
30 110 64 128 0.120886
31 110 64 128 0.1271
32 110 64 128 0.135258
33 110 64 128 0.131971
34 110 64 128 0.143181
35 110 64 128 0.148493
36 110 64 128 0.130998
37 110 64 128 0.104881
38 110 64 128 0.0859494
39 110 64 128 0.0759939
40 110 64 128 0.0632301
41 110 64 128 0.0545487
42 110 64 128 0.0460939
43 110 64 128 0.0412371
44 110 64 128 0.0360443
45 110 64 128 0.03884
46 110 64 128 0.0389768
47 110 64 128 0.0387133
48 110 64 128 0.0335546
49 110 64 128 0.0301203
50 110 64 128 0.0281371
51 110 64 128 0.0278838
52 110 64 128 0.0260103
53 110 64 128 0.0286442
54 110 64 128 0.0329167
55 110 64 128 0.0318779
56 110 64 128 0.0325983
57 110 64 128 0.0302472
58 110 64 128 0.0275292
59 110 64 128 0.0214601
60 110 64 128 0.017926
61 110 64 128 0.0129112
62 110 64 128 0.0119877
64 110 64 128 0.0102686
65 110 64 128 0.0122287
66 110 64 128 0.0141329
67 110 64 128 0.0165046
68 110 64 128 0.0170818
69 110 64 128 0.0201928
70 110 64 128 0.0228525
71 110 64 128 0.0237991
72 110 64 128 0.0225953
73 110 64 128 0.0212659
74 110 64 128 0.0207978
75 110 64 128 0.0219152
76 110 64 128 0.0199615
77 110 64 128 0.0187432
78 110 64 128 0.0196206
79 110 64 128 0.0210538
80 110 64 128 0.0206326
81 110 64 128 0.0217714
82 110 64 128 0.0196145
83 110 64 128 0.0232918
84 110 64 128 0.0283996
85 110 64 128 0.0361157
86 110 64 128 0.0379676
87 110 64 128 0.0384304
88 110 64 128 0.0269882
89 110 64 128 0.019033
90 110 64 128 0.0139711
91 110 64 128 0.0107963
100 110 64 128 0.01074
101 110 64 128 0.0126239
102 110 64 128 0.0142248
103 110 64 128 0.017903
104 110 64 128 0.0198035
105 110 64 128 0.0204918
106 110 64 128 0.0165878
107 110 64 128 0.0144712
108 110 64 128 0.0107656
118 110 64 128 0.0159732
119 110 64 128 0.0267821
120 110 64 128 0.0394959
121 110 64 128 0.0693857
122 110 64 128 0.103881
123 110 64 128 0.158199
124 110 64 128 0.230869
125 110 64 128 0.332482
126 110 64 128 0.486685
127 110 64 128 0.61471
128 110 64 128 0.720013
129 110 64 128 0.781985
130 110 64 128 0.833153
131 110 64 128 0.852015
132 110 64 128 0.863395
133 110 64 128 0.847273
134 110 64 128 0.841118
135 110 64 128 0.830171
136 110 64 128 0.851264
137 110 64 128 0.84511
138 110 64 128 0.825375
139 110 64 128 0.778721
140 110 64 128 0.736741
141 110 64 128 0.687992
142 110 64 128 0.611634
143 110 64 128 0.503667
144 110 64 128 0.337781
145 110 64 128 0.222809
146 110 64 128 0.125259
147 110 64 128 0.0698046
148 110 64 128 0.0422266
149 110 64 128 0.0316706
150 110 64 128 0.0234329
151 110 64 128 0.0181859
152 110 64 128 0.0147881
153 110 64 128 0.0114772
154 110 64 128 0.0102895
155 110 64 128 0.0102084
156 110 64 128 0.0103411
199 110 64 128 0.0144899
200 110 64 128 0.0307844
201 110 64 128 0.0523219
202 110 64 128 0.08778
203 110 64 128 0.0955664
204 110 64 128 0.0956489
205 110 64 128 0.058185
206 110 64 128 0.0409918
207 110 64 128 0.0270099
208 110 64 128 0.0227247
209 110 64 128 0.0162784
210 110 64 128 0.0127153
223 110 64 128 0.0111745
224 110 64 128 0.0100345
0 111 64 128 0.11415
1 111 64 128 0.0935562
2 111 64 128 0.0682229
3 111 64 128 0.0670855
4 111 64 128 0.0660685
5 111 64 128 0.0701115
6 111 64 128 0.072894
7 111 64 128 0.0636745
8 111 64 128 0.0543001
9 111 64 128 0.0489839
10 111 64 128 0.0453109
11 111 64 128 0.0444146
12 111 64 128 0.0438389
13 111 64 128 0.0488712
14 111 64 128 0.0520619
15 111 64 128 0.0587172
16 111 64 128 0.0650715
17 111 64 128 0.0669835
18 111 64 128 0.0701847
19 111 64 128 0.0726803
20 111 64 128 0.0760101
21 111 64 128 0.08648
22 111 64 128 0.0942612
23 111 64 128 0.0897013
24 111 64 128 0.0958669
25 111 64 128 0.100896
26 111 64 128 0.103383
27 111 64 128 0.109568
28 111 64 128 0.111634
29 111 64 128 0.121453
30 111 64 128 0.118795
31 111 64 128 0.127911
32 111 64 128 0.137594
33 111 64 128 0.138931
34 111 64 128 0.141085
35 111 64 128 0.138605
36 111 64 128 0.124591
37 111 64 128 0.103338
38 111 64 128 0.0838782
39 111 64 128 0.0718514
40 111 64 128 0.0632172
41 111 64 128 0.0610165
42 111 64 128 0.0522251
43 111 64 128 0.0449721
44 111 64 128 0.0389681
45 111 64 128 0.0431756
46 111 64 128 0.0408968
47 111 64 128 0.0370159
48 111 64 128 0.0320718
49 111 64 128 0.0289061
50 111 64 128 0.0266699
51 111 64 128 0.0284902
52 111 64 128 0.0257048
53 111 64 128 0.027992
54 111 64 128 0.0313377
55 111 64 128 0.0309344
56 111 64 128 0.0284065
57 111 64 128 0.0267897
58 111 64 128 0.0253132
59 111 64 128 0.0222159
60 111 64 128 0.0173683
61 111 64 128 0.0135261
62 111 64 128 0.0121259
63 111 64 128 0.0106587
64 111 64 128 0.011755
65 111 64 128 0.0128052
66 111 64 128 0.0146946
67 111 64 128 0.01805
68 111 64 128 0.0207869
69 111 64 128 0.0253687
70 111 64 128 0.0284079
71 111 64 128 0.0293432
72 111 64 128 0.0267364
73 111 64 128 0.0244779
74 111 64 128 0.0248981
75 111 64 128 0.0239282
76 111 64 128 0.0218417
77 111 64 128 0.0215271
78 111 64 128 0.0213687
79 111 64 128 0.0231372
80 111 64 128 0.0220119
81 111 64 128 0.0234152
82 111 64 128 0.0211198
83 111 64 128 0.0232585
84 111 64 128 0.0272707
85 111 64 128 0.0393093
86 111 64 128 0.0432956
87 111 64 128 0.0376192
88 111 64 128 0.0258466
89 111 64 128 0.0182584
90 111 64 128 0.0130225
91 111 64 128 0.0102955
93 111 64 128 0.0105161
94 111 64 128 0.0101636
99 111 64 128 0.0102407
100 111 64 128 0.0119777
101 111 64 128 0.014743
102 111 64 128 0.0166819
103 111 64 128 0.0200086
104 111 64 128 0.0217936
105 111 64 128 0.0238219
106 111 64 128 0.019976
107 111 64 128 0.0175964
108 111 64 128 0.0129271
109 111 64 128 0.0105052
117 111 64 128 0.0107694
118 111 64 128 0.0183392
119 111 64 128 0.0285821
120 111 64 128 0.0423204
121 111 64 128 0.0727202
122 111 64 128 0.114551
123 111 64 128 0.167436
124 111 64 128 0.233852
125 111 64 128 0.337338
126 111 64 128 0.464416
127 111 64 128 0.580621
128 111 64 128 0.656094
129 111 64 128 0.722898
130 111 64 128 0.785957
131 111 64 128 0.795155
132 111 64 128 0.811565
133 111 64 128 0.803546
134 111 64 128 0.797304
135 111 64 128 0.791555
136 111 64 128 0.807054
137 111 64 128 0.803494
138 111 64 128 0.809806
139 111 64 128 0.769745
140 111 64 128 0.726124
141 111 64 128 0.681472
142 111 64 128 0.600359
143 111 64 128 0.474828
144 111 64 128 0.321939
145 111 64 128 0.213813
146 111 64 128 0.122764
147 111 64 128 0.0737388
148 111 64 128 0.0450172
149 111 64 128 0.0315058
150 111 64 128 0.0232462
151 111 64 128 0.0182489
152 111 64 128 0.0146217
153 111 64 128 0.0118294
154 111 64 128 0.0101743
156 111 64 128 0.0106225
157 111 64 128 0.0112311
158 111 64 128 0.0122435
159 111 64 128 0.0118262
160 111 64 128 0.0105015
161 111 64 128 0.010129
162 111 64 128 0.0108895
163 111 64 128 0.0108876
164 111 64 128 0.0106226
165 111 64 128 0.0105744
199 111 64 128 0.0107437
200 111 64 128 0.0235977
201 111 64 128 0.0385447
202 111 64 128 0.0708306
203 111 64 128 0.0853887
204 111 64 128 0.0884624
205 111 64 128 0.0562864
206 111 64 128 0.0436758
207 111 64 128 0.0311338
208 111 64 128 0.0264403
209 111 64 128 0.0176289
210 111 64 128 0.0128404
220 111 64 128 0.0102197
221 111 64 128 0.0135713
222 111 64 128 0.0171555
223 111 64 128 0.0217866
224 111 64 128 0.0191004
225 111 64 128 0.0192181
226 111 64 128 0.0157014
227 111 64 128 0.0152062
228 111 64 128 0.0114538
