2 57 64 128 0.0112552
3 57 64 128 0.0118012
2 58 64 128 0.01462
3 58 64 128 0.0145954
4 58 64 128 0.0121067
2 59 64 128 0.0118803
3 59 64 128 0.0127471
4 59 64 128 0.01124
2 60 64 128 0.0110649
3 60 64 128 0.0138935
4 60 64 128 0.0113502
31 65 64 128 0.0102705
32 65 64 128 0.0104949
33 65 64 128 0.0112242
30 66 64 128 0.0111383
31 66 64 128 0.0117044
32 66 64 128 0.0144557
33 66 64 128 0.0144511
34 66 64 128 0.0102133
31 67 64 128 0.011185
32 67 64 128 0.0145979
33 67 64 128 0.0146232
32 68 64 128 0.0120005
33 68 64 128 0.0118366
204 82 64 128 0.0216462
205 82 64 128 0.026179
206 82 64 128 0.0117004
201 83 64 128 0.0102566
203 83 64 128 0.0141685
204 83 64 128 0.0398343
205 83 64 128 0.0405285
206 83 64 128 0.0171478
200 84 64 128 0.015975
201 84 64 128 0.0225517
202 84 64 128 0.0163054
203 84 64 128 0.0252624
204 84 64 128 0.0609405
205 84 64 128 0.0622667
206 84 64 128 0.0258886
200 85 64 128 0.0103733
201 85 64 128 0.0184273
202 85 64 128 0.0164325
203 85 64 128 0.029246
204 85 64 128 0.0827873
205 85 64 128 0.0877732
206 85 64 128 0.041399
201 86 64 128 0.0114631
202 86 64 128 0.0120383
203 86 64 128 0.021128
204 86 64 128 0.0657431
205 86 64 128 0.0786059
206 86 64 128 0.0386349
203 87 64 128 0.0141469
204 87 64 128 0.0431541
205 87 64 128 0.0399731
206 87 64 128 0.0189342
204 88 64 128 0.0186978
205 88 64 128 0.0157685
51 96 64 128 0.0129012
52 96 64 128 0.0238314
53 96 64 128 0.0244141
54 96 64 128 0.0265712
55 96 64 128 0.0130985
224 96 64 128 0.0100796
30 97 64 128 0.0101197
31 97 64 128 0.0103485
51 97 64 128 0.0174653
52 97 64 128 0.0300528
53 97 64 128 0.0273166
54 97 64 128 0.031094
55 97 64 128 0.0161915
222 97 64 128 0.0139205
223 97 64 128 0.0182179
224 97 64 128 0.0230523
225 97 64 128 0.0177599
29 98 64 128 0.0106076
30 98 64 128 0.0156691
31 98 64 128 0.0145761
32 98 64 128 0.010677
50 98 64 128 0.0134995
51 98 64 128 0.037309
52 98 64 128 0.0703337
53 98 64 128 0.0663984
54 98 64 128 0.0656714
55 98 64 128 0.0386033
56 98 64 128 0.0167229
222 98 64 128 0.0193719
223 98 64 128 0.0288258
224 98 64 128 0.03362
225 98 64 128 0.0295779
226 98 64 128 0.0154959
30 99 64 128 0.0114111
51 99 64 128 0.021582
52 99 64 128 0.045433
53 99 64 128 0.0575074
54 99 64 128 0.0668899
55 99 64 128 0.0463436
56 99 64 128 0.021206
57 99 64 128 0.0128995
222 99 64 128 0.01879
223 99 64 128 0.0345185
224 99 64 128 0.0431128
225 99 64 128 0.0415744
226 99 64 128 0.0206298
29 100 64 128 0.0111883
30 100 64 128 0.0169974
31 100 64 128 0.0173748
32 100 64 128 0.0145519
33 100 64 128 0.0101409
50 100 64 128 0.0148262
51 100 64 128 0.0372918
52 100 64 128 0.0826986
53 100 64 128 0.0988148
54 100 64 128 0.10529
55 100 64 128 0.0756301
56 100 64 128 0.0432112
57 100 64 128 0.0239825
58 100 64 128 0.0191591
59 100 64 128 0.0245868
60 100 64 128 0.0176777
221 100 64 128 0.01057
222 100 64 128 0.0253201
223 100 64 128 0.0447358
224 100 64 128 0.0697757
225 100 64 128 0.0629816
226 100 64 128 0.0410673
227 100 64 128 0.015334
30 101 64 128 0.0110042
52 101 64 128 0.0192879
53 101 64 128 0.0304892
54 101 64 128 0.0392165
55 101 64 128 0.036168
56 101 64 128 0.0214251
57 101 64 128 0.0167549
58 101 64 128 0.0162599
59 101 64 128 0.0273766
60 101 64 128 0.023868
61 101 64 128 0.0107496
221 101 64 128 0.0100342
222 101 64 128 0.0250909
223 101 64 128 0.0480606
224 101 64 128 0.0716679
225 101 64 128 0.071714
226 101 64 128 0.0521097
227 101 64 128 0.0238012
228 101 64 128 0.0110971
52 102 64 128 0.0128906
53 102 64 128 0.0189488
54 102 64 128 0.0248927
55 102 64 128 0.0284626
56 102 64 128 0.0232101
57 102 64 128 0.0200507
58 102 64 128 0.0247472
59 102 64 128 0.0518767
60 102 64 128 0.0513909
61 102 64 128 0.0263534
62 102 64 128 0.0109119
221 102 64 128 0.0102354
222 102 64 128 0.0257997
223 102 64 128 0.0528311
224 102 64 128 0.0721447
225 102 64 128 0.0769661
226 102 64 128 0.0528099
227 102 64 128 0.0221851
55 103 64 128 0.0106352
57 103 64 128 0.0114388
58 103 64 128 0.0211062
59 103 64 128 0.0476974
60 103 64 128 0.0598646
61 103 64 128 0.0357667
62 103 64 128 0.020913
63 103 64 128 0.0177685
64 103 64 128 0.0110411
111 103 64 128 0.0120346
112 103 64 128 0.0167342
222 103 64 128 0.0167109
223 103 64 128 0.0323852
224 103 64 128 0.04945
225 103 64 128 0.0601341
226 103 64 128 0.0366578
227 103 64 128 0.0146552
55 104 64 128 0.0106557
56 104 64 128 0.0102047
57 104 64 128 0.0118662
58 104 64 128 0.026758
59 104 64 128 0.0578495
60 104 64 128 0.0793263
61 104 64 128 0.062252
62 104 64 128 0.0362244
63 104 64 128 0.032056
64 104 64 128 0.0192219
65 104 64 128 0.0135446
110 104 64 128 0.0105387
111 104 64 128 0.0188315
112 104 64 128 0.036824
113 104 64 128 0.0162392
201 104 64 128 0.0112121
202 104 64 128 0.0127715
203 104 64 128 0.0120108
204 104 64 128 0.0135215
205 104 64 128 0.0183699
206 104 64 128 0.0143368
207 104 64 128 0.0106635
222 104 64 128 0.0129409
223 104 64 128 0.0218634
224 104 64 128 0.0340697
225 104 64 128 0.0351201
226 104 64 128 0.0210118
59 105 64 128 0.0234775
60 105 64 128 0.0353074
61 105 64 128 0.0254758
62 105 64 128 0.0154828
63 105 64 128 0.013757
110 105 64 128 0.0190513
111 105 64 128 0.035159
112 105 64 128 0.0557935
113 105 64 128 0.0370323
114 105 64 128 0.0118773
201 105 64 128 0.0112867
202 105 64 128 0.014808
203 105 64 128 0.0168845
204 105 64 128 0.0192023
205 105 64 128 0.0343954
206 105 64 128 0.0280018
207 105 64 128 0.0275297
208 105 64 128 0.0145677
223 105 64 128 0.010831
224 105 64 128 0.0143932
225 105 64 128 0.0164487
59 106 64 128 0.026546
60 106 64 128 0.0431001
61 106 64 128 0.0352709
62 106 64 128 0.0197299
63 106 64 128 0.017973
64 106 64 128 0.0112163
110 106 64 128 0.021183
111 106 64 128 0.0361966
112 106 64 128 0.0658414
113 106 64 128 0.0381321
114 106 64 128 0.0153677
201 106 64 128 0.0139732
202 106 64 128 0.0220008
203 106 64 128 0.0204524
204 106 64 128 0.0286383
205 106 64 128 0.0456876
206 106 64 128 0.0458201
207 106 64 128 0.0354488
208 106 64 128 0.0236119
209 106 64 128 0.0168482
59 107 64 128 0.0151342
60 107 64 128 0.0277118
61 107 64 128 0.0211102
62 107 64 128 0.0130228
63 107 64 128 0.0108121
109 107 64 128 0.0156763
110 107 64 128 0.0464958
111 107 64 128 0.0882874
112 107 64 128 0.135192
113 107 64 128 0.0985035
114 107 64 128 0.0406735
202 107 64 128 0.0111556
203 107 64 128 0.012744
204 107 64 128 0.018412
205 107 64 128 0.0353562
206 107 64 128 0.0338679
207 107 64 128 0.040577
208 107 64 128 0.0313494
209 107 64 128 0.0281148
59 108 64 128 0.0172259
60 108 64 128 0.0283845
61 108 64 128 0.023221
62 108 64 128 0.0102034
109 108 64 128 0.0163507
110 108 64 128 0.049642
111 108 64 128 0.107272
112 108 64 128 0.172721
113 108 64 128 0.0952357
114 108 64 128 0.0525395
115 108 64 128 0.0127611
201 108 64 128 0.0130681
202 108 64 128 0.0194905
203 108 64 128 0.0222338
204 108 64 128 0.0334847
205 108 64 128 0.0562534
206 108 64 128 0.060983
207 108 64 128 0.0654855
208 108 64 128 0.0449106
209 108 64 128 0.0377451
210 108 64 128 0.0112063
109 109 64 128 0.0262899
110 109 64 128 0.0536584
111 109 64 128 0.127528
112 109 64 128 0.187057
113 109 64 128 0.167533
114 109 64 128 0.0851159
115 109 64 128 0.0222411
203 109 64 128 0.012691
204 109 64 128 0.0202583
205 109 64 128 0.0395802
206 109 64 128 0.047757
207 109 64 128 0.0718119
208 109 64 128 0.0675579
209 109 64 128 0.0572465
210 109 64 128 0.0250665
211 109 64 128 0.0168984
225 109 64 128 0.0102831
59 110 64 128 0.0119456
60 110 64 128 0.0162744
61 110 64 128 0.0107755
109 110 64 128 0.0223956
110 110 64 128 0.0531132
111 110 64 128 0.0944361
112 110 64 128 0.135478
113 110 64 128 0.110298
114 110 64 128 0.067599
115 110 64 128 0.0204477
203 110 64 128 0.010354
204 110 64 128 0.0160092
205 110 64 128 0.0258911
206 110 64 128 0.0333914
207 110 64 128 0.0475617
208 110 64 128 0.0439399
209 110 64 128 0.0432506
210 110 64 128 0.0215968
211 110 64 128 0.0136697
224 110 64 128 0.0106482
225 110 64 128 0.0118009
59 111 64 128 0.0119577
60 111 64 128 0.017245
108 111 64 128 0.0152135
109 111 64 128 0.044501
110 111 64 128 0.0958916
111 111 64 128 0.173746
112 111 64 128 0.229477
113 111 64 128 0.25536
114 111 64 128 0.174501
115 111 64 128 0.0504628
116 111 64 128 0.0116635
205 111 64 128 0.0116599
206 111 64 128 0.0115741
207 111 64 128 0.0226067
208 111 64 128 0.024036
209 111 64 128 0.0262755
210 111 64 128 0.0125809
211 111 64 128 0.0103376
223 111 64 128 0.0158221
224 111 64 128 0.026905
225 111 64 128 0.0262564
226 111 64 128 0.0170073
