37 27 85 170 0.0105612
38 27 85 170 0.0105463
35 28 85 170 0.0102618
36 28 85 170 0.0110692
37 28 85 170 0.0119428
38 28 85 170 0.0120713
39 28 85 170 0.0112045
40 28 85 170 0.0102005
41 28 85 170 0.0100954
33 29 85 170 0.0106861
34 29 85 170 0.0130335
35 29 85 170 0.0150493
36 29 85 170 0.0169248
37 29 85 170 0.0186752
38 29 85 170 0.0180143
39 29 85 170 0.015407
40 29 85 170 0.0134255
41 29 85 170 0.0129506
42 29 85 170 0.0103576
34 30 85 170 0.0123601
35 30 85 170 0.0147854
36 30 85 170 0.0170726
37 30 85 170 0.0186309
38 30 85 170 0.0180948
39 30 85 170 0.0153584
40 30 85 170 0.0124157
41 30 85 170 0.0115995
34 31 85 170 0.0111692
35 31 85 170 0.0130164
36 31 85 170 0.0147268
37 31 85 170 0.0154648
38 31 85 170 0.0152388
39 31 85 170 0.0131292
40 31 85 170 0.0100143
33 32 85 170 0.0103155
34 32 85 170 0.0131962
35 32 85 170 0.0148623
36 32 85 170 0.0159
37 32 85 170 0.016563
38 32 85 170 0.0156739
39 32 85 170 0.0129519
40 32 85 170 0.0104297
41 32 85 170 0.0107391
34 33 85 170 0.0100112
35 33 85 170 0.0112976
36 33 85 170 0.0121878
37 33 85 170 0.0127521
38 33 85 170 0.0120424
35 34 85 170 0.0104902
36 34 85 170 0.0111539
37 34 85 170 0.0112306
38 34 85 170 0.0106351
36 35 85 170 0.0102897
37 35 85 170 0.0100129
1 47 85 170 0.0100431
1 48 85 170 0.0110699
2 48 85 170 0.0102848
23 54 85 170 0.0107615
24 54 85 170 0.0110683
25 54 85 170 0.0107343
21 55 85 170 0.0116552
22 55 85 170 0.0150085
23 55 85 170 0.0174783
24 55 85 170 0.0180459
25 55 85 170 0.0180913
26 55 85 170 0.016267
27 55 85 170 0.0142928
28 55 85 170 0.0137178
29 55 85 170 0.0123857
30 55 85 170 0.0123985
31 55 85 170 0.0129101
32 55 85 170 0.011857
33 55 85 170 0.010236
19 56 85 170 0.0107272
20 56 85 170 0.0136092
21 56 85 170 0.0162506
22 56 85 170 0.0209027
23 56 85 170 0.0258602
24 56 85 170 0.0286926
25 56 85 170 0.030029
26 56 85 170 0.0263278
27 56 85 170 0.0223365
28 56 85 170 0.0223089
29 56 85 170 0.0207888
30 56 85 170 0.0208708
31 56 85 170 0.0215499
32 56 85 170 0.0196326
33 56 85 170 0.0168253
34 56 85 170 0.0168987
35 56 85 170 0.0165524
36 56 85 170 0.0127262
37 56 85 170 0.0106249
38 56 85 170 0.0101192
19 57 85 170 0.0120849
20 57 85 170 0.014984
21 57 85 170 0.0177802
22 57 85 170 0.0241243
23 57 85 170 0.0304752
24 57 85 170 0.0335974
25 57 85 170 0.0369566
26 57 85 170 0.0317206
27 57 85 170 0.0265388
28 57 85 170 0.0283528
29 57 85 170 0.023221
30 57 85 170 0.0226238
31 57 85 170 0.0247687
32 57 85 170 0.021704
33 57 85 170 0.0189981
34 57 85 170 0.0182028
35 57 85 170 0.0171058
36 57 85 170 0.0143854
37 57 85 170 0.0123909
38 57 85 170 0.0110803
39 57 85 170 0.0101884
18 58 85 170 0.0100885
19 58 85 170 0.0129534
20 58 85 170 0.0156398
21 58 85 170 0.0178435
22 58 85 170 0.0232519
23 58 85 170 0.030417
24 58 85 170 0.0359014
25 58 85 170 0.0387615
26 58 85 170 0.0337021
27 58 85 170 0.0289865
28 58 85 170 0.0301687
29 58 85 170 0.0260559
30 58 85 170 0.0252115
31 58 85 170 0.0260872
32 58 85 170 0.022944
33 58 85 170 0.0208952
34 58 85 170 0.0201336
35 58 85 170 0.0183906
36 58 85 170 0.0152936
37 58 85 170 0.0136255
38 58 85 170 0.0120465
39 58 85 170 0.0108241
40 58 85 170 0.0105455
19 59 85 170 0.0128047
20 59 85 170 0.0151516
21 59 85 170 0.0171266
22 59 85 170 0.0207933
23 59 85 170 0.0272283
24 59 85 170 0.0340501
25 59 85 170 0.0358873
26 59 85 170 0.0325785
27 59 85 170 0.0288573
28 59 85 170 0.0277506
29 59 85 170 0.0264622
30 59 85 170 0.025854
31 59 85 170 0.0250178
32 59 85 170 0.0228584
33 59 85 170 0.0212975
34 59 85 170 0.0213102
35 59 85 170 0.01962
36 59 85 170 0.0152393
37 59 85 170 0.0137933
38 59 85 170 0.0125828
39 59 85 170 0.011331
40 59 85 170 0.011203
41 59 85 170 0.0101895
19 60 85 170 0.011079
20 60 85 170 0.0127198
21 60 85 170 0.0155663
22 60 85 170 0.0195147
23 60 85 170 0.023335
24 60 85 170 0.0266803
25 60 85 170 0.0298227
26 60 85 170 0.0284546
27 60 85 170 0.0252674
28 60 85 170 0.0235893
29 60 85 170 0.0201727
30 60 85 170 0.0194904
31 60 85 170 0.0200849
32 60 85 170 0.0186437
33 60 85 170 0.0178984
34 60 85 170 0.0178316
35 60 85 170 0.0161879
36 60 85 170 0.0128646
37 60 85 170 0.0116417
38 60 85 170 0.0107031
19 61 85 170 0.0102599
20 61 85 170 0.0124304
21 61 85 170 0.0146552
22 61 85 170 0.0174489
23 61 85 170 0.0204632
24 61 85 170 0.0234377
25 61 85 170 0.0262896
26 61 85 170 0.0256661
27 61 85 170 0.0236953
28 61 85 170 0.0225231
29 61 85 170 0.019006
30 61 85 170 0.0182055
31 61 85 170 0.0184098
32 61 85 170 0.0167787
33 61 85 170 0.01781
34 61 85 170 0.0189288
35 61 85 170 0.017083
36 61 85 170 0.013057
37 61 85 170 0.0109195
21 62 85 170 0.0109016
22 62 85 170 0.0125656
23 62 85 170 0.0150532
24 62 85 170 0.0180013
25 62 85 170 0.0204889
26 62 85 170 0.0198491
27 62 85 170 0.0184732
28 62 85 170 0.0181686
29 62 85 170 0.0153954
30 62 85 170 0.0146578
31 62 85 170 0.0148747
32 62 85 170 0.0137866
33 62 85 170 0.0150994
34 62 85 170 0.0162324
35 62 85 170 0.0152201
36 62 85 170 0.0126906
37 62 85 170 0.0103803
23 63 85 170 0.0100246
24 63 85 170 0.011874
25 63 85 170 0.0143285
26 63 85 170 0.0137125
27 63 85 170 0.0123292
28 63 85 170 0.0125191
29 63 85 170 0.0103032
33 63 85 170 0.0106846
34 63 85 170 0.0109653
35 63 85 170 0.0107925
36 63 85 170 0.0106838
24 64 85 170 0.0101273
25 64 85 170 0.0117156
26 64 85 170 0.0114006
27 64 85 170 0.0104897
28 64 85 170 0.010553
15 46 64 128 0.0103497
16 46 64 128 0.0123024
13 47 64 128 0.0166531
14 47 64 128 0.0183528
15 47 64 128 0.0207026
16 47 64 128 0.0232745
17 47 64 128 0.0163432
18 47 64 128 0.0110133
19 47 64 128 0.0107674
20 47 64 128 0.0121632
21 47 64 128 0.0122975
23 47 64 128 0.0109188
9 48 64 128 0.0106907
12 48 64 128 0.0140749
13 48 64 128 0.0250815
14 48 64 128 0.0302251
15 48 64 128 0.0339646
16 48 64 128 0.0472121
17 48 64 128 0.0356642
18 48 64 128 0.0263901
19 48 64 128 0.0282402
20 48 64 128 0.0355343
21 48 64 128 0.035394
22 48 64 128 0.0226027
23 48 64 128 0.0253206
24 48 64 128 0.0219017
25 48 64 128 0.0157993
0 49 64 128 0.0117188
5 49 64 128 0.0137973
6 49 64 128 0.0121085
7 49 64 128 0.0155111
8 49 64 128 0.0154976
9 49 64 128 0.0205729
10 49 64 128 0.0137537
11 49 64 128 0.016964
12 49 64 128 0.022049
13 49 64 128 0.0398684
14 49 64 128 0.041405
15 49 64 128 0.0569344
16 49 64 128 0.0747656
17 49 64 128 0.0617443
18 49 64 128 0.0469658
19 49 64 128 0.0562071
20 49 64 128 0.0623025
21 49 64 128 0.0613247
22 49 64 128 0.0400482
23 49 64 128 0.045893
24 49 64 128 0.0363087
25 49 64 128 0.0267753
26 49 64 128 0.0125348
39 49 64 128 0.0107023
40 49 64 128 0.0103248
0 50 64 128 0.0143954
1 50 64 128 0.0106373
4 50 64 128 0.0124801
5 50 64 128 0.0182915
6 50 64 128 0.0149925
7 50 64 128 0.0189375
8 50 64 128 0.01959
9 50 64 128 0.0227755
10 50 64 128 0.0175228
11 50 64 128 0.0238371
12 50 64 128 0.0314353
13 50 64 128 0.0496638
14 50 64 128 0.0533488
15 50 64 128 0.0705193
16 50 64 128 0.0974457
17 50 64 128 0.0931514
18 50 64 128 0.0735141
19 50 64 128 0.0949617
20 50 64 128 0.0965951
21 50 64 128 0.100254
22 50 64 128 0.0672634
23 50 64 128 0.081972
24 50 64 128 0.0598149
25 50 64 128 0.0438339
26 50 64 128 0.021593
27 50 64 128 0.0160408
28 50 64 128 0.0114417
35 50 64 128 0.0106296
36 50 64 128 0.0111821
37 50 64 128 0.0107743
38 50 64 128 0.0118782
39 50 64 128 0.0139688
40 50 64 128 0.015161
41 50 64 128 0.0140818
42 50 64 128 0.013852
43 50 64 128 0.0120154
44 50 64 128 0.0111712
45 50 64 128 0.0105585
46 50 64 128 0.013341
47 50 64 128 0.0146959
48 50 64 128 0.0149735
49 50 64 128 0.012499
50 50 64 128 0.0114473
51 50 64 128 0.0100362
0 51 64 128 0.0223603
1 51 64 128 0.0152546
2 51 64 128 0.0123607
3 51 64 128 0.0115526
4 51 64 128 0.0190004
5 51 64 128 0.0282115
6 51 64 128 0.0219826
7 51 64 128 0.0272189
8 51 64 128 0.0253331
9 51 64 128 0.0330097
10 51 64 128 0.0215113
11 51 64 128 0.0315876
12 51 64 128 0.0362257
13 51 64 128 0.0557905
14 51 64 128 0.0502801
15 51 64 128 0.0683495
16 51 64 128 0.0920082
17 51 64 128 0.109905
18 51 64 128 0.0947001
19 51 64 128 0.122132
20 51 64 128 0.125592
21 51 64 128 0.13535
22 51 64 128 0.0879456
23 51 64 128 0.107414
24 51 64 128 0.0879132
25 51 64 128 0.0594676
26 51 64 128 0.0300022
27 51 64 128 0.020721
28 51 64 128 0.0138951
29 51 64 128 0.012316
30 51 64 128 0.0116642
31 51 64 128 0.0123194
32 51 64 128 0.0127707
33 51 64 128 0.0159447
34 51 64 128 0.0156137
35 51 64 128 0.0180919
36 51 64 128 0.0167908
37 51 64 128 0.0184013
38 51 64 128 0.0194342
39 51 64 128 0.025624
40 51 64 128 0.028792
41 51 64 128 0.0306308
42 51 64 128 0.0277759
43 51 64 128 0.0237561
44 51 64 128 0.0205994
45 51 64 128 0.018514
46 51 64 128 0.0224172
47 51 64 128 0.0248066
48 51 64 128 0.0268363
49 51 64 128 0.0210969
50 51 64 128 0.0181944
51 51 64 128 0.0138452
52 51 64 128 0.0103739
198 51 64 128 0.0119333
199 51 64 128 0.0126116
200 51 64 128 0.0107448
0 52 64 128 0.0235467
1 52 64 128 0.0176937
2 52 64 128 0.01416
3 52 64 128 0.0131871
4 52 64 128 0.0221388
5 52 64 128 0.0309689
6 52 64 128 0.0265865
7 52 64 128 0.0291309
8 52 64 128 0.0266257
9 52 64 128 0.0293279
10 52 64 128 0.0212231
11 52 64 128 0.0254235
12 52 64 128 0.0347426
13 52 64 128 0.0472705
14 52 64 128 0.0439614
15 52 64 128 0.0584315
16 52 64 128 0.088528
17 52 64 128 0.123744
18 52 64 128 0.130217
19 52 64 128 0.174103
20 52 64 128 0.189934
21 52 64 128 0.193469
22 52 64 128 0.13647
23 52 64 128 0.158622
24 52 64 128 0.133251
25 52 64 128 0.0906879
26 52 64 128 0.0458723
27 52 64 128 0.0311296
28 52 64 128 0.021654
29 52 64 128 0.017243
30 52 64 128 0.0159041
31 52 64 128 0.0153453
32 52 64 128 0.0179966
33 52 64 128 0.0237087
34 52 64 128 0.0221658
35 52 64 128 0.0213458
36 52 64 128 0.0210955
37 52 64 128 0.0222072
38 52 64 128 0.0231023
39 52 64 128 0.0269085
40 52 64 128 0.0265267
41 52 64 128 0.0250415
42 52 64 128 0.0240335
43 52 64 128 0.0200193
44 52 64 128 0.0196181
45 52 64 128 0.0202987
46 52 64 128 0.0256659
47 52 64 128 0.028994
48 52 64 128 0.0369109
49 52 64 128 0.0291631
50 52 64 128 0.0248266
51 52 64 128 0.0159137
52 52 64 128 0.0113449
197 52 64 128 0.0106987
198 52 64 128 0.0136353
199 52 64 128 0.0145087
200 52 64 128 0.0127504
201 52 64 128 0.0110275
0 53 64 128 0.034726
1 53 64 128 0.0249015
2 53 64 128 0.0207718
3 53 64 128 0.0195226
4 53 64 128 0.0353071
5 53 64 128 0.0498779
6 53 64 128 0.0397304
7 53 64 128 0.0431785
8 53 64 128 0.0369473
9 53 64 128 0.0417861
10 53 64 128 0.0246058
11 53 64 128 0.0278013
12 53 64 128 0.0328491
13 53 64 128 0.0411409
14 53 64 128 0.0367962
15 53 64 128 0.0518467
16 53 64 128 0.0764688
17 53 64 128 0.104553
18 53 64 128 0.113833
19 53 64 128 0.167169
20 53 64 128 0.177036
21 53 64 128 0.187726
22 53 64 128 0.136558
23 53 64 128 0.175707
24 53 64 128 0.141812
25 53 64 128 0.0971057
26 53 64 128 0.053822
27 53 64 128 0.0357273
28 53 64 128 0.0244387
29 53 64 128 0.0203783
30 53 64 128 0.0191861
31 53 64 128 0.0189935
32 53 64 128 0.0218336
33 53 64 128 0.03047
34 53 64 128 0.0314079
35 53 64 128 0.0303107
36 53 64 128 0.0283452
37 53 64 128 0.0323779
38 53 64 128 0.0365216
39 53 64 128 0.0465713
40 53 64 128 0.0460309
41 53 64 128 0.0457026
42 53 64 128 0.0444152
43 53 64 128 0.0373615
44 53 64 128 0.0323179
45 53 64 128 0.0305774
46 53 64 128 0.0378457
47 53 64 128 0.0432548
48 53 64 128 0.0492723
49 53 64 128 0.0379596
50 53 64 128 0.0296791
51 53 64 128 0.0188741
52 53 64 128 0.0126543
80 53 64 128 0.0121808
81 53 64 128 0.0133637
82 53 64 128 0.012802
83 53 64 128 0.0107407
125 53 64 128 0.0109928
197 53 64 128 0.0101943
198 53 64 128 0.0129349
199 53 64 128 0.0133534
200 53 64 128 0.0121791
201 53 64 128 0.0108989
0 54 64 128 0.0421126
1 54 64 128 0.0316252
2 54 64 128 0.0287399
3 54 64 128 0.0293703
4 54 64 128 0.0486068
5 54 64 128 0.0608165
6 54 64 128 0.0468363
7 54 64 128 0.0463702
8 54 64 128 0.0396862
9 54 64 128 0.0431617
10 54 64 128 0.0249326
11 54 64 128 0.0288493
12 54 64 128 0.0335435
13 54 64 128 0.0352336
14 54 64 128 0.0292566
15 54 64 128 0.0423533
16 54 64 128 0.0597778
17 54 64 128 0.0784387
18 54 64 128 0.0919678
19 54 64 128 0.151752
20 54 64 128 0.15701
21 54 64 128 0.165049
22 54 64 128 0.116634
23 54 64 128 0.158094
24 54 64 128 0.139933
25 54 64 128 0.10599
26 54 64 128 0.0646077
27 54 64 128 0.045288
28 54 64 128 0.0332181
29 54 64 128 0.0270407
30 54 64 128 0.0267878
31 54 64 128 0.0268282
32 54 64 128 0.0323195
33 54 64 128 0.0381179
34 54 64 128 0.0366045
35 54 64 128 0.0337348
36 54 64 128 0.0324502
37 54 64 128 0.0306844
38 54 64 128 0.0294824
39 54 64 128 0.034982
40 54 64 128 0.0375638
41 54 64 128 0.0397067
42 54 64 128 0.0373728
43 54 64 128 0.0370927
44 54 64 128 0.0337583
45 54 64 128 0.0337089
46 54 64 128 0.0443771
47 54 64 128 0.0539738
48 54 64 128 0.0590764
49 54 64 128 0.0477314
50 54 64 128 0.035405
51 54 64 128 0.023398
52 54 64 128 0.0167973
125 54 64 128 0.0141981
126 54 64 128 0.013201
197 54 64 128 0.0109088
198 54 64 128 0.0138868
199 54 64 128 0.0140003
200 54 64 128 0.0128803
201 54 64 128 0.0113653
203 54 64 128 0.0100844
0 55 64 128 0.0547121
1 55 64 128 0.0397061
2 55 64 128 0.038112
3 55 64 128 0.0419189
4 55 64 128 0.0661141
5 55 64 128 0.0887825
6 55 64 128 0.0706834
7 55 64 128 0.0686341
8 55 64 128 0.0602156
9 55 64 128 0.0697903
10 55 64 128 0.0395713
11 55 64 128 0.0462848
12 55 64 128 0.0432483
13 55 64 128 0.0416703
14 55 64 128 0.0284116
15 55 64 128 0.0414402
16 55 64 128 0.0523384
17 55 64 128 0.0700387
18 55 64 128 0.0629174
19 55 64 128 0.108409
20 55 64 128 0.103259
21 55 64 128 0.111071
22 55 64 128 0.0853668
23 55 64 128 0.125393
24 55 64 128 0.100023
25 55 64 128 0.0793172
26 55 64 128 0.0484363
27 55 64 128 0.040861
28 55 64 128 0.0280179
29 55 64 128 0.0249784
30 55 64 128 0.0276463
31 55 64 128 0.0280167
32 55 64 128 0.0343763
33 55 64 128 0.0460693
34 55 64 128 0.0491152
35 55 64 128 0.048357
36 55 64 128 0.045294
37 55 64 128 0.0447078
38 55 64 128 0.044019
39 55 64 128 0.0542003
40 55 64 128 0.0549322
41 55 64 128 0.0608931
42 55 64 128 0.0581003
43 55 64 128 0.0593178
44 55 64 128 0.0540582
45 55 64 128 0.0525224
46 55 64 128 0.069647
47 55 64 128 0.0820933
48 55 64 128 0.0922694
49 55 64 128 0.0730622
50 55 64 128 0.0585918
51 55 64 128 0.0347171
52 55 64 128 0.0220923
53 55 64 128 0.01084
80 55 64 128 0.0105713
81 55 64 128 0.0119718
82 55 64 128 0.0131356
83 55 64 128 0.0123604
84 55 64 128 0.0118119
85 55 64 128 0.0111637
86 55 64 128 0.0110368
124 55 64 128 0.012815
125 55 64 128 0.019028
126 55 64 128 0.0176199
127 55 64 128 0.0133354
0 56 64 128 0.0672418
1 56 64 128 0.0531171
2 56 64 128 0.0519059
3 56 64 128 0.0585252
4 56 64 128 0.0955731
5 56 64 128 0.132073
6 56 64 128 0.112866
7 56 64 128 0.109159
8 56 64 128 0.0906737
9 56 64 128 0.10168
10 56 64 128 0.0597168
11 56 64 128 0.0620848
12 56 64 128 0.050881
13 56 64 128 0.0469648
14 56 64 128 0.0270552
15 56 64 128 0.0310751
16 56 64 128 0.0380456
17 56 64 128 0.0479523
18 56 64 128 0.0483284
19 56 64 128 0.0802139
20 56 64 128 0.0820349
21 56 64 128 0.0828728
22 56 64 128 0.0594255
23 56 64 128 0.0868194
24 56 64 128 0.0694406
25 56 64 128 0.0598096
26 56 64 128 0.0389741
27 56 64 128 0.0338211
28 56 64 128 0.0262831
29 56 64 128 0.0230908
30 56 64 128 0.0271077
31 56 64 128 0.0281725
32 56 64 128 0.0356522
33 56 64 128 0.047578
34 56 64 128 0.0497182
35 56 64 128 0.0494982
36 56 64 128 0.0439501
37 56 64 128 0.0424745
38 56 64 128 0.0395441
39 56 64 128 0.0463585
40 56 64 128 0.0498445
41 56 64 128 0.0530398
42 56 64 128 0.049298
43 56 64 128 0.0516728
44 56 64 128 0.0546702
45 56 64 128 0.0611424
46 56 64 128 0.086963
47 56 64 128 0.106672
48 56 64 128 0.135371
49 56 64 128 0.115067
50 56 64 128 0.0884145
51 56 64 128 0.0488909
52 56 64 128 0.0309689
53 56 64 128 0.0166176
54 56 64 128 0.0124878
109 56 64 128 0.0101378
110 56 64 128 0.0101262
111 56 64 128 0.0100762
112 56 64 128 0.0108826
113 56 64 128 0.0114133
114 56 64 128 0.0111742
121 56 64 128 0.0101738
122 56 64 128 0.01013
123 56 64 128 0.0114965
124 56 64 128 0.0154968
125 56 64 128 0.0217976
126 56 64 128 0.0190027
127 56 64 128 0.0148795
128 56 64 128 0.0109112
0 57 64 128 0.0574532
1 57 64 128 0.0476957
2 57 64 128 0.0530725
3 57 64 128 0.0682928
4 57 64 128 0.127753
5 57 64 128 0.165805
6 57 64 128 0.138541
7 57 64 128 0.123245
8 57 64 128 0.109577
9 57 64 128 0.0975149
10 57 64 128 0.0587825
11 57 64 128 0.0632934
12 57 64 128 0.0495194
13 57 64 128 0.0439032
14 57 64 128 0.0216963
15 57 64 128 0.0250727
16 57 64 128 0.0246694
17 57 64 128 0.0320715
18 57 64 128 0.0329979
19 57 64 128 0.0581973
20 57 64 128 0.0524964
21 57 64 128 0.0507208
22 57 64 128 0.0370781
23 57 64 128 0.0607134
24 57 64 128 0.044915
25 57 64 128 0.0430817
26 57 64 128 0.0304837
27 57 64 128 0.0253172
28 57 64 128 0.0220541
29 57 64 128 0.0211701
30 57 64 128 0.0278891
31 57 64 128 0.0336416
32 57 64 128 0.0420812
33 57 64 128 0.0636059
34 57 64 128 0.0712847
35 57 64 128 0.0732037
36 57 64 128 0.0653261
37 57 64 128 0.0631324
38 57 64 128 0.0577719
39 57 64 128 0.0696658
40 57 64 128 0.0773838
41 57 64 128 0.0791719
42 57 64 128 0.075501
43 57 64 128 0.0785179
44 57 64 128 0.0825966
45 57 64 128 0.0899025
46 57 64 128 0.109768
47 57 64 128 0.141988
48 57 64 128 0.170588
49 57 64 128 0.13553
50 57 64 128 0.109293
51 57 64 128 0.0607748
52 57 64 128 0.0365151
53 57 64 128 0.0170424
54 57 64 128 0.0132581
80 57 64 128 0.0100071
81 57 64 128 0.0128185
82 57 64 128 0.0137276
83 57 64 128 0.0140626
84 57 64 128 0.0142289
85 57 64 128 0.0147551
86 57 64 128 0.0141453
87 57 64 128 0.0116124
113 57 64 128 0.0108216
123 57 64 128 0.0104948
124 57 64 128 0.013385
125 57 64 128 0.0183444
126 57 64 128 0.014964
127 57 64 128 0.0123138
0 58 64 128 0.0705566
1 58 64 128 0.0631819
2 58 64 128 0.0718769
3 58 64 128 0.0879367
4 58 64 128 0.163758
5 58 64 128 0.204478
6 58 64 128 0.174401
7 58 64 128 0.1542
8 58 64 128 0.120997
9 58 64 128 0.0959205
10 58 64 128 0.0539445
11 58 64 128 0.0549288
12 58 64 128 0.0387954
13 58 64 128 0.0319592
14 58 64 128 0.015849
15 58 64 128 0.015384
16 58 64 128 0.0142598
17 58 64 128 0.0189496
18 58 64 128 0.0215416
19 58 64 128 0.0353437
20 58 64 128 0.0333976
21 58 64 128 0.0316311
22 58 64 128 0.02432
23 58 64 128 0.0370755
24 58 64 128 0.0327277
25 58 64 128 0.0296296
26 58 64 128 0.0231979
27 58 64 128 0.0209786
28 58 64 128 0.0170132
29 58 64 128 0.0163027
30 58 64 128 0.0263213
31 58 64 128 0.0327471
32 58 64 128 0.0460988
33 58 64 128 0.0596181
34 58 64 128 0.0647961
35 58 64 128 0.0661875
36 58 64 128 0.0602549
37 58 64 128 0.0515009
38 58 64 128 0.0514218
39 58 64 128 0.0644152
40 58 64 128 0.0695282
41 58 64 128 0.0698054
42 58 64 128 0.0680496
43 58 64 128 0.0756481
44 58 64 128 0.0871774
45 58 64 128 0.102779
46 58 64 128 0.15615
47 58 64 128 0.197371
48 58 64 128 0.221686
49 58 64 128 0.18777
50 58 64 128 0.143829
51 58 64 128 0.0866027
52 58 64 128 0.0486866
53 58 64 128 0.0231864
54 58 64 128 0.0159107
55 58 64 128 0.0102519
85 58 64 128 0.0106004
109 58 64 128 0.0102387
110 58 64 128 0.0117155
111 58 64 128 0.0115538
112 58 64 128 0.0114804
113 58 64 128 0.0129874
114 58 64 128 0.011533
115 58 64 128 0.0101862
124 58 64 128 0.0110242
125 58 64 128 0.0143501
126 58 64 128 0.0117463
0 59 64 128 0.0569396
1 59 64 128 0.0516437
2 59 64 128 0.0648103
3 59 64 128 0.0872636
4 59 64 128 0.172543
5 59 64 128 0.222054
6 59 64 128 0.195419
7 59 64 128 0.178485
8 59 64 128 0.138805
9 59 64 128 0.114447
10 59 64 128 0.0584428
11 59 64 128 0.0622518
12 59 64 128 0.0416526
13 59 64 128 0.034169
14 59 64 128 0.0141119
15 59 64 128 0.0157601
16 59 64 128 0.0135999
17 59 64 128 0.0187949
18 59 64 128 0.0169556
19 59 64 128 0.0289116
20 59 64 128 0.02332
21 59 64 128 0.0224047
22 59 64 128 0.017406
23 59 64 128 0.0272917
24 59 64 128 0.0230618
25 59 64 128 0.0188075
26 59 64 128 0.0152515
27 59 64 128 0.0152449
28 59 64 128 0.0124376
29 59 64 128 0.0126963
30 59 64 128 0.0196235
31 59 64 128 0.0330616
32 59 64 128 0.0496114
33 59 64 128 0.0677472
34 59 64 128 0.0791778
35 59 64 128 0.0776581
36 59 64 128 0.0660081
37 59 64 128 0.059673
38 59 64 128 0.0625
39 59 64 128 0.0912192
40 59 64 128 0.101411
41 59 64 128 0.0989877
42 59 64 128 0.101078
43 59 64 128 0.12043
44 59 64 128 0.140246
45 59 64 128 0.161774
46 59 64 128 0.206682
47 59 64 128 0.256257
48 59 64 128 0.295156
49 59 64 128 0.261226
50 59 64 128 0.204637
51 59 64 128 0.112152
52 59 64 128 0.06303
53 59 64 128 0.0275082
54 59 64 128 0.0192003
55 59 64 128 0.0109491
81 59 64 128 0.0111581
82 59 64 128 0.0132605
83 59 64 128 0.0136309
84 59 64 128 0.0139271
85 59 64 128 0.0151839
86 59 64 128 0.0160766
87 59 64 128 0.0143087
88 59 64 128 0.0118518
125 59 64 128 0.0116792
0 60 64 128 0.0399671
1 60 64 128 0.0356596
2 60 64 128 0.0450541
3 60 64 128 0.0603879
4 60 64 128 0.133314
5 60 64 128 0.181757
6 60 64 128 0.16361
7 60 64 128 0.156555
8 60 64 128 0.119874
9 60 64 128 0.104566
10 60 64 128 0.0582903
11 60 64 128 0.0606956
12 60 64 128 0.0422234
13 60 64 128 0.0326589
14 60 64 128 0.0140976
15 60 64 128 0.0150754
16 60 64 128 0.0125209
17 60 64 128 0.0153139
18 60 64 128 0.0151464
19 60 64 128 0.0238707
20 60 64 128 0.0192749
21 60 64 128 0.0162619
22 60 64 128 0.0119894
23 60 64 128 0.0176179
24 60 64 128 0.0164934
25 60 64 128 0.0139084
26 60 64 128 0.0108566
27 60 64 128 0.0109746
30 60 64 128 0.0154273
31 60 64 128 0.0230769
32 60 64 128 0.0396371
33 60 64 128 0.0532438
34 60 64 128 0.0665162
35 60 64 128 0.0612355
36 60 64 128 0.0520875
37 60 64 128 0.0465079
38 60 64 128 0.0526989
39 60 64 128 0.0737535
40 60 64 128 0.0877025
41 60 64 128 0.0913139
42 60 64 128 0.104896
43 60 64 128 0.118823
44 60 64 128 0.14937
45 60 64 128 0.171517
46 60 64 128 0.256879
47 60 64 128 0.305388
48 60 64 128 0.37506
49 60 64 128 0.32636
50 60 64 128 0.258493
51 60 64 128 0.150416
52 60 64 128 0.0899149
53 60 64 128 0.0393833
54 60 64 128 0.0254285
55 60 64 128 0.0153221
56 60 64 128 0.010803
81 60 64 128 0.0123316
82 60 64 128 0.0125669
83 60 64 128 0.0124149
84 60 64 128 0.0113735
85 60 64 128 0.014012
86 60 64 128 0.0143898
87 60 64 128 0.0136107
88 60 64 128 0.0118461
89 60 64 128 0.010353
0 61 64 128 0.0223548
1 61 64 128 0.020683
2 61 64 128 0.0259388
3 61 64 128 0.0385998
4 61 64 128 0.0995481
5 61 64 128 0.136529
6 61 64 128 0.12862
7 61 64 128 0.125816
8 61 64 128 0.110124
9 61 64 128 0.0799153
10 61 64 128 0.0448146
11 61 64 128 0.0450315
12 61 64 128 0.0300038
13 61 64 128 0.0222721
15 61 64 128 0.0118992
17 61 64 128 0.0111638
18 61 64 128 0.0103187
19 61 64 128 0.0149414
20 61 64 128 0.0115853
30 61 64 128 0.0126597
31 61 64 128 0.0210777
32 61 64 128 0.0385461
33 61 64 128 0.0612301
34 61 64 128 0.0760267
35 61 64 128 0.0728718
36 61 64 128 0.0713436
37 61 64 128 0.0691827
38 61 64 128 0.077725
39 61 64 128 0.110395
40 61 64 128 0.138584
41 61 64 128 0.136873
42 61 64 128 0.139412
43 61 64 128 0.139081
44 61 64 128 0.172144
45 61 64 128 0.178382
46 61 64 128 0.245967
47 61 64 128 0.294255
48 61 64 128 0.355241
49 61 64 128 0.314209
50 61 64 128 0.257737
51 61 64 128 0.147465
52 61 64 128 0.085784
53 61 64 128 0.0394749
54 61 64 128 0.02629
55 61 64 128 0.0159541
56 61 64 128 0.0123361
66 61 64 128 0.0100502
67 61 64 128 0.01051
68 61 64 128 0.0132751
69 61 64 128 0.0124554
70 61 64 128 0.0114364
79 61 64 128 0.0107635
80 61 64 128 0.0142748
81 61 64 128 0.0172561
82 61 64 128 0.0187887
83 61 64 128 0.017618
84 61 64 128 0.0171789
85 61 64 128 0.0211469
86 61 64 128 0.0225499
87 61 64 128 0.0219406
88 61 64 128 0.0199289
89 61 64 128 0.0169291
90 61 64 128 0.014877
91 61 64 128 0.0115282
0 62 64 128 0.0182231
1 62 64 128 0.0177209
2 62 64 128 0.0242838
3 62 64 128 0.035532
4 62 64 128 0.0933141
5 62 64 128 0.128839
6 62 64 128 0.138299
7 62 64 128 0.140474
8 62 64 128 0.12278
9 62 64 128 0.0851659
10 62 64 128 0.0476838
11 62 64 128 0.0472695
12 62 64 128 0.0364223
13 62 64 128 0.024316
14 62 64 128 0.0102075
15 62 64 128 0.0121091
16 62 64 128 0.0107888
17 62 64 128 0.011514
18 62 64 128 0.0103595
19 62 64 128 0.0138547
30 62 64 128 0.0101584
31 62 64 128 0.0193918
32 62 64 128 0.0360244
33 62 64 128 0.0495468
34 62 64 128 0.064682
35 62 64 128 0.0585375
36 62 64 128 0.0622585
37 62 64 128 0.0595081
38 62 64 128 0.0793053
39 62 64 128 0.107815
40 62 64 128 0.127402
41 62 64 128 0.112401
42 62 64 128 0.127603
43 62 64 128 0.128496
44 62 64 128 0.165792
45 62 64 128 0.164682
46 62 64 128 0.224054
47 62 64 128 0.245143
48 62 64 128 0.320969
49 62 64 128 0.298957
50 62 64 128 0.227514
51 62 64 128 0.134835
52 62 64 128 0.0742398
53 62 64 128 0.0375037
54 62 64 128 0.0266487
55 62 64 128 0.0185144
56 62 64 128 0.0144976
68 62 64 128 0.0114107
69 62 64 128 0.0124516
70 62 64 128 0.0130661
71 62 64 128 0.0107403
75 62 64 128 0.0100651
76 62 64 128 0.0109228
77 62 64 128 0.010549
78 62 64 128 0.0113563
79 62 64 128 0.0135912
80 62 64 128 0.0161112
81 62 64 128 0.0166503
82 62 64 128 0.0163192
83 62 64 128 0.0155779
84 62 64 128 0.0139588
85 62 64 128 0.0185126
86 62 64 128 0.0182496
87 62 64 128 0.0192916
88 62 64 128 0.0178245
89 62 64 128 0.0173281
90 62 64 128 0.0145765
91 62 64 128 0.011332
0 63 64 128 0.013963
1 63 64 128 0.0133368
2 63 64 128 0.0195471
3 63 64 128 0.0345957
4 63 64 128 0.0911082
5 63 64 128 0.130529
6 63 64 128 0.156376
7 63 64 128 0.192726
8 63 64 128 0.175818
9 63 64 128 0.135636
10 63 64 128 0.0734118
11 63 64 128 0.075348
12 63 64 128 0.0512817
13 63 64 128 0.0368004
14 63 64 128 0.0143281
15 63 64 128 0.0158034
16 63 64 128 0.0124746
17 63 64 128 0.0131968
19 63 64 128 0.0110302
30 63 64 128 0.0110938
31 63 64 128 0.024541
32 63 64 128 0.050129
33 63 64 128 0.0696228
34 63 64 128 0.108603
35 63 64 128 0.0953788
36 63 64 128 0.100584
37 63 64 128 0.0939502
38 63 64 128 0.122658
39 63 64 128 0.147752
40 63 64 128 0.175106
41 63 64 128 0.144459
42 63 64 128 0.148835
43 63 64 128 0.150148
44 63 64 128 0.178043
45 63 64 128 0.153467
46 63 64 128 0.183441
47 63 64 128 0.203431
48 63 64 128 0.251529
49 63 64 128 0.231808
50 63 64 128 0.181863
51 63 64 128 0.101951
52 63 64 128 0.0605589
53 63 64 128 0.0293993
54 63 64 128 0.0231887
55 63 64 128 0.0160981
56 63 64 128 0.0134774
68 63 64 128 0.0112432
69 63 64 128 0.0125557
70 63 64 128 0.0146032
71 63 64 128 0.0128866
72 63 64 128 0.0124426
73 63 64 128 0.0117465
74 63 64 128 0.0137995
75 63 64 128 0.0128533
76 63 64 128 0.0137041
77 63 64 128 0.0125739
78 63 64 128 0.0147719
79 63 64 128 0.0147843
80 63 64 128 0.0196001
81 63 64 128 0.0181976
82 63 64 128 0.0183166
83 63 64 128 0.0175148
84 63 64 128 0.0171224
85 63 64 128 0.0219194
86 63 64 128 0.0262031
87 63 64 128 0.0274302
88 63 64 128 0.0271558
89 63 64 128 0.026511
90 63 64 128 0.0220036
91 63 64 128 0.017582
92 63 64 128 0.0128127
0 64 64 128 0.0102802
1 64 64 128 0.0108391
2 64 64 128 0.0170148
3 64 64 128 0.0308832
4 64 64 128 0.0931605
5 64 64 128 0.140465
6 64 64 128 0.183126
7 64 64 128 0.203926
8 64 64 128 0.203252
9 64 64 128 0.150337
10 64 64 128 0.0942142
11 64 64 128 0.094834
12 64 64 128 0.0700345
13 64 64 128 0.0479371
14 64 64 128 0.0212578
15 64 64 128 0.021957
16 64 64 128 0.0175569
17 64 64 128 0.0162336
18 64 64 128 0.0117767
19 64 64 128 0.0109704
31 64 64 128 0.0200617
32 64 64 128 0.0507822
33 64 64 128 0.0696848
34 64 64 128 0.110775
35 64 64 128 0.100047
36 64 64 128 0.108811
37 64 64 128 0.113673
38 64 64 128 0.147799
39 64 64 128 0.171234
40 64 64 128 0.189418
41 64 64 128 0.137848
42 64 64 128 0.144543
43 64 64 128 0.139403
44 64 64 128 0.153828
45 64 64 128 0.124326
46 64 64 128 0.159152
47 64 64 128 0.158212
48 64 64 128 0.217608
49 64 64 128 0.197688
50 64 64 128 0.144606
51 64 64 128 0.0765668
52 64 64 128 0.0473347
53 64 64 128 0.0294168
54 64 64 128 0.0223018
55 64 64 128 0.0155234
56 64 64 128 0.0127954
69 64 64 128 0.0120487
70 64 64 128 0.0141138
71 64 64 128 0.0147281
72 64 64 128 0.0143839
73 64 64 128 0.0152646
74 64 64 128 0.016773
75 64 64 128 0.0164008
76 64 64 128 0.0160466
77 64 64 128 0.0142608
78 64 64 128 0.014148
79 64 64 128 0.0141688
80 64 64 128 0.0167312
81 64 64 128 0.0156975
82 64 64 128 0.0138953
83 64 64 128 0.0123137
84 64 64 128 0.0117564
85 64 64 128 0.0146983
86 64 64 128 0.0161243
87 64 64 128 0.0191342
88 64 64 128 0.0200444
89 64 64 128 0.020831
90 64 64 128 0.0179597
91 64 64 128 0.014069
92 64 64 128 0.0112803
2 65 64 128 0.0111509
3 65 64 128 0.0213748
4 65 64 128 0.06739
5 65 64 128 0.111525
6 65 64 128 0.162976
7 65 64 128 0.195
8 65 64 128 0.206232
9 65 64 128 0.141031
10 65 64 128 0.0942644
11 65 64 128 0.090313
12 65 64 128 0.0638088
13 65 64 128 0.0392849
14 65 64 128 0.0160955
15 65 64 128 0.018217
16 65 64 128 0.012777
17 65 64 128 0.0111581
31 65 64 128 0.0225778
32 65 64 128 0.0522274
33 65 64 128 0.0918546
34 65 64 128 0.144993
35 65 64 128 0.135259
36 65 64 128 0.140215
37 65 64 128 0.14784
38 65 64 128 0.171663
39 65 64 128 0.184824
40 65 64 128 0.196608
41 65 64 128 0.158783
42 65 64 128 0.142248
43 65 64 128 0.136027
44 65 64 128 0.13245
45 65 64 128 0.091688
46 65 64 128 0.0914226
47 65 64 128 0.094352
48 65 64 128 0.129208
49 65 64 128 0.123263
50 65 64 128 0.088958
51 65 64 128 0.0468988
52 65 64 128 0.0268066
53 65 64 128 0.0191506
54 65 64 128 0.0166398
55 65 64 128 0.0139941
56 65 64 128 0.0115555
69 65 64 128 0.0110033
70 65 64 128 0.0121969
71 65 64 128 0.0138067
72 65 64 128 0.015071
73 65 64 128 0.0179017
74 65 64 128 0.0205065
75 65 64 128 0.0208807
76 65 64 128 0.0193941
77 65 64 128 0.0152778
78 65 64 128 0.0154193
79 65 64 128 0.0134274
80 65 64 128 0.0140213
81 65 64 128 0.0125883
82 65 64 128 0.0110915
83 65 64 128 0.0101137
85 65 64 128 0.0118437
86 65 64 128 0.013369
87 65 64 128 0.0180239
88 65 64 128 0.0202261
89 65 64 128 0.0224381
90 65 64 128 0.0212378
91 65 64 128 0.018424
92 65 64 128 0.0140049
3 66 64 128 0.0158025
4 66 64 128 0.0459135
5 66 64 128 0.0739634
6 66 64 128 0.115633
7 66 64 128 0.160154
8 66 64 128 0.189568
9 66 64 128 0.13815
10 66 64 128 0.100356
11 66 64 128 0.0934287
12 66 64 128 0.0729832
13 66 64 128 0.0435628
14 66 64 128 0.0209339
15 66 64 128 0.0201325
16 66 64 128 0.0154334
17 66 64 128 0.0122158
31 66 64 128 0.0179314
32 66 64 128 0.0438496
33 66 64 128 0.0742216
34 66 64 128 0.108423
35 66 64 128 0.115133
36 66 64 128 0.123995
37 66 64 128 0.117126
38 66 64 128 0.124499
39 66 64 128 0.136457
40 66 64 128 0.130815
41 66 64 128 0.095961
42 66 64 128 0.0919169
43 66 64 128 0.0817202
44 66 64 128 0.0878965
45 66 64 128 0.0638868
46 66 64 128 0.069804
47 66 64 128 0.0765188
48 66 64 128 0.117014
49 66 64 128 0.119044
50 66 64 128 0.0806991
51 66 64 128 0.0432514
52 66 64 128 0.0245293
53 66 64 128 0.0170514
54 66 64 128 0.0156886
55 66 64 128 0.0145082
56 66 64 128 0.0127292
70 66 64 128 0.0107321
71 66 64 128 0.012658
72 66 64 128 0.0158887
73 66 64 128 0.0194169
74 66 64 128 0.0211812
75 66 64 128 0.0205645
76 66 64 128 0.0189557
77 66 64 128 0.0148716
78 66 64 128 0.0140924
79 66 64 128 0.0124569
80 66 64 128 0.0117266
87 66 64 128 0.0127328
88 66 64 128 0.0152062
89 66 64 128 0.0186988
90 66 64 128 0.0183448
91 66 64 128 0.0161975
92 66 64 128 0.0130329
3 67 64 128 0.0124457
4 67 64 128 0.0347834
5 67 64 128 0.0628199
6 67 64 128 0.095142
7 67 64 128 0.143815
8 67 64 128 0.181068
9 67 64 128 0.136173
10 67 64 128 0.0980528
11 67 64 128 0.0974984
12 67 64 128 0.0817786
13 67 64 128 0.0520302
14 67 64 128 0.0253717
15 67 64 128 0.0236634
16 67 64 128 0.0137898
17 67 64 128 0.0108051
31 67 64 128 0.0168162
32 67 64 128 0.0422138
33 67 64 128 0.0666136
34 67 64 128 0.0993369
35 67 64 128 0.110449
36 67 64 128 0.125565
37 67 64 128 0.104978
38 67 64 128 0.113259
39 67 64 128 0.132007
40 67 64 128 0.131053
41 67 64 128 0.0910186
42 67 64 128 0.0709556
43 67 64 128 0.0615614
44 67 64 128 0.057434
45 67 64 128 0.0410539
46 67 64 128 0.0410234
47 67 64 128 0.0475515
48 67 64 128 0.0781636
49 67 64 128 0.072304
50 67 64 128 0.050752
51 67 64 128 0.0251255
52 67 64 128 0.015854
53 67 64 128 0.0114919
54 67 64 128 0.0124785
55 67 64 128 0.0125686
56 67 64 128 0.0114039
70 67 64 128 0.0120048
71 67 64 128 0.0146778
72 67 64 128 0.0187967
73 67 64 128 0.0226121
74 67 64 128 0.0263047
75 67 64 128 0.0225146
76 67 64 128 0.0199479
77 67 64 128 0.0140706
78 67 64 128 0.0142036
79 67 64 128 0.0118448
80 67 64 128 0.0115008
86 67 64 128 0.0106182
87 67 64 128 0.0143082
88 67 64 128 0.0192061
89 67 64 128 0.0216563
90 67 64 128 0.022342
91 67 64 128 0.0197085
92 67 64 128 0.0170332
93 67 64 128 0.0136504
94 67 64 128 0.010078
4 68 64 128 0.0171835
5 68 64 128 0.031226
6 68 64 128 0.0539639
7 68 64 128 0.0904198
8 68 64 128 0.115071
9 68 64 128 0.0853535
10 68 64 128 0.0690867
11 68 64 128 0.0772022
12 68 64 128 0.0701859
13 68 64 128 0.0518054
14 68 64 128 0.0257288
15 68 64 128 0.0233159
16 68 64 128 0.0143608
17 68 64 128 0.0101681
31 68 64 128 0.010122
32 68 64 128 0.02647
33 68 64 128 0.0428276
34 68 64 128 0.0614354
35 68 64 128 0.077314
36 68 64 128 0.0860488
37 68 64 128 0.0779815
38 68 64 128 0.0840055
39 68 64 128 0.102374
40 68 64 128 0.106224
41 68 64 128 0.0755281
42 68 64 128 0.0668529
43 68 64 128 0.0544772
44 68 64 128 0.0481817
45 68 64 128 0.0326993
46 68 64 128 0.0378714
47 68 64 128 0.0435051
48 68 64 128 0.0724355
49 68 64 128 0.0738992
50 68 64 128 0.0500305
51 68 64 128 0.0229364
52 68 64 128 0.0159366
53 68 64 128 0.0137753
54 68 64 128 0.0147161
55 68 64 128 0.0162005
56 68 64 128 0.0165728
70 68 64 128 0.0131009
71 68 64 128 0.0186948
72 68 64 128 0.0221626
73 68 64 128 0.0269448
74 68 64 128 0.031688
75 68 64 128 0.0281744
76 68 64 128 0.0229987
77 68 64 128 0.0161937
78 68 64 128 0.0149527
79 68 64 128 0.0122216
80 68 64 128 0.0104253
87 68 64 128 0.010937
88 68 64 128 0.0159801
89 68 64 128 0.0203747
90 68 64 128 0.0234927
91 68 64 128 0.0203371
92 68 64 128 0.0197721
93 68 64 128 0.0148057
94 68 64 128 0.0114393
104 68 64 128 0.0106999
105 68 64 128 0.0102626
5 69 64 128 0.0161676
6 69 64 128 0.0325357
7 69 64 128 0.0572982
8 69 64 128 0.0759508
9 69 64 128 0.0538628
10 69 64 128 0.0492285
11 69 64 128 0.0591469
12 69 64 128 0.0557028
13 69 64 128 0.0394045
14 69 64 128 0.0230367
15 69 64 128 0.0213536
16 69 64 128 0.0117043
32 69 64 128 0.0215235
33 69 64 128 0.036273
34 69 64 128 0.0551051
35 69 64 128 0.0645327
36 69 64 128 0.0688203
37 69 64 128 0.0650656
38 69 64 128 0.0689743
39 69 64 128 0.0841434
40 69 64 128 0.0828782
41 69 64 128 0.0638586
42 69 64 128 0.0470892
43 69 64 128 0.0431353
44 69 64 128 0.034348
45 69 64 128 0.0225832
46 69 64 128 0.0233942
47 69 64 128 0.0319565
48 69 64 128 0.047518
49 69 64 128 0.0460502
50 69 64 128 0.0311771
51 69 64 128 0.0174133
52 69 64 128 0.0125801
53 69 64 128 0.0104349
54 69 64 128 0.0116324
55 69 64 128 0.0152339
56 69 64 128 0.0165403
57 69 64 128 0.01079
61 69 64 128 0.0105089
62 69 64 128 0.010153
69 69 64 128 0.0104063
70 69 64 128 0.0156177
71 69 64 128 0.0222043
72 69 64 128 0.0272946
73 69 64 128 0.0318243
74 69 64 128 0.0391532
75 69 64 128 0.0357365
76 69 64 128 0.0300825
77 69 64 128 0.0197812
78 69 64 128 0.0186543
79 69 64 128 0.0145193
80 69 64 128 0.0129924
86 69 64 128 0.0104728
87 69 64 128 0.0148133
88 69 64 128 0.0207123
89 69 64 128 0.0255772
90 69 64 128 0.0283681
91 69 64 128 0.026645
92 69 64 128 0.0254332
93 69 64 128 0.0195664
94 69 64 128 0.0145739
6 70 64 128 0.017391
7 70 64 128 0.0326606
8 70 64 128 0.0423036
9 70 64 128 0.0320775
10 70 64 128 0.0305976
11 70 64 128 0.035412
12 70 64 128 0.0387581
13 70 64 128 0.0286805
14 70 64 128 0.0216422
15 70 64 128 0.0185327
16 70 64 128 0.0121275
32 70 64 128 0.015165
33 70 64 128 0.0224566
34 70 64 128 0.0321456
35 70 64 128 0.0420809
36 70 64 128 0.0413674
37 70 64 128 0.039748
38 70 64 128 0.0470225
39 70 64 128 0.0610564
40 70 64 128 0.0556895
41 70 64 128 0.040411
42 70 64 128 0.0356928
43 70 64 128 0.0274819
44 70 64 128 0.0240894
45 70 64 128 0.0199339
46 70 64 128 0.0243477
47 70 64 128 0.0303648
48 70 64 128 0.0529764
49 70 64 128 0.0556199
50 70 64 128 0.0391734
51 70 64 128 0.0230358
52 70 64 128 0.0170029
53 70 64 128 0.0146586
54 70 64 128 0.0171326
55 70 64 128 0.0265501
56 70 64 128 0.0268466
57 70 64 128 0.0179263
58 70 64 128 0.0167857
59 70 64 128 0.0152002
60 70 64 128 0.0181323
61 70 64 128 0.020003
62 70 64 128 0.0173057
63 70 64 128 0.0120538
70 70 64 128 0.0150557
71 70 64 128 0.0220335
72 70 64 128 0.0286714
73 70 64 128 0.0340277
74 70 64 128 0.0411269
75 70 64 128 0.0363824
76 70 64 128 0.0309067
77 70 64 128 0.0186252
78 70 64 128 0.0172888
79 70 64 128 0.0139788
80 70 64 128 0.0111679
87 70 64 128 0.0140249
88 70 64 128 0.0214127
89 70 64 128 0.0264867
90 70 64 128 0.0294444
91 70 64 128 0.0298364
92 70 64 128 0.0292052
93 70 64 128 0.0231625
94 70 64 128 0.0195487
95 70 64 128 0.0146079
96 70 64 128 0.0114093
100 70 64 128 0.0105873
101 70 64 128 0.0128653
102 70 64 128 0.0141131
103 70 64 128 0.0139803
104 70 64 128 0.0145457
105 70 64 128 0.0152052
106 70 64 128 0.0132094
107 70 64 128 0.0118955
6 71 64 128 0.0120365
7 71 64 128 0.024508
8 71 64 128 0.0339421
9 71 64 128 0.0276873
10 71 64 128 0.0269973
11 71 64 128 0.0305412
12 71 64 128 0.0320361
13 71 64 128 0.0268735
14 71 64 128 0.0184847
15 71 64 128 0.0181082
32 71 64 128 0.0158959
33 71 64 128 0.0243304
34 71 64 128 0.0357499
35 71 64 128 0.0420563
36 71 64 128 0.0394748
37 71 64 128 0.0351504
38 71 64 128 0.0382029
39 71 64 128 0.0466045
40 71 64 128 0.0470395
41 71 64 128 0.0383996
42 71 64 128 0.0296303
43 71 64 128 0.0258377
44 71 64 128 0.0217158
45 71 64 128 0.0154482
46 71 64 128 0.0182262
47 71 64 128 0.0251906
48 71 64 128 0.044598
49 71 64 128 0.0384128
50 71 64 128 0.0284029
51 71 64 128 0.0158523
52 71 64 128 0.0113659
54 71 64 128 0.0131945
55 71 64 128 0.0195761
56 71 64 128 0.0239686
57 71 64 128 0.0189299
58 71 64 128 0.018559
59 71 64 128 0.0182229
60 71 64 128 0.0234328
61 71 64 128 0.0224123
62 71 64 128 0.0217355
63 71 64 128 0.0164255
69 71 64 128 0.0152055
70 71 64 128 0.0243896
71 71 64 128 0.0362379
72 71 64 128 0.0492342
73 71 64 128 0.0590425
74 71 64 128 0.0763064
75 71 64 128 0.0663698
76 71 64 128 0.0562668
77 71 64 128 0.0322194
78 71 64 128 0.0312942
79 71 64 128 0.0244589
80 71 64 128 0.0197917
81 71 64 128 0.0126389
82 71 64 128 0.0107886
85 71 64 128 0.0122797
86 71 64 128 0.0165061
87 71 64 128 0.0217182
88 71 64 128 0.0315077
89 71 64 128 0.0365487
90 71 64 128 0.0436937
91 71 64 128 0.0410979
92 71 64 128 0.0425727
93 71 64 128 0.0328883
94 71 64 128 0.0279626
95 71 64 128 0.0178017
96 71 64 128 0.0135241
97 71 64 128 0.0114238
98 71 64 128 0.0101499
100 71 64 128 0.0108907
101 71 64 128 0.0127726
102 71 64 128 0.0138034
103 71 64 128 0.0139617
104 71 64 128 0.0134324
105 71 64 128 0.0145233
106 71 64 128 0.0129436
107 71 64 128 0.0114615
7 72 64 128 0.0128114
8 72 64 128 0.0199986
9 72 64 128 0.0157113
10 72 64 128 0.0145654
11 72 64 128 0.0171562
12 72 64 128 0.0185499
13 72 64 128 0.0162903
14 72 64 128 0.0122481
15 72 64 128 0.0116374
32 72 64 128 0.0112647
33 72 64 128 0.0152003
34 72 64 128 0.022251
35 72 64 128 0.0289089
36 72 64 128 0.0310141
37 72 64 128 0.0271964
38 72 64 128 0.0287594
39 72 64 128 0.0339987
40 72 64 128 0.0315547
41 72 64 128 0.0266697
42 72 64 128 0.0276031
43 72 64 128 0.0234169
44 72 64 128 0.022186
45 72 64 128 0.0195675
46 72 64 128 0.0236175
47 72 64 128 0.0300965
48 72 64 128 0.0578543
49 72 64 128 0.0581093
50 72 64 128 0.0409256
51 72 64 128 0.0224024
52 72 64 128 0.0175045
53 72 64 128 0.0158004
54 72 64 128 0.0221656
55 72 64 128 0.0354834
56 72 64 128 0.0400046
57 72 64 128 0.0332665
58 72 64 128 0.0329985
59 72 64 128 0.0294382
60 72 64 128 0.0322534
61 72 64 128 0.0301596
62 72 64 128 0.0236892
63 72 64 128 0.0169179
64 72 64 128 0.0111728
69 72 64 128 0.0157298
70 72 64 128 0.0264148
71 72 64 128 0.0453379
72 72 64 128 0.0613006
73 72 64 128 0.0740445
74 72 64 128 0.0845065
75 72 64 128 0.0787201
76 72 64 128 0.0660504
77 72 64 128 0.0388829
78 72 64 128 0.0379749
79 72 64 128 0.0282428
80 72 64 128 0.0220529
81 72 64 128 0.0141065
82 72 64 128 0.012448
83 72 64 128 0.010499
84 72 64 128 0.0105544
85 72 64 128 0.0144165
86 72 64 128 0.0180321
87 72 64 128 0.0244234
88 72 64 128 0.0368402
89 72 64 128 0.0439328
90 72 64 128 0.053412
91 72 64 128 0.0501582
92 72 64 128 0.050067
93 72 64 128 0.0437931
94 72 64 128 0.0364784
95 72 64 128 0.0262831
96 72 64 128 0.0197747
97 72 64 128 0.0170295
98 72 64 128 0.0157365
99 72 64 128 0.0147221
100 72 64 128 0.0158761
101 72 64 128 0.0194871
102 72 64 128 0.0215088
103 72 64 128 0.0190835
104 72 64 128 0.0190322
105 72 64 128 0.0189069
106 72 64 128 0.0164709
107 72 64 128 0.0146872
108 72 64 128 0.0119251
255 72 64 128 0.0108499
8 73 64 128 0.0129253
9 73 64 128 0.0112549
10 73 64 128 0.0109408
11 73 64 128 0.0126936
12 73 64 128 0.0138261
13 73 64 128 0.0113734
32 73 64 128 0.0111511
33 73 64 128 0.0140004
34 73 64 128 0.0190659
35 73 64 128 0.0248574
36 73 64 128 0.0274898
37 73 64 128 0.0256419
38 73 64 128 0.0261073
39 73 64 128 0.0313938
40 73 64 128 0.0286173
41 73 64 128 0.0268336
42 73 64 128 0.023801
43 73 64 128 0.0219387
44 73 64 128 0.0182136
45 73 64 128 0.0156824
46 73 64 128 0.0196182
47 73 64 128 0.0297636
48 73 64 128 0.0482428
49 73 64 128 0.0500817
50 73 64 128 0.0375337
51 73 64 128 0.0227385
52 73 64 128 0.0164943
53 73 64 128 0.0146486
54 73 64 128 0.0221902
55 73 64 128 0.039254
56 73 64 128 0.0423396
57 73 64 128 0.037927
58 73 64 128 0.0407687
59 73 64 128 0.0386399
60 73 64 128 0.0436745
61 73 64 128 0.0418918
62 73 64 128 0.0353059
63 73 64 128 0.0212193
64 73 64 128 0.013992
68 73 64 128 0.0124976
69 73 64 128 0.0205766
70 73 64 128 0.0364992
71 73 64 128 0.0629268
72 73 64 128 0.086267
73 73 64 128 0.10397
74 73 64 128 0.125453
75 73 64 128 0.108156
76 73 64 128 0.0935892
77 73 64 128 0.0552697
78 73 64 128 0.0568734
79 73 64 128 0.0443883
80 73 64 128 0.0328668
81 73 64 128 0.0219945
82 73 64 128 0.0193847
83 73 64 128 0.0158381
84 73 64 128 0.0146011
85 73 64 128 0.0200389
86 73 64 128 0.0242969
87 73 64 128 0.0273966
88 73 64 128 0.0367317
89 73 64 128 0.0452438
90 73 64 128 0.0537901
91 73 64 128 0.0526873
92 73 64 128 0.0539632
93 73 64 128 0.0465965
94 73 64 128 0.0399817
95 73 64 128 0.0273654
96 73 64 128 0.0206284
97 73 64 128 0.0173331
98 73 64 128 0.0156898
99 73 64 128 0.0148779
100 73 64 128 0.0157999
101 73 64 128 0.0172757
102 73 64 128 0.0192143
103 73 64 128 0.015577
104 73 64 128 0.0142354
105 73 64 128 0.014908
106 73 64 128 0.0127825
107 73 64 128 0.0111926
253 73 64 128 0.0105455
254 73 64 128 0.0123166
255 73 64 128 0.0149788
8 74 64 128 0.0103343
12 74 64 128 0.0119197
32 74 64 128 0.0146229
33 74 64 128 0.0175769
34 74 64 128 0.019406
35 74 64 128 0.0251319
36 74 64 128 0.0247799
37 74 64 128 0.0232673
38 74 64 128 0.0231614
39 74 64 128 0.0284362
40 74 64 128 0.0292571
41 74 64 128 0.0263813
42 74 64 128 0.0242479
43 74 64 128 0.0223907
44 74 64 128 0.0222472
45 74 64 128 0.0210046
46 74 64 128 0.0298888
47 74 64 128 0.0471504
48 74 64 128 0.0844712
49 74 64 128 0.0869904
50 74 64 128 0.0645311
51 74 64 128 0.0406064
52 74 64 128 0.030994
53 74 64 128 0.0255568
54 74 64 128 0.0361598
55 74 64 128 0.0555438
56 74 64 128 0.0588491
57 74 64 128 0.0491775
58 74 64 128 0.0530195
59 74 64 128 0.0475395
60 74 64 128 0.0598212
61 74 64 128 0.0547078
62 74 64 128 0.0405952
63 74 64 128 0.0228779
64 74 64 128 0.0155128
67 74 64 128 0.010194
68 74 64 128 0.0141669
69 74 64 128 0.0224754
70 74 64 128 0.0396745
71 74 64 128 0.0595135
72 74 64 128 0.0891884
73 74 64 128 0.107672
74 74 64 128 0.137426
75 74 64 128 0.110293
76 74 64 128 0.0870779
77 74 64 128 0.0572573
78 74 64 128 0.0596367
79 74 64 128 0.0499072
80 74 64 128 0.0441785
81 74 64 128 0.0287106
82 74 64 128 0.0238254
83 74 64 128 0.0185334
84 74 64 128 0.0179686
85 74 64 128 0.0241727
86 74 64 128 0.0291657
87 74 64 128 0.031478
88 74 64 128 0.0397476
89 74 64 128 0.0433157
90 74 64 128 0.0498806
91 74 64 128 0.0499678
92 74 64 128 0.0542224
93 74 64 128 0.0501207
94 74 64 128 0.0456154
95 74 64 128 0.0353857
96 74 64 128 0.0265158
97 74 64 128 0.0207998
98 74 64 128 0.0185104
99 74 64 128 0.0186753
100 74 64 128 0.0193564
101 74 64 128 0.02137
102 74 64 128 0.0212218
103 74 64 128 0.0180471
104 74 64 128 0.0159189
105 74 64 128 0.0155943
106 74 64 128 0.0141735
107 74 64 128 0.0124832
108 74 64 128 0.0114017
251 74 64 128 0.0120465
252 74 64 128 0.0113941
253 74 64 128 0.0159415
254 74 64 128 0.0190042
255 74 64 128 0.0218783
27 75 64 128 0.0107125
28 75 64 128 0.010913
29 75 64 128 0.0101033
31 75 64 128 0.0146559
32 75 64 128 0.0210722
33 75 64 128 0.0241318
34 75 64 128 0.0272979
35 75 64 128 0.029277
36 75 64 128 0.0279926
37 75 64 128 0.027511
38 75 64 128 0.0266212
39 75 64 128 0.032745
40 75 64 128 0.0330396
41 75 64 128 0.0300927
42 75 64 128 0.026828
43 75 64 128 0.0236948
44 75 64 128 0.0247692
45 75 64 128 0.0244826
46 75 64 128 0.0334187
47 75 64 128 0.0488916
48 75 64 128 0.0840483
49 75 64 128 0.0854841
50 75 64 128 0.0697106
51 75 64 128 0.0455771
52 75 64 128 0.035339
53 75 64 128 0.0266787
54 75 64 128 0.0390983
55 75 64 128 0.0531448
56 75 64 128 0.0612615
57 75 64 128 0.0503088
58 75 64 128 0.0568498
59 75 64 128 0.0574722
60 75 64 128 0.0728153
61 75 64 128 0.0603282
62 75 64 128 0.0452572
63 75 64 128 0.026792
64 75 64 128 0.0172752
65 75 64 128 0.0104691
67 75 64 128 0.0121807
68 75 64 128 0.0166299
69 75 64 128 0.0243539
70 75 64 128 0.0407127
71 75 64 128 0.0687642
72 75 64 128 0.104798
73 75 64 128 0.117428
74 75 64 128 0.144583
75 75 64 128 0.120138
76 75 64 128 0.105534
77 75 64 128 0.0766916
78 75 64 128 0.0855362
79 75 64 128 0.0687754
80 75 64 128 0.0581502
81 75 64 128 0.0387185
82 75 64 128 0.0304002
83 75 64 128 0.0265823
84 75 64 128 0.0250489
85 75 64 128 0.0321518
86 75 64 128 0.0389076
87 75 64 128 0.0407126
88 75 64 128 0.0509515
89 75 64 128 0.0528565
90 75 64 128 0.0676121
91 75 64 128 0.0640816
92 75 64 128 0.068622
93 75 64 128 0.062112
94 75 64 128 0.0603943
95 75 64 128 0.0448364
96 75 64 128 0.0332405
97 75 64 128 0.0269214
98 75 64 128 0.0231213
99 75 64 128 0.0213688
100 75 64 128 0.0202172
101 75 64 128 0.0224616
102 75 64 128 0.0202855
103 75 64 128 0.0163632
104 75 64 128 0.0130513
105 75 64 128 0.0126156
106 75 64 128 0.0119895
107 75 64 128 0.0107204
108 75 64 128 0.0100107
132 75 64 128 0.0105379
250 75 64 128 0.0118937
251 75 64 128 0.0155671
252 75 64 128 0.0151254
253 75 64 128 0.0204651
254 75 64 128 0.025496
255 75 64 128 0.0293713
24 76 64 128 0.0155904
25 76 64 128 0.0135933
26 76 64 128 0.0137203
27 76 64 128 0.0155153
28 76 64 128 0.0189134
29 76 64 128 0.0176344
30 76 64 128 0.0160651
31 76 64 128 0.0224491
32 76 64 128 0.0339372
33 76 64 128 0.0326301
34 76 64 128 0.0424455
35 76 64 128 0.0480396
36 76 64 128 0.0492044
37 76 64 128 0.0475451
38 76 64 128 0.0498144
39 76 64 128 0.0547751
40 76 64 128 0.0618601
41 76 64 128 0.0563017
42 76 64 128 0.0533661
43 76 64 128 0.0467149
44 76 64 128 0.0503912
45 76 64 128 0.0462951
46 76 64 128 0.0577106
47 76 64 128 0.0914694
48 76 64 128 0.145625
49 76 64 128 0.156155
50 76 64 128 0.131249
51 76 64 128 0.0771381
52 76 64 128 0.0584484
53 76 64 128 0.0457701
54 76 64 128 0.0653309
55 76 64 128 0.085504
56 76 64 128 0.0790563
57 76 64 128 0.0580225
58 76 64 128 0.0563734
59 76 64 128 0.0581076
60 76 64 128 0.0665427
61 76 64 128 0.0558402
62 76 64 128 0.0407709
63 76 64 128 0.0244573
64 76 64 128 0.0143103
67 76 64 128 0.0103221
68 76 64 128 0.0146508
69 76 64 128 0.0214561
70 76 64 128 0.0369936
71 76 64 128 0.0604976
72 76 64 128 0.0864018
73 76 64 128 0.101574
74 76 64 128 0.128138
75 76 64 128 0.114064
76 76 64 128 0.103918
77 76 64 128 0.0751248
78 76 64 128 0.0775264
79 76 64 128 0.0722677
80 76 64 128 0.0627475
81 76 64 128 0.0473367
82 76 64 128 0.038189
83 76 64 128 0.0319956
84 76 64 128 0.0284661
85 76 64 128 0.0403035
86 76 64 128 0.0432193
87 76 64 128 0.0434748
88 76 64 128 0.0469603
89 76 64 128 0.0507191
90 76 64 128 0.0623512
91 76 64 128 0.0560671
92 76 64 128 0.0600924
93 76 64 128 0.0574828
94 76 64 128 0.0573366
95 76 64 128 0.045354
96 76 64 128 0.0360418
97 76 64 128 0.0293143
98 76 64 128 0.0238904
99 76 64 128 0.020238
100 76 64 128 0.0193216
101 76 64 128 0.0210885
102 76 64 128 0.0200491
103 76 64 128 0.014625
104 76 64 128 0.011718
105 76 64 128 0.0112169
106 76 64 128 0.0109354
107 76 64 128 0.0109528
108 76 64 128 0.0100326
130 76 64 128 0.0135765
131 76 64 128 0.0166385
132 76 64 128 0.0191524
133 76 64 128 0.0140333
250 76 64 128 0.0110315
251 76 64 128 0.0133539
252 76 64 128 0.0139618
253 76 64 128 0.0192374
254 76 64 128 0.0247447
255 76 64 128 0.0308532
12 77 64 128 0.0118529
13 77 64 128 0.0110304
15 77 64 128 0.0110955
16 77 64 128 0.0101293
23 77 64 128 0.0138434
24 77 64 128 0.0219392
25 77 64 128 0.0219731
26 77 64 128 0.0213921
27 77 64 128 0.027111
28 77 64 128 0.0335615
29 77 64 128 0.0325453
30 77 64 128 0.0291486
31 77 64 128 0.0340583
32 77 64 128 0.0486207
33 77 64 128 0.0423436
34 77 64 128 0.053045
35 77 64 128 0.0543922
36 77 64 128 0.0734505
37 77 64 128 0.0691179
38 77 64 128 0.0733841
39 77 64 128 0.0810259
40 77 64 128 0.0846741
41 77 64 128 0.0915286
42 77 64 128 0.0841244
43 77 64 128 0.0800128
44 77 64 128 0.0783568
45 77 64 128 0.0782603
46 77 64 128 0.0850265
47 77 64 128 0.125685
48 77 64 128 0.173906
49 77 64 128 0.170498
50 77 64 128 0.147296
51 77 64 128 0.0959683
52 77 64 128 0.0729996
53 77 64 128 0.0517093
54 77 64 128 0.0668915
55 77 64 128 0.0875625
56 77 64 128 0.0772012
57 77 64 128 0.0583787
58 77 64 128 0.0648966
59 77 64 128 0.06265
60 77 64 128 0.06302
61 77 64 128 0.0568398
62 77 64 128 0.0481025
63 77 64 128 0.0261772
64 77 64 128 0.0156199
65 77 64 128 0.0103864
67 77 64 128 0.0117028
68 77 64 128 0.0147531
69 77 64 128 0.0222341
70 77 64 128 0.0370703
71 77 64 128 0.055651
72 77 64 128 0.0809316
73 77 64 128 0.0972401
74 77 64 128 0.121073
75 77 64 128 0.107112
76 77 64 128 0.103508
77 77 64 128 0.0813622
78 77 64 128 0.0873511
79 77 64 128 0.0858674
80 77 64 128 0.0760665
81 77 64 128 0.0576467
82 77 64 128 0.0487504
83 77 64 128 0.0379623
84 77 64 128 0.0339915
85 77 64 128 0.0438206
86 77 64 128 0.0470363
87 77 64 128 0.0490379
88 77 64 128 0.0556595
89 77 64 128 0.0591953
90 77 64 128 0.0685417
91 77 64 128 0.0659482
92 77 64 128 0.07308
93 77 64 128 0.0701647
94 77 64 128 0.0652715
95 77 64 128 0.0520951
96 77 64 128 0.0377355
97 77 64 128 0.0313537
98 77 64 128 0.0244755
99 77 64 128 0.0196613
100 77 64 128 0.0162812
101 77 64 128 0.0167664
102 77 64 128 0.0150732
103 77 64 128 0.0109737
129 77 64 128 0.0140494
130 77 64 128 0.0190958
131 77 64 128 0.0240574
132 77 64 128 0.0260413
133 77 64 128 0.0196833
134 77 64 128 0.0111058
249 77 64 128 0.0134128
250 77 64 128 0.015591
251 77 64 128 0.0199902
252 77 64 128 0.0219323
253 77 64 128 0.0261693
254 77 64 128 0.0308537
255 77 64 128 0.0394583
12 78 64 128 0.0111217
13 78 64 128 0.0114321
14 78 64 128 0.0115836
15 78 64 128 0.0126886
16 78 64 128 0.0122702
17 78 64 128 0.0114955
21 78 64 128 0.0102847
22 78 64 128 0.0137248
23 78 64 128 0.024534
24 78 64 128 0.0382763
25 78 64 128 0.0403161
26 78 64 128 0.043599
27 78 64 128 0.0556742
28 78 64 128 0.0657726
29 78 64 128 0.0627213
30 78 64 128 0.0572175
31 78 64 128 0.0645033
32 78 64 128 0.0793748
33 78 64 128 0.0760124
34 78 64 128 0.0818421
35 78 64 128 0.0903261
36 78 64 128 0.110294
37 78 64 128 0.102762
38 78 64 128 0.110304
39 78 64 128 0.116967
40 78 64 128 0.135011
41 78 64 128 0.146543
42 78 64 128 0.144619
43 78 64 128 0.133612
44 78 64 128 0.152731
45 78 64 128 0.157027
46 78 64 128 0.176104
47 78 64 128 0.223258
48 78 64 128 0.305166
49 78 64 128 0.301478
50 78 64 128 0.237464
51 78 64 128 0.168012
52 78 64 128 0.122598
53 78 64 128 0.0854704
54 78 64 128 0.0949956
55 78 64 128 0.104961
56 78 64 128 0.0790397
57 78 64 128 0.0541132
58 78 64 128 0.0582101
59 78 64 128 0.0574813
60 78 64 128 0.0558702
61 78 64 128 0.0471675
62 78 64 128 0.034361
63 78 64 128 0.0220549
64 78 64 128 0.0136329
67 78 64 128 0.0112211
68 78 64 128 0.0140786
69 78 64 128 0.0203498
70 78 64 128 0.0300015
71 78 64 128 0.0398481
72 78 64 128 0.0550186
73 78 64 128 0.0715516
74 78 64 128 0.0881429
75 78 64 128 0.0861615
76 78 64 128 0.0949423
77 78 64 128 0.0837217
78 78 64 128 0.0993005
79 78 64 128 0.101298
80 78 64 128 0.092845
81 78 64 128 0.0780075
82 78 64 128 0.062441
83 78 64 128 0.0474746
84 78 64 128 0.0424109
85 78 64 128 0.0516381
86 78 64 128 0.0477794
87 78 64 128 0.0473476
88 78 64 128 0.0499685
89 78 64 128 0.0531311
90 78 64 128 0.0628057
91 78 64 128 0.0561484
92 78 64 128 0.0598229
93 78 64 128 0.0621578
94 78 64 128 0.0643273
95 78 64 128 0.0549354
96 78 64 128 0.0433475
97 78 64 128 0.0345924
98 78 64 128 0.0268736
99 78 64 128 0.0209496
100 78 64 128 0.0173232
101 78 64 128 0.0169999
102 78 64 128 0.0144089
103 78 64 128 0.0109363
128 78 64 128 0.0123401
129 78 64 128 0.0226082
130 78 64 128 0.0301898
131 78 64 128 0.0389195
132 78 64 128 0.0390458
133 78 64 128 0.0308853
134 78 64 128 0.0160492
249 78 64 128 0.0146426
250 78 64 128 0.0154408
251 78 64 128 0.023573
252 78 64 128 0.0263281
253 78 64 128 0.0332576
254 78 64 128 0.0427228
255 78 64 128 0.0520719
13 79 64 128 0.0105262
14 79 64 128 0.0111318
15 79 64 128 0.014254
16 79 64 128 0.013983
17 79 64 128 0.0133449
18 79 64 128 0.0101188
19 79 64 128 0.0114706
20 79 64 128 0.0120852
21 79 64 128 0.0141778
22 79 64 128 0.0194566
23 79 64 128 0.0320751
24 79 64 128 0.0508568
25 79 64 128 0.0554644
26 79 64 128 0.0611672
27 79 64 128 0.075969
28 79 64 128 0.0809199
29 79 64 128 0.0914569
30 79 64 128 0.0796519
31 79 64 128 0.0845403
32 79 64 128 0.0926971
33 79 64 128 0.0857841
34 79 64 128 0.0830424
35 79 64 128 0.10318
36 79 64 128 0.118526
37 79 64 128 0.120327
38 79 64 128 0.116732
39 79 64 128 0.131975
40 79 64 128 0.166584
41 79 64 128 0.185859
42 79 64 128 0.184889
43 79 64 128 0.18298
44 79 64 128 0.193532
45 79 64 128 0.174919
46 79 64 128 0.202928
47 79 64 128 0.267254
48 79 64 128 0.342743
49 79 64 128 0.340467
50 79 64 128 0.266243
51 79 64 128 0.173266
52 79 64 128 0.126797
53 79 64 128 0.0815457
54 79 64 128 0.0893286
55 79 64 128 0.081778
56 79 64 128 0.071332
57 79 64 128 0.0420491
58 79 64 128 0.0477934
59 79 64 128 0.0456072
60 79 64 128 0.0439242
61 79 64 128 0.0347761
62 79 64 128 0.0256608
63 79 64 128 0.0151911
64 79 64 128 0.0104018
68 79 64 128 0.0117701
69 79 64 128 0.0155909
70 79 64 128 0.0245666
71 79 64 128 0.02947
72 79 64 128 0.0445696
73 79 64 128 0.0547495
74 79 64 128 0.0706061
75 79 64 128 0.075598
76 79 64 128 0.0832453
77 79 64 128 0.0794721
78 79 64 128 0.109523
79 79 64 128 0.11899
80 79 64 128 0.121552
81 79 64 128 0.0990558
82 79 64 128 0.092686
83 79 64 128 0.0720039
84 79 64 128 0.0676852
85 79 64 128 0.0708492
86 79 64 128 0.0707587
87 79 64 128 0.0679343
88 79 64 128 0.0625683
89 79 64 128 0.0563751
90 79 64 128 0.0674102
91 79 64 128 0.0685136
92 79 64 128 0.0657924
93 79 64 128 0.066599
94 79 64 128 0.067788
95 79 64 128 0.05574
96 79 64 128 0.0455858
97 79 64 128 0.0363266
98 79 64 128 0.0263614
99 79 64 128 0.0199701
100 79 64 128 0.0157615
101 79 64 128 0.0160669
102 79 64 128 0.0123194
128 79 64 128 0.013852
129 79 64 128 0.0281247
130 79 64 128 0.0381575
131 79 64 128 0.0537332
132 79 64 128 0.0488002
133 79 64 128 0.0415776
134 79 64 128 0.0203099
135 79 64 128 0.0104819
247 79 64 128 0.0116098
248 79 64 128 0.014625
249 79 64 128 0.0223745
250 79 64 128 0.0287811
251 79 64 128 0.0381013
252 79 64 128 0.0397836
253 79 64 128 0.0468552
254 79 64 128 0.062858
255 79 64 128 0.0699166
13 80 64 128 0.0115264
14 80 64 128 0.012188
15 80 64 128 0.0158016
16 80 64 128 0.0171327
17 80 64 128 0.0159502
18 80 64 128 0.0126702
19 80 64 128 0.0136091
20 80 64 128 0.0158544
21 80 64 128 0.0172768
22 80 64 128 0.0255204
23 80 64 128 0.0452598
24 80 64 128 0.0769866
25 80 64 128 0.0847603
26 80 64 128 0.0854425
27 80 64 128 0.0987239
28 80 64 128 0.108699
29 80 64 128 0.112993
30 80 64 128 0.0960986
31 80 64 128 0.107239
32 80 64 128 0.122118
33 80 64 128 0.110069
34 80 64 128 0.109142
35 80 64 128 0.123372
36 80 64 128 0.147977
37 80 64 128 0.15611
38 80 64 128 0.177185
39 80 64 128 0.20271
40 80 64 128 0.258205
41 80 64 128 0.293816
42 80 64 128 0.325323
43 80 64 128 0.319968
44 80 64 128 0.322971
45 80 64 128 0.296887
46 80 64 128 0.311228
47 80 64 128 0.369603
48 80 64 128 0.46069
49 80 64 128 0.454966
50 80 64 128 0.372367
51 80 64 128 0.26574
52 80 64 128 0.182158
53 80 64 128 0.132267
54 80 64 128 0.126222
55 80 64 128 0.109046
56 80 64 128 0.0802428
57 80 64 128 0.0435793
58 80 64 128 0.0424257
59 80 64 128 0.0385029
60 80 64 128 0.0335714
61 80 64 128 0.0272633
62 80 64 128 0.0195532
63 80 64 128 0.0114341
68 80 64 128 0.0107955
69 80 64 128 0.0141331
70 80 64 128 0.0192809
71 80 64 128 0.0228663
72 80 64 128 0.0327579
73 80 64 128 0.0450833
74 80 64 128 0.0603023
75 80 64 128 0.0666005
76 80 64 128 0.0803181
77 80 64 128 0.0863567
78 80 64 128 0.123556
79 80 64 128 0.139383
80 80 64 128 0.136128
81 80 64 128 0.125614
82 80 64 128 0.115231
83 80 64 128 0.0891331
84 80 64 128 0.0688977
85 80 64 128 0.0701509
86 80 64 128 0.0633983
87 80 64 128 0.0560241
88 80 64 128 0.0489095
89 80 64 128 0.0456921
90 80 64 128 0.0482436
91 80 64 128 0.0493735
92 80 64 128 0.0473332
93 80 64 128 0.050327
94 80 64 128 0.060577
95 80 64 128 0.0484993
96 80 64 128 0.0426718
97 80 64 128 0.0318256
98 80 64 128 0.0232452
99 80 64 128 0.0162157
100 80 64 128 0.0131539
101 80 64 128 0.0122838
102 80 64 128 0.010339
128 80 64 128 0.0122078
129 80 64 128 0.0266672
130 80 64 128 0.0384962
131 80 64 128 0.046614
132 80 64 128 0.0445242
133 80 64 128 0.0365632
134 80 64 128 0.0214995
135 80 64 128 0.0116336
247 80 64 128 0.0127784
248 80 64 128 0.0166005
249 80 64 128 0.0269218
250 80 64 128 0.0325442
251 80 64 128 0.0412043
252 80 64 128 0.0384859
253 80 64 128 0.0429371
254 80 64 128 0.0534086
255 80 64 128 0.0681596
8 81 64 128 0.0105762
12 81 64 128 0.0119973
13 81 64 128 0.015135
14 81 64 128 0.0153605
15 81 64 128 0.0205471
16 81 64 128 0.0219416
17 81 64 128 0.0218372
18 81 64 128 0.014697
19 81 64 128 0.0158063
20 81 64 128 0.017
21 81 64 128 0.0193781
22 81 64 128 0.0219864
23 81 64 128 0.0406199
24 81 64 128 0.0711715
25 81 64 128 0.0776952
26 81 64 128 0.0761774
27 81 64 128 0.0950056
28 81 64 128 0.118239
29 81 64 128 0.111222
30 81 64 128 0.0875283
31 81 64 128 0.0920863
32 81 64 128 0.0931458
33 81 64 128 0.09102
34 81 64 128 0.0934459
35 81 64 128 0.10775
36 81 64 128 0.125211
37 81 64 128 0.13517
38 81 64 128 0.150224
39 81 64 128 0.182563
40 81 64 128 0.216595
41 81 64 128 0.27092
42 81 64 128 0.300238
43 81 64 128 0.298068
44 81 64 128 0.319659
45 81 64 128 0.303245
46 81 64 128 0.320076
47 81 64 128 0.380222
48 81 64 128 0.410033
49 81 64 128 0.370822
50 81 64 128 0.314955
51 81 64 128 0.232506
52 81 64 128 0.159936
53 81 64 128 0.105644
54 81 64 128 0.107477
55 81 64 128 0.0946013
56 81 64 128 0.0663296
57 81 64 128 0.0381204
58 81 64 128 0.0382963
59 81 64 128 0.0360373
60 81 64 128 0.0321198
61 81 64 128 0.024866
62 81 64 128 0.0187843
63 81 64 128 0.0109161
68 81 64 128 0.0104129
69 81 64 128 0.0128914
70 81 64 128 0.0156689
71 81 64 128 0.0167317
72 81 64 128 0.0212384
73 81 64 128 0.0307042
74 81 64 128 0.0457604
75 81 64 128 0.0489834
76 81 64 128 0.0618689
77 81 64 128 0.0712483
78 81 64 128 0.115329
79 81 64 128 0.142837
80 81 64 128 0.166567
81 81 64 128 0.151746
82 81 64 128 0.151081
83 81 64 128 0.117159
84 81 64 128 0.0981667
85 81 64 128 0.0905637
86 81 64 128 0.0739767
87 81 64 128 0.061475
88 81 64 128 0.0508048
89 81 64 128 0.0445889
90 81 64 128 0.0454001
91 81 64 128 0.0433788
92 81 64 128 0.045486
93 81 64 128 0.0490678
94 81 64 128 0.0497678
95 81 64 128 0.0430116
96 81 64 128 0.0338702
97 81 64 128 0.0270504
98 81 64 128 0.018576
99 81 64 128 0.0134222
100 81 64 128 0.0105619
128 81 64 128 0.0101131
129 81 64 128 0.0187024
130 81 64 128 0.0249383
131 81 64 128 0.0339208
132 81 64 128 0.0306997
133 81 64 128 0.0229175
134 81 64 128 0.0126943
154 81 64 128 0.011927
155 81 64 128 0.0116445
156 81 64 128 0.0122767
247 81 64 128 0.0157794
248 81 64 128 0.0234008
249 81 64 128 0.0315605
250 81 64 128 0.0416537
251 81 64 128 0.0546486
252 81 64 128 0.0495261
253 81 64 128 0.0458091
254 81 64 128 0.0574585
255 81 64 128 0.0662867
6 82 64 128 0.0115951
7 82 64 128 0.011811
8 82 64 128 0.012373
9 82 64 128 0.0111034
10 82 64 128 0.0112028
11 82 64 128 0.0105931
12 82 64 128 0.0136182
13 82 64 128 0.0168966
14 82 64 128 0.0204464
15 82 64 128 0.0278901
16 82 64 128 0.0271018
17 82 64 128 0.0237066
18 82 64 128 0.0183194
19 82 64 128 0.0186088
20 82 64 128 0.0195882
21 82 64 128 0.0230382
22 82 64 128 0.026499
23 82 64 128 0.0488255
24 82 64 128 0.081933
25 82 64 128 0.106745
26 82 64 128 0.105468
27 82 64 128 0.113244
28 82 64 128 0.131977
29 82 64 128 0.142715
30 82 64 128 0.107815
31 82 64 128 0.111902
32 82 64 128 0.111609
33 82 64 128 0.109568
34 82 64 128 0.109477
35 82 64 128 0.13251
36 82 64 128 0.152672
37 82 64 128 0.164596
38 82 64 128 0.171663
39 82 64 128 0.189131
40 82 64 128 0.214068
41 82 64 128 0.254792
42 82 64 128 0.263667
43 82 64 128 0.269955
44 82 64 128 0.300771
45 82 64 128 0.276951
46 82 64 128 0.329615
47 82 64 128 0.340227
48 82 64 128 0.38325
49 82 64 128 0.361005
50 82 64 128 0.317029
51 82 64 128 0.246485
52 82 64 128 0.171995
53 82 64 128 0.118244
54 82 64 128 0.114732
55 82 64 128 0.0962114
56 82 64 128 0.0619332
57 82 64 128 0.0330985
58 82 64 128 0.029617
59 82 64 128 0.0295574
60 82 64 128 0.0271049
61 82 64 128 0.0221317
62 82 64 128 0.0149544
70 82 64 128 0.0114291
71 82 64 128 0.0126015
72 82 64 128 0.0155188
73 82 64 128 0.020412
74 82 64 128 0.0314533
75 82 64 128 0.0369129
76 82 64 128 0.0500339
77 82 64 128 0.0679013
78 82 64 128 0.111227
79 82 64 128 0.140793
80 82 64 128 0.158828
81 82 64 128 0.161226
82 82 64 128 0.140815
83 82 64 128 0.118318
84 82 64 128 0.09689
85 82 64 128 0.0783125
86 82 64 128 0.0593823
87 82 64 128 0.0440318
88 82 64 128 0.0365512
89 82 64 128 0.0297485
90 82 64 128 0.031047
91 82 64 128 0.0279824
92 82 64 128 0.0303854
93 82 64 128 0.0320162
94 82 64 128 0.0373164
95 82 64 128 0.0325282
96 82 64 128 0.0266944
97 82 64 128 0.0199795
98 82 64 128 0.0158891
99 82 64 128 0.0125067
128 82 64 128 0.0120739
129 82 64 128 0.023702
130 82 64 128 0.0294372
131 82 64 128 0.0420056
132 82 64 128 0.0399955
133 82 64 128 0.0269105
134 82 64 128 0.0144043
151 82 64 128 0.0122539
152 82 64 128 0.0159508
153 82 64 128 0.0163322
154 82 64 128 0.0198435
155 82 64 128 0.0202061
156 82 64 128 0.0207606
157 82 64 128 0.0132081
158 82 64 128 0.011155
246 82 64 128 0.0108384
247 82 64 128 0.0240935
248 82 64 128 0.0304512
249 82 64 128 0.0445822
250 82 64 128 0.0472272
251 82 64 128 0.0519988
252 82 64 128 0.0490181
253 82 64 128 0.0432002
254 82 64 128 0.0431371
255 82 64 128 0.0508428
6 83 64 128 0.0102143
7 83 64 128 0.012032
8 83 64 128 0.0121981
9 83 64 128 0.0116084
10 83 64 128 0.0109069
11 83 64 128 0.0112339
12 83 64 128 0.0140724
13 83 64 128 0.0164117
14 83 64 128 0.0191888
15 83 64 128 0.0268712
16 83 64 128 0.0253239
17 83 64 128 0.021195
18 83 64 128 0.0142819
19 83 64 128 0.0142789
20 83 64 128 0.0141228
21 83 64 128 0.0170044
22 83 64 128 0.0196374
23 83 64 128 0.034473
24 83 64 128 0.0601409
25 83 64 128 0.0786179
26 83 64 128 0.092353
27 83 64 128 0.0945937
28 83 64 128 0.112294
29 83 64 128 0.11338
30 83 64 128 0.104492
31 83 64 128 0.110665
32 83 64 128 0.0963661
33 83 64 128 0.0894564
34 83 64 128 0.0894996
35 83 64 128 0.109056
36 83 64 128 0.119227
37 83 64 128 0.12886
38 83 64 128 0.121651
39 83 64 128 0.134217
40 83 64 128 0.139861
41 83 64 128 0.184226
42 83 64 128 0.174779
43 83 64 128 0.180171
44 83 64 128 0.199984
45 83 64 128 0.207908
46 83 64 128 0.231741
47 83 64 128 0.267382
48 83 64 128 0.292912
49 83 64 128 0.275546
50 83 64 128 0.237928
51 83 64 128 0.179592
52 83 64 128 0.131391
53 83 64 128 0.0831135
54 83 64 128 0.0867226
55 83 64 128 0.0767776
56 83 64 128 0.0557329
57 83 64 128 0.0293946
58 83 64 128 0.0267558
59 83 64 128 0.0255577
60 83 64 128 0.0248792
61 83 64 128 0.0176441
62 83 64 128 0.0138103
73 83 64 128 0.0112571
74 83 64 128 0.0177268
75 83 64 128 0.0204883
76 83 64 128 0.0331148
77 83 64 128 0.0436762
78 83 64 128 0.078036
79 83 64 128 0.114524
80 83 64 128 0.136871
81 83 64 128 0.141174
82 83 64 128 0.14114
83 83 64 128 0.112374
84 83 64 128 0.087465
85 83 64 128 0.0730069
86 83 64 128 0.0582909
87 83 64 128 0.0453193
88 83 64 128 0.0350821
89 83 64 128 0.02815
90 83 64 128 0.0295423
91 83 64 128 0.027745
92 83 64 128 0.030217
93 83 64 128 0.0318759
94 83 64 128 0.036136
95 83 64 128 0.0319688
96 83 64 128 0.0267763
97 83 64 128 0.0189395
98 83 64 128 0.0149071
99 83 64 128 0.0116349
128 83 64 128 0.0148378
129 83 64 128 0.0251495
130 83 64 128 0.0297046
131 83 64 128 0.0410904
132 83 64 128 0.0343065
133 83 64 128 0.025111
134 83 64 128 0.0141084
135 83 64 128 0.0107898
150 83 64 128 0.0103581
151 83 64 128 0.0148705
152 83 64 128 0.020252
153 83 64 128 0.0202688
154 83 64 128 0.0227102
155 83 64 128 0.0241177
156 83 64 128 0.0227854
157 83 64 128 0.0165851
158 83 64 128 0.0132953
222 83 64 128 0.0101312
223 83 64 128 0.0105568
246 83 64 128 0.0139983
247 83 64 128 0.0280767
248 83 64 128 0.0379034
249 83 64 128 0.0464599
250 83 64 128 0.054304
251 83 64 128 0.0496069
252 83 64 128 0.041644
253 83 64 128 0.0328608
254 83 64 128 0.0342879
255 83 64 128 0.0408466
6 84 64 128 0.0138627
7 84 64 128 0.0138087
8 84 64 128 0.0148288
9 84 64 128 0.013297
10 84 64 128 0.0126147
11 84 64 128 0.0130049
12 84 64 128 0.014316
13 84 64 128 0.0157047
14 84 64 128 0.0180369
15 84 64 128 0.0221608
16 84 64 128 0.0206792
17 84 64 128 0.018686
18 84 64 128 0.0134813
19 84 64 128 0.0125179
20 84 64 128 0.0114594
21 84 64 128 0.0121794
22 84 64 128 0.0158266
23 84 64 128 0.0282681
24 84 64 128 0.0498258
25 84 64 128 0.0619637
26 84 64 128 0.0683575
27 84 64 128 0.0746696
28 84 64 128 0.0963066
29 84 64 128 0.104095
30 84 64 128 0.0917563
31 84 64 128 0.0958392
32 84 64 128 0.0968966
33 84 64 128 0.096761
34 84 64 128 0.0900011
35 84 64 128 0.100628
36 84 64 128 0.125649
37 84 64 128 0.135468
38 84 64 128 0.14743
39 84 64 128 0.148666
40 84 64 128 0.165768
41 84 64 128 0.175691
42 84 64 128 0.177475
43 84 64 128 0.168352
44 84 64 128 0.173725
45 84 64 128 0.159948
46 84 64 128 0.177026
47 84 64 128 0.208062
48 84 64 128 0.222353
49 84 64 128 0.206725
50 84 64 128 0.193634
51 84 64 128 0.157086
52 84 64 128 0.134624
53 84 64 128 0.0940337
54 84 64 128 0.0828904
55 84 64 128 0.072109
56 84 64 128 0.045675
57 84 64 128 0.0264691
58 84 64 128 0.0231261
59 84 64 128 0.0220396
60 84 64 128 0.0219099
61 84 64 128 0.015525
62 84 64 128 0.0123171
74 84 64 128 0.0125868
75 84 64 128 0.0166893
76 84 64 128 0.0260371
77 84 64 128 0.0378464
78 84 64 128 0.063459
79 84 64 128 0.0989603
80 84 64 128 0.11063
81 84 64 128 0.111157
82 84 64 128 0.102162
83 84 64 128 0.0842864
84 84 64 128 0.0603137
85 84 64 128 0.0451206
86 84 64 128 0.0334833
87 84 64 128 0.023395
88 84 64 128 0.0187658
89 84 64 128 0.0150438
90 84 64 128 0.0158413
91 84 64 128 0.0159837
92 84 64 128 0.0179094
93 84 64 128 0.0184973
94 84 64 128 0.0227541
95 84 64 128 0.019449
96 84 64 128 0.0180112
97 84 64 128 0.0149572
98 84 64 128 0.0132657
128 84 64 128 0.0156421
129 84 64 128 0.0274053
130 84 64 128 0.0294382
131 84 64 128 0.0354872
132 84 64 128 0.0293159
133 84 64 128 0.0201403
134 84 64 128 0.0135111
149 84 64 128 0.0112881
150 84 64 128 0.0164768
151 84 64 128 0.0202407
152 84 64 128 0.0308107
153 84 64 128 0.0324701
154 84 64 128 0.0334281
155 84 64 128 0.0307554
156 84 64 128 0.0280011
157 84 64 128 0.018991
158 84 64 128 0.014128
222 84 64 128 0.010435
223 84 64 128 0.0110644
224 84 64 128 0.0109865
246 84 64 128 0.0153669
247 84 64 128 0.0303991
248 84 64 128 0.0387473
249 84 64 128 0.0481725
250 84 64 128 0.0482741
251 84 64 128 0.0413642
252 84 64 128 0.0357977
253 84 64 128 0.0251412
254 84 64 128 0.0230818
255 84 64 128 0.0261521
7 85 64 128 0.0125177
8 85 64 128 0.0137139
9 85 64 128 0.0126595
10 85 64 128 0.0114153
11 85 64 128 0.0112862
12 85 64 128 0.0128559
13 85 64 128 0.0130986
14 85 64 128 0.0146121
15 85 64 128 0.017734
16 85 64 128 0.0180821
17 85 64 128 0.0147292
22 85 64 128 0.0103352
23 85 64 128 0.0193668
24 85 64 128 0.0315183
25 85 64 128 0.0437699
26 85 64 128 0.0467136
27 85 64 128 0.0549875
28 85 64 128 0.0709966
29 85 64 128 0.0825241
30 85 64 128 0.0804128
31 85 64 128 0.0857071
32 85 64 128 0.0758178
33 85 64 128 0.0710251
34 85 64 128 0.0683957
35 85 64 128 0.0838623
36 85 64 128 0.111718
37 85 64 128 0.127025
38 85 64 128 0.122689
39 85 64 128 0.132355
40 85 64 128 0.142657
41 85 64 128 0.158447
42 85 64 128 0.153525
43 85 64 128 0.138939
44 85 64 128 0.136526
45 85 64 128 0.122499
46 85 64 128 0.130297
47 85 64 128 0.139195
48 85 64 128 0.14369
49 85 64 128 0.153625
50 85 64 128 0.149075
51 85 64 128 0.122961
52 85 64 128 0.115655
53 85 64 128 0.0789731
54 85 64 128 0.0712786
55 85 64 128 0.0629178
56 85 64 128 0.040966
57 85 64 128 0.0254492
58 85 64 128 0.0231028
59 85 64 128 0.0204109
60 85 64 128 0.0203384
61 85 64 128 0.0136086
62 85 64 128 0.0111962
75 85 64 128 0.0106618
76 85 64 128 0.0164546
77 85 64 128 0.0284632
78 85 64 128 0.0468417
79 85 64 128 0.0670075
80 85 64 128 0.0834005
81 85 64 128 0.0773645
82 85 64 128 0.0762843
83 85 64 128 0.0618336
84 85 64 128 0.0472535
85 85 64 128 0.0350445
86 85 64 128 0.0239568
87 85 64 128 0.0181928
88 85 64 128 0.0139173
89 85 64 128 0.0122392
90 85 64 128 0.0125795
91 85 64 128 0.0135168
92 85 64 128 0.0149519
93 85 64 128 0.0146757
94 85 64 128 0.0166062
95 85 64 128 0.0166278
96 85 64 128 0.013211
97 85 64 128 0.0112593
128 85 64 128 0.0111161
129 85 64 128 0.0185498
130 85 64 128 0.0196325
131 85 64 128 0.0217544
132 85 64 128 0.0157962
133 85 64 128 0.0115757
150 85 64 128 0.0115961
151 85 64 128 0.0171807
152 85 64 128 0.0247201
153 85 64 128 0.0277675
154 85 64 128 0.0311371
155 85 64 128 0.031556
156 85 64 128 0.0293341
157 85 64 128 0.0193107
158 85 64 128 0.0140298
223 85 64 128 0.0107459
245 85 64 128 0.013158
246 85 64 128 0.0186535
247 85 64 128 0.0313253
248 85 64 128 0.039934
249 85 64 128 0.0504053
250 85 64 128 0.0493948
251 85 64 128 0.0379063
252 85 64 128 0.0287606
253 85 64 128 0.0206742
254 85 64 128 0.0204587
255 85 64 128 0.0199421
6 86 64 128 0.0125038
7 86 64 128 0.0155104
8 86 64 128 0.0164809
9 86 64 128 0.015582
10 86 64 128 0.0141966
11 86 64 128 0.0132131
12 86 64 128 0.013741
13 86 64 128 0.0139715
14 86 64 128 0.0155514
15 86 64 128 0.0176249
16 86 64 128 0.0168004
17 86 64 128 0.0131389
23 86 64 128 0.0122869
24 86 64 128 0.0186134
25 86 64 128 0.0282667
26 86 64 128 0.0327621
27 86 64 128 0.0384646
28 86 64 128 0.0478726
29 86 64 128 0.0617466
30 86 64 128 0.0621283
31 86 64 128 0.0633658
32 86 64 128 0.0548476
33 86 64 128 0.0509411
34 86 64 128 0.0511901
35 86 64 128 0.0658948
36 86 64 128 0.082926
37 86 64 128 0.0930439
38 86 64 128 0.0934489
39 86 64 128 0.0936158
40 86 64 128 0.100913
41 86 64 128 0.103024
42 86 64 128 0.107852
43 86 64 128 0.100749
44 86 64 128 0.0977209
45 86 64 128 0.0807326
46 86 64 128 0.0973145
47 86 64 128 0.113677
48 86 64 128 0.122053
49 86 64 128 0.128037
50 86 64 128 0.122426
51 86 64 128 0.0966045
52 86 64 128 0.0870157
53 86 64 128 0.0704385
54 86 64 128 0.0616069
55 86 64 128 0.0551854
56 86 64 128 0.0353052
57 86 64 128 0.0229977
58 86 64 128 0.0203041
59 86 64 128 0.019631
60 86 64 128 0.0173162
61 86 64 128 0.0119144
76 86 64 128 0.0108083
77 86 64 128 0.0190216
78 86 64 128 0.0313746
79 86 64 128 0.0486906
80 86 64 128 0.056622
81 86 64 128 0.0547031
82 86 64 128 0.0507827
83 86 64 128 0.0390641
84 86 64 128 0.0265214
85 86 64 128 0.0174888
86 86 64 128 0.0120696
87 86 64 128 0.01007
93 86 64 128 0.0101468
94 86 64 128 0.0129832
95 86 64 128 0.0121543
96 86 64 128 0.0111351
128 86 64 128 0.0123507
129 86 64 128 0.0179888
130 86 64 128 0.0182336
131 86 64 128 0.0178397
132 86 64 128 0.0148345
150 86 64 128 0.0104029
151 86 64 128 0.0140901
152 86 64 128 0.0206819
153 86 64 128 0.0245557
154 86 64 128 0.0283994
155 86 64 128 0.0298631
156 86 64 128 0.0276697
157 86 64 128 0.0197549
158 86 64 128 0.0137716
223 86 64 128 0.0114658
224 86 64 128 0.0104293
243 86 64 128 0.0111589
244 86 64 128 0.0127817
245 86 64 128 0.0206867
246 86 64 128 0.0284713
247 86 64 128 0.0540016
248 86 64 128 0.0602844
249 86 64 128 0.068875
250 86 64 128 0.0580303
251 86 64 128 0.0494377
252 86 64 128 0.0337084
253 86 64 128 0.0237871
254 86 64 128 0.0208947
255 86 64 128 0.0189544
7 87 64 128 0.0123502
8 87 64 128 0.0148338
9 87 64 128 0.0132613
10 87 64 128 0.014397
11 87 64 128 0.0135753
12 87 64 128 0.0143639
13 87 64 128 0.0147871
14 87 64 128 0.0145952
15 87 64 128 0.0166288
16 87 64 128 0.0145796
17 87 64 128 0.0113833
24 87 64 128 0.010744
25 87 64 128 0.0156109
26 87 64 128 0.0180914
27 87 64 128 0.0219679
28 87 64 128 0.0252739
29 87 64 128 0.0313973
30 87 64 128 0.033031
31 87 64 128 0.0321492
32 87 64 128 0.0283933
33 87 64 128 0.0264229
34 87 64 128 0.0258663
35 87 64 128 0.0312125
36 87 64 128 0.0427883
37 87 64 128 0.0502198
38 87 64 128 0.0485236
39 87 64 128 0.0534928
40 87 64 128 0.0569304
41 87 64 128 0.0667194
42 87 64 128 0.0661992
43 87 64 128 0.0609456
44 87 64 128 0.0557922
45 87 64 128 0.0542281
46 87 64 128 0.0602386
47 87 64 128 0.0712824
48 87 64 128 0.0843153
49 87 64 128 0.0825426
50 87 64 128 0.0886909
51 87 64 128 0.0777009
52 87 64 128 0.0653641
53 87 64 128 0.050211
54 87 64 128 0.0439668
55 87 64 128 0.041883
56 87 64 128 0.0299338
57 87 64 128 0.0176384
58 87 64 128 0.0161974
59 87 64 128 0.0157882
60 87 64 128 0.0150439
61 87 64 128 0.0108512
77 87 64 128 0.0145014
78 87 64 128 0.0246399
79 87 64 128 0.0357133
80 87 64 128 0.040839
81 87 64 128 0.0386836
82 87 64 128 0.0389437
83 87 64 128 0.0286327
84 87 64 128 0.0219662
85 87 64 128 0.0152492
86 87 64 128 0.0112288
94 87 64 128 0.0101054
95 87 64 128 0.0106571
129 87 64 128 0.0122151
130 87 64 128 0.0102724
131 87 64 128 0.010994
151 87 64 128 0.0121247
152 87 64 128 0.0171123
153 87 64 128 0.0238869
154 87 64 128 0.0286395
155 87 64 128 0.0282422
156 87 64 128 0.0275977
157 87 64 128 0.0196227
158 87 64 128 0.0132878
243 87 64 128 0.0129158
244 87 64 128 0.0164794
245 87 64 128 0.0268864
246 87 64 128 0.0360771
247 87 64 128 0.0600457
248 87 64 128 0.0747477
249 87 64 128 0.0729456
250 87 64 128 0.0712621
251 87 64 128 0.0566909
252 87 64 128 0.0410833
253 87 64 128 0.0257111
254 87 64 128 0.0233147
255 87 64 128 0.0217745
6 88 64 128 0.0144522
7 88 64 128 0.0188747
8 88 64 128 0.0229526
9 88 64 128 0.0184539
10 88 64 128 0.0168135
11 88 64 128 0.0153264
12 88 64 128 0.0141018
13 88 64 128 0.0130838
14 88 64 128 0.0120707
15 88 64 128 0.0133202
16 88 64 128 0.011687
25 88 64 128 0.0112851
26 88 64 128 0.0110593
27 88 64 128 0.0132088
28 88 64 128 0.0178066
29 88 64 128 0.0209141
30 88 64 128 0.0201959
31 88 64 128 0.0204307
32 88 64 128 0.0179115
33 88 64 128 0.0171786
34 88 64 128 0.0164635
35 88 64 128 0.0199751
36 88 64 128 0.0262826
37 88 64 128 0.0331411
38 88 64 128 0.0338042
39 88 64 128 0.0366686
40 88 64 128 0.0414791
41 88 64 128 0.048007
42 88 64 128 0.0519637
43 88 64 128 0.0489876
44 88 64 128 0.0456677
45 88 64 128 0.0385434
46 88 64 128 0.0398459
47 88 64 128 0.0420064
48 88 64 128 0.0504426
49 88 64 128 0.0483684
50 88 64 128 0.0478547
51 88 64 128 0.0422448
52 88 64 128 0.0404514
53 88 64 128 0.0359025
54 88 64 128 0.0303006
55 88 64 128 0.0280454
56 88 64 128 0.0208207
57 88 64 128 0.0149732
58 88 64 128 0.0122814
59 88 64 128 0.0130575
60 88 64 128 0.0124852
77 88 64 128 0.0135552
78 88 64 128 0.021134
79 88 64 128 0.0315806
80 88 64 128 0.0340714
81 88 64 128 0.0320836
82 88 64 128 0.0267489
83 88 64 128 0.0226089
84 88 64 128 0.0165422
85 88 64 128 0.0107758
152 88 64 128 0.0161733
153 88 64 128 0.0220813
154 88 64 128 0.030339
155 88 64 128 0.0294208
156 88 64 128 0.0303087
157 88 64 128 0.0214966
158 88 64 128 0.0156767
159 88 64 128 0.0104422
243 88 64 128 0.014401
244 88 64 128 0.0201307
245 88 64 128 0.0302379
246 88 64 128 0.0409765
247 88 64 128 0.071583
248 88 64 128 0.0753319
249 88 64 128 0.0875446
250 88 64 128 0.0770197
251 88 64 128 0.0584446
252 88 64 128 0.0435933
253 88 64 128 0.028206
254 88 64 128 0.0233052
255 88 64 128 0.0209505
6 89 64 128 0.0122872
7 89 64 128 0.0153144
8 89 64 128 0.0200766
9 89 64 128 0.0165289
10 89 64 128 0.0162347
11 89 64 128 0.0154497
12 89 64 128 0.0152777
13 89 64 128 0.0128643
14 89 64 128 0.0125924
15 89 64 128 0.0127265
16 89 64 128 0.0108842
30 89 64 128 0.0102131
31 89 64 128 0.0107308
32 89 64 128 0.0106646
34 89 64 128 0.0100875
35 89 64 128 0.0136056
36 89 64 128 0.0184851
37 89 64 128 0.0228194
38 89 64 128 0.0218518
39 89 64 128 0.0235012
40 89 64 128 0.0297317
41 89 64 128 0.0318904
42 89 64 128 0.0337493
43 89 64 128 0.0311442
44 89 64 128 0.0317001
45 89 64 128 0.0266099
46 89 64 128 0.0254231
47 89 64 128 0.0270325
48 89 64 128 0.0313299
49 89 64 128 0.0327066
50 89 64 128 0.035624
51 89 64 128 0.0347054
52 89 64 128 0.0335333
53 89 64 128 0.026676
54 89 64 128 0.0242263
55 89 64 128 0.0204522
56 89 64 128 0.0160942
57 89 64 128 0.0112916
77 89 64 128 0.0108917
78 89 64 128 0.017465
79 89 64 128 0.0253234
80 89 64 128 0.0278314
81 89 64 128 0.0271512
82 89 64 128 0.0231552
83 89 64 128 0.019709
84 89 64 128 0.0141771
85 89 64 128 0.0100126
152 89 64 128 0.0109624
153 89 64 128 0.0159278
154 89 64 128 0.0218036
155 89 64 128 0.0211969
156 89 64 128 0.0193249
157 89 64 128 0.0152413
158 89 64 128 0.0115126
243 89 64 128 0.0133636
244 89 64 128 0.0188818
245 89 64 128 0.0317781
246 89 64 128 0.0431699
247 89 64 128 0.0672508
248 89 64 128 0.0848744
249 89 64 128 0.0932079
250 89 64 128 0.0858532
251 89 64 128 0.0683919
252 89 64 128 0.0530862
253 89 64 128 0.0353839
254 89 64 128 0.0267609
255 89 64 128 0.0258835
1 90 64 128 0.0102051
6 90 64 128 0.0157773
7 90 64 128 0.0209058
8 90 64 128 0.0289032
9 90 64 128 0.0253577
10 90 64 128 0.0246543
11 90 64 128 0.0202177
12 90 64 128 0.0186469
13 90 64 128 0.0159709
14 90 64 128 0.0149178
15 90 64 128 0.0132854
16 90 64 128 0.010748
35 90 64 128 0.0121995
36 90 64 128 0.0150533
37 90 64 128 0.0166563
38 90 64 128 0.0141764
39 90 64 128 0.0159993
40 90 64 128 0.0197604
41 90 64 128 0.0222875
42 90 64 128 0.023715
43 90 64 128 0.0232027
44 90 64 128 0.0213396
45 90 64 128 0.0170993
46 90 64 128 0.0171476
47 90 64 128 0.0182513
48 90 64 128 0.0216163
49 90 64 128 0.0210691
50 90 64 128 0.0241499
51 90 64 128 0.0251755
52 90 64 128 0.025505
53 90 64 128 0.0242673
54 90 64 128 0.021611
55 90 64 128 0.0165782
56 90 64 128 0.0133013
77 90 64 128 0.0103188
78 90 64 128 0.0154278
79 90 64 128 0.02054
80 90 64 128 0.0216081
81 90 64 128 0.0216266
82 90 64 128 0.0171645
83 90 64 128 0.0143194
84 90 64 128 0.0102099
153 90 64 128 0.0118606
154 90 64 128 0.0174264
155 90 64 128 0.0166244
156 90 64 128 0.0149511
157 90 64 128 0.0116983
243 90 64 128 0.0157768
244 90 64 128 0.0212624
245 90 64 128 0.0385183
246 90 64 128 0.0476459
247 90 64 128 0.0751825
248 90 64 128 0.0864804
249 90 64 128 0.105425
250 90 64 128 0.0858155
251 90 64 128 0.073359
252 90 64 128 0.057395
253 90 64 128 0.0422008
254 90 64 128 0.0373773
255 90 64 128 0.0334056
6 91 64 128 0.0151546
7 91 64 128 0.0240479
8 91 64 128 0.0331685
9 91 64 128 0.0299992
10 91 64 128 0.0283489
11 91 64 128 0.0222359
12 91 64 128 0.0208327
13 91 64 128 0.0156542
14 91 64 128 0.0138289
15 91 64 128 0.0125222
16 91 64 128 0.0108954
36 91 64 128 0.0104785
37 91 64 128 0.0108688
39 91 64 128 0.0105944
40 91 64 128 0.0128545
41 91 64 128 0.01549
42 91 64 128 0.0167242
43 91 64 128 0.0150318
44 91 64 128 0.0149391
45 91 64 128 0.0137999
46 91 64 128 0.0132962
47 91 64 128 0.0131045
48 91 64 128 0.0141733
49 91 64 128 0.0146094
50 91 64 128 0.0163004
51 91 64 128 0.0187564
52 91 64 128 0.0185297
53 91 64 128 0.0167074
54 91 64 128 0.0154532
55 91 64 128 0.0118217
78 91 64 128 0.0131483
79 91 64 128 0.0151319
80 91 64 128 0.0168717
81 91 64 128 0.0162927
82 91 64 128 0.0148511
83 91 64 128 0.0120219
154 91 64 128 0.0144393
155 91 64 128 0.0134005
156 91 64 128 0.0109819
243 91 64 128 0.01208
244 91 64 128 0.0178237
245 91 64 128 0.0284634
246 91 64 128 0.0361424
247 91 64 128 0.058883
248 91 64 128 0.0781999
249 91 64 128 0.0919327
250 91 64 128 0.0838192
251 91 64 128 0.0709773
252 91 64 128 0.0531745
253 91 64 128 0.04019
254 91 64 128 0.0326491
255 91 64 128 0.026616
6 92 64 128 0.0129482
7 92 64 128 0.0188188
8 92 64 128 0.0293927
9 92 64 128 0.0258968
10 92 64 128 0.0259665
11 92 64 128 0.019879
12 92 64 128 0.0167996
13 92 64 128 0.0126387
14 92 64 128 0.0111067
40 92 64 128 0.0102669
41 92 64 128 0.01273
42 92 64 128 0.0137128
43 92 64 128 0.0128099
44 92 64 128 0.0109523
48 92 64 128 0.0102555
49 92 64 128 0.0110643
50 92 64 128 0.0123944
51 92 64 128 0.0127901
52 92 64 128 0.0128999
53 92 64 128 0.0133962
54 92 64 128 0.0120528
78 92 64 128 0.0105606
79 92 64 128 0.0120131
80 92 64 128 0.0122873
81 92 64 128 0.0100973
114 92 64 128 0.0103325
154 92 64 128 0.0105269
244 92 64 128 0.0148066
245 92 64 128 0.0241362
246 92 64 128 0.0303229
247 92 64 128 0.0423895
248 92 64 128 0.0542733
249 92 64 128 0.0727659
250 92 64 128 0.0637486
251 92 64 128 0.0575166
252 92 64 128 0.0488161
253 92 64 128 0.0410223
254 92 64 128 0.0311788
255 92 64 128 0.0238831
7 93 64 128 0.0119886
8 93 64 128 0.0179661
9 93 64 128 0.0161337
10 93 64 128 0.0173328
11 93 64 128 0.0126852
12 93 64 128 0.0117461
112 93 64 128 0.0100789
244 93 64 128 0.0115386
245 93 64 128 0.0182971
246 93 64 128 0.0221635
247 93 64 128 0.0330978
248 93 64 128 0.044191
249 93 64 128 0.0555139
250 93 64 128 0.0515838
251 93 64 128 0.0499857
252 93 64 128 0.0499021
253 93 64 128 0.0423356
254 93 64 128 0.0305414
255 93 64 128 0.0249001
8 94 64 128 0.0141416
9 94 64 128 0.0123534
10 94 64 128 0.013291
245 94 64 128 0.0142564
246 94 64 128 0.0187212
247 94 64 128 0.0277903
248 94 64 128 0.0357143
249 94 64 128 0.0467029
250 94 64 128 0.0453924
251 94 64 128 0.0478077
252 94 64 128 0.050182
253 94 64 128 0.0456793
254 94 64 128 0.0370136
255 94 64 128 0.0274907
245 95 64 128 0.0100008
246 95 64 128 0.0145121
247 95 64 128 0.0232885
248 95 64 128 0.0333485
249 95 64 128 0.0419622
250 95 64 128 0.0396687
251 95 64 128 0.0453323
252 95 64 128 0.0505556
253 95 64 128 0.0482194
254 95 64 128 0.0376046
255 95 64 128 0.0267877
246 96 64 128 0.0101497
247 96 64 128 0.0170549
248 96 64 128 0.0240582
249 96 64 128 0.0328062
250 96 64 128 0.0340655
251 96 64 128 0.0385331
252 96 64 128 0.0416028
253 96 64 128 0.0364909
254 96 64 128 0.0320893
255 96 64 128 0.0236479
247 97 64 128 0.012967
248 97 64 128 0.0197883
249 97 64 128 0.0263994
250 97 64 128 0.0322611
251 97 64 128 0.0389004
252 97 64 128 0.0445712
253 97 64 128 0.0455813
254 97 64 128 0.0398244
255 97 64 128 0.0304682
248 98 64 128 0.0124507
249 98 64 128 0.0183014
250 98 64 128 0.0225344
251 98 64 128 0.0318276
252 98 64 128 0.0446583
253 98 64 128 0.0522158
254 98 64 128 0.0505317
255 98 64 128 0.0426962
249 99 64 128 0.0127776
250 99 64 128 0.0169553
251 99 64 128 0.0259346
252 99 64 128 0.0370999
253 99 64 128 0.046333
254 99 64 128 0.0507927
255 99 64 128 0.0518756
249 100 64 128 0.0109324
250 100 64 128 0.0160911
251 100 64 128 0.0267469
252 100 64 128 0.037785
253 100 64 128 0.0530109
254 100 64 128 0.0568479
255 100 64 128 0.0628508
249 101 64 128 0.0126373
250 101 64 128 0.020292
251 101 64 128 0.0323514
252 101 64 128 0.0506157
253 101 64 128 0.0756174
254 101 64 128 0.0891035
255 101 64 128 0.0904739
249 102 64 128 0.0100537
250 102 64 128 0.0162512
251 102 64 128 0.0316753
252 102 64 128 0.0516769
253 102 64 128 0.09208
254 102 64 128 0.113555
255 102 64 128 0.117833
250 103 64 128 0.0160346
251 103 64 128 0.032445
252 103 64 128 0.0562405
253 103 64 128 0.0935009
254 103 64 128 0.111949
255 103 64 128 0.124985
250 104 64 128 0.0117747
251 104 64 128 0.0256248
252 104 64 128 0.039121
253 104 64 128 0.0629892
254 104 64 128 0.0802862
255 104 64 128 0.101691
250 105 64 128 0.0111068
251 105 64 128 0.0200687
252 105 64 128 0.032647
253 105 64 128 0.0514596
254 105 64 128 0.0647094
255 105 64 128 0.0750088
251 106 64 128 0.012574
252 106 64 128 0.0175925
253 106 64 128 0.0312896
254 106 64 128 0.0396915
255 106 64 128 0.0516169
251 107 64 128 0.0104262
252 107 64 128 0.0142153
253 107 64 128 0.024194
254 107 64 128 0.0281382
255 107 64 128 0.0332369
253 108 64 128 0.0156242
254 108 64 128 0.0165424
255 108 64 128 0.0193966
253 109 64 128 0.0103191
254 109 64 128 0.0107826
255 109 64 128 0.0111502
