5 52 64 128 0.0134087
6 52 64 128 0.0155083
7 52 64 128 0.0160999
8 52 64 128 0.0135083
4 53 64 128 0.015516
5 53 64 128 0.018169
6 53 64 128 0.022988
7 53 64 128 0.0189632
8 53 64 128 0.0227428
9 53 64 128 0.0137651
10 53 64 128 0.0105486
3 54 64 128 0.0135738
4 54 64 128 0.0199568
5 54 64 128 0.0307965
6 54 64 128 0.0414487
7 54 64 128 0.0400837
8 54 64 128 0.0451485
9 54 64 128 0.0352188
10 54 64 128 0.0361405
11 54 64 128 0.0275718
12 54 64 128 0.0308251
13 54 64 128 0.022848
14 54 64 128 0.0198417
15 54 64 128 0.013792
3 55 64 128 0.0199176
4 55 64 128 0.0342854
5 55 64 128 0.0568769
6 55 64 128 0.0615501
7 55 64 128 0.0560602
8 55 64 128 0.0764847
9 55 64 128 0.0524117
10 55 64 128 0.0482491
11 55 64 128 0.0311923
12 55 64 128 0.0373147
13 55 64 128 0.0278643
14 55 64 128 0.0243679
15 55 64 128 0.0169073
16 55 64 128 0.0115545
3 56 64 128 0.0196821
4 56 64 128 0.0289218
5 56 64 128 0.0564741
6 56 64 128 0.0636094
7 56 64 128 0.0931107
8 56 64 128 0.103085
9 56 64 128 0.105398
10 56 64 128 0.0980515
11 56 64 128 0.0884938
12 56 64 128 0.100017
13 56 64 128 0.0843679
14 56 64 128 0.0804316
15 56 64 128 0.0590111
16 56 64 128 0.0352771
17 56 64 128 0.0211761
18 56 64 128 0.0130607
3 57 64 128 0.0175791
4 57 64 128 0.0290793
5 57 64 128 0.0455024
6 57 64 128 0.051669
7 57 64 128 0.0589189
8 57 64 128 0.0840542
9 57 64 128 0.0944153
10 57 64 128 0.0957324
11 57 64 128 0.078919
12 57 64 128 0.0893741
13 57 64 128 0.0672392
14 57 64 128 0.0533585
15 57 64 128 0.0376759
16 57 64 128 0.0235543
17 57 64 128 0.0140668
4 58 64 128 0.011849
5 58 64 128 0.0217365
6 58 64 128 0.0313016
7 58 64 128 0.0490533
8 58 64 128 0.0720045
9 58 64 128 0.0952687
10 58 64 128 0.10009
11 58 64 128 0.0981668
12 58 64 128 0.101161
13 58 64 128 0.0896921
14 58 64 128 0.0630896
15 58 64 128 0.0448642
16 58 64 128 0.0238585
17 58 64 128 0.012475
5 59 64 128 0.0100848
6 59 64 128 0.0132396
7 59 64 128 0.0201087
8 59 64 128 0.0380885
9 59 64 128 0.0401518
10 59 64 128 0.0396992
11 59 64 128 0.030896
12 59 64 128 0.0345279
13 59 64 128 0.0233954
14 59 64 128 0.0161967
15 59 64 128 0.0108924
8 60 64 128 0.0207869
9 60 64 128 0.0347062
10 60 64 128 0.0455341
11 60 64 128 0.0597908
12 60 64 128 0.0791182
13 60 64 128 0.059352
14 60 64 128 0.0359304
15 60 64 128 0.0233496
16 60 64 128 0.0129668
9 61 64 128 0.0158052
10 61 64 128 0.0218673
11 61 64 128 0.0260789
12 61 64 128 0.0262616
13 61 64 128 0.0200763
14 61 64 128 0.0130841
10 62 64 128 0.0154656
11 62 64 128 0.0198757
12 62 64 128 0.0271582
13 62 64 128 0.0224267
14 62 64 128 0.013821
244 64 64 128 0.0115462
245 64 64 128 0.0104433
244 65 64 128 0.0140401
245 65 64 128 0.0106342
243 66 64 128 0.0125603
244 66 64 128 0.0164493
245 66 64 128 0.0143291
246 66 64 128 0.0115702
