71 0 85 170 0.0107006
72 0 85 170 0.013179
73 0 85 170 0.0206143
74 0 85 170 0.0845031
75 0 85 170 0.158339
76 0 85 170 0.147392
77 0 85 170 0.0581981
164 0 85 170 0.014732
165 0 85 170 0.0144097
166 0 85 170 0.0125948
167 0 85 170 0.0152355
168 0 85 170 0.0298658
169 0 85 170 0.0633648
170 0 85 170 0.0518991
72 1 85 170 0.0102277
73 1 85 170 0.01614
74 1 85 170 0.0642186
75 1 85 170 0.12339
76 1 85 170 0.121223
77 1 85 170 0.0480997
164 1 85 170 0.0151682
165 1 85 170 0.0145874
166 1 85 170 0.0130477
167 1 85 170 0.0163916
168 1 85 170 0.0304808
169 1 85 170 0.0607535
170 1 85 170 0.0490304
70 2 85 170 0.0103754
71 2 85 170 0.0117687
72 2 85 170 0.012537
73 2 85 170 0.0203878
74 2 85 170 0.0631438
75 2 85 170 0.112573
76 2 85 170 0.108022
77 2 85 170 0.0416615
164 2 85 170 0.0139158
165 2 85 170 0.0129198
166 2 85 170 0.0115391
167 2 85 170 0.0145508
168 2 85 170 0.0256748
169 2 85 170 0.0512146
170 2 85 170 0.0419646
69 3 85 170 0.0109482
70 3 85 170 0.0127226
71 3 85 170 0.0143091
72 3 85 170 0.0149568
73 3 85 170 0.0246941
74 3 85 170 0.0698877
75 3 85 170 0.115159
76 3 85 170 0.101166
77 3 85 170 0.0378849
163 3 85 170 0.0102481
164 3 85 170 0.0159366
165 3 85 170 0.013901
166 3 85 170 0.0107689
167 3 85 170 0.0134271
168 3 85 170 0.0248704
169 3 85 170 0.047781
170 3 85 170 0.0391369
70 4 85 170 0.0104119
71 4 85 170 0.0126048
72 4 85 170 0.0120298
73 4 85 170 0.0198759
74 4 85 170 0.0559516
75 4 85 170 0.0882647
76 4 85 170 0.0721149
77 4 85 170 0.026854
163 4 85 170 0.0132962
164 4 85 170 0.021675
165 4 85 170 0.0187133
166 4 85 170 0.0132065
167 4 85 170 0.0167067
168 4 85 170 0.0331632
169 4 85 170 0.0589297
170 4 85 170 0.0469118
68 5 85 170 0.0116837
69 5 85 170 0.0114844
70 5 85 170 0.013118
71 5 85 170 0.0149572
72 5 85 170 0.0148331
73 5 85 170 0.0237167
74 5 85 170 0.0556575
75 5 85 170 0.0778567
76 5 85 170 0.0551897
77 5 85 170 0.0196136
163 5 85 170 0.011692
164 5 85 170 0.0205427
165 5 85 170 0.019
166 5 85 170 0.0148747
167 5 85 170 0.0179362
168 5 85 170 0.0344266
169 5 85 170 0.070288
170 5 85 170 0.0591709
171 5 85 170 0.0123254
68 6 85 170 0.0115889
69 6 85 170 0.0108338
70 6 85 170 0.0121654
71 6 85 170 0.0134983
72 6 85 170 0.0128358
73 6 85 170 0.02081
74 6 85 170 0.0441371
75 6 85 170 0.057862
76 6 85 170 0.0392303
77 6 85 170 0.013876
163 6 85 170 0.0123403
164 6 85 170 0.0213153
165 6 85 170 0.0203464
166 6 85 170 0.0162737
167 6 85 170 0.0185617
168 6 85 170 0.0343186
169 6 85 170 0.0703104
170 6 85 170 0.0599022
171 6 85 170 0.0135039
73 7 85 170 0.0129645
74 7 85 170 0.0263397
75 7 85 170 0.0342157
76 7 85 170 0.0242553
163 7 85 170 0.0126399
164 7 85 170 0.0222603
165 7 85 170 0.0203742
166 7 85 170 0.015829
167 7 85 170 0.0186327
168 7 85 170 0.0327709
169 7 85 170 0.0633922
170 7 85 170 0.0538947
171 7 85 170 0.0134652
74 8 85 170 0.0190774
75 8 85 170 0.0247513
76 8 85 170 0.0167893
164 8 85 170 0.019517
165 8 85 170 0.0168514
166 8 85 170 0.0134296
167 8 85 170 0.0174691
168 8 85 170 0.0287882
169 8 85 170 0.0586206
170 8 85 170 0.0513142
171 8 85 170 0.0133112
74 9 85 170 0.0124095
75 9 85 170 0.0155185
76 9 85 170 0.0102994
163 9 85 170 0.0115682
164 9 85 170 0.0196095
165 9 85 170 0.0169581
166 9 85 170 0.0131731
167 9 85 170 0.0167009
168 9 85 170 0.0290079
169 9 85 170 0.0568432
170 9 85 170 0.0488784
171 9 85 170 0.0125902
75 10 85 170 0.0109891
163 10 85 170 0.0108442
164 10 85 170 0.0183093
165 10 85 170 0.0156347
166 10 85 170 0.0127226
167 10 85 170 0.0162942
168 10 85 170 0.0272013
169 10 85 170 0.0573559
170 10 85 170 0.051227
171 10 85 170 0.0138324
75 11 85 170 0.0100369
164 11 85 170 0.0168919
165 11 85 170 0.0139595
166 11 85 170 0.0115344
167 11 85 170 0.0152393
168 11 85 170 0.0237598
169 11 85 170 0.0538605
170 11 85 170 0.0498632
171 11 85 170 0.0140435
164 12 85 170 0.0170662
165 12 85 170 0.0144087
166 12 85 170 0.0109529
167 12 85 170 0.0138358
168 12 85 170 0.0222858
169 12 85 170 0.0446095
170 12 85 170 0.039677
171 12 85 170 0.0112469
164 13 85 170 0.0141677
165 13 85 170 0.0127975
166 13 85 170 0.0108463
167 13 85 170 0.0137516
168 13 85 170 0.0209021
169 13 85 170 0.0384998
170 13 85 170 0.0338097
171 13 85 170 0.0101785
164 14 85 170 0.0121931
165 14 85 170 0.0107984
167 14 85 170 0.0119519
168 14 85 170 0.019294
169 14 85 170 0.0344929
170 14 85 170 0.0295615
71 15 85 170 0.0100055
74 15 85 170 0.0128356
75 15 85 170 0.0124782
164 15 85 170 0.011359
167 15 85 170 0.010097
168 15 85 170 0.0172945
169 15 85 170 0.0305867
170 15 85 170 0.0254347
65 16 85 170 0.0109934
66 16 85 170 0.0123219
70 16 85 170 0.0132165
71 16 85 170 0.0200003
72 16 85 170 0.0165603
73 16 85 170 0.0164584
74 16 85 170 0.0198164
75 16 85 170 0.0183373
168 16 85 170 0.0143824
169 16 85 170 0.0252636
170 16 85 170 0.0211397
65 17 85 170 0.0120063
66 17 85 170 0.0133087
67 17 85 170 0.011083
68 17 85 170 0.0114792
70 17 85 170 0.0184506
71 17 85 170 0.0283959
72 17 85 170 0.0207117
73 17 85 170 0.0211777
74 17 85 170 0.0246321
75 17 85 170 0.0209761
76 17 85 170 0.0109594
168 17 85 170 0.0107246
169 17 85 170 0.0175739
170 17 85 170 0.0141062
65 18 85 170 0.0123624
66 18 85 170 0.0141233
67 18 85 170 0.0126371
68 18 85 170 0.0135902
69 18 85 170 0.0116269
70 18 85 170 0.0257764
71 18 85 170 0.0378455
72 18 85 170 0.0273104
73 18 85 170 0.0273786
74 18 85 170 0.0299225
75 18 85 170 0.0236816
76 18 85 170 0.0118511
169 18 85 170 0.0140785
170 18 85 170 0.0107926
65 19 85 170 0.0113382
66 19 85 170 0.0133969
67 19 85 170 0.0122756
68 19 85 170 0.0128357
69 19 85 170 0.0136479
70 19 85 170 0.0289915
71 19 85 170 0.0403998
72 19 85 170 0.0297777
73 19 85 170 0.0280965
74 19 85 170 0.030288
75 19 85 170 0.0242387
76 19 85 170 0.0110897
169 19 85 170 0.01241
69 20 85 170 0.0112365
70 20 85 170 0.0239404
71 20 85 170 0.0329575
72 20 85 170 0.0242435
73 20 85 170 0.0213676
74 20 85 170 0.023857
75 20 85 170 0.020361
70 21 85 170 0.0206155
71 21 85 170 0.0303183
72 21 85 170 0.0244325
73 21 85 170 0.0218268
74 21 85 170 0.0218111
75 21 85 170 0.0169874
70 22 85 170 0.0154604
71 22 85 170 0.0235919
72 22 85 170 0.0194404
73 22 85 170 0.0172591
74 22 85 170 0.0157661
75 22 85 170 0.011234
71 23 85 170 0.0143878
72 23 85 170 0.0112029
86 0 64 128 0.0106414
87 0 64 128 0.0642728
88 0 64 128 0.121864
89 0 64 128 0.0707603
173 0 64 128 0.0104402
174 0 64 128 0.0137932
175 0 64 128 0.0115507
179 0 64 128 0.0106749
180 0 64 128 0.0588487
181 0 64 128 0.216037
182 0 64 128 0.194495
183 0 64 128 0.0921396
184 0 64 128 0.0147968
86 1 64 128 0.0131708
87 1 64 128 0.073554
88 1 64 128 0.119527
89 1 64 128 0.0643494
173 1 64 128 0.012966
174 1 64 128 0.0155787
175 1 64 128 0.0127583
179 1 64 128 0.0107814
180 1 64 128 0.0588033
181 1 64 128 0.20431
182 1 64 128 0.178398
183 1 64 128 0.0792297
184 1 64 128 0.0114673
86 2 64 128 0.0139266
87 2 64 128 0.0856878
88 2 64 128 0.118632
89 2 64 128 0.0582447
173 2 64 128 0.0157191
174 2 64 128 0.0182126
175 2 64 128 0.0142455
179 2 64 128 0.0139296
180 2 64 128 0.0727955
181 2 64 128 0.240287
182 2 64 128 0.200316
183 2 64 128 0.0786709
184 2 64 128 0.0123225
86 3 64 128 0.0151
87 3 64 128 0.0922733
88 3 64 128 0.117215
89 3 64 128 0.0569996
173 3 64 128 0.0228371
174 3 64 128 0.026934
175 3 64 128 0.0201456
179 3 64 128 0.0144945
180 3 64 128 0.0721656
181 3 64 128 0.212801
182 3 64 128 0.148846
183 3 64 128 0.0527778
86 4 64 128 0.0138915
87 4 64 128 0.087792
88 4 64 128 0.0960562
89 4 64 128 0.0510296
173 4 64 128 0.0229856
174 4 64 128 0.0263838
175 4 64 128 0.0207171
179 4 64 128 0.0142571
180 4 64 128 0.0716156
181 4 64 128 0.188119
182 4 64 128 0.138565
183 4 64 128 0.0508123
86 5 64 128 0.0148085
87 5 64 128 0.100014
88 5 64 128 0.0966106
89 5 64 128 0.0499357
173 5 64 128 0.0285114
174 5 64 128 0.0321644
175 5 64 128 0.0249713
176 5 64 128 0.0104973
179 5 64 128 0.016699
180 5 64 128 0.0744768
181 5 64 128 0.18457
182 5 64 128 0.126479
183 5 64 128 0.0429623
86 6 64 128 0.0151428
87 6 64 128 0.105762
88 6 64 128 0.101083
89 6 64 128 0.0531148
173 6 64 128 0.0328867
174 6 64 128 0.0371245
175 6 64 128 0.0293542
176 6 64 128 0.0126147
179 6 64 128 0.0214736
180 6 64 128 0.0975817
181 6 64 128 0.219418
182 6 64 128 0.154727
183 6 64 128 0.0511531
184 6 64 128 0.0104589
86 7 64 128 0.0203966
87 7 64 128 0.124175
88 7 64 128 0.120775
89 7 64 128 0.0589542
172 7 64 128 0.0116371
173 7 64 128 0.0508768
174 7 64 128 0.055175
175 7 64 128 0.0404014
176 7 64 128 0.0183061
177 7 64 128 0.0123215
178 7 64 128 0.0116356
179 7 64 128 0.0349493
180 7 64 128 0.138235
181 7 64 128 0.284687
182 7 64 128 0.174065
183 7 64 128 0.0602703
184 7 64 128 0.0100608
86 8 64 128 0.0234919
87 8 64 128 0.137035
88 8 64 128 0.132142
89 8 64 128 0.0613374
95 8 64 128 0.0102177
172 8 64 128 0.0116534
173 8 64 128 0.0520664
174 8 64 128 0.0554633
175 8 64 128 0.0384098
176 8 64 128 0.0199707
177 8 64 128 0.0131965
178 8 64 128 0.0131661
179 8 64 128 0.0384382
180 8 64 128 0.154827
181 8 64 128 0.273023
182 8 64 128 0.177094
183 8 64 128 0.0591207
184 8 64 128 0.0103628
86 9 64 128 0.0312883
87 9 64 128 0.162017
88 9 64 128 0.143027
89 9 64 128 0.059465
95 9 64 128 0.0130461
172 9 64 128 0.0104135
173 9 64 128 0.0496901
174 9 64 128 0.0484957
175 9 64 128 0.0385958
176 9 64 128 0.0189611
177 9 64 128 0.0143936
178 9 64 128 0.014997
179 9 64 128 0.045659
180 9 64 128 0.18047
181 9 64 128 0.318587
182 9 64 128 0.201928
183 9 64 128 0.064704
184 9 64 128 0.0111884
86 10 64 128 0.0355377
87 10 64 128 0.176616
88 10 64 128 0.143741
89 10 64 128 0.0590817
95 10 64 128 0.0194389
173 10 64 128 0.0357709
174 10 64 128 0.0416103
175 10 64 128 0.0341597
176 10 64 128 0.0192397
177 10 64 128 0.0170303
178 10 64 128 0.0215551
179 10 64 128 0.0682474
180 10 64 128 0.245752
181 10 64 128 0.409673
182 10 64 128 0.25646
183 10 64 128 0.0729833
184 10 64 128 0.0142713
85 11 64 128 0.0119621
86 11 64 128 0.0511011
87 11 64 128 0.215616
88 11 64 128 0.178603
89 11 64 128 0.0732329
90 11 64 128 0.0108481
94 11 64 128 0.0108806
95 11 64 128 0.0272971
96 11 64 128 0.0126733
173 11 64 128 0.0423446
174 11 64 128 0.045233
175 11 64 128 0.0443443
176 11 64 128 0.0249064
177 11 64 128 0.0266353
178 11 64 128 0.0306416
179 11 64 128 0.094206
180 11 64 128 0.291757
181 11 64 128 0.477153
182 11 64 128 0.266319
183 11 64 128 0.0839013
184 11 64 128 0.0147046
85 12 64 128 0.0163387
86 12 64 128 0.0631284
87 12 64 128 0.253013
88 12 64 128 0.196063
89 12 64 128 0.0733631
90 12 64 128 0.0111596
94 12 64 128 0.0130442
95 12 64 128 0.0298372
96 12 64 128 0.0132647
173 12 64 128 0.0339154
174 12 64 128 0.0394358
175 12 64 128 0.0431574
176 12 64 128 0.0296845
177 12 64 128 0.0328885
178 12 64 128 0.0362857
179 12 64 128 0.102996
180 12 64 128 0.326704
181 12 64 128 0.460848
182 12 64 128 0.248686
183 12 64 128 0.0721175
184 12 64 128 0.0147004
85 13 64 128 0.020131
86 13 64 128 0.0798894
87 13 64 128 0.276684
88 13 64 128 0.188252
89 13 64 128 0.0625821
90 13 64 128 0.0105298
94 13 64 128 0.0134814
95 13 64 128 0.0281037
96 13 64 128 0.0115434
173 13 64 128 0.0319549
174 13 64 128 0.0370757
175 13 64 128 0.0410533
176 13 64 128 0.0307338
177 13 64 128 0.0387826
178 13 64 128 0.0395327
179 13 64 128 0.113728
180 13 64 128 0.346503
181 13 64 128 0.478584
182 13 64 128 0.262424
183 13 64 128 0.0722857
184 13 64 128 0.0164247
85 14 64 128 0.0265882
86 14 64 128 0.0987607
87 14 64 128 0.308771
88 14 64 128 0.207318
89 14 64 128 0.0676254
90 14 64 128 0.0120711
94 14 64 128 0.0190473
95 14 64 128 0.0341326
96 14 64 128 0.0132887
173 14 64 128 0.0224741
174 14 64 128 0.0313181
175 14 64 128 0.0349638
176 14 64 128 0.0285345
177 14 64 128 0.0426531
178 14 64 128 0.0453196
179 14 64 128 0.126043
180 14 64 128 0.338439
181 14 64 128 0.475345
182 14 64 128 0.241494
183 14 64 128 0.0657921
184 14 64 128 0.017795
80 15 64 128 0.0120272
81 15 64 128 0.0115547
85 15 64 128 0.0408492
86 15 64 128 0.138399
87 15 64 128 0.363118
88 15 64 128 0.234645
89 15 64 128 0.070582
90 15 64 128 0.0128945
94 15 64 128 0.0195604
95 15 64 128 0.0362757
96 15 64 128 0.0132519
173 15 64 128 0.0224811
174 15 64 128 0.0284633
175 15 64 128 0.0315559
176 15 64 128 0.02732
177 15 64 128 0.0458027
178 15 64 128 0.0440386
179 15 64 128 0.114647
180 15 64 128 0.303163
181 15 64 128 0.425796
182 15 64 128 0.199729
183 15 64 128 0.0506993
184 15 64 128 0.0142146
80 16 64 128 0.0129517
81 16 64 128 0.0131289
84 16 64 128 0.0140767
85 16 64 128 0.0629324
86 16 64 128 0.196411
87 16 64 128 0.413468
88 16 64 128 0.235012
89 16 64 128 0.0675416
90 16 64 128 0.0141175
93 16 64 128 0.0111129
94 16 64 128 0.0249667
95 16 64 128 0.0389799
96 16 64 128 0.0133186
173 16 64 128 0.0144867
174 16 64 128 0.019293
175 16 64 128 0.0203127
176 16 64 128 0.0180111
177 16 64 128 0.0304655
178 16 64 128 0.030753
179 16 64 128 0.0820552
180 16 64 128 0.215912
181 16 64 128 0.294397
182 16 64 128 0.129004
183 16 64 128 0.0341924
80 17 64 128 0.0181715
81 17 64 128 0.0156909
82 17 64 128 0.0112921
83 17 64 128 0.0134576
84 17 64 128 0.0223407
85 17 64 128 0.093975
86 17 64 128 0.277406
87 17 64 128 0.472002
88 17 64 128 0.272907
89 17 64 128 0.0624094
90 17 64 128 0.013991
93 17 64 128 0.0120977
94 17 64 128 0.0267433
95 17 64 128 0.0386083
96 17 64 128 0.0137651
173 17 64 128 0.012379
174 17 64 128 0.014081
175 17 64 128 0.0156544
176 17 64 128 0.0129173
177 17 64 128 0.0207951
178 17 64 128 0.0228289
179 17 64 128 0.0544059
180 17 64 128 0.155632
181 17 64 128 0.19275
182 17 64 128 0.0779844
183 17 64 128 0.0232092
79 18 64 128 0.010141
80 18 64 128 0.016963
81 18 64 128 0.0156684
82 18 64 128 0.0113533
83 18 64 128 0.0150724
84 18 64 128 0.0262605
85 18 64 128 0.117887
86 18 64 128 0.310778
87 18 64 128 0.474916
88 18 64 128 0.223258
89 18 64 128 0.0525985
90 18 64 128 0.0122766
93 18 64 128 0.0141467
94 18 64 128 0.0301189
95 18 64 128 0.0401203
96 18 64 128 0.0126829
174 18 64 128 0.0121011
175 18 64 128 0.0145366
176 18 64 128 0.0113003
177 18 64 128 0.01867
178 18 64 128 0.0208021
179 18 64 128 0.0500936
180 18 64 128 0.146151
181 18 64 128 0.175673
182 18 64 128 0.0721788
183 18 64 128 0.0202541
79 19 64 128 0.0101845
80 19 64 128 0.0184777
81 19 64 128 0.0154729
82 19 64 128 0.0105407
83 19 64 128 0.0150783
84 19 64 128 0.0322527
85 19 64 128 0.139144
86 19 64 128 0.339781
87 19 64 128 0.471019
88 19 64 128 0.220996
89 19 64 128 0.0509157
90 19 64 128 0.0138652
93 19 64 128 0.0162263
94 19 64 128 0.0358544
95 19 64 128 0.0396484
96 19 64 128 0.0124315
174 19 64 128 0.0114593
175 19 64 128 0.0135258
176 19 64 128 0.0106889
177 19 64 128 0.0183057
178 19 64 128 0.0199707
179 19 64 128 0.0491759
180 19 64 128 0.122884
181 19 64 128 0.158985
182 19 64 128 0.0665018
183 19 64 128 0.0216326
187 19 64 128 0.0122216
188 19 64 128 0.0103114
189 19 64 128 0.0103642
80 20 64 128 0.0178982
81 20 64 128 0.0155705
82 20 64 128 0.0121333
83 20 64 128 0.0179419
84 20 64 128 0.0391775
85 20 64 128 0.146381
86 20 64 128 0.316045
87 20 64 128 0.400627
88 20 64 128 0.159277
89 20 64 128 0.0338726
90 20 64 128 0.0101329
93 20 64 128 0.015144
94 20 64 128 0.0305998
95 20 64 128 0.0327188
173 20 64 128 0.0122277
174 20 64 128 0.0163281
175 20 64 128 0.0190487
176 20 64 128 0.0134394
177 20 64 128 0.0253822
178 20 64 128 0.0290347
179 20 64 128 0.0709783
180 20 64 128 0.151651
181 20 64 128 0.183906
182 20 64 128 0.0747267
183 20 64 128 0.0272418
184 20 64 128 0.0119782
186 20 64 128 0.0107781
187 20 64 128 0.0168841
188 20 64 128 0.0129342
189 20 64 128 0.0130657
80 21 64 128 0.0185754
81 21 64 128 0.0142998
82 21 64 128 0.0116928
83 21 64 128 0.0155091
84 21 64 128 0.0343493
85 21 64 128 0.120996
86 21 64 128 0.272978
87 21 64 128 0.317472
88 21 64 128 0.112823
89 21 64 128 0.0220458
93 21 64 128 0.014012
94 21 64 128 0.0250251
95 21 64 128 0.0238104
173 21 64 128 0.0146114
174 21 64 128 0.0176676
175 21 64 128 0.020875
176 21 64 128 0.0129261
177 21 64 128 0.0231495
178 21 64 128 0.0266003
179 21 64 128 0.0748805
180 21 64 128 0.134976
181 21 64 128 0.17189
182 21 64 128 0.0709455
183 21 64 128 0.028868
184 21 64 128 0.0134091
185 21 64 128 0.0121999
186 21 64 128 0.015048
187 21 64 128 0.0258035
188 21 64 128 0.022617
189 21 64 128 0.0244086
80 22 64 128 0.0120397
81 22 64 128 0.0102145
83 22 64 128 0.014087
84 22 64 128 0.0282646
85 22 64 128 0.0985856
86 22 64 128 0.198311
87 22 64 128 0.222273
88 22 64 128 0.0642958
89 22 64 128 0.0141192
93 22 64 128 0.0163011
94 22 64 128 0.0260116
95 22 64 128 0.020614
173 22 64 128 0.0247069
174 22 64 128 0.0287554
175 22 64 128 0.0297191
176 22 64 128 0.018621
177 22 64 128 0.0332572
178 22 64 128 0.0395374
179 22 64 128 0.108685
180 22 64 128 0.168166
181 22 64 128 0.195149
182 22 64 128 0.0828647
183 22 64 128 0.034725
184 22 64 128 0.0180643
185 22 64 128 0.015224
186 22 64 128 0.0215263
187 22 64 128 0.0348848
188 22 64 128 0.02746
189 22 64 128 0.0277245
190 22 64 128 0.0111772
84 23 64 128 0.0205513
85 23 64 128 0.0717744
86 23 64 128 0.146337
87 23 64 128 0.151022
88 23 64 128 0.0449849
89 23 64 128 0.0108059
93 23 64 128 0.0186242
94 23 64 128 0.0262687
95 23 64 128 0.0187763
173 23 64 128 0.026941
174 23 64 128 0.0333051
175 23 64 128 0.0283486
176 23 64 128 0.0165786
177 23 64 128 0.0282634
178 23 64 128 0.0355295
179 23 64 128 0.101798
180 23 64 128 0.130953
181 23 64 128 0.157302
182 23 64 128 0.0675146
183 23 64 128 0.0342451
184 23 64 128 0.0188941
185 23 64 128 0.0188208
186 23 64 128 0.0271599
187 23 64 128 0.0463734
188 23 64 128 0.0391679
189 23 64 128 0.0420988
190 23 64 128 0.0169185
84 24 64 128 0.0226548
85 24 64 128 0.0680168
86 24 64 128 0.13631
87 24 64 128 0.108856
88 24 64 128 0.0298182
93 24 64 128 0.0168124
94 24 64 128 0.0234014
95 24 64 128 0.0159833
173 24 64 128 0.0366723
174 24 64 128 0.040844
175 24 64 128 0.0334838
176 24 64 128 0.0188479
177 24 64 128 0.0360321
178 24 64 128 0.0466399
179 24 64 128 0.132937
180 24 64 128 0.151102
181 24 64 128 0.177658
182 24 64 128 0.0708738
183 24 64 128 0.040331
184 24 64 128 0.019625
185 24 64 128 0.0218253
186 24 64 128 0.0280414
187 24 64 128 0.047817
188 24 64 128 0.0401403
189 24 64 128 0.0415493
190 24 64 128 0.0164268
84 25 64 128 0.0209913
85 25 64 128 0.0605245
86 25 64 128 0.116511
87 25 64 128 0.0831708
88 25 64 128 0.0229003
93 25 64 128 0.0231658
94 25 64 128 0.0298337
95 25 64 128 0.0175156
173 25 64 128 0.0342622
174 25 64 128 0.0370811
175 25 64 128 0.0301121
176 25 64 128 0.0163748
177 25 64 128 0.0266249
178 25 64 128 0.0362063
179 25 64 128 0.0927719
180 25 64 128 0.103507
181 25 64 128 0.113412
182 25 64 128 0.0517741
183 25 64 128 0.0316349
184 25 64 128 0.0195186
185 25 64 128 0.0217382
186 25 64 128 0.032296
187 25 64 128 0.0618566
188 25 64 128 0.0489282
189 25 64 128 0.0492037
190 25 64 128 0.0176371
191 25 64 128 0.0115884
83 26 64 128 0.0113439
84 26 64 128 0.0293845
85 26 64 128 0.076876
86 26 64 128 0.126325
87 26 64 128 0.0841205
88 26 64 128 0.0207151
92 26 64 128 0.0160681
93 26 64 128 0.0395932
94 26 64 128 0.0400349
95 26 64 128 0.0266244
172 26 64 128 0.0106499
173 26 64 128 0.0368646
174 26 64 128 0.0352139
175 26 64 128 0.0307024
176 26 64 128 0.0154188
177 26 64 128 0.0304785
178 26 64 128 0.0367818
179 26 64 128 0.103857
180 26 64 128 0.103562
181 26 64 128 0.122248
182 26 64 128 0.0460292
183 26 64 128 0.0344206
184 26 64 128 0.0215848
185 26 64 128 0.025364
186 26 64 128 0.0381462
187 26 64 128 0.0758541
188 26 64 128 0.0602077
189 26 64 128 0.054352
190 26 64 128 0.0200696
191 26 64 128 0.0128197
192 26 64 128 0.0103098
193 26 64 128 0.0106039
80 27 64 128 0.010592
82 27 64 128 0.0102332
83 27 64 128 0.0152286
84 27 64 128 0.0435503
85 27 64 128 0.104875
86 27 64 128 0.16254
87 27 64 128 0.0863551
88 27 64 128 0.0221766
91 27 64 128 0.0114283
92 27 64 128 0.0260872
93 27 64 128 0.0644158
94 27 64 128 0.0634329
95 27 64 128 0.0364954
172 27 64 128 0.0111966
173 27 64 128 0.0327624
174 27 64 128 0.0346391
175 27 64 128 0.0294253
176 27 64 128 0.0161097
177 27 64 128 0.0280863
178 27 64 128 0.0333625
179 27 64 128 0.0998411
180 27 64 128 0.102125
181 27 64 128 0.112596
182 27 64 128 0.0462807
183 27 64 128 0.0333527
184 27 64 128 0.0263134
185 27 64 128 0.0314388
186 27 64 128 0.0509421
187 27 64 128 0.0866983
188 27 64 128 0.0658829
189 27 64 128 0.0617136
190 27 64 128 0.023337
191 27 64 128 0.0161824
192 27 64 128 0.0146403
193 27 64 128 0.0188662
80 28 64 128 0.0154653
81 28 64 128 0.0144785
82 28 64 128 0.0161207
83 28 64 128 0.022895
84 28 64 128 0.0606457
85 28 64 128 0.148501
86 28 64 128 0.208321
87 28 64 128 0.1081
88 28 64 128 0.0270831
90 28 64 128 0.0112299
91 28 64 128 0.0180561
92 28 64 128 0.0521521
93 28 64 128 0.116405
94 28 64 128 0.102327
95 28 64 128 0.0525201
96 28 64 128 0.0115353
172 28 64 128 0.0161706
173 28 64 128 0.0453928
174 28 64 128 0.0428906
175 28 64 128 0.0380299
176 28 64 128 0.0212001
177 28 64 128 0.0411919
178 28 64 128 0.047797
179 28 64 128 0.127645
180 28 64 128 0.106004
181 28 64 128 0.111306
182 28 64 128 0.0416646
183 28 64 128 0.0316257
184 28 64 128 0.0209497
185 28 64 128 0.0303959
186 28 64 128 0.0468293
187 28 64 128 0.0770007
188 28 64 128 0.0556296
189 28 64 128 0.0519246
190 28 64 128 0.0201522
191 28 64 128 0.0134104
192 28 64 128 0.0127406
193 28 64 128 0.0131399
78 29 64 128 0.0126218
79 29 64 128 0.016501
80 29 64 128 0.0244675
81 29 64 128 0.021104
82 29 64 128 0.0240454
83 29 64 128 0.0346617
84 29 64 128 0.0949153
85 29 64 128 0.188711
86 29 64 128 0.250684
87 29 64 128 0.114901
88 29 64 128 0.0269743
89 29 64 128 0.0103582
90 29 64 128 0.013681
91 29 64 128 0.0220724
92 29 64 128 0.0638511
93 29 64 128 0.142709
94 29 64 128 0.134783
95 29 64 128 0.0634363
96 29 64 128 0.0147741
172 29 64 128 0.0164167
173 29 64 128 0.040344
174 29 64 128 0.0375379
175 29 64 128 0.0318727
176 29 64 128 0.0221638
177 29 64 128 0.0434815
178 29 64 128 0.0494989
179 29 64 128 0.123952
180 29 64 128 0.0991182
181 29 64 128 0.0897247
182 29 64 128 0.0360041
183 29 64 128 0.0317355
184 29 64 128 0.0251646
185 29 64 128 0.0304608
186 29 64 128 0.0499346
187 29 64 128 0.0791115
188 29 64 128 0.0743198
189 29 64 128 0.0665716
190 29 64 128 0.0253509
191 29 64 128 0.0195116
192 29 64 128 0.0167357
193 29 64 128 0.0187716
78 30 64 128 0.0202978
79 30 64 128 0.0284866
80 30 64 128 0.0364015
81 30 64 128 0.0307682
82 30 64 128 0.0332155
83 30 64 128 0.05084
84 30 64 128 0.10705
85 30 64 128 0.221965
86 30 64 128 0.251438
87 30 64 128 0.111489
88 30 64 128 0.0234172
89 30 64 128 0.0111078
90 30 64 128 0.0151137
91 30 64 128 0.032745
92 30 64 128 0.0851249
93 30 64 128 0.190208
94 30 64 128 0.148899
95 30 64 128 0.0723849
96 30 64 128 0.0168954
172 30 64 128 0.0213521
173 30 64 128 0.0489454
174 30 64 128 0.0431468
175 30 64 128 0.0410311
176 30 64 128 0.0249625
177 30 64 128 0.0477475
178 30 64 128 0.0508893
179 30 64 128 0.111379
180 30 64 128 0.0895359
181 30 64 128 0.0739004
182 30 64 128 0.0288769
183 30 64 128 0.0274946
184 30 64 128 0.0239345
185 30 64 128 0.0348006
186 30 64 128 0.0582277
187 30 64 128 0.0880198
188 30 64 128 0.0703609
189 30 64 128 0.0650041
190 30 64 128 0.0280169
191 30 64 128 0.0226212
192 30 64 128 0.0211343
193 30 64 128 0.0204095
77 31 64 128 0.012331
78 31 64 128 0.0254669
79 31 64 128 0.041847
80 31 64 128 0.0521247
81 31 64 128 0.0483286
82 31 64 128 0.0429885
83 31 64 128 0.0685284
84 31 64 128 0.141574
85 31 64 128 0.286373
86 31 64 128 0.2754
87 31 64 128 0.11858
88 31 64 128 0.0258416
89 31 64 128 0.0136464
90 31 64 128 0.0176487
91 31 64 128 0.0410999
92 31 64 128 0.123125
93 31 64 128 0.251427
94 31 64 128 0.170019
95 31 64 128 0.0724973
96 31 64 128 0.0154817
172 31 64 128 0.0266979
173 31 64 128 0.055117
174 31 64 128 0.0483015
175 31 64 128 0.0456877
176 31 64 128 0.0320666
177 31 64 128 0.0556045
178 31 64 128 0.0675719
179 31 64 128 0.126388
180 31 64 128 0.0827462
181 31 64 128 0.0719348
182 31 64 128 0.0296371
183 31 64 128 0.025475
184 31 64 128 0.0305883
185 31 64 128 0.04341
186 31 64 128 0.0759915
187 31 64 128 0.111671
188 31 64 128 0.098631
189 31 64 128 0.0866238
190 31 64 128 0.0427587
191 31 64 128 0.0346546
192 31 64 128 0.0291065
193 31 64 128 0.0288882
194 31 64 128 0.0102659
77 32 64 128 0.0186463
78 32 64 128 0.0390468
79 32 64 128 0.0605791
80 32 64 128 0.0624321
81 32 64 128 0.0549126
82 32 64 128 0.0544193
83 32 64 128 0.0836903
84 32 64 128 0.148986
85 32 64 128 0.314665
86 32 64 128 0.250895
87 32 64 128 0.100292
88 32 64 128 0.0210262
89 32 64 128 0.0138504
90 32 64 128 0.0216039
91 32 64 128 0.0515926
92 32 64 128 0.17225
93 32 64 128 0.317091
94 32 64 128 0.206076
95 32 64 128 0.0834432
96 32 64 128 0.0165978
171 32 64 128 0.018117
172 32 64 128 0.0487169
173 32 64 128 0.0926957
174 32 64 128 0.074719
175 32 64 128 0.0684296
176 32 64 128 0.0484353
177 32 64 128 0.0864729
178 32 64 128 0.100005
179 32 64 128 0.159504
180 32 64 128 0.0967689
181 32 64 128 0.0800471
182 32 64 128 0.0343971
183 32 64 128 0.0292078
184 32 64 128 0.0343643
185 32 64 128 0.0615623
186 32 64 128 0.113466
187 32 64 128 0.154035
188 32 64 128 0.136848
189 32 64 128 0.117655
190 32 64 128 0.0572194
191 32 64 128 0.0399608
192 32 64 128 0.0338679
193 32 64 128 0.0292469
77 33 64 128 0.0209658
78 33 64 128 0.0434882
79 33 64 128 0.062156
80 33 64 128 0.0804768
81 33 64 128 0.0675114
82 33 64 128 0.0713479
83 33 64 128 0.116598
84 33 64 128 0.215052
85 33 64 128 0.392276
86 33 64 128 0.30106
87 33 64 128 0.113129
88 33 64 128 0.0225197
89 33 64 128 0.0139143
90 33 64 128 0.0242885
91 33 64 128 0.0582337
92 33 64 128 0.191196
93 33 64 128 0.305243
94 33 64 128 0.207935
95 33 64 128 0.0729815
96 33 64 128 0.0171013
171 33 64 128 0.0260808
172 33 64 128 0.077604
173 33 64 128 0.128996
174 33 64 128 0.11008
175 33 64 128 0.0921184
176 33 64 128 0.0740076
177 33 64 128 0.118512
178 33 64 128 0.13046
179 33 64 128 0.171207
180 33 64 128 0.0952968
181 33 64 128 0.0691685
182 33 64 128 0.0317086
183 33 64 128 0.0303474
184 33 64 128 0.0447808
185 33 64 128 0.0736956
186 33 64 128 0.139329
187 33 64 128 0.161238
188 33 64 128 0.1569
189 33 64 128 0.124678
190 33 64 128 0.0725006
191 33 64 128 0.0490495
192 33 64 128 0.0376007
193 33 64 128 0.033845
194 33 64 128 0.011895
77 34 64 128 0.0304111
78 34 64 128 0.0624876
79 34 64 128 0.097367
80 34 64 128 0.103715
81 34 64 128 0.0968753
82 34 64 128 0.104283
83 34 64 128 0.155257
84 34 64 128 0.26323
85 34 64 128 0.452261
86 34 64 128 0.323116
87 34 64 128 0.112205
88 34 64 128 0.0214111
89 34 64 128 0.01872
90 34 64 128 0.0343846
91 34 64 128 0.0965989
92 34 64 128 0.251445
93 34 64 128 0.382674
94 34 64 128 0.242453
95 34 64 128 0.086907
96 34 64 128 0.0192653
170 34 64 128 0.012982
171 34 64 128 0.0384842
172 34 64 128 0.112785
173 34 64 128 0.191216
174 34 64 128 0.159249
175 34 64 128 0.126406
176 34 64 128 0.0966651
177 34 64 128 0.148602
178 34 64 128 0.16663
179 34 64 128 0.205888
180 34 64 128 0.105302
181 34 64 128 0.0708646
182 34 64 128 0.0348719
183 34 64 128 0.032182
184 34 64 128 0.0493104
185 34 64 128 0.0860875
186 34 64 128 0.158516
187 34 64 128 0.183439
188 34 64 128 0.161063
189 34 64 128 0.113495
190 34 64 128 0.0730634
191 34 64 128 0.0537134
192 34 64 128 0.0436682
193 34 64 128 0.0327866
194 34 64 128 0.0113498
68 35 64 128 0.0105145
76 35 64 128 0.0121171
77 35 64 128 0.0364959
78 35 64 128 0.0730568
79 35 64 128 0.115412
80 35 64 128 0.140926
81 35 64 128 0.136885
82 35 64 128 0.138041
83 35 64 128 0.230096
84 35 64 128 0.351454
85 35 64 128 0.552074
86 35 64 128 0.362656
87 35 64 128 0.136159
88 35 64 128 0.0296076
89 35 64 128 0.0317361
90 35 64 128 0.0671555
91 35 64 128 0.158915
92 35 64 128 0.373149
93 35 64 128 0.529964
94 35 64 128 0.346496
95 35 64 128 0.117692
96 35 64 128 0.0299553
97 35 64 128 0.0127408
170 35 64 128 0.0222267
171 35 64 128 0.065888
172 35 64 128 0.182879
173 35 64 128 0.295345
174 35 64 128 0.235896
175 35 64 128 0.181996
176 35 64 128 0.135338
177 35 64 128 0.179174
178 35 64 128 0.195807
179 35 64 128 0.209431
180 35 64 128 0.0966503
181 35 64 128 0.0619185
182 35 64 128 0.0333256
183 35 64 128 0.0362498
184 35 64 128 0.0607112
185 35 64 128 0.100716
186 35 64 128 0.19935
187 35 64 128 0.180602
188 35 64 128 0.170935
189 35 64 128 0.12689
190 35 64 128 0.0846113
191 35 64 128 0.0630021
192 35 64 128 0.050167
193 35 64 128 0.0385057
194 35 64 128 0.0103609
68 36 64 128 0.013099
76 36 64 128 0.0177089
77 36 64 128 0.0589875
78 36 64 128 0.12141
79 36 64 128 0.205443
80 36 64 128 0.226176
81 36 64 128 0.213659
82 36 64 128 0.243357
83 36 64 128 0.344915
84 36 64 128 0.504535
85 36 64 128 0.67438
86 36 64 128 0.472281
87 36 64 128 0.170898
88 36 64 128 0.0441377
89 36 64 128 0.0515294
90 36 64 128 0.0982783
91 36 64 128 0.248332
92 36 64 128 0.499012
93 36 64 128 0.608286
94 36 64 128 0.396779
95 36 64 128 0.143942
96 36 64 128 0.0345008
97 36 64 128 0.0145834
163 36 64 128 0.0145536
169 36 64 128 0.0167947
170 36 64 128 0.0469343
171 36 64 128 0.141353
172 36 64 128 0.296504
173 36 64 128 0.457134
174 36 64 128 0.341644
175 36 64 128 0.266881
176 36 64 128 0.204455
177 36 64 128 0.272246
178 36 64 128 0.279964
179 36 64 128 0.258614
180 36 64 128 0.110575
181 36 64 128 0.0723811
182 36 64 128 0.0341333
183 36 64 128 0.0418402
184 36 64 128 0.0657262
185 36 64 128 0.126236
186 36 64 128 0.219011
187 36 64 128 0.191035
188 36 64 128 0.172509
189 36 64 128 0.151251
190 36 64 128 0.104689
191 36 64 128 0.0678525
192 36 64 128 0.055243
193 36 64 128 0.0384946
67 37 64 128 0.0184351
68 37 64 128 0.0286579
69 37 64 128 0.0159339
76 37 64 128 0.0244828
77 37 64 128 0.0737166
78 37 64 128 0.144405
79 37 64 128 0.243938
80 37 64 128 0.289753
81 37 64 128 0.25669
82 37 64 128 0.292374
83 37 64 128 0.423465
84 37 64 128 0.603878
85 37 64 128 0.745495
86 37 64 128 0.541748
87 37 64 128 0.217241
88 37 64 128 0.0651762
89 37 64 128 0.0872362
90 37 64 128 0.162413
91 37 64 128 0.382174
92 37 64 128 0.663108
93 37 64 128 0.740871
94 37 64 128 0.534124
95 37 64 128 0.209699
96 37 64 128 0.0486202
97 37 64 128 0.0202553
98 37 64 128 0.0136714
161 37 64 128 0.011522
162 37 64 128 0.0126635
163 37 64 128 0.0227261
169 37 64 128 0.0268661
170 37 64 128 0.069218
171 37 64 128 0.195085
172 37 64 128 0.399259
173 37 64 128 0.559721
174 37 64 128 0.422088
175 37 64 128 0.326202
176 37 64 128 0.245806
177 37 64 128 0.306107
178 37 64 128 0.293924
179 37 64 128 0.23988
180 37 64 128 0.09572
181 37 64 128 0.0552334
182 37 64 128 0.0285326
183 37 64 128 0.0331518
184 37 64 128 0.0681252
185 37 64 128 0.132432
186 37 64 128 0.230167
187 37 64 128 0.199012
188 37 64 128 0.18204
189 37 64 128 0.148872
190 37 64 128 0.116608
191 37 64 128 0.0854994
192 37 64 128 0.0597428
193 37 64 128 0.0415603
194 37 64 128 0.0103752
66 38 64 128 0.0142575
67 38 64 128 0.0303024
68 38 64 128 0.0440594
69 38 64 128 0.0203476
75 38 64 128 0.0128729
76 38 64 128 0.0432939
77 38 64 128 0.120825
78 38 64 128 0.220659
79 38 64 128 0.335897
80 38 64 128 0.393183
81 38 64 128 0.370259
82 38 64 128 0.411658
83 38 64 128 0.575764
84 38 64 128 0.725153
85 38 64 128 0.813868
86 38 64 128 0.588109
87 38 64 128 0.238303
88 38 64 128 0.0693269
89 38 64 128 0.092978
90 38 64 128 0.176374
91 38 64 128 0.473215
92 38 64 128 0.716022
93 38 64 128 0.758215
94 38 64 128 0.576319
95 38 64 128 0.258244
96 38 64 128 0.0619517
97 38 64 128 0.0246101
98 38 64 128 0.0165189
99 38 64 128 0.0101154
160 38 64 128 0.0107228
161 38 64 128 0.0220983
162 38 64 128 0.0228121
163 38 64 128 0.033505
164 38 64 128 0.0111984
168 38 64 128 0.0120395
169 38 64 128 0.0435267
170 38 64 128 0.105897
171 38 64 128 0.258457
172 38 64 128 0.495593
173 38 64 128 0.649812
174 38 64 128 0.52747
175 38 64 128 0.401706
176 38 64 128 0.307252
177 38 64 128 0.332083
178 38 64 128 0.322463
179 38 64 128 0.206589
180 38 64 128 0.0841364
181 38 64 128 0.0462912
182 38 64 128 0.0249737
183 38 64 128 0.0280668
184 38 64 128 0.0646063
185 38 64 128 0.131204
186 38 64 128 0.217185
187 38 64 128 0.200221
188 38 64 128 0.179906
189 38 64 128 0.141826
190 38 64 128 0.113113
191 38 64 128 0.0778582
192 38 64 128 0.0529191
193 38 64 128 0.0392665
194 38 64 128 0.0114765
65 39 64 128 0.0112132
66 39 64 128 0.027369
67 39 64 128 0.0579741
68 39 64 128 0.0721505
69 39 64 128 0.0353215
70 39 64 128 0.0128552
75 39 64 128 0.0148972
76 39 64 128 0.0525061
77 39 64 128 0.131109
78 39 64 128 0.240888
79 39 64 128 0.373507
80 39 64 128 0.440184
81 39 64 128 0.451577
82 39 64 128 0.507393
83 39 64 128 0.695494
84 39 64 128 0.825418
85 39 64 128 0.871973
86 39 64 128 0.669607
87 39 64 128 0.322282
88 39 64 128 0.127752
89 39 64 128 0.184717
90 39 64 128 0.317018
91 39 64 128 0.63568
92 39 64 128 0.818562
93 39 64 128 0.850368
94 39 64 128 0.69732
95 39 64 128 0.371874
96 39 64 128 0.110254
97 39 64 128 0.0482847
98 39 64 128 0.028758
99 39 64 128 0.0172741
100 39 64 128 0.010569
160 39 64 128 0.0146214
161 39 64 128 0.027888
162 39 64 128 0.0303254
163 39 64 128 0.0378543
164 39 64 128 0.0135779
168 39 64 128 0.0168957
169 39 64 128 0.0603556
170 39 64 128 0.149425
171 39 64 128 0.320157
172 39 64 128 0.590746
173 39 64 128 0.722724
174 39 64 128 0.592765
175 39 64 128 0.461185
176 39 64 128 0.357939
177 39 64 128 0.348915
178 39 64 128 0.306271
179 39 64 128 0.196766
180 39 64 128 0.0726133
181 39 64 128 0.0354808
182 39 64 128 0.0195512
183 39 64 128 0.0246427
184 39 64 128 0.0581136
185 39 64 128 0.119723
186 39 64 128 0.207759
187 39 64 128 0.183302
188 39 64 128 0.167291
189 39 64 128 0.136015
190 39 64 128 0.116508
191 39 64 128 0.0865642
192 39 64 128 0.0531826
193 39 64 128 0.0342202
65 40 64 128 0.014587
66 40 64 128 0.039765
67 40 64 128 0.0790757
68 40 64 128 0.0938574
69 40 64 128 0.0401058
70 40 64 128 0.014199
75 40 64 128 0.0200129
76 40 64 128 0.0686617
77 40 64 128 0.210731
78 40 64 128 0.345722
79 40 64 128 0.528224
80 40 64 128 0.591049
81 40 64 128 0.618573
82 40 64 128 0.654764
83 40 64 128 0.784241
84 40 64 128 0.897423
85 40 64 128 0.902504
86 40 64 128 0.722107
87 40 64 128 0.361352
88 40 64 128 0.16517
89 40 64 128 0.221286
90 40 64 128 0.400078
91 40 64 128 0.757128
92 40 64 128 0.885921
93 40 64 128 0.893881
94 40 64 128 0.786573
95 40 64 128 0.497882
96 40 64 128 0.149667
97 40 64 128 0.0665501
98 40 64 128 0.0398503
99 40 64 128 0.0242424
100 40 64 128 0.0123618
126 40 64 128 0.0135364
159 40 64 128 0.0146167
160 40 64 128 0.0232444
161 40 64 128 0.0423393
162 40 64 128 0.0443346
163 40 64 128 0.0516545
164 40 64 128 0.0146568
168 40 64 128 0.0216498
169 40 64 128 0.0771296
170 40 64 128 0.195885
171 40 64 128 0.415021
172 40 64 128 0.65089
173 40 64 128 0.764679
174 40 64 128 0.652215
175 40 64 128 0.476119
176 40 64 128 0.36759
177 40 64 128 0.350564
178 40 64 128 0.319027
179 40 64 128 0.171556
180 40 64 128 0.0633178
181 40 64 128 0.0273549
182 40 64 128 0.0172047
183 40 64 128 0.0179316
184 40 64 128 0.0377355
185 40 64 128 0.092392
186 40 64 128 0.16243
187 40 64 128 0.155758
188 40 64 128 0.139383
189 40 64 128 0.127398
190 40 64 128 0.10226
191 40 64 128 0.0730787
192 40 64 128 0.0416302
193 40 64 128 0.0284775
64 41 64 128 0.0120945
65 41 64 128 0.0247329
66 41 64 128 0.0615977
67 41 64 128 0.119057
68 41 64 128 0.151844
69 41 64 128 0.0630466
70 41 64 128 0.0189555
74 41 64 128 0.0108155
75 41 64 128 0.0315559
76 41 64 128 0.109481
77 41 64 128 0.289983
78 41 64 128 0.434096
79 41 64 128 0.577194
80 41 64 128 0.66666
81 41 64 128 0.676066
82 41 64 128 0.740866
83 41 64 128 0.835045
84 41 64 128 0.92277
85 41 64 128 0.921776
86 41 64 128 0.754485
87 41 64 128 0.40703
88 41 64 128 0.193153
89 41 64 128 0.294948
90 41 64 128 0.460992
91 41 64 128 0.779265
92 41 64 128 0.88579
93 41 64 128 0.893572
94 41 64 128 0.782114
95 41 64 128 0.478826
96 41 64 128 0.178509
97 41 64 128 0.0809321
98 41 64 128 0.0450104
99 41 64 128 0.0278557
100 41 64 128 0.0129859
125 41 64 128 0.0140745
126 41 64 128 0.0221672
127 41 64 128 0.0129811
159 41 64 128 0.0185372
160 41 64 128 0.0293474
161 41 64 128 0.0524269
162 41 64 128 0.0679071
163 41 64 128 0.0649907
164 41 64 128 0.01777
167 41 64 128 0.0116943
168 41 64 128 0.0258483
169 41 64 128 0.103468
170 41 64 128 0.240854
171 41 64 128 0.487963
172 41 64 128 0.674633
173 41 64 128 0.771268
174 41 64 128 0.675728
175 41 64 128 0.490718
176 41 64 128 0.348714
177 41 64 128 0.328603
178 41 64 128 0.250089
179 41 64 128 0.10778
180 41 64 128 0.0432821
181 41 64 128 0.0178265
183 41 64 128 0.0120904
184 41 64 128 0.0288529
185 41 64 128 0.0674242
186 41 64 128 0.131065
187 41 64 128 0.141284
188 41 64 128 0.130823
189 41 64 128 0.110041
190 41 64 128 0.094024
191 41 64 128 0.0743803
192 41 64 128 0.04318
193 41 64 128 0.0307502
63 42 64 128 0.0100824
64 42 64 128 0.0172224
65 42 64 128 0.0354071
66 42 64 128 0.0899606
67 42 64 128 0.157926
68 42 64 128 0.215599
69 42 64 128 0.0875683
70 42 64 128 0.0237346
74 42 64 128 0.0113378
75 42 64 128 0.0399488
76 42 64 128 0.150941
77 42 64 128 0.372664
78 42 64 128 0.537036
79 42 64 128 0.691555
80 42 64 128 0.743654
81 42 64 128 0.76659
82 42 64 128 0.810135
83 42 64 128 0.889787
84 42 64 128 0.949951
85 42 64 128 0.934099
86 42 64 128 0.757661
87 42 64 128 0.403726
88 42 64 128 0.177369
89 42 64 128 0.281741
90 42 64 128 0.481873
91 42 64 128 0.802705
92 42 64 128 0.888662
93 42 64 128 0.898229
94 42 64 128 0.811296
95 42 64 128 0.538411
96 42 64 128 0.210319
97 42 64 128 0.0984027
98 42 64 128 0.0559584
99 42 64 128 0.0326581
100 42 64 128 0.0140482
124 42 64 128 0.0117966
125 42 64 128 0.0166527
126 42 64 128 0.0292732
127 42 64 128 0.0172517
128 42 64 128 0.0117093
159 42 64 128 0.0160888
160 42 64 128 0.0264918
161 42 64 128 0.0454409
162 42 64 128 0.0573011
163 42 64 128 0.0521925
164 42 64 128 0.012783
168 42 64 128 0.019966
169 42 64 128 0.087864
170 42 64 128 0.208575
171 42 64 128 0.446442
172 42 64 128 0.651503
173 42 64 128 0.737621
174 42 64 128 0.605582
175 42 64 128 0.399332
176 42 64 128 0.281194
177 42 64 128 0.206501
178 42 64 128 0.166105
179 42 64 128 0.0615454
180 42 64 128 0.020197
184 42 64 128 0.0133876
185 42 64 128 0.0389143
186 42 64 128 0.0839434
187 42 64 128 0.0986767
188 42 64 128 0.0831223
189 42 64 128 0.0742654
190 42 64 128 0.0677857
191 42 64 128 0.0627222
192 42 64 128 0.0388695
193 42 64 128 0.0263923
63 43 64 128 0.0107192
64 43 64 128 0.0202333
65 43 64 128 0.04442
66 43 64 128 0.122231
67 43 64 128 0.249672
68 43 64 128 0.272163
69 43 64 128 0.130604
70 43 64 128 0.031821
74 43 64 128 0.0129573
75 43 64 128 0.0502892
76 43 64 128 0.176945
77 43 64 128 0.450486
78 43 64 128 0.55749
79 43 64 128 0.728068
80 43 64 128 0.762985
81 43 64 128 0.799568
82 43 64 128 0.814149
83 43 64 128 0.903802
84 43 64 128 0.952316
85 43 64 128 0.934259
86 43 64 128 0.711558
87 43 64 128 0.316926
88 43 64 128 0.151818
89 43 64 128 0.279649
90 43 64 128 0.462414
91 43 64 128 0.76212
92 43 64 128 0.854076
93 43 64 128 0.883906
94 43 64 128 0.780441
95 43 64 128 0.521349
96 43 64 128 0.209842
97 43 64 128 0.106185
98 43 64 128 0.0520002
99 43 64 128 0.0283755
100 43 64 128 0.0126025
124 43 64 128 0.0137666
125 43 64 128 0.0192408
126 43 64 128 0.0294086
127 43 64 128 0.0232544
128 43 64 128 0.0174901
159 43 64 128 0.0182279
160 43 64 128 0.0280431
161 43 64 128 0.046649
162 43 64 128 0.0598261
163 43 64 128 0.0516962
164 43 64 128 0.0135308
168 43 64 128 0.0201264
169 43 64 128 0.0870495
170 43 64 128 0.199273
171 43 64 128 0.432233
172 43 64 128 0.60919
173 43 64 128 0.678651
174 43 64 128 0.491711
175 43 64 128 0.308237
176 43 64 128 0.211792
177 43 64 128 0.144936
178 43 64 128 0.116428
179 43 64 128 0.0371658
180 43 64 128 0.0117325
184 43 64 128 0.011104
185 43 64 128 0.0336521
186 43 64 128 0.076528
187 43 64 128 0.0834338
188 43 64 128 0.0840309
189 43 64 128 0.0720976
190 43 64 128 0.0686171
191 43 64 128 0.0651361
192 43 64 128 0.0428512
193 43 64 128 0.0276403
63 44 64 128 0.0106712
64 44 64 128 0.0208927
65 44 64 128 0.0453605
66 44 64 128 0.141338
67 44 64 128 0.259831
68 44 64 128 0.286923
69 44 64 128 0.127118
70 44 64 128 0.0304733
74 44 64 128 0.012499
75 44 64 128 0.0555188
76 44 64 128 0.189813
77 44 64 128 0.464058
78 44 64 128 0.58028
79 44 64 128 0.769744
80 44 64 128 0.81185
81 44 64 128 0.845338
82 44 64 128 0.858474
83 44 64 128 0.916808
84 44 64 128 0.960625
85 44 64 128 0.925663
86 44 64 128 0.656703
87 44 64 128 0.268208
88 44 64 128 0.139259
89 44 64 128 0.239191
90 44 64 128 0.425649
91 44 64 128 0.758747
92 44 64 128 0.862629
93 44 64 128 0.887122
94 44 64 128 0.79153
95 44 64 128 0.562126
96 44 64 128 0.217494
97 44 64 128 0.126095
98 44 64 128 0.0620735
99 44 64 128 0.0326718
100 44 64 128 0.0122439
124 44 64 128 0.0184878
125 44 64 128 0.023406
126 44 64 128 0.0317935
127 44 64 128 0.0243418
128 44 64 128 0.0190514
159 44 64 128 0.0179385
160 44 64 128 0.025034
161 44 64 128 0.0502496
162 44 64 128 0.0486988
163 44 64 128 0.0427104
168 44 64 128 0.0118296
169 44 64 128 0.0589202
170 44 64 128 0.172546
171 44 64 128 0.373598
172 44 64 128 0.521418
173 44 64 128 0.588574
174 44 64 128 0.416095
175 44 64 128 0.232597
176 44 64 128 0.148963
177 44 64 128 0.0991883
178 44 64 128 0.0740224
179 44 64 128 0.0217484
185 44 64 128 0.023621
186 44 64 128 0.0551183
187 44 64 128 0.0649053
188 44 64 128 0.0581357
189 44 64 128 0.0529565
190 44 64 128 0.0521627
191 44 64 128 0.0470473
192 44 64 128 0.0301289
193 44 64 128 0.0207578
63 45 64 128 0.0101256
64 45 64 128 0.026833
65 45 64 128 0.0525278
66 45 64 128 0.174507
67 45 64 128 0.313207
68 45 64 128 0.359794
69 45 64 128 0.162598
70 45 64 128 0.0376218
74 45 64 128 0.0165229
75 45 64 128 0.0681799
76 45 64 128 0.236841
77 45 64 128 0.521855
78 45 64 128 0.64528
79 45 64 128 0.822449
80 45 64 128 0.863187
81 45 64 128 0.870674
82 45 64 128 0.88305
83 45 64 128 0.929088
84 45 64 128 0.957966
85 45 64 128 0.896945
86 45 64 128 0.57207
87 45 64 128 0.181623
88 45 64 128 0.0906492
89 45 64 128 0.158323
90 45 64 128 0.343634
91 45 64 128 0.672603
92 45 64 128 0.81302
93 45 64 128 0.820901
94 45 64 128 0.736161
95 45 64 128 0.470013
96 45 64 128 0.203683
97 45 64 128 0.107708
98 45 64 128 0.055397
99 45 64 128 0.0302434
100 45 64 128 0.0108947
124 45 64 128 0.020878
125 45 64 128 0.0223528
126 45 64 128 0.027984
127 45 64 128 0.0254714
128 45 64 128 0.0212927
159 45 64 128 0.0163935
160 45 64 128 0.0249603
161 45 64 128 0.0435851
162 45 64 128 0.0476702
163 45 64 128 0.0334727
168 45 64 128 0.0122347
169 45 64 128 0.0627813
170 45 64 128 0.178989
171 45 64 128 0.35952
172 45 64 128 0.53108
173 45 64 128 0.533882
174 45 64 128 0.386346
175 45 64 128 0.198357
176 45 64 128 0.124296
177 45 64 128 0.0749412
178 45 64 128 0.0564172
179 45 64 128 0.0157521
185 45 64 128 0.022634
186 45 64 128 0.0550665
187 45 64 128 0.0685839
188 45 64 128 0.064143
189 45 64 128 0.0553902
190 45 64 128 0.0507781
191 45 64 128 0.0501735
192 45 64 128 0.0352466
193 45 64 128 0.0245249
63 46 64 128 0.0106521
64 46 64 128 0.0287677
65 46 64 128 0.0661872
66 46 64 128 0.206346
67 46 64 128 0.335815
68 46 64 128 0.367073
69 46 64 128 0.156732
70 46 64 128 0.0392312
74 46 64 128 0.0211716
75 46 64 128 0.0979927
76 46 64 128 0.300952
77 46 64 128 0.573583
78 46 64 128 0.668136
79 46 64 128 0.860179
80 46 64 128 0.89032
81 46 64 128 0.90936
82 46 64 128 0.918622
83 46 64 128 0.947652
84 46 64 128 0.970836
85 46 64 128 0.908441
86 46 64 128 0.595269
87 46 64 128 0.184485
88 46 64 128 0.0995477
89 46 64 128 0.156336
90 46 64 128 0.357954
91 46 64 128 0.709318
92 46 64 128 0.813727
93 46 64 128 0.828921
94 46 64 128 0.748824
95 46 64 128 0.483552
96 46 64 128 0.204431
97 46 64 128 0.112287
98 46 64 128 0.0534306
99 46 64 128 0.0314123
100 46 64 128 0.0106254
124 46 64 128 0.019568
125 46 64 128 0.0176981
126 46 64 128 0.0221441
127 46 64 128 0.0178397
128 46 64 128 0.0161083
160 46 64 128 0.0145227
161 46 64 128 0.0263949
162 46 64 128 0.0281761
163 46 64 128 0.0195937
169 46 64 128 0.0405975
170 46 64 128 0.139626
171 46 64 128 0.281553
172 46 64 128 0.476571
173 46 64 128 0.440435
174 46 64 128 0.290306
175 46 64 128 0.115541
176 46 64 128 0.0809936
177 46 64 128 0.0443124
178 46 64 128 0.0323527
185 46 64 128 0.0138015
186 46 64 128 0.0365622
187 46 64 128 0.0450804
188 46 64 128 0.0394538
189 46 64 128 0.0331558
190 46 64 128 0.0313521
191 46 64 128 0.0296112
192 46 64 128 0.0215034
193 46 64 128 0.0144978
63 47 64 128 0.0123486
64 47 64 128 0.0295571
65 47 64 128 0.0719456
66 47 64 128 0.222484
67 47 64 128 0.388949
68 47 64 128 0.355167
69 47 64 128 0.176914
70 47 64 128 0.0450474
71 47 64 128 0.0129897
73 47 64 128 0.0121191
74 47 64 128 0.0330204
75 47 64 128 0.159117
76 47 64 128 0.417872
77 47 64 128 0.693746
78 47 64 128 0.769817
79 47 64 128 0.912357
80 47 64 128 0.923747
81 47 64 128 0.942779
82 47 64 128 0.943831
83 47 64 128 0.963639
84 47 64 128 0.97212
85 47 64 128 0.904396
86 47 64 128 0.549273
87 47 64 128 0.155589
88 47 64 128 0.0742856
89 47 64 128 0.123047
90 47 64 128 0.279042
91 47 64 128 0.58576
92 47 64 128 0.733813
93 47 64 128 0.774827
94 47 64 128 0.661548
95 47 64 128 0.40238
96 47 64 128 0.170124
97 47 64 128 0.105823
98 47 64 128 0.0502182
99 47 64 128 0.0287889
124 47 64 128 0.0192561
125 47 64 128 0.0188381
126 47 64 128 0.0206703
127 47 64 128 0.0168254
128 47 64 128 0.013418
160 47 64 128 0.0105145
161 47 64 128 0.0156538
162 47 64 128 0.014647
169 47 64 128 0.022129
170 47 64 128 0.0837908
171 47 64 128 0.183249
172 47 64 128 0.333129
173 47 64 128 0.319519
174 47 64 128 0.182238
175 47 64 128 0.069821
176 47 64 128 0.0531672
177 47 64 128 0.0359435
178 47 64 128 0.0265884
185 47 64 128 0.0120022
186 47 64 128 0.0319925
187 47 64 128 0.0388386
188 47 64 128 0.0337606
189 47 64 128 0.0277395
190 47 64 128 0.0271429
191 47 64 128 0.0241232
192 47 64 128 0.0171635
193 47 64 128 0.0121363
63 48 64 128 0.0146125
64 48 64 128 0.0382249
65 48 64 128 0.0911579
66 48 64 128 0.286374
67 48 64 128 0.458132
68 48 64 128 0.464503
69 48 64 128 0.226693
70 48 64 128 0.0585642
71 48 64 128 0.0167671
73 48 64 128 0.014416
74 48 64 128 0.0414041
75 48 64 128 0.20571
76 48 64 128 0.467291
77 48 64 128 0.715091
78 48 64 128 0.781012
79 48 64 128 0.916628
80 48 64 128 0.927034
81 48 64 128 0.943209
82 48 64 128 0.949496
83 48 64 128 0.965826
84 48 64 128 0.969066
85 48 64 128 0.876668
86 48 64 128 0.516121
87 48 64 128 0.137719
88 48 64 128 0.0681447
89 48 64 128 0.109652
90 48 64 128 0.267045
91 48 64 128 0.620039
92 48 64 128 0.768099
93 48 64 128 0.801655
94 48 64 128 0.664571
95 48 64 128 0.446066
96 48 64 128 0.181811
97 48 64 128 0.113357
98 48 64 128 0.0522464
99 48 64 128 0.0291709
124 48 64 128 0.0233402
125 48 64 128 0.0201566
126 48 64 128 0.0194242
127 48 64 128 0.013872
128 48 64 128 0.0114298
161 48 64 128 0.0100857
169 48 64 128 0.0131813
170 48 64 128 0.0556183
171 48 64 128 0.126852
172 48 64 128 0.24633
173 48 64 128 0.213208
174 48 64 128 0.136342
175 48 64 128 0.042908
176 48 64 128 0.0386975
177 48 64 128 0.0268961
178 48 64 128 0.0201852
186 48 64 128 0.0162
187 48 64 128 0.0178758
188 48 64 128 0.0178456
189 48 64 128 0.015424
190 48 64 128 0.0135375
191 48 64 128 0.0124555
62 49 64 128 0.011775
63 49 64 128 0.0214041
64 49 64 128 0.0575217
65 49 64 128 0.116744
66 49 64 128 0.35167
67 49 64 128 0.5147
68 49 64 128 0.549553
69 49 64 128 0.288468
70 49 64 128 0.0800779
71 49 64 128 0.0211128
73 49 64 128 0.0205824
74 49 64 128 0.0617076
75 49 64 128 0.272382
76 49 64 128 0.547582
77 49 64 128 0.750898
78 49 64 128 0.818479
79 49 64 128 0.93199
80 49 64 128 0.938801
81 49 64 128 0.953828
82 49 64 128 0.959523
83 49 64 128 0.970218
84 49 64 128 0.963347
85 49 64 128 0.819147
86 49 64 128 0.434877
87 49 64 128 0.101319
88 49 64 128 0.0543389
89 49 64 128 0.0777498
90 49 64 128 0.202178
91 49 64 128 0.544153
92 49 64 128 0.698682
93 49 64 128 0.734518
94 49 64 128 0.639528
95 49 64 128 0.394127
96 49 64 128 0.18192
97 49 64 128 0.102386
98 49 64 128 0.0488421
99 49 64 128 0.0282364
124 49 64 128 0.016709
125 49 64 128 0.0157616
126 49 64 128 0.0155036
127 49 64 128 0.0129804
170 49 64 128 0.0378809
171 49 64 128 0.0730645
172 49 64 128 0.165845
173 49 64 128 0.138896
174 49 64 128 0.0835009
175 49 64 128 0.0265702
176 49 64 128 0.027791
177 49 64 128 0.0207326
178 49 64 128 0.0181074
186 49 64 128 0.0137719
187 49 64 128 0.0164177
188 49 64 128 0.0150825
189 49 64 128 0.0130284
190 49 64 128 0.0113508
191 49 64 128 0.0106181
61 50 64 128 0.0102816
62 50 64 128 0.0162386
63 50 64 128 0.030477
64 50 64 128 0.0833473
65 50 64 128 0.173848
66 50 64 128 0.418667
67 50 64 128 0.58255
68 50 64 128 0.606779
69 50 64 128 0.297415
70 50 64 128 0.0811829
71 50 64 128 0.0210962
72 50 64 128 0.0121161
73 50 64 128 0.0218757
74 50 64 128 0.0711191
75 50 64 128 0.299922
76 50 64 128 0.597913
77 50 64 128 0.771239
78 50 64 128 0.826195
79 50 64 128 0.935335
80 50 64 128 0.940551
81 50 64 128 0.956107
82 50 64 128 0.960933
83 50 64 128 0.96892
84 50 64 128 0.955767
85 50 64 128 0.804615
86 50 64 128 0.428844
87 50 64 128 0.097696
88 50 64 128 0.0487275
89 50 64 128 0.069298
90 50 64 128 0.221399
91 50 64 128 0.551132
92 50 64 128 0.703122
93 50 64 128 0.751231
94 50 64 128 0.64444
95 50 64 128 0.339547
96 50 64 128 0.143542
97 50 64 128 0.0814417
98 50 64 128 0.0408652
99 50 64 128 0.0217481
124 50 64 128 0.0156745
125 50 64 128 0.0129191
126 50 64 128 0.0128093
127 50 64 128 0.0102465
170 50 64 128 0.0224551
171 50 64 128 0.0356802
172 50 64 128 0.108754
173 50 64 128 0.0732405
174 50 64 128 0.0508092
175 50 64 128 0.0169271
176 50 64 128 0.0199013
177 50 64 128 0.0173337
178 50 64 128 0.0151321
187 50 64 128 0.0112002
188 50 64 128 0.010239
61 51 64 128 0.0115909
62 51 64 128 0.0162348
63 51 64 128 0.03891
64 51 64 128 0.0865571
65 51 64 128 0.197294
66 51 64 128 0.440985
67 51 64 128 0.629305
68 51 64 128 0.601218
69 51 64 128 0.332344
70 51 64 128 0.0823312
71 51 64 128 0.0254546
72 51 64 128 0.0116211
73 51 64 128 0.0267488
74 51 64 128 0.0698736
75 51 64 128 0.311686
76 51 64 128 0.572064
77 51 64 128 0.757033
78 51 64 128 0.812774
79 51 64 128 0.927288
80 51 64 128 0.931469
81 51 64 128 0.950983
82 51 64 128 0.949033
83 51 64 128 0.957234
84 51 64 128 0.931776
85 51 64 128 0.681921
86 51 64 128 0.260656
87 51 64 128 0.0497348
88 51 64 128 0.0245851
89 51 64 128 0.0332542
90 51 64 128 0.110898
91 51 64 128 0.360678
92 51 64 128 0.552591
93 51 64 128 0.595724
94 51 64 128 0.463048
95 51 64 128 0.197411
96 51 64 128 0.0777559
97 51 64 128 0.0485482
98 51 64 128 0.0246962
99 51 64 128 0.0140507
124 51 64 128 0.0141345
125 51 64 128 0.0117853
126 51 64 128 0.0106675
171 51 64 128 0.0173454
172 51 64 128 0.0435526
173 51 64 128 0.0331836
174 51 64 128 0.0262112
175 51 64 128 0.0112948
176 51 64 128 0.0171671
177 51 64 128 0.0186176
178 51 64 128 0.0155858
186 51 64 128 0.0124029
187 51 64 128 0.0120384
61 52 64 128 0.0104351
62 52 64 128 0.0158312
63 52 64 128 0.034335
64 52 64 128 0.0817365
65 52 64 128 0.188382
66 52 64 128 0.46338
67 52 64 128 0.623237
68 52 64 128 0.598809
69 52 64 128 0.323442
70 52 64 128 0.0759408
71 52 64 128 0.0238671
72 52 64 128 0.0103769
73 52 64 128 0.020957
74 52 64 128 0.0586594
75 52 64 128 0.266918
76 52 64 128 0.495882
77 52 64 128 0.677279
78 52 64 128 0.775485
79 52 64 128 0.888247
80 52 64 128 0.886838
81 52 64 128 0.913917
82 52 64 128 0.917692
83 52 64 128 0.924775
84 52 64 128 0.879977
85 52 64 128 0.514003
86 52 64 128 0.16797
87 52 64 128 0.0300543
88 52 64 128 0.0156806
89 52 64 128 0.0229179
90 52 64 128 0.0907001
91 52 64 128 0.30863
92 52 64 128 0.488694
93 52 64 128 0.556115
94 52 64 128 0.392933
95 52 64 128 0.151324
96 52 64 128 0.0505581
97 52 64 128 0.0348079
98 52 64 128 0.0170844
99 52 64 128 0.0102141
171 52 64 128 0.0122833
172 52 64 128 0.0310469
173 52 64 128 0.0203104
174 52 64 128 0.0170161
176 52 64 128 0.0148127
177 52 64 128 0.0175892
178 52 64 128 0.0158178
62 53 64 128 0.0134498
63 53 64 128 0.0356581
64 53 64 128 0.0883593
65 53 64 128 0.185124
66 53 64 128 0.429509
67 53 64 128 0.605155
68 53 64 128 0.59376
69 53 64 128 0.279576
70 53 64 128 0.0594427
71 53 64 128 0.0189696
73 53 64 128 0.0140298
74 53 64 128 0.0419883
75 53 64 128 0.189849
76 53 64 128 0.402283
77 53 64 128 0.561508
78 53 64 128 0.692394
79 53 64 128 0.823932
80 53 64 128 0.822811
81 53 64 128 0.86185
82 53 64 128 0.876769
83 53 64 128 0.885412
84 53 64 128 0.797344
85 53 64 128 0.357403
86 53 64 128 0.0947329
87 53 64 128 0.0179622
89 53 64 128 0.0126217
90 53 64 128 0.0588691
91 53 64 128 0.203796
92 53 64 128 0.350239
93 53 64 128 0.395853
94 53 64 128 0.277167
95 53 64 128 0.0821603
96 53 64 128 0.0310307
97 53 64 128 0.0206211
98 53 64 128 0.0117301
172 53 64 128 0.0147767
177 53 64 128 0.0109227
178 53 64 128 0.0111263
62 54 64 128 0.0104352
63 54 64 128 0.0271207
64 54 64 128 0.0556506
65 54 64 128 0.127508
66 54 64 128 0.30566
67 54 64 128 0.476864
68 54 64 128 0.46914
69 54 64 128 0.21416
70 54 64 128 0.0427331
71 54 64 128 0.012443
73 54 64 128 0.0101066
74 54 64 128 0.0311114
75 54 64 128 0.146191
76 54 64 128 0.352616
77 54 64 128 0.458783
78 54 64 128 0.616206
79 54 64 128 0.750759
80 54 64 128 0.750756
81 54 64 128 0.804267
82 54 64 128 0.84159
83 54 64 128 0.851347
84 54 64 128 0.743681
85 54 64 128 0.306615
86 54 64 128 0.0844555
87 54 64 128 0.015557
89 54 64 128 0.010352
90 54 64 128 0.0571469
91 54 64 128 0.178685
92 54 64 128 0.279026
93 54 64 128 0.318354
94 54 64 128 0.195491
95 54 64 128 0.0526039
96 54 64 128 0.0180986
97 54 64 128 0.0141778
172 54 64 128 0.010227
63 55 64 128 0.0251265
64 55 64 128 0.0493915
65 55 64 128 0.108713
66 55 64 128 0.277195
67 55 64 128 0.432938
68 55 64 128 0.382231
69 55 64 128 0.149106
70 55 64 128 0.0257391
74 55 64 128 0.0182049
75 55 64 128 0.0868969
76 55 64 128 0.223087
77 55 64 128 0.319072
78 55 64 128 0.444104
79 55 64 128 0.612055
80 55 64 128 0.63601
81 55 64 128 0.737932
82 55 64 128 0.774938
83 55 64 128 0.788089
84 55 64 128 0.622119
85 55 64 128 0.20756
86 55 64 128 0.0544095
90 55 64 128 0.0382827
91 55 64 128 0.120084
92 55 64 128 0.207557
93 55 64 128 0.234469
94 55 64 128 0.1496
95 55 64 128 0.0318759
96 55 64 128 0.0120373
63 56 64 128 0.0122684
64 56 64 128 0.0207673
65 56 64 128 0.0501323
66 56 64 128 0.143472
67 56 64 128 0.284781
68 56 64 128 0.229712
69 56 64 128 0.0838582
70 56 64 128 0.0146872
74 56 64 128 0.0131734
75 56 64 128 0.0614335
76 56 64 128 0.150617
77 56 64 128 0.252208
78 56 64 128 0.406119
79 56 64 128 0.527077
80 56 64 128 0.573516
81 56 64 128 0.680143
82 56 64 128 0.758608
83 56 64 128 0.743648
84 56 64 128 0.574307
85 56 64 128 0.170585
86 56 64 128 0.0536099
90 56 64 128 0.0310726
91 56 64 128 0.0887357
92 56 64 128 0.156051
93 56 64 128 0.187903
94 56 64 128 0.10038
95 56 64 128 0.0211981
64 57 64 128 0.0126473
65 57 64 128 0.0329461
66 57 64 128 0.0870552
67 57 64 128 0.169587
68 57 64 128 0.132021
69 57 64 128 0.0471306
75 57 64 128 0.0274473
76 57 64 128 0.0656287
77 57 64 128 0.0968687
78 57 64 128 0.181862
79 57 64 128 0.280551
80 57 64 128 0.363627
81 57 64 128 0.497421
82 57 64 128 0.613011
83 57 64 128 0.605478
84 57 64 128 0.424132
85 57 64 128 0.108555
86 57 64 128 0.0342802
90 57 64 128 0.022671
91 57 64 128 0.068416
92 57 64 128 0.106321
93 57 64 128 0.13101
94 57 64 128 0.0659641
95 57 64 128 0.014252
65 58 64 128 0.0161198
66 58 64 128 0.0417776
67 58 64 128 0.0851341
68 58 64 128 0.0641204
69 58 64 128 0.0197094
75 58 64 128 0.0123207
76 58 64 128 0.0326888
77 58 64 128 0.0484491
78 58 64 128 0.12179
79 58 64 128 0.17936
80 58 64 128 0.263333
81 58 64 128 0.40018
82 58 64 128 0.526139
83 58 64 128 0.508918
84 58 64 128 0.357481
85 58 64 128 0.0766767
86 58 64 128 0.0276812
90 58 64 128 0.0151631
91 58 64 128 0.0440865
92 58 64 128 0.0603964
93 58 64 128 0.0777472
94 58 64 128 0.0348392
66 59 64 128 0.0230932
67 59 64 128 0.0490599
68 59 64 128 0.0359405
69 59 64 128 0.0121729
76 59 64 128 0.0134631
77 59 64 128 0.0185595
78 59 64 128 0.0498515
79 59 64 128 0.0730857
80 59 64 128 0.129693
81 59 64 128 0.246414
82 59 64 128 0.355453
83 59 64 128 0.313184
84 59 64 128 0.226795
85 59 64 128 0.0474947
86 59 64 128 0.01656
90 59 64 128 0.0102146
91 59 64 128 0.0276482
92 59 64 128 0.0416873
93 59 64 128 0.052208
94 59 64 128 0.0206591
67 60 64 128 0.01904
68 60 64 128 0.0132996
78 60 64 128 0.0277124
79 60 64 128 0.0418162
80 60 64 128 0.0831884
81 60 64 128 0.171803
82 60 64 128 0.23241
83 60 64 128 0.212492
84 60 64 128 0.137617
85 60 64 128 0.0280032
91 60 64 128 0.0171446
92 60 64 128 0.024432
93 60 64 128 0.0327182
94 60 64 128 0.0111822
79 61 64 128 0.0123826
80 61 64 128 0.028241
81 61 64 128 0.0637323
82 61 64 128 0.0911867
83 61 64 128 0.0812526
84 61 64 128 0.0591922
85 61 64 128 0.0131052
91 61 64 128 0.0144333
92 61 64 128 0.0211992
93 61 64 128 0.0268796
80 62 64 128 0.0138736
81 62 64 128 0.0320801
82 62 64 128 0.0478112
83 62 64 128 0.0411059
84 62 64 128 0.03066
91 62 64 128 0.0100376
92 62 64 128 0.0155114
93 62 64 128 0.0213981
81 63 64 128 0.0164797
82 63 64 128 0.0268087
83 63 64 128 0.0234102
84 63 64 128 0.0179683
92 63 64 128 0.0121177
93 63 64 128 0.0200401
81 64 64 128 0.0104623
82 64 64 128 0.0154017
83 64 64 128 0.0154892
84 64 64 128 0.0114571
93 64 64 128 0.0177265
93 65 64 128 0.0156376
93 66 64 128 0.0150421
189 66 64 128 0.0125398
189 67 64 128 0.0102974
189 68 64 128 0.0116959
93 70 64 128 0.0112881
93 72 64 128 0.0118778
93 73 64 128 0.0106195
