36 0 85 170 0.0130207
44 0 85 170 0.0120633
45 0 85 170 0.0113647
46 0 85 170 0.0114487
47 0 85 170 0.0116992
49 0 85 170 0.0108108
55 0 85 170 0.0108587
57 0 85 170 0.0114476
58 0 85 170 0.0111961
59 0 85 170 0.0101165
60 0 85 170 0.0120152
61 0 85 170 0.0100367
63 0 85 170 0.0105684
75 0 85 170 0.0112874
76 0 85 170 0.0157968
77 0 85 170 0.017919
78 0 85 170 0.0191253
79 0 85 170 0.0198039
80 0 85 170 0.0187927
81 0 85 170 0.0166752
82 0 85 170 0.0141041
83 0 85 170 0.0122491
84 0 85 170 0.0117168
85 0 85 170 0.0112897
86 0 85 170 0.0105098
111 0 85 170 0.0108175
112 0 85 170 0.0105701
113 0 85 170 0.0129739
114 0 85 170 0.0146655
115 0 85 170 0.0161874
116 0 85 170 0.0188968
117 0 85 170 0.0158631
118 0 85 170 0.0139805
119 0 85 170 0.0141613
120 0 85 170 0.0117697
121 0 85 170 0.0110632
122 0 85 170 0.0100167
155 0 85 170 0.0117034
156 0 85 170 0.0155524
157 0 85 170 0.0170217
158 0 85 170 0.0166846
159 0 85 170 0.0153553
160 0 85 170 0.0129829
161 0 85 170 0.0115456
162 0 85 170 0.0102375
28 1 85 170 0.011174
29 1 85 170 0.0107163
30 1 85 170 0.0114673
31 1 85 170 0.0114428
33 1 85 170 0.0113701
34 1 85 170 0.0116116
35 1 85 170 0.0125427
36 1 85 170 0.0155787
37 1 85 170 0.0115249
44 1 85 170 0.011023
47 1 85 170 0.0105255
60 1 85 170 0.0103393
76 1 85 170 0.013973
77 1 85 170 0.0168819
78 1 85 170 0.0209404
79 1 85 170 0.0236001
80 1 85 170 0.0217438
81 1 85 170 0.019971
82 1 85 170 0.0179575
83 1 85 170 0.0166382
84 1 85 170 0.0170231
85 1 85 170 0.0160863
86 1 85 170 0.0147738
87 1 85 170 0.0137216
88 1 85 170 0.0126491
89 1 85 170 0.0120928
90 1 85 170 0.0113364
91 1 85 170 0.0109103
92 1 85 170 0.0116036
93 1 85 170 0.0121536
94 1 85 170 0.0124422
95 1 85 170 0.0120866
96 1 85 170 0.0110076
97 1 85 170 0.010508
113 1 85 170 0.0112402
114 1 85 170 0.0120655
115 1 85 170 0.0125402
116 1 85 170 0.0139189
117 1 85 170 0.0120758
118 1 85 170 0.010784
119 1 85 170 0.0106443
155 1 85 170 0.0108837
156 1 85 170 0.0140771
157 1 85 170 0.0151443
158 1 85 170 0.0146417
159 1 85 170 0.0131192
160 1 85 170 0.0104934
28 2 85 170 0.0100553
29 2 85 170 0.0100182
30 2 85 170 0.0111179
31 2 85 170 0.01128
33 2 85 170 0.0118849
34 2 85 170 0.0125082
35 2 85 170 0.0137984
36 2 85 170 0.0169228
37 2 85 170 0.0123542
44 2 85 170 0.0118805
77 2 85 170 0.0119129
78 2 85 170 0.0159322
79 2 85 170 0.0187235
80 2 85 170 0.0173776
81 2 85 170 0.0167428
82 2 85 170 0.0157191
83 2 85 170 0.0149956
84 2 85 170 0.015832
85 2 85 170 0.0151126
86 2 85 170 0.0140073
87 2 85 170 0.0132413
88 2 85 170 0.0124576
89 2 85 170 0.0121868
90 2 85 170 0.0116598
91 2 85 170 0.0114673
92 2 85 170 0.0124607
93 2 85 170 0.0132397
94 2 85 170 0.0136189
95 2 85 170 0.0132701
96 2 85 170 0.0122215
97 2 85 170 0.0117415
98 2 85 170 0.0103074
100 2 85 170 0.0101215
156 2 85 170 0.013333
157 2 85 170 0.0144873
158 2 85 170 0.0145401
159 2 85 170 0.013687
160 2 85 170 0.0109433
34 3 85 170 0.0107003
35 3 85 170 0.0122183
36 3 85 170 0.0149711
37 3 85 170 0.0107116
44 3 85 170 0.0109327
93 3 85 170 0.0105083
94 3 85 170 0.010836
95 3 85 170 0.0107744
96 3 85 170 0.0104135
97 3 85 170 0.0101497
156 3 85 170 0.0127501
157 3 85 170 0.0140486
158 3 85 170 0.0144532
159 3 85 170 0.0141879
160 3 85 170 0.0116688
161 3 85 170 0.0103338
36 4 85 170 0.0114213
156 4 85 170 0.0112954
157 4 85 170 0.0125673
158 4 85 170 0.0126101
159 4 85 170 0.0119349
156 5 85 170 0.0117648
157 5 85 170 0.0142638
158 5 85 170 0.0150625
159 5 85 170 0.0145508
160 5 85 170 0.0133544
161 5 85 170 0.0124756
162 5 85 170 0.0116269
163 5 85 170 0.010556
156 6 85 170 0.0103002
157 6 85 170 0.0125193
158 6 85 170 0.0135927
159 6 85 170 0.0134947
160 6 85 170 0.0124059
161 6 85 170 0.0114804
162 6 85 170 0.010791
163 6 85 170 0.0100771
159 7 85 170 0.0101432
182 51 85 170 0.0106869
183 51 85 170 0.0110548
184 51 85 170 0.0114808
185 51 85 170 0.0115824
186 51 85 170 0.011372
187 51 85 170 0.0111032
188 51 85 170 0.010909
189 51 85 170 0.0106303
190 51 85 170 0.0102411
233 51 85 170 0.0109569
180 52 85 170 0.0104182
181 52 85 170 0.0118025
182 52 85 170 0.0125098
183 52 85 170 0.0125673
184 52 85 170 0.0129589
185 52 85 170 0.0130167
186 52 85 170 0.0125563
187 52 85 170 0.0118506
188 52 85 170 0.0112096
189 52 85 170 0.0107105
190 52 85 170 0.0103942
212 52 85 170 0.0100854
213 52 85 170 0.0109726
214 52 85 170 0.0116264
215 52 85 170 0.0117228
216 52 85 170 0.0117841
217 52 85 170 0.0118023
218 52 85 170 0.0117642
219 52 85 170 0.0117555
220 52 85 170 0.011831
221 52 85 170 0.0118811
222 52 85 170 0.0124766
223 52 85 170 0.0133803
224 52 85 170 0.0134866
225 52 85 170 0.0131514
226 52 85 170 0.0127999
227 52 85 170 0.0125461
228 52 85 170 0.0122666
229 52 85 170 0.0118786
230 52 85 170 0.0115332
231 52 85 170 0.0112035
232 52 85 170 0.0113143
233 52 85 170 0.0134186
178 53 85 170 0.0102272
179 53 85 170 0.0118084
180 53 85 170 0.0132055
181 53 85 170 0.0152543
182 53 85 170 0.0167679
183 53 85 170 0.0171792
184 53 85 170 0.0172791
185 53 85 170 0.0170686
186 53 85 170 0.0167424
187 53 85 170 0.0161872
188 53 85 170 0.0151522
189 53 85 170 0.0142279
190 53 85 170 0.013429
191 53 85 170 0.0124391
192 53 85 170 0.0111416
207 53 85 170 0.0100536
209 53 85 170 0.0102772
210 53 85 170 0.0105161
211 53 85 170 0.0103208
212 53 85 170 0.0105861
213 53 85 170 0.0112383
214 53 85 170 0.0116808
215 53 85 170 0.0115913
216 53 85 170 0.0112286
217 53 85 170 0.0110081
218 53 85 170 0.0108695
219 53 85 170 0.0107775
220 53 85 170 0.0108746
221 53 85 170 0.0109997
222 53 85 170 0.0116865
223 53 85 170 0.0126536
224 53 85 170 0.012778
225 53 85 170 0.0125391
226 53 85 170 0.0122248
227 53 85 170 0.0119985
228 53 85 170 0.0120412
229 53 85 170 0.0121418
230 53 85 170 0.0121165
231 53 85 170 0.0118363
232 53 85 170 0.0120056
233 53 85 170 0.0144065
178 54 85 170 0.0103479
179 54 85 170 0.0119484
180 54 85 170 0.0131867
181 54 85 170 0.014779
182 54 85 170 0.0159916
183 54 85 170 0.0163971
184 54 85 170 0.0164662
185 54 85 170 0.0162276
186 54 85 170 0.015819
187 54 85 170 0.0152474
188 54 85 170 0.0144995
189 54 85 170 0.014002
190 54 85 170 0.0134035
191 54 85 170 0.012298
192 54 85 170 0.0108717
206 54 85 170 0.010446
207 54 85 170 0.0110437
208 54 85 170 0.0107916
209 54 85 170 0.0108293
210 54 85 170 0.0108928
211 54 85 170 0.0108071
212 54 85 170 0.0111603
213 54 85 170 0.0117036
214 54 85 170 0.012238
215 54 85 170 0.0124076
216 54 85 170 0.0119888
217 54 85 170 0.0118059
218 54 85 170 0.0113632
219 54 85 170 0.0108759
220 54 85 170 0.011399
221 54 85 170 0.0117269
222 54 85 170 0.0121708
223 54 85 170 0.0129238
224 54 85 170 0.0130707
225 54 85 170 0.0123421
226 54 85 170 0.0117077
227 54 85 170 0.0115599
228 54 85 170 0.0113129
229 54 85 170 0.0113982
230 54 85 170 0.0116459
231 54 85 170 0.0116859
232 54 85 170 0.0121483
233 54 85 170 0.0145532
179 55 85 170 0.0111842
180 55 85 170 0.0123006
181 55 85 170 0.013008
182 55 85 170 0.0132869
183 55 85 170 0.0133107
184 55 85 170 0.0132667
185 55 85 170 0.0130278
186 55 85 170 0.0124338
187 55 85 170 0.0118258
188 55 85 170 0.011708
189 55 85 170 0.0116502
190 55 85 170 0.0113549
191 55 85 170 0.0105745
206 55 85 170 0.0104814
207 55 85 170 0.0110677
208 55 85 170 0.0109168
209 55 85 170 0.0107604
210 55 85 170 0.0108958
211 55 85 170 0.0112667
212 55 85 170 0.0118046
213 55 85 170 0.0124464
214 55 85 170 0.0130511
215 55 85 170 0.0133496
216 55 85 170 0.0132533
217 55 85 170 0.0133075
218 55 85 170 0.0127401
219 55 85 170 0.012032
220 55 85 170 0.0127313
221 55 85 170 0.0131312
222 55 85 170 0.0133378
223 55 85 170 0.0138113
224 55 85 170 0.0138782
225 55 85 170 0.0127656
226 55 85 170 0.011937
227 55 85 170 0.0118729
228 55 85 170 0.0112872
229 55 85 170 0.0110168
230 55 85 170 0.0112809
231 55 85 170 0.011598
232 55 85 170 0.0121711
233 55 85 170 0.0145333
178 56 85 170 0.0104061
179 56 85 170 0.0118562
180 56 85 170 0.013274
181 56 85 170 0.0141159
182 56 85 170 0.0144834
183 56 85 170 0.0144126
184 56 85 170 0.0138209
185 56 85 170 0.0132798
186 56 85 170 0.01283
187 56 85 170 0.01264
188 56 85 170 0.0127932
189 56 85 170 0.0122216
190 56 85 170 0.0114593
191 56 85 170 0.0107997
204 56 85 170 0.0102605
205 56 85 170 0.0103062
206 56 85 170 0.0107094
207 56 85 170 0.0112049
208 56 85 170 0.0110305
209 56 85 170 0.0110986
210 56 85 170 0.0113205
211 56 85 170 0.0115594
212 56 85 170 0.0121357
213 56 85 170 0.0127687
214 56 85 170 0.0129095
215 56 85 170 0.0126544
216 56 85 170 0.0126125
217 56 85 170 0.0124915
218 56 85 170 0.0120069
219 56 85 170 0.0115799
220 56 85 170 0.0118369
221 56 85 170 0.0120313
222 56 85 170 0.0122496
223 56 85 170 0.0125303
224 56 85 170 0.0123433
225 56 85 170 0.0116214
226 56 85 170 0.0110858
227 56 85 170 0.0110207
228 56 85 170 0.0109279
229 56 85 170 0.0108221
230 56 85 170 0.0111865
231 56 85 170 0.0116529
232 56 85 170 0.0119887
233 56 85 170 0.0145869
179 57 85 170 0.0105259
180 57 85 170 0.0112191
181 57 85 170 0.0119601
182 57 85 170 0.0123314
183 57 85 170 0.0120161
184 57 85 170 0.0113304
185 57 85 170 0.0107382
186 57 85 170 0.0102468
187 57 85 170 0.010049
188 57 85 170 0.0102571
205 57 85 170 0.0100638
206 57 85 170 0.0105383
207 57 85 170 0.0111515
208 57 85 170 0.0115134
209 57 85 170 0.011903
210 57 85 170 0.0121703
211 57 85 170 0.0123771
212 57 85 170 0.0129298
213 57 85 170 0.0136219
214 57 85 170 0.0137996
215 57 85 170 0.0134676
216 57 85 170 0.0133409
217 57 85 170 0.0133913
218 57 85 170 0.0130154
219 57 85 170 0.0125172
220 57 85 170 0.0128197
221 57 85 170 0.0130241
222 57 85 170 0.0134209
223 57 85 170 0.0139012
224 57 85 170 0.0134727
225 57 85 170 0.0125627
226 57 85 170 0.0117035
227 57 85 170 0.011258
228 57 85 170 0.0112562
229 57 85 170 0.0111632
230 57 85 170 0.011451
231 57 85 170 0.0118734
232 57 85 170 0.0121488
233 57 85 170 0.0149129
234 57 85 170 0.0100282
180 58 85 170 0.0102277
181 58 85 170 0.01107
182 58 85 170 0.0116033
183 58 85 170 0.0113124
184 58 85 170 0.0105138
206 58 85 170 0.0100897
207 58 85 170 0.0107053
208 58 85 170 0.0109457
209 58 85 170 0.0111999
210 58 85 170 0.0113817
211 58 85 170 0.0115275
212 58 85 170 0.0119518
213 58 85 170 0.0123255
214 58 85 170 0.0123559
215 58 85 170 0.0120387
216 58 85 170 0.0116786
217 58 85 170 0.0116338
218 58 85 170 0.0112783
219 58 85 170 0.0107878
220 58 85 170 0.0111194
221 58 85 170 0.0113122
222 58 85 170 0.0116015
223 58 85 170 0.0119909
224 58 85 170 0.0116316
225 58 85 170 0.0107055
232 58 85 170 0.0101526
233 58 85 170 0.0125758
180 59 85 170 0.0101043
181 59 85 170 0.0109933
182 59 85 170 0.0114729
183 59 85 170 0.0111653
184 59 85 170 0.0103937
104 0 64 128 0.0101151
105 0 64 128 0.0117548
106 0 64 128 0.0129526
107 0 64 128 0.0137276
108 0 64 128 0.0134699
109 0 64 128 0.0130123
110 0 64 128 0.0123242
111 0 64 128 0.0125051
112 0 64 128 0.0125977
113 0 64 128 0.0129194
114 0 64 128 0.0126279
115 0 64 128 0.013023
116 0 64 128 0.0125075
117 0 64 128 0.0125781
118 0 64 128 0.0118394
119 0 64 128 0.0114778
120 0 64 128 0.0113456
121 0 64 128 0.0116721
122 0 64 128 0.0116397
123 0 64 128 0.0120167
124 0 64 128 0.01249
125 0 64 128 0.0133711
126 0 64 128 0.01322
127 0 64 128 0.0140002
128 0 64 128 0.0138633
129 0 64 128 0.0133777
130 0 64 128 0.0108951
157 0 64 128 0.0105694
158 0 64 128 0.0109234
159 0 64 128 0.0110934
160 0 64 128 0.0117058
161 0 64 128 0.0128092
162 0 64 128 0.0134663
163 0 64 128 0.0134809
164 0 64 128 0.0141917
165 0 64 128 0.0145794
166 0 64 128 0.0148468
167 0 64 128 0.0152676
168 0 64 128 0.0160738
169 0 64 128 0.0169972
170 0 64 128 0.0186496
171 0 64 128 0.0203078
172 0 64 128 0.0239936
173 0 64 128 0.0274121
174 0 64 128 0.0299321
175 0 64 128 0.0315092
176 0 64 128 0.0333434
177 0 64 128 0.0365435
178 0 64 128 0.0410671
179 0 64 128 0.0466172
180 0 64 128 0.0493139
181 0 64 128 0.0540016
182 0 64 128 0.0574046
183 0 64 128 0.0588671
184 0 64 128 0.0621748
185 0 64 128 0.0653085
186 0 64 128 0.0687294
187 0 64 128 0.0740615
188 0 64 128 0.0732169
189 0 64 128 0.0741162
190 0 64 128 0.0739433
191 0 64 128 0.0735478
192 0 64 128 0.070987
193 0 64 128 0.0647735
194 0 64 128 0.0631942
195 0 64 128 0.0628024
196 0 64 128 0.058933
197 0 64 128 0.0564614
198 0 64 128 0.0537055
199 0 64 128 0.051921
200 0 64 128 0.0492298
201 0 64 128 0.0453384
202 0 64 128 0.0397129
203 0 64 128 0.0378838
204 0 64 128 0.0383825
205 0 64 128 0.0390232
206 0 64 128 0.0411899
207 0 64 128 0.0442076
208 0 64 128 0.0442243
209 0 64 128 0.0451263
210 0 64 128 0.0421556
211 0 64 128 0.0385268
212 0 64 128 0.0359398
213 0 64 128 0.0365339
214 0 64 128 0.0343564
215 0 64 128 0.0356603
216 0 64 128 0.0336778
217 0 64 128 0.0324496
218 0 64 128 0.0321086
219 0 64 128 0.0309666
220 0 64 128 0.0284664
221 0 64 128 0.0269509
222 0 64 128 0.0265062
223 0 64 128 0.0261873
224 0 64 128 0.0257581
225 0 64 128 0.0259759
226 0 64 128 0.0272628
227 0 64 128 0.0278582
228 0 64 128 0.0256693
229 0 64 128 0.0230493
230 0 64 128 0.020393
231 0 64 128 0.0188745
232 0 64 128 0.0174
233 0 64 128 0.016395
234 0 64 128 0.0160236
235 0 64 128 0.0159783
236 0 64 128 0.015366
237 0 64 128 0.0156719
238 0 64 128 0.0157599
239 0 64 128 0.0171641
240 0 64 128 0.0184277
241 0 64 128 0.0198789
242 0 64 128 0.0206543
243 0 64 128 0.0205863
244 0 64 128 0.0194457
245 0 64 128 0.0178645
246 0 64 128 0.0159611
247 0 64 128 0.0149645
248 0 64 128 0.0145119
249 0 64 128 0.0152635
250 0 64 128 0.0169419
251 0 64 128 0.0179885
252 0 64 128 0.0197408
253 0 64 128 0.019916
254 0 64 128 0.019185
255 0 64 128 0.0171925
173 1 64 128 0.0106992
174 1 64 128 0.0118837
175 1 64 128 0.0130145
176 1 64 128 0.0140413
177 1 64 128 0.0157298
178 1 64 128 0.0177715
179 1 64 128 0.0209841
180 1 64 128 0.0231296
181 1 64 128 0.0248889
182 1 64 128 0.0264267
183 1 64 128 0.0289784
184 1 64 128 0.0315837
185 1 64 128 0.0342004
186 1 64 128 0.0371127
187 1 64 128 0.0410432
188 1 64 128 0.0404698
189 1 64 128 0.0415721
190 1 64 128 0.0421848
191 1 64 128 0.0420614
192 1 64 128 0.0398341
193 1 64 128 0.035425
194 1 64 128 0.0338689
195 1 64 128 0.0333382
196 1 64 128 0.0311504
197 1 64 128 0.029934
198 1 64 128 0.0280619
199 1 64 128 0.0270161
200 1 64 128 0.0259041
201 1 64 128 0.0240429
202 1 64 128 0.0206413
203 1 64 128 0.0194966
204 1 64 128 0.0193239
205 1 64 128 0.019991
206 1 64 128 0.0204681
207 1 64 128 0.0216932
208 1 64 128 0.0217798
209 1 64 128 0.0220423
210 1 64 128 0.0206228
211 1 64 128 0.019228
212 1 64 128 0.0178478
213 1 64 128 0.0178354
214 1 64 128 0.0165174
215 1 64 128 0.0169471
216 1 64 128 0.0161982
217 1 64 128 0.015473
218 1 64 128 0.0151818
219 1 64 128 0.014756
220 1 64 128 0.0136559
221 1 64 128 0.0126303
222 1 64 128 0.012258
223 1 64 128 0.0127716
224 1 64 128 0.0125781
225 1 64 128 0.0127153
226 1 64 128 0.0131053
227 1 64 128 0.0138507
228 1 64 128 0.0131228
229 1 64 128 0.0118265
230 1 64 128 0.0107536
241 1 64 128 0.0103151
242 1 64 128 0.0104794
243 1 64 128 0.0100627
252 1 64 128 0.0100334
253 1 64 128 0.0103883
254 1 64 128 0.010446
180 2 64 128 0.0104094
181 2 64 128 0.0111112
182 2 64 128 0.0121051
183 2 64 128 0.0136475
184 2 64 128 0.0153532
185 2 64 128 0.01679
186 2 64 128 0.018015
187 2 64 128 0.0196776
188 2 64 128 0.0200831
189 2 64 128 0.0206736
190 2 64 128 0.0207955
191 2 64 128 0.0204546
192 2 64 128 0.0195435
193 2 64 128 0.0175847
194 2 64 128 0.0167071
195 2 64 128 0.0165739
196 2 64 128 0.015518
197 2 64 128 0.0148966
198 2 64 128 0.0138332
199 2 64 128 0.0131582
200 2 64 128 0.0124567
201 2 64 128 0.011871
202 2 64 128 0.0104502
206 2 64 128 0.0101545
207 2 64 128 0.010467
208 2 64 128 0.010742
209 2 64 128 0.0108779
189 3 64 128 0.010161
190 3 64 128 0.0102603
14 25 64 128 0.0100538
10 26 64 128 0.010235
11 26 64 128 0.012913
12 26 64 128 0.0147773
13 26 64 128 0.0154212
14 26 64 128 0.0196029
15 26 64 128 0.0163063
16 26 64 128 0.0148208
255 26 64 128 0.0102329
10 27 64 128 0.0115737
11 27 64 128 0.0157504
12 27 64 128 0.0183193
13 27 64 128 0.0227014
14 27 64 128 0.0267605
15 27 64 128 0.0246039
16 27 64 128 0.0212663
17 27 64 128 0.0143918
18 27 64 128 0.010154
34 27 64 128 0.0120534
35 27 64 128 0.0109298
36 27 64 128 0.0107294
38 27 64 128 0.0140895
39 27 64 128 0.0127329
40 27 64 128 0.013602
41 27 64 128 0.0111128
42 27 64 128 0.0102478
56 27 64 128 0.011719
252 27 64 128 0.0103435
253 27 64 128 0.0114365
254 27 64 128 0.0127503
255 27 64 128 0.0139686
0 28 64 128 0.0109077
1 28 64 128 0.0104903
9 28 64 128 0.0111986
10 28 64 128 0.0174474
11 28 64 128 0.0223055
12 28 64 128 0.0303765
13 28 64 128 0.0364007
14 28 64 128 0.0517394
15 28 64 128 0.0445567
16 28 64 128 0.0391173
17 28 64 128 0.02559
18 28 64 128 0.0203713
19 28 64 128 0.0151074
37 28 64 128 0.0108552
38 28 64 128 0.0166639
39 28 64 128 0.0189081
40 28 64 128 0.0204144
41 28 64 128 0.0198672
42 28 64 128 0.017392
43 28 64 128 0.0119617
55 28 64 128 0.0113891
56 28 64 128 0.0151563
57 28 64 128 0.0119603
58 28 64 128 0.0126278
59 28 64 128 0.0112158
253 28 64 128 0.0101718
254 28 64 128 0.0112643
255 28 64 128 0.0128442
0 29 64 128 0.0128148
1 29 64 128 0.0115085
10 29 64 128 0.0130623
11 29 64 128 0.0198041
12 29 64 128 0.026827
13 29 64 128 0.0406678
14 29 64 128 0.0571668
15 29 64 128 0.0538243
16 29 64 128 0.0507255
17 29 64 128 0.039704
18 29 64 128 0.0288528
19 29 64 128 0.0234586
20 29 64 128 0.0127151
36 29 64 128 0.0100374
37 29 64 128 0.0100142
38 29 64 128 0.0163534
39 29 64 128 0.0179813
40 29 64 128 0.0210068
41 29 64 128 0.0198539
42 29 64 128 0.0198086
43 29 64 128 0.0139231
55 29 64 128 0.0115082
56 29 64 128 0.017354
57 29 64 128 0.0149127
58 29 64 128 0.0147552
59 29 64 128 0.0149665
60 29 64 128 0.0116065
251 29 64 128 0.0111346
252 29 64 128 0.0120148
253 29 64 128 0.0126303
254 29 64 128 0.0137458
255 29 64 128 0.0155713
0 30 64 128 0.0132772
1 30 64 128 0.0127046
10 30 64 128 0.0147587
11 30 64 128 0.0210241
12 30 64 128 0.0318777
13 30 64 128 0.0475745
14 30 64 128 0.0740624
15 30 64 128 0.0634763
16 30 64 128 0.0611075
17 30 64 128 0.0446334
18 30 64 128 0.0367308
19 30 64 128 0.027257
20 30 64 128 0.0157208
39 30 64 128 0.0116305
40 30 64 128 0.0157992
41 30 64 128 0.0159807
42 30 64 128 0.0173819
43 30 64 128 0.0143926
44 30 64 128 0.0105927
55 30 64 128 0.0105901
56 30 64 128 0.015676
57 30 64 128 0.0129992
58 30 64 128 0.0165332
59 30 64 128 0.0156622
60 30 64 128 0.0127843
89 30 64 128 0.0116848
90 30 64 128 0.0107799
91 30 64 128 0.0114536
135 30 64 128 0.010178
254 30 64 128 0.0101102
255 30 64 128 0.0112981
0 31 64 128 0.0120938
1 31 64 128 0.0105872
11 31 64 128 0.0106925
12 31 64 128 0.0163357
13 31 64 128 0.0274321
14 31 64 128 0.0402142
15 31 64 128 0.0340284
16 31 64 128 0.0358082
17 31 64 128 0.0309506
18 31 64 128 0.0261891
19 31 64 128 0.021833
20 31 64 128 0.0130721
40 31 64 128 0.0130143
41 31 64 128 0.0134659
42 31 64 128 0.0156422
43 31 64 128 0.0138079
44 31 64 128 0.0111077
56 31 64 128 0.0146876
57 31 64 128 0.0121672
58 31 64 128 0.014251
59 31 64 128 0.0143071
60 31 64 128 0.0120065
88 31 64 128 0.0117192
89 31 64 128 0.0142972
90 31 64 128 0.0151446
91 31 64 128 0.0148604
92 31 64 128 0.010362
133 31 64 128 0.0100199
134 31 64 128 0.0113453
135 31 64 128 0.0137796
136 31 64 128 0.0101181
13 32 64 128 0.012387
14 32 64 128 0.0210023
15 32 64 128 0.0201103
16 32 64 128 0.0224681
17 32 64 128 0.0192895
18 32 64 128 0.0171986
19 32 64 128 0.0152705
56 32 64 128 0.0103809
87 32 64 128 0.0142502
88 32 64 128 0.0180122
89 32 64 128 0.0232668
90 32 64 128 0.0245215
91 32 64 128 0.0247916
92 32 64 128 0.0193473
93 32 64 128 0.0120809
133 32 64 128 0.0114236
134 32 64 128 0.0129528
135 32 64 128 0.0169988
136 32 64 128 0.0112906
137 32 64 128 0.0107677
16 33 64 128 0.0104143
17 33 64 128 0.0106272
18 33 64 128 0.0102519
87 33 64 128 0.0140232
88 33 64 128 0.0180438
89 33 64 128 0.0241572
90 33 64 128 0.0246976
91 33 64 128 0.0257386
92 33 64 128 0.0185154
93 33 64 128 0.0133466
94 33 64 128 0.010123
135 33 64 128 0.0122681
87 34 64 128 0.0134074
88 34 64 128 0.0174481
89 34 64 128 0.022731
90 34 64 128 0.0236294
91 34 64 128 0.0241911
92 34 64 128 0.0197319
93 34 64 128 0.0133084
94 34 64 128 0.0117732
95 34 64 128 0.01048
96 34 64 128 0.0112781
97 34 64 128 0.0111287
89 35 64 128 0.0100606
90 35 64 128 0.0111093
91 35 64 128 0.0102204
255 64 64 128 0.0102768
253 65 64 128 0.0108634
254 65 64 128 0.0135856
255 65 64 128 0.015645
252 66 64 128 0.0108624
253 66 64 128 0.0127306
254 66 64 128 0.0152038
255 66 64 128 0.0163948
250 67 64 128 0.0102885
251 67 64 128 0.0119634
252 67 64 128 0.0139978
253 67 64 128 0.0168741
254 67 64 128 0.0204431
255 67 64 128 0.0233864
235 68 64 128 0.0101654
243 68 64 128 0.0101109
244 68 64 128 0.0107301
245 68 64 128 0.0109324
246 68 64 128 0.0114271
247 68 64 128 0.0125662
248 68 64 128 0.0127966
249 68 64 128 0.012459
250 68 64 128 0.0130125
251 68 64 128 0.0141227
252 68 64 128 0.0157295
253 68 64 128 0.0180106
254 68 64 128 0.0216386
255 68 64 128 0.0239297
247 69 64 128 0.0103154
248 69 64 128 0.0113244
249 69 64 128 0.0113765
250 69 64 128 0.0114281
251 69 64 128 0.0127518
252 69 64 128 0.0154688
253 69 64 128 0.018081
254 69 64 128 0.0212452
255 69 64 128 0.0228379
233 70 64 128 0.0100822
234 70 64 128 0.0105333
235 70 64 128 0.0102001
247 70 64 128 0.0107079
248 70 64 128 0.0110286
249 70 64 128 0.0112358
250 70 64 128 0.0106744
251 70 64 128 0.011461
252 70 64 128 0.0129737
253 70 64 128 0.0146717
254 70 64 128 0.0167004
255 70 64 128 0.0171815
246 71 64 128 0.0104204
247 71 64 128 0.0110355
248 71 64 128 0.011706
249 71 64 128 0.0115353
250 71 64 128 0.0112899
251 71 64 128 0.012609
252 71 64 128 0.0141029
253 71 64 128 0.015366
254 71 64 128 0.0172017
255 71 64 128 0.0192819
188 72 64 128 0.0103612
189 72 64 128 0.0116652
190 72 64 128 0.0119902
191 72 64 128 0.0112291
192 72 64 128 0.0109393
194 72 64 128 0.0103372
195 72 64 128 0.0101228
196 72 64 128 0.0103621
221 72 64 128 0.0101438
223 72 64 128 0.0100272
227 72 64 128 0.010761
228 72 64 128 0.0111642
229 72 64 128 0.0116886
230 72 64 128 0.0117154
231 72 64 128 0.0117832
232 72 64 128 0.0127194
233 72 64 128 0.0134776
234 72 64 128 0.013964
235 72 64 128 0.0139461
236 72 64 128 0.0123014
237 72 64 128 0.0118387
238 72 64 128 0.0109947
239 72 64 128 0.0103621
240 72 64 128 0.0100444
242 72 64 128 0.0101185
243 72 64 128 0.0109062
244 72 64 128 0.011394
245 72 64 128 0.0108617
246 72 64 128 0.0107948
247 72 64 128 0.0113512
248 72 64 128 0.0110195
249 72 64 128 0.0112343
250 72 64 128 0.0112178
251 72 64 128 0.011956
252 72 64 128 0.0126783
253 72 64 128 0.0137668
254 72 64 128 0.015163
255 72 64 128 0.0158536
187 73 64 128 0.0132207
188 73 64 128 0.0148454
189 73 64 128 0.0168516
190 73 64 128 0.0161621
191 73 64 128 0.0158476
192 73 64 128 0.0146392
193 73 64 128 0.0133567
194 73 64 128 0.0134911
195 73 64 128 0.0134536
196 73 64 128 0.0133294
197 73 64 128 0.0122456
198 73 64 128 0.0115131
199 73 64 128 0.0102032
218 73 64 128 0.0102164
219 73 64 128 0.0112348
220 73 64 128 0.0116796
221 73 64 128 0.0125886
222 73 64 128 0.0123048
223 73 64 128 0.0122511
224 73 64 128 0.0120497
225 73 64 128 0.0114672
226 73 64 128 0.0111221
227 73 64 128 0.0118101
228 73 64 128 0.0119613
229 73 64 128 0.0114918
230 73 64 128 0.0118567
231 73 64 128 0.0118947
232 73 64 128 0.0123332
233 73 64 128 0.0127149
234 73 64 128 0.0127737
235 73 64 128 0.0125429
236 73 64 128 0.0114082
237 73 64 128 0.0104916
238 73 64 128 0.010286
243 73 64 128 0.0103428
244 73 64 128 0.0112899
245 73 64 128 0.0113011
246 73 64 128 0.0112454
247 73 64 128 0.0116595
248 73 64 128 0.0122395
249 73 64 128 0.012087
250 73 64 128 0.0122965
251 73 64 128 0.0125005
252 73 64 128 0.0143402
253 73 64 128 0.0159163
254 73 64 128 0.0174794
255 73 64 128 0.0188886
186 74 64 128 0.0124908
187 74 64 128 0.0176434
188 74 64 128 0.0201745
189 74 64 128 0.0233686
190 74 64 128 0.023573
191 74 64 128 0.0235432
192 74 64 128 0.0221301
193 74 64 128 0.0203769
194 74 64 128 0.0202504
195 74 64 128 0.0200608
196 74 64 128 0.0207668
197 74 64 128 0.0193444
198 74 64 128 0.0172789
199 74 64 128 0.0155971
200 74 64 128 0.0145767
201 74 64 128 0.0130649
202 74 64 128 0.0116134
203 74 64 128 0.0113999
204 74 64 128 0.010715
205 74 64 128 0.010091
212 74 64 128 0.0107867
213 74 64 128 0.0117725
214 74 64 128 0.0123968
215 74 64 128 0.0120262
216 74 64 128 0.0117804
217 74 64 128 0.0118887
218 74 64 128 0.0126038
219 74 64 128 0.0136326
220 74 64 128 0.013646
221 74 64 128 0.0139054
222 74 64 128 0.0133844
223 74 64 128 0.0131209
224 74 64 128 0.0128831
225 74 64 128 0.0129859
226 74 64 128 0.0126649
227 74 64 128 0.0130239
228 74 64 128 0.012847
229 74 64 128 0.0128722
230 74 64 128 0.0122695
231 74 64 128 0.0125547
232 74 64 128 0.0137182
233 74 64 128 0.0141728
234 74 64 128 0.0144221
235 74 64 128 0.0143617
236 74 64 128 0.0131405
237 74 64 128 0.0123439
238 74 64 128 0.0115482
239 74 64 128 0.011381
240 74 64 128 0.0111287
241 74 64 128 0.0117989
242 74 64 128 0.0119363
243 74 64 128 0.0124272
244 74 64 128 0.0128344
245 74 64 128 0.0121811
246 74 64 128 0.0120796
247 74 64 128 0.0125111
248 74 64 128 0.0122374
249 74 64 128 0.0120755
250 74 64 128 0.0122153
251 74 64 128 0.0123593
252 74 64 128 0.0132457
253 74 64 128 0.0142564
254 74 64 128 0.0145412
255 74 64 128 0.0160849
185 75 64 128 0.0109279
186 75 64 128 0.0148288
187 75 64 128 0.0205345
188 75 64 128 0.023127
189 75 64 128 0.0268917
190 75 64 128 0.0275965
191 75 64 128 0.0262395
192 75 64 128 0.0236479
193 75 64 128 0.0209215
194 75 64 128 0.0200614
195 75 64 128 0.020106
196 75 64 128 0.0205817
197 75 64 128 0.0197079
198 75 64 128 0.0185543
199 75 64 128 0.0174181
200 75 64 128 0.0169861
201 75 64 128 0.0156441
202 75 64 128 0.0139467
203 75 64 128 0.0140936
204 75 64 128 0.0137863
205 75 64 128 0.0137493
206 75 64 128 0.0121112
207 75 64 128 0.0116147
208 75 64 128 0.0105353
209 75 64 128 0.0104198
210 75 64 128 0.0109975
211 75 64 128 0.0131376
212 75 64 128 0.0157468
213 75 64 128 0.0177602
214 75 64 128 0.0181674
215 75 64 128 0.0170442
216 75 64 128 0.0171115
217 75 64 128 0.0178897
218 75 64 128 0.0190723
219 75 64 128 0.0197125
220 75 64 128 0.0201774
221 75 64 128 0.0204675
222 75 64 128 0.0199005
223 75 64 128 0.0185275
224 75 64 128 0.0183362
225 75 64 128 0.0176329
226 75 64 128 0.0165697
227 75 64 128 0.016789
228 75 64 128 0.0163937
229 75 64 128 0.0161403
230 75 64 128 0.0154519
231 75 64 128 0.0154179
232 75 64 128 0.0150176
233 75 64 128 0.0147731
234 75 64 128 0.01431
235 75 64 128 0.0148161
236 75 64 128 0.0135647
237 75 64 128 0.0127495
238 75 64 128 0.0122169
239 75 64 128 0.0118439
240 75 64 128 0.0123842
241 75 64 128 0.0127059
242 75 64 128 0.0129481
243 75 64 128 0.0132087
244 75 64 128 0.0144644
245 75 64 128 0.0145248
246 75 64 128 0.0152162
247 75 64 128 0.0151587
248 75 64 128 0.0156874
249 75 64 128 0.0152688
250 75 64 128 0.0150926
251 75 64 128 0.0153114
252 75 64 128 0.0164563
253 75 64 128 0.0168085
254 75 64 128 0.0170332
255 75 64 128 0.0188772
185 76 64 128 0.0119452
186 76 64 128 0.016777
187 76 64 128 0.0220686
188 76 64 128 0.0246344
189 76 64 128 0.0284497
190 76 64 128 0.0299923
191 76 64 128 0.0300138
192 76 64 128 0.0277833
193 76 64 128 0.0241672
194 76 64 128 0.0235114
195 76 64 128 0.0239986
196 76 64 128 0.0254382
197 76 64 128 0.0255983
198 76 64 128 0.0242359
199 76 64 128 0.0232962
200 76 64 128 0.020909
201 76 64 128 0.0194134
202 76 64 128 0.0173931
203 76 64 128 0.0172394
204 76 64 128 0.0168419
205 76 64 128 0.0165971
206 76 64 128 0.0153409
207 76 64 128 0.0148126
208 76 64 128 0.0129845
209 76 64 128 0.0124026
210 76 64 128 0.0130726
211 76 64 128 0.015357
212 76 64 128 0.0180754
213 76 64 128 0.0209905
214 76 64 128 0.0212158
215 76 64 128 0.0208101
216 76 64 128 0.0201693
217 76 64 128 0.0196811
218 76 64 128 0.020557
219 76 64 128 0.0218636
220 76 64 128 0.0212543
221 76 64 128 0.0211027
222 76 64 128 0.0211257
223 76 64 128 0.0212315
224 76 64 128 0.0203031
225 76 64 128 0.0212473
226 76 64 128 0.0192693
227 76 64 128 0.0204836
228 76 64 128 0.0198695
229 76 64 128 0.0202391
230 76 64 128 0.0191661
231 76 64 128 0.0193362
232 76 64 128 0.0196239
233 76 64 128 0.0197683
234 76 64 128 0.0189474
235 76 64 128 0.0193306
236 76 64 128 0.0175525
237 76 64 128 0.0165388
238 76 64 128 0.0150733
239 76 64 128 0.0140942
240 76 64 128 0.0139286
241 76 64 128 0.014421
242 76 64 128 0.0152233
243 76 64 128 0.0147241
244 76 64 128 0.0151169
245 76 64 128 0.0148372
246 76 64 128 0.0150514
247 76 64 128 0.0150991
248 76 64 128 0.0149677
249 76 64 128 0.0143142
250 76 64 128 0.0140464
251 76 64 128 0.0135831
252 76 64 128 0.0140089
253 76 64 128 0.0139339
254 76 64 128 0.0137542
255 76 64 128 0.0158378
186 77 64 128 0.012131
187 77 64 128 0.0157685
188 77 64 128 0.0174642
189 77 64 128 0.01867
190 77 64 128 0.020604
191 77 64 128 0.0214165
192 77 64 128 0.0192951
193 77 64 128 0.0171956
194 77 64 128 0.0164311
195 77 64 128 0.0163894
196 77 64 128 0.0177969
197 77 64 128 0.017739
198 77 64 128 0.0165642
199 77 64 128 0.0154628
200 77 64 128 0.0144708
201 77 64 128 0.0146001
202 77 64 128 0.0137922
203 77 64 128 0.0141332
204 77 64 128 0.0141745
205 77 64 128 0.0136955
206 77 64 128 0.0130525
207 77 64 128 0.0122693
208 77 64 128 0.0107447
209 77 64 128 0.0104184
210 77 64 128 0.0114598
211 77 64 128 0.0135694
212 77 64 128 0.0169613
213 77 64 128 0.0195387
214 77 64 128 0.0204052
215 77 64 128 0.0206912
216 77 64 128 0.0205116
217 77 64 128 0.0213817
218 77 64 128 0.0219005
219 77 64 128 0.0241259
220 77 64 128 0.0238871
221 77 64 128 0.0228646
222 77 64 128 0.0224645
223 77 64 128 0.0217674
224 77 64 128 0.0216319
225 77 64 128 0.0212023
226 77 64 128 0.0197351
227 77 64 128 0.0194305
228 77 64 128 0.0190787
229 77 64 128 0.0184401
230 77 64 128 0.0175238
231 77 64 128 0.0169552
232 77 64 128 0.0171342
233 77 64 128 0.0174943
234 77 64 128 0.0174486
235 77 64 128 0.0169661
236 77 64 128 0.0157893
237 77 64 128 0.0151384
238 77 64 128 0.0138123
239 77 64 128 0.0128183
240 77 64 128 0.0127894
241 77 64 128 0.0125338
242 77 64 128 0.0134156
243 77 64 128 0.0132572
244 77 64 128 0.0140541
245 77 64 128 0.013917
246 77 64 128 0.0142476
247 77 64 128 0.0144355
248 77 64 128 0.0152186
249 77 64 128 0.0136957
250 77 64 128 0.0140771
251 77 64 128 0.0138905
252 77 64 128 0.0145754
253 77 64 128 0.015236
254 77 64 128 0.0159188
255 77 64 128 0.0167326
187 78 64 128 0.0118041
188 78 64 128 0.0125788
189 78 64 128 0.0137501
190 78 64 128 0.0154358
191 78 64 128 0.0161794
192 78 64 128 0.0146255
193 78 64 128 0.0142396
194 78 64 128 0.0138864
195 78 64 128 0.0139336
196 78 64 128 0.0137895
197 78 64 128 0.0139251
198 78 64 128 0.013525
199 78 64 128 0.0133669
200 78 64 128 0.0125195
201 78 64 128 0.0127734
202 78 64 128 0.0123017
203 78 64 128 0.0124513
204 78 64 128 0.0124086
205 78 64 128 0.0115723
206 78 64 128 0.0115296
207 78 64 128 0.0114618
208 78 64 128 0.0106619
209 78 64 128 0.0100137
210 78 64 128 0.0111804
211 78 64 128 0.0131958
212 78 64 128 0.0154379
213 78 64 128 0.0174598
214 78 64 128 0.0184704
215 78 64 128 0.0196197
216 78 64 128 0.0190945
217 78 64 128 0.0191446
218 78 64 128 0.0191448
219 78 64 128 0.0210117
220 78 64 128 0.020772
221 78 64 128 0.0199471
222 78 64 128 0.0203694
223 78 64 128 0.0195889
224 78 64 128 0.018003
225 78 64 128 0.0179455
226 78 64 128 0.0177541
227 78 64 128 0.0173238
228 78 64 128 0.0172373
229 78 64 128 0.0189258
230 78 64 128 0.0184962
231 78 64 128 0.0188328
232 78 64 128 0.0196983
233 78 64 128 0.0204083
234 78 64 128 0.0198353
235 78 64 128 0.0193512
236 78 64 128 0.0185175
237 78 64 128 0.0184178
238 78 64 128 0.0173337
239 78 64 128 0.0169216
240 78 64 128 0.0161833
241 78 64 128 0.0154199
242 78 64 128 0.0152186
243 78 64 128 0.0144231
244 78 64 128 0.014098
245 78 64 128 0.0138803
246 78 64 128 0.0140054
247 78 64 128 0.0139045
248 78 64 128 0.0130821
249 78 64 128 0.0118862
250 78 64 128 0.0114157
251 78 64 128 0.0115849
252 78 64 128 0.0122654
253 78 64 128 0.0125108
254 78 64 128 0.0122452
255 78 64 128 0.0126019
191 79 64 128 0.0100135
211 79 64 128 0.0104665
212 79 64 128 0.0124884
213 79 64 128 0.0151267
214 79 64 128 0.0162661
215 79 64 128 0.0173959
216 79 64 128 0.017387
217 79 64 128 0.0171727
218 79 64 128 0.0176707
219 79 64 128 0.0187283
220 79 64 128 0.019754
221 79 64 128 0.0195829
222 79 64 128 0.0186341
223 79 64 128 0.0183096
224 79 64 128 0.0168337
225 79 64 128 0.0151876
226 79 64 128 0.0136386
227 79 64 128 0.0133575
228 79 64 128 0.0127431
229 79 64 128 0.0132774
230 79 64 128 0.0122321
231 79 64 128 0.0119324
232 79 64 128 0.012062
233 79 64 128 0.0124779
234 79 64 128 0.0124025
235 79 64 128 0.0121951
236 79 64 128 0.0119238
237 79 64 128 0.0120976
238 79 64 128 0.011524
239 79 64 128 0.0109806
240 79 64 128 0.0108039
241 79 64 128 0.0101609
242 79 64 128 0.010175
243 79 64 128 0.0103652
244 79 64 128 0.0106293
245 79 64 128 0.010487
246 79 64 128 0.0112477
247 79 64 128 0.0112092
248 79 64 128 0.0107425
249 79 64 128 0.0100025
250 79 64 128 0.0101987
251 79 64 128 0.0108211
252 79 64 128 0.0117326
253 79 64 128 0.0117562
254 79 64 128 0.0112947
255 79 64 128 0.0113801
211 80 64 128 0.010122
212 80 64 128 0.0115527
213 80 64 128 0.0125829
214 80 64 128 0.0126749
215 80 64 128 0.0133723
216 80 64 128 0.0136233
217 80 64 128 0.0134751
218 80 64 128 0.0126349
219 80 64 128 0.0126441
220 80 64 128 0.0122823
221 80 64 128 0.0120405
222 80 64 128 0.0111617
223 80 64 128 0.0109851
224 80 64 128 0.0101987
225 80 64 128 0.010092
232 80 64 128 0.010363
233 80 64 128 0.011142
234 80 64 128 0.0110826
235 80 64 128 0.0113383
236 80 64 128 0.0108644
237 80 64 128 0.0107601
253 89 64 128 0.0114555
254 89 64 128 0.0127439
255 89 64 128 0.0139263
243 90 64 128 0.0105466
244 90 64 128 0.0122965
245 90 64 128 0.0138642
246 90 64 128 0.0143105
247 90 64 128 0.0159003
248 90 64 128 0.0160715
249 90 64 128 0.0188265
250 90 64 128 0.0212542
251 90 64 128 0.0269474
252 90 64 128 0.0315325
253 90 64 128 0.0380444
254 90 64 128 0.0434133
255 90 64 128 0.0475558
224 91 64 128 0.0102498
225 91 64 128 0.0104258
226 91 64 128 0.0100999
227 91 64 128 0.011638
228 91 64 128 0.0112418
229 91 64 128 0.0118168
230 91 64 128 0.0123725
231 91 64 128 0.0127876
232 91 64 128 0.0130285
233 91 64 128 0.0135692
234 91 64 128 0.0134963
235 91 64 128 0.0141778
236 91 64 128 0.0147795
237 91 64 128 0.0159851
238 91 64 128 0.0174263
239 91 64 128 0.0193505
240 91 64 128 0.0210742
241 91 64 128 0.0228789
242 91 64 128 0.0275812
243 91 64 128 0.0340849
244 91 64 128 0.040019
245 91 64 128 0.0468759
246 91 64 128 0.0517039
247 91 64 128 0.0580493
248 91 64 128 0.0634877
249 91 64 128 0.0772415
250 91 64 128 0.0925813
251 91 64 128 0.114164
252 91 64 128 0.136309
253 91 64 128 0.150659
254 91 64 128 0.170774
255 91 64 128 0.184751
211 92 64 128 0.0100114
212 92 64 128 0.0111012
213 92 64 128 0.0126087
214 92 64 128 0.0147301
215 92 64 128 0.0160047
216 92 64 128 0.0176678
217 92 64 128 0.0196998
218 92 64 128 0.0222608
219 92 64 128 0.0255594
220 92 64 128 0.0300291
221 92 64 128 0.0335261
222 92 64 128 0.0371689
223 92 64 128 0.0377057
224 92 64 128 0.0404385
225 92 64 128 0.0400988
226 92 64 128 0.0426441
227 92 64 128 0.0466958
228 92 64 128 0.0494597
229 92 64 128 0.0537349
230 92 64 128 0.0570949
231 92 64 128 0.0586723
232 92 64 128 0.064362
233 92 64 128 0.0732233
234 92 64 128 0.0759078
235 92 64 128 0.080832
236 92 64 128 0.0888611
237 92 64 128 0.0946585
238 92 64 128 0.0954189
239 92 64 128 0.103408
240 92 64 128 0.116718
241 92 64 128 0.125841
242 92 64 128 0.151726
243 92 64 128 0.179638
244 92 64 128 0.200032
245 92 64 128 0.225067
246 92 64 128 0.229277
247 92 64 128 0.257833
248 92 64 128 0.264174
249 92 64 128 0.290344
250 92 64 128 0.305955
251 92 64 128 0.352019
252 92 64 128 0.380877
253 92 64 128 0.421146
254 92 64 128 0.445777
255 92 64 128 0.469575
158 93 64 128 0.0108801
159 93 64 128 0.0125726
188 93 64 128 0.0102827
189 93 64 128 0.0125851
190 93 64 128 0.0140112
191 93 64 128 0.0148225
192 93 64 128 0.0141313
193 93 64 128 0.0142206
194 93 64 128 0.0159525
195 93 64 128 0.0162692
196 93 64 128 0.0171948
197 93 64 128 0.0183182
198 93 64 128 0.0201597
199 93 64 128 0.0209655
200 93 64 128 0.0229528
201 93 64 128 0.0225521
202 93 64 128 0.0208451
203 93 64 128 0.0214379
204 93 64 128 0.0237541
205 93 64 128 0.0266461
206 93 64 128 0.0304974
207 93 64 128 0.0319079
208 93 64 128 0.0303274
209 93 64 128 0.032707
210 93 64 128 0.0345927
211 93 64 128 0.0383191
212 93 64 128 0.0441271
213 93 64 128 0.0496438
214 93 64 128 0.0568274
215 93 64 128 0.0608758
216 93 64 128 0.0670288
217 93 64 128 0.0722099
218 93 64 128 0.0792281
219 93 64 128 0.0872109
220 93 64 128 0.101495
221 93 64 128 0.111408
222 93 64 128 0.120797
223 93 64 128 0.125283
224 93 64 128 0.126438
225 93 64 128 0.127963
226 93 64 128 0.129765
227 93 64 128 0.131399
228 93 64 128 0.137735
229 93 64 128 0.14139
230 93 64 128 0.144713
231 93 64 128 0.143279
232 93 64 128 0.144793
233 93 64 128 0.154592
234 93 64 128 0.155091
235 93 64 128 0.157051
236 93 64 128 0.171396
237 93 64 128 0.183744
238 93 64 128 0.188768
239 93 64 128 0.205283
240 93 64 128 0.216326
241 93 64 128 0.239867
242 93 64 128 0.272917
243 93 64 128 0.303757
244 93 64 128 0.348706
245 93 64 128 0.390775
246 93 64 128 0.410407
247 93 64 128 0.446219
248 93 64 128 0.454687
249 93 64 128 0.482039
250 93 64 128 0.511792
251 93 64 128 0.563
252 93 64 128 0.610633
253 93 64 128 0.640298
254 93 64 128 0.665763
255 93 64 128 0.684731
17 94 64 128 0.0108933
18 94 64 128 0.0133431
19 94 64 128 0.0107912
155 94 64 128 0.0102058
156 94 64 128 0.0206954
157 94 64 128 0.0230951
158 94 64 128 0.0329697
159 94 64 128 0.0309297
160 94 64 128 0.0236846
161 94 64 128 0.012362
162 94 64 128 0.0101006
185 94 64 128 0.0131296
186 94 64 128 0.0177831
187 94 64 128 0.0246817
188 94 64 128 0.0306986
189 94 64 128 0.0346219
190 94 64 128 0.0445883
191 94 64 128 0.0510343
192 94 64 128 0.0516462
193 94 64 128 0.0520178
194 94 64 128 0.0598723
195 94 64 128 0.0603399
196 94 64 128 0.0630061
197 94 64 128 0.0690323
198 94 64 128 0.0745253
199 94 64 128 0.0710709
200 94 64 128 0.0751792
201 94 64 128 0.0728926
202 94 64 128 0.0717975
203 94 64 128 0.0714711
204 94 64 128 0.0721757
205 94 64 128 0.0744576
206 94 64 128 0.079374
207 94 64 128 0.0744363
208 94 64 128 0.0728901
209 94 64 128 0.0717896
210 94 64 128 0.0790163
211 94 64 128 0.0841033
212 94 64 128 0.0886976
213 94 64 128 0.0977019
214 94 64 128 0.106557
215 94 64 128 0.112655
216 94 64 128 0.122311
217 94 64 128 0.137661
218 94 64 128 0.151437
219 94 64 128 0.168485
220 94 64 128 0.189289
221 94 64 128 0.204561
222 94 64 128 0.22
223 94 64 128 0.211957
224 94 64 128 0.217758
225 94 64 128 0.222074
226 94 64 128 0.230895
227 94 64 128 0.237893
228 94 64 128 0.252798
229 94 64 128 0.275539
230 94 64 128 0.277837
231 94 64 128 0.291962
232 94 64 128 0.308387
233 94 64 128 0.324461
234 94 64 128 0.344071
235 94 64 128 0.374182
236 94 64 128 0.397975
237 94 64 128 0.419099
238 94 64 128 0.430448
239 94 64 128 0.469136
240 94 64 128 0.49088
241 94 64 128 0.537472
242 94 64 128 0.600856
243 94 64 128 0.635216
244 94 64 128 0.675333
245 94 64 128 0.704134
246 94 64 128 0.715283
247 94 64 128 0.740516
248 94 64 128 0.750497
249 94 64 128 0.769989
250 94 64 128 0.788017
251 94 64 128 0.819919
252 94 64 128 0.829163
253 94 64 128 0.848133
254 94 64 128 0.862618
255 94 64 128 0.867438
17 95 64 128 0.0145272
18 95 64 128 0.0150604
19 95 64 128 0.0135872
153 95 64 128 0.0122193
154 95 64 128 0.0208645
155 95 64 128 0.0362456
156 95 64 128 0.0611526
157 95 64 128 0.0681483
158 95 64 128 0.077096
159 95 64 128 0.0807268
160 95 64 128 0.054954
161 95 64 128 0.0290701
162 95 64 128 0.0187327
163 95 64 128 0.0119149
183 95 64 128 0.0146047
184 95 64 128 0.0188848
185 95 64 128 0.0258429
186 95 64 128 0.0312237
187 95 64 128 0.0397256
188 95 64 128 0.0436048
189 95 64 128 0.0534664
190 95 64 128 0.0634933
191 95 64 128 0.0738358
192 95 64 128 0.0762585
193 95 64 128 0.0789505
194 95 64 128 0.0895015
195 95 64 128 0.0998732
196 95 64 128 0.101036
197 95 64 128 0.105704
198 95 64 128 0.124932
199 95 64 128 0.128782
200 95 64 128 0.136623
201 95 64 128 0.133708
202 95 64 128 0.138938
203 95 64 128 0.146679
204 95 64 128 0.156412
205 95 64 128 0.159593
206 95 64 128 0.17084
207 95 64 128 0.169288
208 95 64 128 0.162628
209 95 64 128 0.159002
210 95 64 128 0.16573
211 95 64 128 0.174243
212 95 64 128 0.187195
213 95 64 128 0.212318
214 95 64 128 0.233949
215 95 64 128 0.243489
216 95 64 128 0.266658
217 95 64 128 0.292363
218 95 64 128 0.313772
219 95 64 128 0.339485
220 95 64 128 0.369715
221 95 64 128 0.394136
222 95 64 128 0.412479
223 95 64 128 0.421402
224 95 64 128 0.437324
225 95 64 128 0.438162
226 95 64 128 0.445002
227 95 64 128 0.471759
228 95 64 128 0.489809
229 95 64 128 0.490053
230 95 64 128 0.510505
231 95 64 128 0.517256
232 95 64 128 0.527593
233 95 64 128 0.530484
234 95 64 128 0.536492
235 95 64 128 0.548419
236 95 64 128 0.565936
237 95 64 128 0.590819
238 95 64 128 0.593538
239 95 64 128 0.613491
240 95 64 128 0.650733
241 95 64 128 0.693908
242 95 64 128 0.746143
243 95 64 128 0.770798
244 95 64 128 0.802972
245 95 64 128 0.825163
246 95 64 128 0.849301
247 95 64 128 0.863088
248 95 64 128 0.869839
249 95 64 128 0.876598
250 95 64 128 0.884447
251 95 64 128 0.90002
252 95 64 128 0.910913
253 95 64 128 0.924793
254 95 64 128 0.930137
255 95 64 128 0.93644
18 96 64 128 0.0108408
151 96 64 128 0.0100046
152 96 64 128 0.0203463
153 96 64 128 0.033039
154 96 64 128 0.0615638
155 96 64 128 0.0993905
156 96 64 128 0.152838
157 96 64 128 0.147923
158 96 64 128 0.169652
159 96 64 128 0.145021
160 96 64 128 0.0964395
161 96 64 128 0.0479599
162 96 64 128 0.0321895
163 96 64 128 0.0180422
182 96 64 128 0.014991
183 96 64 128 0.023419
184 96 64 128 0.0299511
185 96 64 128 0.0404389
186 96 64 128 0.0535185
187 96 64 128 0.0699384
188 96 64 128 0.0849401
189 96 64 128 0.0988276
190 96 64 128 0.133899
191 96 64 128 0.159099
192 96 64 128 0.179887
193 96 64 128 0.195713
194 96 64 128 0.240131
195 96 64 128 0.262013
196 96 64 128 0.277973
197 96 64 128 0.309705
198 96 64 128 0.34052
199 96 64 128 0.343927
200 96 64 128 0.363053
201 96 64 128 0.344115
202 96 64 128 0.34485
203 96 64 128 0.347644
204 96 64 128 0.351071
205 96 64 128 0.359588
206 96 64 128 0.379466
207 96 64 128 0.373878
208 96 64 128 0.357157
209 96 64 128 0.325891
210 96 64 128 0.3296
211 96 64 128 0.341683
212 96 64 128 0.359357
213 96 64 128 0.379468
214 96 64 128 0.410046
215 96 64 128 0.435705
216 96 64 128 0.466497
217 96 64 128 0.486182
218 96 64 128 0.526401
219 96 64 128 0.566261
220 96 64 128 0.586041
221 96 64 128 0.622934
222 96 64 128 0.648705
223 96 64 128 0.666911
224 96 64 128 0.688073
225 96 64 128 0.695924
226 96 64 128 0.700346
227 96 64 128 0.717337
228 96 64 128 0.743125
229 96 64 128 0.765567
230 96 64 128 0.788941
231 96 64 128 0.808372
232 96 64 128 0.818172
233 96 64 128 0.831637
234 96 64 128 0.833722
235 96 64 128 0.841772
236 96 64 128 0.844328
237 96 64 128 0.86003
238 96 64 128 0.866188
239 96 64 128 0.872335
240 96 64 128 0.888241
241 96 64 128 0.90651
242 96 64 128 0.922679
243 96 64 128 0.937777
244 96 64 128 0.947573
245 96 64 128 0.951915
246 96 64 128 0.952919
247 96 64 128 0.955909
248 96 64 128 0.956908
249 96 64 128 0.956209
250 96 64 128 0.957607
251 96 64 128 0.961249
252 96 64 128 0.963082
253 96 64 128 0.965117
254 96 64 128 0.967679
255 96 64 128 0.968389
149 97 64 128 0.0125309
150 97 64 128 0.0158097
151 97 64 128 0.0248515
152 97 64 128 0.0400776
153 97 64 128 0.0649302
154 97 64 128 0.108367
155 97 64 128 0.16967
156 97 64 128 0.233368
157 97 64 128 0.24534
158 97 64 128 0.261689
159 97 64 128 0.225308
160 97 64 128 0.147944
161 97 64 128 0.0771513
162 97 64 128 0.0429211
163 97 64 128 0.0262778
164 97 64 128 0.0135516
179 97 64 128 0.0116492
180 97 64 128 0.013853
181 97 64 128 0.0194326
182 97 64 128 0.0293833
183 97 64 128 0.0509899
184 97 64 128 0.0670255
185 97 64 128 0.0924349
186 97 64 128 0.11891
187 97 64 128 0.147934
188 97 64 128 0.168629
189 97 64 128 0.203916
190 97 64 128 0.23997
191 97 64 128 0.268526
192 97 64 128 0.2784
193 97 64 128 0.31789
194 97 64 128 0.360686
195 97 64 128 0.392858
196 97 64 128 0.420582
197 97 64 128 0.457809
198 97 64 128 0.506818
199 97 64 128 0.542896
200 97 64 128 0.560426
201 97 64 128 0.567187
202 97 64 128 0.567526
203 97 64 128 0.593384
204 97 64 128 0.621559
205 97 64 128 0.628998
206 97 64 128 0.654416
207 97 64 128 0.667031
208 97 64 128 0.6704
209 97 64 128 0.641938
210 97 64 128 0.630146
211 97 64 128 0.643695
212 97 64 128 0.671664
213 97 64 128 0.702792
214 97 64 128 0.745922
215 97 64 128 0.758248
216 97 64 128 0.783319
217 97 64 128 0.789296
218 97 64 128 0.814876
219 97 64 128 0.830144
220 97 64 128 0.837758
221 97 64 128 0.84403
222 97 64 128 0.854843
223 97 64 128 0.856854
224 97 64 128 0.86401
225 97 64 128 0.864616
226 97 64 128 0.869817
227 97 64 128 0.876605
228 97 64 128 0.884019
229 97 64 128 0.885365
230 97 64 128 0.896765
231 97 64 128 0.902691
232 97 64 128 0.903885
233 97 64 128 0.898229
234 97 64 128 0.894767
235 97 64 128 0.8924
236 97 64 128 0.889291
237 97 64 128 0.892094
238 97 64 128 0.897439
239 97 64 128 0.902927
240 97 64 128 0.91405
241 97 64 128 0.924762
242 97 64 128 0.937598
243 97 64 128 0.946567
244 97 64 128 0.954295
245 97 64 128 0.959029
246 97 64 128 0.962321
247 97 64 128 0.963097
248 97 64 128 0.965603
249 97 64 128 0.965042
250 97 64 128 0.965757
251 97 64 128 0.965513
252 97 64 128 0.966244
253 97 64 128 0.968215
254 97 64 128 0.970841
255 97 64 128 0.972858
138 98 64 128 0.0136732
139 98 64 128 0.0154999
140 98 64 128 0.0169574
141 98 64 128 0.0144194
142 98 64 128 0.018009
143 98 64 128 0.0154627
144 98 64 128 0.019182
145 98 64 128 0.0193252
146 98 64 128 0.0234299
147 98 64 128 0.023278
148 98 64 128 0.0275763
149 98 64 128 0.0401067
150 98 64 128 0.0519165
151 98 64 128 0.0684515
152 98 64 128 0.101704
153 98 64 128 0.146869
154 98 64 128 0.218791
155 98 64 128 0.261711
156 98 64 128 0.3417
157 98 64 128 0.324929
158 98 64 128 0.328558
159 98 64 128 0.240688
160 98 64 128 0.170134
161 98 64 128 0.0911673
162 98 64 128 0.0560051
163 98 64 128 0.0315988
164 98 64 128 0.0184236
165 98 64 128 0.0116303
177 98 64 128 0.0119606
178 98 64 128 0.0148412
179 98 64 128 0.0208371
180 98 64 128 0.0250128
181 98 64 128 0.0345489
182 98 64 128 0.0479863
183 98 64 128 0.0768641
184 98 64 128 0.102906
185 98 64 128 0.13946
186 98 64 128 0.19256
187 98 64 128 0.259105
188 98 64 128 0.299968
189 98 64 128 0.352995
190 98 64 128 0.430795
191 98 64 128 0.470059
192 98 64 128 0.512766
193 98 64 128 0.55058
194 98 64 128 0.625735
195 98 64 128 0.679554
196 98 64 128 0.71241
197 98 64 128 0.744405
198 98 64 128 0.786422
199 98 64 128 0.802002
200 98 64 128 0.808205
201 98 64 128 0.800964
202 98 64 128 0.802928
203 98 64 128 0.807306
204 98 64 128 0.823999
205 98 64 128 0.813137
206 98 64 128 0.827973
207 98 64 128 0.825583
208 98 64 128 0.815584
209 98 64 128 0.788666
210 98 64 128 0.778273
211 98 64 128 0.771136
212 98 64 128 0.788804
213 98 64 128 0.8082
214 98 64 128 0.826501
215 98 64 128 0.845658
216 98 64 128 0.851699
217 98 64 128 0.856807
218 98 64 128 0.87011
219 98 64 128 0.877445
220 98 64 128 0.880943
221 98 64 128 0.887505
222 98 64 128 0.891229
223 98 64 128 0.89584
224 98 64 128 0.897611
225 98 64 128 0.899673
226 98 64 128 0.904473
227 98 64 128 0.91315
228 98 64 128 0.923809
229 98 64 128 0.928406
230 98 64 128 0.933619
231 98 64 128 0.937344
232 98 64 128 0.940505
233 98 64 128 0.943067
234 98 64 128 0.942041
235 98 64 128 0.941892
236 98 64 128 0.942901
237 98 64 128 0.94831
238 98 64 128 0.949378
239 98 64 128 0.952193
240 98 64 128 0.957751
241 98 64 128 0.963162
242 98 64 128 0.968417
243 98 64 128 0.974086
244 98 64 128 0.97844
245 98 64 128 0.980416
246 98 64 128 0.98072
247 98 64 128 0.981545
248 98 64 128 0.98143
249 98 64 128 0.980875
250 98 64 128 0.980363
251 98 64 128 0.980292
252 98 64 128 0.979381
253 98 64 128 0.980523
254 98 64 128 0.980383
255 98 64 128 0.981485
128 99 64 128 0.0108617
129 99 64 128 0.0103633
130 99 64 128 0.0115067
131 99 64 128 0.0117027
132 99 64 128 0.0122113
133 99 64 128 0.0120238
134 99 64 128 0.0136341
135 99 64 128 0.0162802
136 99 64 128 0.0203049
137 99 64 128 0.020229
138 99 64 128 0.0323213
139 99 64 128 0.0355497
140 99 64 128 0.0392797
141 99 64 128 0.0320932
142 99 64 128 0.0388499
143 99 64 128 0.038112
144 99 64 128 0.0427555
145 99 64 128 0.0446773
146 99 64 128 0.0557169
147 99 64 128 0.0584985
148 99 64 128 0.0651389
149 99 64 128 0.0836264
150 99 64 128 0.107169
151 99 64 128 0.128881
152 99 64 128 0.177686
153 99 64 128 0.245296
154 99 64 128 0.304388
155 99 64 128 0.354059
156 99 64 128 0.396987
157 99 64 128 0.377353
158 99 64 128 0.344359
159 99 64 128 0.283338
160 99 64 128 0.203529
161 99 64 128 0.119429
162 99 64 128 0.0788209
163 99 64 128 0.0524262
164 99 64 128 0.0299258
165 99 64 128 0.0193346
166 99 64 128 0.0128242
167 99 64 128 0.0112049
168 99 64 128 0.0109843
169 99 64 128 0.0108936
170 99 64 128 0.0109994
171 99 64 128 0.012116
172 99 64 128 0.0111362
173 99 64 128 0.013037
174 99 64 128 0.0137389
175 99 64 128 0.0187952
176 99 64 128 0.0197286
177 99 64 128 0.0257878
178 99 64 128 0.0343588
179 99 64 128 0.0545175
180 99 64 128 0.0682641
181 99 64 128 0.0918592
182 99 64 128 0.120535
183 99 64 128 0.167865
184 99 64 128 0.214893
185 99 64 128 0.289088
186 99 64 128 0.362653
187 99 64 128 0.459171
188 99 64 128 0.496418
189 99 64 128 0.534538
190 99 64 128 0.603924
191 99 64 128 0.633691
192 99 64 128 0.65381
193 99 64 128 0.68003
194 99 64 128 0.720337
195 99 64 128 0.760938
196 99 64 128 0.780031
197 99 64 128 0.810429
198 99 64 128 0.838096
199 99 64 128 0.856259
200 99 64 128 0.858559
201 99 64 128 0.863375
202 99 64 128 0.865097
203 99 64 128 0.877278
204 99 64 128 0.885629
205 99 64 128 0.885553
206 99 64 128 0.892311
207 99 64 128 0.892912
208 99 64 128 0.882594
209 99 64 128 0.879139
210 99 64 128 0.872833
211 99 64 128 0.866457
212 99 64 128 0.875926
213 99 64 128 0.886198
214 99 64 128 0.902677
215 99 64 128 0.90854
216 99 64 128 0.916517
217 99 64 128 0.917318
218 99 64 128 0.919606
219 99 64 128 0.919232
220 99 64 128 0.92398
221 99 64 128 0.92664
222 99 64 128 0.929511
223 99 64 128 0.933368
224 99 64 128 0.933002
225 99 64 128 0.935565
226 99 64 128 0.941338
227 99 64 128 0.946873
228 99 64 128 0.952705
229 99 64 128 0.95563
230 99 64 128 0.95861
231 99 64 128 0.962784
232 99 64 128 0.964992
233 99 64 128 0.959697
234 99 64 128 0.957473
235 99 64 128 0.957125
236 99 64 128 0.956566
237 99 64 128 0.957631
238 99 64 128 0.959505
239 99 64 128 0.958988
240 99 64 128 0.962507
241 99 64 128 0.968329
242 99 64 128 0.973268
243 99 64 128 0.976244
244 99 64 128 0.979573
245 99 64 128 0.981806
246 99 64 128 0.981881
247 99 64 128 0.982248
248 99 64 128 0.983113
249 99 64 128 0.982609
250 99 64 128 0.982604
251 99 64 128 0.982113
252 99 64 128 0.981845
253 99 64 128 0.981041
254 99 64 128 0.98164
255 99 64 128 0.98226
122 100 64 128 0.0110635
123 100 64 128 0.0116639
124 100 64 128 0.0125477
125 100 64 128 0.0117915
126 100 64 128 0.0166443
127 100 64 128 0.0193328
128 100 64 128 0.0212985
129 100 64 128 0.0224194
130 100 64 128 0.023908
131 100 64 128 0.0233743
132 100 64 128 0.0250595
133 100 64 128 0.0307867
134 100 64 128 0.0339505
135 100 64 128 0.0339046
136 100 64 128 0.0438527
137 100 64 128 0.0472838
138 100 64 128 0.0659153
139 100 64 128 0.0683664
140 100 64 128 0.0745977
141 100 64 128 0.0658192
142 100 64 128 0.0779382
143 100 64 128 0.0764032
144 100 64 128 0.0930294
145 100 64 128 0.102719
146 100 64 128 0.113887
147 100 64 128 0.123535
148 100 64 128 0.149707
149 100 64 128 0.187568
150 100 64 128 0.214979
151 100 64 128 0.254206
152 100 64 128 0.344306
153 100 64 128 0.405642
154 100 64 128 0.476828
155 100 64 128 0.503111
156 100 64 128 0.56254
157 100 64 128 0.517763
158 100 64 128 0.480806
159 100 64 128 0.371274
160 100 64 128 0.279551
161 100 64 128 0.182969
162 100 64 128 0.126527
163 100 64 128 0.0937169
164 100 64 128 0.0610031
165 100 64 128 0.0435606
166 100 64 128 0.0307506
167 100 64 128 0.0270485
168 100 64 128 0.023733
169 100 64 128 0.0266298
170 100 64 128 0.024582
171 100 64 128 0.0269715
172 100 64 128 0.0243414
173 100 64 128 0.0269883
174 100 64 128 0.0283711
175 100 64 128 0.0372121
176 100 64 128 0.039939
177 100 64 128 0.0480562
178 100 64 128 0.064524
179 100 64 128 0.086933
180 100 64 128 0.109149
181 100 64 128 0.132413
182 100 64 128 0.183948
183 100 64 128 0.246709
184 100 64 128 0.317049
185 100 64 128 0.380641
186 100 64 128 0.471296
187 100 64 128 0.549078
188 100 64 128 0.5936
189 100 64 128 0.646196
190 100 64 128 0.712356
191 100 64 128 0.743303
192 100 64 128 0.774779
193 100 64 128 0.814956
194 100 64 128 0.856462
195 100 64 128 0.878039
196 100 64 128 0.895423
197 100 64 128 0.908826
198 100 64 128 0.925416
199 100 64 128 0.929284
200 100 64 128 0.928732
201 100 64 128 0.927307
202 100 64 128 0.930047
203 100 64 128 0.932138
204 100 64 128 0.937549
205 100 64 128 0.936011
206 100 64 128 0.941655
207 100 64 128 0.940074
208 100 64 128 0.931116
209 100 64 128 0.922784
210 100 64 128 0.919629
211 100 64 128 0.918794
212 100 64 128 0.922096
213 100 64 128 0.927625
214 100 64 128 0.934655
215 100 64 128 0.940749
216 100 64 128 0.945486
217 100 64 128 0.943059
218 100 64 128 0.944488
219 100 64 128 0.943189
220 100 64 128 0.943296
221 100 64 128 0.94548
222 100 64 128 0.945675
223 100 64 128 0.947347
224 100 64 128 0.95017
225 100 64 128 0.952209
226 100 64 128 0.956745
227 100 64 128 0.962455
228 100 64 128 0.967962
229 100 64 128 0.968705
230 100 64 128 0.969669
231 100 64 128 0.973625
232 100 64 128 0.974088
233 100 64 128 0.973399
234 100 64 128 0.973206
235 100 64 128 0.973212
236 100 64 128 0.972168
237 100 64 128 0.972584
238 100 64 128 0.971802
239 100 64 128 0.972689
240 100 64 128 0.975077
241 100 64 128 0.977578
242 100 64 128 0.980045
243 100 64 128 0.982207
244 100 64 128 0.984616
245 100 64 128 0.985245
246 100 64 128 0.983958
247 100 64 128 0.98506
248 100 64 128 0.985761
249 100 64 128 0.984219
250 100 64 128 0.982667
251 100 64 128 0.982253
252 100 64 128 0.981503
253 100 64 128 0.980351
254 100 64 128 0.979364
255 100 64 128 0.979862
120 101 64 128 0.0143868
121 101 64 128 0.0167055
122 101 64 128 0.0239967
123 101 64 128 0.0215117
124 101 64 128 0.0279551
125 101 64 128 0.0237763
126 101 64 128 0.0277222
127 101 64 128 0.0309561
128 101 64 128 0.038506
129 101 64 128 0.0386957
130 101 64 128 0.0424494
131 101 64 128 0.0450452
132 101 64 128 0.0562103
133 101 64 128 0.0596256
134 101 64 128 0.0729989
135 101 64 128 0.0817621
136 101 64 128 0.0972413
137 101 64 128 0.0992759
138 101 64 128 0.139901
139 101 64 128 0.151343
140 101 64 128 0.163867
141 101 64 128 0.131673
142 101 64 128 0.156885
143 101 64 128 0.157266
144 101 64 128 0.173417
145 101 64 128 0.181435
146 101 64 128 0.222206
147 101 64 128 0.260963
148 101 64 128 0.265041
149 101 64 128 0.319787
150 101 64 128 0.364719
151 101 64 128 0.446983
152 101 64 128 0.504174
153 101 64 128 0.604653
154 101 64 128 0.635598
155 101 64 128 0.659818
156 101 64 128 0.666583
157 101 64 128 0.608195
158 101 64 128 0.530118
159 101 64 128 0.451304
160 101 64 128 0.372594
161 101 64 128 0.227475
162 101 64 128 0.168115
163 101 64 128 0.141898
164 101 64 128 0.10869
165 101 64 128 0.0780099
166 101 64 128 0.0634966
167 101 64 128 0.0561544
168 101 64 128 0.0579848
169 101 64 128 0.0652413
170 101 64 128 0.063225
171 101 64 128 0.0789942
172 101 64 128 0.0668109
173 101 64 128 0.0683599
174 101 64 128 0.0781173
175 101 64 128 0.0961225
176 101 64 128 0.10738
177 101 64 128 0.138091
178 101 64 128 0.188554
179 101 64 128 0.254774
180 101 64 128 0.289424
181 101 64 128 0.352397
182 101 64 128 0.427555
183 101 64 128 0.517821
184 101 64 128 0.582871
185 101 64 128 0.651582
186 101 64 128 0.709688
187 101 64 128 0.76046
188 101 64 128 0.771585
189 101 64 128 0.791546
190 101 64 128 0.821865
191 101 64 128 0.842988
192 101 64 128 0.8465
193 101 64 128 0.86712
194 101 64 128 0.89301
195 101 64 128 0.908909
196 101 64 128 0.922355
197 101 64 128 0.932297
198 101 64 128 0.943128
199 101 64 128 0.950653
200 101 64 128 0.953656
201 101 64 128 0.952432
202 101 64 128 0.951375
203 101 64 128 0.951372
204 101 64 128 0.953674
205 101 64 128 0.957005
206 101 64 128 0.958586
207 101 64 128 0.960015
208 101 64 128 0.95887
209 101 64 128 0.954602
210 101 64 128 0.952448
211 101 64 128 0.953033
212 101 64 128 0.955243
213 101 64 128 0.957621
214 101 64 128 0.959947
215 101 64 128 0.962469
216 101 64 128 0.962145
217 101 64 128 0.960194
218 101 64 128 0.962525
219 101 64 128 0.96133
220 101 64 128 0.960503
221 101 64 128 0.958884
222 101 64 128 0.957394
223 101 64 128 0.957247
224 101 64 128 0.957305
225 101 64 128 0.959215
226 101 64 128 0.964297
227 101 64 128 0.968978
228 101 64 128 0.972582
229 101 64 128 0.973035
230 101 64 128 0.973938
231 101 64 128 0.974721
232 101 64 128 0.97271
233 101 64 128 0.968961
234 101 64 128 0.966076
235 101 64 128 0.964018
236 101 64 128 0.96014
237 101 64 128 0.958509
238 101 64 128 0.95748
239 101 64 128 0.954608
240 101 64 128 0.954871
241 101 64 128 0.958749
242 101 64 128 0.963066
243 101 64 128 0.963
244 101 64 128 0.966217
245 101 64 128 0.965761
246 101 64 128 0.964189
247 101 64 128 0.960709
248 101 64 128 0.96074
249 101 64 128 0.957711
250 101 64 128 0.953781
251 101 64 128 0.951555
252 101 64 128 0.951146
253 101 64 128 0.946444
254 101 64 128 0.947407
255 101 64 128 0.943533
117 102 64 128 0.0113547
118 102 64 128 0.0140483
119 102 64 128 0.0147616
120 102 64 128 0.0220719
121 102 64 128 0.0247045
122 102 64 128 0.0299698
123 102 64 128 0.0316397
124 102 64 128 0.0417456
125 102 64 128 0.0372579
126 102 64 128 0.0450501
127 102 64 128 0.0545303
128 102 64 128 0.0752824
129 102 64 128 0.0890568
130 102 64 128 0.0981921
131 102 64 128 0.108525
132 102 64 128 0.134884
133 102 64 128 0.150029
134 102 64 128 0.189223
135 102 64 128 0.207263
136 102 64 128 0.249846
137 102 64 128 0.276354
138 102 64 128 0.32534
139 102 64 128 0.325407
140 102 64 128 0.345274
141 102 64 128 0.298375
142 102 64 128 0.353892
143 102 64 128 0.355716
144 102 64 128 0.379864
145 102 64 128 0.409854
146 102 64 128 0.449316
147 102 64 128 0.47755
148 102 64 128 0.464465
149 102 64 128 0.505368
150 102 64 128 0.531402
151 102 64 128 0.58607
152 102 64 128 0.638553
153 102 64 128 0.693105
154 102 64 128 0.722839
155 102 64 128 0.711397
156 102 64 128 0.721202
157 102 64 128 0.670309
158 102 64 128 0.613211
159 102 64 128 0.495519
160 102 64 128 0.427551
161 102 64 128 0.277602
162 102 64 128 0.230073
163 102 64 128 0.19598
164 102 64 128 0.164779
165 102 64 128 0.120939
166 102 64 128 0.102071
167 102 64 128 0.0942631
168 102 64 128 0.0895165
169 102 64 128 0.0969178
170 102 64 128 0.0933405
171 102 64 128 0.113094
172 102 64 128 0.10327
173 102 64 128 0.11234
174 102 64 128 0.112243
175 102 64 128 0.1454
176 102 64 128 0.159251
177 102 64 128 0.220831
178 102 64 128 0.273839
179 102 64 128 0.367736
180 102 64 128 0.420681
181 102 64 128 0.471029
182 102 64 128 0.531138
183 102 64 128 0.609533
184 102 64 128 0.671939
185 102 64 128 0.728297
186 102 64 128 0.779765
187 102 64 128 0.820401
188 102 64 128 0.837961
189 102 64 128 0.846368
190 102 64 128 0.861983
191 102 64 128 0.882535
192 102 64 128 0.88545
193 102 64 128 0.90187
194 102 64 128 0.917098
195 102 64 128 0.925751
196 102 64 128 0.936237
197 102 64 128 0.94502
198 102 64 128 0.952956
199 102 64 128 0.958955
200 102 64 128 0.961717
201 102 64 128 0.958483
202 102 64 128 0.958655
203 102 64 128 0.955466
204 102 64 128 0.954657
205 102 64 128 0.952546
206 102 64 128 0.953621
207 102 64 128 0.953125
208 102 64 128 0.94872
209 102 64 128 0.939042
210 102 64 128 0.93621
211 102 64 128 0.935558
212 102 64 128 0.936964
213 102 64 128 0.936519
214 102 64 128 0.939296
215 102 64 128 0.940787
216 102 64 128 0.940335
217 102 64 128 0.935052
218 102 64 128 0.931519
219 102 64 128 0.927203
220 102 64 128 0.923473
221 102 64 128 0.92081
222 102 64 128 0.9199
223 102 64 128 0.921422
224 102 64 128 0.918005
225 102 64 128 0.918857
226 102 64 128 0.926516
227 102 64 128 0.934337
228 102 64 128 0.941361
229 102 64 128 0.940864
230 102 64 128 0.944487
231 102 64 128 0.946557
232 102 64 128 0.943632
233 102 64 128 0.936566
234 102 64 128 0.930566
235 102 64 128 0.931724
236 102 64 128 0.928424
237 102 64 128 0.925853
238 102 64 128 0.924804
239 102 64 128 0.923545
240 102 64 128 0.923877
241 102 64 128 0.92606
242 102 64 128 0.932319
243 102 64 128 0.939414
244 102 64 128 0.945599
245 102 64 128 0.947237
246 102 64 128 0.944586
247 102 64 128 0.93942
248 102 64 128 0.935527
249 102 64 128 0.931325
250 102 64 128 0.930822
251 102 64 128 0.930544
252 102 64 128 0.931667
253 102 64 128 0.926607
254 102 64 128 0.926489
255 102 64 128 0.924275
17 103 64 128 0.0101965
18 103 64 128 0.0114971
19 103 64 128 0.0119652
20 103 64 128 0.0148446
21 103 64 128 0.0128355
22 103 64 128 0.012351
23 103 64 128 0.0117695
24 103 64 128 0.0113486
114 103 64 128 0.0124514
115 103 64 128 0.0152881
116 103 64 128 0.0216692
117 103 64 128 0.0279738
118 103 64 128 0.0358086
119 103 64 128 0.0408705
120 103 64 128 0.0582542
121 103 64 128 0.0618748
122 103 64 128 0.0815781
123 103 64 128 0.0809433
124 103 64 128 0.0982455
125 103 64 128 0.0828311
126 103 64 128 0.105093
127 103 64 128 0.121672
128 103 64 128 0.141045
129 103 64 128 0.143495
130 103 64 128 0.164607
131 103 64 128 0.171289
132 103 64 128 0.216142
133 103 64 128 0.224809
134 103 64 128 0.292422
135 103 64 128 0.300199
136 103 64 128 0.34613
137 103 64 128 0.358388
138 103 64 128 0.4296
139 103 64 128 0.396986
140 103 64 128 0.413249
141 103 64 128 0.346505
142 103 64 128 0.40187
143 103 64 128 0.391747
144 103 64 128 0.41949
145 103 64 128 0.434111
146 103 64 128 0.509767
147 103 64 128 0.539763
148 103 64 128 0.517062
149 103 64 128 0.53062
150 103 64 128 0.590689
151 103 64 128 0.639263
152 103 64 128 0.657109
153 103 64 128 0.702997
154 103 64 128 0.727079
155 103 64 128 0.712069
156 103 64 128 0.703572
157 103 64 128 0.645926
158 103 64 128 0.590025
159 103 64 128 0.495211
160 103 64 128 0.451603
161 103 64 128 0.354088
162 103 64 128 0.312969
163 103 64 128 0.2863
164 103 64 128 0.25014
165 103 64 128 0.211537
166 103 64 128 0.189919
167 103 64 128 0.202684
168 103 64 128 0.205755
169 103 64 128 0.228391
170 103 64 128 0.211015
171 103 64 128 0.274432
172 103 64 128 0.256764
173 103 64 128 0.271046
174 103 64 128 0.274201
175 103 64 128 0.336146
176 103 64 128 0.344678
177 103 64 128 0.411988
178 103 64 128 0.482309
179 103 64 128 0.590337
180 103 64 128 0.629492
181 103 64 128 0.657468
182 103 64 128 0.69405
183 103 64 128 0.760979
184 103 64 128 0.792876
185 103 64 128 0.822737
186 103 64 128 0.848902
187 103 64 128 0.8619
188 103 64 128 0.863514
189 103 64 128 0.860522
190 103 64 128 0.864699
191 103 64 128 0.88053
192 103 64 128 0.880908
193 103 64 128 0.886056
194 103 64 128 0.894038
195 103 64 128 0.907181
196 103 64 128 0.915673
197 103 64 128 0.924742
198 103 64 128 0.936767
199 103 64 128 0.942018
200 103 64 128 0.940308
201 103 64 128 0.938572
202 103 64 128 0.933913
203 103 64 128 0.93344
204 103 64 128 0.933681
205 103 64 128 0.929532
206 103 64 128 0.92861
207 103 64 128 0.925573
208 103 64 128 0.91863
209 103 64 128 0.909979
210 103 64 128 0.899121
211 103 64 128 0.897957
212 103 64 128 0.901648
213 103 64 128 0.89711
214 103 64 128 0.904264
215 103 64 128 0.901032
216 103 64 128 0.894103
217 103 64 128 0.883883
218 103 64 128 0.879649
219 103 64 128 0.864061
220 103 64 128 0.862011
221 103 64 128 0.858722
222 103 64 128 0.854702
223 103 64 128 0.86002
224 103 64 128 0.858773
225 103 64 128 0.867397
226 103 64 128 0.881122
227 103 64 128 0.89485
228 103 64 128 0.915746
229 103 64 128 0.915254
230 103 64 128 0.920204
231 103 64 128 0.921777
232 103 64 128 0.918448
233 103 64 128 0.908937
234 103 64 128 0.897333
235 103 64 128 0.892758
236 103 64 128 0.884702
237 103 64 128 0.882824
238 103 64 128 0.882487
239 103 64 128 0.877231
240 103 64 128 0.881544
241 103 64 128 0.891417
242 103 64 128 0.89765
243 103 64 128 0.902862
244 103 64 128 0.906219
245 103 64 128 0.905388
246 103 64 128 0.907105
247 103 64 128 0.900162
248 103 64 128 0.901204
249 103 64 128 0.897377
250 103 64 128 0.894671
251 103 64 128 0.890302
252 103 64 128 0.890284
253 103 64 128 0.881171
254 103 64 128 0.880632
255 103 64 128 0.875612
17 104 64 128 0.0127491
18 104 64 128 0.0144358
19 104 64 128 0.0150442
20 104 64 128 0.01971
21 104 64 128 0.0171165
22 104 64 128 0.0190798
23 104 64 128 0.0194686
24 104 64 128 0.0188764
25 104 64 128 0.013146
103 104 64 128 0.0109814
104 104 64 128 0.0108019
105 104 64 128 0.0100004
106 104 64 128 0.0102343
107 104 64 128 0.0105768
111 104 64 128 0.0108006
112 104 64 128 0.0110181
113 104 64 128 0.01433
114 104 64 128 0.0169292
115 104 64 128 0.021497
116 104 64 128 0.0297561
117 104 64 128 0.0369794
118 104 64 128 0.0414736
119 104 64 128 0.0474354
120 104 64 128 0.0674576
121 104 64 128 0.0746506
122 104 64 128 0.094368
123 104 64 128 0.103939
124 104 64 128 0.123936
125 104 64 128 0.112637
126 104 64 128 0.154133
127 104 64 128 0.188369
128 104 64 128 0.226438
129 104 64 128 0.230803
130 104 64 128 0.270343
131 104 64 128 0.294341
132 104 64 128 0.350302
133 104 64 128 0.358413
134 104 64 128 0.432234
135 104 64 128 0.449194
136 104 64 128 0.506061
137 104 64 128 0.492941
138 104 64 128 0.525834
139 104 64 128 0.526047
140 104 64 128 0.516374
141 104 64 128 0.462057
142 104 64 128 0.525762
143 104 64 128 0.527466
144 104 64 128 0.547895
145 104 64 128 0.572612
146 104 64 128 0.630197
147 104 64 128 0.628609
148 104 64 128 0.655059
149 104 64 128 0.667754
150 104 64 128 0.709736
151 104 64 128 0.729066
152 104 64 128 0.761671
153 104 64 128 0.792711
154 104 64 128 0.81048
155 104 64 128 0.788926
156 104 64 128 0.783426
157 104 64 128 0.718898
158 104 64 128 0.675695
159 104 64 128 0.558095
160 104 64 128 0.496809
161 104 64 128 0.417275
162 104 64 128 0.376158
163 104 64 128 0.342451
164 104 64 128 0.328192
165 104 64 128 0.286771
166 104 64 128 0.258113
167 104 64 128 0.26165
168 104 64 128 0.260921
169 104 64 128 0.276066
170 104 64 128 0.290916
171 104 64 128 0.324806
172 104 64 128 0.286761
173 104 64 128 0.324264
174 104 64 128 0.32393
175 104 64 128 0.390659
176 104 64 128 0.424041
177 104 64 128 0.490504
178 104 64 128 0.534617
179 104 64 128 0.612175
180 104 64 128 0.626228
181 104 64 128 0.649822
182 104 64 128 0.702283
183 104 64 128 0.740421
184 104 64 128 0.768726
185 104 64 128 0.789283
186 104 64 128 0.814696
187 104 64 128 0.822651
188 104 64 128 0.816326
189 104 64 128 0.813023
190 104 64 128 0.822122
191 104 64 128 0.831444
192 104 64 128 0.833006
193 104 64 128 0.844093
194 104 64 128 0.858531
195 104 64 128 0.863113
196 104 64 128 0.86808
197 104 64 128 0.890282
198 104 64 128 0.90476
199 104 64 128 0.906247
200 104 64 128 0.905105
201 104 64 128 0.895919
202 104 64 128 0.890343
203 104 64 128 0.881236
204 104 64 128 0.873304
205 104 64 128 0.87037
206 104 64 128 0.872951
207 104 64 128 0.865001
208 104 64 128 0.856829
209 104 64 128 0.838562
210 104 64 128 0.819689
211 104 64 128 0.811308
212 104 64 128 0.816696
213 104 64 128 0.811256
214 104 64 128 0.8116
215 104 64 128 0.8182
216 104 64 128 0.814645
217 104 64 128 0.803735
218 104 64 128 0.794674
219 104 64 128 0.78308
220 104 64 128 0.78971
221 104 64 128 0.780122
222 104 64 128 0.778283
223 104 64 128 0.774921
224 104 64 128 0.784148
225 104 64 128 0.805173
226 104 64 128 0.829021
227 104 64 128 0.84801
228 104 64 128 0.876259
229 104 64 128 0.882166
230 104 64 128 0.885468
231 104 64 128 0.886335
232 104 64 128 0.881454
233 104 64 128 0.871845
234 104 64 128 0.862322
235 104 64 128 0.858557
236 104 64 128 0.851429
237 104 64 128 0.846242
238 104 64 128 0.840392
239 104 64 128 0.832813
240 104 64 128 0.838517
241 104 64 128 0.848488
242 104 64 128 0.854373
243 104 64 128 0.862653
244 104 64 128 0.86895
245 104 64 128 0.870076
246 104 64 128 0.863376
247 104 64 128 0.85414
248 104 64 128 0.854199
249 104 64 128 0.848857
250 104 64 128 0.843184
251 104 64 128 0.840206
252 104 64 128 0.840742
253 104 64 128 0.83617
254 104 64 128 0.827967
255 104 64 128 0.811201
16 105 64 128 0.0113833
17 105 64 128 0.0149164
18 105 64 128 0.0154537
19 105 64 128 0.0185128
20 105 64 128 0.022265
21 105 64 128 0.0206313
22 105 64 128 0.0228035
23 105 64 128 0.025288
24 105 64 128 0.0240798
25 105 64 128 0.0157967
26 105 64 128 0.0110465
68 105 64 128 0.0106859
69 105 64 128 0.0102559
70 105 64 128 0.0122892
71 105 64 128 0.014117
72 105 64 128 0.0170502
73 105 64 128 0.0136106
74 105 64 128 0.0128403
75 105 64 128 0.0113432
76 105 64 128 0.0141956
77 105 64 128 0.0143754
78 105 64 128 0.0152217
79 105 64 128 0.0155649
80 105 64 128 0.0154072
81 105 64 128 0.0127606
93 105 64 128 0.0114764
94 105 64 128 0.0149485
95 105 64 128 0.0150068
96 105 64 128 0.0150635
97 105 64 128 0.0145735
98 105 64 128 0.0148031
99 105 64 128 0.0152451
100 105 64 128 0.0169653
101 105 64 128 0.0191092
102 105 64 128 0.016878
103 105 64 128 0.0178696
104 105 64 128 0.017775
105 105 64 128 0.0148232
106 105 64 128 0.0150351
107 105 64 128 0.0138139
108 105 64 128 0.0121211
109 105 64 128 0.0114162
110 105 64 128 0.0115671
111 105 64 128 0.0108115
112 105 64 128 0.0129638
113 105 64 128 0.0161373
114 105 64 128 0.0206999
115 105 64 128 0.0252444
116 105 64 128 0.0393623
117 105 64 128 0.0527375
118 105 64 128 0.0675986
119 105 64 128 0.0746614
120 105 64 128 0.108071
121 105 64 128 0.118447
122 105 64 128 0.145273
123 105 64 128 0.14884
124 105 64 128 0.184777
125 105 64 128 0.171437
126 105 64 128 0.204931
127 105 64 128 0.233781
128 105 64 128 0.273376
129 105 64 128 0.285247
130 105 64 128 0.302788
131 105 64 128 0.324055
132 105 64 128 0.400802
133 105 64 128 0.40116
134 105 64 128 0.436324
135 105 64 128 0.461652
136 105 64 128 0.503448
137 105 64 128 0.463284
138 105 64 128 0.513609
139 105 64 128 0.488052
140 105 64 128 0.477255
141 105 64 128 0.430394
142 105 64 128 0.501484
143 105 64 128 0.512964
144 105 64 128 0.562093
145 105 64 128 0.572261
146 105 64 128 0.610975
147 105 64 128 0.6282
148 105 64 128 0.634887
149 105 64 128 0.684435
150 105 64 128 0.716972
151 105 64 128 0.750231
152 105 64 128 0.757979
153 105 64 128 0.777818
154 105 64 128 0.76375
155 105 64 128 0.748069
156 105 64 128 0.714709
157 105 64 128 0.636682
158 105 64 128 0.571868
159 105 64 128 0.481132
160 105 64 128 0.44971
161 105 64 128 0.36652
162 105 64 128 0.332599
163 105 64 128 0.330252
164 105 64 128 0.313034
165 105 64 128 0.267798
166 105 64 128 0.268743
167 105 64 128 0.294427
168 105 64 128 0.294197
169 105 64 128 0.326085
170 105 64 128 0.351391
171 105 64 128 0.400803
172 105 64 128 0.369597
173 105 64 128 0.40791
174 105 64 128 0.417133
175 105 64 128 0.486378
176 105 64 128 0.511034
177 105 64 128 0.580711
178 105 64 128 0.63083
179 105 64 128 0.682759
180 105 64 128 0.68456
181 105 64 128 0.71473
182 105 64 128 0.730457
183 105 64 128 0.760032
184 105 64 128 0.769624
185 105 64 128 0.778742
186 105 64 128 0.786914
187 105 64 128 0.78367
188 105 64 128 0.758934
189 105 64 128 0.760318
190 105 64 128 0.763339
191 105 64 128 0.767365
192 105 64 128 0.747952
193 105 64 128 0.757968
194 105 64 128 0.763051
195 105 64 128 0.768683
196 105 64 128 0.775114
197 105 64 128 0.791385
198 105 64 128 0.821158
199 105 64 128 0.832177
200 105 64 128 0.836281
201 105 64 128 0.829086
202 105 64 128 0.831014
203 105 64 128 0.821347
204 105 64 128 0.812531
205 105 64 128 0.815064
206 105 64 128 0.82232
207 105 64 128 0.829272
208 105 64 128 0.829121
209 105 64 128 0.805951
210 105 64 128 0.787743
211 105 64 128 0.776525
212 105 64 128 0.776547
213 105 64 128 0.783337
214 105 64 128 0.788158
215 105 64 128 0.78739
216 105 64 128 0.778822
217 105 64 128 0.757796
218 105 64 128 0.752935
219 105 64 128 0.738995
220 105 64 128 0.731446
221 105 64 128 0.716322
222 105 64 128 0.706927
223 105 64 128 0.702747
224 105 64 128 0.715051
225 105 64 128 0.736949
226 105 64 128 0.751884
227 105 64 128 0.773695
228 105 64 128 0.808527
229 105 64 128 0.810462
230 105 64 128 0.808372
231 105 64 128 0.809623
232 105 64 128 0.794243
233 105 64 128 0.765565
234 105 64 128 0.745103
235 105 64 128 0.732898
236 105 64 128 0.716583
237 105 64 128 0.706257
238 105 64 128 0.69374
239 105 64 128 0.669799
240 105 64 128 0.665416
241 105 64 128 0.668224
242 105 64 128 0.679713
243 105 64 128 0.68416
244 105 64 128 0.68
245 105 64 128 0.668274
246 105 64 128 0.6615
247 105 64 128 0.639935
248 105 64 128 0.634135
249 105 64 128 0.629451
250 105 64 128 0.62929
251 105 64 128 0.609657
252 105 64 128 0.615279
253 105 64 128 0.595924
254 105 64 128 0.593969
255 105 64 128 0.564714
17 106 64 128 0.0105525
18 106 64 128 0.0102841
19 106 64 128 0.0103239
20 106 64 128 0.013511
21 106 64 128 0.0120314
22 106 64 128 0.01343
23 106 64 128 0.0129137
24 106 64 128 0.0137619
67 106 64 128 0.0109945
68 106 64 128 0.0117866
69 106 64 128 0.0131211
70 106 64 128 0.0155337
71 106 64 128 0.0182511
72 106 64 128 0.0189448
73 106 64 128 0.017273
74 106 64 128 0.0160184
75 106 64 128 0.0147517
76 106 64 128 0.0164765
77 106 64 128 0.0174496
78 106 64 128 0.0185926
79 106 64 128 0.0179445
80 106 64 128 0.0173233
81 106 64 128 0.014147
82 106 64 128 0.0100118
92 106 64 128 0.0124481
93 106 64 128 0.0139399
94 106 64 128 0.017034
95 106 64 128 0.017591
96 106 64 128 0.0181299
97 106 64 128 0.0161472
98 106 64 128 0.0178012
99 106 64 128 0.018371
100 106 64 128 0.0228076
101 106 64 128 0.0261389
102 106 64 128 0.0257649
103 106 64 128 0.0257653
104 106 64 128 0.0236496
105 106 64 128 0.0217103
106 106 64 128 0.020178
107 106 64 128 0.019045
108 106 64 128 0.0167848
109 106 64 128 0.0162673
110 106 64 128 0.0155829
111 106 64 128 0.0171853
112 106 64 128 0.018965
113 106 64 128 0.0244322
114 106 64 128 0.0294918
115 106 64 128 0.0406503
116 106 64 128 0.0538163
117 106 64 128 0.0709617
118 106 64 128 0.0802253
119 106 64 128 0.0902558
120 106 64 128 0.126675
121 106 64 128 0.130921
122 106 64 128 0.145851
123 106 64 128 0.152589
124 106 64 128 0.170839
125 106 64 128 0.168752
126 106 64 128 0.222578
127 106 64 128 0.257747
128 106 64 128 0.278451
129 106 64 128 0.297191
130 106 64 128 0.317306
131 106 64 128 0.329488
132 106 64 128 0.388888
133 106 64 128 0.374165
134 106 64 128 0.403221
135 106 64 128 0.416153
136 106 64 128 0.430959
137 106 64 128 0.427541
138 106 64 128 0.452739
139 106 64 128 0.430792
140 106 64 128 0.404062
141 106 64 128 0.367173
142 106 64 128 0.400373
143 106 64 128 0.416396
144 106 64 128 0.471704
145 106 64 128 0.468241
146 106 64 128 0.536354
147 106 64 128 0.570005
148 106 64 128 0.567612
149 106 64 128 0.593884
150 106 64 128 0.650581
151 106 64 128 0.668791
152 106 64 128 0.666092
153 106 64 128 0.681741
154 106 64 128 0.654401
155 106 64 128 0.598925
156 106 64 128 0.566513
157 106 64 128 0.48184
158 106 64 128 0.443125
159 106 64 128 0.383699
160 106 64 128 0.376373
161 106 64 128 0.309502
162 106 64 128 0.296695
163 106 64 128 0.282448
164 106 64 128 0.287618
165 106 64 128 0.244034
166 106 64 128 0.243063
167 106 64 128 0.258582
168 106 64 128 0.250108
169 106 64 128 0.29795
170 106 64 128 0.309219
171 106 64 128 0.390552
172 106 64 128 0.362152
173 106 64 128 0.393725
174 106 64 128 0.407739
175 106 64 128 0.483757
176 106 64 128 0.499741
177 106 64 128 0.558608
178 106 64 128 0.601134
179 106 64 128 0.650485
180 106 64 128 0.644318
181 106 64 128 0.647319
182 106 64 128 0.674771
183 106 64 128 0.703101
184 106 64 128 0.708321
185 106 64 128 0.711022
186 106 64 128 0.715316
187 106 64 128 0.716863
188 106 64 128 0.695267
189 106 64 128 0.685065
190 106 64 128 0.671543
191 106 64 128 0.680837
192 106 64 128 0.656431
193 106 64 128 0.663271
194 106 64 128 0.667235
195 106 64 128 0.661947
196 106 64 128 0.665504
197 106 64 128 0.692403
198 106 64 128 0.73199
199 106 64 128 0.758681
200 106 64 128 0.754671
201 106 64 128 0.740222
202 106 64 128 0.739445
203 106 64 128 0.728007
204 106 64 128 0.70008
205 106 64 128 0.672231
206 106 64 128 0.67865
207 106 64 128 0.670577
208 106 64 128 0.662655
209 106 64 128 0.626436
210 106 64 128 0.594502
211 106 64 128 0.570895
212 106 64 128 0.560051
213 106 64 128 0.561308
214 106 64 128 0.566047
215 106 64 128 0.553047
216 106 64 128 0.544379
217 106 64 128 0.509266
218 106 64 128 0.4837
219 106 64 128 0.472832
220 106 64 128 0.455193
221 106 64 128 0.450257
222 106 64 128 0.440717
223 106 64 128 0.427399
224 106 64 128 0.433161
225 106 64 128 0.445834
226 106 64 128 0.466777
227 106 64 128 0.511707
228 106 64 128 0.542104
229 106 64 128 0.542203
230 106 64 128 0.54513
231 106 64 128 0.55146
232 106 64 128 0.540093
233 106 64 128 0.496652
234 106 64 128 0.470476
235 106 64 128 0.469482
236 106 64 128 0.443841
237 106 64 128 0.438142
238 106 64 128 0.435029
239 106 64 128 0.436179
240 106 64 128 0.431801
241 106 64 128 0.441744
242 106 64 128 0.450037
243 106 64 128 0.461488
244 106 64 128 0.450811
245 106 64 128 0.442051
246 106 64 128 0.434989
247 106 64 128 0.431992
248 106 64 128 0.409058
249 106 64 128 0.401584
250 106 64 128 0.377635
251 106 64 128 0.360003
252 106 64 128 0.346378
253 106 64 128 0.33397
254 106 64 128 0.325354
255 106 64 128 0.308415
64 107 64 128 0.0108254
65 107 64 128 0.010573
66 107 64 128 0.0128606
67 107 64 128 0.0168235
68 107 64 128 0.0216451
69 107 64 128 0.025785
70 107 64 128 0.0348904
71 107 64 128 0.0359636
72 107 64 128 0.0432343
73 107 64 128 0.0353104
74 107 64 128 0.0359172
75 107 64 128 0.0277188
76 107 64 128 0.0297264
77 107 64 128 0.0286511
78 107 64 128 0.0307499
79 107 64 128 0.0281686
80 107 64 128 0.0281284
81 107 64 128 0.0221753
82 107 64 128 0.0171035
83 107 64 128 0.0142452
84 107 64 128 0.0136235
85 107 64 128 0.0108041
87 107 64 128 0.0100715
88 107 64 128 0.0126101
89 107 64 128 0.012804
90 107 64 128 0.0157278
91 107 64 128 0.0150729
92 107 64 128 0.0185105
93 107 64 128 0.0195076
94 107 64 128 0.0269505
95 107 64 128 0.0258861
96 107 64 128 0.0271699
97 107 64 128 0.0256255
98 107 64 128 0.0284781
99 107 64 128 0.0304351
100 107 64 128 0.0379803
101 107 64 128 0.0457746
102 107 64 128 0.0471721
103 107 64 128 0.0497372
104 107 64 128 0.0416374
105 107 64 128 0.0373353
106 107 64 128 0.0330704
107 107 64 128 0.0284716
108 107 64 128 0.025011
109 107 64 128 0.0220718
110 107 64 128 0.0211992
111 107 64 128 0.0222986
112 107 64 128 0.0222625
113 107 64 128 0.0287799
114 107 64 128 0.037798
115 107 64 128 0.050611
116 107 64 128 0.0613377
117 107 64 128 0.0765222
118 107 64 128 0.0971382
119 107 64 128 0.105697
120 107 64 128 0.126662
121 107 64 128 0.136199
122 107 64 128 0.14857
123 107 64 128 0.13785
124 107 64 128 0.15031
125 107 64 128 0.145643
126 107 64 128 0.180156
127 107 64 128 0.187906
128 107 64 128 0.183569
129 107 64 128 0.178256
130 107 64 128 0.18903
131 107 64 128 0.175758
132 107 64 128 0.186986
133 107 64 128 0.171668
134 107 64 128 0.192644
135 107 64 128 0.186977
136 107 64 128 0.202333
137 107 64 128 0.207707
138 107 64 128 0.241386
139 107 64 128 0.223408
140 107 64 128 0.195097
141 107 64 128 0.159735
142 107 64 128 0.169839
143 107 64 128 0.182324
144 107 64 128 0.197174
145 107 64 128 0.198496
146 107 64 128 0.238089
147 107 64 128 0.271746
148 107 64 128 0.267519
149 107 64 128 0.287447
150 107 64 128 0.337658
151 107 64 128 0.383667
152 107 64 128 0.394347
153 107 64 128 0.424548
154 107 64 128 0.417371
155 107 64 128 0.365631
156 107 64 128 0.336253
157 107 64 128 0.292608
158 107 64 128 0.271148
159 107 64 128 0.250919
160 107 64 128 0.255945
161 107 64 128 0.231647
162 107 64 128 0.253996
163 107 64 128 0.269623
164 107 64 128 0.285129
165 107 64 128 0.239439
166 107 64 128 0.25069
167 107 64 128 0.278472
168 107 64 128 0.286611
169 107 64 128 0.311225
170 107 64 128 0.350183
171 107 64 128 0.430195
172 107 64 128 0.412215
173 107 64 128 0.442363
174 107 64 128 0.436988
175 107 64 128 0.534892
176 107 64 128 0.556578
177 107 64 128 0.601405
178 107 64 128 0.640814
179 107 64 128 0.67656
180 107 64 128 0.675025
181 107 64 128 0.685062
182 107 64 128 0.685886
183 107 64 128 0.695781
184 107 64 128 0.673198
185 107 64 128 0.673737
186 107 64 128 0.683166
187 107 64 128 0.666639
188 107 64 128 0.639031
189 107 64 128 0.633807
190 107 64 128 0.602276
191 107 64 128 0.582898
192 107 64 128 0.545397
193 107 64 128 0.52107
194 107 64 128 0.48979
195 107 64 128 0.4916
196 107 64 128 0.493339
197 107 64 128 0.525282
198 107 64 128 0.556085
199 107 64 128 0.568595
200 107 64 128 0.558565
201 107 64 128 0.545651
202 107 64 128 0.524022
203 107 64 128 0.516132
204 107 64 128 0.495048
205 107 64 128 0.466335
206 107 64 128 0.463855
207 107 64 128 0.466844
208 107 64 128 0.449716
209 107 64 128 0.409753
210 107 64 128 0.363829
211 107 64 128 0.350288
212 107 64 128 0.339079
213 107 64 128 0.337856
214 107 64 128 0.33367
215 107 64 128 0.317626
216 107 64 128 0.305722
217 107 64 128 0.272547
218 107 64 128 0.255309
219 107 64 128 0.234654
220 107 64 128 0.222836
221 107 64 128 0.208381
222 107 64 128 0.19705
223 107 64 128 0.186382
224 107 64 128 0.199364
225 107 64 128 0.210278
226 107 64 128 0.229463
227 107 64 128 0.25908
228 107 64 128 0.277175
229 107 64 128 0.276366
230 107 64 128 0.274215
231 107 64 128 0.26644
232 107 64 128 0.253099
233 107 64 128 0.231627
234 107 64 128 0.20902
235 107 64 128 0.193717
236 107 64 128 0.175119
237 107 64 128 0.163877
238 107 64 128 0.155393
239 107 64 128 0.154808
240 107 64 128 0.15635
241 107 64 128 0.156837
242 107 64 128 0.156649
243 107 64 128 0.160111
244 107 64 128 0.157196
245 107 64 128 0.149505
246 107 64 128 0.143014
247 107 64 128 0.137421
248 107 64 128 0.139914
249 107 64 128 0.132828
250 107 64 128 0.126909
251 107 64 128 0.123908
252 107 64 128 0.118904
253 107 64 128 0.114823
254 107 64 128 0.112559
255 107 64 128 0.107215
67 108 64 128 0.0113085
68 108 64 128 0.0134252
69 108 64 128 0.0160901
70 108 64 128 0.0236004
71 108 64 128 0.0303145
72 108 64 128 0.0313875
73 108 64 128 0.0294891
74 108 64 128 0.0274877
75 108 64 128 0.0242459
76 108 64 128 0.0246703
77 108 64 128 0.0229978
78 108 64 128 0.0233231
79 108 64 128 0.0209742
80 108 64 128 0.0229766
81 108 64 128 0.0174496
82 108 64 128 0.0144736
83 108 64 128 0.0129542
84 108 64 128 0.0127762
86 108 64 128 0.0100032
87 108 64 128 0.0111286
88 108 64 128 0.0133236
89 108 64 128 0.0127386
90 108 64 128 0.0152739
91 108 64 128 0.0132468
92 108 64 128 0.0146676
93 108 64 128 0.0135985
94 108 64 128 0.0168527
95 108 64 128 0.016725
96 108 64 128 0.0172374
97 108 64 128 0.015877
98 108 64 128 0.0191484
99 108 64 128 0.0202769
100 108 64 128 0.024283
101 108 64 128 0.0273742
102 108 64 128 0.0307994
103 108 64 128 0.0317218
104 108 64 128 0.0321806
105 108 64 128 0.0271901
106 108 64 128 0.0242037
107 108 64 128 0.0203988
108 108 64 128 0.0176658
109 108 64 128 0.0165165
110 108 64 128 0.0153211
111 108 64 128 0.0146068
112 108 64 128 0.0171721
113 108 64 128 0.0186982
114 108 64 128 0.0215413
115 108 64 128 0.0274617
116 108 64 128 0.033216
117 108 64 128 0.0384935
118 108 64 128 0.0426309
119 108 64 128 0.0465297
120 108 64 128 0.0539167
121 108 64 128 0.0571874
122 108 64 128 0.0646465
123 108 64 128 0.0590289
124 108 64 128 0.0604413
125 108 64 128 0.0592381
126 108 64 128 0.0725532
127 108 64 128 0.0809107
128 108 64 128 0.0718987
129 108 64 128 0.0739201
130 108 64 128 0.080852
131 108 64 128 0.0788742
132 108 64 128 0.0793596
133 108 64 128 0.0715138
134 108 64 128 0.0736514
135 108 64 128 0.0691334
136 108 64 128 0.0748932
137 108 64 128 0.0694604
138 108 64 128 0.0740515
139 108 64 128 0.0723903
140 108 64 128 0.0647123
141 108 64 128 0.0556721
142 108 64 128 0.0573226
143 108 64 128 0.0618866
144 108 64 128 0.0715937
145 108 64 128 0.0800033
146 108 64 128 0.0993228
147 108 64 128 0.109234
148 108 64 128 0.113718
149 108 64 128 0.134004
150 108 64 128 0.173596
151 108 64 128 0.206336
152 108 64 128 0.23405
153 108 64 128 0.266177
154 108 64 128 0.268993
155 108 64 128 0.245772
156 108 64 128 0.257016
157 108 64 128 0.222511
158 108 64 128 0.232734
159 108 64 128 0.224023
160 108 64 128 0.233366
161 108 64 128 0.216102
162 108 64 128 0.247893
163 108 64 128 0.266237
164 108 64 128 0.278205
165 108 64 128 0.273828
166 108 64 128 0.271602
167 108 64 128 0.311144
168 108 64 128 0.290515
169 108 64 128 0.317211
170 108 64 128 0.331086
171 108 64 128 0.384795
172 108 64 128 0.343547
173 108 64 128 0.34666
174 108 64 128 0.34325
175 108 64 128 0.447366
176 108 64 128 0.449267
177 108 64 128 0.496798
178 108 64 128 0.520056
179 108 64 128 0.555436
180 108 64 128 0.540151
181 108 64 128 0.524663
182 108 64 128 0.541521
183 108 64 128 0.546075
184 108 64 128 0.528443
185 108 64 128 0.499493
186 108 64 128 0.51224
187 108 64 128 0.491602
188 108 64 128 0.47114
189 108 64 128 0.447905
190 108 64 128 0.413061
191 108 64 128 0.385691
192 108 64 128 0.345386
193 108 64 128 0.325236
194 108 64 128 0.280328
195 108 64 128 0.271858
196 108 64 128 0.268387
197 108 64 128 0.271544
198 108 64 128 0.294053
199 108 64 128 0.316655
200 108 64 128 0.298974
201 108 64 128 0.2867
202 108 64 128 0.263338
203 108 64 128 0.252889
204 108 64 128 0.237732
205 108 64 128 0.215335
206 108 64 128 0.204952
207 108 64 128 0.196319
208 108 64 128 0.173232
209 108 64 128 0.143508
210 108 64 128 0.12014
211 108 64 128 0.105027
212 108 64 128 0.102761
213 108 64 128 0.101056
214 108 64 128 0.0907093
215 108 64 128 0.0864555
216 108 64 128 0.0785464
217 108 64 128 0.0742561
218 108 64 128 0.06663
219 108 64 128 0.060888
220 108 64 128 0.0569938
221 108 64 128 0.0538125
222 108 64 128 0.0500535
223 108 64 128 0.0501557
224 108 64 128 0.051205
225 108 64 128 0.0534031
226 108 64 128 0.059135
227 108 64 128 0.0699002
228 108 64 128 0.0808067
229 108 64 128 0.0849318
230 108 64 128 0.0809054
231 108 64 128 0.0807638
232 108 64 128 0.0765347
233 108 64 128 0.0724402
234 108 64 128 0.0640567
235 108 64 128 0.0628587
236 108 64 128 0.0593602
237 108 64 128 0.0590856
238 108 64 128 0.0576126
239 108 64 128 0.0578912
240 108 64 128 0.0569092
241 108 64 128 0.0601513
242 108 64 128 0.0608114
243 108 64 128 0.0621224
244 108 64 128 0.0608009
245 108 64 128 0.0601528
246 108 64 128 0.061346
247 108 64 128 0.0587405
248 108 64 128 0.0556815
249 108 64 128 0.0577868
250 108 64 128 0.0565818
251 108 64 128 0.0532591
252 108 64 128 0.0520539
253 108 64 128 0.0500428
254 108 64 128 0.0505931
255 108 64 128 0.0493344
66 109 64 128 0.0104388
67 109 64 128 0.0134891
68 109 64 128 0.0163952
69 109 64 128 0.0176557
70 109 64 128 0.0258144
71 109 64 128 0.0322391
72 109 64 128 0.039024
73 109 64 128 0.0356492
74 109 64 128 0.0320777
75 109 64 128 0.025239
76 109 64 128 0.027947
77 109 64 128 0.0230645
78 109 64 128 0.0217749
79 109 64 128 0.0212129
80 109 64 128 0.02269
81 109 64 128 0.01579
82 109 64 128 0.0122076
83 109 64 128 0.0106806
84 109 64 128 0.0105928
98 109 64 128 0.0107835
99 109 64 128 0.0116855
100 109 64 128 0.0134345
101 109 64 128 0.0166273
102 109 64 128 0.0177487
103 109 64 128 0.0191858
104 109 64 128 0.0178723
105 109 64 128 0.0149237
106 109 64 128 0.0124189
107 109 64 128 0.0104117
114 109 64 128 0.0104523
115 109 64 128 0.0127783
116 109 64 128 0.0161192
117 109 64 128 0.0163751
118 109 64 128 0.0195992
119 109 64 128 0.0180071
120 109 64 128 0.0224967
121 109 64 128 0.0228143
122 109 64 128 0.0231539
123 109 64 128 0.0193133
124 109 64 128 0.0211908
125 109 64 128 0.0210714
126 109 64 128 0.0239861
127 109 64 128 0.0257336
128 109 64 128 0.0264154
129 109 64 128 0.0278104
130 109 64 128 0.0268092
131 109 64 128 0.0264847
132 109 64 128 0.025258
133 109 64 128 0.022739
134 109 64 128 0.0238548
135 109 64 128 0.0246154
136 109 64 128 0.022797
137 109 64 128 0.0222049
138 109 64 128 0.0264738
139 109 64 128 0.024372
140 109 64 128 0.0224856
141 109 64 128 0.018589
142 109 64 128 0.0203538
143 109 64 128 0.0214028
144 109 64 128 0.0247102
145 109 64 128 0.025013
146 109 64 128 0.0305145
147 109 64 128 0.0332731
148 109 64 128 0.0345659
149 109 64 128 0.0441721
150 109 64 128 0.0557224
151 109 64 128 0.0787547
152 109 64 128 0.0875645
153 109 64 128 0.113792
154 109 64 128 0.10563
155 109 64 128 0.100307
156 109 64 128 0.100652
157 109 64 128 0.0945272
158 109 64 128 0.0873302
159 109 64 128 0.0937866
160 109 64 128 0.0992142
161 109 64 128 0.100461
162 109 64 128 0.108384
163 109 64 128 0.139264
164 109 64 128 0.159419
165 109 64 128 0.150574
166 109 64 128 0.158028
167 109 64 128 0.175854
168 109 64 128 0.174088
169 109 64 128 0.196341
170 109 64 128 0.210484
171 109 64 128 0.28264
172 109 64 128 0.238232
173 109 64 128 0.251427
174 109 64 128 0.263186
175 109 64 128 0.315106
176 109 64 128 0.309229
177 109 64 128 0.348343
178 109 64 128 0.395803
179 109 64 128 0.408561
180 109 64 128 0.390969
181 109 64 128 0.381771
182 109 64 128 0.352185
183 109 64 128 0.344499
184 109 64 128 0.313546
185 109 64 128 0.298514
186 109 64 128 0.284034
187 109 64 128 0.270777
188 109 64 128 0.242193
189 109 64 128 0.228219
190 109 64 128 0.198254
191 109 64 128 0.178685
192 109 64 128 0.139704
193 109 64 128 0.117205
194 109 64 128 0.0975082
195 109 64 128 0.0894586
196 109 64 128 0.0854641
197 109 64 128 0.0948308
198 109 64 128 0.0961703
199 109 64 128 0.095756
200 109 64 128 0.0906892
201 109 64 128 0.0839788
202 109 64 128 0.0792859
203 109 64 128 0.0727029
204 109 64 128 0.0650501
205 109 64 128 0.0579198
206 109 64 128 0.0549618
207 109 64 128 0.0523751
208 109 64 128 0.0509913
209 109 64 128 0.0437061
210 109 64 128 0.0355667
211 109 64 128 0.0320127
212 109 64 128 0.0328403
213 109 64 128 0.0321285
214 109 64 128 0.0308039
215 109 64 128 0.0307237
216 109 64 128 0.0289901
217 109 64 128 0.0256396
218 109 64 128 0.0226062
219 109 64 128 0.0209109
220 109 64 128 0.020304
221 109 64 128 0.0198417
222 109 64 128 0.0192067
223 109 64 128 0.0189344
224 109 64 128 0.0195715
225 109 64 128 0.0201899
226 109 64 128 0.023143
227 109 64 128 0.0253995
228 109 64 128 0.0271104
229 109 64 128 0.0276742
230 109 64 128 0.0268359
231 109 64 128 0.0262982
232 109 64 128 0.0257553
233 109 64 128 0.0223971
234 109 64 128 0.0193481
235 109 64 128 0.0179433
236 109 64 128 0.0161453
237 109 64 128 0.0158203
238 109 64 128 0.0151067
239 109 64 128 0.0152302
240 109 64 128 0.0158552
241 109 64 128 0.0165794
242 109 64 128 0.0166064
243 109 64 128 0.0159648
244 109 64 128 0.0143865
245 109 64 128 0.01227
246 109 64 128 0.0118672
247 109 64 128 0.0113649
248 109 64 128 0.0114904
249 109 64 128 0.0111723
250 109 64 128 0.0115185
251 109 64 128 0.0114283
252 109 64 128 0.0114679
253 109 64 128 0.0117828
254 109 64 128 0.0119571
255 109 64 128 0.0120016
71 110 64 128 0.0115001
72 110 64 128 0.0135336
73 110 64 128 0.0140734
74 110 64 128 0.0136221
75 110 64 128 0.0114789
76 110 64 128 0.0111224
77 110 64 128 0.0103439
147 110 64 128 0.0110985
148 110 64 128 0.0107851
149 110 64 128 0.0136054
150 110 64 128 0.0191479
151 110 64 128 0.0266056
152 110 64 128 0.0312148
153 110 64 128 0.0432268
154 110 64 128 0.0443844
155 110 64 128 0.0441585
156 110 64 128 0.0433113
157 110 64 128 0.0432902
158 110 64 128 0.0413674
159 110 64 128 0.0448892
160 110 64 128 0.0486958
161 110 64 128 0.0533193
162 110 64 128 0.0579813
163 110 64 128 0.0743641
164 110 64 128 0.0866968
165 110 64 128 0.0924866
166 110 64 128 0.0896239
167 110 64 128 0.108856
168 110 64 128 0.0982169
169 110 64 128 0.109645
170 110 64 128 0.117636
171 110 64 128 0.15127
172 110 64 128 0.121934
173 110 64 128 0.127986
174 110 64 128 0.134209
175 110 64 128 0.167202
176 110 64 128 0.161212
177 110 64 128 0.155768
178 110 64 128 0.172165
179 110 64 128 0.183749
180 110 64 128 0.154371
181 110 64 128 0.133476
182 110 64 128 0.127852
183 110 64 128 0.119528
184 110 64 128 0.107714
185 110 64 128 0.101184
186 110 64 128 0.0944106
187 110 64 128 0.0910391
188 110 64 128 0.0818384
189 110 64 128 0.0781573
190 110 64 128 0.0713371
191 110 64 128 0.0656313
192 110 64 128 0.0471788
193 110 64 128 0.0397542
194 110 64 128 0.0325975
195 110 64 128 0.0299419
196 110 64 128 0.0298628
197 110 64 128 0.0331461
198 110 64 128 0.0347155
199 110 64 128 0.0351237
200 110 64 128 0.0330003
201 110 64 128 0.0297766
202 110 64 128 0.0275146
203 110 64 128 0.025101
204 110 64 128 0.0224392
205 110 64 128 0.0201396
206 110 64 128 0.0190265
207 110 64 128 0.0180331
208 110 64 128 0.0160893
209 110 64 128 0.0133861
210 110 64 128 0.0112281
156 111 64 128 0.0112093
157 111 64 128 0.0113404
158 111 64 128 0.012211
159 111 64 128 0.0142732
160 111 64 128 0.0159944
161 111 64 128 0.0179223
162 111 64 128 0.0222293
163 111 64 128 0.0302555
164 111 64 128 0.03379
165 111 64 128 0.0325554
166 111 64 128 0.0379528
167 111 64 128 0.0457652
168 111 64 128 0.0413751
169 111 64 128 0.0397634
170 111 64 128 0.046396
171 111 64 128 0.0590839
172 111 64 128 0.0533057
173 111 64 128 0.0547915
174 111 64 128 0.0562969
175 111 64 128 0.0750382
176 111 64 128 0.0718627
177 111 64 128 0.0742414
178 111 64 128 0.0841539
179 111 64 128 0.0851818
180 111 64 128 0.0682062
181 111 64 128 0.0663999
182 111 64 128 0.0627526
183 111 64 128 0.0550728
184 111 64 128 0.0452091
185 111 64 128 0.0450493
186 111 64 128 0.0394199
187 111 64 128 0.0345686
188 111 64 128 0.0306585
189 111 64 128 0.0276119
190 111 64 128 0.0223332
191 111 64 128 0.0212654
192 111 64 128 0.0159235
193 111 64 128 0.0136557
194 111 64 128 0.0107636
197 111 64 128 0.0101696
198 111 64 128 0.0105993
199 111 64 128 0.0102345
