66 37 98 196 0.0103888
67 37 98 196 0.0155995
68 37 98 196 0.0196332
69 37 98 196 0.0181154
70 37 98 196 0.0116228
67 38 98 196 0.0183016
68 38 98 196 0.0265166
69 38 98 196 0.0259428
70 38 98 196 0.0201048
71 38 98 196 0.0120208
67 39 98 196 0.0180275
68 39 98 196 0.0285073
69 39 98 196 0.0333051
70 39 98 196 0.0276126
71 39 98 196 0.0155679
66 40 98 196 0.010869
67 40 98 196 0.0165619
68 40 98 196 0.0262426
69 40 98 196 0.0370091
70 40 98 196 0.0310989
71 40 98 196 0.0149202
67 41 98 196 0.0127762
68 41 98 196 0.021249
69 41 98 196 0.0291247
70 41 98 196 0.0279619
71 41 98 196 0.018591
68 42 98 196 0.0118302
69 42 98 196 0.0141383
70 42 98 196 0.0161584
71 42 98 196 0.0147216
216 37 85 170 0.0132095
217 37 85 170 0.0115214
214 38 85 170 0.0125778
215 38 85 170 0.0179347
216 38 85 170 0.0198302
217 38 85 170 0.0161538
218 38 85 170 0.010884
213 39 85 170 0.0113177
214 39 85 170 0.0194767
215 39 85 170 0.0256524
216 39 85 170 0.0260827
217 39 85 170 0.0203943
218 39 85 170 0.0132419
213 40 85 170 0.0112746
214 40 85 170 0.0198902
215 40 85 170 0.0281899
216 40 85 170 0.0331331
217 40 85 170 0.0271381
218 40 85 170 0.0173449
219 40 85 170 0.0109029
213 41 85 170 0.0117183
214 41 85 170 0.0227552
215 41 85 170 0.0327846
216 41 85 170 0.0310265
217 41 85 170 0.0276662
218 41 85 170 0.0199878
213 42 85 170 0.0142289
214 42 85 170 0.0308524
215 42 85 170 0.0458692
216 42 85 170 0.0411154
217 42 85 170 0.0367601
218 42 85 170 0.0279561
219 42 85 170 0.0134296
213 43 85 170 0.0164264
214 43 85 170 0.0352985
215 43 85 170 0.0517338
216 43 85 170 0.0458019
217 43 85 170 0.0391932
218 43 85 170 0.0295719
219 43 85 170 0.0150286
213 44 85 170 0.0149944
214 44 85 170 0.028258
215 44 85 170 0.0375771
216 44 85 170 0.0267146
217 44 85 170 0.0220636
218 44 85 170 0.0171406
188 45 85 170 0.0117296
189 45 85 170 0.0186529
190 45 85 170 0.0212785
191 45 85 170 0.018435
192 45 85 170 0.0181208
214 45 85 170 0.0170064
215 45 85 170 0.0228923
216 45 85 170 0.0203246
217 45 85 170 0.018032
218 45 85 170 0.0132886
43 46 85 170 0.0105221
44 46 85 170 0.0102047
72 46 85 170 0.0218163
73 46 85 170 0.0269114
74 46 85 170 0.0207847
75 46 85 170 0.0139989
76 46 85 170 0.013935
77 46 85 170 0.0104727
187 46 85 170 0.0108386
188 46 85 170 0.0175625
189 46 85 170 0.0290067
190 46 85 170 0.032563
191 46 85 170 0.0279187
192 46 85 170 0.0258513
193 46 85 170 0.0130267
214 46 85 170 0.0106721
215 46 85 170 0.0159486
216 46 85 170 0.0163095
217 46 85 170 0.0154038
218 46 85 170 0.0113774
41 47 85 170 0.0103907
42 47 85 170 0.016541
43 47 85 170 0.0211063
44 47 85 170 0.0215044
71 47 85 170 0.0130608
72 47 85 170 0.0311196
73 47 85 170 0.0405412
74 47 85 170 0.0327756
75 47 85 170 0.0233567
76 47 85 170 0.0247516
77 47 85 170 0.0175735
187 47 85 170 0.0129596
188 47 85 170 0.0235642
189 47 85 170 0.0368948
190 47 85 170 0.039155
191 47 85 170 0.0324032
192 47 85 170 0.029422
193 47 85 170 0.0146834
215 47 85 170 0.011953
3 48 85 170 0.0101485
41 48 85 170 0.0149243
42 48 85 170 0.0234167
43 48 85 170 0.0303142
44 48 85 170 0.0335909
45 48 85 170 0.015545
71 48 85 170 0.0129468
72 48 85 170 0.0243451
73 48 85 170 0.0379014
74 48 85 170 0.0373746
75 48 85 170 0.0351037
76 48 85 170 0.04289
77 48 85 170 0.0306324
78 48 85 170 0.0138487
187 48 85 170 0.0195256
188 48 85 170 0.0281603
189 48 85 170 0.0407188
190 48 85 170 0.0421814
191 48 85 170 0.0339391
192 48 85 170 0.0312177
193 48 85 170 0.0150274
1 49 85 170 0.0123616
2 49 85 170 0.0198371
3 49 85 170 0.0229846
4 49 85 170 0.0227775
5 49 85 170 0.0139336
41 49 85 170 0.0142264
42 49 85 170 0.021158
43 49 85 170 0.027415
44 49 85 170 0.0316334
45 49 85 170 0.0152742
71 49 85 170 0.0265429
72 49 85 170 0.0503571
73 49 85 170 0.0728507
74 49 85 170 0.0763344
75 49 85 170 0.0832285
76 49 85 170 0.104278
77 49 85 170 0.0804213
78 49 85 170 0.0370581
187 49 85 170 0.0116809
188 49 85 170 0.019295
189 49 85 170 0.0290903
190 49 85 170 0.0296975
191 49 85 170 0.0235681
192 49 85 170 0.0224198
193 49 85 170 0.0108333
1 50 85 170 0.0122463
2 50 85 170 0.02116
3 50 85 170 0.0261326
4 50 85 170 0.026191
5 50 85 170 0.0171527
41 50 85 170 0.0172875
42 50 85 170 0.0237422
43 50 85 170 0.0294389
44 50 85 170 0.0359194
45 50 85 170 0.0171863
71 50 85 170 0.0222203
72 50 85 170 0.0483206
73 50 85 170 0.0721971
74 50 85 170 0.0751215
75 50 85 170 0.0921676
76 50 85 170 0.131198
77 50 85 170 0.0966048
78 50 85 170 0.0439729
79 50 85 170 0.016284
188 50 85 170 0.0129832
189 50 85 170 0.0214241
190 50 85 170 0.0238143
191 50 85 170 0.0197244
192 50 85 170 0.0165229
2 51 85 170 0.0172055
3 51 85 170 0.0244486
4 51 85 170 0.0255162
5 51 85 170 0.0182755
6 51 85 170 0.0118559
41 51 85 170 0.0235297
42 51 85 170 0.0310883
43 51 85 170 0.0374431
44 51 85 170 0.0474962
45 51 85 170 0.0240164
70 51 85 170 0.0153336
71 51 85 170 0.0454382
72 51 85 170 0.0951781
73 51 85 170 0.15656
74 51 85 170 0.167657
75 51 85 170 0.192825
76 51 85 170 0.272181
77 51 85 170 0.231174
78 51 85 170 0.124386
79 51 85 170 0.0425224
80 51 85 170 0.0108897
188 51 85 170 0.0105575
189 51 85 170 0.0179663
190 51 85 170 0.0224999
191 51 85 170 0.0199564
192 51 85 170 0.0144112
2 52 85 170 0.0191905
3 52 85 170 0.0279009
4 52 85 170 0.0303141
5 52 85 170 0.0215299
6 52 85 170 0.0133887
41 52 85 170 0.0247345
42 52 85 170 0.0314573
43 52 85 170 0.0374405
44 52 85 170 0.0484749
45 52 85 170 0.0275207
70 52 85 170 0.0424733
71 52 85 170 0.121303
72 52 85 170 0.241289
73 52 85 170 0.388496
74 52 85 170 0.432673
75 52 85 170 0.473841
76 52 85 170 0.606256
77 52 85 170 0.56581
78 52 85 170 0.360496
79 52 85 170 0.151766
80 52 85 170 0.0542592
81 52 85 170 0.0168275
189 52 85 170 0.0102791
190 52 85 170 0.0140419
191 52 85 170 0.0135298
3 53 85 170 0.0133297
4 53 85 170 0.0154006
5 53 85 170 0.0124523
41 53 85 170 0.0197198
42 53 85 170 0.0236182
43 53 85 170 0.0265277
44 53 85 170 0.0343917
45 53 85 170 0.0184913
70 53 85 170 0.0458914
71 53 85 170 0.138547
72 53 85 170 0.294073
73 53 85 170 0.470116
74 53 85 170 0.569742
75 53 85 170 0.658768
76 53 85 170 0.788748
77 53 85 170 0.764174
78 53 85 170 0.625561
79 53 85 170 0.424084
80 53 85 170 0.204256
81 53 85 170 0.0844703
82 53 85 170 0.0392068
83 53 85 170 0.020573
84 53 85 170 0.010173
120 53 85 170 0.0163973
121 53 85 170 0.0310914
122 53 85 170 0.0304869
123 53 85 170 0.0184059
124 53 85 170 0.0160162
125 53 85 170 0.0137687
126 53 85 170 0.0111082
189 53 85 170 0.0107417
190 53 85 170 0.013738
191 53 85 170 0.0127133
41 54 85 170 0.0125878
42 54 85 170 0.014875
43 54 85 170 0.0168126
44 54 85 170 0.0217181
45 54 85 170 0.0114292
70 54 85 170 0.0484778
71 54 85 170 0.155816
72 54 85 170 0.331658
73 54 85 170 0.517246
74 54 85 170 0.652729
75 54 85 170 0.76866
76 54 85 170 0.879456
77 54 85 170 0.873484
78 54 85 170 0.818126
79 54 85 170 0.683992
80 54 85 170 0.438204
81 54 85 170 0.253236
82 54 85 170 0.137247
83 54 85 170 0.067201
84 54 85 170 0.0343003
85 54 85 170 0.0139864
119 54 85 170 0.0143399
120 54 85 170 0.0240808
121 54 85 170 0.0529452
122 54 85 170 0.0539765
123 54 85 170 0.0327795
124 54 85 170 0.0327985
125 54 85 170 0.0312632
126 54 85 170 0.0242609
127 54 85 170 0.0159242
4 55 85 170 0.0100279
43 55 85 170 0.0112242
44 55 85 170 0.0147085
70 55 85 170 0.0495089
71 55 85 170 0.15966
72 55 85 170 0.337856
73 55 85 170 0.542146
74 55 85 170 0.695955
75 55 85 170 0.817369
76 55 85 170 0.929224
77 55 85 170 0.93851
78 55 85 170 0.904645
79 55 85 170 0.823645
80 55 85 170 0.655533
81 55 85 170 0.465444
82 55 85 170 0.289924
83 55 85 170 0.163381
84 55 85 170 0.0954335
85 55 85 170 0.0417352
86 55 85 170 0.0153445
118 55 85 170 0.0217785
119 55 85 170 0.0516797
120 55 85 170 0.0866762
121 55 85 170 0.144504
122 55 85 170 0.141803
123 55 85 170 0.102844
124 55 85 170 0.110553
125 55 85 170 0.100783
126 55 85 170 0.0793156
127 55 85 170 0.0579835
128 55 85 170 0.0349889
129 55 85 170 0.0286241
130 55 85 170 0.0252543
131 55 85 170 0.015957
70 56 85 170 0.0358685
71 56 85 170 0.117529
72 56 85 170 0.278725
73 56 85 170 0.496329
74 56 85 170 0.676021
75 56 85 170 0.813644
76 56 85 170 0.92921
77 56 85 170 0.948242
78 56 85 170 0.926554
79 56 85 170 0.885626
80 56 85 170 0.793923
81 56 85 170 0.648578
82 56 85 170 0.482851
83 56 85 170 0.340287
84 56 85 170 0.229994
85 56 85 170 0.114206
86 56 85 170 0.0477513
87 56 85 170 0.0270888
117 56 85 170 0.0144376
118 56 85 170 0.0520153
119 56 85 170 0.131195
120 56 85 170 0.234854
121 56 85 170 0.34616
122 56 85 170 0.341885
123 56 85 170 0.282504
124 56 85 170 0.29903
125 56 85 170 0.266246
126 56 85 170 0.215781
127 56 85 170 0.16869
128 56 85 170 0.108843
129 56 85 170 0.0883601
130 56 85 170 0.0710679
131 56 85 170 0.0400725
132 56 85 170 0.0196323
70 57 85 170 0.0313765
71 57 85 170 0.11894
72 57 85 170 0.298003
73 57 85 170 0.515024
74 57 85 170 0.717725
75 57 85 170 0.871351
76 57 85 170 0.956439
77 57 85 170 0.971082
78 57 85 170 0.961582
79 57 85 170 0.946179
80 57 85 170 0.906162
81 57 85 170 0.82395
82 57 85 170 0.71066
83 57 85 170 0.584461
84 57 85 170 0.438694
85 57 85 170 0.248032
86 57 85 170 0.112949
87 57 85 170 0.0514498
88 57 85 170 0.0120092
97 57 85 170 0.0111306
98 57 85 170 0.0121945
99 57 85 170 0.0131626
100 57 85 170 0.0156752
105 57 85 170 0.0110052
117 57 85 170 0.0172583
118 57 85 170 0.0777424
119 57 85 170 0.203768
120 57 85 170 0.358917
121 57 85 170 0.501312
122 57 85 170 0.529467
123 57 85 170 0.501245
124 57 85 170 0.523083
125 57 85 170 0.478761
126 57 85 170 0.404063
127 57 85 170 0.323618
128 57 85 170 0.232486
129 57 85 170 0.198925
130 57 85 170 0.169174
131 57 85 170 0.110478
132 57 85 170 0.0541152
133 57 85 170 0.0227909
70 58 85 170 0.0205973
71 58 85 170 0.0802529
72 58 85 170 0.211002
73 58 85 170 0.401898
74 58 85 170 0.630112
75 58 85 170 0.834524
76 58 85 170 0.948714
77 58 85 170 0.966173
78 58 85 170 0.958045
79 58 85 170 0.950367
80 58 85 170 0.916771
81 58 85 170 0.843391
82 58 85 170 0.756572
83 58 85 170 0.668997
84 58 85 170 0.54371
85 58 85 170 0.32791
86 58 85 170 0.159746
87 58 85 170 0.0750228
88 58 85 170 0.0167875
95 58 85 170 0.0115661
96 58 85 170 0.0149576
97 58 85 170 0.0202935
98 58 85 170 0.0244827
99 58 85 170 0.0271174
100 58 85 170 0.0272854
101 58 85 170 0.0190682
102 58 85 170 0.0154392
103 58 85 170 0.0183975
104 58 85 170 0.020726
105 58 85 170 0.0250283
106 58 85 170 0.0215131
107 58 85 170 0.0181387
108 58 85 170 0.0261613
109 58 85 170 0.0277308
110 58 85 170 0.0288893
111 58 85 170 0.025605
112 58 85 170 0.0126696
113 58 85 170 0.0124066
114 58 85 170 0.0120151
115 58 85 170 0.0157103
116 58 85 170 0.0371506
117 58 85 170 0.0719703
118 58 85 170 0.221009
119 58 85 170 0.437213
120 58 85 170 0.590351
121 58 85 170 0.712541
122 58 85 170 0.740366
123 58 85 170 0.721545
124 58 85 170 0.741857
125 58 85 170 0.694559
126 58 85 170 0.628418
127 58 85 170 0.532287
128 58 85 170 0.380015
129 58 85 170 0.32502
130 58 85 170 0.268688
131 58 85 170 0.163213
132 58 85 170 0.0802061
133 58 85 170 0.0333867
134 58 85 170 0.0130205
71 59 85 170 0.0165967
72 59 85 170 0.0582404
73 59 85 170 0.178971
74 59 85 170 0.364638
75 59 85 170 0.611136
76 59 85 170 0.848407
77 59 85 170 0.899247
78 59 85 170 0.896758
79 59 85 170 0.889315
80 59 85 170 0.82753
81 59 85 170 0.755663
82 59 85 170 0.670112
83 59 85 170 0.593479
84 59 85 170 0.509185
85 59 85 170 0.307786
86 59 85 170 0.148666
87 59 85 170 0.0750629
88 59 85 170 0.0167383
94 59 85 170 0.0130063
95 59 85 170 0.0177051
96 59 85 170 0.0222924
97 59 85 170 0.0320282
98 59 85 170 0.0386305
99 59 85 170 0.0414641
100 59 85 170 0.041978
101 59 85 170 0.02999
102 59 85 170 0.0250206
103 59 85 170 0.0298352
104 59 85 170 0.0325109
105 59 85 170 0.0364825
106 59 85 170 0.0304214
107 59 85 170 0.0275299
108 59 85 170 0.0421979
109 59 85 170 0.0445117
110 59 85 170 0.0458413
111 59 85 170 0.0406021
112 59 85 170 0.0198824
113 59 85 170 0.0192718
114 59 85 170 0.0189454
115 59 85 170 0.0261755
116 59 85 170 0.0628493
117 59 85 170 0.120643
118 59 85 170 0.352118
119 59 85 170 0.645646
120 59 85 170 0.774688
121 59 85 170 0.858581
122 59 85 170 0.857892
123 59 85 170 0.81964
124 59 85 170 0.829303
125 59 85 170 0.769326
126 59 85 170 0.699544
127 59 85 170 0.59498
128 59 85 170 0.413573
129 59 85 170 0.34582
130 59 85 170 0.274816
131 59 85 170 0.15425
132 59 85 170 0.076431
133 59 85 170 0.0327909
134 59 85 170 0.0122861
72 60 85 170 0.0146589
73 60 85 170 0.0446171
74 60 85 170 0.102201
75 60 85 170 0.3066
76 60 85 170 0.635015
77 60 85 170 0.731513
78 60 85 170 0.753893
79 60 85 170 0.75401
80 60 85 170 0.677111
81 60 85 170 0.653687
82 60 85 170 0.581662
83 60 85 170 0.477546
84 60 85 170 0.399788
85 60 85 170 0.224421
86 60 85 170 0.0927134
87 60 85 170 0.0453511
88 60 85 170 0.010389
94 60 85 170 0.0123249
95 60 85 170 0.018261
96 60 85 170 0.0258707
97 60 85 170 0.0423941
98 60 85 170 0.0473203
99 60 85 170 0.0473791
100 60 85 170 0.0539595
101 60 85 170 0.0363743
102 60 85 170 0.0270204
103 60 85 170 0.0326269
104 60 85 170 0.031592
105 60 85 170 0.0294742
106 60 85 170 0.0238187
107 60 85 170 0.0224534
108 60 85 170 0.031481
109 60 85 170 0.0323154
110 60 85 170 0.0309762
111 60 85 170 0.0257804
112 60 85 170 0.0135458
113 60 85 170 0.0139264
114 60 85 170 0.0129893
115 60 85 170 0.0188078
116 60 85 170 0.0451423
117 60 85 170 0.0832203
118 60 85 170 0.287715
119 60 85 170 0.558097
120 60 85 170 0.677545
121 60 85 170 0.756345
122 60 85 170 0.748063
123 60 85 170 0.701522
124 60 85 170 0.701155
125 60 85 170 0.61161
126 60 85 170 0.496651
127 60 85 170 0.387916
128 60 85 170 0.266263
129 60 85 170 0.212744
130 60 85 170 0.166636
131 60 85 170 0.0991149
132 60 85 170 0.0498755
133 60 85 170 0.0225183
74 61 85 170 0.0213287
75 61 85 170 0.122933
76 61 85 170 0.319897
77 61 85 170 0.407227
78 61 85 170 0.444057
79 61 85 170 0.456629
80 61 85 170 0.421404
81 61 85 170 0.394176
82 61 85 170 0.337415
83 61 85 170 0.263704
84 61 85 170 0.203344
85 61 85 170 0.11097
86 61 85 170 0.0474883
87 61 85 170 0.024469
94 61 85 170 0.0116429
95 61 85 170 0.0185891
96 61 85 170 0.0296205
97 61 85 170 0.0414984
98 61 85 170 0.0436446
99 61 85 170 0.0400953
100 61 85 170 0.0375395
101 61 85 170 0.0245001
102 61 85 170 0.0184209
103 61 85 170 0.0215079
104 61 85 170 0.0209493
105 61 85 170 0.0186121
106 61 85 170 0.0147903
107 61 85 170 0.0145294
108 61 85 170 0.0205541
109 61 85 170 0.0224255
110 61 85 170 0.0222245
111 61 85 170 0.0175992
115 61 85 170 0.0104234
116 61 85 170 0.0256733
117 61 85 170 0.0396103
118 61 85 170 0.178562
119 61 85 170 0.370718
120 61 85 170 0.462537
121 61 85 170 0.561939
122 61 85 170 0.548502
123 61 85 170 0.481797
124 61 85 170 0.493411
125 61 85 170 0.384341
126 61 85 170 0.276521
127 61 85 170 0.218111
128 61 85 170 0.136283
129 61 85 170 0.0985237
130 61 85 170 0.0756904
131 61 85 170 0.0452171
132 61 85 170 0.0239376
133 61 85 170 0.011676
74 62 85 170 0.0118147
75 62 85 170 0.0440181
76 62 85 170 0.113581
77 62 85 170 0.163286
78 62 85 170 0.188999
79 62 85 170 0.195972
80 62 85 170 0.187874
81 62 85 170 0.175679
82 62 85 170 0.144276
83 62 85 170 0.104021
84 62 85 170 0.0738417
85 62 85 170 0.0411452
86 62 85 170 0.0212851
87 62 85 170 0.0128256
95 62 85 170 0.0116802
96 62 85 170 0.0189708
97 62 85 170 0.0239337
98 62 85 170 0.0246387
99 62 85 170 0.0214525
100 62 85 170 0.0158797
101 62 85 170 0.0103615
109 62 85 170 0.0112612
110 62 85 170 0.0118813
116 62 85 170 0.0109664
117 62 85 170 0.0137427
118 62 85 170 0.0787513
119 62 85 170 0.171852
120 62 85 170 0.226535
121 62 85 170 0.315601
122 62 85 170 0.312289
123 62 85 170 0.258805
124 62 85 170 0.275513
125 62 85 170 0.206832
126 62 85 170 0.143897
127 62 85 170 0.119624
128 62 85 170 0.071853
129 62 85 170 0.0490631
130 62 85 170 0.0370014
131 62 85 170 0.0219184
132 62 85 170 0.0128218
75 63 85 170 0.0121252
76 63 85 170 0.0457617
77 63 85 170 0.0639108
78 63 85 170 0.0696004
79 63 85 170 0.0642656
80 63 85 170 0.0554877
81 63 85 170 0.071388
82 63 85 170 0.0644717
83 63 85 170 0.0404223
84 63 85 170 0.0335926
85 63 85 170 0.0180701
118 63 85 170 0.0184914
119 63 85 170 0.042692
120 63 85 170 0.0675198
121 63 85 170 0.117291
122 63 85 170 0.126351
123 63 85 170 0.108963
124 63 85 170 0.122181
125 63 85 170 0.105311
126 63 85 170 0.0789786
127 63 85 170 0.060991
128 63 85 170 0.0424583
129 63 85 170 0.0323133
130 63 85 170 0.0253948
131 63 85 170 0.0174148
132 63 85 170 0.0106134
119 64 85 170 0.0212158
120 64 85 170 0.0294331
121 64 85 170 0.0513162
122 64 85 170 0.0545491
123 64 85 170 0.0507758
124 64 85 170 0.0663194
125 64 85 170 0.0500031
126 64 85 170 0.0355137
127 64 85 170 0.0328233
128 64 85 170 0.0193098
129 64 85 170 0.0152078
130 64 85 170 0.0133817
121 65 85 170 0.015537
122 65 85 170 0.016497
123 65 85 170 0.0166948
124 65 85 170 0.022864
125 65 85 170 0.0162264
126 65 85 170 0.0109569
127 65 85 170 0.0108711
190 67 85 170 0.0102979
191 67 85 170 0.0143297
192 67 85 170 0.0149763
193 67 85 170 0.0128238
194 67 85 170 0.010194
190 68 85 170 0.0102192
191 68 85 170 0.0149735
192 68 85 170 0.0168724
193 68 85 170 0.0157994
194 68 85 170 0.0131492
195 68 85 170 0.0103431
223 62 64 128 0.0117247
224 62 64 128 0.0122685
225 62 64 128 0.0175182
227 62 64 128 0.0148928
221 63 64 128 0.0115638
222 63 64 128 0.0163067
223 63 64 128 0.0255239
224 63 64 128 0.0249795
225 63 64 128 0.0291345
226 63 64 128 0.0165899
227 63 64 128 0.0232396
228 63 64 128 0.0147196
222 64 64 128 0.0133941
223 64 64 128 0.0249955
224 64 64 128 0.0295537
225 64 64 128 0.0390556
226 64 64 128 0.0251583
227 64 64 128 0.0528479
228 64 64 128 0.0269786
229 64 64 128 0.0214087
254 64 64 128 0.0130387
255 64 64 128 0.0219365
221 65 64 128 0.0144867
222 65 64 128 0.0197143
223 65 64 128 0.0376253
224 65 64 128 0.0483541
225 65 64 128 0.0653499
226 65 64 128 0.0428885
227 65 64 128 0.0703026
228 65 64 128 0.0361464
229 65 64 128 0.0274628
254 65 64 128 0.0162724
255 65 64 128 0.0232874
221 66 64 128 0.0126495
222 66 64 128 0.0206924
223 66 64 128 0.0489629
224 66 64 128 0.076386
225 66 64 128 0.105377
226 66 64 128 0.0784309
227 66 64 128 0.15909
228 66 64 128 0.0957731
229 66 64 128 0.0867484
230 66 64 128 0.029662
231 66 64 128 0.0251243
253 66 64 128 0.0150837
254 66 64 128 0.0320376
255 66 64 128 0.0556979
53 67 64 128 0.013315
54 67 64 128 0.0100273
222 67 64 128 0.016189
223 67 64 128 0.0372397
224 67 64 128 0.07363
225 67 64 128 0.126043
226 67 64 128 0.0917681
227 67 64 128 0.1423
228 67 64 128 0.0918867
229 67 64 128 0.0854811
230 67 64 128 0.0281
231 67 64 128 0.0199071
253 67 64 128 0.0197642
254 67 64 128 0.0338489
255 67 64 128 0.0580535
53 68 64 128 0.0166096
54 68 64 128 0.0107436
222 68 64 128 0.0170695
223 68 64 128 0.0485144
224 68 64 128 0.0994953
225 68 64 128 0.182378
226 68 64 128 0.154322
227 68 64 128 0.296135
228 68 64 128 0.197847
229 68 64 128 0.167229
230 68 64 128 0.0654583
231 68 64 128 0.0567857
232 68 64 128 0.0162802
247 68 64 128 0.013004
248 68 64 128 0.0165904
249 68 64 128 0.0124757
252 68 64 128 0.0160391
253 68 64 128 0.0355548
254 68 64 128 0.0521923
255 68 64 128 0.0928324
53 69 64 128 0.0160887
54 69 64 128 0.0115082
132 69 64 128 0.0162293
133 69 64 128 0.0122431
199 69 64 128 0.011938
200 69 64 128 0.0136181
201 69 64 128 0.0188506
222 69 64 128 0.0271438
223 69 64 128 0.0688165
224 69 64 128 0.155933
225 69 64 128 0.243534
226 69 64 128 0.285136
227 69 64 128 0.415889
228 69 64 128 0.288904
229 69 64 128 0.224094
230 69 64 128 0.0639463
231 69 64 128 0.0491612
232 69 64 128 0.016142
233 69 64 128 0.0100677
240 69 64 128 0.0106373
244 69 64 128 0.0134681
245 69 64 128 0.0154868
246 69 64 128 0.0338008
247 69 64 128 0.0530401
248 69 64 128 0.0613427
249 69 64 128 0.0431891
250 69 64 128 0.0177729
251 69 64 128 0.0189987
252 69 64 128 0.0234257
253 69 64 128 0.0424022
254 69 64 128 0.0541221
255 69 64 128 0.069495
13 70 64 128 0.0119784
14 70 64 128 0.0124222
52 70 64 128 0.0105966
53 70 64 128 0.0439026
54 70 64 128 0.0381089
55 70 64 128 0.021821
56 70 64 128 0.0118101
130 70 64 128 0.0108199
131 70 64 128 0.0289095
132 70 64 128 0.0431385
133 70 64 128 0.0296087
134 70 64 128 0.0168977
197 70 64 128 0.0122242
198 70 64 128 0.0217172
199 70 64 128 0.0839447
200 70 64 128 0.0897643
201 70 64 128 0.121899
202 70 64 128 0.0475085
203 70 64 128 0.0301404
221 70 64 128 0.018052
222 70 64 128 0.0409545
223 70 64 128 0.135783
224 70 64 128 0.285051
225 70 64 128 0.439932
226 70 64 128 0.535629
227 70 64 128 0.766715
228 70 64 128 0.655129
229 70 64 128 0.571857
230 70 64 128 0.25144
231 70 64 128 0.212018
232 70 64 128 0.0611676
233 70 64 128 0.0338105
239 70 64 128 0.0104697
240 70 64 128 0.0136059
242 70 64 128 0.0105555
243 70 64 128 0.0141612
244 70 64 128 0.0178235
245 70 64 128 0.0251857
246 70 64 128 0.0447289
247 70 64 128 0.078754
248 70 64 128 0.0734859
249 70 64 128 0.058477
250 70 64 128 0.0230099
251 70 64 128 0.0246345
252 70 64 128 0.0248318
253 70 64 128 0.0505417
254 70 64 128 0.0544525
255 70 64 128 0.0657815
12 71 64 128 0.0128817
13 71 64 128 0.01892
14 71 64 128 0.0196392
15 71 64 128 0.0133879
53 71 64 128 0.0250987
54 71 64 128 0.0246072
55 71 64 128 0.0145394
130 71 64 128 0.0394807
131 71 64 128 0.108946
132 71 64 128 0.142735
133 71 64 128 0.0991005
134 71 64 128 0.0594972
135 71 64 128 0.0398475
148 71 64 128 0.0132829
197 71 64 128 0.0298056
198 71 64 128 0.0840714
199 71 64 128 0.281
200 71 64 128 0.356655
201 71 64 128 0.473432
202 71 64 128 0.250631
203 71 64 128 0.177867
204 71 64 128 0.0428083
205 71 64 128 0.0136756
220 71 64 128 0.0119762
221 71 64 128 0.0255338
222 71 64 128 0.0724409
223 71 64 128 0.23259
224 71 64 128 0.461047
225 71 64 128 0.630967
226 71 64 128 0.711713
227 71 64 128 0.846854
228 71 64 128 0.757161
229 71 64 128 0.638414
230 71 64 128 0.284543
231 71 64 128 0.187086
232 71 64 128 0.0697045
233 71 64 128 0.0356777
234 71 64 128 0.0105733
239 71 64 128 0.010529
240 71 64 128 0.0163894
242 71 64 128 0.0117848
243 71 64 128 0.0158412
244 71 64 128 0.0197721
245 71 64 128 0.0286642
246 71 64 128 0.0512345
247 71 64 128 0.0857562
248 71 64 128 0.0758074
249 71 64 128 0.0468249
250 71 64 128 0.0169904
251 71 64 128 0.0130347
252 71 64 128 0.0120835
253 71 64 128 0.0190604
254 71 64 128 0.0189221
255 71 64 128 0.0223181
12 72 64 128 0.017958
13 72 64 128 0.0249683
14 72 64 128 0.0252709
15 72 64 128 0.0189999
53 72 64 128 0.0217841
54 72 64 128 0.0196106
55 72 64 128 0.013269
57 72 64 128 0.0101243
128 72 64 128 0.0115422
129 72 64 128 0.0475049
130 72 64 128 0.162608
131 72 64 128 0.306054
132 72 64 128 0.358436
133 72 64 128 0.2598
134 72 64 128 0.141882
135 72 64 128 0.0704372
136 72 64 128 0.0128329
147 72 64 128 0.0103291
148 72 64 128 0.0172076
149 72 64 128 0.0109158
195 72 64 128 0.0131223
196 72 64 128 0.0209522
197 72 64 128 0.150154
198 72 64 128 0.290699
199 72 64 128 0.708678
200 72 64 128 0.747049
201 72 64 128 0.851179
202 72 64 128 0.611463
203 72 64 128 0.509021
204 72 64 128 0.145434
205 72 64 128 0.0402409
220 72 64 128 0.0177983
221 72 64 128 0.0453056
222 72 64 128 0.10439
223 72 64 128 0.325718
224 72 64 128 0.581437
225 72 64 128 0.778533
226 72 64 128 0.813331
227 72 64 128 0.91075
228 72 64 128 0.848909
229 72 64 128 0.745772
230 72 64 128 0.337819
231 72 64 128 0.23854
232 72 64 128 0.0898292
233 72 64 128 0.0429683
234 72 64 128 0.0112875
245 72 64 128 0.012101
246 72 64 128 0.0199754
247 72 64 128 0.0375598
248 72 64 128 0.0314162
249 72 64 128 0.0205238
12 73 64 128 0.0140572
13 73 64 128 0.0161246
14 73 64 128 0.0178166
15 73 64 128 0.0133703
128 73 64 128 0.0194989
129 73 64 128 0.0851211
130 73 64 128 0.239184
131 73 64 128 0.476305
132 73 64 128 0.489688
133 73 64 128 0.404147
134 73 64 128 0.218935
135 73 64 128 0.155969
136 73 64 128 0.0263755
137 73 64 128 0.0134708
145 73 64 128 0.0218646
146 73 64 128 0.0297913
147 73 64 128 0.0571123
148 73 64 128 0.0704214
149 73 64 128 0.047792
150 73 64 128 0.0301336
151 73 64 128 0.0192959
195 73 64 128 0.0327944
196 73 64 128 0.0781512
197 73 64 128 0.390477
198 73 64 128 0.646924
199 73 64 128 0.894667
200 73 64 128 0.935647
201 73 64 128 0.957859
202 73 64 128 0.881978
203 73 64 128 0.810127
204 73 64 128 0.409394
205 73 64 128 0.146941
206 73 64 128 0.0289524
207 73 64 128 0.0109071
217 73 64 128 0.0113507
218 73 64 128 0.0106637
219 73 64 128 0.0178201
220 73 64 128 0.0347107
221 73 64 128 0.0693806
222 73 64 128 0.154863
223 73 64 128 0.403553
224 73 64 128 0.651833
225 73 64 128 0.787508
226 73 64 128 0.829535
227 73 64 128 0.885703
228 73 64 128 0.788565
229 73 64 128 0.650461
230 73 64 128 0.253859
231 73 64 128 0.128376
232 73 64 128 0.04701
233 73 64 128 0.022351
246 73 64 128 0.0192039
247 73 64 128 0.0323658
248 73 64 128 0.0322723
249 73 64 128 0.0169388
12 74 64 128 0.0106905
13 74 64 128 0.0141096
14 74 64 128 0.0142583
15 74 64 128 0.0119403
57 74 64 128 0.0108136
128 74 64 128 0.0255927
129 74 64 128 0.102118
130 74 64 128 0.268405
131 74 64 128 0.445213
132 74 64 128 0.507984
133 74 64 128 0.401377
134 74 64 128 0.201708
135 74 64 128 0.112933
136 74 64 128 0.0222578
145 74 64 128 0.0174917
146 74 64 128 0.0322641
147 74 64 128 0.0589673
148 74 64 128 0.0816677
149 74 64 128 0.0532363
150 74 64 128 0.0453279
151 74 64 128 0.02612
152 74 64 128 0.0183
193 74 64 128 0.0121928
194 74 64 128 0.0233488
195 74 64 128 0.104762
196 74 64 128 0.194654
197 74 64 128 0.697075
198 74 64 128 0.85271
199 74 64 128 0.972963
200 74 64 128 0.981055
201 74 64 128 0.988413
202 74 64 128 0.961388
203 74 64 128 0.936893
204 74 64 128 0.620267
205 74 64 128 0.285409
206 74 64 128 0.0727597
207 74 64 128 0.0467681
208 74 64 128 0.0195812
209 74 64 128 0.0102026
213 74 64 128 0.0124463
214 74 64 128 0.0143403
215 74 64 128 0.021713
216 74 64 128 0.0256304
217 74 64 128 0.0291256
218 74 64 128 0.0219908
219 74 64 128 0.0296949
220 74 64 128 0.0456824
221 74 64 128 0.0965363
222 74 64 128 0.179575
223 74 64 128 0.485728
224 74 64 128 0.701158
225 74 64 128 0.82683
226 74 64 128 0.846962
227 74 64 128 0.909327
228 74 64 128 0.78191
229 74 64 128 0.640128
230 74 64 128 0.21609
231 74 64 128 0.0971816
232 74 64 128 0.0312654
233 74 64 128 0.010973
247 74 64 128 0.0131711
128 75 64 128 0.0203805
129 75 64 128 0.0968746
130 75 64 128 0.224932
131 75 64 128 0.387989
132 75 64 128 0.410576
133 75 64 128 0.339555
134 75 64 128 0.174405
135 75 64 128 0.144092
136 75 64 128 0.0304934
137 75 64 128 0.0144409
144 75 64 128 0.0122339
145 75 64 128 0.0366073
146 75 64 128 0.0590758
147 75 64 128 0.118093
148 75 64 128 0.132835
149 75 64 128 0.114358
150 75 64 128 0.0892362
151 75 64 128 0.0725636
152 75 64 128 0.0468606
153 75 64 128 0.0186928
154 75 64 128 0.0102638
193 75 64 128 0.0126907
194 75 64 128 0.0317158
195 75 64 128 0.142566
196 75 64 128 0.376439
197 75 64 128 0.830919
198 75 64 128 0.94303
199 75 64 128 0.989318
200 75 64 128 0.99416
201 75 64 128 0.996629
202 75 64 128 0.991271
203 75 64 128 0.988348
204 75 64 128 0.91532
205 75 64 128 0.725004
206 75 64 128 0.346584
207 75 64 128 0.195465
208 75 64 128 0.117262
209 75 64 128 0.0572007
210 75 64 128 0.0299309
211 75 64 128 0.0219407
212 75 64 128 0.0449717
213 75 64 128 0.0662702
214 75 64 128 0.075359
215 75 64 128 0.0925646
216 75 64 128 0.113611
217 75 64 128 0.103571
218 75 64 128 0.0734823
219 75 64 128 0.0731479
220 75 64 128 0.0984071
221 75 64 128 0.15187
222 75 64 128 0.257793
223 75 64 128 0.561533
224 75 64 128 0.715862
225 75 64 128 0.819634
226 75 64 128 0.834211
227 75 64 128 0.861229
228 75 64 128 0.659186
229 75 64 128 0.487067
230 75 64 128 0.110939
231 75 64 128 0.0317493
232 75 64 128 0.0110056
57 76 64 128 0.0109648
128 76 64 128 0.0104622
129 76 64 128 0.0577933
130 76 64 128 0.119669
131 76 64 128 0.236029
132 76 64 128 0.280138
133 76 64 128 0.251481
134 76 64 128 0.148167
135 76 64 128 0.0918207
136 76 64 128 0.0182068
145 76 64 128 0.0204512
146 76 64 128 0.0282735
147 76 64 128 0.0535947
148 76 64 128 0.0587899
149 76 64 128 0.0535606
150 76 64 128 0.043113
151 76 64 128 0.039182
152 76 64 128 0.027871
153 76 64 128 0.013114
193 76 64 128 0.0243915
194 76 64 128 0.0450116
195 76 64 128 0.195829
196 76 64 128 0.407214
197 76 64 128 0.879129
198 76 64 128 0.954436
199 76 64 128 0.994161
200 76 64 128 0.995965
201 76 64 128 0.998283
202 76 64 128 0.993858
203 76 64 128 0.992953
204 76 64 128 0.9447
205 76 64 128 0.824892
206 76 64 128 0.541263
207 76 64 128 0.457864
208 76 64 128 0.327671
209 76 64 128 0.245995
210 76 64 128 0.137048
211 76 64 128 0.109964
212 76 64 128 0.178891
213 76 64 128 0.275585
214 76 64 128 0.249662
215 76 64 128 0.25273
216 76 64 128 0.255809
217 76 64 128 0.209933
218 76 64 128 0.0996127
219 76 64 128 0.0889419
220 76 64 128 0.0976313
221 76 64 128 0.150479
222 76 64 128 0.227816
223 76 64 128 0.532913
224 76 64 128 0.61463
225 76 64 128 0.744295
226 76 64 128 0.722144
227 76 64 128 0.77469
228 76 64 128 0.514477
229 76 64 128 0.309866
230 76 64 128 0.0521745
231 76 64 128 0.0161866
57 77 64 128 0.0104147
129 77 64 128 0.0256899
130 77 64 128 0.0692837
131 77 64 128 0.153978
132 77 64 128 0.173454
133 77 64 128 0.170973
134 77 64 128 0.0946189
135 77 64 128 0.0772888
136 77 64 128 0.0137798
145 77 64 128 0.0293105
146 77 64 128 0.0322702
147 77 64 128 0.0665788
148 77 64 128 0.0584901
149 77 64 128 0.0585075
150 77 64 128 0.0449319
151 77 64 128 0.0486815
152 77 64 128 0.0299499
153 77 64 128 0.0154477
193 77 64 128 0.0204278
194 77 64 128 0.0398388
195 77 64 128 0.177551
196 77 64 128 0.410866
197 77 64 128 0.863552
198 77 64 128 0.950913
199 77 64 128 0.993457
200 77 64 128 0.997054
201 77 64 128 0.998776
202 77 64 128 0.996713
203 77 64 128 0.99511
204 77 64 128 0.96764
205 77 64 128 0.897029
206 77 64 128 0.676726
207 77 64 128 0.553356
208 77 64 128 0.509382
209 77 64 128 0.395754
210 77 64 128 0.262618
211 77 64 128 0.185752
212 77 64 128 0.278688
213 77 64 128 0.36593
214 77 64 128 0.339295
215 77 64 128 0.284814
216 77 64 128 0.320803
217 77 64 128 0.230021
218 77 64 128 0.12957
219 77 64 128 0.114696
220 77 64 128 0.132437
221 77 64 128 0.16369
222 77 64 128 0.272647
223 77 64 128 0.553183
224 77 64 128 0.632237
225 77 64 128 0.672081
226 77 64 128 0.659805
227 77 64 128 0.652256
228 77 64 128 0.355137
229 77 64 128 0.174153
230 77 64 128 0.0248077
54 78 64 128 0.0135222
55 78 64 128 0.0191588
56 78 64 128 0.0232658
57 78 64 128 0.0415567
58 78 64 128 0.0226982
59 78 64 128 0.0242469
89 78 64 128 0.0111624
129 78 64 128 0.0257939
130 78 64 128 0.0586932
131 78 64 128 0.13729
132 78 64 128 0.167563
133 78 64 128 0.154282
134 78 64 128 0.0809893
135 78 64 128 0.0496351
147 78 64 128 0.0123356
148 78 64 128 0.0124978
149 78 64 128 0.0116686
150 78 64 128 0.0112023
151 78 64 128 0.0134073
152 78 64 128 0.0114239
193 78 64 128 0.024543
194 78 64 128 0.044057
195 78 64 128 0.172867
196 78 64 128 0.398461
197 78 64 128 0.843817
198 78 64 128 0.934687
199 78 64 128 0.992334
200 78 64 128 0.995827
201 78 64 128 0.998317
202 78 64 128 0.99496
203 78 64 128 0.993697
204 78 64 128 0.950182
205 78 64 128 0.86788
206 78 64 128 0.621549
207 78 64 128 0.604984
208 78 64 128 0.480213
209 78 64 128 0.410655
210 78 64 128 0.242244
211 78 64 128 0.221388
212 78 64 128 0.282323
213 78 64 128 0.376561
214 78 64 128 0.322904
215 78 64 128 0.304727
216 78 64 128 0.298038
217 78 64 128 0.167604
218 78 64 128 0.0825916
219 78 64 128 0.0805922
220 78 64 128 0.101883
221 78 64 128 0.133424
222 78 64 128 0.213445
223 78 64 128 0.530685
224 78 64 128 0.598876
225 78 64 128 0.644974
226 78 64 128 0.584955
227 78 64 128 0.616455
228 78 64 128 0.319475
229 78 64 128 0.113843
230 78 64 128 0.01848
54 79 64 128 0.0119688
55 79 64 128 0.0170882
56 79 64 128 0.0244538
57 79 64 128 0.051745
58 79 64 128 0.0391532
59 79 64 128 0.0437357
60 79 64 128 0.0177408
61 79 64 128 0.0174597
63 79 64 128 0.0116158
87 79 64 128 0.0108245
88 79 64 128 0.0313846
89 79 64 128 0.0585153
90 79 64 128 0.0265164
129 79 64 128 0.021613
130 79 64 128 0.0467611
131 79 64 128 0.111661
132 79 64 128 0.123543
133 79 64 128 0.127302
134 79 64 128 0.0740545
135 79 64 128 0.0486598
147 79 64 128 0.0101285
192 79 64 128 0.0120894
193 79 64 128 0.0246685
194 79 64 128 0.0388994
195 79 64 128 0.140979
196 79 64 128 0.33409
197 79 64 128 0.741049
198 79 64 128 0.877207
199 79 64 128 0.983461
200 79 64 128 0.992164
201 79 64 128 0.996919
202 79 64 128 0.99318
203 79 64 128 0.989948
204 79 64 128 0.931427
205 79 64 128 0.801557
206 79 64 128 0.519735
207 79 64 128 0.42442
208 79 64 128 0.341827
209 79 64 128 0.231045
210 79 64 128 0.127675
211 79 64 128 0.0912997
212 79 64 128 0.160418
213 79 64 128 0.220256
214 79 64 128 0.202715
215 79 64 128 0.166973
216 79 64 128 0.170467
217 79 64 128 0.102543
218 79 64 128 0.0600795
219 79 64 128 0.0586513
220 79 64 128 0.0815612
221 79 64 128 0.142779
222 79 64 128 0.245
223 79 64 128 0.519248
224 79 64 128 0.543066
225 79 64 128 0.620615
226 79 64 128 0.551299
227 79 64 128 0.553793
228 79 64 128 0.231352
229 79 64 128 0.113914
230 79 64 128 0.0152465
53 80 64 128 0.0135495
54 80 64 128 0.0328992
55 80 64 128 0.0555157
56 80 64 128 0.0825322
57 80 64 128 0.160757
58 80 64 128 0.112015
59 80 64 128 0.105159
60 80 64 128 0.0384155
61 80 64 128 0.0344386
62 80 64 128 0.0190338
63 80 64 128 0.0249486
64 80 64 128 0.0249057
65 80 64 128 0.0254842
66 80 64 128 0.0121177
87 80 64 128 0.0244967
88 80 64 128 0.066918
89 80 64 128 0.122911
90 80 64 128 0.0528333
91 80 64 128 0.0200158
129 80 64 128 0.0203784
130 80 64 128 0.0453219
131 80 64 128 0.111041
132 80 64 128 0.158256
133 80 64 128 0.153176
134 80 64 128 0.0864203
135 80 64 128 0.0385045
193 80 64 128 0.0167419
194 80 64 128 0.0216036
195 80 64 128 0.0612667
196 80 64 128 0.128722
197 80 64 128 0.476459
198 80 64 128 0.673476
199 80 64 128 0.942445
200 80 64 128 0.957227
201 80 64 128 0.983032
202 80 64 128 0.954825
203 80 64 128 0.939837
204 80 64 128 0.672048
205 80 64 128 0.417204
206 80 64 128 0.187569
207 80 64 128 0.185401
208 80 64 128 0.154318
209 80 64 128 0.137573
210 80 64 128 0.0925674
211 80 64 128 0.0844138
212 80 64 128 0.131667
213 80 64 128 0.182829
214 80 64 128 0.160555
215 80 64 128 0.145212
216 80 64 128 0.140705
217 80 64 128 0.10435
218 80 64 128 0.0568533
219 80 64 128 0.0609351
220 80 64 128 0.0675666
221 80 64 128 0.130311
222 80 64 128 0.219825
223 80 64 128 0.514204
224 80 64 128 0.533345
225 80 64 128 0.623868
226 80 64 128 0.599905
227 80 64 128 0.603078
228 80 64 128 0.32418
229 80 64 128 0.144051
230 80 64 128 0.0240125
54 81 64 128 0.0114995
55 81 64 128 0.0244998
56 81 64 128 0.0373112
57 81 64 128 0.0945865
58 81 64 128 0.0880957
59 81 64 128 0.09312
60 81 64 128 0.0456525
61 81 64 128 0.0426564
62 81 64 128 0.0302078
63 81 64 128 0.052423
64 81 64 128 0.0725872
65 81 64 128 0.0860184
66 81 64 128 0.0507698
67 81 64 128 0.0205025
71 81 64 128 0.0157627
72 81 64 128 0.0172063
73 81 64 128 0.0104168
86 81 64 128 0.0202631
87 81 64 128 0.0988369
88 81 64 128 0.252525
89 81 64 128 0.337723
90 81 64 128 0.177547
91 81 64 128 0.0603362
129 81 64 128 0.0155357
130 81 64 128 0.0438818
131 81 64 128 0.119159
132 81 64 128 0.155945
133 81 64 128 0.149701
134 81 64 128 0.0886463
135 81 64 128 0.0429636
195 81 64 128 0.0189385
196 81 64 128 0.0383737
197 81 64 128 0.154377
198 81 64 128 0.27416
199 81 64 128 0.687321
200 81 64 128 0.791003
201 81 64 128 0.895194
202 81 64 128 0.819536
203 81 64 128 0.765972
204 81 64 128 0.374161
205 81 64 128 0.172677
206 81 64 128 0.0790147
207 81 64 128 0.0839806
208 81 64 128 0.0832672
209 81 64 128 0.0765136
210 81 64 128 0.0487276
211 81 64 128 0.0489785
212 81 64 128 0.0728766
213 81 64 128 0.102505
214 81 64 128 0.095411
215 81 64 128 0.0878589
216 81 64 128 0.0945315
217 81 64 128 0.0644608
218 81 64 128 0.0407822
219 81 64 128 0.0403361
220 81 64 128 0.0676662
221 81 64 128 0.119162
222 81 64 128 0.233607
223 81 64 128 0.448459
224 81 64 128 0.526402
225 81 64 128 0.567088
226 81 64 128 0.539673
227 81 64 128 0.50021
228 81 64 128 0.253177
229 81 64 128 0.117344
230 81 64 128 0.0213425
55 82 64 128 0.0152001
56 82 64 128 0.037094
57 82 64 128 0.0940439
58 82 64 128 0.0701925
59 82 64 128 0.0631144
60 82 64 128 0.0321868
61 82 64 128 0.0256156
62 82 64 128 0.0141734
63 82 64 128 0.0293727
64 82 64 128 0.0567934
65 82 64 128 0.0841289
66 82 64 128 0.0489896
67 82 64 128 0.0299196
68 82 64 128 0.0141968
69 82 64 128 0.015924
70 82 64 128 0.0234052
71 82 64 128 0.0549671
72 82 64 128 0.0698895
73 82 64 128 0.0426322
74 82 64 128 0.0147162
86 82 64 128 0.0258325
87 82 64 128 0.137023
88 82 64 128 0.343403
89 82 64 128 0.48024
90 82 64 128 0.252
91 82 64 128 0.0978856
92 82 64 128 0.0143655
129 82 64 128 0.0166582
130 82 64 128 0.0466794
131 82 64 128 0.122925
132 82 64 128 0.176163
133 82 64 128 0.141473
134 82 64 128 0.0873139
135 82 64 128 0.0377547
197 82 64 128 0.0272603
198 82 64 128 0.053112
199 82 64 128 0.251448
200 82 64 128 0.388179
201 82 64 128 0.613259
202 82 64 128 0.381203
203 82 64 128 0.331515
204 82 64 128 0.0891452
205 82 64 128 0.0394562
206 82 64 128 0.0182703
207 82 64 128 0.0247483
208 82 64 128 0.0266944
209 82 64 128 0.031279
210 82 64 128 0.0221807
211 82 64 128 0.0286509
212 82 64 128 0.0371255
213 82 64 128 0.066035
214 82 64 128 0.0630845
215 82 64 128 0.0545615
216 82 64 128 0.059884
217 82 64 128 0.0431888
218 82 64 128 0.0298338
219 82 64 128 0.0413618
220 82 64 128 0.0607045
221 82 64 128 0.110761
222 82 64 128 0.193162
223 82 64 128 0.477958
224 82 64 128 0.523749
225 82 64 128 0.542953
226 82 64 128 0.503043
227 82 64 128 0.556179
228 82 64 128 0.331593
229 82 64 128 0.170527
230 82 64 128 0.0447207
231 82 64 128 0.0104404
56 83 64 128 0.0117981
57 83 64 128 0.0343863
58 83 64 128 0.0319498
59 83 64 128 0.0318485
60 83 64 128 0.0187556
61 83 64 128 0.017626
62 83 64 128 0.0119322
63 83 64 128 0.0316378
64 83 64 128 0.0604735
65 83 64 128 0.126184
66 83 64 128 0.0907686
67 83 64 128 0.0721246
68 83 64 128 0.0360458
69 83 64 128 0.0530816
70 83 64 128 0.0873701
71 83 64 128 0.19352
72 83 64 128 0.196059
73 83 64 128 0.119479
74 83 64 128 0.0452396
75 83 64 128 0.0218369
82 83 64 128 0.0138785
83 83 64 128 0.0178288
84 83 64 128 0.0227533
85 83 64 128 0.0286239
86 83 64 128 0.0704082
87 83 64 128 0.359719
88 83 64 128 0.601449
89 83 64 128 0.69608
90 83 64 128 0.457984
91 83 64 128 0.248991
92 83 64 128 0.0388718
93 83 64 128 0.0157793
103 83 64 128 0.014897
104 83 64 128 0.0137794
105 83 64 128 0.0156335
129 83 64 128 0.0117099
130 83 64 128 0.0377918
131 83 64 128 0.111217
132 83 64 128 0.157063
133 83 64 128 0.136395
134 83 64 128 0.0862076
135 83 64 128 0.0395993
199 83 64 128 0.0397699
200 83 64 128 0.0781526
201 83 64 128 0.180757
202 83 64 128 0.12273
203 83 64 128 0.0954548
204 83 64 128 0.0238266
212 83 64 128 0.0133121
213 83 64 128 0.0280505
214 83 64 128 0.0287473
215 83 64 128 0.0249983
216 83 64 128 0.0280569
217 83 64 128 0.024795
218 83 64 128 0.0195687
219 83 64 128 0.0277006
220 83 64 128 0.0510384
221 83 64 128 0.1127
222 83 64 128 0.182307
223 83 64 128 0.392567
224 83 64 128 0.405984
225 83 64 128 0.457146
226 83 64 128 0.43288
227 83 64 128 0.45281
228 83 64 128 0.232315
229 83 64 128 0.132329
230 83 64 128 0.029689
247 83 64 128 0.0157134
248 83 64 128 0.0170721
249 83 64 128 0.0158452
250 83 64 128 0.0116115
253 83 64 128 0.0107915
254 83 64 128 0.0121304
57 84 64 128 0.0208427
58 84 64 128 0.0178348
59 84 64 128 0.0163696
63 84 64 128 0.0184061
64 84 64 128 0.0415423
65 84 64 128 0.074792
66 84 64 128 0.0704722
67 84 64 128 0.0630325
68 84 64 128 0.0437654
69 84 64 128 0.0807738
70 84 64 128 0.169069
71 84 64 128 0.350877
72 84 64 128 0.411491
73 84 64 128 0.282791
74 84 64 128 0.134385
75 84 64 128 0.0501917
76 84 64 128 0.0159309
81 84 64 128 0.0111884
82 84 64 128 0.0203064
83 84 64 128 0.0239194
84 84 64 128 0.0305695
85 84 64 128 0.0461774
86 84 64 128 0.0964729
87 84 64 128 0.47121
88 84 64 128 0.789257
89 84 64 128 0.877743
90 84 64 128 0.720928
91 84 64 128 0.532232
92 84 64 128 0.158504
93 84 64 128 0.0604439
94 84 64 128 0.0309996
95 84 64 128 0.0363532
96 84 64 128 0.0238954
97 84 64 128 0.0160192
98 84 64 128 0.0164876
99 84 64 128 0.0159572
100 84 64 128 0.013069
101 84 64 128 0.0126213
102 84 64 128 0.0186698
103 84 64 128 0.0374692
104 84 64 128 0.0394606
105 84 64 128 0.0332727
130 84 64 128 0.0220502
131 84 64 128 0.0687551
132 84 64 128 0.142184
133 84 64 128 0.121529
134 84 64 128 0.0779654
135 84 64 128 0.0287276
200 84 64 128 0.0120418
201 84 64 128 0.0263963
202 84 64 128 0.0137798
203 84 64 128 0.0120762
213 84 64 128 0.0128449
214 84 64 128 0.0144977
215 84 64 128 0.0163366
216 84 64 128 0.0167901
217 84 64 128 0.01497
218 84 64 128 0.0109073
219 84 64 128 0.0213027
220 84 64 128 0.0359664
221 84 64 128 0.0969591
222 84 64 128 0.16136
223 84 64 128 0.399369
224 84 64 128 0.398181
225 84 64 128 0.453085
226 84 64 128 0.414218
227 84 64 128 0.477914
228 84 64 128 0.261364
229 84 64 128 0.167589
230 84 64 128 0.0496621
231 84 64 128 0.0177828
232 84 64 128 0.0130408
246 84 64 128 0.0229511
247 84 64 128 0.0504813
248 84 64 128 0.0566324
249 84 64 128 0.046475
250 84 64 128 0.0378333
251 84 64 128 0.0247454
252 84 64 128 0.025222
253 84 64 128 0.0227442
254 84 64 128 0.0268573
255 84 64 128 0.0178034
63 85 64 128 0.0104942
64 85 64 128 0.030796
65 85 64 128 0.0508183
66 85 64 128 0.049707
67 85 64 128 0.0459894
68 85 64 128 0.0474823
69 85 64 128 0.093916
70 85 64 128 0.177759
71 85 64 128 0.39453
72 85 64 128 0.510758
73 85 64 128 0.428712
74 85 64 128 0.18955
75 85 64 128 0.0658779
76 85 64 128 0.0223049
80 85 64 128 0.011555
81 85 64 128 0.0194021
82 85 64 128 0.0378424
83 85 64 128 0.0530926
84 85 64 128 0.0662512
85 85 64 128 0.0868817
86 85 64 128 0.180132
87 85 64 128 0.631392
88 85 64 128 0.863987
89 85 64 128 0.927694
90 85 64 128 0.827524
91 85 64 128 0.668735
92 85 64 128 0.269879
93 85 64 128 0.12707
94 85 64 128 0.0793124
95 85 64 128 0.0809294
96 85 64 128 0.055689
97 85 64 128 0.0384085
98 85 64 128 0.0384936
99 85 64 128 0.0394167
100 85 64 128 0.0204621
101 85 64 128 0.0243982
102 85 64 128 0.0307732
103 85 64 128 0.0630409
104 85 64 128 0.0537094
105 85 64 128 0.0507792
106 85 64 128 0.0147694
130 85 64 128 0.0162101
131 85 64 128 0.052276
132 85 64 128 0.105792
133 85 64 128 0.104608
134 85 64 128 0.0650169
135 85 64 128 0.0231115
220 85 64 128 0.0199582
221 85 64 128 0.046182
222 85 64 128 0.0863146
223 85 64 128 0.175851
224 85 64 128 0.201559
225 85 64 128 0.214105
226 85 64 128 0.237766
227 85 64 128 0.275375
228 85 64 128 0.155066
229 85 64 128 0.0848488
230 85 64 128 0.0319653
231 85 64 128 0.0124919
232 85 64 128 0.0108855
245 85 64 128 0.0134152
246 85 64 128 0.0323536
247 85 64 128 0.0687004
248 85 64 128 0.0819633
249 85 64 128 0.0894051
250 85 64 128 0.0654624
251 85 64 128 0.0436238
252 85 64 128 0.0372369
253 85 64 128 0.043003
254 85 64 128 0.0402315
255 85 64 128 0.0220527
64 86 64 128 0.0124802
65 86 64 128 0.0212386
66 86 64 128 0.0197532
67 86 64 128 0.0229071
68 86 64 128 0.0359166
69 86 64 128 0.0903345
70 86 64 128 0.211146
71 86 64 128 0.510286
72 86 64 128 0.663975
73 86 64 128 0.655115
74 86 64 128 0.366726
75 86 64 128 0.166492
76 86 64 128 0.0454633
77 86 64 128 0.0130089
79 86 64 128 0.0110123
80 86 64 128 0.0179787
81 86 64 128 0.0274624
82 86 64 128 0.0431155
83 86 64 128 0.042265
84 86 64 128 0.0542779
85 86 64 128 0.0786911
86 86 64 128 0.134309
87 86 64 128 0.506549
88 86 64 128 0.805318
89 86 64 128 0.911516
90 86 64 128 0.78304
91 86 64 128 0.602746
92 86 64 128 0.27572
93 86 64 128 0.134144
94 86 64 128 0.0811445
95 86 64 128 0.0779652
96 86 64 128 0.0667298
97 86 64 128 0.0370727
98 86 64 128 0.0340836
99 86 64 128 0.0282132
100 86 64 128 0.0213101
101 86 64 128 0.021041
102 86 64 128 0.0321315
103 86 64 128 0.0525006
104 86 64 128 0.0548684
105 86 64 128 0.0456222
106 86 64 128 0.0151837
130 86 64 128 0.013627
131 86 64 128 0.0465977
132 86 64 128 0.102615
133 86 64 128 0.0875936
134 86 64 128 0.0509995
135 86 64 128 0.0156494
221 86 64 128 0.0214701
222 86 64 128 0.042807
223 86 64 128 0.131431
224 86 64 128 0.170785
225 86 64 128 0.222285
226 86 64 128 0.240241
227 86 64 128 0.364308
228 86 64 128 0.248627
229 86 64 128 0.190881
230 86 64 128 0.0895519
231 86 64 128 0.0426057
232 86 64 128 0.0356075
233 86 64 128 0.0207762
243 86 64 128 0.0102021
244 86 64 128 0.0175788
245 86 64 128 0.0319986
246 86 64 128 0.0795842
247 86 64 128 0.159924
248 86 64 128 0.162396
249 86 64 128 0.164676
250 86 64 128 0.137259
251 86 64 128 0.0974347
252 86 64 128 0.0847321
253 86 64 128 0.0767307
254 86 64 128 0.0819747
255 86 64 128 0.0427838
67 87 64 128 0.0126189
68 87 64 128 0.0178754
69 87 64 128 0.0474562
70 87 64 128 0.130881
71 87 64 128 0.378645
72 87 64 128 0.531097
73 87 64 128 0.557468
74 87 64 128 0.268866
75 87 64 128 0.105634
76 87 64 128 0.0268714
80 87 64 128 0.0165502
81 87 64 128 0.0224074
82 87 64 128 0.0412613
83 87 64 128 0.0488185
84 87 64 128 0.0646206
85 87 64 128 0.0674744
86 87 64 128 0.12561
87 87 64 128 0.455679
88 87 64 128 0.72186
89 87 64 128 0.821546
90 87 64 128 0.612609
91 87 64 128 0.425663
92 87 64 128 0.146606
93 87 64 128 0.0836626
94 87 64 128 0.0461253
95 87 64 128 0.0466021
96 87 64 128 0.0413941
97 87 64 128 0.028595
98 87 64 128 0.0268608
99 87 64 128 0.0210527
100 87 64 128 0.0150612
101 87 64 128 0.0144891
102 87 64 128 0.0191267
103 87 64 128 0.0359057
104 87 64 128 0.0341047
105 87 64 128 0.0266115
131 87 64 128 0.0285855
132 87 64 128 0.0606516
133 87 64 128 0.0515195
134 87 64 128 0.03546
135 87 64 128 0.0104973
221 87 64 128 0.016612
222 87 64 128 0.0355655
223 87 64 128 0.100518
224 87 64 128 0.138166
225 87 64 128 0.165286
226 87 64 128 0.211754
227 87 64 128 0.276085
228 87 64 128 0.244419
229 87 64 128 0.209161
230 87 64 128 0.10831
231 87 64 128 0.0651985
232 87 64 128 0.0665055
233 87 64 128 0.0447934
234 87 64 128 0.0154544
235 87 64 128 0.0115652
243 87 64 128 0.0107499
244 87 64 128 0.0185975
245 87 64 128 0.0371099
246 87 64 128 0.083565
247 87 64 128 0.187414
248 87 64 128 0.180874
249 87 64 128 0.217387
250 87 64 128 0.177961
251 87 64 128 0.135618
252 87 64 128 0.104691
253 87 64 128 0.0963563
254 87 64 128 0.0910492
255 87 64 128 0.0522962
68 88 64 128 0.0119034
69 88 64 128 0.02733
70 88 64 128 0.116951
71 88 64 128 0.36207
72 88 64 128 0.631256
73 88 64 128 0.649614
74 88 64 128 0.388343
75 88 64 128 0.141113
76 88 64 128 0.0429153
77 88 64 128 0.0118328
80 88 64 128 0.0153128
81 88 64 128 0.0197676
82 88 64 128 0.024025
83 88 64 128 0.0220079
84 88 64 128 0.0217856
85 88 64 128 0.0215002
86 88 64 128 0.0301133
87 88 64 128 0.137849
88 88 64 128 0.29978
89 88 64 128 0.439265
90 88 64 128 0.234454
91 88 64 128 0.127935
92 88 64 128 0.0396667
93 88 64 128 0.0190269
94 88 64 128 0.0138251
95 88 64 128 0.015321
96 88 64 128 0.0138183
102 88 64 128 0.0116184
103 88 64 128 0.0158214
104 88 64 128 0.0184514
105 88 64 128 0.0137023
131 88 64 128 0.0271117
132 88 64 128 0.0781952
133 88 64 128 0.060359
134 88 64 128 0.0432067
135 88 64 128 0.0115185
221 88 64 128 0.0222876
222 88 64 128 0.0513069
223 88 64 128 0.176651
224 88 64 128 0.229952
225 88 64 128 0.326591
226 88 64 128 0.379125
227 88 64 128 0.539515
228 88 64 128 0.492006
229 88 64 128 0.420582
230 88 64 128 0.258106
231 88 64 128 0.191472
232 88 64 128 0.184776
233 88 64 128 0.124154
234 88 64 128 0.0505066
235 88 64 128 0.0370378
236 88 64 128 0.0202213
237 88 64 128 0.0125889
243 88 64 128 0.0142156
244 88 64 128 0.028341
245 88 64 128 0.0452688
246 88 64 128 0.0990661
247 88 64 128 0.201524
248 88 64 128 0.213808
249 88 64 128 0.222903
250 88 64 128 0.18808
251 88 64 128 0.138305
252 88 64 128 0.116195
253 88 64 128 0.0895422
254 88 64 128 0.0898109
255 88 64 128 0.0485348
69 89 64 128 0.0120281
70 89 64 128 0.0406232
71 89 64 128 0.179912
72 89 64 128 0.477021
73 89 64 128 0.540411
74 89 64 128 0.266038
75 89 64 128 0.0780447
76 89 64 128 0.018609
81 89 64 128 0.011675
82 89 64 128 0.0131625
83 89 64 128 0.011942
84 89 64 128 0.0104407
87 89 64 128 0.0305469
88 89 64 128 0.0500335
89 89 64 128 0.0686014
90 89 64 128 0.0298003
91 89 64 128 0.0171765
131 89 64 128 0.0226363
132 89 64 128 0.0621534
133 89 64 128 0.0515272
134 89 64 128 0.0342759
135 89 64 128 0.0105868
221 89 64 128 0.0260506
222 89 64 128 0.0632829
223 89 64 128 0.164977
224 89 64 128 0.244361
225 89 64 128 0.29336
226 89 64 128 0.373289
227 89 64 128 0.433465
228 89 64 128 0.388599
229 89 64 128 0.277119
230 89 64 128 0.16883
231 89 64 128 0.103683
232 89 64 128 0.104979
233 89 64 128 0.0596987
234 89 64 128 0.0225476
235 89 64 128 0.0142041
243 89 64 128 0.0149905
244 89 64 128 0.0287044
245 89 64 128 0.0586702
246 89 64 128 0.113541
247 89 64 128 0.241918
248 89 64 128 0.279327
249 89 64 128 0.304308
250 89 64 128 0.238453
251 89 64 128 0.153197
252 89 64 128 0.109211
253 89 64 128 0.0953135
254 89 64 128 0.0923529
255 89 64 128 0.0415232
70 90 64 128 0.0147433
71 90 64 128 0.0867536
72 90 64 128 0.303437
73 90 64 128 0.358669
74 90 64 128 0.170777
75 90 64 128 0.0572684
76 90 64 128 0.0123657
89 90 64 128 0.0101177
104 90 64 128 0.0130283
105 90 64 128 0.0108806
131 90 64 128 0.0382612
132 90 64 128 0.121373
133 90 64 128 0.0900108
134 90 64 128 0.0485566
135 90 64 128 0.0143608
221 90 64 128 0.0222347
222 90 64 128 0.0553915
223 90 64 128 0.170861
224 90 64 128 0.237009
225 90 64 128 0.346657
226 90 64 128 0.399019
227 90 64 128 0.517619
228 90 64 128 0.488013
229 90 64 128 0.372634
230 90 64 128 0.221206
231 90 64 128 0.146768
232 90 64 128 0.119547
233 90 64 128 0.0760967
234 90 64 128 0.0281277
235 90 64 128 0.015868
243 90 64 128 0.0115638
244 90 64 128 0.0206752
245 90 64 128 0.0358576
246 90 64 128 0.0549284
247 90 64 128 0.0979534
248 90 64 128 0.118057
249 90 64 128 0.136786
250 90 64 128 0.108496
251 90 64 128 0.0712522
252 90 64 128 0.053222
253 90 64 128 0.0418399
254 90 64 128 0.0505508
255 90 64 128 0.0242107
71 91 64 128 0.0172154
72 91 64 128 0.06777
73 91 64 128 0.10217
74 91 64 128 0.0434637
75 91 64 128 0.0160491
104 91 64 128 0.0106519
131 91 64 128 0.0200487
132 91 64 128 0.0546995
133 91 64 128 0.050883
134 91 64 128 0.0264641
221 91 64 128 0.0136965
222 91 64 128 0.0259307
223 91 64 128 0.0671604
224 91 64 128 0.0892266
225 91 64 128 0.132775
226 91 64 128 0.164336
227 91 64 128 0.222165
228 91 64 128 0.219095
229 91 64 128 0.152859
230 91 64 128 0.0883489
231 91 64 128 0.0698451
232 91 64 128 0.0791076
233 91 64 128 0.0573135
234 91 64 128 0.0209666
235 91 64 128 0.0139354
245 91 64 128 0.015036
246 91 64 128 0.0196554
247 91 64 128 0.0412746
248 91 64 128 0.0427898
249 91 64 128 0.0515952
250 91 64 128 0.0399501
251 91 64 128 0.026243
252 91 64 128 0.0161471
253 91 64 128 0.014624
254 91 64 128 0.0193914
255 91 64 128 0.0101411
72 92 64 128 0.0461625
73 92 64 128 0.0582337
74 92 64 128 0.0382854
75 92 64 128 0.0164767
111 92 64 128 0.0131181
112 92 64 128 0.0119921
131 92 64 128 0.0282132
132 92 64 128 0.0887927
133 92 64 128 0.0702815
134 92 64 128 0.0348233
135 92 64 128 0.010336
222 92 64 128 0.0150676
223 92 64 128 0.0391615
224 92 64 128 0.0456272
225 92 64 128 0.0870044
226 92 64 128 0.108853
227 92 64 128 0.174428
228 92 64 128 0.200798
229 92 64 128 0.157516
230 92 64 128 0.102157
231 92 64 128 0.0898287
232 92 64 128 0.105008
233 92 64 128 0.0750839
234 92 64 128 0.032913
235 92 64 128 0.0195668
236 92 64 128 0.0102047
247 92 64 128 0.0128838
248 92 64 128 0.013266
249 92 64 128 0.0137286
250 92 64 128 0.0101675
72 93 64 128 0.0271777
73 93 64 128 0.0367675
74 93 64 128 0.0260699
75 93 64 128 0.0117523
131 93 64 128 0.0323829
132 93 64 128 0.0881178
133 93 64 128 0.0758501
134 93 64 128 0.0336969
223 93 64 128 0.015098
224 93 64 128 0.0224067
225 93 64 128 0.0346534
226 93 64 128 0.0488378
227 93 64 128 0.07635
228 93 64 128 0.08977
229 93 64 128 0.0611441
230 93 64 128 0.0367364
231 93 64 128 0.0313097
232 93 64 128 0.03448
233 93 64 128 0.0208359
72 94 64 128 0.0155627
73 94 64 128 0.0199656
74 94 64 128 0.0195631
75 94 64 128 0.0102157
80 94 64 128 0.0126276
81 94 64 128 0.0121345
131 94 64 128 0.0333684
132 94 64 128 0.0923808
133 94 64 128 0.0737188
134 94 64 128 0.0328982
135 94 64 128 0.0123428
223 94 64 128 0.0110279
224 94 64 128 0.0151045
225 94 64 128 0.0267875
226 94 64 128 0.0353717
227 94 64 128 0.0528581
228 94 64 128 0.0600912
229 94 64 128 0.045444
230 94 64 128 0.0243323
231 94 64 128 0.0231938
232 94 64 128 0.0220637
233 94 64 128 0.0154976
73 95 64 128 0.010131
79 95 64 128 0.0122105
80 95 64 128 0.0168103
81 95 64 128 0.0158374
131 95 64 128 0.0225631
132 95 64 128 0.0545277
133 95 64 128 0.0558077
134 95 64 128 0.0234592
135 95 64 128 0.0124055
202 95 64 128 0.0101082
203 95 64 128 0.0102165
225 95 64 128 0.0103203
226 95 64 128 0.0120027
227 95 64 128 0.0148614
228 95 64 128 0.0167381
229 95 64 128 0.0132459
74 96 64 128 0.0105483
79 96 64 128 0.0233502
80 96 64 128 0.0379053
81 96 64 128 0.0369713
82 96 64 128 0.0205246
83 96 64 128 0.0114621
131 96 64 128 0.0191225
132 96 64 128 0.0531058
133 96 64 128 0.0454718
134 96 64 128 0.0213857
135 96 64 128 0.0119978
79 97 64 128 0.0201911
80 97 64 128 0.0269578
81 97 64 128 0.0323766
82 97 64 128 0.0189107
83 97 64 128 0.0119855
131 97 64 128 0.0144254
132 97 64 128 0.0384703
133 97 64 128 0.0416328
134 97 64 128 0.0200613
135 97 64 128 0.0117509
79 98 64 128 0.0188445
80 98 64 128 0.0265975
81 98 64 128 0.0284874
82 98 64 128 0.0189708
83 98 64 128 0.01148
132 98 64 128 0.0260018
133 98 64 128 0.0269038
134 98 64 128 0.0145558
135 98 64 128 0.0116019
79 99 64 128 0.014164
80 99 64 128 0.0163926
81 99 64 128 0.0177864
82 99 64 128 0.0105727
132 99 64 128 0.0176767
133 99 64 128 0.0230816
134 99 64 128 0.0133762
135 99 64 128 0.0115305
77 100 64 128 0.0116373
78 100 64 128 0.0162311
79 100 64 128 0.0350588
80 100 64 128 0.0482799
81 100 64 128 0.0453867
82 100 64 128 0.0309538
83 100 64 128 0.0180439
84 100 64 128 0.0189575
132 100 64 128 0.0116435
133 100 64 128 0.0146756
76 101 64 128 0.0108909
77 101 64 128 0.017029
78 101 64 128 0.0198437
79 101 64 128 0.0441289
80 101 64 128 0.0441639
81 101 64 128 0.0399622
82 101 64 128 0.0235831
83 101 64 128 0.0170776
84 101 64 128 0.014047
133 101 64 128 0.011
76 102 64 128 0.017043
77 102 64 128 0.0220627
78 102 64 128 0.0296519
79 102 64 128 0.0490153
80 102 64 128 0.0518749
81 102 64 128 0.0391416
82 102 64 128 0.0279659
83 102 64 128 0.0173727
84 102 64 128 0.0150453
133 102 64 128 0.0104382
77 103 64 128 0.0123138
78 103 64 128 0.0134833
79 103 64 128 0.0240065
80 103 64 128 0.0213041
81 103 64 128 0.0158465
82 103 64 128 0.011765
84 103 64 128 0.0104608
133 103 64 128 0.0105592
213 103 64 128 0.0118058
214 103 64 128 0.0117606
215 103 64 128 0.0180425
216 103 64 128 0.0186028
217 103 64 128 0.0151028
220 103 64 128 0.0106291
249 103 64 128 0.0104409
74 104 64 128 0.012115
75 104 64 128 0.0150198
76 104 64 128 0.0256523
77 104 64 128 0.0340681
78 104 64 128 0.0373261
79 104 64 128 0.0502522
80 104 64 128 0.0478177
81 104 64 128 0.0303618
82 104 64 128 0.0189447
83 104 64 128 0.0145757
84 104 64 128 0.0171725
212 104 64 128 0.0118135
213 104 64 128 0.0302033
214 104 64 128 0.0324585
215 104 64 128 0.0504475
216 104 64 128 0.0536898
217 104 64 128 0.0350816
218 104 64 128 0.0155693
219 104 64 128 0.0127588
220 104 64 128 0.0200867
221 104 64 128 0.0144981
223 104 64 128 0.0102029
246 104 64 128 0.0100583
247 104 64 128 0.017073
248 104 64 128 0.0173096
249 104 64 128 0.020509
250 104 64 128 0.0130534
251 104 64 128 0.0109267
73 105 64 128 0.0112563
74 105 64 128 0.0147539
75 105 64 128 0.0215449
76 105 64 128 0.0282441
77 105 64 128 0.0390246
78 105 64 128 0.0338736
79 105 64 128 0.0371251
80 105 64 128 0.0246962
81 105 64 128 0.0136819
204 105 64 128 0.0113037
212 105 64 128 0.0164129
213 105 64 128 0.0398609
214 105 64 128 0.0454793
215 105 64 128 0.0763244
216 105 64 128 0.0824531
217 105 64 128 0.0494749
218 105 64 128 0.0218607
219 105 64 128 0.0190454
220 105 64 128 0.0314342
221 105 64 128 0.0266043
222 105 64 128 0.0196194
223 105 64 128 0.0275586
224 105 64 128 0.0310383
225 105 64 128 0.0230764
226 105 64 128 0.0235417
227 105 64 128 0.0356317
228 105 64 128 0.0309658
229 105 64 128 0.02605
230 105 64 128 0.0185563
231 105 64 128 0.0196497
232 105 64 128 0.0177044
245 105 64 128 0.0159224
246 105 64 128 0.0230609
247 105 64 128 0.0474641
248 105 64 128 0.0467929
249 105 64 128 0.0560915
250 105 64 128 0.0339052
251 105 64 128 0.0260278
252 105 64 128 0.0164179
253 105 64 128 0.0168873
254 105 64 128 0.0125259
255 105 64 128 0.0121275
72 106 64 128 0.0196895
73 106 64 128 0.0207446
74 106 64 128 0.0353081
75 106 64 128 0.0415776
76 106 64 128 0.0635905
77 106 64 128 0.0799727
78 106 64 128 0.0749412
79 106 64 128 0.0544305
80 106 64 128 0.0263775
81 106 64 128 0.0121852
200 106 64 128 0.0167753
201 106 64 128 0.027264
202 106 64 128 0.0271077
203 106 64 128 0.0236927
204 106 64 128 0.0249821
205 106 64 128 0.019541
206 106 64 128 0.014088
207 106 64 128 0.0126309
211 106 64 128 0.0127018
212 106 64 128 0.022612
213 106 64 128 0.0512897
214 106 64 128 0.0676119
215 106 64 128 0.104761
216 106 64 128 0.107911
217 106 64 128 0.0646039
218 106 64 128 0.0297037
219 106 64 128 0.0280839
220 106 64 128 0.0517949
221 106 64 128 0.0403847
222 106 64 128 0.0377542
223 106 64 128 0.0547696
224 106 64 128 0.0634881
225 106 64 128 0.0468515
226 106 64 128 0.0472043
227 106 64 128 0.0672229
228 106 64 128 0.0639125
229 106 64 128 0.0483339
230 106 64 128 0.0352782
231 106 64 128 0.0331056
232 106 64 128 0.0310051
233 106 64 128 0.0137955
244 106 64 128 0.01263
245 106 64 128 0.0199734
246 106 64 128 0.0280067
247 106 64 128 0.0472347
248 106 64 128 0.0424414
249 106 64 128 0.0361037
250 106 64 128 0.0188716
251 106 64 128 0.0134532
54 107 64 128 0.0129141
55 107 64 128 0.0130062
57 107 64 128 0.0100689
72 107 64 128 0.0181687
73 107 64 128 0.0224802
74 107 64 128 0.0326065
75 107 64 128 0.0403275
76 107 64 128 0.053763
77 107 64 128 0.0778486
78 107 64 128 0.0479383
79 107 64 128 0.0420396
80 107 64 128 0.015735
133 107 64 128 0.0102548
199 107 64 128 0.0109924
200 107 64 128 0.0263101
201 107 64 128 0.0376629
202 107 64 128 0.0347017
203 107 64 128 0.0295615
204 107 64 128 0.0270615
205 107 64 128 0.0197983
206 107 64 128 0.0142391
207 107 64 128 0.0136302
211 107 64 128 0.01132
212 107 64 128 0.0161154
213 107 64 128 0.0336991
214 107 64 128 0.0441434
215 107 64 128 0.0689506
216 107 64 128 0.0732386
217 107 64 128 0.0493575
218 107 64 128 0.0243758
219 107 64 128 0.0289353
220 107 64 128 0.0557259
221 107 64 128 0.0616313
222 107 64 128 0.0595627
223 107 64 128 0.109416
224 107 64 128 0.131312
225 107 64 128 0.131387
226 107 64 128 0.132675
227 107 64 128 0.19217
228 107 64 128 0.161687
229 107 64 128 0.113405
230 107 64 128 0.0824792
231 107 64 128 0.0815528
232 107 64 128 0.0545359
233 107 64 128 0.0247048
234 107 64 128 0.0138139
245 107 64 128 0.0156405
246 107 64 128 0.0194588
247 107 64 128 0.0384372
248 107 64 128 0.0298889
249 107 64 128 0.0267771
250 107 64 128 0.0137078
53 108 64 128 0.0145177
54 108 64 128 0.0247378
55 108 64 128 0.023407
56 108 64 128 0.0223227
57 108 64 128 0.0230149
58 108 64 128 0.0143996
59 108 64 128 0.0138327
68 108 64 128 0.0103676
69 108 64 128 0.0120156
70 108 64 128 0.0298503
71 108 64 128 0.0342745
72 108 64 128 0.0908978
73 108 64 128 0.088212
74 108 64 128 0.144756
75 108 64 128 0.189134
76 108 64 128 0.283437
77 108 64 128 0.326652
78 108 64 128 0.234406
79 108 64 128 0.222624
80 108 64 128 0.0794837
81 108 64 128 0.0296373
82 108 64 128 0.0108872
199 108 64 128 0.0160018
200 108 64 128 0.0358409
201 108 64 128 0.053004
202 108 64 128 0.0479959
203 108 64 128 0.0368562
204 108 64 128 0.0327972
205 108 64 128 0.0232812
206 108 64 128 0.0172006
207 108 64 128 0.013968
212 108 64 128 0.0164131
213 108 64 128 0.0312935
214 108 64 128 0.0372419
215 108 64 128 0.0529886
216 108 64 128 0.0565834
217 108 64 128 0.0316225
218 108 64 128 0.0195643
219 108 64 128 0.022174
220 108 64 128 0.0485404
221 108 64 128 0.0511133
222 108 64 128 0.0570635
223 108 64 128 0.115803
224 108 64 128 0.14545
225 108 64 128 0.130181
226 108 64 128 0.143532
227 108 64 128 0.231357
228 108 64 128 0.231445
229 108 64 128 0.161268
230 108 64 128 0.118647
231 108 64 128 0.123326
232 108 64 128 0.0844395
233 108 64 128 0.0366245
234 108 64 128 0.0202151
235 108 64 128 0.0102401
246 108 64 128 0.0113566
247 108 64 128 0.020195
248 108 64 128 0.0187596
249 108 64 128 0.0149915
53 109 64 128 0.0166736
54 109 64 128 0.0278151
55 109 64 128 0.0272395
56 109 64 128 0.0214823
57 109 64 128 0.0239894
58 109 64 128 0.0118468
59 109 64 128 0.0126907
70 109 64 128 0.0195927
71 109 64 128 0.0399002
72 109 64 128 0.0989947
73 109 64 128 0.126602
74 109 64 128 0.173799
75 109 64 128 0.283002
76 109 64 128 0.367664
77 109 64 128 0.412559
78 109 64 128 0.300346
79 109 64 128 0.268473
80 109 64 128 0.0879246
81 109 64 128 0.0285475
82 109 64 128 0.0100018
199 109 64 128 0.0182889
200 109 64 128 0.0406147
201 109 64 128 0.0585171
202 109 64 128 0.0485828
203 109 64 128 0.042332
204 109 64 128 0.0362142
205 109 64 128 0.0222584
206 109 64 128 0.0151752
207 109 64 128 0.0120847
212 109 64 128 0.0104044
213 109 64 128 0.0161734
214 109 64 128 0.0193964
215 109 64 128 0.0261079
216 109 64 128 0.0268893
217 109 64 128 0.0165355
219 109 64 128 0.0154228
220 109 64 128 0.0367908
221 109 64 128 0.0481721
222 109 64 128 0.0613014
223 109 64 128 0.138648
224 109 64 128 0.210343
225 109 64 128 0.219178
226 109 64 128 0.223496
227 109 64 128 0.357045
228 109 64 128 0.344478
229 109 64 128 0.247967
230 109 64 128 0.179529
231 109 64 128 0.160185
232 109 64 128 0.0874315
233 109 64 128 0.0368616
234 109 64 128 0.019031
246 109 64 128 0.0108761
247 109 64 128 0.0234865
248 109 64 128 0.0220116
249 109 64 128 0.0205841
250 109 64 128 0.0115016
53 110 64 128 0.0198225
54 110 64 128 0.0377403
55 110 64 128 0.0439586
56 110 64 128 0.0321356
57 110 64 128 0.0344992
58 110 64 128 0.017936
59 110 64 128 0.0178172
65 110 64 128 0.0104972
68 110 64 128 0.0130328
69 110 64 128 0.0192124
70 110 64 128 0.0399392
71 110 64 128 0.0626484
72 110 64 128 0.173779
73 110 64 128 0.217661
74 110 64 128 0.374342
75 110 64 128 0.503744
76 110 64 128 0.634164
77 110 64 128 0.69286
78 110 64 128 0.583738
79 110 64 128 0.477519
80 110 64 128 0.185286
81 110 64 128 0.0707572
82 110 64 128 0.0178541
83 110 64 128 0.0103815
185 110 64 128 0.0109238
186 110 64 128 0.0107294
187 110 64 128 0.0112054
188 110 64 128 0.0116801
189 110 64 128 0.0107
198 110 64 128 0.0141469
199 110 64 128 0.035068
200 110 64 128 0.076134
201 110 64 128 0.112355
202 110 64 128 0.0891554
203 110 64 128 0.0667981
204 110 64 128 0.0565366
205 110 64 128 0.0365646
206 110 64 128 0.024312
207 110 64 128 0.0224093
208 110 64 128 0.0142235
212 110 64 128 0.0119469
213 110 64 128 0.0155847
214 110 64 128 0.0164978
215 110 64 128 0.0211832
216 110 64 128 0.0212379
217 110 64 128 0.0122789
219 110 64 128 0.0129694
220 110 64 128 0.030527
221 110 64 128 0.038854
222 110 64 128 0.0453011
223 110 64 128 0.117861
224 110 64 128 0.165877
225 110 64 128 0.168436
226 110 64 128 0.169076
227 110 64 128 0.284626
228 110 64 128 0.267213
229 110 64 128 0.162864
230 110 64 128 0.10674
231 110 64 128 0.0880727
232 110 64 128 0.0520822
233 110 64 128 0.0177592
247 110 64 128 0.0172038
248 110 64 128 0.0185367
249 110 64 128 0.0183199
53 111 64 128 0.0227581
54 111 64 128 0.0367089
55 111 64 128 0.0546965
56 111 64 128 0.0315968
57 111 64 128 0.0443211
58 111 64 128 0.0168089
59 111 64 128 0.0175609
69 111 64 128 0.0149468
70 111 64 128 0.0295482
71 111 64 128 0.066021
72 111 64 128 0.139852
73 111 64 128 0.221479
74 111 64 128 0.350321
75 111 64 128 0.57743
76 111 64 128 0.659168
77 111 64 128 0.713704
78 111 64 128 0.592279
79 111 64 128 0.435505
80 111 64 128 0.145622
81 111 64 128 0.0480608
82 111 64 128 0.0153881
101 111 64 128 0.0125713
102 111 64 128 0.0115064
181 111 64 128 0.0148323
182 111 64 128 0.0171846
183 111 64 128 0.0217602
184 111 64 128 0.025189
185 111 64 128 0.0256528
186 111 64 128 0.0211701
187 111 64 128 0.0177839
188 111 64 128 0.0168687
189 111 64 128 0.0131007
198 111 64 128 0.0138105
199 111 64 128 0.0372841
200 111 64 128 0.0815939
201 111 64 128 0.1162
202 111 64 128 0.0901467
203 111 64 128 0.0838449
204 111 64 128 0.0721927
205 111 64 128 0.0403815
206 111 64 128 0.0246554
207 111 64 128 0.0232429
208 111 64 128 0.0126072
216 111 64 128 0.0102663
220 111 64 128 0.0201757
221 111 64 128 0.0255028
222 111 64 128 0.0327937
223 111 64 128 0.096256
224 111 64 128 0.137552
225 111 64 128 0.158494
226 111 64 128 0.175072
227 111 64 128 0.303984
228 111 64 128 0.274996
229 111 64 128 0.179061
230 111 64 128 0.114103
231 111 64 128 0.0808541
232 111 64 128 0.0410607
233 111 64 128 0.0135223
247 111 64 128 0.0177404
248 111 64 128 0.014002
249 111 64 128 0.015668
