62 16 85 170 0.0104625
63 16 85 170 0.010157
62 18 85 170 0.0104603
63 18 85 170 0.0101266
61 19 85 170 0.010519
62 19 85 170 0.0109058
63 19 85 170 0.0101387
112 56 85 170 0.0179241
113 56 85 170 0.0165056
114 56 85 170 0.0149186
115 56 85 170 0.0136971
111 57 85 170 0.0111651
112 57 85 170 0.0238763
113 57 85 170 0.0225702
114 57 85 170 0.0201535
115 57 85 170 0.0182968
110 58 85 170 0.0106449
111 58 85 170 0.0187718
112 58 85 170 0.0354787
113 58 85 170 0.0332276
114 58 85 170 0.0314831
115 58 85 170 0.0290454
116 58 85 170 0.0119977
109 59 85 170 0.0122872
110 59 85 170 0.0182234
111 59 85 170 0.0313427
112 59 85 170 0.05587
113 59 85 170 0.05028
114 59 85 170 0.0482914
115 59 85 170 0.0460349
116 59 85 170 0.018404
117 59 85 170 0.0101372
109 60 85 170 0.0163851
110 60 85 170 0.0252285
111 60 85 170 0.0461242
112 60 85 170 0.08276
113 60 85 170 0.0709622
114 60 85 170 0.0649267
115 60 85 170 0.063523
116 60 85 170 0.0281115
117 60 85 170 0.0166901
118 60 85 170 0.0118358
55 61 85 170 0.0103728
56 61 85 170 0.0106455
109 61 85 170 0.024134
110 61 85 170 0.0406868
111 61 85 170 0.0707994
112 61 85 170 0.113748
113 61 85 170 0.0926981
114 61 85 170 0.0813939
115 61 85 170 0.0798325
116 61 85 170 0.0363917
117 61 85 170 0.0208248
118 61 85 170 0.0141173
55 62 85 170 0.0107389
56 62 85 170 0.0126897
109 62 85 170 0.0272405
110 62 85 170 0.044947
111 62 85 170 0.0755941
112 62 85 170 0.117765
113 62 85 170 0.0914854
114 62 85 170 0.0773028
115 62 85 170 0.0780214
116 62 85 170 0.0374293
117 62 85 170 0.0209505
118 62 85 170 0.0135183
55 63 85 170 0.0102899
56 63 85 170 0.0151763
57 63 85 170 0.0110772
109 63 85 170 0.0317497
110 63 85 170 0.0469388
111 63 85 170 0.0720244
112 63 85 170 0.114955
113 63 85 170 0.0904822
114 63 85 170 0.0714144
115 63 85 170 0.0680039
116 63 85 170 0.0333262
117 63 85 170 0.0196876
118 63 85 170 0.0128166
54 64 85 170 0.0111142
55 64 85 170 0.0158507
56 64 85 170 0.0219923
57 64 85 170 0.0169728
58 64 85 170 0.0119361
108 64 85 170 0.0114052
109 64 85 170 0.0438237
110 64 85 170 0.0620623
111 64 85 170 0.0823831
112 64 85 170 0.126437
113 64 85 170 0.10746
114 64 85 170 0.0817606
115 64 85 170 0.0653929
116 64 85 170 0.0292718
117 64 85 170 0.0186735
118 64 85 170 0.0132354
55 65 85 170 0.0108158
56 65 85 170 0.0150352
57 65 85 170 0.0118397
108 65 85 170 0.0122826
109 65 85 170 0.0456574
110 65 85 170 0.0651758
111 65 85 170 0.0762772
112 65 85 170 0.101035
113 65 85 170 0.0858189
114 65 85 170 0.0670893
115 65 85 170 0.0532424
116 65 85 170 0.024813
117 65 85 170 0.0151062
118 65 85 170 0.0104021
56 66 85 170 0.01145
108 66 85 170 0.0140764
109 66 85 170 0.0458419
110 66 85 170 0.0687876
111 66 85 170 0.0800497
112 66 85 170 0.0930592
113 66 85 170 0.0755038
114 66 85 170 0.0591253
115 66 85 170 0.0482626
116 66 85 170 0.0246702
117 66 85 170 0.0147069
32 67 85 170 0.0144736
33 67 85 170 0.0146176
34 67 85 170 0.0110913
56 67 85 170 0.0130196
57 67 85 170 0.0112944
107 67 85 170 0.0107324
108 67 85 170 0.0197709
109 67 85 170 0.0531102
110 67 85 170 0.0788055
111 67 85 170 0.0929462
112 67 85 170 0.105761
113 67 85 170 0.0827753
114 67 85 170 0.0606377
115 67 85 170 0.0475553
116 67 85 170 0.0247816
117 67 85 170 0.0158253
118 67 85 170 0.0106767
32 68 85 170 0.0143609
33 68 85 170 0.015086
34 68 85 170 0.0120404
107 68 85 170 0.0139296
108 68 85 170 0.0226361
109 68 85 170 0.0524731
110 68 85 170 0.071658
111 68 85 170 0.0775862
112 68 85 170 0.084337
113 68 85 170 0.0629374
114 68 85 170 0.0426711
115 68 85 170 0.0321451
116 68 85 170 0.0168857
117 68 85 170 0.0114779
109 69 85 170 0.0146437
110 69 85 170 0.0193002
111 69 85 170 0.0199938
112 69 85 170 0.0212092
113 69 85 170 0.0154401
114 69 85 170 0.0100434
74 38 64 128 0.0103635
73 39 64 128 0.0111709
74 39 64 128 0.0187582
75 39 64 128 0.0141611
73 40 64 128 0.0284687
74 40 64 128 0.0401036
75 40 64 128 0.0350195
79 40 64 128 0.0138844
80 40 64 128 0.0101766
72 41 64 128 0.0140842
73 41 64 128 0.0560696
74 41 64 128 0.0718288
75 41 64 128 0.0531364
76 41 64 128 0.0138818
79 41 64 128 0.0154478
80 41 64 128 0.0127814
81 41 64 128 0.0112475
72 42 64 128 0.0282897
73 42 64 128 0.100596
74 42 64 128 0.121681
75 42 64 128 0.0991277
76 42 64 128 0.0220434
77 42 64 128 0.0126193
78 42 64 128 0.0134989
79 42 64 128 0.0308839
80 42 64 128 0.0259602
81 42 64 128 0.025999
82 42 64 128 0.0145097
83 42 64 128 0.010797
71 43 64 128 0.013181
72 43 64 128 0.0480285
73 43 64 128 0.151495
74 43 64 128 0.174882
75 43 64 128 0.123771
76 43 64 128 0.0275741
77 43 64 128 0.0129552
78 43 64 128 0.010388
79 43 64 128 0.0228359
80 43 64 128 0.0197643
81 43 64 128 0.0194279
82 43 64 128 0.010771
71 44 64 128 0.0312535
72 44 64 128 0.10643
73 44 64 128 0.283521
74 44 64 128 0.280759
75 44 64 128 0.216769
76 44 64 128 0.0497305
77 44 64 128 0.0215564
78 44 64 128 0.0166778
79 44 64 128 0.0368217
80 44 64 128 0.0352208
81 44 64 128 0.0365704
82 44 64 128 0.0202667
83 44 64 128 0.0157838
84 44 64 128 0.0108056
85 44 64 128 0.0101164
67 45 64 128 0.0121618
70 45 64 128 0.015406
71 45 64 128 0.0590344
72 45 64 128 0.18184
73 45 64 128 0.416815
74 45 64 128 0.400681
75 45 64 128 0.305187
76 45 64 128 0.0681625
77 45 64 128 0.0274013
78 45 64 128 0.0185986
79 45 64 128 0.037535
80 45 64 128 0.0345685
81 45 64 128 0.0316965
82 45 64 128 0.017998
83 45 64 128 0.0151582
84 45 64 128 0.0105763
85 45 64 128 0.010294
60 46 64 128 0.0113117
61 46 64 128 0.015065
62 46 64 128 0.0112971
63 46 64 128 0.0164832
64 46 64 128 0.0169899
65 46 64 128 0.017809
66 46 64 128 0.0173529
67 46 64 128 0.0289865
68 46 64 128 0.0203952
69 46 64 128 0.0199504
70 46 64 128 0.0348012
71 46 64 128 0.122564
72 46 64 128 0.31247
73 46 64 128 0.564144
74 46 64 128 0.522458
75 46 64 128 0.442835
76 46 64 128 0.112454
77 46 64 128 0.0467976
78 46 64 128 0.0322239
79 46 64 128 0.0701475
80 46 64 128 0.0613958
81 46 64 128 0.0637728
82 46 64 128 0.034472
83 46 64 128 0.0335706
84 46 64 128 0.0197219
85 46 64 128 0.018693
86 46 64 128 0.0107643
87 46 64 128 0.010366
134 46 64 128 0.0129174
135 46 64 128 0.0157872
136 46 64 128 0.0122553
60 47 64 128 0.0104426
61 47 64 128 0.0147774
62 47 64 128 0.0127562
63 47 64 128 0.0202392
64 47 64 128 0.0213336
65 47 64 128 0.0253076
66 47 64 128 0.0251575
67 47 64 128 0.0442845
68 47 64 128 0.0373703
69 47 64 128 0.0402254
70 47 64 128 0.0646148
71 47 64 128 0.202143
72 47 64 128 0.409795
73 47 64 128 0.672664
74 47 64 128 0.629486
75 47 64 128 0.547483
76 47 64 128 0.161954
77 47 64 128 0.0641315
78 47 64 128 0.0391521
79 47 64 128 0.0819108
80 47 64 128 0.0636644
81 47 64 128 0.0592715
82 47 64 128 0.0266515
83 47 64 128 0.0253922
84 47 64 128 0.013712
85 47 64 128 0.011696
134 47 64 128 0.0143601
135 47 64 128 0.0182663
136 47 64 128 0.0147498
61 48 64 128 0.0127379
62 48 64 128 0.0112317
63 48 64 128 0.0175013
64 48 64 128 0.0182529
65 48 64 128 0.0232432
66 48 64 128 0.0229428
67 48 64 128 0.0474828
68 48 64 128 0.042943
69 48 64 128 0.0429767
70 48 64 128 0.067026
71 48 64 128 0.186629
72 48 64 128 0.384592
73 48 64 128 0.630103
74 48 64 128 0.599656
75 48 64 128 0.526389
76 48 64 128 0.186761
77 48 64 128 0.0700661
78 48 64 128 0.0438004
79 48 64 128 0.0851226
80 48 64 128 0.0676238
81 48 64 128 0.0581781
82 48 64 128 0.0282397
83 48 64 128 0.0267294
84 48 64 128 0.0154251
85 48 64 128 0.0113978
134 48 64 128 0.0128631
135 48 64 128 0.0189242
136 48 64 128 0.0134136
149 48 64 128 0.010376
63 49 64 128 0.0113687
64 49 64 128 0.014087
65 49 64 128 0.0183675
66 49 64 128 0.0195141
67 49 64 128 0.0344436
68 49 64 128 0.0341043
69 49 64 128 0.039163
70 49 64 128 0.0592955
71 49 64 128 0.162074
72 49 64 128 0.339987
73 49 64 128 0.577636
74 49 64 128 0.54572
75 49 64 128 0.465175
76 49 64 128 0.165144
77 49 64 128 0.0618306
78 49 64 128 0.0356333
79 49 64 128 0.0675106
80 49 64 128 0.0550444
81 49 64 128 0.0468988
82 49 64 128 0.0205134
83 49 64 128 0.0217726
84 49 64 128 0.0125672
134 49 64 128 0.0126664
135 49 64 128 0.0160558
136 49 64 128 0.0104054
149 49 64 128 0.0122945
64 50 64 128 0.0104321
65 50 64 128 0.0127323
66 50 64 128 0.0138994
67 50 64 128 0.0251752
68 50 64 128 0.0244256
69 50 64 128 0.0267246
70 50 64 128 0.0355023
71 50 64 128 0.095655
72 50 64 128 0.199988
73 50 64 128 0.390881
74 50 64 128 0.384281
75 50 64 128 0.327973
76 50 64 128 0.125343
77 50 64 128 0.0471234
78 50 64 128 0.0334073
79 50 64 128 0.068699
80 50 64 128 0.0674803
81 50 64 128 0.0646306
82 50 64 128 0.0306061
83 50 64 128 0.0330429
84 50 64 128 0.0192677
85 50 64 128 0.0106596
134 50 64 128 0.0102832
135 50 64 128 0.0129007
148 50 64 128 0.011045
149 50 64 128 0.0132935
67 51 64 128 0.0133206
68 51 64 128 0.0120082
69 51 64 128 0.0126783
70 51 64 128 0.0171525
71 51 64 128 0.0544552
72 51 64 128 0.13532
73 51 64 128 0.271483
74 51 64 128 0.270906
75 51 64 128 0.257175
76 51 64 128 0.0945179
77 51 64 128 0.0399638
78 51 64 128 0.0256395
79 51 64 128 0.0618832
80 51 64 128 0.0609278
81 51 64 128 0.0659547
82 51 64 128 0.0310259
83 51 64 128 0.0377849
84 51 64 128 0.0207123
85 51 64 128 0.0107596
148 51 64 128 0.0103642
149 51 64 128 0.0125623
71 52 64 128 0.0200853
72 52 64 128 0.0428193
73 52 64 128 0.0949706
74 52 64 128 0.117142
75 52 64 128 0.118539
76 52 64 128 0.0475594
77 52 64 128 0.019461
78 52 64 128 0.0126172
79 52 64 128 0.0342856
80 52 64 128 0.0432618
81 52 64 128 0.0524936
82 52 64 128 0.0287409
83 52 64 128 0.0379471
84 52 64 128 0.0207969
85 52 64 128 0.010263
72 53 64 128 0.0182795
73 53 64 128 0.0413668
74 53 64 128 0.048262
75 53 64 128 0.0613941
76 53 64 128 0.0244865
77 53 64 128 0.0111913
79 53 64 128 0.023191
80 53 64 128 0.031637
81 53 64 128 0.0428251
82 53 64 128 0.0233909
83 53 64 128 0.0372393
84 53 64 128 0.0247288
85 53 64 128 0.0120122
73 54 64 128 0.0155502
74 54 64 128 0.0182059
75 54 64 128 0.0269239
76 54 64 128 0.0137282
79 54 64 128 0.014494
80 54 64 128 0.0241773
81 54 64 128 0.0364136
82 54 64 128 0.0216445
83 54 64 128 0.0420713
84 54 64 128 0.0314134
85 54 64 128 0.0169937
75 55 64 128 0.0119451
80 55 64 128 0.0147314
81 55 64 128 0.0258515
82 55 64 128 0.0175886
83 55 64 128 0.0345342
84 55 64 128 0.0277099
85 55 64 128 0.0170531
87 55 64 128 0.0102046
88 55 64 128 0.0102758
60 56 64 128 0.0101979
81 56 64 128 0.0114859
83 56 64 128 0.0175612
84 56 64 128 0.0148706
60 57 64 128 0.011854
60 58 64 128 0.0112988
65 67 64 128 0.0114194
66 67 64 128 0.0106631
67 67 64 128 0.0150087
64 68 64 128 0.0105574
65 68 64 128 0.0210828
66 68 64 128 0.020639
67 68 64 128 0.0308108
68 68 64 128 0.0173008
69 68 64 128 0.0108762
123 68 64 128 0.0154986
124 68 64 128 0.0182653
125 68 64 128 0.0228356
126 68 64 128 0.011781
63 69 64 128 0.0134234
64 69 64 128 0.0231502
65 69 64 128 0.0518931
66 69 64 128 0.0535334
67 69 64 128 0.0839774
68 69 64 128 0.0591665
69 69 64 128 0.040315
121 69 64 128 0.0110283
122 69 64 128 0.0293123
123 69 64 128 0.0585715
124 69 64 128 0.0684575
125 69 64 128 0.0788746
126 69 64 128 0.0327808
127 69 64 128 0.0173424
61 70 64 128 0.0170856
62 70 64 128 0.0199782
63 70 64 128 0.0346437
64 70 64 128 0.0661682
65 70 64 128 0.150501
66 70 64 128 0.15172
67 70 64 128 0.276268
68 70 64 128 0.209856
69 70 64 128 0.133711
70 70 64 128 0.0341525
121 70 64 128 0.0370175
122 70 64 128 0.086203
123 70 64 128 0.176681
124 70 64 128 0.17991
125 70 64 128 0.216707
126 70 64 128 0.0852439
127 70 64 128 0.0551443
128 70 64 128 0.0114377
61 71 64 128 0.0176194
62 71 64 128 0.0266013
63 71 64 128 0.0457589
64 71 64 128 0.0892992
65 71 64 128 0.172519
66 71 64 128 0.208878
67 71 64 128 0.368747
68 71 64 128 0.299878
69 71 64 128 0.222394
70 71 64 128 0.0591389
71 71 64 128 0.0184265
120 71 64 128 0.0232856
121 71 64 128 0.101561
122 71 64 128 0.209457
123 71 64 128 0.335981
124 71 64 128 0.327744
125 71 64 128 0.324814
126 71 64 128 0.16986
127 71 64 128 0.0841214
128 71 64 128 0.020253
60 72 64 128 0.0124336
61 72 64 128 0.0272211
62 72 64 128 0.0341764
63 72 64 128 0.0664686
64 72 64 128 0.138449
65 72 64 128 0.304415
66 72 64 128 0.339019
67 72 64 128 0.574033
68 72 64 128 0.524091
69 72 64 128 0.423143
70 72 64 128 0.144593
71 72 64 128 0.0414272
119 72 64 128 0.0130711
120 72 64 128 0.0371072
121 72 64 128 0.148022
122 72 64 128 0.264553
123 72 64 128 0.421499
124 72 64 128 0.429672
125 72 64 128 0.399622
126 72 64 128 0.204916
127 72 64 128 0.116368
128 72 64 128 0.0284414
29 73 64 128 0.0104352
30 73 64 128 0.011334
31 73 64 128 0.0116925
32 73 64 128 0.0194123
33 73 64 128 0.0215669
34 73 64 128 0.0260643
35 73 64 128 0.0176079
36 73 64 128 0.0171508
37 73 64 128 0.0108312
38 73 64 128 0.0117525
48 73 64 128 0.0116685
49 73 64 128 0.0135448
50 73 64 128 0.011094
51 73 64 128 0.0114581
52 73 64 128 0.0111168
53 73 64 128 0.0100311
60 73 64 128 0.0133222
61 73 64 128 0.0357698
62 73 64 128 0.047636
63 73 64 128 0.0777265
64 73 64 128 0.167966
65 73 64 128 0.347795
66 73 64 128 0.415861
67 73 64 128 0.633381
68 73 64 128 0.650012
69 73 64 128 0.565118
70 73 64 128 0.214121
71 73 64 128 0.0815715
72 73 64 128 0.0101581
119 73 64 128 0.0258994
120 73 64 128 0.0842064
121 73 64 128 0.248815
122 73 64 128 0.368831
123 73 64 128 0.52305
124 73 64 128 0.548773
125 73 64 128 0.484149
126 73 64 128 0.235512
127 73 64 128 0.134535
128 73 64 128 0.0374166
129 73 64 128 0.0101668
25 74 64 128 0.010769
26 74 64 128 0.0171093
27 74 64 128 0.0197864
28 74 64 128 0.0262127
29 74 64 128 0.0311454
30 74 64 128 0.0344847
31 74 64 128 0.033913
32 74 64 128 0.0485139
33 74 64 128 0.0540286
34 74 64 128 0.0556445
35 74 64 128 0.0421828
36 74 64 128 0.0380952
37 74 64 128 0.0282129
38 74 64 128 0.0244265
39 74 64 128 0.0205495
40 74 64 128 0.0183705
41 74 64 128 0.0173222
42 74 64 128 0.0142675
43 74 64 128 0.0141668
44 74 64 128 0.017342
45 74 64 128 0.0189611
46 74 64 128 0.0202199
47 74 64 128 0.02352
48 74 64 128 0.030634
49 74 64 128 0.0338597
50 74 64 128 0.0313381
51 74 64 128 0.0265789
52 74 64 128 0.0264783
53 74 64 128 0.0184875
60 74 64 128 0.0137816
61 74 64 128 0.0362572
62 74 64 128 0.0487156
63 74 64 128 0.0916977
64 74 64 128 0.207076
65 74 64 128 0.42057
66 74 64 128 0.533384
67 74 64 128 0.747482
68 74 64 128 0.761131
69 74 64 128 0.702049
70 74 64 128 0.350065
71 74 64 128 0.12844
72 74 64 128 0.0183499
84 74 64 128 0.0103714
118 74 64 128 0.0124231
119 74 64 128 0.0382268
120 74 64 128 0.113422
121 74 64 128 0.33883
122 74 64 128 0.41369
123 74 64 128 0.579039
124 74 64 128 0.561294
125 74 64 128 0.521324
126 74 64 128 0.241399
127 74 64 128 0.168919
128 74 64 128 0.0438238
129 74 64 128 0.0184692
24 75 64 128 0.0103405
25 75 64 128 0.0147014
26 75 64 128 0.021952
27 75 64 128 0.0248894
28 75 64 128 0.0302261
29 75 64 128 0.0322639
30 75 64 128 0.0380506
31 75 64 128 0.037115
32 75 64 128 0.0551377
33 75 64 128 0.0659034
34 75 64 128 0.0736358
35 75 64 128 0.0521933
36 75 64 128 0.0523763
37 75 64 128 0.0423461
38 75 64 128 0.0455277
39 75 64 128 0.0394906
40 75 64 128 0.0357288
41 75 64 128 0.0414066
42 75 64 128 0.0390367
43 75 64 128 0.0339885
44 75 64 128 0.0435842
45 75 64 128 0.0498189
46 75 64 128 0.0505898
47 75 64 128 0.0600355
48 75 64 128 0.0747705
49 75 64 128 0.0851239
50 75 64 128 0.0762952
51 75 64 128 0.0639131
52 75 64 128 0.0491072
53 75 64 128 0.0303671
54 75 64 128 0.0123391
61 75 64 128 0.0254144
62 75 64 128 0.039177
63 75 64 128 0.0652476
64 75 64 128 0.154525
65 75 64 128 0.305696
66 75 64 128 0.472177
67 75 64 128 0.679455
68 75 64 128 0.687085
69 75 64 128 0.636089
70 75 64 128 0.290746
71 75 64 128 0.127657
72 75 64 128 0.0187925
82 75 64 128 0.0104774
83 75 64 128 0.0173172
84 75 64 128 0.0245789
85 75 64 128 0.0149386
117 75 64 128 0.0136775
118 75 64 128 0.0253556
119 75 64 128 0.0745321
120 75 64 128 0.199738
121 75 64 128 0.447188
122 75 64 128 0.537715
123 75 64 128 0.651027
124 75 64 128 0.617701
125 75 64 128 0.527902
126 75 64 128 0.322579
127 75 64 128 0.191686
128 75 64 128 0.0719547
129 75 64 128 0.0238428
142 75 64 128 0.0117073
143 75 64 128 0.0117893
144 75 64 128 0.0144158
145 75 64 128 0.0144839
146 75 64 128 0.0113827
149 75 64 128 0.0106689
150 75 64 128 0.010861
151 75 64 128 0.0150952
152 75 64 128 0.0113542
153 75 64 128 0.0133593
178 75 64 128 0.0114213
179 75 64 128 0.0127724
180 75 64 128 0.0115191
23 76 64 128 0.0110827
24 76 64 128 0.0150782
25 76 64 128 0.0187456
26 76 64 128 0.0293942
27 76 64 128 0.0307724
28 76 64 128 0.0440198
29 76 64 128 0.0417905
30 76 64 128 0.0524015
31 76 64 128 0.0510766
32 76 64 128 0.0714979
33 76 64 128 0.077563
34 76 64 128 0.0834296
35 76 64 128 0.0708331
36 76 64 128 0.0638279
37 76 64 128 0.054237
38 76 64 128 0.0448331
39 76 64 128 0.0489317
40 76 64 128 0.047556
41 76 64 128 0.0518832
42 76 64 128 0.0469129
43 76 64 128 0.0586001
44 76 64 128 0.0736693
45 76 64 128 0.0916159
46 76 64 128 0.0971152
47 76 64 128 0.124833
48 76 64 128 0.179748
49 76 64 128 0.222246
50 76 64 128 0.215922
51 76 64 128 0.173606
52 76 64 128 0.134613
53 76 64 128 0.0663132
54 76 64 128 0.0252417
55 76 64 128 0.0103729
60 76 64 128 0.0175425
61 76 64 128 0.0442214
62 76 64 128 0.0576688
63 76 64 128 0.0890035
64 76 64 128 0.191029
65 76 64 128 0.384934
66 76 64 128 0.508609
67 76 64 128 0.698969
68 76 64 128 0.719788
69 76 64 128 0.642656
70 76 64 128 0.293046
71 76 64 128 0.138811
72 76 64 128 0.0185987
79 76 64 128 0.0139553
80 76 64 128 0.0145241
81 76 64 128 0.0173951
82 76 64 128 0.0165519
83 76 64 128 0.0252684
84 76 64 128 0.0395622
85 76 64 128 0.0227675
117 76 64 128 0.0165257
118 76 64 128 0.0261629
119 76 64 128 0.0753374
120 76 64 128 0.169889
121 76 64 128 0.397119
122 76 64 128 0.450822
123 76 64 128 0.570533
124 76 64 128 0.536149
125 76 64 128 0.434709
126 76 64 128 0.228964
127 76 64 128 0.165348
128 76 64 128 0.0700362
129 76 64 128 0.0284551
141 76 64 128 0.0113712
142 76 64 128 0.0107492
143 76 64 128 0.0106654
144 76 64 128 0.011451
145 76 64 128 0.0141564
146 76 64 128 0.0114873
149 76 64 128 0.0107231
151 76 64 128 0.0159996
152 76 64 128 0.0119492
153 76 64 128 0.015963
154 76 64 128 0.0109025
155 76 64 128 0.0137509
156 76 64 128 0.0104264
157 76 64 128 0.0119189
176 76 64 128 0.0125214
177 76 64 128 0.0202241
178 76 64 128 0.0347633
179 76 64 128 0.0385311
180 76 64 128 0.0427975
181 76 64 128 0.0328588
182 76 64 128 0.0248914
183 76 64 128 0.0144634
24 77 64 128 0.0124075
25 77 64 128 0.0160461
26 77 64 128 0.0197856
27 77 64 128 0.0214056
28 77 64 128 0.0294691
29 77 64 128 0.0299728
30 77 64 128 0.0371406
31 77 64 128 0.0319626
32 77 64 128 0.0510643
33 77 64 128 0.0563778
34 77 64 128 0.0677732
35 77 64 128 0.0560162
36 77 64 128 0.0552267
37 77 64 128 0.0432891
38 77 64 128 0.0465707
39 77 64 128 0.0538756
40 77 64 128 0.0552543
41 77 64 128 0.0636888
42 77 64 128 0.0602856
43 77 64 128 0.0822052
44 77 64 128 0.110257
45 77 64 128 0.144955
46 77 64 128 0.161208
47 77 64 128 0.196399
48 77 64 128 0.278684
49 77 64 128 0.342852
50 77 64 128 0.324977
51 77 64 128 0.278826
52 77 64 128 0.208537
53 77 64 128 0.109437
54 77 64 128 0.0400964
55 77 64 128 0.0140935
60 77 64 128 0.0201776
61 77 64 128 0.0433245
62 77 64 128 0.0593878
63 77 64 128 0.0798595
64 77 64 128 0.178579
65 77 64 128 0.310473
66 77 64 128 0.429593
67 77 64 128 0.584918
68 77 64 128 0.60233
69 77 64 128 0.499992
70 77 64 128 0.196294
71 77 64 128 0.0935123
72 77 64 128 0.0152938
79 77 64 128 0.0168252
80 77 64 128 0.0211875
81 77 64 128 0.0219429
82 77 64 128 0.0241333
83 77 64 128 0.0384149
84 77 64 128 0.0542695
85 77 64 128 0.0314156
86 77 64 128 0.0118491
116 77 64 128 0.010791
117 77 64 128 0.019433
118 77 64 128 0.0351394
119 77 64 128 0.088602
120 77 64 128 0.223817
121 77 64 128 0.415717
122 77 64 128 0.473043
123 77 64 128 0.531459
124 77 64 128 0.508423
125 77 64 128 0.367541
126 77 64 128 0.173828
127 77 64 128 0.120119
128 77 64 128 0.0627908
129 77 64 128 0.0296343
141 77 64 128 0.0116083
142 77 64 128 0.0141563
143 77 64 128 0.014803
144 77 64 128 0.0168074
145 77 64 128 0.0198245
146 77 64 128 0.0151829
147 77 64 128 0.0145051
148 77 64 128 0.011606
149 77 64 128 0.0129729
150 77 64 128 0.0111183
151 77 64 128 0.0162672
152 77 64 128 0.0149647
153 77 64 128 0.0188791
154 77 64 128 0.0148624
155 77 64 128 0.0176634
156 77 64 128 0.0131868
157 77 64 128 0.013704
158 77 64 128 0.0104929
159 77 64 128 0.0135067
160 77 64 128 0.0108655
161 77 64 128 0.0115271
175 77 64 128 0.014238
176 77 64 128 0.0260637
177 77 64 128 0.0455687
178 77 64 128 0.0627295
179 77 64 128 0.0790432
180 77 64 128 0.0790829
181 77 64 128 0.0630336
182 77 64 128 0.0367146
183 77 64 128 0.0224767
184 77 64 128 0.0120805
8 78 64 128 0.010266
9 78 64 128 0.0116681
16 78 64 128 0.0102897
17 78 64 128 0.0112322
24 78 64 128 0.0109047
25 78 64 128 0.0115076
26 78 64 128 0.015123
27 78 64 128 0.0161927
28 78 64 128 0.0236887
29 78 64 128 0.0237765
30 78 64 128 0.0300242
31 78 64 128 0.0242818
32 78 64 128 0.0321879
33 78 64 128 0.0303586
34 78 64 128 0.0309602
35 78 64 128 0.0244439
36 78 64 128 0.024613
37 78 64 128 0.0220072
38 78 64 128 0.02481
39 78 64 128 0.0314868
40 78 64 128 0.0377314
41 78 64 128 0.0465203
42 78 64 128 0.0487664
43 78 64 128 0.0720526
44 78 64 128 0.111497
45 78 64 128 0.145359
46 78 64 128 0.179055
47 78 64 128 0.217583
48 78 64 128 0.320112
49 78 64 128 0.400046
50 78 64 128 0.432611
51 78 64 128 0.400335
52 78 64 128 0.302891
53 78 64 128 0.161352
54 78 64 128 0.0518055
55 78 64 128 0.0207605
60 78 64 128 0.027315
61 78 64 128 0.0564871
62 78 64 128 0.0634894
63 78 64 128 0.0910174
64 78 64 128 0.176821
65 78 64 128 0.298873
66 78 64 128 0.393204
67 78 64 128 0.553687
68 78 64 128 0.535811
69 78 64 128 0.412554
70 78 64 128 0.140268
71 78 64 128 0.0625284
79 78 64 128 0.0113058
80 78 64 128 0.0172922
81 78 64 128 0.018191
82 78 64 128 0.0199949
83 78 64 128 0.0287691
84 78 64 128 0.0454698
85 78 64 128 0.024986
86 78 64 128 0.0111681
117 78 64 128 0.0125529
118 78 64 128 0.021227
119 78 64 128 0.0611964
120 78 64 128 0.151179
121 78 64 128 0.303377
122 78 64 128 0.320507
123 78 64 128 0.38946
124 78 64 128 0.320621
125 78 64 128 0.224625
126 78 64 128 0.0885833
127 78 64 128 0.0794173
128 78 64 128 0.0403824
129 78 64 128 0.0259066
141 78 64 128 0.0101662
143 78 64 128 0.0100068
145 78 64 128 0.0118432
146 78 64 128 0.0104231
149 78 64 128 0.0104737
151 78 64 128 0.0158678
152 78 64 128 0.0142438
153 78 64 128 0.0226978
154 78 64 128 0.01841
155 78 64 128 0.0253342
156 78 64 128 0.015893
157 78 64 128 0.0181647
158 78 64 128 0.0147465
159 78 64 128 0.018936
160 78 64 128 0.0162662
161 78 64 128 0.0190107
162 78 64 128 0.0153579
163 78 64 128 0.0145293
174 78 64 128 0.0136956
175 78 64 128 0.0237271
176 78 64 128 0.0539554
177 78 64 128 0.0762381
178 78 64 128 0.1389
179 78 64 128 0.162695
180 78 64 128 0.17555
181 78 64 128 0.119073
182 78 64 128 0.0884605
183 78 64 128 0.0470285
184 78 64 128 0.0299558
185 78 64 128 0.0217958
186 78 64 128 0.0235056
187 78 64 128 0.0176075
188 78 64 128 0.0135471
203 78 64 128 0.0110363
204 78 64 128 0.0143731
205 78 64 128 0.0129033
206 78 64 128 0.010303
26 79 64 128 0.0104092
27 79 64 128 0.0108442
28 79 64 128 0.0130955
29 79 64 128 0.0130218
30 79 64 128 0.0156803
31 79 64 128 0.012821
32 79 64 128 0.0177745
33 79 64 128 0.0152178
34 79 64 128 0.017914
35 79 64 128 0.0128448
36 79 64 128 0.0139495
37 79 64 128 0.0135628
38 79 64 128 0.0179247
39 79 64 128 0.0198876
40 79 64 128 0.0259295
41 79 64 128 0.0325902
42 79 64 128 0.033587
43 79 64 128 0.0515156
44 79 64 128 0.0778148
45 79 64 128 0.121297
46 79 64 128 0.146746
47 79 64 128 0.205444
48 79 64 128 0.260106
49 79 64 128 0.357949
50 79 64 128 0.386512
51 79 64 128 0.360384
52 79 64 128 0.233057
53 79 64 128 0.115483
54 79 64 128 0.0405589
55 79 64 128 0.0159608
60 79 64 128 0.0215217
61 79 64 128 0.0441904
62 79 64 128 0.0535231
63 79 64 128 0.0809645
64 79 64 128 0.132855
65 79 64 128 0.222649
66 79 64 128 0.289011
67 79 64 128 0.36925
68 79 64 128 0.345702
69 79 64 128 0.252898
70 79 64 128 0.0881769
71 79 64 128 0.0372606
79 79 64 128 0.0113841
80 79 64 128 0.0166435
81 79 64 128 0.0142347
82 79 64 128 0.0163358
83 79 64 128 0.0249963
84 79 64 128 0.0466952
85 79 64 128 0.0273884
86 79 64 128 0.0139255
104 79 64 128 0.0113612
117 79 64 128 0.0113874
118 79 64 128 0.020768
119 79 64 128 0.0485872
120 79 64 128 0.110415
121 79 64 128 0.204072
122 79 64 128 0.250559
123 79 64 128 0.270339
124 79 64 128 0.19941
125 79 64 128 0.116057
126 79 64 128 0.0506226
127 79 64 128 0.0406916
128 79 64 128 0.0240138
129 79 64 128 0.0149987
138 79 64 128 0.0109634
139 79 64 128 0.0108819
140 79 64 128 0.0131733
141 79 64 128 0.0158178
142 79 64 128 0.0153552
143 79 64 128 0.0148398
144 79 64 128 0.013873
145 79 64 128 0.0148336
146 79 64 128 0.0123883
147 79 64 128 0.0101411
150 79 64 128 0.0102209
151 79 64 128 0.0168044
152 79 64 128 0.017595
153 79 64 128 0.0278887
154 79 64 128 0.0289356
155 79 64 128 0.0357346
156 79 64 128 0.0252894
157 79 64 128 0.0274525
158 79 64 128 0.0238143
159 79 64 128 0.0318202
160 79 64 128 0.0277591
161 79 64 128 0.0348622
162 79 64 128 0.0309726
163 79 64 128 0.0245761
164 79 64 128 0.0166638
165 79 64 128 0.0116685
173 79 64 128 0.0173863
174 79 64 128 0.0284996
175 79 64 128 0.0549566
176 79 64 128 0.0967823
177 79 64 128 0.153933
178 79 64 128 0.201335
179 79 64 128 0.270355
180 79 64 128 0.239587
181 79 64 128 0.215141
182 79 64 128 0.116869
183 79 64 128 0.0771328
184 79 64 128 0.0399268
185 79 64 128 0.0301465
186 79 64 128 0.0274035
187 79 64 128 0.0214309
188 79 64 128 0.0156986
189 79 64 128 0.0117914
204 79 64 128 0.0113471
205 79 64 128 0.0115726
206 79 64 128 0.0110603
28 80 64 128 0.0115333
29 80 64 128 0.0109015
30 80 64 128 0.0121395
32 80 64 128 0.0104811
39 80 64 128 0.0101092
40 80 64 128 0.0130059
41 80 64 128 0.017597
42 80 64 128 0.0191486
43 80 64 128 0.0341947
44 80 64 128 0.0489441
45 80 64 128 0.0781694
46 80 64 128 0.103964
47 80 64 128 0.1547
48 80 64 128 0.234454
49 80 64 128 0.361475
50 80 64 128 0.427131
51 80 64 128 0.423774
52 80 64 128 0.301146
53 80 64 128 0.146535
54 80 64 128 0.0568348
55 80 64 128 0.0230752
60 80 64 128 0.0253944
61 80 64 128 0.0468034
62 80 64 128 0.0522868
63 80 64 128 0.0830206
64 80 64 128 0.119658
65 80 64 128 0.189173
66 80 64 128 0.229415
67 80 64 128 0.297958
68 80 64 128 0.266137
69 80 64 128 0.193194
70 80 64 128 0.067548
71 80 64 128 0.0293091
80 80 64 128 0.0115196
81 80 64 128 0.0123229
82 80 64 128 0.0119118
83 80 64 128 0.0182449
84 80 64 128 0.0344307
85 80 64 128 0.0267486
86 80 64 128 0.0114762
119 80 64 128 0.0181799
120 80 64 128 0.0436907
121 80 64 128 0.0858182
122 80 64 128 0.106768
123 80 64 128 0.108941
124 80 64 128 0.0832195
125 80 64 128 0.04269
126 80 64 128 0.0200881
127 80 64 128 0.0176479
128 80 64 128 0.0113535
138 80 64 128 0.0111152
139 80 64 128 0.0128645
140 80 64 128 0.0133091
141 80 64 128 0.013838
142 80 64 128 0.0115027
143 80 64 128 0.0108626
144 80 64 128 0.0103355
145 80 64 128 0.011097
150 80 64 128 0.0102082
151 80 64 128 0.0188525
152 80 64 128 0.0221859
153 80 64 128 0.0385731
154 80 64 128 0.036441
155 80 64 128 0.0505592
156 80 64 128 0.0373378
157 80 64 128 0.0393858
158 80 64 128 0.0387362
159 80 64 128 0.0522348
160 80 64 128 0.0608858
161 80 64 128 0.0730449
162 80 64 128 0.0643397
163 80 64 128 0.0518407
164 80 64 128 0.0380166
165 80 64 128 0.0210249
166 80 64 128 0.014815
170 80 64 128 0.0126744
171 80 64 128 0.0170872
172 80 64 128 0.0202695
173 80 64 128 0.0337284
174 80 64 128 0.0571624
175 80 64 128 0.0937868
176 80 64 128 0.214367
177 80 64 128 0.265191
178 80 64 128 0.373602
179 80 64 128 0.389353
180 80 64 128 0.370533
181 80 64 128 0.268894
182 80 64 128 0.195274
183 80 64 128 0.118139
184 80 64 128 0.0625368
185 80 64 128 0.0477948
186 80 64 128 0.046917
187 80 64 128 0.0372806
188 80 64 128 0.0305211
189 80 64 128 0.0209511
190 80 64 128 0.013517
41 81 64 128 0.0129133
42 81 64 128 0.0144542
43 81 64 128 0.023735
44 81 64 128 0.0347368
45 81 64 128 0.0471149
46 81 64 128 0.0632697
47 81 64 128 0.103948
48 81 64 128 0.16741
49 81 64 128 0.252905
50 81 64 128 0.301221
51 81 64 128 0.29894
52 81 64 128 0.200862
53 81 64 128 0.0994961
54 81 64 128 0.0380283
55 81 64 128 0.0153146
60 81 64 128 0.0194908
61 81 64 128 0.038127
62 81 64 128 0.0453981
63 81 64 128 0.0644856
64 81 64 128 0.1032
65 81 64 128 0.168345
66 81 64 128 0.212162
67 81 64 128 0.267418
68 81 64 128 0.260255
69 81 64 128 0.186446
70 81 64 128 0.0759428
71 81 64 128 0.0382727
80 81 64 128 0.0151222
81 81 64 128 0.0147209
82 81 64 128 0.0150506
83 81 64 128 0.0247784
84 81 64 128 0.0404237
85 81 64 128 0.0349044
86 81 64 128 0.0169705
100 81 64 128 0.010869
101 81 64 128 0.0121474
102 81 64 128 0.0133238
103 81 64 128 0.0127109
104 81 64 128 0.0165874
105 81 64 128 0.012131
119 81 64 128 0.0145967
120 81 64 128 0.0369488
121 81 64 128 0.0627255
122 81 64 128 0.0842776
123 81 64 128 0.0786634
124 81 64 128 0.0640803
125 81 64 128 0.0330955
126 81 64 128 0.0135863
127 81 64 128 0.0103627
138 81 64 128 0.0113015
139 81 64 128 0.0115904
140 81 64 128 0.0136926
141 81 64 128 0.013151
142 81 64 128 0.0110308
143 81 64 128 0.0110387
151 81 64 128 0.0179484
152 81 64 128 0.0263449
153 81 64 128 0.0453964
154 81 64 128 0.0475906
155 81 64 128 0.0622803
156 81 64 128 0.0505803
157 81 64 128 0.04997
158 81 64 128 0.0519152
159 81 64 128 0.0927232
160 81 64 128 0.0901998
161 81 64 128 0.121424
162 81 64 128 0.0938474
163 81 64 128 0.0871028
164 81 64 128 0.0531064
165 81 64 128 0.0355844
166 81 64 128 0.0215983
167 81 64 128 0.0118029
169 81 64 128 0.0120437
170 81 64 128 0.0187143
171 81 64 128 0.0247448
172 81 64 128 0.0308597
173 81 64 128 0.0513476
174 81 64 128 0.0743982
175 81 64 128 0.12695
176 81 64 128 0.215472
177 81 64 128 0.302831
178 81 64 128 0.308532
179 81 64 128 0.349932
180 81 64 128 0.294323
181 81 64 128 0.249276
182 81 64 128 0.15869
183 81 64 128 0.103499
184 81 64 128 0.050692
185 81 64 128 0.040321
186 81 64 128 0.0394696
187 81 64 128 0.0371657
188 81 64 128 0.0273972
189 81 64 128 0.0216245
190 81 64 128 0.0117838
43 82 64 128 0.0170761
44 82 64 128 0.0225991
45 82 64 128 0.0327417
46 82 64 128 0.0450969
47 82 64 128 0.0755184
48 82 64 128 0.108849
49 82 64 128 0.184284
50 82 64 128 0.267312
51 82 64 128 0.280243
52 82 64 128 0.19404
53 82 64 128 0.101537
54 82 64 128 0.0380156
55 82 64 128 0.0153013
59 82 64 128 0.0109485
60 82 64 128 0.024431
61 82 64 128 0.0532501
62 82 64 128 0.0588842
63 82 64 128 0.0941983
64 82 64 128 0.120585
65 82 64 128 0.217609
66 82 64 128 0.229318
67 82 64 128 0.310216
68 82 64 128 0.29714
69 82 64 128 0.230584
70 82 64 128 0.10642
71 82 64 128 0.0526133
72 82 64 128 0.0130745
80 82 64 128 0.012888
81 82 64 128 0.0121351
82 82 64 128 0.0111667
83 82 64 128 0.0169504
84 82 64 128 0.0324865
85 82 64 128 0.0278054
86 82 64 128 0.0132684
99 82 64 128 0.0107788
100 82 64 128 0.0140243
101 82 64 128 0.0183402
102 82 64 128 0.0163088
103 82 64 128 0.0184171
104 82 64 128 0.0201386
105 82 64 128 0.014559
119 82 64 128 0.011351
120 82 64 128 0.0287273
121 82 64 128 0.0454531
122 82 64 128 0.0593572
123 82 64 128 0.0628986
124 82 64 128 0.0438457
125 82 64 128 0.0261976
139 82 64 128 0.0107695
151 82 64 128 0.0149371
152 82 64 128 0.0214743
153 82 64 128 0.0451278
154 82 64 128 0.0473861
155 82 64 128 0.0627033
156 82 64 128 0.0566666
157 82 64 128 0.0656276
158 82 64 128 0.067368
159 82 64 128 0.108546
160 82 64 128 0.129324
161 82 64 128 0.167785
162 82 64 128 0.146612
163 82 64 128 0.128647
164 82 64 128 0.0843021
165 82 64 128 0.052168
166 82 64 128 0.0346418
167 82 64 128 0.0210905
168 82 64 128 0.0174931
169 82 64 128 0.0239338
170 82 64 128 0.033135
171 82 64 128 0.040662
172 82 64 128 0.0480481
173 82 64 128 0.07318
174 82 64 128 0.115202
175 82 64 128 0.155557
176 82 64 128 0.271317
177 82 64 128 0.283414
178 82 64 128 0.34284
179 82 64 128 0.313086
180 82 64 128 0.295387
181 82 64 128 0.207854
182 82 64 128 0.149901
183 82 64 128 0.0864256
184 82 64 128 0.0549306
185 82 64 128 0.0453729
186 82 64 128 0.0435781
187 82 64 128 0.0380209
188 82 64 128 0.0420446
189 82 64 128 0.033858
190 82 64 128 0.0213781
44 83 64 128 0.0125896
45 83 64 128 0.0173375
46 83 64 128 0.0240968
47 83 64 128 0.0419065
48 83 64 128 0.0573829
49 83 64 128 0.0998299
50 83 64 128 0.135723
51 83 64 128 0.181648
52 83 64 128 0.127437
53 83 64 128 0.0635124
54 83 64 128 0.0255488
55 83 64 128 0.0150427
59 83 64 128 0.0109849
60 83 64 128 0.0215512
61 83 64 128 0.0386854
62 83 64 128 0.0452174
63 83 64 128 0.0739376
64 83 64 128 0.094056
65 83 64 128 0.177661
66 83 64 128 0.21998
67 83 64 128 0.302633
68 83 64 128 0.307061
69 83 64 128 0.272694
70 83 64 128 0.142984
71 83 64 128 0.0785023
72 83 64 128 0.0239311
73 83 64 128 0.0187439
75 83 64 128 0.0100406
80 83 64 128 0.0128601
81 83 64 128 0.0107962
83 83 64 128 0.0156712
84 83 64 128 0.0270637
85 83 64 128 0.0230758
86 83 64 128 0.0120883
99 83 64 128 0.0162794
100 83 64 128 0.0246124
101 83 64 128 0.033076
102 83 64 128 0.0341919
103 83 64 128 0.0349956
104 83 64 128 0.0384751
105 83 64 128 0.0266476
106 83 64 128 0.0149455
119 83 64 128 0.0134938
120 83 64 128 0.0324217
121 83 64 128 0.0522632
122 83 64 128 0.0767876
123 83 64 128 0.0764132
124 83 64 128 0.0537854
125 83 64 128 0.0308478
126 83 64 128 0.0135562
127 83 64 128 0.010411
140 83 64 128 0.0105677
151 83 64 128 0.0119218
152 83 64 128 0.0205685
153 83 64 128 0.0405714
154 83 64 128 0.0461972
155 83 64 128 0.0592309
156 83 64 128 0.0663363
157 83 64 128 0.0791611
158 83 64 128 0.0848099
159 83 64 128 0.123344
160 83 64 128 0.151649
161 83 64 128 0.174322
162 83 64 128 0.167885
163 83 64 128 0.134789
164 83 64 128 0.0868463
165 83 64 128 0.0597851
166 83 64 128 0.0407864
167 83 64 128 0.0228711
168 83 64 128 0.0212862
169 83 64 128 0.0286307
170 83 64 128 0.0472472
171 83 64 128 0.0515586
172 83 64 128 0.057948
173 83 64 128 0.0882066
174 83 64 128 0.133796
175 83 64 128 0.164077
176 83 64 128 0.23392
177 83 64 128 0.261194
178 83 64 128 0.231356
179 83 64 128 0.215429
180 83 64 128 0.177383
181 83 64 128 0.145455
182 83 64 128 0.0960484
183 83 64 128 0.07025
184 83 64 128 0.0448362
185 83 64 128 0.043342
186 83 64 128 0.0444163
187 83 64 128 0.0374427
188 83 64 128 0.0348733
189 83 64 128 0.0331331
190 83 64 128 0.0224422
191 83 64 128 0.0104171
5 84 64 128 0.0111417
6 84 64 128 0.0101196
7 84 64 128 0.0123964
8 84 64 128 0.0100112
9 84 64 128 0.0101376
45 84 64 128 0.0115114
46 84 64 128 0.0146932
47 84 64 128 0.021277
48 84 64 128 0.0293584
49 84 64 128 0.0612326
50 84 64 128 0.102847
51 84 64 128 0.155319
52 84 64 128 0.117108
53 84 64 128 0.0732659
54 84 64 128 0.0289034
55 84 64 128 0.020948
56 84 64 128 0.0109029
59 84 64 128 0.0192149
60 84 64 128 0.0355625
61 84 64 128 0.0605667
62 84 64 128 0.0671267
63 84 64 128 0.111006
64 84 64 128 0.126619
65 84 64 128 0.208636
66 84 64 128 0.221838
67 84 64 128 0.333551
68 84 64 128 0.305129
69 84 64 128 0.316717
70 84 64 128 0.178365
71 84 64 128 0.108333
72 84 64 128 0.0404912
73 84 64 128 0.0293608
74 84 64 128 0.0164234
75 84 64 128 0.0181313
76 84 64 128 0.0121959
77 84 64 128 0.0108358
80 84 64 128 0.0111936
81 84 64 128 0.0114107
83 84 64 128 0.014244
84 84 64 128 0.0236924
85 84 64 128 0.023952
86 84 64 128 0.0106407
91 84 64 128 0.0115802
92 84 64 128 0.0111897
97 84 64 128 0.0107195
98 84 64 128 0.0140037
99 84 64 128 0.0229704
100 84 64 128 0.0284302
101 84 64 128 0.0442662
102 84 64 128 0.043266
103 84 64 128 0.0454498
104 84 64 128 0.0452542
105 84 64 128 0.0322911
106 84 64 128 0.0224765
108 84 64 128 0.0101324
116 84 64 128 0.0120049
117 84 64 128 0.0126147
118 84 64 128 0.0200873
119 84 64 128 0.0222841
120 84 64 128 0.0479525
121 84 64 128 0.0809817
122 84 64 128 0.111337
123 84 64 128 0.110975
124 84 64 128 0.0816671
125 84 64 128 0.048137
126 84 64 128 0.02473
127 84 64 128 0.0176397
128 84 64 128 0.0104034
151 84 64 128 0.0103194
152 84 64 128 0.019044
153 84 64 128 0.0363311
154 84 64 128 0.0436062
155 84 64 128 0.0578417
156 84 64 128 0.0670155
157 84 64 128 0.0965683
158 84 64 128 0.0963911
159 84 64 128 0.120391
160 84 64 128 0.156888
161 84 64 128 0.185237
162 84 64 128 0.182593
163 84 64 128 0.147096
164 84 64 128 0.103341
165 84 64 128 0.0661289
166 84 64 128 0.0423989
167 84 64 128 0.0263944
168 84 64 128 0.0236631
169 84 64 128 0.0347304
170 84 64 128 0.0500282
171 84 64 128 0.0590602
172 84 64 128 0.0778886
173 84 64 128 0.10374
174 84 64 128 0.146115
175 84 64 128 0.157511
176 84 64 128 0.276288
177 84 64 128 0.242219
178 84 64 128 0.230193
179 84 64 128 0.174932
180 84 64 128 0.167459
181 84 64 128 0.100742
182 84 64 128 0.0816484
183 84 64 128 0.055036
184 84 64 128 0.0447011
185 84 64 128 0.0394526
186 84 64 128 0.0398014
187 84 64 128 0.0458051
188 84 64 128 0.0467631
189 84 64 128 0.0396803
190 84 64 128 0.0299167
191 84 64 128 0.0140821
28 85 64 128 0.0103803
29 85 64 128 0.0101239
30 85 64 128 0.0119559
31 85 64 128 0.01049
46 85 64 128 0.0106757
47 85 64 128 0.0149096
48 85 64 128 0.0205516
49 85 64 128 0.0360042
50 85 64 128 0.0624546
51 85 64 128 0.0930006
52 85 64 128 0.0849426
53 85 64 128 0.0492985
54 85 64 128 0.0235277
55 85 64 128 0.0157129
59 85 64 128 0.0170839
60 85 64 128 0.0339142
61 85 64 128 0.0590222
62 85 64 128 0.0631626
63 85 64 128 0.091322
64 85 64 128 0.0995655
65 85 64 128 0.166947
66 85 64 128 0.204098
67 85 64 128 0.303566
68 85 64 128 0.290329
69 85 64 128 0.306242
70 85 64 128 0.187268
71 85 64 128 0.135116
72 85 64 128 0.0619417
73 85 64 128 0.0433767
74 85 64 128 0.0305176
75 85 64 128 0.0264716
76 85 64 128 0.0196471
77 85 64 128 0.0126427
80 85 64 128 0.0127503
81 85 64 128 0.0111701
82 85 64 128 0.0108678
83 85 64 128 0.0174069
84 85 64 128 0.0259258
85 85 64 128 0.0317956
86 85 64 128 0.0157299
87 85 64 128 0.0120288
89 85 64 128 0.0100328
90 85 64 128 0.0141315
91 85 64 128 0.0212523
92 85 64 128 0.0203273
93 85 64 128 0.0110639
94 85 64 128 0.0104215
95 85 64 128 0.0115928
96 85 64 128 0.0161422
97 85 64 128 0.0148181
98 85 64 128 0.0197681
99 85 64 128 0.0258552
100 85 64 128 0.037382
101 85 64 128 0.0470438
102 85 64 128 0.049158
103 85 64 128 0.0457314
104 85 64 128 0.0474669
105 85 64 128 0.0335998
106 85 64 128 0.0220006
107 85 64 128 0.0105397
108 85 64 128 0.0115278
112 85 64 128 0.0113195
116 85 64 128 0.016412
117 85 64 128 0.0154285
118 85 64 128 0.0275855
119 85 64 128 0.0339506
120 85 64 128 0.0667143
121 85 64 128 0.100921
122 85 64 128 0.125079
123 85 64 128 0.120995
124 85 64 128 0.0929741
125 85 64 128 0.0551371
126 85 64 128 0.0252549
127 85 64 128 0.0160968
152 85 64 128 0.0133882
153 85 64 128 0.0267588
154 85 64 128 0.0314026
155 85 64 128 0.0509305
156 85 64 128 0.051192
157 85 64 128 0.0718767
158 85 64 128 0.0721655
159 85 64 128 0.0998862
160 85 64 128 0.102368
161 85 64 128 0.112889
162 85 64 128 0.0925849
163 85 64 128 0.0831632
164 85 64 128 0.0592722
165 85 64 128 0.0399817
166 85 64 128 0.0319968
167 85 64 128 0.0218423
168 85 64 128 0.0195152
169 85 64 128 0.0229974
170 85 64 128 0.0307565
171 85 64 128 0.0331674
172 85 64 128 0.0458956
173 85 64 128 0.0514987
174 85 64 128 0.069262
175 85 64 128 0.0786365
176 85 64 128 0.109962
177 85 64 128 0.0977622
178 85 64 128 0.0873806
179 85 64 128 0.0674895
180 85 64 128 0.0498927
181 85 64 128 0.0423857
182 85 64 128 0.0372848
183 85 64 128 0.0316177
184 85 64 128 0.0199129
185 85 64 128 0.0202513
186 85 64 128 0.0234464
187 85 64 128 0.0274277
188 85 64 128 0.0282646
189 85 64 128 0.0292277
190 85 64 128 0.0201689
3 86 64 128 0.0112406
4 86 64 128 0.0120559
5 86 64 128 0.0132958
6 86 64 128 0.0119967
7 86 64 128 0.0147092
8 86 64 128 0.014124
9 86 64 128 0.015191
10 86 64 128 0.0121395
11 86 64 128 0.0102228
28 86 64 128 0.0124455
29 86 64 128 0.0120591
30 86 64 128 0.0138344
31 86 64 128 0.0135203
32 86 64 128 0.010503
48 86 64 128 0.0135014
49 86 64 128 0.0262886
50 86 64 128 0.0483204
51 86 64 128 0.0854553
52 86 64 128 0.0926899
53 86 64 128 0.0665994
54 86 64 128 0.0321557
55 86 64 128 0.0213829
56 86 64 128 0.0113165
59 86 64 128 0.0269412
60 86 64 128 0.0456705
61 86 64 128 0.075271
62 86 64 128 0.0697833
63 86 64 128 0.111091
64 86 64 128 0.102859
65 86 64 128 0.160967
66 86 64 128 0.178797
67 86 64 128 0.286799
68 86 64 128 0.30254
69 86 64 128 0.340914
70 86 64 128 0.247592
71 86 64 128 0.196024
72 86 64 128 0.104379
73 86 64 128 0.0770043
74 86 64 128 0.0472894
75 86 64 128 0.0407725
76 86 64 128 0.0297427
77 86 64 128 0.0162044
79 86 64 128 0.0100115
80 86 64 128 0.0149704
81 86 64 128 0.0124978
82 86 64 128 0.0105717
83 86 64 128 0.0172012
84 86 64 128 0.0286552
85 86 64 128 0.0315372
86 86 64 128 0.018714
87 86 64 128 0.0138387
88 86 64 128 0.0125747
89 86 64 128 0.0137083
90 86 64 128 0.0187562
91 86 64 128 0.0273617
92 86 64 128 0.0252956
93 86 64 128 0.0129896
94 86 64 128 0.0107421
95 86 64 128 0.0122048
96 86 64 128 0.0149617
97 86 64 128 0.0145389
98 86 64 128 0.0175545
99 86 64 128 0.0243759
100 86 64 128 0.0274619
101 86 64 128 0.0302422
102 86 64 128 0.0254478
103 86 64 128 0.0265165
104 86 64 128 0.0272104
105 86 64 128 0.0206322
106 86 64 128 0.0159502
108 86 64 128 0.0127261
110 86 64 128 0.0107941
112 86 64 128 0.0146357
114 86 64 128 0.0129191
115 86 64 128 0.012843
116 86 64 128 0.0282215
117 86 64 128 0.0257982
118 86 64 128 0.0458273
119 86 64 128 0.0474456
120 86 64 128 0.0886232
121 86 64 128 0.118454
122 86 64 128 0.14731
123 86 64 128 0.155273
124 86 64 128 0.119599
125 86 64 128 0.0823835
126 86 64 128 0.0375412
127 86 64 128 0.0270218
128 86 64 128 0.0142774
129 86 64 128 0.0136855
152 86 64 128 0.012612
153 86 64 128 0.0205804
154 86 64 128 0.0229582
155 86 64 128 0.0328497
156 86 64 128 0.0297217
157 86 64 128 0.0397117
158 86 64 128 0.0397833
159 86 64 128 0.0534125
160 86 64 128 0.0591185
161 86 64 128 0.0674277
162 86 64 128 0.0508543
163 86 64 128 0.0521852
164 86 64 128 0.0414606
165 86 64 128 0.033094
166 86 64 128 0.0245391
167 86 64 128 0.0215178
168 86 64 128 0.0176178
169 86 64 128 0.0234639
170 86 64 128 0.0284241
171 86 64 128 0.0320412
172 86 64 128 0.0461367
173 86 64 128 0.0425962
174 86 64 128 0.0604909
175 86 64 128 0.0551335
176 86 64 128 0.0826052
177 86 64 128 0.0545051
178 86 64 128 0.0518494
179 86 64 128 0.0322024
180 86 64 128 0.0301823
181 86 64 128 0.0201771
182 86 64 128 0.0227483
183 86 64 128 0.0185708
184 86 64 128 0.0134598
185 86 64 128 0.0136785
186 86 64 128 0.0170358
187 86 64 128 0.0205742
188 86 64 128 0.0248609
189 86 64 128 0.0294178
190 86 64 128 0.0215637
191 86 64 128 0.0112152
7 87 64 128 0.0105333
8 87 64 128 0.0105772
9 87 64 128 0.0123937
10 87 64 128 0.0100983
26 87 64 128 0.0100467
27 87 64 128 0.010867
28 87 64 128 0.0150254
29 87 64 128 0.0146241
30 87 64 128 0.018317
31 87 64 128 0.0150181
32 87 64 128 0.0131094
48 87 64 128 0.0128345
49 87 64 128 0.0240401
50 87 64 128 0.0424841
51 87 64 128 0.0777513
52 87 64 128 0.0841531
53 87 64 128 0.0607151
54 87 64 128 0.0301353
55 87 64 128 0.0249437
56 87 64 128 0.0112833
59 87 64 128 0.0207695
60 87 64 128 0.0329434
61 87 64 128 0.0440183
62 87 64 128 0.0460277
63 87 64 128 0.0675633
64 87 64 128 0.059067
65 87 64 128 0.10076
66 87 64 128 0.123922
67 87 64 128 0.216164
68 87 64 128 0.256976
69 87 64 128 0.310145
70 87 64 128 0.238089
71 87 64 128 0.218298
72 87 64 128 0.124447
73 87 64 128 0.102385
74 87 64 128 0.0733752
75 87 64 128 0.0638576
76 87 64 128 0.0532729
77 87 64 128 0.0242105
78 87 64 128 0.0128025
79 87 64 128 0.013316
80 87 64 128 0.0188158
81 87 64 128 0.0157263
82 87 64 128 0.0152168
83 87 64 128 0.022594
84 87 64 128 0.0333731
85 87 64 128 0.0339267
86 87 64 128 0.0215767
87 87 64 128 0.0166692
88 87 64 128 0.0158867
89 87 64 128 0.0151551
90 87 64 128 0.0234215
91 87 64 128 0.0313359
92 87 64 128 0.0281382
93 87 64 128 0.0114878
94 87 64 128 0.0108831
95 87 64 128 0.0116489
96 87 64 128 0.0162468
97 87 64 128 0.0135297
98 87 64 128 0.0185357
99 87 64 128 0.0226463
100 87 64 128 0.0259578
101 87 64 128 0.0246627
102 87 64 128 0.0228775
103 87 64 128 0.0199034
104 87 64 128 0.0222043
105 87 64 128 0.0165537
106 87 64 128 0.0132483
108 87 64 128 0.0110689
110 87 64 128 0.0117352
112 87 64 128 0.01565
114 87 64 128 0.0164094
115 87 64 128 0.0167013
116 87 64 128 0.0331126
117 87 64 128 0.0320114
118 87 64 128 0.0519959
119 87 64 128 0.0546739
120 87 64 128 0.0918537
121 87 64 128 0.120769
122 87 64 128 0.168613
123 87 64 128 0.173388
124 87 64 128 0.137077
125 87 64 128 0.0950621
126 87 64 128 0.052477
127 87 64 128 0.0282889
128 87 64 128 0.0159099
129 87 64 128 0.0121661
153 87 64 128 0.0135322
154 87 64 128 0.012798
155 87 64 128 0.0136504
156 87 64 128 0.0140163
157 87 64 128 0.0144562
158 87 64 128 0.0162272
159 87 64 128 0.0195971
160 87 64 128 0.0255597
161 87 64 128 0.0290814
162 87 64 128 0.0234997
163 87 64 128 0.0220142
164 87 64 128 0.0218967
165 87 64 128 0.0191493
166 87 64 128 0.0163828
167 87 64 128 0.0119117
168 87 64 128 0.0107902
169 87 64 128 0.0142728
170 87 64 128 0.0184172
171 87 64 128 0.0208512
172 87 64 128 0.0258148
173 87 64 128 0.0269609
174 87 64 128 0.0334133
175 87 64 128 0.036366
176 87 64 128 0.0488993
177 87 64 128 0.0377363
178 87 64 128 0.0292496
179 87 64 128 0.0216528
180 87 64 128 0.0178376
181 87 64 128 0.0144688
182 87 64 128 0.0142661
183 87 64 128 0.0128246
184 87 64 128 0.0102643
185 87 64 128 0.0112771
186 87 64 128 0.0159996
187 87 64 128 0.0190866
188 87 64 128 0.0225481
189 87 64 128 0.02655
190 87 64 128 0.0229531
191 87 64 128 0.0118706
0 88 64 128 0.0118439
1 88 64 128 0.0134066
2 88 64 128 0.0151342
3 88 64 128 0.0137074
4 88 64 128 0.0129304
5 88 64 128 0.0142049
6 88 64 128 0.0132716
7 88 64 128 0.0161522
8 88 64 128 0.0152882
9 88 64 128 0.0181069
10 88 64 128 0.0143977
11 88 64 128 0.012364
26 88 64 128 0.0116888
27 88 64 128 0.0118141
28 88 64 128 0.014322
29 88 64 128 0.0141586
30 88 64 128 0.0159786
31 88 64 128 0.0149128
32 88 64 128 0.0127788
33 88 64 128 0.0102814
48 88 64 128 0.0111137
49 88 64 128 0.0190005
50 88 64 128 0.0415749
51 88 64 128 0.0887537
52 88 64 128 0.10436
53 88 64 128 0.0796711
54 88 64 128 0.0376478
55 88 64 128 0.0304778
56 88 64 128 0.0139609
59 88 64 128 0.0262033
60 88 64 128 0.0409555
61 88 64 128 0.0458662
62 88 64 128 0.0489658
63 88 64 128 0.0748044
64 88 64 128 0.0697275
65 88 64 128 0.112178
66 88 64 128 0.125955
67 88 64 128 0.231183
68 88 64 128 0.248744
69 88 64 128 0.317835
70 88 64 128 0.258932
71 88 64 128 0.237428
72 88 64 128 0.146585
73 88 64 128 0.102755
74 88 64 128 0.0847568
75 88 64 128 0.0725975
76 88 64 128 0.0593199
77 88 64 128 0.0272997
78 88 64 128 0.0131921
79 88 64 128 0.0138688
80 88 64 128 0.016978
81 88 64 128 0.0174769
82 88 64 128 0.0152533
83 88 64 128 0.0236529
84 88 64 128 0.038288
85 88 64 128 0.0465601
86 88 64 128 0.0276558
87 88 64 128 0.0235686
88 88 64 128 0.0195942
89 88 64 128 0.0210222
90 88 64 128 0.0272303
91 88 64 128 0.036266
92 88 64 128 0.0290127
93 88 64 128 0.0132381
94 88 64 128 0.0101783
96 88 64 128 0.0123608
97 88 64 128 0.0131054
98 88 64 128 0.0160959
99 88 64 128 0.0169114
100 88 64 128 0.0178669
101 88 64 128 0.0205472
102 88 64 128 0.0163416
103 88 64 128 0.0144318
104 88 64 128 0.0166684
105 88 64 128 0.0137602
106 88 64 128 0.0136568
108 88 64 128 0.0147272
109 88 64 128 0.0121675
110 88 64 128 0.0207923
111 88 64 128 0.0174839
112 88 64 128 0.0268901
113 88 64 128 0.0178291
114 88 64 128 0.0287839
115 88 64 128 0.0284189
116 88 64 128 0.0512543
117 88 64 128 0.0543055
118 88 64 128 0.0832486
119 88 64 128 0.0773163
120 88 64 128 0.109621
121 88 64 128 0.134776
122 88 64 128 0.176218
123 88 64 128 0.177389
124 88 64 128 0.139465
125 88 64 128 0.103176
126 88 64 128 0.056881
127 88 64 128 0.0320733
128 88 64 128 0.0167141
129 88 64 128 0.0131684
130 88 64 128 0.0101452
160 88 64 128 0.0126669
161 88 64 128 0.0156437
162 88 64 128 0.0142016
163 88 64 128 0.0144988
164 88 64 128 0.0144432
165 88 64 128 0.0139474
166 88 64 128 0.0119464
169 88 64 128 0.0141311
170 88 64 128 0.0192463
171 88 64 128 0.0216939
172 88 64 128 0.0264204
173 88 64 128 0.0265179
174 88 64 128 0.0278638
175 88 64 128 0.0258384
176 88 64 128 0.0436119
177 88 64 128 0.0332833
178 88 64 128 0.0284908
179 88 64 128 0.0198506
180 88 64 128 0.019281
181 88 64 128 0.0143522
182 88 64 128 0.0149154
183 88 64 128 0.0127892
184 88 64 128 0.012547
185 88 64 128 0.0118431
186 88 64 128 0.0150573
187 88 64 128 0.0189424
188 88 64 128 0.02573
189 88 64 128 0.0258273
190 88 64 128 0.0248463
191 88 64 128 0.0142468
0 89 64 128 0.0110003
1 89 64 128 0.0118938
2 89 64 128 0.0123281
3 89 64 128 0.0105828
6 89 64 128 0.0103706
7 89 64 128 0.011818
8 89 64 128 0.0121054
9 89 64 128 0.0143025
10 89 64 128 0.0130795
11 89 64 128 0.0120078
26 89 64 128 0.0101827
27 89 64 128 0.0114435
28 89 64 128 0.0128493
29 89 64 128 0.0130476
30 89 64 128 0.0143657
31 89 64 128 0.0138831
32 89 64 128 0.0130631
48 89 64 128 0.0122549
49 89 64 128 0.0198307
50 89 64 128 0.0390329
51 89 64 128 0.0761349
52 89 64 128 0.0952358
53 89 64 128 0.0769231
54 89 64 128 0.0363538
55 89 64 128 0.024072
56 89 64 128 0.0107653
59 89 64 128 0.0113472
60 89 64 128 0.0198067
61 89 64 128 0.0244374
62 89 64 128 0.0219671
63 89 64 128 0.0339186
64 89 64 128 0.0345863
65 89 64 128 0.0587713
66 89 64 128 0.0710239
67 89 64 128 0.150465
68 89 64 128 0.17963
69 89 64 128 0.259662
70 89 64 128 0.213025
71 89 64 128 0.199871
72 89 64 128 0.157616
73 89 64 128 0.121041
74 89 64 128 0.112909
75 89 64 128 0.0966754
76 89 64 128 0.0863949
77 89 64 128 0.0396052
78 89 64 128 0.0221157
79 89 64 128 0.0211067
80 89 64 128 0.0318029
81 89 64 128 0.0319168
82 89 64 128 0.0293928
83 89 64 128 0.0436638
84 89 64 128 0.0690566
85 89 64 128 0.0916999
86 89 64 128 0.0575037
87 89 64 128 0.0438985
88 89 64 128 0.0332854
89 89 64 128 0.0342383
90 89 64 128 0.0487675
91 89 64 128 0.0586138
92 89 64 128 0.0436624
93 89 64 128 0.0163348
94 89 64 128 0.0154881
96 89 64 128 0.0133693
97 89 64 128 0.0141487
98 89 64 128 0.0203346
99 89 64 128 0.0175146
100 89 64 128 0.0178906
101 89 64 128 0.0161101
102 89 64 128 0.0141255
103 89 64 128 0.0119252
104 89 64 128 0.0143323
105 89 64 128 0.0119992
106 89 64 128 0.0122041
108 89 64 128 0.0141718
109 89 64 128 0.0124047
110 89 64 128 0.018723
111 89 64 128 0.0159654
112 89 64 128 0.0275331
113 89 64 128 0.0190952
114 89 64 128 0.0325648
115 89 64 128 0.0324917
116 89 64 128 0.0619562
117 89 64 128 0.0591783
118 89 64 128 0.0927709
119 89 64 128 0.0795531
120 89 64 128 0.102481
121 89 64 128 0.115032
122 89 64 128 0.156695
123 89 64 128 0.146988
124 89 64 128 0.118162
125 89 64 128 0.0810166
126 89 64 128 0.048493
127 89 64 128 0.0233749
128 89 64 128 0.013338
129 89 64 128 0.0118066
130 89 64 128 0.0102316
170 89 64 128 0.0104658
171 89 64 128 0.0104994
172 89 64 128 0.0127769
173 89 64 128 0.0144819
174 89 64 128 0.0161446
175 89 64 128 0.0159274
176 89 64 128 0.0219756
177 89 64 128 0.0194235
178 89 64 128 0.0158631
179 89 64 128 0.0128147
180 89 64 128 0.01035
181 89 64 128 0.01011
182 89 64 128 0.0103444
187 89 64 128 0.012182
188 89 64 128 0.0128846
189 89 64 128 0.0146479
190 89 64 128 0.0122861
0 90 64 128 0.0163497
1 90 64 128 0.014833
2 90 64 128 0.0147708
3 90 64 128 0.0134037
4 90 64 128 0.0124116
5 90 64 128 0.0114347
6 90 64 128 0.0110678
7 90 64 128 0.0136991
8 90 64 128 0.0136155
9 90 64 128 0.0155205
10 90 64 128 0.0149045
11 90 64 128 0.0137543
12 90 64 128 0.0111511
13 90 64 128 0.0100308
27 90 64 128 0.0104953
28 90 64 128 0.0126206
29 90 64 128 0.0120752
30 90 64 128 0.0132434
31 90 64 128 0.0146039
32 90 64 128 0.0145505
33 90 64 128 0.0102752
47 90 64 128 0.0117081
48 90 64 128 0.0160996
49 90 64 128 0.0227075
50 90 64 128 0.0500939
51 90 64 128 0.109329
52 90 64 128 0.136748
53 90 64 128 0.108606
54 90 64 128 0.0556365
55 90 64 128 0.032362
56 90 64 128 0.0136116
59 90 64 128 0.012587
60 90 64 128 0.0215303
61 90 64 128 0.0252658
62 90 64 128 0.023928
63 90 64 128 0.033902
64 90 64 128 0.0353061
65 90 64 128 0.0559404
66 90 64 128 0.0619072
67 90 64 128 0.119625
68 90 64 128 0.148194
69 90 64 128 0.210826
70 90 64 128 0.17911
71 90 64 128 0.157024
72 90 64 128 0.129664
73 90 64 128 0.0930254
74 90 64 128 0.0840306
75 90 64 128 0.0721789
76 90 64 128 0.067102
77 90 64 128 0.0307242
78 90 64 128 0.0153074
79 90 64 128 0.0176664
80 90 64 128 0.0266906
81 90 64 128 0.0276946
82 90 64 128 0.0248789
83 90 64 128 0.0395097
84 90 64 128 0.0674016
85 90 64 128 0.0931231
86 90 64 128 0.0639109
87 90 64 128 0.0551818
88 90 64 128 0.0389262
89 90 64 128 0.0470768
90 90 64 128 0.0602954
91 90 64 128 0.0835185
92 90 64 128 0.0631297
93 90 64 128 0.0256588
94 90 64 128 0.019565
95 90 64 128 0.0124203
96 90 64 128 0.0121001
97 90 64 128 0.0140296
98 90 64 128 0.016528
99 90 64 128 0.0147044
100 90 64 128 0.0124037
101 90 64 128 0.011887
102 90 64 128 0.010262
104 90 64 128 0.0114654
105 90 64 128 0.0104117
106 90 64 128 0.0128054
108 90 64 128 0.0163198
109 90 64 128 0.0139835
110 90 64 128 0.0246232
111 90 64 128 0.020946
112 90 64 128 0.0339897
113 90 64 128 0.0211524
114 90 64 128 0.0364261
115 90 64 128 0.0323698
116 90 64 128 0.0639435
117 90 64 128 0.057561
118 90 64 128 0.100916
119 90 64 128 0.0832182
120 90 64 128 0.0993303
121 90 64 128 0.107604
122 90 64 128 0.140241
123 90 64 128 0.12841
124 90 64 128 0.104765
125 90 64 128 0.0758343
126 90 64 128 0.0440903
127 90 64 128 0.0241551
128 90 64 128 0.0150229
129 90 64 128 0.0136013
130 90 64 128 0.0109547
170 90 64 128 0.0112461
171 90 64 128 0.0115835
172 90 64 128 0.0145856
173 90 64 128 0.0165868
174 90 64 128 0.0183236
175 90 64 128 0.0161825
176 90 64 128 0.0211025
177 90 64 128 0.015883
178 90 64 128 0.0164114
179 90 64 128 0.0107957
182 90 64 128 0.010373
187 90 64 128 0.0100113
188 90 64 128 0.0116723
189 90 64 128 0.0127446
190 90 64 128 0.0112988
0 91 64 128 0.0145034
1 91 64 128 0.0138424
2 91 64 128 0.0132624
3 91 64 128 0.0112424
9 91 64 128 0.0106521
10 91 64 128 0.0130588
11 91 64 128 0.0136624
12 91 64 128 0.0114025
30 91 64 128 0.0100555
31 91 64 128 0.011408
32 91 64 128 0.011359
48 91 64 128 0.0119339
49 91 64 128 0.0168057
50 91 64 128 0.0388865
51 91 64 128 0.0957361
52 91 64 128 0.124009
53 91 64 128 0.112726
54 91 64 128 0.0567586
55 91 64 128 0.0298449
56 91 64 128 0.0127445
60 91 64 128 0.0121099
61 91 64 128 0.0120317
62 91 64 128 0.0101134
63 91 64 128 0.0153438
64 91 64 128 0.0171833
65 91 64 128 0.0273307
66 91 64 128 0.0314593
67 91 64 128 0.0688908
68 91 64 128 0.107906
69 91 64 128 0.162182
70 91 64 128 0.15256
71 91 64 128 0.130993
72 91 64 128 0.122265
73 91 64 128 0.0888339
74 91 64 128 0.0698507
75 91 64 128 0.06989
76 91 64 128 0.0650571
77 91 64 128 0.0356672
78 91 64 128 0.0174918
79 91 64 128 0.0211589
80 91 64 128 0.0335249
81 91 64 128 0.0370438
82 91 64 128 0.0351433
83 91 64 128 0.0651941
84 91 64 128 0.0911686
85 91 64 128 0.112927
86 91 64 128 0.0672021
87 91 64 128 0.050877
88 91 64 128 0.0370816
89 91 64 128 0.0403961
90 91 64 128 0.0545152
91 91 64 128 0.0646109
92 91 64 128 0.0439296
93 91 64 128 0.0168859
94 91 64 128 0.0152214
95 91 64 128 0.0110172
98 91 64 128 0.010812
108 91 64 128 0.0153608
109 91 64 128 0.0140078
110 91 64 128 0.0249105
111 91 64 128 0.0240526
112 91 64 128 0.035285
113 91 64 128 0.0210941
114 91 64 128 0.0297828
115 91 64 128 0.0324603
116 91 64 128 0.053605
117 91 64 128 0.0416483
118 91 64 128 0.0537708
119 91 64 128 0.0462435
120 91 64 128 0.0502022
121 91 64 128 0.0545243
122 91 64 128 0.0650791
123 91 64 128 0.0629764
124 91 64 128 0.0481505
125 91 64 128 0.0315464
126 91 64 128 0.0209886
127 91 64 128 0.0127709
0 92 64 128 0.0121382
1 92 64 128 0.0112892
2 92 64 128 0.010419
10 92 64 128 0.0101061
11 92 64 128 0.0106539
12 92 64 128 0.0116336
49 92 64 128 0.0108189
50 92 64 128 0.0268024
51 92 64 128 0.0772884
52 92 64 128 0.107674
53 92 64 128 0.116013
54 92 64 128 0.0650541
55 92 64 128 0.0337625
56 92 64 128 0.0141401
60 92 64 128 0.0161978
61 92 64 128 0.0138286
63 92 64 128 0.0145007
64 92 64 128 0.018626
65 92 64 128 0.0281837
66 92 64 128 0.0326702
67 92 64 128 0.0577046
68 92 64 128 0.0878764
69 92 64 128 0.119162
70 92 64 128 0.117191
71 92 64 128 0.106338
72 92 64 128 0.0978849
73 92 64 128 0.0604964
74 92 64 128 0.0425404
75 92 64 128 0.0358352
76 92 64 128 0.0358368
77 92 64 128 0.0195919
79 92 64 128 0.012857
80 92 64 128 0.0202299
81 92 64 128 0.0324942
82 92 64 128 0.0290756
83 92 64 128 0.0501655
84 92 64 128 0.0639566
85 92 64 128 0.0953957
86 92 64 128 0.0501579
87 92 64 128 0.0394285
88 92 64 128 0.0319296
89 92 64 128 0.0362851
90 92 64 128 0.04063
91 92 64 128 0.0584939
92 92 64 128 0.0385584
93 92 64 128 0.0159574
94 92 64 128 0.0116099
108 92 64 128 0.0114486
109 92 64 128 0.0114758
110 92 64 128 0.0225169
111 92 64 128 0.02119
112 92 64 128 0.0300415
113 92 64 128 0.0162045
114 92 64 128 0.0222992
115 92 64 128 0.0228821
116 92 64 128 0.0374414
117 92 64 128 0.0297751
118 92 64 128 0.0337481
119 92 64 128 0.0280642
120 92 64 128 0.0286816
121 92 64 128 0.0290867
122 92 64 128 0.0377787
123 92 64 128 0.0367124
124 92 64 128 0.0302928
125 92 64 128 0.0214617
126 92 64 128 0.0143221
147 92 64 128 0.0108248
148 92 64 128 0.0100142
149 92 64 128 0.0103264
153 92 64 128 0.0104573
50 93 64 128 0.0121662
51 93 64 128 0.0368236
52 93 64 128 0.0686261
53 93 64 128 0.0889568
54 93 64 128 0.0559387
55 93 64 128 0.0269186
56 93 64 128 0.0120387
65 93 64 128 0.0149581
66 93 64 128 0.016571
67 93 64 128 0.0377933
68 93 64 128 0.0513676
69 93 64 128 0.0798386
70 93 64 128 0.0893057
71 93 64 128 0.0848555
72 93 64 128 0.0746224
73 93 64 128 0.0474478
74 93 64 128 0.0356773
75 93 64 128 0.0338237
76 93 64 128 0.031829
77 93 64 128 0.0168654
78 93 64 128 0.0108898
79 93 64 128 0.0127751
80 93 64 128 0.0226613
81 93 64 128 0.0406662
82 93 64 128 0.0468496
83 93 64 128 0.0767331
84 93 64 128 0.0953737
85 93 64 128 0.12571
86 93 64 128 0.0651609
87 93 64 128 0.0514147
88 93 64 128 0.0343467
89 93 64 128 0.0387165
90 93 64 128 0.0474983
91 93 64 128 0.0668804
92 93 64 128 0.0398336
93 93 64 128 0.018122
94 93 64 128 0.0131828
110 93 64 128 0.0133548
111 93 64 128 0.0132787
112 93 64 128 0.0186077
113 93 64 128 0.0102746
114 93 64 128 0.0111547
115 93 64 128 0.0125327
116 93 64 128 0.0223372
117 93 64 128 0.0145693
118 93 64 128 0.0135685
119 93 64 128 0.0120884
120 93 64 128 0.0133497
121 93 64 128 0.0148957
122 93 64 128 0.0173591
123 93 64 128 0.0170316
124 93 64 128 0.0158123
125 93 64 128 0.0109636
147 93 64 128 0.0140141
148 93 64 128 0.0141835
149 93 64 128 0.0132667
152 93 64 128 0.010766
153 93 64 128 0.0113358
12 94 64 128 0.0104427
51 94 64 128 0.0219005
52 94 64 128 0.0495772
53 94 64 128 0.0626086
54 94 64 128 0.0542238
55 94 64 128 0.0239542
56 94 64 128 0.0108395
65 94 64 128 0.0133656
66 94 64 128 0.017874
67 94 64 128 0.0333476
68 94 64 128 0.0452951
69 94 64 128 0.0686051
70 94 64 128 0.0900869
71 94 64 128 0.0697708
72 94 64 128 0.0582959
73 94 64 128 0.0370034
74 94 64 128 0.028511
75 94 64 128 0.0247983
76 94 64 128 0.0249627
77 94 64 128 0.0121279
80 94 64 128 0.0142071
81 94 64 128 0.0237849
82 94 64 128 0.027793
83 94 64 128 0.044446
84 94 64 128 0.063298
85 94 64 128 0.0904518
86 94 64 128 0.0510429
87 94 64 128 0.0396556
88 94 64 128 0.0269316
89 94 64 128 0.0306951
90 94 64 128 0.0376936
91 94 64 128 0.0549827
92 94 64 128 0.0369121
93 94 64 128 0.0151497
94 94 64 128 0.0102706
112 94 64 128 0.0115863
116 94 64 128 0.0122453
145 94 64 128 0.0124301
146 94 64 128 0.0156245
147 94 64 128 0.0249237
148 94 64 128 0.0246598
149 94 64 128 0.0235148
150 94 64 128 0.0184357
151 94 64 128 0.0213391
152 94 64 128 0.0263014
153 94 64 128 0.031757
154 94 64 128 0.0198872
155 94 64 128 0.0123127
11 95 64 128 0.0109729
12 95 64 128 0.0110468
51 95 64 128 0.0104316
52 95 64 128 0.023543
53 95 64 128 0.0369155
54 95 64 128 0.0330543
55 95 64 128 0.0160643
66 95 64 128 0.0106776
67 95 64 128 0.022527
68 95 64 128 0.0286266
69 95 64 128 0.0420416
70 95 64 128 0.0616269
71 95 64 128 0.0558086
72 95 64 128 0.0398581
73 95 64 128 0.0284786
74 95 64 128 0.0239191
75 95 64 128 0.0209772
76 95 64 128 0.0203477
77 95 64 128 0.0113435
80 95 64 128 0.0156624
81 95 64 128 0.0302319
82 95 64 128 0.0345708
83 95 64 128 0.0659277
84 95 64 128 0.0793703
85 95 64 128 0.0973317
86 95 64 128 0.0432258
87 95 64 128 0.0351561
88 95 64 128 0.0236086
89 95 64 128 0.0276249
90 95 64 128 0.0319489
91 95 64 128 0.0460406
92 95 64 128 0.0303587
93 95 64 128 0.0127294
112 95 64 128 0.0101613
144 95 64 128 0.0103177
145 95 64 128 0.0206982
146 95 64 128 0.0297923
147 95 64 128 0.0432905
148 95 64 128 0.0411371
149 95 64 128 0.0376527
150 95 64 128 0.0320668
151 95 64 128 0.037921
152 95 64 128 0.0441977
153 95 64 128 0.0458076
154 95 64 128 0.0303281
155 95 64 128 0.0154734
156 95 64 128 0.0101532
52 96 64 128 0.013942
53 96 64 128 0.020158
54 96 64 128 0.0207517
55 96 64 128 0.0109599
66 96 64 128 0.0101115
67 96 64 128 0.0195572
68 96 64 128 0.024634
69 96 64 128 0.0297381
70 96 64 128 0.0461319
71 96 64 128 0.0503446
72 96 64 128 0.0315396
73 96 64 128 0.0185684
74 96 64 128 0.0149387
75 96 64 128 0.0133288
76 96 64 128 0.0129117
81 96 64 128 0.0141226
82 96 64 128 0.0179419
83 96 64 128 0.0293217
84 96 64 128 0.0411534
85 96 64 128 0.0469588
86 96 64 128 0.0234916
87 96 64 128 0.0194124
88 96 64 128 0.012941
89 96 64 128 0.0155007
90 96 64 128 0.0173413
91 96 64 128 0.0228913
92 96 64 128 0.0160402
143 96 64 128 0.0104906
144 96 64 128 0.0184491
145 96 64 128 0.0371039
146 96 64 128 0.0500283
147 96 64 128 0.065605
148 96 64 128 0.0626565
149 96 64 128 0.0697007
150 96 64 128 0.0587862
151 96 64 128 0.0800907
152 96 64 128 0.0967402
153 96 64 128 0.109697
154 96 64 128 0.059028
155 96 64 128 0.0363801
156 96 64 128 0.0239321
157 96 64 128 0.0161343
53 97 64 128 0.0116414
54 97 64 128 0.0135589
67 97 64 128 0.0152506
68 97 64 128 0.0165191
69 97 64 128 0.0218351
70 97 64 128 0.0339122
71 97 64 128 0.0304944
72 97 64 128 0.0176248
73 97 64 128 0.0111446
81 97 64 128 0.0143616
82 97 64 128 0.0181112
83 97 64 128 0.0307407
84 97 64 128 0.0371964
85 97 64 128 0.0431443
86 97 64 128 0.019891
87 97 64 128 0.0167549
88 97 64 128 0.0115485
89 97 64 128 0.0129749
90 97 64 128 0.0120969
91 97 64 128 0.0190446
92 97 64 128 0.0113553
143 97 64 128 0.0125196
144 97 64 128 0.0194043
145 97 64 128 0.0448499
146 97 64 128 0.0569785
147 97 64 128 0.0768751
148 97 64 128 0.0638324
149 97 64 128 0.0729384
150 97 64 128 0.0809677
151 97 64 128 0.107956
152 97 64 128 0.151235
153 97 64 128 0.149685
154 97 64 128 0.092354
155 97 64 128 0.0552217
156 97 64 128 0.0334336
157 97 64 128 0.0194389
158 97 64 128 0.0111359
54 98 64 128 0.0129215
67 98 64 128 0.0132065
68 98 64 128 0.014843
69 98 64 128 0.0181231
70 98 64 128 0.0308386
71 98 64 128 0.0273325
72 98 64 128 0.0158328
82 98 64 128 0.0104671
83 98 64 128 0.0173791
84 98 64 128 0.0207515
85 98 64 128 0.0217921
86 98 64 128 0.0110259
91 98 64 128 0.0137871
143 98 64 128 0.0152792
144 98 64 128 0.0211566
145 98 64 128 0.0409899
146 98 64 128 0.0537704
147 98 64 128 0.0889087
148 98 64 128 0.0822527
149 98 64 128 0.122521
150 98 64 128 0.125754
151 98 64 128 0.212575
152 98 64 128 0.277799
153 98 64 128 0.325392
154 98 64 128 0.227671
155 98 64 128 0.152405
156 98 64 128 0.086082
157 98 64 128 0.0548984
158 98 64 128 0.0291296
159 98 64 128 0.0172446
54 99 64 128 0.0131193
67 99 64 128 0.0102663
68 99 64 128 0.0100602
70 99 64 128 0.0147339
71 99 64 128 0.0139017
83 99 64 128 0.0105775
84 99 64 128 0.01192
85 99 64 128 0.0138832
91 99 64 128 0.0138288
141 99 64 128 0.0106492
143 99 64 128 0.0131883
144 99 64 128 0.0174743
145 99 64 128 0.0349535
146 99 64 128 0.0450081
147 99 64 128 0.0792289
148 99 64 128 0.0854555
149 99 64 128 0.12935
150 99 64 128 0.160012
151 99 64 128 0.25533
152 99 64 128 0.350087
153 99 64 128 0.394153
154 99 64 128 0.300991
155 99 64 128 0.196861
156 99 64 128 0.121763
157 99 64 128 0.0759426
158 99 64 128 0.0349792
159 99 64 128 0.0169233
53 100 64 128 0.0124356
54 100 64 128 0.015786
70 100 64 128 0.0106223
71 100 64 128 0.011833
91 100 64 128 0.0141971
92 100 64 128 0.0104965
140 100 64 128 0.0103975
141 100 64 128 0.015657
142 100 64 128 0.0129285
143 100 64 128 0.0127787
144 100 64 128 0.0158087
145 100 64 128 0.0292662
146 100 64 128 0.0420386
147 100 64 128 0.0683771
148 100 64 128 0.0897477
149 100 64 128 0.165608
150 100 64 128 0.171829
151 100 64 128 0.273978
152 100 64 128 0.354963
153 100 64 128 0.440527
154 100 64 128 0.305927
155 100 64 128 0.237776
156 100 64 128 0.144327
157 100 64 128 0.105963
158 100 64 128 0.0502257
159 100 64 128 0.025719
160 100 64 128 0.0113466
53 101 64 128 0.0114459
54 101 64 128 0.0148254
91 101 64 128 0.0157612
92 101 64 128 0.0131439
141 101 64 128 0.0108832
145 101 64 128 0.0174176
146 101 64 128 0.0237646
147 101 64 128 0.0363148
148 101 64 128 0.0426658
149 101 64 128 0.08183
150 101 64 128 0.0879914
151 101 64 128 0.143488
152 101 64 128 0.199711
153 101 64 128 0.251721
154 101 64 128 0.170999
155 101 64 128 0.126437
156 101 64 128 0.0887406
157 101 64 128 0.0644508
158 101 64 128 0.0324713
159 101 64 128 0.0173282
53 102 64 128 0.017563
54 102 64 128 0.0197699
55 102 64 128 0.0136465
89 102 64 128 0.0101323
90 102 64 128 0.0117662
91 102 64 128 0.0258457
92 102 64 128 0.02332
93 102 64 128 0.0156426
137 102 64 128 0.0105328
141 102 64 128 0.0102468
145 102 64 128 0.0106554
146 102 64 128 0.0136365
147 102 64 128 0.0240109
148 102 64 128 0.0279109
149 102 64 128 0.0588744
150 102 64 128 0.070012
151 102 64 128 0.124088
152 102 64 128 0.158478
153 102 64 128 0.210821
154 102 64 128 0.145253
155 102 64 128 0.11126
156 102 64 128 0.0807456
157 102 64 128 0.0661585
158 102 64 128 0.0318437
159 102 64 128 0.0204943
52 103 64 128 0.0124262
53 103 64 128 0.0221933
54 103 64 128 0.0261525
55 103 64 128 0.0219956
56 103 64 128 0.0112149
89 103 64 128 0.0139659
90 103 64 128 0.018477
91 103 64 128 0.0441635
92 103 64 128 0.0353746
93 103 64 128 0.0275157
94 103 64 128 0.0130857
129 103 64 128 0.0139237
130 103 64 128 0.0153181
131 103 64 128 0.0127126
132 103 64 128 0.0113626
133 103 64 128 0.0160414
134 103 64 128 0.0142565
135 103 64 128 0.0175832
136 103 64 128 0.016902
137 103 64 128 0.0186265
138 103 64 128 0.0107232
139 103 64 128 0.0104366
147 103 64 128 0.0110001
148 103 64 128 0.0125824
149 103 64 128 0.0230081
150 103 64 128 0.0282666
151 103 64 128 0.0464057
152 103 64 128 0.0693916
153 103 64 128 0.0883192
154 103 64 128 0.0748803
155 103 64 128 0.0657859
156 103 64 128 0.0487737
157 103 64 128 0.0384487
158 103 64 128 0.0245429
159 103 64 128 0.0155808
51 104 64 128 0.0144837
52 104 64 128 0.0330337
53 104 64 128 0.0572916
54 104 64 128 0.0665838
55 104 64 128 0.0567096
56 104 64 128 0.028866
57 104 64 128 0.0122931
88 104 64 128 0.0109074
89 104 64 128 0.0312395
90 104 64 128 0.042841
91 104 64 128 0.09489
92 104 64 128 0.0766331
93 104 64 128 0.0619359
94 104 64 128 0.0342911
95 104 64 128 0.0236785
96 104 64 128 0.0145803
97 104 64 128 0.0119228
116 104 64 128 0.0115748
127 104 64 128 0.0112874
128 104 64 128 0.0173187
129 104 64 128 0.0301089
130 104 64 128 0.0354482
131 104 64 128 0.0309283
132 104 64 128 0.0304636
133 104 64 128 0.0326497
134 104 64 128 0.0296342
135 104 64 128 0.0291282
136 104 64 128 0.031139
137 104 64 128 0.0308387
138 104 64 128 0.018437
139 104 64 128 0.0139299
141 104 64 128 0.0102271
147 104 64 128 0.0100237
148 104 64 128 0.0107447
149 104 64 128 0.019544
150 104 64 128 0.0198277
151 104 64 128 0.0312025
152 104 64 128 0.0480947
153 104 64 128 0.0723009
154 104 64 128 0.0565068
155 104 64 128 0.0535782
156 104 64 128 0.0444967
157 104 64 128 0.0440478
158 104 64 128 0.0260096
159 104 64 128 0.0216703
160 104 64 128 0.0131998
161 104 64 128 0.0116909
10 105 64 128 0.0104847
11 105 64 128 0.013427
12 105 64 128 0.0140195
13 105 64 128 0.0127859
50 105 64 128 0.0106561
51 105 64 128 0.0240464
52 105 64 128 0.0488651
53 105 64 128 0.0797353
54 105 64 128 0.105452
55 105 64 128 0.0959908
56 105 64 128 0.0562002
57 105 64 128 0.0242114
58 105 64 128 0.0108828
87 105 64 128 0.011232
88 105 64 128 0.0133647
89 105 64 128 0.0360295
90 105 64 128 0.0571046
91 105 64 128 0.131822
92 105 64 128 0.118385
93 105 64 128 0.0950126
94 105 64 128 0.0471547
95 105 64 128 0.0336357
96 105 64 128 0.0239667
97 105 64 128 0.0196302
98 105 64 128 0.0138688
114 105 64 128 0.0113301
115 105 64 128 0.0126291
116 105 64 128 0.0154178
117 105 64 128 0.0113845
118 105 64 128 0.0100644
120 105 64 128 0.0104705
121 105 64 128 0.011615
122 105 64 128 0.0136341
123 105 64 128 0.0139836
124 105 64 128 0.0131417
125 105 64 128 0.0145226
126 105 64 128 0.0154749
127 105 64 128 0.023907
128 105 64 128 0.0314114
129 105 64 128 0.0517038
130 105 64 128 0.0584119
131 105 64 128 0.0585398
132 105 64 128 0.0457585
133 105 64 128 0.0457529
134 105 64 128 0.0376901
135 105 64 128 0.0352775
136 105 64 128 0.0294778
137 105 64 128 0.027644
138 105 64 128 0.0148045
139 105 64 128 0.0119663
151 105 64 128 0.0106108
152 105 64 128 0.0171073
153 105 64 128 0.0238962
154 105 64 128 0.0217698
155 105 64 128 0.0242675
156 105 64 128 0.0226764
157 105 64 128 0.0219247
158 105 64 128 0.0154513
159 105 64 128 0.0143163
160 105 64 128 0.0111921
161 105 64 128 0.0107904
8 106 64 128 0.0133002
9 106 64 128 0.0188069
10 106 64 128 0.024352
11 106 64 128 0.0299759
12 106 64 128 0.0321677
13 106 64 128 0.0281499
14 106 64 128 0.0255021
15 106 64 128 0.0236851
16 106 64 128 0.0219275
17 106 64 128 0.0187118
18 106 64 128 0.0191174
19 106 64 128 0.0160691
20 106 64 128 0.0183351
21 106 64 128 0.0165042
22 106 64 128 0.0173629
23 106 64 128 0.0205441
24 106 64 128 0.0225899
25 106 64 128 0.022604
26 106 64 128 0.0234612
27 106 64 128 0.0263845
28 106 64 128 0.0218957
29 106 64 128 0.0193651
30 106 64 128 0.0169651
31 106 64 128 0.0156031
32 106 64 128 0.0132749
33 106 64 128 0.0131807
34 106 64 128 0.0132551
35 106 64 128 0.0139356
36 106 64 128 0.0130245
37 106 64 128 0.0139203
38 106 64 128 0.0137204
39 106 64 128 0.0123998
47 106 64 128 0.0103177
48 106 64 128 0.0155894
49 106 64 128 0.0272235
50 106 64 128 0.0443953
51 106 64 128 0.0925677
52 106 64 128 0.148982
53 106 64 128 0.228909
54 106 64 128 0.263324
55 106 64 128 0.278627
56 106 64 128 0.159227
57 106 64 128 0.0744002
58 106 64 128 0.0320947
59 106 64 128 0.0220503
60 106 64 128 0.0116845
85 106 64 128 0.0169448
86 106 64 128 0.0184513
87 106 64 128 0.0350923
88 106 64 128 0.0466957
89 106 64 128 0.114425
90 106 64 128 0.17123
91 106 64 128 0.30989
92 106 64 128 0.27069
93 106 64 128 0.221511
94 106 64 128 0.122585
95 106 64 128 0.0861098
96 106 64 128 0.0528282
97 106 64 128 0.0456497
98 106 64 128 0.0365977
99 106 64 128 0.0272418
100 106 64 128 0.0162391
101 106 64 128 0.0106104
111 106 64 128 0.0135412
112 106 64 128 0.0174331
113 106 64 128 0.0210214
114 106 64 128 0.0300985
115 106 64 128 0.0291098
116 106 64 128 0.0335287
117 106 64 128 0.0231816
118 106 64 128 0.0220544
119 106 64 128 0.0168187
120 106 64 128 0.0185359
121 106 64 128 0.0187072
122 106 64 128 0.0242192
123 106 64 128 0.0224253
124 106 64 128 0.0221569
125 106 64 128 0.0237804
126 106 64 128 0.0260886
127 106 64 128 0.0370026
128 106 64 128 0.0465703
129 106 64 128 0.06635
130 106 64 128 0.081963
131 106 64 128 0.0832564
132 106 64 128 0.0678769
133 106 64 128 0.0656883
134 106 64 128 0.0479088
135 106 64 128 0.0341294
136 106 64 128 0.0281657
137 106 64 128 0.0251255
138 106 64 128 0.0151522
152 106 64 128 0.0112382
153 106 64 128 0.0193322
154 106 64 128 0.0169871
155 106 64 128 0.0178972
156 106 64 128 0.0188837
157 106 64 128 0.0243432
158 106 64 128 0.0178659
159 106 64 128 0.0189195
160 106 64 128 0.0148538
161 106 64 128 0.0172564
162 106 64 128 0.0133604
163 106 64 128 0.0146648
164 106 64 128 0.0148188
165 106 64 128 0.0129379
179 106 64 128 0.0147099
180 106 64 128 0.0186365
181 106 64 128 0.0223849
182 106 64 128 0.0190186
183 106 64 128 0.0162733
184 106 64 128 0.0132703
0 107 64 128 0.0118839
1 107 64 128 0.0113738
2 107 64 128 0.0107936
3 107 64 128 0.0107789
4 107 64 128 0.0109129
5 107 64 128 0.0110849
6 107 64 128 0.0122328
7 107 64 128 0.0142037
8 107 64 128 0.0201247
9 107 64 128 0.0288688
10 107 64 128 0.0376607
11 107 64 128 0.0401882
12 107 64 128 0.043117
13 107 64 128 0.0401127
14 107 64 128 0.0359115
15 107 64 128 0.0333076
16 107 64 128 0.0337207
17 107 64 128 0.0289142
18 107 64 128 0.0271862
19 107 64 128 0.0240147
20 107 64 128 0.0273726
21 107 64 128 0.0266095
22 107 64 128 0.0269219
23 107 64 128 0.02808
24 107 64 128 0.0344843
25 107 64 128 0.0337463
26 107 64 128 0.0341659
27 107 64 128 0.0328366
28 107 64 128 0.0328532
29 107 64 128 0.0293082
30 107 64 128 0.025062
31 107 64 128 0.0212195
32 107 64 128 0.0191173
33 107 64 128 0.0177225
34 107 64 128 0.0187339
35 107 64 128 0.0190146
36 107 64 128 0.0183525
37 107 64 128 0.0179976
38 107 64 128 0.0197684
39 107 64 128 0.0200499
40 107 64 128 0.0160554
41 107 64 128 0.016838
42 107 64 128 0.0137587
43 107 64 128 0.0121982
44 107 64 128 0.0111168
45 107 64 128 0.0117404
46 107 64 128 0.0117788
47 107 64 128 0.0180167
48 107 64 128 0.0239429
49 107 64 128 0.0430982
50 107 64 128 0.0642297
51 107 64 128 0.120023
52 107 64 128 0.17967
53 107 64 128 0.255723
54 107 64 128 0.284102
55 107 64 128 0.260396
56 107 64 128 0.159445
57 107 64 128 0.0830036
58 107 64 128 0.0387642
59 107 64 128 0.0273663
60 107 64 128 0.0144653
84 107 64 128 0.0114171
85 107 64 128 0.0231738
86 107 64 128 0.0257079
87 107 64 128 0.0466335
88 107 64 128 0.0466269
89 107 64 128 0.118776
90 107 64 128 0.173766
91 107 64 128 0.296457
92 107 64 128 0.241616
93 107 64 128 0.186699
94 107 64 128 0.0971571
95 107 64 128 0.0750253
96 107 64 128 0.0431927
97 107 64 128 0.0375746
98 107 64 128 0.0320718
99 107 64 128 0.0286572
100 107 64 128 0.0171614
101 107 64 128 0.0122062
111 107 64 128 0.0122345
112 107 64 128 0.0168986
113 107 64 128 0.0222738
114 107 64 128 0.028007
115 107 64 128 0.0307294
116 107 64 128 0.0333417
117 107 64 128 0.0218932
118 107 64 128 0.0188781
119 107 64 128 0.0159284
120 107 64 128 0.017131
121 107 64 128 0.0200728
122 107 64 128 0.0220526
123 107 64 128 0.0231282
124 107 64 128 0.0222582
125 107 64 128 0.0282643
126 107 64 128 0.027242
127 107 64 128 0.0350263
128 107 64 128 0.0438215
129 107 64 128 0.0718907
130 107 64 128 0.0833856
131 107 64 128 0.088326
132 107 64 128 0.0714047
133 107 64 128 0.0738676
134 107 64 128 0.0510944
135 107 64 128 0.0352306
136 107 64 128 0.0302969
137 107 64 128 0.0279873
138 107 64 128 0.0154363
156 107 64 128 0.0100449
157 107 64 128 0.0113348
159 107 64 128 0.0101462
160 107 64 128 0.0102011
161 107 64 128 0.0117716
163 107 64 128 0.0109194
164 107 64 128 0.0102285
165 107 64 128 0.0100404
179 107 64 128 0.0128542
180 107 64 128 0.0163117
181 107 64 128 0.0192284
182 107 64 128 0.018207
183 107 64 128 0.0168083
184 107 64 128 0.0138979
185 107 64 128 0.0105749
0 108 64 128 0.017642
1 108 64 128 0.0146571
2 108 64 128 0.0139547
3 108 64 128 0.0130267
4 108 64 128 0.0138397
5 108 64 128 0.0140142
6 108 64 128 0.0146922
7 108 64 128 0.0152813
8 108 64 128 0.0215684
9 108 64 128 0.0296417
10 108 64 128 0.0348697
11 108 64 128 0.0383168
12 108 64 128 0.0427769
13 108 64 128 0.0406768
14 108 64 128 0.0359261
15 108 64 128 0.0404054
16 108 64 128 0.0476801
17 108 64 128 0.0434327
18 108 64 128 0.0467151
19 108 64 128 0.0427221
20 108 64 128 0.0487364
21 108 64 128 0.0462776
22 108 64 128 0.0487571
23 108 64 128 0.0545395
24 108 64 128 0.0596944
25 108 64 128 0.060056
26 108 64 128 0.0571449
27 108 64 128 0.0569233
28 108 64 128 0.0549852
29 108 64 128 0.0491145
30 108 64 128 0.0414529
31 108 64 128 0.0350523
32 108 64 128 0.0314
33 108 64 128 0.0281084
34 108 64 128 0.0269376
35 108 64 128 0.0264885
36 108 64 128 0.0268607
37 108 64 128 0.0312394
38 108 64 128 0.0360916
39 108 64 128 0.0381899
40 108 64 128 0.0367338
41 108 64 128 0.0383815
42 108 64 128 0.0317218
43 108 64 128 0.0271327
44 108 64 128 0.0255523
45 108 64 128 0.0293345
46 108 64 128 0.0340203
47 108 64 128 0.050036
48 108 64 128 0.059009
49 108 64 128 0.0892139
50 108 64 128 0.114445
51 108 64 128 0.199564
52 108 64 128 0.273505
53 108 64 128 0.362781
54 108 64 128 0.375391
55 108 64 128 0.355302
56 108 64 128 0.22734
57 108 64 128 0.13034
58 108 64 128 0.0620205
59 108 64 128 0.0431768
60 108 64 128 0.0250938
61 108 64 128 0.0184782
63 108 64 128 0.0100831
64 108 64 128 0.0110634
65 108 64 128 0.0135981
66 108 64 128 0.0122433
67 108 64 128 0.0169623
83 108 64 128 0.0186955
84 108 64 128 0.0353982
85 108 64 128 0.0631599
86 108 64 128 0.071639
87 108 64 128 0.113913
88 108 64 128 0.114238
89 108 64 128 0.208632
90 108 64 128 0.273068
91 108 64 128 0.389071
92 108 64 128 0.338361
93 108 64 128 0.247784
94 108 64 128 0.133306
95 108 64 128 0.0933787
96 108 64 128 0.0598481
97 108 64 128 0.0551449
98 108 64 128 0.048225
99 108 64 128 0.0403412
100 108 64 128 0.0266431
101 108 64 128 0.0205222
102 108 64 128 0.0177834
103 108 64 128 0.0156017
104 108 64 128 0.0167153
105 108 64 128 0.0176019
106 108 64 128 0.0134936
107 108 64 128 0.0142996
108 108 64 128 0.0144494
109 108 64 128 0.0161361
110 108 64 128 0.0145001
111 108 64 128 0.0187423
112 108 64 128 0.0266591
113 108 64 128 0.0322302
114 108 64 128 0.0436882
115 108 64 128 0.0415201
116 108 64 128 0.0477623
117 108 64 128 0.0324549
118 108 64 128 0.0272127
119 108 64 128 0.0196574
120 108 64 128 0.0209997
121 108 64 128 0.0231223
122 108 64 128 0.0263191
123 108 64 128 0.022618
124 108 64 128 0.0233999
125 108 64 128 0.0267868
126 108 64 128 0.0296459
127 108 64 128 0.03508
128 108 64 128 0.0508578
129 108 64 128 0.0777106
130 108 64 128 0.0856537
131 108 64 128 0.0884575
132 108 64 128 0.0817574
133 108 64 128 0.0853549
134 108 64 128 0.0615795
135 108 64 128 0.0402171
136 108 64 128 0.0385945
137 108 64 128 0.0385084
138 108 64 128 0.0213356
139 108 64 128 0.013166
157 108 64 128 0.0113092
158 108 64 128 0.0103085
159 108 64 128 0.0125166
160 108 64 128 0.0130885
161 108 64 128 0.0153698
162 108 64 128 0.0129706
163 108 64 128 0.0148686
164 108 64 128 0.012847
165 108 64 128 0.0130351
177 108 64 128 0.0114399
178 108 64 128 0.0108263
179 108 64 128 0.0143971
180 108 64 128 0.0172961
181 108 64 128 0.0220792
182 108 64 128 0.0193751
183 108 64 128 0.0168981
184 108 64 128 0.0147396
185 108 64 128 0.0113763
0 109 64 128 0.0179985
1 109 64 128 0.015887
2 109 64 128 0.0140039
3 109 64 128 0.0129356
4 109 64 128 0.0130472
5 109 64 128 0.0124668
6 109 64 128 0.0133108
7 109 64 128 0.0140113
8 109 64 128 0.0175758
9 109 64 128 0.0208925
10 109 64 128 0.026576
11 109 64 128 0.030765
12 109 64 128 0.0318
13 109 64 128 0.030419
14 109 64 128 0.0313836
15 109 64 128 0.0340602
16 109 64 128 0.0382306
17 109 64 128 0.0407754
18 109 64 128 0.0423337
19 109 64 128 0.0394254
20 109 64 128 0.0409732
21 109 64 128 0.0377504
22 109 64 128 0.0359722
23 109 64 128 0.0395099
24 109 64 128 0.0468633
25 109 64 128 0.0450319
26 109 64 128 0.0457766
27 109 64 128 0.0432857
28 109 64 128 0.0402097
29 109 64 128 0.0359371
30 109 64 128 0.0306199
31 109 64 128 0.0282146
32 109 64 128 0.0263815
33 109 64 128 0.0242403
34 109 64 128 0.0233027
35 109 64 128 0.0237665
36 109 64 128 0.0245458
37 109 64 128 0.0261561
38 109 64 128 0.0299259
39 109 64 128 0.0308969
40 109 64 128 0.0315625
41 109 64 128 0.032
42 109 64 128 0.0287777
43 109 64 128 0.0241027
44 109 64 128 0.0240528
45 109 64 128 0.0262198
46 109 64 128 0.0286755
47 109 64 128 0.0422084
48 109 64 128 0.053745
49 109 64 128 0.0752972
50 109 64 128 0.0949128
51 109 64 128 0.161011
52 109 64 128 0.198657
53 109 64 128 0.249027
54 109 64 128 0.24185
55 109 64 128 0.225494
56 109 64 128 0.151758
57 109 64 128 0.0809849
58 109 64 128 0.0396643
59 109 64 128 0.0312102
60 109 64 128 0.0175744
61 109 64 128 0.0129221
67 109 64 128 0.0132473
82 109 64 128 0.012054
83 109 64 128 0.0251658
84 109 64 128 0.0461756
85 109 64 128 0.0848109
86 109 64 128 0.0943024
87 109 64 128 0.115952
88 109 64 128 0.113983
89 109 64 128 0.17781
90 109 64 128 0.237304
91 109 64 128 0.329731
92 109 64 128 0.240338
93 109 64 128 0.159851
94 109 64 128 0.0861405
95 109 64 128 0.0646925
96 109 64 128 0.0390927
97 109 64 128 0.0380514
98 109 64 128 0.0360585
99 109 64 128 0.0341007
100 109 64 128 0.0239222
101 109 64 128 0.0201609
102 109 64 128 0.0182554
103 109 64 128 0.0164861
104 109 64 128 0.0171667
105 109 64 128 0.0165455
106 109 64 128 0.0130547
107 109 64 128 0.0138898
108 109 64 128 0.0120715
109 109 64 128 0.0121397
110 109 64 128 0.0110859
111 109 64 128 0.0149353
112 109 64 128 0.0199408
113 109 64 128 0.0236514
114 109 64 128 0.030965
115 109 64 128 0.0316732
116 109 64 128 0.0334142
117 109 64 128 0.0236192
118 109 64 128 0.0167894
119 109 64 128 0.0133262
120 109 64 128 0.0154284
121 109 64 128 0.0178336
122 109 64 128 0.0208193
123 109 64 128 0.019484
124 109 64 128 0.0198657
125 109 64 128 0.0236331
126 109 64 128 0.0263513
127 109 64 128 0.0351801
128 109 64 128 0.0431667
129 109 64 128 0.0753979
130 109 64 128 0.0885685
131 109 64 128 0.109934
132 109 64 128 0.103598
133 109 64 128 0.101142
134 109 64 128 0.0726444
135 109 64 128 0.050283
136 109 64 128 0.0468555
137 109 64 128 0.0492382
138 109 64 128 0.0293374
139 109 64 128 0.017904
140 109 64 128 0.0120962
141 109 64 128 0.0116534
160 109 64 128 0.0103234
161 109 64 128 0.0125108
162 109 64 128 0.0128221
163 109 64 128 0.0148645
164 109 64 128 0.012905
165 109 64 128 0.0128854
179 109 64 128 0.0116365
180 109 64 128 0.0142127
181 109 64 128 0.0161721
182 109 64 128 0.0168868
183 109 64 128 0.0159788
184 109 64 128 0.0143707
185 109 64 128 0.0111618
0 110 64 128 0.0174254
1 110 64 128 0.0153259
2 110 64 128 0.0132595
3 110 64 128 0.012224
4 110 64 128 0.0129659
5 110 64 128 0.0115587
6 110 64 128 0.0118975
7 110 64 128 0.0144546
8 110 64 128 0.0177766
9 110 64 128 0.0201728
10 110 64 128 0.0248342
11 110 64 128 0.0257557
12 110 64 128 0.0285255
13 110 64 128 0.0283544
14 110 64 128 0.030756
15 110 64 128 0.0371342
16 110 64 128 0.0430652
17 110 64 128 0.0463431
18 110 64 128 0.0461852
19 110 64 128 0.0431145
20 110 64 128 0.0441606
21 110 64 128 0.0386198
22 110 64 128 0.0397959
23 110 64 128 0.0389043
24 110 64 128 0.0423469
25 110 64 128 0.0436126
26 110 64 128 0.0457567
27 110 64 128 0.0446259
28 110 64 128 0.0427481
29 110 64 128 0.0399934
30 110 64 128 0.0342256
31 110 64 128 0.0317585
32 110 64 128 0.0289054
33 110 64 128 0.0294659
34 110 64 128 0.0289619
35 110 64 128 0.0303187
36 110 64 128 0.0325284
37 110 64 128 0.0366018
38 110 64 128 0.0438296
39 110 64 128 0.0508146
40 110 64 128 0.0540954
41 110 64 128 0.0550578
42 110 64 128 0.048793
43 110 64 128 0.0462222
44 110 64 128 0.0471525
45 110 64 128 0.0494648
46 110 64 128 0.0569257
47 110 64 128 0.0794643
48 110 64 128 0.0954022
49 110 64 128 0.111796
50 110 64 128 0.125158
51 110 64 128 0.190436
52 110 64 128 0.213844
53 110 64 128 0.267673
54 110 64 128 0.25955
55 110 64 128 0.256627
56 110 64 128 0.159687
57 110 64 128 0.0812028
58 110 64 128 0.045909
59 110 64 128 0.0360002
60 110 64 128 0.0241173
61 110 64 128 0.017226
62 110 64 128 0.0112494
63 110 64 128 0.0145722
64 110 64 128 0.0150177
65 110 64 128 0.0201406
66 110 64 128 0.0200742
67 110 64 128 0.0323131
68 110 64 128 0.0251361
69 110 64 128 0.0198915
70 110 64 128 0.0169673
71 110 64 128 0.0302631
72 110 64 128 0.0288888
73 110 64 128 0.0187981
74 110 64 128 0.0129163
75 110 64 128 0.0122274
76 110 64 128 0.0142612
77 110 64 128 0.0188333
78 110 64 128 0.0238949
79 110 64 128 0.0287262
80 110 64 128 0.0246513
81 110 64 128 0.0270689
82 110 64 128 0.0345563
83 110 64 128 0.0666889
84 110 64 128 0.112885
85 110 64 128 0.188879
86 110 64 128 0.197838
87 110 64 128 0.243297
88 110 64 128 0.203937
89 110 64 128 0.25871
90 110 64 128 0.3188
91 110 64 128 0.418754
92 110 64 128 0.304003
93 110 64 128 0.213367
94 110 64 128 0.124185
95 110 64 128 0.0870901
96 110 64 128 0.0590469
97 110 64 128 0.0568137
98 110 64 128 0.0581099
99 110 64 128 0.0518837
100 110 64 128 0.0433866
101 110 64 128 0.0370349
102 110 64 128 0.03499
103 110 64 128 0.0342408
104 110 64 128 0.0375918
105 110 64 128 0.0345058
106 110 64 128 0.0266802
107 110 64 128 0.0256331
108 110 64 128 0.021819
109 110 64 128 0.0213636
110 110 64 128 0.0197989
111 110 64 128 0.0221055
112 110 64 128 0.0307391
113 110 64 128 0.0363729
114 110 64 128 0.0440831
115 110 64 128 0.0484904
116 110 64 128 0.0455487
117 110 64 128 0.034318
118 110 64 128 0.0277656
119 110 64 128 0.0218699
120 110 64 128 0.0244889
121 110 64 128 0.0252256
122 110 64 128 0.0311107
123 110 64 128 0.0254146
124 110 64 128 0.0248503
125 110 64 128 0.0238581
126 110 64 128 0.0280757
127 110 64 128 0.033216
128 110 64 128 0.0430098
129 110 64 128 0.0647592
130 110 64 128 0.0778698
131 110 64 128 0.0783134
132 110 64 128 0.0900749
133 110 64 128 0.0742662
134 110 64 128 0.0590067
135 110 64 128 0.0419777
136 110 64 128 0.0407132
137 110 64 128 0.0395154
138 110 64 128 0.0296819
139 110 64 128 0.0203529
140 110 64 128 0.0166298
141 110 64 128 0.0145449
159 110 64 128 0.0120585
160 110 64 128 0.0137954
161 110 64 128 0.019282
162 110 64 128 0.0202915
163 110 64 128 0.0216417
164 110 64 128 0.0210253
165 110 64 128 0.0224336
166 110 64 128 0.0139889
167 110 64 128 0.0135214
168 110 64 128 0.0123395
169 110 64 128 0.0126612
176 110 64 128 0.0111743
177 110 64 128 0.0150169
178 110 64 128 0.0150642
179 110 64 128 0.0199477
180 110 64 128 0.0239835
181 110 64 128 0.0298354
182 110 64 128 0.0256067
183 110 64 128 0.0235598
184 110 64 128 0.0243599
185 110 64 128 0.0196957
186 110 64 128 0.0169842
187 110 64 128 0.014596
188 110 64 128 0.014271
189 110 64 128 0.0126051
0 111 64 128 0.0167221
1 111 64 128 0.0129323
2 111 64 128 0.0111923
4 111 64 128 0.0110922
5 111 64 128 0.0103942
6 111 64 128 0.0112186
7 111 64 128 0.0119743
8 111 64 128 0.0134469
9 111 64 128 0.015048
10 111 64 128 0.0196356
11 111 64 128 0.019665
12 111 64 128 0.0230085
13 111 64 128 0.0249138
14 111 64 128 0.0272599
15 111 64 128 0.0285063
16 111 64 128 0.0338889
17 111 64 128 0.0356041
18 111 64 128 0.035595
19 111 64 128 0.0321705
20 111 64 128 0.0327317
21 111 64 128 0.0297614
22 111 64 128 0.0308321
23 111 64 128 0.0293544
24 111 64 128 0.0325687
25 111 64 128 0.0319535
26 111 64 128 0.0322241
27 111 64 128 0.0318117
28 111 64 128 0.028809
29 111 64 128 0.0248206
30 111 64 128 0.0230772
31 111 64 128 0.0215144
32 111 64 128 0.0207259
33 111 64 128 0.0200973
34 111 64 128 0.0207444
35 111 64 128 0.0227621
36 111 64 128 0.0257072
37 111 64 128 0.0304281
38 111 64 128 0.0384924
39 111 64 128 0.0477304
40 111 64 128 0.0509412
41 111 64 128 0.0595319
42 111 64 128 0.0527128
43 111 64 128 0.0492917
44 111 64 128 0.0437732
45 111 64 128 0.0493016
46 111 64 128 0.0487261
47 111 64 128 0.0606534
48 111 64 128 0.0630802
49 111 64 128 0.0751815
50 111 64 128 0.0807375
51 111 64 128 0.121401
52 111 64 128 0.138188
53 111 64 128 0.182615
54 111 64 128 0.186338
55 111 64 128 0.163213
56 111 64 128 0.108605
57 111 64 128 0.0580481
58 111 64 128 0.0344065
59 111 64 128 0.0277285
60 111 64 128 0.0201049
61 111 64 128 0.0147749
62 111 64 128 0.0113848
63 111 64 128 0.014593
64 111 64 128 0.0160005
65 111 64 128 0.0224918
66 111 64 128 0.0247972
67 111 64 128 0.0412645
68 111 64 128 0.035048
69 111 64 128 0.0310059
70 111 64 128 0.0253637
71 111 64 128 0.0482271
72 111 64 128 0.0484094
73 111 64 128 0.0352813
74 111 64 128 0.0242549
75 111 64 128 0.0235706
76 111 64 128 0.0258242
77 111 64 128 0.0332696
78 111 64 128 0.0402229
79 111 64 128 0.0521372
80 111 64 128 0.0479486
81 111 64 128 0.0467481
82 111 64 128 0.0575937
83 111 64 128 0.0857495
84 111 64 128 0.136427
85 111 64 128 0.22529
86 111 64 128 0.23902
87 111 64 128 0.249565
88 111 64 128 0.187806
89 111 64 128 0.219039
90 111 64 128 0.235935
91 111 64 128 0.27769
92 111 64 128 0.187819
93 111 64 128 0.139238
94 111 64 128 0.0744578
95 111 64 128 0.0488388
96 111 64 128 0.0324021
97 111 64 128 0.0337948
98 111 64 128 0.0412633
99 111 64 128 0.0431837
100 111 64 128 0.0368299
101 111 64 128 0.0326315
102 111 64 128 0.0314871
103 111 64 128 0.034056
104 111 64 128 0.0365032
105 111 64 128 0.032359
106 111 64 128 0.0242588
107 111 64 128 0.0255136
108 111 64 128 0.0191913
109 111 64 128 0.0172294
110 111 64 128 0.0150574
111 111 64 128 0.018047
112 111 64 128 0.022651
113 111 64 128 0.0267929
114 111 64 128 0.0324024
115 111 64 128 0.0385824
116 111 64 128 0.0352172
117 111 64 128 0.0267158
118 111 64 128 0.0219056
119 111 64 128 0.0185269
120 111 64 128 0.0207051
121 111 64 128 0.0256488
122 111 64 128 0.0262074
123 111 64 128 0.0249869
124 111 64 128 0.0242258
125 111 64 128 0.0277429
126 111 64 128 0.0287565
127 111 64 128 0.04073
128 111 64 128 0.0499386
129 111 64 128 0.0743524
130 111 64 128 0.0883768
131 111 64 128 0.0986672
132 111 64 128 0.0971063
133 111 64 128 0.105992
134 111 64 128 0.0907222
135 111 64 128 0.073236
136 111 64 128 0.0544222
137 111 64 128 0.0598377
138 111 64 128 0.0483225
139 111 64 128 0.038221
140 111 64 128 0.0251883
141 111 64 128 0.0234325
142 111 64 128 0.015056
157 111 64 128 0.0115579
158 111 64 128 0.0111283
159 111 64 128 0.0145979
160 111 64 128 0.0186463
161 111 64 128 0.023067
162 111 64 128 0.0254263
163 111 64 128 0.025606
164 111 64 128 0.023776
165 111 64 128 0.0214014
166 111 64 128 0.015563
167 111 64 128 0.0151258
168 111 64 128 0.0132503
169 111 64 128 0.0115629
177 111 64 128 0.0106022
178 111 64 128 0.0121019
179 111 64 128 0.0149289
180 111 64 128 0.0169117
181 111 64 128 0.0205369
182 111 64 128 0.0180622
183 111 64 128 0.0189158
184 111 64 128 0.019871
185 111 64 128 0.0175188
186 111 64 128 0.0174429
187 111 64 128 0.0160489
188 111 64 128 0.0158679
189 111 64 128 0.0135191
190 111 64 128 0.0109877
