128 2 64 128 0.0116559
129 2 64 128 0.0121411
130 2 64 128 0.0136239
127 3 64 128 0.0104183
128 3 64 128 0.0167039
129 3 64 128 0.0180124
130 3 64 128 0.0210912
131 3 64 128 0.0139969
127 4 64 128 0.0112775
128 4 64 128 0.0171589
129 4 64 128 0.0208644
130 4 64 128 0.0234234
131 4 64 128 0.015089
132 4 64 128 0.0101607
127 5 64 128 0.0101653
128 5 64 128 0.0156665
129 5 64 128 0.0202977
130 5 64 128 0.0209599
131 5 64 128 0.0130954
128 6 64 128 0.0105519
129 6 64 128 0.0139768
130 6 64 128 0.0142354
117 39 64 128 0.0117664
118 39 64 128 0.0120092
117 40 64 128 0.0109214
118 40 64 128 0.01217
119 40 64 128 0.0115743
117 41 64 128 0.0114359
118 41 64 128 0.0121636
119 41 64 128 0.0129729
117 42 64 128 0.0118699
118 42 64 128 0.0128012
119 42 64 128 0.0137045
117 43 64 128 0.0116526
118 43 64 128 0.0127151
119 43 64 128 0.0141324
123 43 64 128 0.0101324
118 44 64 128 0.0117389
119 44 64 128 0.0121681
123 44 64 128 0.012031
118 45 64 128 0.0113909
119 45 64 128 0.0111719
123 45 64 128 0.0125933
123 46 64 128 0.0106353
114 53 64 128 0.0107332
115 53 64 128 0.0109821
112 54 64 128 0.0100933
113 54 64 128 0.0117697
114 54 64 128 0.0153326
115 54 64 128 0.0143315
116 54 64 128 0.0112874
110 55 64 128 0.0107545
111 55 64 128 0.0118616
112 55 64 128 0.0124472
113 55 64 128 0.0157208
114 55 64 128 0.0197063
115 55 64 128 0.0193716
116 55 64 128 0.0147777
117 55 64 128 0.0111152
110 56 64 128 0.0108445
111 56 64 128 0.0107295
112 56 64 128 0.0126257
113 56 64 128 0.0151163
114 56 64 128 0.020588
115 56 64 128 0.0185928
116 56 64 128 0.0161802
117 56 64 128 0.0108102
110 57 64 128 0.0120525
111 57 64 128 0.0112207
112 57 64 128 0.0131605
113 57 64 128 0.0169447
114 57 64 128 0.0219992
115 57 64 128 0.0213668
116 57 64 128 0.0163556
117 57 64 128 0.010081
113 58 64 128 0.0127124
114 58 64 128 0.0178794
115 58 64 128 0.017471
116 58 64 128 0.0124156
114 59 64 128 0.0131901
115 59 64 128 0.0147905
