192 30 98 196 0.0109728
193 30 98 196 0.0110273
194 30 98 196 0.0108098
195 30 98 196 0.0119967
196 30 98 196 0.0123862
197 30 98 196 0.0104795
191 31 98 196 0.0112518
192 31 98 196 0.0118234
193 31 98 196 0.0117541
194 31 98 196 0.0126677
195 31 98 196 0.0146778
196 31 98 196 0.0153685
197 31 98 196 0.013372
198 31 98 196 0.0107678
195 32 98 196 0.0101018
196 32 98 196 0.011005
215 1 85 170 0.0105345
216 1 85 170 0.0113281
208 2 85 170 0.0107575
209 2 85 170 0.0104281
214 2 85 170 0.0137314
215 2 85 170 0.0175807
216 2 85 170 0.0184666
217 2 85 170 0.0140683
206 3 85 170 0.0135752
207 3 85 170 0.0148177
208 3 85 170 0.015655
209 3 85 170 0.0151433
210 3 85 170 0.013607
211 3 85 170 0.0118127
212 3 85 170 0.0107153
213 3 85 170 0.0128846
214 3 85 170 0.0185154
215 3 85 170 0.0240479
216 3 85 170 0.0245105
217 3 85 170 0.0194729
218 3 85 170 0.012354
205 4 85 170 0.0123252
206 4 85 170 0.0177481
207 4 85 170 0.0218523
208 4 85 170 0.0220558
209 4 85 170 0.0218036
210 4 85 170 0.0191647
211 4 85 170 0.0147485
212 4 85 170 0.0133859
213 4 85 170 0.0142837
214 4 85 170 0.0209106
215 4 85 170 0.029247
216 4 85 170 0.0292848
217 4 85 170 0.0261894
218 4 85 170 0.0189621
205 5 85 170 0.0152808
206 5 85 170 0.0219947
207 5 85 170 0.0275052
208 5 85 170 0.0316679
209 5 85 170 0.0310198
210 5 85 170 0.0271914
211 5 85 170 0.0225648
212 5 85 170 0.0184526
213 5 85 170 0.0192713
214 5 85 170 0.0273698
215 5 85 170 0.0367809
216 5 85 170 0.0377388
217 5 85 170 0.032643
218 5 85 170 0.0232515
219 5 85 170 0.0131934
204 6 85 170 0.0102302
205 6 85 170 0.0196176
206 6 85 170 0.0279837
207 6 85 170 0.0353262
208 6 85 170 0.0443253
209 6 85 170 0.0445036
210 6 85 170 0.0379009
211 6 85 170 0.0298608
212 6 85 170 0.0230878
213 6 85 170 0.0245136
214 6 85 170 0.0356858
215 6 85 170 0.0482912
216 6 85 170 0.0501866
217 6 85 170 0.0415218
218 6 85 170 0.02793
219 6 85 170 0.0161791
220 6 85 170 0.0101006
204 7 85 170 0.0112266
205 7 85 170 0.02241
206 7 85 170 0.032484
207 7 85 170 0.041408
208 7 85 170 0.0532425
209 7 85 170 0.0531784
210 7 85 170 0.0445245
211 7 85 170 0.0346195
212 7 85 170 0.026182
213 7 85 170 0.0280693
214 7 85 170 0.0407338
215 7 85 170 0.0557429
216 7 85 170 0.0611503
217 7 85 170 0.0507929
218 7 85 170 0.0331885
219 7 85 170 0.0194317
220 7 85 170 0.0128576
205 8 85 170 0.0211119
206 8 85 170 0.0318855
207 8 85 170 0.0415411
208 8 85 170 0.0547525
209 8 85 170 0.0536606
210 8 85 170 0.0453641
211 8 85 170 0.0375949
212 8 85 170 0.0284271
213 8 85 170 0.0296649
214 8 85 170 0.0396554
215 8 85 170 0.0529878
216 8 85 170 0.063936
217 8 85 170 0.0559013
218 8 85 170 0.0375295
219 8 85 170 0.0230244
220 8 85 170 0.0150419
205 9 85 170 0.0175096
206 9 85 170 0.0275753
207 9 85 170 0.0390134
208 9 85 170 0.053505
209 9 85 170 0.0564168
210 9 85 170 0.048455
211 9 85 170 0.0374871
212 9 85 170 0.0292816
213 9 85 170 0.0282735
214 9 85 170 0.034445
215 9 85 170 0.0456812
216 9 85 170 0.0566589
217 9 85 170 0.0547363
218 9 85 170 0.040445
219 9 85 170 0.0243689
220 9 85 170 0.0156827
221 9 85 170 0.0100129
205 10 85 170 0.0128188
206 10 85 170 0.0208697
207 10 85 170 0.0306243
208 10 85 170 0.0432195
209 10 85 170 0.046781
210 10 85 170 0.0417927
211 10 85 170 0.0333547
212 10 85 170 0.025395
213 10 85 170 0.025073
214 10 85 170 0.0298253
215 10 85 170 0.0368852
216 10 85 170 0.045633
217 10 85 170 0.0466414
218 10 85 170 0.0371737
219 10 85 170 0.023651
220 10 85 170 0.0147528
206 11 85 170 0.0147017
207 11 85 170 0.0210395
208 11 85 170 0.0304649
209 11 85 170 0.0323586
210 11 85 170 0.030683
211 11 85 170 0.0273255
212 11 85 170 0.0193161
213 11 85 170 0.0203045
214 11 85 170 0.0251597
215 11 85 170 0.0293267
216 11 85 170 0.0360409
217 11 85 170 0.0354614
218 11 85 170 0.028696
219 11 85 170 0.0206635
220 11 85 170 0.0130337
206 12 85 170 0.0107372
207 12 85 170 0.0156272
208 12 85 170 0.0234333
209 12 85 170 0.0257605
210 12 85 170 0.0248882
211 12 85 170 0.0220658
212 12 85 170 0.0153686
213 12 85 170 0.0150297
214 12 85 170 0.0191884
215 12 85 170 0.024025
216 12 85 170 0.0286816
217 12 85 170 0.0258536
218 12 85 170 0.0199244
219 12 85 170 0.0155249
220 12 85 170 0.0109514
207 13 85 170 0.0116862
208 13 85 170 0.0180597
209 13 85 170 0.0198019
210 13 85 170 0.0195885
211 13 85 170 0.0185299
212 13 85 170 0.0138123
213 13 85 170 0.0126698
214 13 85 170 0.0155603
215 13 85 170 0.0195876
216 13 85 170 0.0221122
217 13 85 170 0.0193407
218 13 85 170 0.0141918
219 13 85 170 0.0105081
207 14 85 170 0.0114554
208 14 85 170 0.0188478
209 14 85 170 0.0212849
210 14 85 170 0.020813
211 14 85 170 0.0194537
212 14 85 170 0.0154463
213 14 85 170 0.0137817
214 14 85 170 0.0153993
215 14 85 170 0.018262
216 14 85 170 0.019717
217 14 85 170 0.0172257
218 14 85 170 0.0126218
207 15 85 170 0.011688
208 15 85 170 0.0194914
209 15 85 170 0.0227709
210 15 85 170 0.0223069
211 15 85 170 0.0203288
212 15 85 170 0.0165577
213 15 85 170 0.0141728
214 15 85 170 0.0148729
215 15 85 170 0.0170686
216 15 85 170 0.0173768
217 15 85 170 0.0149825
218 15 85 170 0.0112831
208 16 85 170 0.0157288
209 16 85 170 0.0182807
210 16 85 170 0.0185704
211 16 85 170 0.0178615
212 16 85 170 0.0148061
213 16 85 170 0.0120261
214 16 85 170 0.012248
215 16 85 170 0.0138074
216 16 85 170 0.0125692
217 16 85 170 0.010532
207 17 85 170 0.0100158
208 17 85 170 0.0171559
209 17 85 170 0.0195608
210 17 85 170 0.0188371
211 17 85 170 0.0174774
212 17 85 170 0.0143216
213 17 85 170 0.0119761
214 17 85 170 0.0118899
215 17 85 170 0.0128234
216 17 85 170 0.0122345
208 18 85 170 0.0162059
209 18 85 170 0.0180172
210 18 85 170 0.0175148
211 18 85 170 0.0171489
212 18 85 170 0.0149876
213 18 85 170 0.0117566
214 18 85 170 0.0107324
215 18 85 170 0.01191
216 18 85 170 0.0115967
207 19 85 170 0.0110069
208 19 85 170 0.0161605
209 19 85 170 0.0181783
210 19 85 170 0.0183615
211 19 85 170 0.0182408
212 19 85 170 0.016846
213 19 85 170 0.0134675
214 19 85 170 0.0122226
215 19 85 170 0.0134365
216 19 85 170 0.0124697
217 19 85 170 0.0104333
207 20 85 170 0.0133826
208 20 85 170 0.0195233
209 20 85 170 0.0229041
210 20 85 170 0.0225195
211 20 85 170 0.0200837
212 20 85 170 0.0183816
213 20 85 170 0.016872
214 20 85 170 0.0165876
215 20 85 170 0.0170465
216 20 85 170 0.0156694
217 20 85 170 0.0125259
207 21 85 170 0.0109039
208 21 85 170 0.0149964
209 21 85 170 0.017305
210 21 85 170 0.0171016
211 21 85 170 0.0158808
212 21 85 170 0.0158078
213 21 85 170 0.0141169
214 21 85 170 0.0134494
215 21 85 170 0.0142484
216 21 85 170 0.0128392
217 21 85 170 0.0108526
207 22 85 170 0.0108454
208 22 85 170 0.0140724
209 22 85 170 0.0144744
210 22 85 170 0.0138559
211 22 85 170 0.0137957
212 22 85 170 0.0135337
213 22 85 170 0.0120081
214 22 85 170 0.0114565
215 22 85 170 0.0122299
216 22 85 170 0.0116718
217 22 85 170 0.010055
207 23 85 170 0.012261
208 23 85 170 0.0149343
209 23 85 170 0.0146909
210 23 85 170 0.0141584
211 23 85 170 0.0142441
212 23 85 170 0.013163
213 23 85 170 0.0123114
214 23 85 170 0.0121456
215 23 85 170 0.0124064
216 23 85 170 0.0124347
217 23 85 170 0.0106446
207 24 85 170 0.0113091
208 24 85 170 0.0122531
209 24 85 170 0.0128648
210 24 85 170 0.0137074
211 24 85 170 0.0141754
212 24 85 170 0.0140301
213 24 85 170 0.0133551
214 24 85 170 0.0136882
215 24 85 170 0.0145428
216 24 85 170 0.0135871
217 24 85 170 0.011907
207 25 85 170 0.0116169
208 25 85 170 0.0141365
209 25 85 170 0.0156429
210 25 85 170 0.0163978
211 25 85 170 0.0165794
212 25 85 170 0.0166096
213 25 85 170 0.0169341
214 25 85 170 0.0199611
215 25 85 170 0.0231157
216 25 85 170 0.0206723
217 25 85 170 0.0169503
218 25 85 170 0.0127804
208 26 85 170 0.0113486
209 26 85 170 0.0130548
210 26 85 170 0.0139386
211 26 85 170 0.0148616
212 26 85 170 0.0168095
213 26 85 170 0.0176947
214 26 85 170 0.0203723
215 26 85 170 0.023777
216 26 85 170 0.0223971
217 26 85 170 0.0192965
218 26 85 170 0.014644
211 27 85 170 0.0104592
212 27 85 170 0.0142718
213 27 85 170 0.0156341
214 27 85 170 0.0176387
215 27 85 170 0.0212864
216 27 85 170 0.0220046
217 27 85 170 0.0196304
218 27 85 170 0.0143061
212 28 85 170 0.0110587
213 28 85 170 0.0137544
214 28 85 170 0.0183822
215 28 85 170 0.0241721
216 28 85 170 0.0255902
217 28 85 170 0.0210762
218 28 85 170 0.0140022
213 29 85 170 0.0115339
214 29 85 170 0.0166075
215 29 85 170 0.0215672
216 29 85 170 0.0239108
217 29 85 170 0.0203738
218 29 85 170 0.013784
213 30 85 170 0.0101983
214 30 85 170 0.0149829
215 30 85 170 0.0194821
216 30 85 170 0.0223358
217 30 85 170 0.0207189
218 30 85 170 0.0150613
214 31 85 170 0.0139669
215 31 85 170 0.0187736
216 31 85 170 0.0215228
217 31 85 170 0.0200914
218 31 85 170 0.0153201
214 32 85 170 0.0119633
215 32 85 170 0.0158923
216 32 85 170 0.0179567
217 32 85 170 0.0158651
218 32 85 170 0.012733
214 33 85 170 0.0100242
215 33 85 170 0.0127876
216 33 85 170 0.0131258
217 33 85 170 0.0125756
218 33 85 170 0.011186
215 34 85 170 0.0108961
216 34 85 170 0.0105725
217 34 85 170 0.0109749
218 34 85 170 0.0104817
217 35 85 170 0.0107422
218 35 85 170 0.010431
217 36 85 170 0.0102084
218 36 85 170 0.0100779
0 59 85 170 0.0113539
0 60 85 170 0.0167913
1 60 85 170 0.0143877
2 60 85 170 0.0107704
0 61 85 170 0.0121935
1 61 85 170 0.0109695
0 63 85 170 0.0105067
0 0 64 128 0.460287
1 0 64 128 0.353512
2 0 64 128 0.127932
3 0 64 128 0.0779059
4 0 64 128 0.0317138
5 0 64 128 0.0235314
0 1 64 128 0.190472
1 1 64 128 0.15069
2 1 64 128 0.0465431
3 1 64 128 0.0316592
4 1 64 128 0.0111316
0 2 64 128 0.219463
1 2 64 128 0.181525
2 2 64 128 0.0694566
3 2 64 128 0.0330109
4 2 64 128 0.0161522
0 3 64 128 0.134218
1 3 64 128 0.109388
2 3 64 128 0.045369
3 3 64 128 0.0247819
4 3 64 128 0.0111112
122 3 64 128 0.0104859
123 3 64 128 0.0104708
124 3 64 128 0.01044
0 4 64 128 0.103067
1 4 64 128 0.097023
2 4 64 128 0.0352494
3 4 64 128 0.0186501
122 4 64 128 0.0104935
123 4 64 128 0.0103351
124 4 64 128 0.0107772
0 5 64 128 0.032313
1 5 64 128 0.0291288
2 5 64 128 0.012105
124 5 64 128 0.0101191
0 6 64 128 0.0264296
1 6 64 128 0.0261948
2 6 64 128 0.0129226
0 7 64 128 0.0102913
1 7 64 128 0.0111597
0 8 64 128 0.0100254
1 8 64 128 0.0122649
0 10 64 128 0.010449
1 10 64 128 0.0191883
2 10 64 128 0.0212111
3 10 64 128 0.0193485
0 11 64 128 0.0114715
1 11 64 128 0.0221136
2 11 64 128 0.0266485
3 11 64 128 0.0234329
149 11 64 128 0.0100753
150 11 64 128 0.0103624
0 12 64 128 0.0366032
1 12 64 128 0.0601274
2 12 64 128 0.0654073
3 12 64 128 0.0493951
4 12 64 128 0.013984
147 12 64 128 0.0105357
148 12 64 128 0.0119419
149 12 64 128 0.0118061
150 12 64 128 0.0121197
151 12 64 128 0.0106008
152 12 64 128 0.0104241
0 13 64 128 0.0448497
1 13 64 128 0.0720034
2 13 64 128 0.0702763
3 13 64 128 0.0547865
4 13 64 128 0.0127993
146 13 64 128 0.0102971
147 13 64 128 0.0110727
148 13 64 128 0.0121485
149 13 64 128 0.0124147
150 13 64 128 0.0113546
0 14 64 128 0.120704
1 14 64 128 0.180421
2 14 64 128 0.156527
3 14 64 128 0.121015
4 14 64 128 0.0294818
146 14 64 128 0.0103426
147 14 64 128 0.010799
148 14 64 128 0.0122668
149 14 64 128 0.01214
150 14 64 128 0.0113518
151 14 64 128 0.0100084
152 14 64 128 0.0100949
0 15 64 128 0.138897
1 15 64 128 0.184204
2 15 64 128 0.160743
3 15 64 128 0.11937
4 15 64 128 0.0358839
148 15 64 128 0.0101119
0 16 64 128 0.18442
1 16 64 128 0.246027
2 16 64 128 0.183907
3 16 64 128 0.149154
4 16 64 128 0.0315022
5 16 64 128 0.0112415
0 17 64 128 0.171449
1 17 64 128 0.213616
2 17 64 128 0.131922
3 17 64 128 0.0971867
4 17 64 128 0.0235577
226 17 64 128 0.0117883
227 17 64 128 0.0105307
228 17 64 128 0.0101595
233 17 64 128 0.0103313
234 17 64 128 0.0111901
0 18 64 128 0.208996
1 18 64 128 0.209464
2 18 64 128 0.112613
3 18 64 128 0.0791873
4 18 64 128 0.0171195
223 18 64 128 0.0116856
224 18 64 128 0.0165197
225 18 64 128 0.0207115
226 18 64 128 0.0265122
227 18 64 128 0.0243848
228 18 64 128 0.0198771
229 18 64 128 0.0149529
230 18 64 128 0.0122644
231 18 64 128 0.012763
232 18 64 128 0.0128939
233 18 64 128 0.0137439
234 18 64 128 0.0110215
0 19 64 128 0.138867
1 19 64 128 0.110159
2 19 64 128 0.0593471
3 19 64 128 0.0381005
222 19 64 128 0.0137666
223 19 64 128 0.0227115
224 19 64 128 0.0330416
225 19 64 128 0.0440273
226 19 64 128 0.0600281
227 19 64 128 0.0529031
228 19 64 128 0.0441202
229 19 64 128 0.0278593
230 19 64 128 0.0245898
231 19 64 128 0.0178421
232 19 64 128 0.0178726
233 19 64 128 0.0149672
234 19 64 128 0.0118025
0 20 64 128 0.104458
1 20 64 128 0.0949444
2 20 64 128 0.0411001
3 20 64 128 0.0262717
221 20 64 128 0.011661
222 20 64 128 0.021919
223 20 64 128 0.040581
224 20 64 128 0.0597472
225 20 64 128 0.0924677
226 20 64 128 0.110187
227 20 64 128 0.104725
228 20 64 128 0.0787514
229 20 64 128 0.0613957
230 20 64 128 0.0451483
231 20 64 128 0.0368065
232 20 64 128 0.0281732
233 20 64 128 0.0221462
234 20 64 128 0.0129842
255 20 64 128 0.0105683
0 21 64 128 0.0750103
1 21 64 128 0.0628512
2 21 64 128 0.027252
3 21 64 128 0.0150554
221 21 64 128 0.012324
222 21 64 128 0.0243274
223 21 64 128 0.0476393
224 21 64 128 0.0923327
225 21 64 128 0.160287
226 21 64 128 0.20649
227 21 64 128 0.174663
228 21 64 128 0.145711
229 21 64 128 0.114261
230 21 64 128 0.0932448
231 21 64 128 0.0701513
232 21 64 128 0.0622098
233 21 64 128 0.0417004
234 21 64 128 0.0246409
252 21 64 128 0.0117689
253 21 64 128 0.0120229
254 21 64 128 0.0122377
255 21 64 128 0.0176636
0 22 64 128 0.0557084
1 22 64 128 0.0463753
2 22 64 128 0.018644
3 22 64 128 0.0102232
221 22 64 128 0.0124486
222 22 64 128 0.0260145
223 22 64 128 0.0557726
224 22 64 128 0.111815
225 22 64 128 0.208418
226 22 64 128 0.28466
227 22 64 128 0.281547
228 22 64 128 0.227114
229 22 64 128 0.172231
230 22 64 128 0.128594
231 22 64 128 0.111298
232 22 64 128 0.0943391
233 22 64 128 0.0708841
234 22 64 128 0.0351292
235 22 64 128 0.0142776
251 22 64 128 0.0133922
252 22 64 128 0.0191259
253 22 64 128 0.0226518
254 22 64 128 0.0220237
255 22 64 128 0.0279176
0 23 64 128 0.0302421
1 23 64 128 0.0246944
222 23 64 128 0.0203712
223 23 64 128 0.0419355
224 23 64 128 0.102997
225 23 64 128 0.21915
226 23 64 128 0.341811
227 23 64 128 0.35788
228 23 64 128 0.304772
229 23 64 128 0.245306
230 23 64 128 0.189789
231 23 64 128 0.143755
232 23 64 128 0.121046
233 23 64 128 0.0840545
234 23 64 128 0.0471205
235 23 64 128 0.0177201
251 23 64 128 0.0158042
252 23 64 128 0.018176
253 23 64 128 0.0294352
254 23 64 128 0.0337148
255 23 64 128 0.0425264
0 24 64 128 0.010651
221 24 64 128 0.0106681
222 24 64 128 0.0221063
223 24 64 128 0.0438886
224 24 64 128 0.10507
225 24 64 128 0.249644
226 24 64 128 0.396169
227 24 64 128 0.445701
228 24 64 128 0.417898
229 24 64 128 0.348793
230 24 64 128 0.258377
231 24 64 128 0.211786
232 24 64 128 0.161395
233 24 64 128 0.115531
234 24 64 128 0.0555603
235 24 64 128 0.0228325
251 24 64 128 0.0169714
252 24 64 128 0.0245011
253 24 64 128 0.0363905
254 24 64 128 0.0401474
255 24 64 128 0.0603537
222 25 64 128 0.0211078
223 25 64 128 0.0414389
224 25 64 128 0.101107
225 25 64 128 0.266499
226 25 64 128 0.451503
227 25 64 128 0.50636
228 25 64 128 0.50093
229 25 64 128 0.450286
230 25 64 128 0.3577
231 25 64 128 0.301092
232 25 64 128 0.256128
233 25 64 128 0.169636
234 25 64 128 0.0764299
235 25 64 128 0.0254636
251 25 64 128 0.0161194
252 25 64 128 0.0256392
253 25 64 128 0.0388689
254 25 64 128 0.0466486
255 25 64 128 0.0636821
146 26 64 128 0.0101858
221 26 64 128 0.011977
222 26 64 128 0.0225592
223 26 64 128 0.0462676
224 26 64 128 0.112213
225 26 64 128 0.277223
226 26 64 128 0.478567
227 26 64 128 0.582734
228 26 64 128 0.559447
229 26 64 128 0.499797
230 26 64 128 0.419
231 26 64 128 0.351285
232 26 64 128 0.282944
233 26 64 128 0.176904
234 26 64 128 0.0725319
235 26 64 128 0.0218008
250 26 64 128 0.0124592
251 26 64 128 0.0190842
252 26 64 128 0.0322473
253 26 64 128 0.0489166
254 26 64 128 0.0663216
255 26 64 128 0.0831708
145 27 64 128 0.0106006
146 27 64 128 0.0108054
147 27 64 128 0.0101403
221 27 64 128 0.0149455
222 27 64 128 0.0250295
223 27 64 128 0.0453721
224 27 64 128 0.110355
225 27 64 128 0.281364
226 27 64 128 0.508886
227 27 64 128 0.623948
228 27 64 128 0.604955
229 27 64 128 0.575693
230 27 64 128 0.511778
231 27 64 128 0.43653
232 27 64 128 0.32423
233 27 64 128 0.179702
234 27 64 128 0.0701113
235 27 64 128 0.0191972
250 27 64 128 0.010802
251 27 64 128 0.0185318
252 27 64 128 0.0313313
253 27 64 128 0.0541153
254 27 64 128 0.0894896
255 27 64 128 0.106887
144 28 64 128 0.0104883
145 28 64 128 0.012316
146 28 64 128 0.0123674
147 28 64 128 0.0112621
148 28 64 128 0.0100928
186 28 64 128 0.0108583
187 28 64 128 0.0105969
220 28 64 128 0.0148636
221 28 64 128 0.0213704
222 28 64 128 0.0373994
223 28 64 128 0.0600655
224 28 64 128 0.136393
225 28 64 128 0.319796
226 28 64 128 0.544481
227 28 64 128 0.663139
228 28 64 128 0.685726
229 28 64 128 0.660812
230 28 64 128 0.591975
231 28 64 128 0.490053
232 28 64 128 0.388774
233 28 64 128 0.208878
234 28 64 128 0.0738001
235 28 64 128 0.0193637
250 28 64 128 0.0111921
251 28 64 128 0.0217586
252 28 64 128 0.0327942
253 28 64 128 0.045936
254 28 64 128 0.0813671
255 28 64 128 0.107995
36 29 64 128 0.0103906
37 29 64 128 0.0104126
144 29 64 128 0.0108438
145 29 64 128 0.0124238
146 29 64 128 0.012511
147 29 64 128 0.0118374
148 29 64 128 0.0101114
185 29 64 128 0.0140634
186 29 64 128 0.0137081
187 29 64 128 0.012539
219 29 64 128 0.0120567
220 29 64 128 0.0193878
221 29 64 128 0.0267938
222 29 64 128 0.0397935
223 29 64 128 0.0647408
224 29 64 128 0.138902
225 29 64 128 0.319217
226 29 64 128 0.534092
227 29 64 128 0.663698
228 29 64 128 0.710309
229 29 64 128 0.715043
230 29 64 128 0.656554
231 29 64 128 0.595042
232 29 64 128 0.486797
233 29 64 128 0.305219
234 29 64 128 0.0969956
235 29 64 128 0.0259262
250 29 64 128 0.0108306
251 29 64 128 0.0194574
252 29 64 128 0.0314546
253 29 64 128 0.042165
254 29 64 128 0.0775402
255 29 64 128 0.088971
25 30 64 128 0.0114356
26 30 64 128 0.0123445
27 30 64 128 0.0116636
29 30 64 128 0.0101116
33 30 64 128 0.0125849
34 30 64 128 0.0116151
35 30 64 128 0.0145669
36 30 64 128 0.0115975
37 30 64 128 0.0128551
38 30 64 128 0.0105917
144 30 64 128 0.0109536
145 30 64 128 0.0127059
146 30 64 128 0.013297
147 30 64 128 0.0131854
148 30 64 128 0.0119209
183 30 64 128 0.0111882
184 30 64 128 0.0149666
185 30 64 128 0.0211915
186 30 64 128 0.0209655
187 30 64 128 0.0167145
218 30 64 128 0.0148355
219 30 64 128 0.0185462
220 30 64 128 0.0272254
221 30 64 128 0.0326929
222 30 64 128 0.0465618
223 30 64 128 0.0672016
224 30 64 128 0.140512
225 30 64 128 0.318015
226 30 64 128 0.49131
227 30 64 128 0.623721
228 30 64 128 0.670512
229 30 64 128 0.686038
230 30 64 128 0.647272
231 30 64 128 0.591161
232 30 64 128 0.48729
233 30 64 128 0.289341
234 30 64 128 0.108486
235 30 64 128 0.0304741
236 30 64 128 0.0103596
250 30 64 128 0.0118325
251 30 64 128 0.0177599
252 30 64 128 0.0270127
253 30 64 128 0.0357026
254 30 64 128 0.0579844
255 30 64 128 0.0666415
26 31 64 128 0.0114833
27 31 64 128 0.0102987
28 31 64 128 0.0104723
33 31 64 128 0.0124909
34 31 64 128 0.0122394
35 31 64 128 0.0125789
36 31 64 128 0.0112089
37 31 64 128 0.0122881
38 31 64 128 0.0104755
144 31 64 128 0.0107027
145 31 64 128 0.0127258
146 31 64 128 0.014245
147 31 64 128 0.0139705
148 31 64 128 0.0129204
149 31 64 128 0.0104087
183 31 64 128 0.0174207
184 31 64 128 0.0203292
185 31 64 128 0.0302582
186 31 64 128 0.0304494
187 31 64 128 0.0238323
188 31 64 128 0.0123852
217 31 64 128 0.0146432
218 31 64 128 0.0244385
219 31 64 128 0.0307665
220 31 64 128 0.0391959
221 31 64 128 0.04242
222 31 64 128 0.053615
223 31 64 128 0.0720364
224 31 64 128 0.132857
225 31 64 128 0.293783
226 31 64 128 0.472054
227 31 64 128 0.586667
228 31 64 128 0.636226
229 31 64 128 0.6311
230 31 64 128 0.607027
231 31 64 128 0.567711
232 31 64 128 0.46359
233 31 64 128 0.292728
234 31 64 128 0.118502
235 31 64 128 0.0349759
236 31 64 128 0.0120254
250 31 64 128 0.0108044
251 31 64 128 0.0156819
252 31 64 128 0.0249958
253 31 64 128 0.0310221
254 31 64 128 0.0510033
255 31 64 128 0.0520532
25 32 64 128 0.0114826
26 32 64 128 0.0133586
27 32 64 128 0.0126475
28 32 64 128 0.0106822
29 32 64 128 0.0108511
31 32 64 128 0.0100499
33 32 64 128 0.0106509
35 32 64 128 0.0104471
145 32 64 128 0.0118168
146 32 64 128 0.0134504
147 32 64 128 0.014354
148 32 64 128 0.0132009
149 32 64 128 0.0107496
182 32 64 128 0.0144521
183 32 64 128 0.024081
184 32 64 128 0.0290761
185 32 64 128 0.0432141
186 32 64 128 0.0464497
187 32 64 128 0.0364627
188 32 64 128 0.0167892
199 32 64 128 0.0135398
201 32 64 128 0.0108496
216 32 64 128 0.016535
217 32 64 128 0.0291019
218 32 64 128 0.0473636
219 32 64 128 0.058403
220 32 64 128 0.0721248
221 32 64 128 0.0801665
222 32 64 128 0.0970627
223 32 64 128 0.118953
224 32 64 128 0.205976
225 32 64 128 0.380549
226 32 64 128 0.544888
227 32 64 128 0.650426
228 32 64 128 0.695169
229 32 64 128 0.686927
230 32 64 128 0.681887
231 32 64 128 0.637486
232 32 64 128 0.567834
233 32 64 128 0.360013
234 32 64 128 0.17539
235 32 64 128 0.056735
236 32 64 128 0.0213418
251 32 64 128 0.0144163
252 32 64 128 0.018874
253 32 64 128 0.0246714
254 32 64 128 0.031819
255 32 64 128 0.0372757
26 33 64 128 0.0100972
146 33 64 128 0.0116947
147 33 64 128 0.0122054
148 33 64 128 0.0122995
149 33 64 128 0.0105497
181 33 64 128 0.0122642
182 33 64 128 0.0168611
183 33 64 128 0.0310477
184 33 64 128 0.0351233
185 33 64 128 0.0573794
186 33 64 128 0.0585683
187 33 64 128 0.0484948
188 33 64 128 0.0235461
189 33 64 128 0.0137556
191 33 64 128 0.0100344
197 33 64 128 0.0102622
198 33 64 128 0.012383
199 33 64 128 0.0179244
200 33 64 128 0.0139806
201 33 64 128 0.0149568
202 33 64 128 0.0114674
213 33 64 128 0.013779
214 33 64 128 0.0183348
215 33 64 128 0.0228923
216 33 64 128 0.0380936
217 33 64 128 0.0718857
218 33 64 128 0.11826
219 33 64 128 0.120268
220 33 64 128 0.159587
221 33 64 128 0.170885
222 33 64 128 0.197651
223 33 64 128 0.216452
224 33 64 128 0.324856
225 33 64 128 0.52747
226 33 64 128 0.671787
227 33 64 128 0.727888
228 33 64 128 0.735374
229 33 64 128 0.711621
230 33 64 128 0.71259
231 33 64 128 0.688821
232 33 64 128 0.606246
233 33 64 128 0.401002
234 33 64 128 0.207041
235 33 64 128 0.072746
236 33 64 128 0.0333072
237 33 64 128 0.014279
251 33 64 128 0.0145875
252 33 64 128 0.0199629
253 33 64 128 0.0260088
254 33 64 128 0.0362696
255 33 64 128 0.032347
25 34 64 128 0.0122361
26 34 64 128 0.011572
27 34 64 128 0.0107801
181 34 64 128 0.0133466
182 34 64 128 0.0196809
183 34 64 128 0.0344379
184 34 64 128 0.0435816
185 34 64 128 0.0661394
186 34 64 128 0.0724466
187 34 64 128 0.0596069
188 34 64 128 0.0297171
189 34 64 128 0.016484
190 34 64 128 0.0108235
191 34 64 128 0.0123879
192 34 64 128 0.0111987
193 34 64 128 0.0134245
194 34 64 128 0.010026
195 34 64 128 0.0102527
197 34 64 128 0.0130633
198 34 64 128 0.0153608
199 34 64 128 0.0201422
200 34 64 128 0.0174237
201 34 64 128 0.0172104
202 34 64 128 0.0143272
203 34 64 128 0.0105733
212 34 64 128 0.012911
213 34 64 128 0.0200506
214 34 64 128 0.033693
215 34 64 128 0.0430056
216 34 64 128 0.0850271
217 34 64 128 0.139669
218 34 64 128 0.230929
219 34 64 128 0.259028
220 34 64 128 0.308191
221 34 64 128 0.346348
222 34 64 128 0.38076
223 34 64 128 0.397763
224 34 64 128 0.51624
225 34 64 128 0.674349
226 34 64 128 0.747321
227 34 64 128 0.787671
228 34 64 128 0.783608
229 34 64 128 0.756823
230 34 64 128 0.745582
231 34 64 128 0.704916
232 34 64 128 0.646513
233 34 64 128 0.446317
234 34 64 128 0.228159
235 34 64 128 0.10329
236 34 64 128 0.0507217
237 34 64 128 0.0199401
238 34 64 128 0.0122804
250 34 64 128 0.0108356
251 34 64 128 0.0176096
252 34 64 128 0.0227125
253 34 64 128 0.0312219
254 34 64 128 0.0393067
255 34 64 128 0.0375776
25 35 64 128 0.0106111
26 35 64 128 0.0121403
181 35 64 128 0.0125855
182 35 64 128 0.0181251
183 35 64 128 0.0350268
184 35 64 128 0.0395236
185 35 64 128 0.0665752
186 35 64 128 0.0676432
187 35 64 128 0.0627292
188 35 64 128 0.0291324
189 35 64 128 0.0173984
190 35 64 128 0.0105455
191 35 64 128 0.0126024
192 35 64 128 0.0117902
193 35 64 128 0.0140309
194 35 64 128 0.0108215
195 35 64 128 0.0125027
196 35 64 128 0.0115079
197 35 64 128 0.015444
198 35 64 128 0.0157979
199 35 64 128 0.0218246
200 35 64 128 0.0183396
201 35 64 128 0.0210667
202 35 64 128 0.0170169
203 35 64 128 0.01543
204 35 64 128 0.0102615
211 35 64 128 0.0131888
212 35 64 128 0.0207706
213 35 64 128 0.0375182
214 35 64 128 0.056855
215 35 64 128 0.0799658
216 35 64 128 0.144659
217 35 64 128 0.272856
218 35 64 128 0.410727
219 35 64 128 0.480128
220 35 64 128 0.532686
221 35 64 128 0.492213
222 35 64 128 0.502612
223 35 64 128 0.543159
224 35 64 128 0.655619
225 35 64 128 0.764121
226 35 64 128 0.813528
227 35 64 128 0.831032
228 35 64 128 0.809856
229 35 64 128 0.776817
230 35 64 128 0.733628
231 35 64 128 0.696927
232 35 64 128 0.61806
233 35 64 128 0.445288
234 35 64 128 0.249195
235 35 64 128 0.0993987
236 35 64 128 0.0514942
237 35 64 128 0.0228796
238 35 64 128 0.0141435
250 35 64 128 0.0155533
251 35 64 128 0.0250222
252 35 64 128 0.0409313
253 35 64 128 0.0546377
254 35 64 128 0.0661743
255 35 64 128 0.0537138
24 36 64 128 0.0124283
25 36 64 128 0.0196237
26 36 64 128 0.019062
27 36 64 128 0.0142925
28 36 64 128 0.0102963
181 36 64 128 0.0121594
182 36 64 128 0.0205349
183 36 64 128 0.0320351
184 36 64 128 0.044587
185 36 64 128 0.0723462
186 36 64 128 0.0839746
187 36 64 128 0.0588162
188 36 64 128 0.0291003
189 36 64 128 0.0176492
190 36 64 128 0.0113023
191 36 64 128 0.0119792
192 36 64 128 0.0124409
193 36 64 128 0.0135907
194 36 64 128 0.0113343
195 36 64 128 0.0128496
196 36 64 128 0.0119115
197 36 64 128 0.015806
198 36 64 128 0.0164197
199 36 64 128 0.0239035
200 36 64 128 0.0212241
201 36 64 128 0.0252973
202 36 64 128 0.020286
203 36 64 128 0.0186952
204 36 64 128 0.0120996
205 36 64 128 0.0113712
210 36 64 128 0.011286
211 36 64 128 0.0159666
212 36 64 128 0.0271378
213 36 64 128 0.0493277
214 36 64 128 0.0834055
215 36 64 128 0.127015
216 36 64 128 0.230126
217 36 64 128 0.414914
218 36 64 128 0.575474
219 36 64 128 0.634688
220 36 64 128 0.705316
221 36 64 128 0.664913
222 36 64 128 0.660309
223 36 64 128 0.681394
224 36 64 128 0.757138
225 36 64 128 0.835092
226 36 64 128 0.866319
227 36 64 128 0.87216
228 36 64 128 0.864483
229 36 64 128 0.828948
230 36 64 128 0.817601
231 36 64 128 0.772224
232 36 64 128 0.678491
233 36 64 128 0.498544
234 36 64 128 0.329716
235 36 64 128 0.146666
236 36 64 128 0.0730791
237 36 64 128 0.033165
238 36 64 128 0.0173058
239 36 64 128 0.0100188
250 36 64 128 0.019108
251 36 64 128 0.0353692
252 36 64 128 0.0609237
253 36 64 128 0.104185
254 36 64 128 0.121722
255 36 64 128 0.118952
22 37 64 128 0.0106933
23 37 64 128 0.0111691
24 37 64 128 0.0168272
25 37 64 128 0.0229957
26 37 64 128 0.0248885
27 37 64 128 0.0192549
28 37 64 128 0.0126853
181 37 64 128 0.0124986
182 37 64 128 0.0179392
183 37 64 128 0.0325232
184 37 64 128 0.0501292
185 37 64 128 0.085071
186 37 64 128 0.0872478
187 37 64 128 0.0714836
188 37 64 128 0.0320399
189 37 64 128 0.0206341
190 37 64 128 0.0123098
191 37 64 128 0.0166396
192 37 64 128 0.0142101
193 37 64 128 0.0155347
194 37 64 128 0.0118261
195 37 64 128 0.0146669
196 37 64 128 0.0125684
197 37 64 128 0.0162871
198 37 64 128 0.0166412
199 37 64 128 0.0274494
200 37 64 128 0.0240348
201 37 64 128 0.0298984
202 37 64 128 0.0255738
203 37 64 128 0.0245472
204 37 64 128 0.0167868
205 37 64 128 0.0149532
206 37 64 128 0.0119064
207 37 64 128 0.0106186
209 37 64 128 0.0110182
210 37 64 128 0.0137415
211 37 64 128 0.0195684
212 37 64 128 0.032796
213 37 64 128 0.0667854
214 37 64 128 0.107092
215 37 64 128 0.17128
216 37 64 128 0.300898
217 37 64 128 0.514719
218 37 64 128 0.689352
219 37 64 128 0.744055
220 37 64 128 0.801514
221 37 64 128 0.780811
222 37 64 128 0.782275
223 37 64 128 0.790556
224 37 64 128 0.857574
225 37 64 128 0.907136
226 37 64 128 0.925966
227 37 64 128 0.919403
228 37 64 128 0.912147
229 37 64 128 0.878812
230 37 64 128 0.855929
231 37 64 128 0.818031
232 37 64 128 0.747524
233 37 64 128 0.560761
234 37 64 128 0.403025
235 37 64 128 0.20707
236 37 64 128 0.102572
237 37 64 128 0.0411662
238 37 64 128 0.0237282
239 37 64 128 0.0132922
249 37 64 128 0.0145602
250 37 64 128 0.0305156
251 37 64 128 0.0508431
252 37 64 128 0.0833269
253 37 64 128 0.142807
254 37 64 128 0.210491
255 37 64 128 0.192409
22 38 64 128 0.0121055
23 38 64 128 0.0156651
24 38 64 128 0.0221299
25 38 64 128 0.0343581
26 38 64 128 0.0319397
27 38 64 128 0.024428
28 38 64 128 0.0138115
29 38 64 128 0.012038
181 38 64 128 0.0136608
182 38 64 128 0.0193916
183 38 64 128 0.0372567
184 38 64 128 0.0550767
185 38 64 128 0.0998033
186 38 64 128 0.116971
187 38 64 128 0.091011
188 38 64 128 0.0454196
189 38 64 128 0.0247825
190 38 64 128 0.0173877
191 38 64 128 0.0210199
192 38 64 128 0.0151062
193 38 64 128 0.0151121
194 38 64 128 0.013516
195 38 64 128 0.0176595
196 38 64 128 0.0146259
197 38 64 128 0.0173673
198 38 64 128 0.0179043
199 38 64 128 0.0267412
200 38 64 128 0.0266167
201 38 64 128 0.034128
202 38 64 128 0.0326038
203 38 64 128 0.0330049
204 38 64 128 0.0223789
205 38 64 128 0.0198414
206 38 64 128 0.0133552
207 38 64 128 0.0108477
209 38 64 128 0.0118433
210 38 64 128 0.0138241
211 38 64 128 0.01827
212 38 64 128 0.032293
213 38 64 128 0.0663907
214 38 64 128 0.128651
215 38 64 128 0.212892
216 38 64 128 0.375095
217 38 64 128 0.589018
218 38 64 128 0.757953
219 38 64 128 0.823415
220 38 64 128 0.860833
221 38 64 128 0.866964
222 38 64 128 0.860384
223 38 64 128 0.870884
224 38 64 128 0.901245
225 38 64 128 0.924295
226 38 64 128 0.929267
227 38 64 128 0.932046
228 38 64 128 0.929026
229 38 64 128 0.905338
230 38 64 128 0.882187
231 38 64 128 0.851273
232 38 64 128 0.805827
233 38 64 128 0.64566
234 38 64 128 0.463748
235 38 64 128 0.272763
236 38 64 128 0.157419
237 38 64 128 0.0636072
238 38 64 128 0.0342269
239 38 64 128 0.0203722
240 38 64 128 0.0150245
241 38 64 128 0.0103579
242 38 64 128 0.0103399
244 38 64 128 0.0103734
248 38 64 128 0.0132658
249 38 64 128 0.0251652
250 38 64 128 0.0475351
251 38 64 128 0.0944445
252 38 64 128 0.152855
253 38 64 128 0.234509
254 38 64 128 0.33933
255 38 64 128 0.391741
22 39 64 128 0.015223
23 39 64 128 0.0192425
24 39 64 128 0.0269475
25 39 64 128 0.0347551
26 39 64 128 0.0336747
27 39 64 128 0.0175776
28 39 64 128 0.0115034
181 39 64 128 0.0129169
182 39 64 128 0.0194545
183 39 64 128 0.0365221
184 39 64 128 0.0535157
185 39 64 128 0.105716
186 39 64 128 0.115643
187 39 64 128 0.10701
188 39 64 128 0.0543848
189 39 64 128 0.0351022
190 39 64 128 0.0215282
191 39 64 128 0.0248782
192 39 64 128 0.0168365
193 39 64 128 0.0181375
194 39 64 128 0.0129545
195 39 64 128 0.0169371
196 39 64 128 0.0156347
197 39 64 128 0.0194989
198 39 64 128 0.0196191
199 39 64 128 0.0345117
200 39 64 128 0.034736
201 39 64 128 0.0436869
202 39 64 128 0.044698
203 39 64 128 0.0557499
204 39 64 128 0.0358081
205 39 64 128 0.0309865
206 39 64 128 0.0194742
207 39 64 128 0.0132714
208 39 64 128 0.0118144
209 39 64 128 0.0131454
210 39 64 128 0.0139005
211 39 64 128 0.01871
212 39 64 128 0.0301463
213 39 64 128 0.06244
214 39 64 128 0.106529
215 39 64 128 0.200156
216 39 64 128 0.376492
217 39 64 128 0.631575
218 39 64 128 0.803256
219 39 64 128 0.865178
220 39 64 128 0.899625
221 39 64 128 0.901932
222 39 64 128 0.916299
223 39 64 128 0.93009
224 39 64 128 0.949978
225 39 64 128 0.964455
226 39 64 128 0.965615
227 39 64 128 0.961322
228 39 64 128 0.955256
229 39 64 128 0.941897
230 39 64 128 0.917817
231 39 64 128 0.879838
232 39 64 128 0.827642
233 39 64 128 0.677183
234 39 64 128 0.467449
235 39 64 128 0.234478
236 39 64 128 0.132828
237 39 64 128 0.0568985
238 39 64 128 0.0289877
239 39 64 128 0.0149651
240 39 64 128 0.0113194
248 39 64 128 0.0139664
249 39 64 128 0.0257915
250 39 64 128 0.0467594
251 39 64 128 0.0893775
252 39 64 128 0.183834
253 39 64 128 0.246702
254 39 64 128 0.39115
255 39 64 128 0.493374
21 40 64 128 0.0108792
22 40 64 128 0.016853
23 40 64 128 0.0192068
24 40 64 128 0.0266186
25 40 64 128 0.0328933
26 40 64 128 0.0237237
27 40 64 128 0.0151681
178 40 64 128 0.0105864
179 40 64 128 0.0120883
180 40 64 128 0.0113588
181 40 64 128 0.0145742
182 40 64 128 0.0228033
183 40 64 128 0.0385957
184 40 64 128 0.0628831
185 40 64 128 0.128062
186 40 64 128 0.168369
187 40 64 128 0.137273
188 40 64 128 0.0742065
189 40 64 128 0.0541279
190 40 64 128 0.0360836
191 40 64 128 0.035194
192 40 64 128 0.0228575
193 40 64 128 0.021825
194 40 64 128 0.0155942
195 40 64 128 0.0173916
196 40 64 128 0.0161452
197 40 64 128 0.0207254
198 40 64 128 0.0226232
199 40 64 128 0.0419721
200 40 64 128 0.0474815
201 40 64 128 0.0707998
202 40 64 128 0.0740455
203 40 64 128 0.091326
204 40 64 128 0.0594388
205 40 64 128 0.0482475
206 40 64 128 0.0259089
207 40 64 128 0.0180549
208 40 64 128 0.0137979
209 40 64 128 0.0130523
210 40 64 128 0.013002
211 40 64 128 0.0162568
212 40 64 128 0.0256908
213 40 64 128 0.0464304
214 40 64 128 0.0841721
215 40 64 128 0.150805
216 40 64 128 0.292101
217 40 64 128 0.538784
218 40 64 128 0.755231
219 40 64 128 0.853002
220 40 64 128 0.899849
221 40 64 128 0.909448
222 40 64 128 0.921718
223 40 64 128 0.942955
224 40 64 128 0.964326
225 40 64 128 0.977325
226 40 64 128 0.980544
227 40 64 128 0.977715
228 40 64 128 0.972303
229 40 64 128 0.956021
230 40 64 128 0.949396
231 40 64 128 0.923066
232 40 64 128 0.875989
233 40 64 128 0.755739
234 40 64 128 0.58688
235 40 64 128 0.311181
236 40 64 128 0.162922
237 40 64 128 0.0827914
238 40 64 128 0.0382742
239 40 64 128 0.0185092
240 40 64 128 0.0121671
242 40 64 128 0.0104783
243 40 64 128 0.0121612
244 40 64 128 0.0137491
248 40 64 128 0.0179689
249 40 64 128 0.0398918
250 40 64 128 0.0642967
251 40 64 128 0.123081
252 40 64 128 0.242221
253 40 64 128 0.395143
254 40 64 128 0.536846
255 40 64 128 0.719738
21 41 64 128 0.0114192
22 41 64 128 0.0148182
23 41 64 128 0.016148
24 41 64 128 0.0249157
25 41 64 128 0.0261026
26 41 64 128 0.0182411
27 41 64 128 0.0107866
176 41 64 128 0.0105828
177 41 64 128 0.0127986
178 41 64 128 0.0128073
179 41 64 128 0.0142417
180 41 64 128 0.0126421
181 41 64 128 0.0151496
182 41 64 128 0.0219396
183 41 64 128 0.0387217
184 41 64 128 0.0575949
185 41 64 128 0.133104
186 41 64 128 0.175295
187 41 64 128 0.180078
188 41 64 128 0.102555
189 41 64 128 0.0747541
190 41 64 128 0.0497987
191 41 64 128 0.0503121
192 41 64 128 0.0293991
193 41 64 128 0.0303819
194 41 64 128 0.016891
195 41 64 128 0.0189468
196 41 64 128 0.017211
197 41 64 128 0.0234134
198 41 64 128 0.0269005
199 41 64 128 0.0549339
200 41 64 128 0.0683122
201 41 64 128 0.109094
202 41 64 128 0.127284
203 41 64 128 0.140941
204 41 64 128 0.0950186
205 41 64 128 0.0809651
206 41 64 128 0.0456973
207 41 64 128 0.0289412
208 41 64 128 0.0191371
209 41 64 128 0.015757
210 41 64 128 0.0145805
211 41 64 128 0.0155039
212 41 64 128 0.0222158
213 41 64 128 0.0368592
214 41 64 128 0.0552935
215 41 64 128 0.100055
216 41 64 128 0.19175
217 41 64 128 0.409109
218 41 64 128 0.64328
219 41 64 128 0.786327
220 41 64 128 0.870803
221 41 64 128 0.901987
222 41 64 128 0.927215
223 41 64 128 0.949553
224 41 64 128 0.972026
225 41 64 128 0.984676
226 41 64 128 0.988483
227 41 64 128 0.987782
228 41 64 128 0.984921
229 41 64 128 0.976103
230 41 64 128 0.967234
231 41 64 128 0.94398
232 41 64 128 0.912841
233 41 64 128 0.810194
234 41 64 128 0.657297
235 41 64 128 0.365957
236 41 64 128 0.181351
237 41 64 128 0.0839537
238 41 64 128 0.0405882
239 41 64 128 0.0204392
240 41 64 128 0.0128118
242 41 64 128 0.0111919
243 41 64 128 0.0111155
244 41 64 128 0.0132974
247 41 64 128 0.0101448
248 41 64 128 0.0185881
249 41 64 128 0.0411146
250 41 64 128 0.0858248
251 41 64 128 0.142652
252 41 64 128 0.294722
253 41 64 128 0.485026
254 41 64 128 0.677464
255 41 64 128 0.817602
22 42 64 128 0.0118399
23 42 64 128 0.0127757
24 42 64 128 0.0149354
25 42 64 128 0.0202023
26 42 64 128 0.0138976
176 42 64 128 0.0105933
177 42 64 128 0.0133023
178 42 64 128 0.0124981
179 42 64 128 0.0140442
180 42 64 128 0.0138684
181 42 64 128 0.0153882
182 42 64 128 0.0227715
183 42 64 128 0.0371125
184 42 64 128 0.0691077
185 42 64 128 0.134681
186 42 64 128 0.176398
187 42 64 128 0.183096
188 42 64 128 0.115205
189 42 64 128 0.0751044
190 42 64 128 0.0502965
191 42 64 128 0.0476508
192 42 64 128 0.0317041
193 42 64 128 0.0290045
194 42 64 128 0.016619
195 42 64 128 0.0192124
196 42 64 128 0.0173543
197 42 64 128 0.0210031
198 42 64 128 0.0282744
199 42 64 128 0.0578954
200 42 64 128 0.0676464
201 42 64 128 0.126097
202 42 64 128 0.151814
203 42 64 128 0.174295
204 42 64 128 0.12549
205 42 64 128 0.103849
206 42 64 128 0.0636104
207 42 64 128 0.0396597
208 42 64 128 0.0278105
209 42 64 128 0.0207704
210 42 64 128 0.0177227
211 42 64 128 0.016382
212 42 64 128 0.0216321
213 42 64 128 0.0301579
214 42 64 128 0.0423262
215 42 64 128 0.0679024
216 42 64 128 0.114905
217 42 64 128 0.26692
218 42 64 128 0.4838
219 42 64 128 0.693888
220 42 64 128 0.789293
221 42 64 128 0.847769
222 42 64 128 0.893261
223 42 64 128 0.925255
224 42 64 128 0.955588
225 42 64 128 0.975903
226 42 64 128 0.982087
227 42 64 128 0.982122
228 42 64 128 0.979888
229 42 64 128 0.969632
230 42 64 128 0.961201
231 42 64 128 0.943266
232 42 64 128 0.906975
233 42 64 128 0.810551
234 42 64 128 0.697336
235 42 64 128 0.492623
236 42 64 128 0.306999
237 42 64 128 0.149885
238 42 64 128 0.0726251
239 42 64 128 0.0373659
240 42 64 128 0.0260342
241 42 64 128 0.0160334
242 42 64 128 0.0176594
243 42 64 128 0.0184866
244 42 64 128 0.0206932
245 42 64 128 0.0162707
246 42 64 128 0.0158312
247 42 64 128 0.0178928
248 42 64 128 0.0318912
249 42 64 128 0.0686852
250 42 64 128 0.143361
251 42 64 128 0.272255
252 42 64 128 0.480437
253 42 64 128 0.682141
254 42 64 128 0.841716
255 42 64 128 0.924306
24 43 64 128 0.0108171
25 43 64 128 0.0141025
26 43 64 128 0.0107245
175 43 64 128 0.0113355
176 43 64 128 0.0119733
177 43 64 128 0.0121981
178 43 64 128 0.0122406
179 43 64 128 0.0148602
180 43 64 128 0.0138571
181 43 64 128 0.0148132
182 43 64 128 0.0216109
183 43 64 128 0.0397443
184 43 64 128 0.0677298
185 43 64 128 0.134695
186 43 64 128 0.179445
187 43 64 128 0.199597
188 43 64 128 0.111432
189 43 64 128 0.0878192
190 43 64 128 0.0529825
191 43 64 128 0.0493996
192 43 64 128 0.0282675
193 43 64 128 0.0265335
194 43 64 128 0.0156688
195 43 64 128 0.0194644
196 43 64 128 0.0161572
197 43 64 128 0.0217639
198 43 64 128 0.0262348
199 43 64 128 0.0535992
200 43 64 128 0.0742491
201 43 64 128 0.137632
202 43 64 128 0.166985
203 43 64 128 0.206668
204 43 64 128 0.161331
205 43 64 128 0.124742
206 43 64 128 0.0844395
207 43 64 128 0.0556535
208 43 64 128 0.0412333
209 43 64 128 0.028362
210 43 64 128 0.0201314
211 43 64 128 0.0168288
212 43 64 128 0.0207325
213 43 64 128 0.0271312
214 43 64 128 0.0323565
215 43 64 128 0.0472962
216 43 64 128 0.0755624
217 43 64 128 0.165377
218 43 64 128 0.335762
219 43 64 128 0.540577
220 43 64 128 0.670883
221 43 64 128 0.774432
222 43 64 128 0.852936
223 43 64 128 0.913088
224 43 64 128 0.959339
225 43 64 128 0.977918
226 43 64 128 0.983792
227 43 64 128 0.982918
228 43 64 128 0.981243
229 43 64 128 0.975284
230 43 64 128 0.96737
231 43 64 128 0.94152
232 43 64 128 0.917271
233 43 64 128 0.85041
234 43 64 128 0.724474
235 43 64 128 0.512963
236 43 64 128 0.328806
237 43 64 128 0.181331
238 43 64 128 0.0854106
239 43 64 128 0.03786
240 43 64 128 0.0283998
241 43 64 128 0.0204345
242 43 64 128 0.0219908
243 43 64 128 0.0202918
244 43 64 128 0.0218711
245 43 64 128 0.017031
246 43 64 128 0.0202626
247 43 64 128 0.0213521
248 43 64 128 0.0386881
249 43 64 128 0.0737342
250 43 64 128 0.159727
251 43 64 128 0.296259
252 43 64 128 0.527077
253 43 64 128 0.714296
254 43 64 128 0.862805
255 43 64 128 0.94167
5 44 64 128 0.0115236
6 44 64 128 0.0147991
7 44 64 128 0.0119058
8 44 64 128 0.0115727
9 44 64 128 0.0139537
10 44 64 128 0.0153012
11 44 64 128 0.0104853
12 44 64 128 0.0115422
13 44 64 128 0.0100833
174 44 64 128 0.0101806
175 44 64 128 0.0124631
176 44 64 128 0.0131092
177 44 64 128 0.0147201
178 44 64 128 0.0150507
179 44 64 128 0.0171822
180 44 64 128 0.0147279
181 44 64 128 0.0153512
182 44 64 128 0.0241212
183 44 64 128 0.0425521
184 44 64 128 0.0690255
185 44 64 128 0.133734
186 44 64 128 0.198133
187 44 64 128 0.212519
188 44 64 128 0.145667
189 44 64 128 0.102855
190 44 64 128 0.0626489
191 44 64 128 0.0478223
192 44 64 128 0.0239358
193 44 64 128 0.0184839
194 44 64 128 0.0137038
195 44 64 128 0.0169173
196 44 64 128 0.014623
197 44 64 128 0.0200306
198 44 64 128 0.0273673
199 44 64 128 0.057949
200 44 64 128 0.0766502
201 44 64 128 0.154009
202 44 64 128 0.198773
203 44 64 128 0.238676
204 44 64 128 0.192541
205 44 64 128 0.153165
206 44 64 128 0.0999851
207 44 64 128 0.0695872
208 44 64 128 0.049372
209 44 64 128 0.0334249
210 44 64 128 0.0261381
211 44 64 128 0.0192379
212 44 64 128 0.0218398
213 44 64 128 0.02511
214 44 64 128 0.0297291
215 44 64 128 0.0376258
216 44 64 128 0.0502817
217 44 64 128 0.110027
218 44 64 128 0.229123
219 44 64 128 0.400841
220 44 64 128 0.52768
221 44 64 128 0.65416
222 44 64 128 0.756477
223 44 64 128 0.859708
224 44 64 128 0.924764
225 44 64 128 0.965465
226 44 64 128 0.978724
227 44 64 128 0.980096
228 44 64 128 0.978185
229 44 64 128 0.973683
230 44 64 128 0.971442
231 44 64 128 0.954431
232 44 64 128 0.93055
233 44 64 128 0.880233
234 44 64 128 0.792624
235 44 64 128 0.624616
236 44 64 128 0.450082
237 44 64 128 0.294885
238 44 64 128 0.150721
239 44 64 128 0.0743198
240 44 64 128 0.0531617
241 44 64 128 0.0429761
242 44 64 128 0.0504586
243 44 64 128 0.0472456
244 44 64 128 0.0448939
245 44 64 128 0.0337584
246 44 64 128 0.0359154
247 44 64 128 0.0373965
248 44 64 128 0.0608171
249 44 64 128 0.136455
250 44 64 128 0.239302
251 44 64 128 0.408325
252 44 64 128 0.632828
253 44 64 128 0.838474
254 44 64 128 0.919099
255 44 64 128 0.967624
5 45 64 128 0.0118634
6 45 64 128 0.0187078
7 45 64 128 0.0178494
8 45 64 128 0.0203816
9 45 64 128 0.0174279
10 45 64 128 0.0223967
11 45 64 128 0.0176922
12 45 64 128 0.0212645
13 45 64 128 0.0173622
14 45 64 128 0.0152889
174 45 64 128 0.0107108
175 45 64 128 0.0127844
176 45 64 128 0.0124317
177 45 64 128 0.0148773
178 45 64 128 0.0170338
179 45 64 128 0.0188936
180 45 64 128 0.0167448
181 45 64 128 0.0183167
182 45 64 128 0.0238241
183 45 64 128 0.0449844
184 45 64 128 0.0630433
185 45 64 128 0.132498
186 45 64 128 0.182815
187 45 64 128 0.23682
188 45 64 128 0.151658
189 45 64 128 0.112159
190 45 64 128 0.0557221
191 45 64 128 0.0430198
192 45 64 128 0.0185394
193 45 64 128 0.0161281
194 45 64 128 0.0102012
195 45 64 128 0.0128801
196 45 64 128 0.0108811
197 45 64 128 0.0159275
198 45 64 128 0.0228871
199 45 64 128 0.0492736
200 45 64 128 0.0743124
201 45 64 128 0.170334
202 45 64 128 0.246777
203 45 64 128 0.264761
204 45 64 128 0.210174
205 45 64 128 0.186924
206 45 64 128 0.131999
207 45 64 128 0.0867901
208 45 64 128 0.056172
209 45 64 128 0.0385049
210 45 64 128 0.0330751
211 45 64 128 0.0259231
212 45 64 128 0.0229174
213 45 64 128 0.0245393
214 45 64 128 0.0273338
215 45 64 128 0.0321254
216 45 64 128 0.0439677
217 45 64 128 0.0782712
218 45 64 128 0.151112
219 45 64 128 0.26653
220 45 64 128 0.40874
221 45 64 128 0.542031
222 45 64 128 0.685294
223 45 64 128 0.81044
224 45 64 128 0.8945
225 45 64 128 0.947973
226 45 64 128 0.972283
227 45 64 128 0.976501
228 45 64 128 0.977723
229 45 64 128 0.973505
230 45 64 128 0.969484
231 45 64 128 0.951218
232 45 64 128 0.928342
233 45 64 128 0.890117
234 45 64 128 0.798212
235 45 64 128 0.644807
236 45 64 128 0.455975
237 45 64 128 0.29176
238 45 64 128 0.17026
239 45 64 128 0.0927242
240 45 64 128 0.0708719
241 45 64 128 0.057153
242 45 64 128 0.0597115
243 45 64 128 0.0543688
244 45 64 128 0.0580108
245 45 64 128 0.0417984
246 45 64 128 0.0413303
247 45 64 128 0.0411353
248 45 64 128 0.0655603
249 45 64 128 0.123082
250 45 64 128 0.224013
251 45 64 128 0.39709
252 45 64 128 0.607993
253 45 64 128 0.821868
254 45 64 128 0.923058
255 45 64 128 0.969199
5 46 64 128 0.0104805
6 46 64 128 0.0211203
7 46 64 128 0.0195829
8 46 64 128 0.0262096
9 46 64 128 0.0192744
10 46 64 128 0.0248255
11 46 64 128 0.0170594
12 46 64 128 0.0236427
13 46 64 128 0.015922
14 46 64 128 0.0154125
175 46 64 128 0.0113741
176 46 64 128 0.0134371
177 46 64 128 0.0173706
178 46 64 128 0.0208339
179 46 64 128 0.0218664
180 46 64 128 0.0210888
181 46 64 128 0.0213924
182 46 64 128 0.0313752
183 46 64 128 0.0565063
184 46 64 128 0.0850362
185 46 64 128 0.152102
186 46 64 128 0.216322
187 46 64 128 0.234825
188 46 64 128 0.166808
189 46 64 128 0.121603
190 46 64 128 0.0678967
191 46 64 128 0.0431184
192 46 64 128 0.0211972
193 46 64 128 0.0154598
194 46 64 128 0.0109393
195 46 64 128 0.0117351
196 46 64 128 0.010883
197 46 64 128 0.0162432
198 46 64 128 0.0239429
199 46 64 128 0.0538827
200 46 64 128 0.0902552
201 46 64 128 0.211627
202 46 64 128 0.30257
203 46 64 128 0.315985
204 46 64 128 0.254441
205 46 64 128 0.252733
206 46 64 128 0.193653
207 46 64 128 0.126868
208 46 64 128 0.0868839
209 46 64 128 0.0525953
210 46 64 128 0.0428867
211 46 64 128 0.0329122
212 46 64 128 0.0293009
213 46 64 128 0.0286362
214 46 64 128 0.0270847
215 46 64 128 0.0285086
216 46 64 128 0.0318652
217 46 64 128 0.0569358
218 46 64 128 0.118088
219 46 64 128 0.197544
220 46 64 128 0.283465
221 46 64 128 0.404725
222 46 64 128 0.536665
223 46 64 128 0.671793
224 46 64 128 0.787766
225 46 64 128 0.903088
226 46 64 128 0.935341
227 46 64 128 0.949263
228 46 64 128 0.95433
229 46 64 128 0.957226
230 46 64 128 0.952972
231 46 64 128 0.928799
232 46 64 128 0.916148
233 46 64 128 0.879509
234 46 64 128 0.828749
235 46 64 128 0.6992
236 46 64 128 0.570293
237 46 64 128 0.419247
238 46 64 128 0.284025
239 46 64 128 0.15273
240 46 64 128 0.139244
241 46 64 128 0.104885
242 46 64 128 0.12427
243 46 64 128 0.106032
244 46 64 128 0.108831
245 46 64 128 0.0742985
246 46 64 128 0.0653199
247 46 64 128 0.0644843
248 46 64 128 0.0895675
249 46 64 128 0.160057
250 46 64 128 0.281948
251 46 64 128 0.466048
252 46 64 128 0.664082
253 46 64 128 0.853398
254 46 64 128 0.937262
255 46 64 128 0.97537
5 47 64 128 0.0137057
6 47 64 128 0.0280168
7 47 64 128 0.030057
8 47 64 128 0.0379129
9 47 64 128 0.021632
10 47 64 128 0.0244733
11 47 64 128 0.0172242
12 47 64 128 0.0226298
13 47 64 128 0.0167636
14 47 64 128 0.0143514
175 47 64 128 0.0104285
176 47 64 128 0.0115736
177 47 64 128 0.0153935
178 47 64 128 0.0189604
179 47 64 128 0.0240818
180 47 64 128 0.0234657
181 47 64 128 0.0263077
182 47 64 128 0.0348157
183 47 64 128 0.064369
184 47 64 128 0.0882103
185 47 64 128 0.159981
186 47 64 128 0.212917
187 47 64 128 0.246443
188 47 64 128 0.166196
189 47 64 128 0.138088
190 47 64 128 0.0701309
191 47 64 128 0.0432399
192 47 64 128 0.0198454
193 47 64 128 0.0148928
194 47 64 128 0.0102288
197 47 64 128 0.0132105
198 47 64 128 0.01933
199 47 64 128 0.0452573
200 47 64 128 0.0878646
201 47 64 128 0.214125
202 47 64 128 0.296755
203 47 64 128 0.325874
204 47 64 128 0.281895
205 47 64 128 0.299595
206 47 64 128 0.232117
207 47 64 128 0.151601
208 47 64 128 0.102055
209 47 64 128 0.0672586
210 47 64 128 0.0488628
211 47 64 128 0.0354105
212 47 64 128 0.0321903
213 47 64 128 0.0294633
214 47 64 128 0.0268026
215 47 64 128 0.024847
216 47 64 128 0.027332
217 47 64 128 0.04515
218 47 64 128 0.0884986
219 47 64 128 0.156358
220 47 64 128 0.248474
221 47 64 128 0.392577
222 47 64 128 0.535197
223 47 64 128 0.673898
224 47 64 128 0.799939
225 47 64 128 0.897899
226 47 64 128 0.936961
227 47 64 128 0.944146
228 47 64 128 0.952082
229 47 64 128 0.954989
230 47 64 128 0.949288
231 47 64 128 0.919594
232 47 64 128 0.899153
233 47 64 128 0.885476
234 47 64 128 0.809041
235 47 64 128 0.713806
236 47 64 128 0.598416
237 47 64 128 0.504344
238 47 64 128 0.338595
239 47 64 128 0.202738
240 47 64 128 0.18144
241 47 64 128 0.167985
242 47 64 128 0.185902
243 47 64 128 0.161595
244 47 64 128 0.166081
245 47 64 128 0.10192
246 47 64 128 0.0901272
247 47 64 128 0.0730783
248 47 64 128 0.0837106
249 47 64 128 0.121771
250 47 64 128 0.20872
251 47 64 128 0.38946
252 47 64 128 0.616956
253 47 64 128 0.824368
254 47 64 128 0.934059
255 47 64 128 0.973678
4 48 64 128 0.0109547
5 48 64 128 0.0190824
6 48 64 128 0.041253
7 48 64 128 0.0417704
8 48 64 128 0.0446987
9 48 64 128 0.0282916
10 48 64 128 0.0280635
11 48 64 128 0.0180359
12 48 64 128 0.0194309
13 48 64 128 0.0130628
14 48 64 128 0.0104006
176 48 64 128 0.010683
177 48 64 128 0.0138004
178 48 64 128 0.017716
179 48 64 128 0.0247406
180 48 64 128 0.0238312
181 48 64 128 0.026348
182 48 64 128 0.0384864
183 48 64 128 0.0670852
184 48 64 128 0.0858276
185 48 64 128 0.139575
186 48 64 128 0.217696
187 48 64 128 0.226171
188 48 64 128 0.162412
189 48 64 128 0.131582
190 48 64 128 0.0825462
191 48 64 128 0.0539459
192 48 64 128 0.0239415
193 48 64 128 0.0144062
194 48 64 128 0.010552
195 48 64 128 0.0100094
197 48 64 128 0.0109671
198 48 64 128 0.0174823
199 48 64 128 0.0455057
200 48 64 128 0.0864196
201 48 64 128 0.207999
202 48 64 128 0.273834
203 48 64 128 0.319644
204 48 64 128 0.286702
205 48 64 128 0.302855
206 48 64 128 0.271032
207 48 64 128 0.193485
208 48 64 128 0.14027
209 48 64 128 0.0828901
210 48 64 128 0.0684977
211 48 64 128 0.0469458
212 48 64 128 0.0391872
213 48 64 128 0.0316034
214 48 64 128 0.027058
215 48 64 128 0.023438
216 48 64 128 0.0204272
217 48 64 128 0.0333988
218 48 64 128 0.0597866
219 48 64 128 0.116876
220 48 64 128 0.194371
221 48 64 128 0.328607
222 48 64 128 0.471834
223 48 64 128 0.655702
224 48 64 128 0.751921
225 48 64 128 0.852436
226 48 64 128 0.896919
227 48 64 128 0.918163
228 48 64 128 0.92271
229 48 64 128 0.932042
230 48 64 128 0.922879
231 48 64 128 0.886552
232 48 64 128 0.867054
233 48 64 128 0.835717
234 48 64 128 0.784705
235 48 64 128 0.733051
236 48 64 128 0.650176
237 48 64 128 0.574736
238 48 64 128 0.429597
239 48 64 128 0.285802
240 48 64 128 0.261977
241 48 64 128 0.242344
242 48 64 128 0.268203
243 48 64 128 0.234999
244 48 64 128 0.238997
245 48 64 128 0.178591
246 48 64 128 0.157384
247 48 64 128 0.121827
248 48 64 128 0.129378
249 48 64 128 0.184248
250 48 64 128 0.277643
251 48 64 128 0.433395
252 48 64 128 0.680504
253 48 64 128 0.853142
254 48 64 128 0.938443
255 48 64 128 0.9753
4 49 64 128 0.0239346
5 49 64 128 0.0446483
6 49 64 128 0.0762035
7 49 64 128 0.0732683
8 49 64 128 0.0612636
9 49 64 128 0.0346371
10 49 64 128 0.0247138
11 49 64 128 0.0194595
12 49 64 128 0.0182007
13 49 64 128 0.0124407
177 49 64 128 0.0106248
178 49 64 128 0.0143783
179 49 64 128 0.0207996
180 49 64 128 0.0205279
181 49 64 128 0.0237199
182 49 64 128 0.0328363
183 49 64 128 0.0639008
184 49 64 128 0.0808577
185 49 64 128 0.129834
186 49 64 128 0.161123
187 49 64 128 0.195381
188 49 64 128 0.138827
189 49 64 128 0.117463
190 49 64 128 0.0761936
191 49 64 128 0.0492276
192 49 64 128 0.0206471
193 49 64 128 0.0142729
198 49 64 128 0.013223
199 49 64 128 0.0315634
200 49 64 128 0.0651436
201 49 64 128 0.162199
202 49 64 128 0.243119
203 49 64 128 0.266994
204 49 64 128 0.253116
205 49 64 128 0.281616
206 49 64 128 0.269793
207 49 64 128 0.220668
208 49 64 128 0.166897
209 49 64 128 0.100923
210 49 64 128 0.0834863
211 49 64 128 0.0578767
212 49 64 128 0.046969
213 49 64 128 0.0339505
214 49 64 128 0.0265288
215 49 64 128 0.0205962
216 49 64 128 0.0204964
217 49 64 128 0.0260125
218 49 64 128 0.0464634
219 49 64 128 0.077246
220 49 64 128 0.148771
221 49 64 128 0.239357
222 49 64 128 0.372865
223 49 64 128 0.536178
224 49 64 128 0.659059
225 49 64 128 0.790085
226 49 64 128 0.851119
227 49 64 128 0.868609
228 49 64 128 0.868136
229 49 64 128 0.887177
230 49 64 128 0.866908
231 49 64 128 0.841394
232 49 64 128 0.796599
233 49 64 128 0.777672
234 49 64 128 0.707149
235 49 64 128 0.689422
236 49 64 128 0.621731
237 49 64 128 0.584966
238 49 64 128 0.436789
239 49 64 128 0.319875
240 49 64 128 0.281484
241 49 64 128 0.273479
242 49 64 128 0.291217
243 49 64 128 0.262198
244 49 64 128 0.262921
245 49 64 128 0.22487
246 49 64 128 0.189517
247 49 64 128 0.14911
248 49 64 128 0.140438
249 49 64 128 0.209589
250 49 64 128 0.303808
251 49 64 128 0.427392
252 49 64 128 0.689458
253 49 64 128 0.868736
254 49 64 128 0.937377
255 49 64 128 0.975263
3 50 64 128 0.0221697
4 50 64 128 0.0714148
5 50 64 128 0.087886
6 50 64 128 0.1567
7 50 64 128 0.140947
8 50 64 128 0.122062
9 50 64 128 0.0412372
10 50 64 128 0.0341587
11 50 64 128 0.0192008
12 50 64 128 0.0199298
178 50 64 128 0.0116296
179 50 64 128 0.0157753
180 50 64 128 0.017474
181 50 64 128 0.0195434
182 50 64 128 0.0316326
183 50 64 128 0.0522056
184 50 64 128 0.075358
185 50 64 128 0.11025
186 50 64 128 0.142451
187 50 64 128 0.140973
188 50 64 128 0.110876
189 50 64 128 0.0937592
190 50 64 128 0.0615988
191 50 64 128 0.0391417
192 50 64 128 0.0202464
193 50 64 128 0.0123815
199 50 64 128 0.0232137
200 50 64 128 0.0465205
201 50 64 128 0.115849
202 50 64 128 0.175202
203 50 64 128 0.204663
204 50 64 128 0.195274
205 50 64 128 0.232982
206 50 64 128 0.258133
207 50 64 128 0.19797
208 50 64 128 0.178387
209 50 64 128 0.105686
210 50 64 128 0.0866872
211 50 64 128 0.0600657
212 50 64 128 0.0643959
213 50 64 128 0.0421015
214 50 64 128 0.0298655
215 50 64 128 0.0192556
216 50 64 128 0.0187115
217 50 64 128 0.020659
218 50 64 128 0.0354193
219 50 64 128 0.0566098
220 50 64 128 0.0936682
221 50 64 128 0.146479
222 50 64 128 0.224882
223 50 64 128 0.342668
224 50 64 128 0.445813
225 50 64 128 0.617684
226 50 64 128 0.671935
227 50 64 128 0.681409
228 50 64 128 0.698608
229 50 64 128 0.718517
230 50 64 128 0.696883
231 50 64 128 0.649471
232 50 64 128 0.600262
233 50 64 128 0.59935
234 50 64 128 0.592863
235 50 64 128 0.601775
236 50 64 128 0.595245
237 50 64 128 0.584303
238 50 64 128 0.514822
239 50 64 128 0.388214
240 50 64 128 0.346159
241 50 64 128 0.342723
242 50 64 128 0.377772
243 50 64 128 0.352077
244 50 64 128 0.383019
245 50 64 128 0.336601
246 50 64 128 0.292007
247 50 64 128 0.230099
248 50 64 128 0.234823
249 50 64 128 0.289311
250 50 64 128 0.40874
251 50 64 128 0.513625
252 50 64 128 0.72982
253 50 64 128 0.891324
254 50 64 128 0.953482
255 50 64 128 0.980044
1 51 64 128 0.0128604
2 51 64 128 0.0262345
3 51 64 128 0.0683218
4 51 64 128 0.202832
5 51 64 128 0.256781
6 51 64 128 0.341623
7 51 64 128 0.252378
8 51 64 128 0.186899
9 51 64 128 0.0734139
10 51 64 128 0.0454881
11 51 64 128 0.0214869
12 51 64 128 0.013896
181 51 64 128 0.0116951
182 51 64 128 0.0203798
183 51 64 128 0.0378039
184 51 64 128 0.059158
185 51 64 128 0.0981216
186 51 64 128 0.112672
187 51 64 128 0.12252
188 51 64 128 0.0948724
189 51 64 128 0.0755257
190 51 64 128 0.0500398
191 51 64 128 0.0324289
192 51 64 128 0.0156882
193 51 64 128 0.0101201
199 51 64 128 0.0131377
200 51 64 128 0.029029
201 51 64 128 0.0689426
202 51 64 128 0.104158
203 51 64 128 0.124773
204 51 64 128 0.129808
205 51 64 128 0.174454
206 51 64 128 0.20935
207 51 64 128 0.16283
208 51 64 128 0.14271
209 51 64 128 0.101426
210 51 64 128 0.0793897
211 51 64 128 0.061393
212 51 64 128 0.0672761
213 51 64 128 0.0460521
214 51 64 128 0.0304152
215 51 64 128 0.0225333
216 51 64 128 0.0200608
217 51 64 128 0.0197279
218 51 64 128 0.0294481
219 51 64 128 0.0476896
220 51 64 128 0.0782037
221 51 64 128 0.123197
222 51 64 128 0.187657
223 51 64 128 0.264049
224 51 64 128 0.349014
225 51 64 128 0.485166
226 51 64 128 0.557217
227 51 64 128 0.543974
228 51 64 128 0.541442
229 51 64 128 0.553537
230 51 64 128 0.563194
231 51 64 128 0.489619
232 51 64 128 0.424845
233 51 64 128 0.459766
234 51 64 128 0.444172
235 51 64 128 0.466223
236 51 64 128 0.472052
237 51 64 128 0.493862
238 51 64 128 0.467486
239 51 64 128 0.387063
240 51 64 128 0.339442
241 51 64 128 0.36527
242 51 64 128 0.403151
243 51 64 128 0.396296
244 51 64 128 0.439927
245 51 64 128 0.396314
246 51 64 128 0.360194
247 51 64 128 0.309822
248 51 64 128 0.267541
249 51 64 128 0.300396
250 51 64 128 0.400288
251 51 64 128 0.578285
252 51 64 128 0.754855
253 51 64 128 0.8975
254 51 64 128 0.955019
255 51 64 128 0.978975
1 52 64 128 0.0133083
2 52 64 128 0.032776
3 52 64 128 0.0815743
4 52 64 128 0.228336
5 52 64 128 0.249385
6 52 64 128 0.318598
7 52 64 128 0.221134
8 52 64 128 0.183543
9 52 64 128 0.0714968
10 52 64 128 0.043881
11 52 64 128 0.0164083
182 52 64 128 0.0154043
183 52 64 128 0.0303035
184 52 64 128 0.0458137
185 52 64 128 0.0674479
186 52 64 128 0.0898862
187 52 64 128 0.0851941
188 52 64 128 0.0707901
189 52 64 128 0.0466149
190 52 64 128 0.0366716
191 52 64 128 0.0226932
192 52 64 128 0.0135449
200 52 64 128 0.0174412
201 52 64 128 0.0419791
202 52 64 128 0.0614598
203 52 64 128 0.0745534
204 52 64 128 0.0868917
205 52 64 128 0.123282
206 52 64 128 0.161637
207 52 64 128 0.145697
208 52 64 128 0.124705
209 52 64 128 0.0822685
210 52 64 128 0.0718698
211 52 64 128 0.0617369
212 52 64 128 0.0681874
213 52 64 128 0.055037
214 52 64 128 0.0385402
215 52 64 128 0.0276337
216 52 64 128 0.0225199
217 52 64 128 0.0238578
218 52 64 128 0.0295314
219 52 64 128 0.0471578
220 52 64 128 0.0635336
221 52 64 128 0.0992922
222 52 64 128 0.154954
223 52 64 128 0.242548
224 52 64 128 0.27439
225 52 64 128 0.363576
226 52 64 128 0.412881
227 52 64 128 0.435039
228 52 64 128 0.388339
229 52 64 128 0.361209
230 52 64 128 0.381493
231 52 64 128 0.353561
232 52 64 128 0.309687
233 52 64 128 0.290221
234 52 64 128 0.326959
235 52 64 128 0.388407
236 52 64 128 0.404089
237 52 64 128 0.451435
238 52 64 128 0.415073
239 52 64 128 0.395733
240 52 64 128 0.39243
241 52 64 128 0.427692
242 52 64 128 0.473903
243 52 64 128 0.510131
244 52 64 128 0.568953
245 52 64 128 0.541313
246 52 64 128 0.501877
247 52 64 128 0.403929
248 52 64 128 0.384777
249 52 64 128 0.430284
250 52 64 128 0.538337
251 52 64 128 0.665406
252 52 64 128 0.823294
253 52 64 128 0.920025
254 52 64 128 0.965544
255 52 64 128 0.981348
1 53 64 128 0.0136838
2 53 64 128 0.0290986
3 53 64 128 0.0781019
4 53 64 128 0.192898
5 53 64 128 0.230376
6 53 64 128 0.273596
7 53 64 128 0.226943
8 53 64 128 0.150539
9 53 64 128 0.0594541
10 53 64 128 0.0274908
11 53 64 128 0.0134782
183 53 64 128 0.0196573
184 53 64 128 0.0272526
185 53 64 128 0.0462097
186 53 64 128 0.064484
187 53 64 128 0.0623664
188 53 64 128 0.0449873
189 53 64 128 0.0326411
190 53 64 128 0.0236986
191 53 64 128 0.0149748
201 53 64 128 0.0190655
202 53 64 128 0.0291633
203 53 64 128 0.0351569
204 53 64 128 0.0431262
205 53 64 128 0.0635467
206 53 64 128 0.0882257
207 53 64 128 0.090173
208 53 64 128 0.0778401
209 53 64 128 0.0558979
210 53 64 128 0.0529771
211 53 64 128 0.053616
212 53 64 128 0.0679156
213 53 64 128 0.0569263
214 53 64 128 0.0423215
215 53 64 128 0.0318279
216 53 64 128 0.0290212
217 53 64 128 0.0260906
218 53 64 128 0.0328533
219 53 64 128 0.0407662
220 53 64 128 0.0591976
221 53 64 128 0.0861371
222 53 64 128 0.133305
223 53 64 128 0.19422
224 53 64 128 0.226424
225 53 64 128 0.241854
226 53 64 128 0.287381
227 53 64 128 0.312465
228 53 64 128 0.289346
229 53 64 128 0.264694
230 53 64 128 0.243102
231 53 64 128 0.243763
232 53 64 128 0.218388
233 53 64 128 0.22281
234 53 64 128 0.214996
235 53 64 128 0.265614
236 53 64 128 0.290506
237 53 64 128 0.326859
238 53 64 128 0.30515
239 53 64 128 0.278399
240 53 64 128 0.287889
241 53 64 128 0.325859
242 53 64 128 0.403729
243 53 64 128 0.483094
244 53 64 128 0.526044
245 53 64 128 0.572012
246 53 64 128 0.551981
247 53 64 128 0.49008
248 53 64 128 0.450641
249 53 64 128 0.504644
250 53 64 128 0.599605
251 53 64 128 0.726197
252 53 64 128 0.861665
253 53 64 128 0.936313
254 53 64 128 0.964945
255 53 64 128 0.980634
2 54 64 128 0.0178628
3 54 64 128 0.0584483
4 54 64 128 0.158519
5 54 64 128 0.201748
6 54 64 128 0.296381
7 54 64 128 0.199587
8 54 64 128 0.14212
9 54 64 128 0.0403947
10 54 64 128 0.0259612
11 54 64 128 0.0105843
183 54 64 128 0.0116947
184 54 64 128 0.0193932
185 54 64 128 0.0302573
186 54 64 128 0.052828
187 54 64 128 0.0448363
188 54 64 128 0.0387849
189 54 64 128 0.0259018
190 54 64 128 0.0220688
191 54 64 128 0.0132657
192 54 64 128 0.0101073
201 54 64 128 0.010587
202 54 64 128 0.0160583
203 54 64 128 0.0181263
204 54 64 128 0.0230587
205 54 64 128 0.0339889
206 54 64 128 0.0477463
207 54 64 128 0.0541372
208 54 64 128 0.0556192
209 54 64 128 0.0360039
210 54 64 128 0.0380198
211 54 64 128 0.0424334
212 54 64 128 0.0606885
213 54 64 128 0.05223
214 54 64 128 0.0411659
215 54 64 128 0.0333695
216 54 64 128 0.0328907
217 54 64 128 0.0317655
218 54 64 128 0.0395191
219 54 64 128 0.0451886
220 54 64 128 0.0623383
221 54 64 128 0.090262
222 54 64 128 0.119609
223 54 64 128 0.147444
224 54 64 128 0.15598
225 54 64 128 0.180122
226 54 64 128 0.182582
227 54 64 128 0.198637
228 54 64 128 0.193858
229 54 64 128 0.17752
230 54 64 128 0.17647
231 54 64 128 0.161886
232 54 64 128 0.165292
233 54 64 128 0.145688
234 54 64 128 0.162155
235 54 64 128 0.186812
236 54 64 128 0.208303
237 54 64 128 0.247212
238 54 64 128 0.239094
239 54 64 128 0.209789
240 54 64 128 0.207341
241 54 64 128 0.213403
242 54 64 128 0.28973
243 54 64 128 0.359596
244 54 64 128 0.476634
245 54 64 128 0.497055
246 54 64 128 0.532311
247 54 64 128 0.495409
248 54 64 128 0.495292
249 54 64 128 0.526389
250 54 64 128 0.63605
251 54 64 128 0.753018
252 54 64 128 0.885851
253 54 64 128 0.945019
254 54 64 128 0.969978
255 54 64 128 0.983311
2 55 64 128 0.0151989
3 55 64 128 0.0516133
4 55 64 128 0.150173
5 55 64 128 0.244659
6 55 64 128 0.258041
7 55 64 128 0.188914
8 55 64 128 0.112621
9 55 64 128 0.0399675
10 55 64 128 0.0245602
11 55 64 128 0.0127173
184 55 64 128 0.0100339
185 55 64 128 0.0201755
186 55 64 128 0.0332222
187 55 64 128 0.0395907
188 55 64 128 0.0276493
189 55 64 128 0.0226017
190 55 64 128 0.0169833
191 55 64 128 0.0130332
204 55 64 128 0.0112513
205 55 64 128 0.0164301
206 55 64 128 0.023929
207 55 64 128 0.0296123
208 55 64 128 0.0285267
209 55 64 128 0.0216171
210 55 64 128 0.0238524
211 55 64 128 0.0281144
212 55 64 128 0.0426996
213 55 64 128 0.0448241
214 55 64 128 0.0382334
215 55 64 128 0.0334557
216 55 64 128 0.0300314
217 55 64 128 0.0322845
218 55 64 128 0.0418148
219 55 64 128 0.050762
220 55 64 128 0.0668247
221 55 64 128 0.0918797
222 55 64 128 0.135761
223 55 64 128 0.153758
224 55 64 128 0.15851
225 55 64 128 0.150937
226 55 64 128 0.157492
227 55 64 128 0.139873
228 55 64 128 0.130631
229 55 64 128 0.119163
230 55 64 128 0.124501
231 55 64 128 0.102885
232 55 64 128 0.0862609
233 55 64 128 0.0793499
234 55 64 128 0.0779138
235 55 64 128 0.0947159
236 55 64 128 0.110252
237 55 64 128 0.125323
238 55 64 128 0.115985
239 55 64 128 0.118255
240 55 64 128 0.110767
241 55 64 128 0.129077
242 55 64 128 0.155876
243 55 64 128 0.240497
244 55 64 128 0.347888
245 55 64 128 0.422002
246 55 64 128 0.47931
247 55 64 128 0.485141
248 55 64 128 0.505775
249 55 64 128 0.597019
250 55 64 128 0.665348
251 55 64 128 0.783312
252 55 64 128 0.865954
253 55 64 128 0.931593
254 55 64 128 0.959687
255 55 64 128 0.977058
3 56 64 128 0.0234077
4 56 64 128 0.0835172
5 56 64 128 0.118997
6 56 64 128 0.155931
7 56 64 128 0.110126
8 56 64 128 0.0744807
9 56 64 128 0.0284991
10 56 64 128 0.0222892
185 56 64 128 0.0139983
186 56 64 128 0.0289099
187 56 64 128 0.0337418
188 56 64 128 0.0270587
189 56 64 128 0.018858
190 56 64 128 0.017389
191 56 64 128 0.0123046
206 56 64 128 0.0119143
207 56 64 128 0.0145215
208 56 64 128 0.0146191
209 56 64 128 0.0107792
210 56 64 128 0.0119169
211 56 64 128 0.0152716
212 56 64 128 0.0231012
213 56 64 128 0.0256832
214 56 64 128 0.0244279
215 56 64 128 0.0223376
216 56 64 128 0.0213581
217 56 64 128 0.0246053
218 56 64 128 0.0333172
219 56 64 128 0.0442146
220 56 64 128 0.0497644
221 56 64 128 0.0765572
222 56 64 128 0.124061
223 56 64 128 0.163946
224 56 64 128 0.14585
225 56 64 128 0.115222
226 56 64 128 0.110191
227 56 64 128 0.100189
228 56 64 128 0.0875637
229 56 64 128 0.0775857
230 56 64 128 0.0821723
231 56 64 128 0.0735028
232 56 64 128 0.0648722
233 56 64 128 0.0488496
234 56 64 128 0.0522968
235 56 64 128 0.0621775
236 56 64 128 0.0631795
237 56 64 128 0.0701246
238 56 64 128 0.0703283
239 56 64 128 0.0746246
240 56 64 128 0.0811204
241 56 64 128 0.0904085
242 56 64 128 0.102093
243 56 64 128 0.155337
244 56 64 128 0.221559
245 56 64 128 0.328504
246 56 64 128 0.421225
247 56 64 128 0.497947
248 56 64 128 0.590315
249 56 64 128 0.673337
250 56 64 128 0.758608
251 56 64 128 0.819616
252 56 64 128 0.896298
253 56 64 128 0.942585
254 56 64 128 0.966353
255 56 64 128 0.973438
3 57 64 128 0.0106853
4 57 64 128 0.0391032
5 57 64 128 0.0915582
6 57 64 128 0.110042
7 57 64 128 0.0981238
8 57 64 128 0.0505057
9 57 64 128 0.0287222
10 57 64 128 0.0179444
11 57 64 128 0.012849
186 57 64 128 0.0157487
187 57 64 128 0.0223831
188 57 64 128 0.0174272
189 57 64 128 0.0156858
190 57 64 128 0.012196
213 57 64 128 0.0120599
214 57 64 128 0.0119285
215 57 64 128 0.013092
216 57 64 128 0.0130156
217 57 64 128 0.0157349
218 57 64 128 0.0202081
219 57 64 128 0.0267241
220 57 64 128 0.0410542
221 57 64 128 0.0657326
222 57 64 128 0.113527
223 57 64 128 0.144612
224 57 64 128 0.134857
225 57 64 128 0.0962071
226 57 64 128 0.0860531
227 57 64 128 0.0707053
228 57 64 128 0.0575854
229 57 64 128 0.0488594
230 57 64 128 0.0487135
231 57 64 128 0.0460181
232 57 64 128 0.0386091
233 57 64 128 0.0291838
234 57 64 128 0.0261662
235 57 64 128 0.0312643
236 57 64 128 0.0299384
237 57 64 128 0.0330075
238 57 64 128 0.0316258
239 57 64 128 0.036031
240 57 64 128 0.034192
241 57 64 128 0.0381801
242 57 64 128 0.0557585
243 57 64 128 0.079991
244 57 64 128 0.12234
245 57 64 128 0.213406
246 57 64 128 0.323614
247 57 64 128 0.41443
248 57 64 128 0.540359
249 57 64 128 0.679308
250 57 64 128 0.745902
251 57 64 128 0.820324
252 57 64 128 0.902393
253 57 64 128 0.940922
254 57 64 128 0.955395
255 57 64 128 0.962901
4 58 64 128 0.0266392
5 58 64 128 0.0554925
6 58 64 128 0.0745014
7 58 64 128 0.0585088
8 58 64 128 0.040599
9 58 64 128 0.0173416
10 58 64 128 0.0149309
11 58 64 128 0.0124271
186 58 64 128 0.0124153
187 58 64 128 0.0168905
188 58 64 128 0.0164035
189 58 64 128 0.0136074
190 58 64 128 0.0119299
218 58 64 128 0.0120601
219 58 64 128 0.0156318
220 58 64 128 0.0241975
221 58 64 128 0.0420454
222 58 64 128 0.079934
223 58 64 128 0.102777
224 58 64 128 0.0924604
225 58 64 128 0.0661247
226 58 64 128 0.0499096
227 58 64 128 0.0458911
228 58 64 128 0.0427262
229 58 64 128 0.0379812
230 58 64 128 0.0404758
231 58 64 128 0.0363681
232 58 64 128 0.0306234
233 58 64 128 0.0230934
234 58 64 128 0.0182762
235 58 64 128 0.0188045
236 58 64 128 0.0191734
237 58 64 128 0.0209431
238 58 64 128 0.0234314
239 58 64 128 0.0245957
240 58 64 128 0.0248738
241 58 64 128 0.0265647
242 58 64 128 0.0389317
243 58 64 128 0.0550469
244 58 64 128 0.0979309
245 58 64 128 0.166158
246 58 64 128 0.28183
247 58 64 128 0.373177
248 58 64 128 0.523593
249 58 64 128 0.668767
250 58 64 128 0.742585
251 58 64 128 0.802354
252 58 64 128 0.879513
253 58 64 128 0.924979
254 58 64 128 0.938546
255 58 64 128 0.943045
4 59 64 128 0.020561
5 59 64 128 0.0441791
6 59 64 128 0.0520559
7 59 64 128 0.0448933
8 59 64 128 0.0278578
9 59 64 128 0.0172388
10 59 64 128 0.0155053
11 59 64 128 0.0127759
187 59 64 128 0.0125746
188 59 64 128 0.0105902
189 59 64 128 0.0102384
220 59 64 128 0.0136288
221 59 64 128 0.0250056
222 59 64 128 0.0505558
223 59 64 128 0.0631903
224 59 64 128 0.0663693
225 59 64 128 0.0508386
226 59 64 128 0.0468393
227 59 64 128 0.0352548
228 59 64 128 0.0321188
229 59 64 128 0.0288206
230 59 64 128 0.032277
231 59 64 128 0.0253338
232 59 64 128 0.0180312
233 59 64 128 0.0167623
234 59 64 128 0.0131191
235 59 64 128 0.0116316
236 59 64 128 0.0108242
237 59 64 128 0.0124903
238 59 64 128 0.0152879
239 59 64 128 0.0168481
240 59 64 128 0.0181627
241 59 64 128 0.0184266
242 59 64 128 0.0272892
243 59 64 128 0.0407627
244 59 64 128 0.0761063
245 59 64 128 0.147009
246 59 64 128 0.273589
247 59 64 128 0.37257
248 59 64 128 0.513189
249 59 64 128 0.65554
250 59 64 128 0.724162
251 59 64 128 0.78105
252 59 64 128 0.833228
253 59 64 128 0.881517
254 59 64 128 0.891174
255 59 64 128 0.889876
4 60 64 128 0.0101871
5 60 64 128 0.0155352
6 60 64 128 0.0195935
7 60 64 128 0.0145428
8 60 64 128 0.0125597
187 60 64 128 0.010578
188 60 64 128 0.0100434
221 60 64 128 0.0104804
222 60 64 128 0.0216562
223 60 64 128 0.0302576
224 60 64 128 0.0321664
225 60 64 128 0.028067
226 60 64 128 0.0254045
227 60 64 128 0.0228555
228 60 64 128 0.0222449
229 60 64 128 0.0227582
230 60 64 128 0.0225609
231 60 64 128 0.020627
232 60 64 128 0.0159423
233 60 64 128 0.0143552
234 60 64 128 0.0116296
235 60 64 128 0.0111078
238 60 64 128 0.0101202
239 60 64 128 0.0138673
240 60 64 128 0.0158193
241 60 64 128 0.0170905
242 60 64 128 0.023188
243 60 64 128 0.0372388
244 60 64 128 0.0570487
245 60 64 128 0.092506
246 60 64 128 0.193869
247 60 64 128 0.324646
248 60 64 128 0.47556
249 60 64 128 0.616581
250 60 64 128 0.711482
251 60 64 128 0.758262
252 60 64 128 0.82512
253 60 64 128 0.862277
254 60 64 128 0.876675
255 60 64 128 0.859494
223 61 64 128 0.0129884
224 61 64 128 0.015949
225 61 64 128 0.0162773
226 61 64 128 0.0181952
227 61 64 128 0.0160892
228 61 64 128 0.0170968
229 61 64 128 0.0175074
230 61 64 128 0.0192882
231 61 64 128 0.018433
232 61 64 128 0.0145018
233 61 64 128 0.0126589
240 61 64 128 0.0114916
241 61 64 128 0.0122896
242 61 64 128 0.0157808
243 61 64 128 0.0227156
244 61 64 128 0.0366167
245 61 64 128 0.0615378
246 61 64 128 0.124991
247 61 64 128 0.231317
248 61 64 128 0.422288
249 61 64 128 0.555158
250 61 64 128 0.623578
251 61 64 128 0.725527
252 61 64 128 0.789521
253 61 64 128 0.831691
254 61 64 128 0.835454
255 61 64 128 0.82873
227 62 64 128 0.010759
228 62 64 128 0.0124541
229 62 64 128 0.0137125
230 62 64 128 0.014879
231 62 64 128 0.0166246
232 62 64 128 0.0141856
233 62 64 128 0.0117845
234 62 64 128 0.0101888
243 62 64 128 0.0134616
244 62 64 128 0.0197956
245 62 64 128 0.0344158
246 62 64 128 0.078411
247 62 64 128 0.157216
248 62 64 128 0.29916
249 62 64 128 0.452049
250 62 64 128 0.532687
251 62 64 128 0.600802
252 62 64 128 0.701863
253 62 64 128 0.774491
254 62 64 128 0.800931
255 62 64 128 0.791027
230 63 64 128 0.0109398
231 63 64 128 0.0112638
232 63 64 128 0.0100573
233 63 64 128 0.0102334
244 63 64 128 0.0103298
245 63 64 128 0.0164875
246 63 64 128 0.0388392
247 63 64 128 0.0707298
248 63 64 128 0.156277
249 63 64 128 0.249395
250 63 64 128 0.326311
251 63 64 128 0.42944
252 63 64 128 0.51391
253 63 64 128 0.616585
254 63 64 128 0.653667
255 63 64 128 0.675926
246 64 64 128 0.0148578
247 64 64 128 0.029093
248 64 64 128 0.0667012
249 64 64 128 0.121035
250 64 64 128 0.169237
251 64 64 128 0.237252
252 64 64 128 0.316547
253 64 64 128 0.444663
254 64 64 128 0.512147
255 64 64 128 0.575511
247 65 64 128 0.0113825
248 65 64 128 0.0276556
249 65 64 128 0.0497776
250 65 64 128 0.0684014
251 65 64 128 0.121641
252 65 64 128 0.163454
253 65 64 128 0.242063
254 65 64 128 0.297929
255 65 64 128 0.389575
249 66 64 128 0.0167604
250 66 64 128 0.0244255
251 66 64 128 0.0393171
252 66 64 128 0.0533225
253 66 64 128 0.0971651
254 66 64 128 0.124057
255 66 64 128 0.208102
251 67 64 128 0.0111674
252 67 64 128 0.0150352
253 67 64 128 0.0258542
254 67 64 128 0.0375246
255 67 64 128 0.06533
254 68 64 128 0.0131582
255 68 64 128 0.025913
211 78 64 128 0.0170447
212 78 64 128 0.0202476
213 78 64 128 0.0211757
214 78 64 128 0.0155981
215 78 64 128 0.0119374
209 79 64 128 0.0114296
210 79 64 128 0.0189227
211 79 64 128 0.035227
212 79 64 128 0.0414874
213 79 64 128 0.0452878
214 79 64 128 0.0343489
215 79 64 128 0.0233684
216 79 64 128 0.0120807
0 80 64 128 0.0169699
209 80 64 128 0.0199366
210 80 64 128 0.027629
211 80 64 128 0.0560483
212 80 64 128 0.05949
213 80 64 128 0.0651607
214 80 64 128 0.0484018
215 80 64 128 0.0413118
216 80 64 128 0.0208137
217 80 64 128 0.0110375
0 81 64 128 0.0229995
1 81 64 128 0.0131245
208 81 64 128 0.0154558
209 81 64 128 0.028468
210 81 64 128 0.0373746
211 81 64 128 0.0666243
212 81 64 128 0.0758672
213 81 64 128 0.0834106
214 81 64 128 0.0626756
215 81 64 128 0.0571503
216 81 64 128 0.0318504
217 81 64 128 0.0203857
0 82 64 128 0.0215064
1 82 64 128 0.0129483
207 82 64 128 0.0135969
208 82 64 128 0.0218147
209 82 64 128 0.0406791
210 82 64 128 0.0562341
211 82 64 128 0.091185
212 82 64 128 0.1216
213 82 64 128 0.118724
214 82 64 128 0.0975119
215 82 64 128 0.0834028
216 82 64 128 0.0577999
217 82 64 128 0.0323167
218 82 64 128 0.0164067
0 83 64 128 0.022798
1 83 64 128 0.0173701
2 83 64 128 0.0117553
206 83 64 128 0.0101976
207 83 64 128 0.019274
208 83 64 128 0.0257773
209 83 64 128 0.0453883
210 83 64 128 0.0692239
211 83 64 128 0.144334
212 83 64 128 0.159687
213 83 64 128 0.196684
214 83 64 128 0.157605
215 83 64 128 0.143381
216 83 64 128 0.0849941
217 83 64 128 0.0583177
218 83 64 128 0.0278111
219 83 64 128 0.0163368
245 83 64 128 0.0103358
0 84 64 128 0.0144547
1 84 64 128 0.0115257
207 84 64 128 0.0226759
208 84 64 128 0.028941
209 84 64 128 0.045238
210 84 64 128 0.0801607
211 84 64 128 0.181795
212 84 64 128 0.230757
213 84 64 128 0.25397
214 84 64 128 0.229763
215 84 64 128 0.192595
216 84 64 128 0.112981
217 84 64 128 0.0657019
218 84 64 128 0.0332266
219 84 64 128 0.0205253
243 84 64 128 0.0110341
244 84 64 128 0.0119696
245 84 64 128 0.0111818
246 84 64 128 0.0103304
206 85 64 128 0.0128195
207 85 64 128 0.0209176
208 85 64 128 0.033093
209 85 64 128 0.064798
210 85 64 128 0.108062
211 85 64 128 0.203623
212 85 64 128 0.285433
213 85 64 128 0.355508
214 85 64 128 0.290387
215 85 64 128 0.242934
216 85 64 128 0.150597
217 85 64 128 0.109855
218 85 64 128 0.0562288
219 85 64 128 0.0344612
220 85 64 128 0.0138697
99 86 64 128 0.0119395
100 86 64 128 0.0116573
101 86 64 128 0.0168441
102 86 64 128 0.0155454
103 86 64 128 0.0185062
104 86 64 128 0.0160529
105 86 64 128 0.0123113
206 86 64 128 0.0127235
207 86 64 128 0.0216934
208 86 64 128 0.0343074
209 86 64 128 0.0671644
210 86 64 128 0.130527
211 86 64 128 0.245692
212 86 64 128 0.381694
213 86 64 128 0.4323
214 86 64 128 0.402093
215 86 64 128 0.298886
216 86 64 128 0.214401
217 86 64 128 0.142596
218 86 64 128 0.0917896
219 86 64 128 0.0491668
220 86 64 128 0.0227785
221 86 64 128 0.0108221
241 86 64 128 0.0101964
242 86 64 128 0.0120272
243 86 64 128 0.0115725
244 86 64 128 0.012824
245 86 64 128 0.010956
252 86 64 128 0.0100901
253 86 64 128 0.012337
254 86 64 128 0.0141088
255 86 64 128 0.0163691
101 87 64 128 0.0147631
102 87 64 128 0.0129394
103 87 64 128 0.0155305
104 87 64 128 0.0136792
105 87 64 128 0.0101882
206 87 64 128 0.0117858
207 87 64 128 0.0192817
208 87 64 128 0.0315768
209 87 64 128 0.0673467
210 87 64 128 0.12828
211 87 64 128 0.244186
212 87 64 128 0.370908
213 87 64 128 0.467795
214 87 64 128 0.431971
215 87 64 128 0.354129
216 87 64 128 0.278987
217 87 64 128 0.231995
218 87 64 128 0.144086
219 87 64 128 0.089016
220 87 64 128 0.0416514
221 87 64 128 0.0253965
243 87 64 128 0.0110778
244 87 64 128 0.0108331
245 87 64 128 0.0104119
253 87 64 128 0.012585
254 87 64 128 0.0159726
255 87 64 128 0.0181114
99 88 64 128 0.0103588
100 88 64 128 0.0111489
101 88 64 128 0.0186402
102 88 64 128 0.0181958
103 88 64 128 0.0248442
104 88 64 128 0.0211042
105 88 64 128 0.0163028
207 88 64 128 0.0113401
208 88 64 128 0.018724
209 88 64 128 0.0394589
210 88 64 128 0.0861763
211 88 64 128 0.19759
212 88 64 128 0.309835
213 88 64 128 0.357071
214 88 64 128 0.335012
215 88 64 128 0.29314
216 88 64 128 0.235858
217 88 64 128 0.179953
218 88 64 128 0.119829
219 88 64 128 0.0745675
220 88 64 128 0.0301514
221 88 64 128 0.0167395
243 88 64 128 0.0111151
244 88 64 128 0.0106203
247 88 64 128 0.0117214
249 88 64 128 0.0106047
250 88 64 128 0.0113427
251 88 64 128 0.0131871
252 88 64 128 0.0125031
253 88 64 128 0.0166448
254 88 64 128 0.0208721
255 88 64 128 0.0200856
99 89 64 128 0.0112772
100 89 64 128 0.0134274
101 89 64 128 0.0221949
102 89 64 128 0.0224654
103 89 64 128 0.0278599
104 89 64 128 0.0298827
105 89 64 128 0.0225263
106 89 64 128 0.0103146
208 89 64 128 0.0133339
209 89 64 128 0.032336
210 89 64 128 0.0657262
211 89 64 128 0.155705
212 89 64 128 0.255772
213 89 64 128 0.337514
214 89 64 128 0.286156
215 89 64 128 0.254424
216 89 64 128 0.217316
217 89 64 128 0.199927
218 89 64 128 0.123753
219 89 64 128 0.0751836
220 89 64 128 0.0347068
221 89 64 128 0.0198188
222 89 64 128 0.0100597
250 89 64 128 0.0100725
251 89 64 128 0.0126614
252 89 64 128 0.0161787
253 89 64 128 0.0165247
254 89 64 128 0.0177169
255 89 64 128 0.0164656
99 90 64 128 0.0102901
100 90 64 128 0.0130648
101 90 64 128 0.0218597
102 90 64 128 0.0241011
103 90 64 128 0.0328335
104 90 64 128 0.0363182
105 90 64 128 0.0289583
106 90 64 128 0.0140865
209 90 64 128 0.0192598
210 90 64 128 0.0435076
211 90 64 128 0.0974846
212 90 64 128 0.185065
213 90 64 128 0.219127
214 90 64 128 0.197201
215 90 64 128 0.153748
216 90 64 128 0.147174
217 90 64 128 0.140854
218 90 64 128 0.102616
219 90 64 128 0.0598191
220 90 64 128 0.0303983
221 90 64 128 0.0167701
249 90 64 128 0.0103198
250 90 64 128 0.011653
251 90 64 128 0.0127382
252 90 64 128 0.0173505
253 90 64 128 0.0204426
254 90 64 128 0.0212724
255 90 64 128 0.0187193
103 91 64 128 0.0120417
104 91 64 128 0.0141735
105 91 64 128 0.0116816
209 91 64 128 0.0121177
210 91 64 128 0.0287436
211 91 64 128 0.0594641
212 91 64 128 0.0976756
213 91 64 128 0.137053
214 91 64 128 0.138559
215 91 64 128 0.106421
216 91 64 128 0.0997969
217 91 64 128 0.128244
218 91 64 128 0.0950703
219 91 64 128 0.0510213
220 91 64 128 0.024045
221 91 64 128 0.0182644
252 91 64 128 0.0127888
253 91 64 128 0.0151471
254 91 64 128 0.0153388
255 91 64 128 0.0128727
25 92 64 128 0.0111778
210 92 64 128 0.0129828
211 92 64 128 0.0261261
212 92 64 128 0.0469191
213 92 64 128 0.0552465
214 92 64 128 0.057604
215 92 64 128 0.045937
216 92 64 128 0.0531345
217 92 64 128 0.0575211
218 92 64 128 0.0511135
219 92 64 128 0.026908
220 92 64 128 0.0137696
253 92 64 128 0.0129013
254 92 64 128 0.0150648
255 92 64 128 0.0140381
211 93 64 128 0.0112065
212 93 64 128 0.0205465
213 93 64 128 0.0249481
214 93 64 128 0.0211587
215 93 64 128 0.021848
216 93 64 128 0.0275888
217 93 64 128 0.0359459
218 93 64 128 0.0355545
219 93 64 128 0.0243039
220 93 64 128 0.0117639
253 93 64 128 0.0107802
254 93 64 128 0.0106553
25 94 64 128 0.0105732
26 94 64 128 0.0110259
212 94 64 128 0.0105501
216 94 64 128 0.0123071
217 94 64 128 0.0165234
218 94 64 128 0.0200038
219 94 64 128 0.0156882
220 94 64 128 0.0110791
254 94 64 128 0.0103029
218 95 64 128 0.0126562
219 95 64 128 0.0149555
220 95 64 128 0.0109334
221 95 64 128 0.0115607
25 96 64 128 0.0103741
255 96 64 128 0.0106148
255 97 64 128 0.0141721
24 98 64 128 0.0194828
25 98 64 128 0.0233923
26 98 64 128 0.0224068
27 98 64 128 0.0100091
254 98 64 128 0.0125982
255 98 64 128 0.0165336
0 99 64 128 0.0102875
23 99 64 128 0.0131237
24 99 64 128 0.0262487
25 99 64 128 0.0384492
26 99 64 128 0.0259368
27 99 64 128 0.0147799
30 99 64 128 0.0122963
31 99 64 128 0.0128476
254 99 64 128 0.0141007
255 99 64 128 0.020005
0 100 64 128 0.0143357
20 100 64 128 0.0113781
21 100 64 128 0.011781
22 100 64 128 0.0178046
23 100 64 128 0.0237484
24 100 64 128 0.0527255
25 100 64 128 0.0561778
26 100 64 128 0.0526794
27 100 64 128 0.0251084
28 100 64 128 0.0204871
29 100 64 128 0.0183512
30 100 64 128 0.0339953
31 100 64 128 0.0299752
32 100 64 128 0.0181891
254 100 64 128 0.0119808
255 100 64 128 0.021348
0 101 64 128 0.0299203
1 101 64 128 0.0158886
17 101 64 128 0.0138136
18 101 64 128 0.0307659
19 101 64 128 0.0256403
20 101 64 128 0.0250923
21 101 64 128 0.0267982
22 101 64 128 0.0344036
23 101 64 128 0.035225
24 101 64 128 0.0507419
25 101 64 128 0.0639265
26 101 64 128 0.0498307
27 101 64 128 0.0280184
28 101 64 128 0.0188689
29 101 64 128 0.0211095
30 101 64 128 0.0318627
31 101 64 128 0.0311116
32 101 64 128 0.0194685
68 101 64 128 0.0119659
69 101 64 128 0.0102171
254 101 64 128 0.0138038
255 101 64 128 0.0264731
0 102 64 128 0.0338131
1 102 64 128 0.0238321
2 102 64 128 0.0105445
16 102 64 128 0.0143952
17 102 64 128 0.0347805
18 102 64 128 0.0864011
19 102 64 128 0.0772193
20 102 64 128 0.0637793
21 102 64 128 0.0475489
22 102 64 128 0.0602943
23 102 64 128 0.072812
24 102 64 128 0.148588
25 102 64 128 0.148243
26 102 64 128 0.143222
27 102 64 128 0.0819623
28 102 64 128 0.0709202
29 102 64 128 0.0583935
30 102 64 128 0.0928504
31 102 64 128 0.0868425
32 102 64 128 0.0608054
33 102 64 128 0.0208977
67 102 64 128 0.0173141
68 102 64 128 0.0180483
69 102 64 128 0.0216288
70 102 64 128 0.0139747
71 102 64 128 0.0118194
254 102 64 128 0.0133076
255 102 64 128 0.0240432
0 103 64 128 0.0714705
1 103 64 128 0.0550075
2 103 64 128 0.0236483
3 103 64 128 0.0112113
15 103 64 128 0.0113185
16 103 64 128 0.0332025
17 103 64 128 0.0843062
18 103 64 128 0.165819
19 103 64 128 0.146665
20 103 64 128 0.125617
21 103 64 128 0.102961
22 103 64 128 0.122965
23 103 64 128 0.118517
24 103 64 128 0.187454
25 103 64 128 0.251735
26 103 64 128 0.239438
27 103 64 128 0.125938
28 103 64 128 0.0995394
29 103 64 128 0.102506
30 103 64 128 0.133265
31 103 64 128 0.129803
32 103 64 128 0.079223
33 103 64 128 0.0299419
66 103 64 128 0.0133845
67 103 64 128 0.0215504
68 103 64 128 0.0216809
69 103 64 128 0.0195361
70 103 64 128 0.0164443
71 103 64 128 0.0138487
255 103 64 128 0.0175979
0 104 64 128 0.0355868
1 104 64 128 0.0295904
2 104 64 128 0.0170325
15 104 64 128 0.0168784
16 104 64 128 0.0471744
17 104 64 128 0.0968958
18 104 64 128 0.161136
19 104 64 128 0.131658
20 104 64 128 0.126404
21 104 64 128 0.0992712
22 104 64 128 0.143339
23 104 64 128 0.118933
24 104 64 128 0.231214
25 104 64 128 0.247462
26 104 64 128 0.260385
27 104 64 128 0.162407
28 104 64 128 0.164789
29 104 64 128 0.146849
30 104 64 128 0.208049
31 104 64 128 0.181645
32 104 64 128 0.110002
33 104 64 128 0.0342895
65 104 64 128 0.0137321
66 104 64 128 0.0278624
67 104 64 128 0.0384857
68 104 64 128 0.0373286
69 104 64 128 0.0276347
70 104 64 128 0.0160846
71 104 64 128 0.0128006
255 104 64 128 0.0126611
0 105 64 128 0.0505764
1 105 64 128 0.0443476
2 105 64 128 0.0263852
3 105 64 128 0.0164309
14 105 64 128 0.0120373
15 105 64 128 0.0250039
16 105 64 128 0.055167
17 105 64 128 0.133569
18 105 64 128 0.198852
19 105 64 128 0.170083
20 105 64 128 0.141442
21 105 64 128 0.13448
22 105 64 128 0.150124
23 105 64 128 0.128112
24 105 64 128 0.197471
25 105 64 128 0.239119
26 105 64 128 0.223906
27 105 64 128 0.134182
28 105 64 128 0.126657
29 105 64 128 0.148709
30 105 64 128 0.177338
31 105 64 128 0.132028
32 105 64 128 0.0893949
33 105 64 128 0.0310124
65 105 64 128 0.0166956
66 105 64 128 0.0331914
67 105 64 128 0.0344071
68 105 64 128 0.0289722
69 105 64 128 0.0192106
70 105 64 128 0.0111586
255 105 64 128 0.0110564
0 106 64 128 0.0300755
1 106 64 128 0.0313216
2 106 64 128 0.0208675
3 106 64 128 0.0110815
14 106 64 128 0.0159354
15 106 64 128 0.0315087
16 106 64 128 0.0768505
17 106 64 128 0.13403
18 106 64 128 0.195482
19 106 64 128 0.16718
20 106 64 128 0.121385
21 106 64 128 0.0983516
22 106 64 128 0.104976
23 106 64 128 0.118556
24 106 64 128 0.185855
25 106 64 128 0.210059
26 106 64 128 0.204278
27 106 64 128 0.125743
28 106 64 128 0.126498
29 106 64 128 0.137823
30 106 64 128 0.156284
31 106 64 128 0.127368
32 106 64 128 0.0759472
33 106 64 128 0.024254
63 106 64 128 0.0110255
64 106 64 128 0.0165665
65 106 64 128 0.0339645
66 106 64 128 0.0430636
67 106 64 128 0.0434352
68 106 64 128 0.029229
69 106 64 128 0.0200843
0 107 64 128 0.0911419
1 107 64 128 0.100396
2 107 64 128 0.0638159
3 107 64 128 0.038094
4 107 64 128 0.0229819
5 107 64 128 0.0156406
6 107 64 128 0.0117207
7 107 64 128 0.0127231
8 107 64 128 0.0132561
9 107 64 128 0.0126449
10 107 64 128 0.0111301
11 107 64 128 0.0139383
12 107 64 128 0.0188233
13 107 64 128 0.0328481
14 107 64 128 0.0424993
15 107 64 128 0.0882379
16 107 64 128 0.172805
17 107 64 128 0.296212
18 107 64 128 0.268953
19 107 64 128 0.225339
20 107 64 128 0.135732
21 107 64 128 0.13029
22 107 64 128 0.131837
23 107 64 128 0.146997
24 107 64 128 0.197651
25 107 64 128 0.243484
26 107 64 128 0.201341
27 107 64 128 0.108289
28 107 64 128 0.106984
29 107 64 128 0.120728
30 107 64 128 0.133311
31 107 64 128 0.085611
32 107 64 128 0.0475845
33 107 64 128 0.013983
63 107 64 128 0.0113603
64 107 64 128 0.0172798
65 107 64 128 0.03384
66 107 64 128 0.0453888
67 107 64 128 0.0375287
68 107 64 128 0.0218868
69 107 64 128 0.0131433
0 108 64 128 0.0424621
1 108 64 128 0.046381
2 108 64 128 0.0331422
3 108 64 128 0.0212636
4 108 64 128 0.0146775
5 108 64 128 0.0114222
7 108 64 128 0.0106161
8 108 64 128 0.0124345
9 108 64 128 0.0123705
10 108 64 128 0.0145529
11 108 64 128 0.019854
12 108 64 128 0.0282676
13 108 64 128 0.04948
14 108 64 128 0.0692422
15 108 64 128 0.124253
16 108 64 128 0.179368
17 108 64 128 0.224523
18 108 64 128 0.218308
19 108 64 128 0.134457
20 108 64 128 0.0795694
21 108 64 128 0.0700823
22 108 64 128 0.0848585
23 108 64 128 0.076424
24 108 64 128 0.108449
25 108 64 128 0.104032
26 108 64 128 0.0942592
27 108 64 128 0.0606029
28 108 64 128 0.0528385
29 108 64 128 0.0564014
30 108 64 128 0.0524044
31 108 64 128 0.0383248
32 108 64 128 0.0154478
61 108 64 128 0.0116474
62 108 64 128 0.0144463
63 108 64 128 0.0223626
64 108 64 128 0.0287165
65 108 64 128 0.0480373
66 108 64 128 0.0501308
67 108 64 128 0.0437283
68 108 64 128 0.0246334
69 108 64 128 0.0106111
0 109 64 128 0.0663413
1 109 64 128 0.0693872
2 109 64 128 0.0433529
3 109 64 128 0.0269655
4 109 64 128 0.0160178
5 109 64 128 0.0147213
6 109 64 128 0.0112897
7 109 64 128 0.012766
8 109 64 128 0.0111288
9 109 64 128 0.012148
10 109 64 128 0.0131631
11 109 64 128 0.0212776
12 109 64 128 0.0315996
13 109 64 128 0.0613898
14 109 64 128 0.0753758
15 109 64 128 0.128917
16 109 64 128 0.162575
17 109 64 128 0.218831
18 109 64 128 0.201746
19 109 64 128 0.160461
20 109 64 128 0.075873
21 109 64 128 0.0707215
22 109 64 128 0.0619031
23 109 64 128 0.0509023
24 109 64 128 0.0575075
25 109 64 128 0.0526967
26 109 64 128 0.0354558
27 109 64 128 0.0194935
28 109 64 128 0.0184901
29 109 64 128 0.0230633
30 109 64 128 0.016644
61 109 64 128 0.0124558
62 109 64 128 0.0199291
63 109 64 128 0.0249511
64 109 64 128 0.0288384
65 109 64 128 0.0364102
66 109 64 128 0.0345023
67 109 64 128 0.0242375
68 109 64 128 0.0125574
0 110 64 128 0.0347178
1 110 64 128 0.029821
2 110 64 128 0.0154207
10 110 64 128 0.0111592
11 110 64 128 0.0195556
12 110 64 128 0.028871
13 110 64 128 0.0399216
14 110 64 128 0.0605023
15 110 64 128 0.0878484
16 110 64 128 0.11004
17 110 64 128 0.107747
18 110 64 128 0.119545
19 110 64 128 0.0945337
20 110 64 128 0.0443087
21 110 64 128 0.0298689
22 110 64 128 0.0304298
23 110 64 128 0.0277847
24 110 64 128 0.026097
25 110 64 128 0.0204607
26 110 64 128 0.0163412
29 110 64 128 0.010673
61 110 64 128 0.0145136
62 110 64 128 0.0209819
63 110 64 128 0.0302726
64 110 64 128 0.0293612
65 110 64 128 0.0283796
66 110 64 128 0.0218365
67 110 64 128 0.0171364
0 111 64 128 0.0798033
1 111 64 128 0.0651583
2 111 64 128 0.0328685
3 111 64 128 0.0170042
9 111 64 128 0.0101561
10 111 64 128 0.0132913
11 111 64 128 0.0238839
12 111 64 128 0.0337938
13 111 64 128 0.052316
14 111 64 128 0.0611606
15 111 64 128 0.081487
16 111 64 128 0.0863295
17 111 64 128 0.113624
18 111 64 128 0.109309
19 111 64 128 0.094125
20 111 64 128 0.0385618
21 111 64 128 0.0293356
22 111 64 128 0.024512
23 111 64 128 0.0225054
24 111 64 128 0.0168817
25 111 64 128 0.0155661
26 111 64 128 0.010422
62 111 64 128 0.0112616
63 111 64 128 0.0166003
64 111 64 128 0.0167675
65 111 64 128 0.0164952
66 111 64 128 0.0114906
