76 0 64 128 0.0111674
77 0 64 128 0.0147512
78 0 64 128 0.0153014
79 0 64 128 0.0242096
80 0 64 128 0.0311469
81 0 64 128 0.0419165
82 0 64 128 0.0444845
83 0 64 128 0.0508858
84 0 64 128 0.0481103
85 0 64 128 0.0384741
86 0 64 128 0.0270779
87 0 64 128 0.0210821
88 0 64 128 0.0189659
89 0 64 128 0.0170761
90 0 64 128 0.0152652
77 1 64 128 0.0113542
78 1 64 128 0.0123765
79 1 64 128 0.0200675
80 1 64 128 0.0270568
81 1 64 128 0.0375965
82 1 64 128 0.0390802
83 1 64 128 0.0429328
84 1 64 128 0.0388101
85 1 64 128 0.0336617
86 1 64 128 0.02173
87 1 64 128 0.0168161
88 1 64 128 0.0144834
89 1 64 128 0.0160136
90 1 64 128 0.0135431
77 2 64 128 0.0106892
78 2 64 128 0.0129961
79 2 64 128 0.0194893
80 2 64 128 0.0269074
81 2 64 128 0.0341753
82 2 64 128 0.0350447
83 2 64 128 0.0383549
84 2 64 128 0.0350648
85 2 64 128 0.0296272
86 2 64 128 0.0201501
87 2 64 128 0.0158809
88 2 64 128 0.0156405
89 2 64 128 0.0160999
90 2 64 128 0.0155349
91 2 64 128 0.0115132
92 2 64 128 0.0109256
79 3 64 128 0.0139916
80 3 64 128 0.0184509
81 3 64 128 0.0235597
82 3 64 128 0.0236144
83 3 64 128 0.0228171
84 3 64 128 0.0229631
85 3 64 128 0.0215897
86 3 64 128 0.0166862
87 3 64 128 0.0112584
88 3 64 128 0.0117803
89 3 64 128 0.0142326
90 3 64 128 0.0164003
91 3 64 128 0.013744
92 3 64 128 0.0140619
93 3 64 128 0.0104466
80 4 64 128 0.0123567
81 4 64 128 0.0145496
82 4 64 128 0.014033
83 4 64 128 0.0129995
84 4 64 128 0.0122766
85 4 64 128 0.0129725
86 4 64 128 0.0108948
89 4 64 128 0.0118329
90 4 64 128 0.0145576
91 4 64 128 0.0137863
92 4 64 128 0.0137581
93 4 64 128 0.01104
89 5 64 128 0.0101578
90 5 64 128 0.0143534
91 5 64 128 0.01525
92 5 64 128 0.0141582
93 5 64 128 0.0114652
90 6 64 128 0.013748
91 6 64 128 0.0158961
92 6 64 128 0.0151456
93 6 64 128 0.0127296
90 7 64 128 0.0121379
91 7 64 128 0.0141178
92 7 64 128 0.0132765
93 7 64 128 0.0113913
91 8 64 128 0.0121042
92 8 64 128 0.0111243
91 9 64 128 0.0101859
93 11 64 128 0.0106645
215 14 64 128 0.0101019
123 17 64 128 0.0108398
97 18 64 128 0.0107742
122 18 64 128 0.0104426
123 18 64 128 0.0111443
122 19 64 128 0.0105124
123 19 64 128 0.0110245
122 20 64 128 0.0115446
123 20 64 128 0.0143617
124 20 64 128 0.0104784
121 21 64 128 0.0112573
122 21 64 128 0.0135134
123 21 64 128 0.0178882
124 21 64 128 0.0131571
125 21 64 128 0.010203
121 22 64 128 0.011758
122 22 64 128 0.015166
123 22 64 128 0.0171074
124 22 64 128 0.0153199
125 22 64 128 0.0120715
121 23 64 128 0.0124985
122 23 64 128 0.0140033
123 23 64 128 0.0161381
124 23 64 128 0.0137975
125 23 64 128 0.0116558
127 23 64 128 0.0111968
247 23 64 128 0.0130757
121 24 64 128 0.0105419
122 24 64 128 0.01133
123 24 64 128 0.0137991
124 24 64 128 0.012892
125 24 64 128 0.0136123
126 24 64 128 0.0116083
127 24 64 128 0.0174398
128 24 64 128 0.0134208
129 24 64 128 0.0114273
245 24 64 128 0.0112455
246 24 64 128 0.0128552
247 24 64 128 0.0143039
122 25 64 128 0.01083
123 25 64 128 0.0143247
124 25 64 128 0.0143893
125 25 64 128 0.0154313
126 25 64 128 0.0148925
127 25 64 128 0.0201122
128 25 64 128 0.0177832
129 25 64 128 0.0161812
231 25 64 128 0.0105625
232 25 64 128 0.0109877
245 25 64 128 0.0123106
246 25 64 128 0.0156947
247 25 64 128 0.016794
123 26 64 128 0.0120327
124 26 64 128 0.014959
125 26 64 128 0.0160896
126 26 64 128 0.0169336
127 26 64 128 0.025412
128 26 64 128 0.0227385
129 26 64 128 0.0204417
130 26 64 128 0.0131082
131 26 64 128 0.0115221
232 26 64 128 0.0105167
245 26 64 128 0.0119392
246 26 64 128 0.0151042
247 26 64 128 0.0165259
248 26 64 128 0.010211
123 27 64 128 0.0102152
124 27 64 128 0.0115541
125 27 64 128 0.012353
126 27 64 128 0.014561
127 27 64 128 0.0210336
128 27 64 128 0.0198776
129 27 64 128 0.0189969
130 27 64 128 0.0137425
131 27 64 128 0.011904
231 27 64 128 0.0132153
232 27 64 128 0.0155136
233 27 64 128 0.0140983
234 27 64 128 0.0108287
245 27 64 128 0.0170267
246 27 64 128 0.0200027
247 27 64 128 0.0226582
248 27 64 128 0.0139458
249 27 64 128 0.0115298
126 28 64 128 0.0116638
127 28 64 128 0.0198063
128 28 64 128 0.0182429
129 28 64 128 0.0165941
130 28 64 128 0.0129074
131 28 64 128 0.0118971
231 28 64 128 0.0117446
232 28 64 128 0.0149445
233 28 64 128 0.0164291
234 28 64 128 0.0106438
241 28 64 128 0.0104503
244 28 64 128 0.0104273
245 28 64 128 0.0185988
246 28 64 128 0.0254965
247 28 64 128 0.0275041
248 28 64 128 0.0165895
249 28 64 128 0.0140817
127 29 64 128 0.0142969
128 29 64 128 0.0159758
129 29 64 128 0.0136045
130 29 64 128 0.0125837
131 29 64 128 0.0108682
213 29 64 128 0.0119942
231 29 64 128 0.0154367
232 29 64 128 0.0206999
233 29 64 128 0.0219154
234 29 64 128 0.0134656
241 29 64 128 0.0105979
243 29 64 128 0.0105776
244 29 64 128 0.0131047
245 29 64 128 0.0195064
246 29 64 128 0.0279595
247 29 64 128 0.0341406
248 29 64 128 0.0216875
249 29 64 128 0.0192822
250 29 64 128 0.013066
212 30 64 128 0.0102854
213 30 64 128 0.0128676
214 30 64 128 0.0133949
215 30 64 128 0.0120802
216 30 64 128 0.0107192
217 30 64 128 0.0100616
231 30 64 128 0.0134277
232 30 64 128 0.0196099
233 30 64 128 0.0182832
234 30 64 128 0.0110187
241 30 64 128 0.0104798
242 30 64 128 0.0100139
243 30 64 128 0.0105656
244 30 64 128 0.012225
245 30 64 128 0.0178481
246 30 64 128 0.026744
247 30 64 128 0.0323394
248 30 64 128 0.0235314
249 30 64 128 0.0215328
250 30 64 128 0.0146619
212 31 64 128 0.0112888
213 31 64 128 0.0175881
214 31 64 128 0.0179746
215 31 64 128 0.01907
216 31 64 128 0.015947
217 31 64 128 0.0152119
218 31 64 128 0.0122402
219 31 64 128 0.0111702
230 31 64 128 0.0113326
231 31 64 128 0.0172055
232 31 64 128 0.0243962
233 31 64 128 0.0201358
234 31 64 128 0.0141943
235 31 64 128 0.0134513
236 31 64 128 0.0130379
237 31 64 128 0.0121354
238 31 64 128 0.0108963
241 31 64 128 0.0109691
242 31 64 128 0.0108112
243 31 64 128 0.0116591
244 31 64 128 0.0119212
245 31 64 128 0.0169785
246 31 64 128 0.0235631
247 31 64 128 0.0310698
248 31 64 128 0.0230141
249 31 64 128 0.0224372
250 31 64 128 0.0133785
212 32 64 128 0.0121728
213 32 64 128 0.0186099
214 32 64 128 0.020617
215 32 64 128 0.0178678
216 32 64 128 0.0189638
217 32 64 128 0.0167261
218 32 64 128 0.0139536
219 32 64 128 0.0112117
231 32 64 128 0.0148906
232 32 64 128 0.020955
233 32 64 128 0.0191101
234 32 64 128 0.0151396
235 32 64 128 0.0128853
236 32 64 128 0.0138759
237 32 64 128 0.0139722
238 32 64 128 0.0109252
239 32 64 128 0.0108001
241 32 64 128 0.0114465
242 32 64 128 0.0110802
243 32 64 128 0.0118028
244 32 64 128 0.0108177
245 32 64 128 0.0170872
246 32 64 128 0.0227419
247 32 64 128 0.026578
248 32 64 128 0.0197546
249 32 64 128 0.0175194
250 32 64 128 0.0119155
212 33 64 128 0.0141845
213 33 64 128 0.0189213
214 33 64 128 0.0192751
215 33 64 128 0.0207839
216 33 64 128 0.022911
217 33 64 128 0.0172235
218 33 64 128 0.0127557
219 33 64 128 0.0114069
230 33 64 128 0.0105765
231 33 64 128 0.0185601
232 33 64 128 0.0251405
233 33 64 128 0.025072
234 33 64 128 0.0212555
235 33 64 128 0.0177302
236 33 64 128 0.021438
237 33 64 128 0.0176799
238 33 64 128 0.0133876
239 33 64 128 0.0123453
240 33 64 128 0.0117833
241 33 64 128 0.0128221
242 33 64 128 0.0122501
243 33 64 128 0.0125632
244 33 64 128 0.0136632
245 33 64 128 0.0167614
246 33 64 128 0.0221625
247 33 64 128 0.0232187
248 33 64 128 0.017594
249 33 64 128 0.0145878
250 33 64 128 0.0113277
212 34 64 128 0.0121261
213 34 64 128 0.0139388
214 34 64 128 0.0170692
215 34 64 128 0.0165115
216 34 64 128 0.017196
217 34 64 128 0.0124135
218 34 64 128 0.0102169
231 34 64 128 0.0152793
232 34 64 128 0.0212726
233 34 64 128 0.0212145
234 34 64 128 0.020094
235 34 64 128 0.0195534
236 34 64 128 0.0228928
237 34 64 128 0.0205374
238 34 64 128 0.0146743
239 34 64 128 0.0150742
240 34 64 128 0.0120255
241 34 64 128 0.0126094
242 34 64 128 0.0119743
243 34 64 128 0.011393
244 34 64 128 0.0107862
245 34 64 128 0.0127896
246 34 64 128 0.0165843
247 34 64 128 0.0154991
248 34 64 128 0.0119571
249 34 64 128 0.0116991
250 34 64 128 0.0100418
211 35 64 128 0.0100328
212 35 64 128 0.0116378
213 35 64 128 0.0127328
214 35 64 128 0.0132088
215 35 64 128 0.0137578
216 35 64 128 0.0132392
230 35 64 128 0.011703
231 35 64 128 0.0174379
232 35 64 128 0.0213009
233 35 64 128 0.0204715
234 35 64 128 0.022207
235 35 64 128 0.0226063
236 35 64 128 0.0242724
237 35 64 128 0.0199856
238 35 64 128 0.0143851
239 35 64 128 0.0138857
240 35 64 128 0.0111984
241 35 64 128 0.0118193
242 35 64 128 0.0107488
214 36 64 128 0.010421
231 36 64 128 0.0113645
232 36 64 128 0.0140928
233 36 64 128 0.0139158
234 36 64 128 0.013389
235 36 64 128 0.014308
236 36 64 128 0.0173016
237 36 64 128 0.0140046
234 37 64 128 0.0100206
235 37 64 128 0.0113788
236 37 64 128 0.0137312
237 37 64 128 0.0110315
