42 9 98 196 0.0118825
43 9 98 196 0.0134005
44 9 98 196 0.0125601
45 9 98 196 0.0113243
46 9 98 196 0.0110863
47 9 98 196 0.0102808
49 9 98 196 0.0108511
50 9 98 196 0.0101423
41 10 98 196 0.0107371
42 10 98 196 0.0137163
43 10 98 196 0.0159864
44 10 98 196 0.0148398
45 10 98 196 0.012702
46 10 98 196 0.0118578
47 10 98 196 0.0112076
48 10 98 196 0.0116347
49 10 98 196 0.0131088
50 10 98 196 0.011811
41 11 98 196 0.0107968
42 11 98 196 0.0137772
43 11 98 196 0.0160955
44 11 98 196 0.0150037
45 11 98 196 0.0126344
46 11 98 196 0.0114753
47 11 98 196 0.0113816
48 11 98 196 0.0123732
49 11 98 196 0.0135682
50 11 98 196 0.012144
42 12 98 196 0.0120546
43 12 98 196 0.0138856
44 12 98 196 0.0131707
45 12 98 196 0.011914
46 12 98 196 0.0119063
47 12 98 196 0.0120611
48 12 98 196 0.0123181
49 12 98 196 0.0125572
50 12 98 196 0.0113522
43 13 98 196 0.0108958
44 13 98 196 0.0104513
46 13 98 196 0.010209
47 13 98 196 0.0103129
48 13 98 196 0.010298
49 13 98 196 0.0103863
228 11 85 170 0.0111388
229 11 85 170 0.0105187
230 11 85 170 0.0112778
231 11 85 170 0.0152534
232 11 85 170 0.0171349
233 11 85 170 0.014872
228 12 85 170 0.0117207
229 12 85 170 0.0120247
230 12 85 170 0.014331
231 12 85 170 0.0205963
232 12 85 170 0.0244342
233 12 85 170 0.0221167
234 12 85 170 0.0111358
228 13 85 170 0.0124994
229 13 85 170 0.0144288
230 13 85 170 0.0181543
231 13 85 170 0.026143
232 13 85 170 0.0319274
233 13 85 170 0.0290584
234 13 85 170 0.0144992
228 14 85 170 0.0111261
229 14 85 170 0.0129132
230 14 85 170 0.0172754
231 14 85 170 0.0257851
232 14 85 170 0.0304219
233 14 85 170 0.027715
234 14 85 170 0.0141351
230 15 85 170 0.0123253
231 15 85 170 0.0189926
232 15 85 170 0.0217935
233 15 85 170 0.020143
234 15 85 170 0.0106154
231 16 85 170 0.011172
232 16 85 170 0.0140117
233 16 85 170 0.0134113
38 17 85 170 0.0102021
55 19 85 170 0.0111124
56 19 85 170 0.0164101
57 19 85 170 0.0176687
58 19 85 170 0.0195525
59 19 85 170 0.0201847
60 19 85 170 0.0159648
61 19 85 170 0.0129783
62 19 85 170 0.0111933
53 20 85 170 0.0112213
54 20 85 170 0.0137226
55 20 85 170 0.0195676
56 20 85 170 0.0294934
57 20 85 170 0.029817
58 20 85 170 0.0327064
59 20 85 170 0.0351181
60 20 85 170 0.0280838
61 20 85 170 0.0221538
62 20 85 170 0.0176188
63 20 85 170 0.0123124
53 21 85 170 0.0107634
54 21 85 170 0.0142715
55 21 85 170 0.0202612
56 21 85 170 0.0292091
57 21 85 170 0.0300293
58 21 85 170 0.0352365
59 21 85 170 0.0380436
60 21 85 170 0.0283367
61 21 85 170 0.022739
62 21 85 170 0.0182783
63 21 85 170 0.0122344
53 22 85 170 0.0119211
54 22 85 170 0.0156478
55 22 85 170 0.0228584
56 22 85 170 0.0346328
57 22 85 170 0.0377345
58 22 85 170 0.0433505
59 22 85 170 0.0448668
60 22 85 170 0.0335178
61 22 85 170 0.0269525
62 22 85 170 0.0195631
63 22 85 170 0.0109057
53 23 85 170 0.0127035
54 23 85 170 0.0165334
55 23 85 170 0.0247897
56 23 85 170 0.0389588
57 23 85 170 0.0448189
58 23 85 170 0.0502029
59 23 85 170 0.0497925
60 23 85 170 0.0371136
61 23 85 170 0.0275661
62 23 85 170 0.0178359
53 24 85 170 0.0106176
54 24 85 170 0.0151093
55 24 85 170 0.0223538
56 24 85 170 0.0331428
57 24 85 170 0.0397939
58 24 85 170 0.0457837
59 24 85 170 0.0440115
60 24 85 170 0.0295138
61 24 85 170 0.0178434
62 24 85 170 0.0106129
53 25 85 170 0.0123647
54 25 85 170 0.0175292
55 25 85 170 0.0258919
56 25 85 170 0.0379118
57 25 85 170 0.0413318
58 25 85 170 0.0452097
59 25 85 170 0.0431207
60 25 85 170 0.0275022
61 25 85 170 0.015969
53 26 85 170 0.011571
54 26 85 170 0.015706
55 26 85 170 0.0232677
56 26 85 170 0.0343714
57 26 85 170 0.0342935
58 26 85 170 0.0356648
59 26 85 170 0.0336919
60 26 85 170 0.0200412
61 26 85 170 0.0119353
54 27 85 170 0.0123568
55 27 85 170 0.0175317
56 27 85 170 0.0251032
57 27 85 170 0.0241949
58 27 85 170 0.0230473
59 27 85 170 0.0196727
60 27 85 170 0.0100355
54 28 85 170 0.0123418
55 28 85 170 0.0161204
56 28 85 170 0.0213709
57 28 85 170 0.0215356
58 28 85 170 0.0182477
59 28 85 170 0.0128198
55 29 85 170 0.0110178
56 29 85 170 0.0135542
57 29 85 170 0.0136926
58 29 85 170 0.0116931
56 30 85 170 0.0125136
57 30 85 170 0.0130014
58 30 85 170 0.0109242
56 31 85 170 0.0127567
57 31 85 170 0.0135709
58 31 85 170 0.0108448
0 46 85 170 0.0119446
0 47 85 170 0.0156135
1 47 85 170 0.0127783
2 47 85 170 0.0105337
3 47 85 170 0.0100999
0 48 85 170 0.014398
1 48 85 170 0.0103847
0 49 85 170 0.0165543
1 49 85 170 0.0133847
2 49 85 170 0.0113981
3 49 85 170 0.0111482
0 50 85 170 0.0136494
1 50 85 170 0.0115726
10 23 64 128 0.0108477
11 23 64 128 0.0115699
8 24 64 128 0.0107085
9 24 64 128 0.0110984
10 24 64 128 0.0132151
11 24 64 128 0.012214
12 24 64 128 0.0123885
52 24 64 128 0.0119504
53 24 64 128 0.0121326
54 24 64 128 0.0133155
9 25 64 128 0.0100387
50 25 64 128 0.0161671
51 25 64 128 0.0163957
52 25 64 128 0.0210879
53 25 64 128 0.0228798
54 25 64 128 0.0242353
55 25 64 128 0.0192555
56 25 64 128 0.0153334
57 25 64 128 0.0124565
5 26 64 128 0.0102359
6 26 64 128 0.011367
43 26 64 128 0.0103184
44 26 64 128 0.0159136
45 26 64 128 0.0159529
46 26 64 128 0.0156877
47 26 64 128 0.0140078
48 26 64 128 0.0123032
49 26 64 128 0.0122461
50 26 64 128 0.0213058
51 26 64 128 0.020076
52 26 64 128 0.0281364
53 26 64 128 0.0325261
54 26 64 128 0.0375463
55 26 64 128 0.0249042
56 26 64 128 0.0213362
57 26 64 128 0.0186087
58 26 64 128 0.0143465
5 27 64 128 0.0105324
44 27 64 128 0.0136431
45 27 64 128 0.0162006
46 27 64 128 0.0157161
47 27 64 128 0.0133859
48 27 64 128 0.0111171
49 27 64 128 0.0132234
50 27 64 128 0.0222497
51 27 64 128 0.0243706
52 27 64 128 0.0284581
53 27 64 128 0.0319573
54 27 64 128 0.0361535
55 27 64 128 0.0283482
56 27 64 128 0.0219576
57 27 64 128 0.0236298
58 27 64 128 0.0161628
59 27 64 128 0.0101801
4 28 64 128 0.0114267
5 28 64 128 0.0101232
44 28 64 128 0.0114997
45 28 64 128 0.011991
46 28 64 128 0.0141525
47 28 64 128 0.0127967
48 28 64 128 0.0110363
49 28 64 128 0.0122315
50 28 64 128 0.0194964
51 28 64 128 0.0207383
52 28 64 128 0.0253075
53 28 64 128 0.0272205
54 28 64 128 0.0295815
55 28 64 128 0.023202
56 28 64 128 0.01929
57 28 64 128 0.0200192
58 28 64 128 0.0139801
50 29 64 128 0.0134614
51 29 64 128 0.0146329
52 29 64 128 0.0180145
53 29 64 128 0.0200661
54 29 64 128 0.025766
55 29 64 128 0.0208051
56 29 64 128 0.0172344
57 29 64 128 0.0195542
58 29 64 128 0.0153279
52 30 64 128 0.0115558
53 30 64 128 0.0125633
54 30 64 128 0.0155191
55 30 64 128 0.0128241
56 30 64 128 0.0112662
57 30 64 128 0.0113107
77 30 64 128 0.0108441
78 30 64 128 0.0108363
79 30 64 128 0.0104309
74 31 64 128 0.0105722
75 31 64 128 0.0125203
76 31 64 128 0.0133051
77 31 64 128 0.0176932
78 31 64 128 0.0195105
79 31 64 128 0.014113
80 31 64 128 0.0102985
74 32 64 128 0.0115956
75 32 64 128 0.012722
76 32 64 128 0.0157792
77 32 64 128 0.0179255
78 32 64 128 0.0189005
79 32 64 128 0.0144464
80 32 64 128 0.0100357
209 32 64 128 0.0103775
210 32 64 128 0.011126
211 32 64 128 0.0128369
212 32 64 128 0.0157087
213 32 64 128 0.0222145
214 32 64 128 0.0232081
215 32 64 128 0.0291358
216 32 64 128 0.0345133
217 32 64 128 0.0290281
218 32 64 128 0.018788
219 32 64 128 0.0131782
72 33 64 128 0.0122768
73 33 64 128 0.0128058
74 33 64 128 0.0159573
75 33 64 128 0.0191424
76 33 64 128 0.0231816
77 33 64 128 0.0308275
78 33 64 128 0.0303865
79 33 64 128 0.0222887
80 33 64 128 0.0146729
210 33 64 128 0.0104701
211 33 64 128 0.0121181
212 33 64 128 0.0168671
213 33 64 128 0.0237592
214 33 64 128 0.0295502
215 33 64 128 0.043704
216 33 64 128 0.0563364
217 33 64 128 0.0502792
218 33 64 128 0.0355195
219 33 64 128 0.0265707
220 33 64 128 0.0126297
72 34 64 128 0.0109923
73 34 64 128 0.010133
74 34 64 128 0.0116741
75 34 64 128 0.0124019
76 34 64 128 0.0150039
77 34 64 128 0.0182785
78 34 64 128 0.0176237
79 34 64 128 0.0106862
211 34 64 128 0.0104501
212 34 64 128 0.014018
213 34 64 128 0.0210977
214 34 64 128 0.028862
215 34 64 128 0.0482884
216 34 64 128 0.0667841
217 34 64 128 0.0613415
218 34 64 128 0.0449548
219 34 64 128 0.0314575
220 34 64 128 0.017104
77 35 64 128 0.0113125
78 35 64 128 0.0105093
213 35 64 128 0.0110612
214 35 64 128 0.0168584
215 35 64 128 0.0300916
216 35 64 128 0.0495183
217 35 64 128 0.0512497
218 35 64 128 0.041391
219 35 64 128 0.0323872
220 35 64 128 0.0184157
214 36 64 128 0.0154604
215 36 64 128 0.0283252
216 36 64 128 0.0513483
217 36 64 128 0.0599579
218 36 64 128 0.0514232
219 36 64 128 0.0419731
220 36 64 128 0.0272504
221 36 64 128 0.0104531
214 37 64 128 0.0145831
215 37 64 128 0.0307755
216 37 64 128 0.0484962
217 37 64 128 0.0572756
218 37 64 128 0.0541866
219 37 64 128 0.0473334
220 37 64 128 0.0260758
221 37 64 128 0.0100226
214 38 64 128 0.0183333
215 38 64 128 0.0406823
216 38 64 128 0.0724396
217 38 64 128 0.0824263
218 38 64 128 0.0817389
219 38 64 128 0.0574086
220 38 64 128 0.0360002
221 38 64 128 0.0148033
214 39 64 128 0.0141619
215 39 64 128 0.0324196
216 39 64 128 0.0607765
217 39 64 128 0.0742348
218 39 64 128 0.0776076
219 39 64 128 0.0631656
220 39 64 128 0.0385548
221 39 64 128 0.0160823
214 40 64 128 0.0202713
215 40 64 128 0.0482816
216 40 64 128 0.0994396
217 40 64 128 0.140877
218 40 64 128 0.158338
219 40 64 128 0.121251
220 40 64 128 0.0850331
221 40 64 128 0.0387411
222 40 64 128 0.0164509
214 41 64 128 0.0232729
215 41 64 128 0.0555806
216 41 64 128 0.0954866
217 41 64 128 0.137601
218 41 64 128 0.147214
219 41 64 128 0.121101
220 41 64 128 0.0915664
221 41 64 128 0.0440655
222 41 64 128 0.0174548
214 42 64 128 0.0110399
215 42 64 128 0.024307
216 42 64 128 0.0483047
217 42 64 128 0.0640965
218 42 64 128 0.0745098
219 42 64 128 0.063404
220 42 64 128 0.05298
221 42 64 128 0.0270259
222 42 64 128 0.0123327
240 42 64 128 0.0135931
241 42 64 128 0.0159116
242 42 64 128 0.0174623
243 42 64 128 0.0152461
244 42 64 128 0.0147873
215 43 64 128 0.0181479
216 43 64 128 0.0346955
217 43 64 128 0.0462261
218 43 64 128 0.0524866
219 43 64 128 0.0402815
220 43 64 128 0.03579
221 43 64 128 0.01996
222 43 64 128 0.0107923
239 43 64 128 0.0121624
240 43 64 128 0.0182187
241 43 64 128 0.0194975
242 43 64 128 0.0234202
243 43 64 128 0.019244
244 43 64 128 0.0172505
245 43 64 128 0.0128003
246 43 64 128 0.0119184
216 44 64 128 0.0172984
217 44 64 128 0.0265338
218 44 64 128 0.0321437
219 44 64 128 0.0245303
220 44 64 128 0.0200905
221 44 64 128 0.0119802
236 44 64 128 0.0109485
237 44 64 128 0.0114967
238 44 64 128 0.0145485
239 44 64 128 0.0186369
240 44 64 128 0.0366116
241 44 64 128 0.0393642
242 44 64 128 0.0506346
243 44 64 128 0.0509659
244 44 64 128 0.0488751
245 44 64 128 0.0322061
246 44 64 128 0.0289017
247 44 64 128 0.0226611
248 44 64 128 0.0195724
249 44 64 128 0.0119303
216 45 64 128 0.0141421
217 45 64 128 0.0217452
218 45 64 128 0.0265137
219 45 64 128 0.0208994
220 45 64 128 0.0151672
236 45 64 128 0.01089
237 45 64 128 0.0119998
238 45 64 128 0.0151254
239 45 64 128 0.0202053
240 45 64 128 0.0357321
241 45 64 128 0.0420578
242 45 64 128 0.0520161
243 45 64 128 0.050014
244 45 64 128 0.0502752
245 45 64 128 0.0370888
246 45 64 128 0.036102
247 45 64 128 0.030418
248 45 64 128 0.0296275
249 45 64 128 0.0222143
250 45 64 128 0.0150667
235 46 64 128 0.0101595
236 46 64 128 0.0130352
237 46 64 128 0.015538
238 46 64 128 0.0193502
239 46 64 128 0.0259704
240 46 64 128 0.050607
241 46 64 128 0.0606358
242 46 64 128 0.0771472
243 46 64 128 0.0821207
244 46 64 128 0.0852851
245 46 64 128 0.0688348
246 46 64 128 0.065307
247 46 64 128 0.0600615
248 46 64 128 0.0517224
249 46 64 128 0.0406142
250 46 64 128 0.0350145
251 46 64 128 0.0242543
252 46 64 128 0.0214131
253 46 64 128 0.0220994
254 46 64 128 0.0266259
255 46 64 128 0.0198824
66 47 64 128 0.0100112
67 47 64 128 0.0180434
68 47 64 128 0.0200653
69 47 64 128 0.0195744
70 47 64 128 0.0178718
71 47 64 128 0.0105863
236 47 64 128 0.0102605
237 47 64 128 0.0128602
238 47 64 128 0.021139
239 47 64 128 0.0271077
240 47 64 128 0.0438465
241 47 64 128 0.0580322
242 47 64 128 0.0879542
243 47 64 128 0.0918479
244 47 64 128 0.108132
245 47 64 128 0.094419
246 47 64 128 0.0977868
247 47 64 128 0.0933742
248 47 64 128 0.0827474
249 47 64 128 0.0739613
250 47 64 128 0.0653964
251 47 64 128 0.04983
252 47 64 128 0.0445877
253 47 64 128 0.0497531
254 47 64 128 0.0558021
255 47 64 128 0.0369288
43 48 64 128 0.0101996
44 48 64 128 0.0128364
45 48 64 128 0.0110421
47 48 64 128 0.0104117
48 48 64 128 0.0112667
65 48 64 128 0.0104163
66 48 64 128 0.0203781
67 48 64 128 0.0342262
68 48 64 128 0.0313866
69 48 64 128 0.0360976
70 48 64 128 0.0339253
71 48 64 128 0.0203814
236 48 64 128 0.0106751
237 48 64 128 0.01473
238 48 64 128 0.0229463
239 48 64 128 0.032225
240 48 64 128 0.0575505
241 48 64 128 0.0771536
242 48 64 128 0.10603
243 48 64 128 0.129035
244 48 64 128 0.144862
245 48 64 128 0.137295
246 48 64 128 0.143226
247 48 64 128 0.16067
248 48 64 128 0.14946
249 48 64 128 0.134373
250 48 64 128 0.112971
251 48 64 128 0.0916868
252 48 64 128 0.0808236
253 48 64 128 0.0876579
254 48 64 128 0.0964758
255 48 64 128 0.072916
43 49 64 128 0.0207619
44 49 64 128 0.025914
45 49 64 128 0.0191134
46 49 64 128 0.0170499
47 49 64 128 0.0216364
48 49 64 128 0.0237162
49 49 64 128 0.0183013
65 49 64 128 0.0197112
66 49 64 128 0.0372765
67 49 64 128 0.0634438
68 49 64 128 0.068776
69 49 64 128 0.072692
70 49 64 128 0.0648512
71 49 64 128 0.0355632
72 49 64 128 0.0142217
237 49 64 128 0.0117087
238 49 64 128 0.0189437
239 49 64 128 0.0254723
240 49 64 128 0.0428351
241 49 64 128 0.0638721
242 49 64 128 0.0877979
243 49 64 128 0.0994048
244 49 64 128 0.120394
245 49 64 128 0.113788
246 49 64 128 0.135845
247 49 64 128 0.137078
248 49 64 128 0.126958
249 49 64 128 0.116613
250 49 64 128 0.0988833
251 49 64 128 0.0714891
252 49 64 128 0.0586995
253 49 64 128 0.0732104
254 49 64 128 0.0873893
255 49 64 128 0.0678897
36 50 64 128 0.0101967
42 50 64 128 0.0124476
43 50 64 128 0.022606
44 50 64 128 0.0229972
45 50 64 128 0.0199187
46 50 64 128 0.0192442
47 50 64 128 0.0263538
48 50 64 128 0.0265793
49 50 64 128 0.0229901
50 50 64 128 0.0142534
64 50 64 128 0.0117602
65 50 64 128 0.0287853
66 50 64 128 0.0543849
67 50 64 128 0.0915832
68 50 64 128 0.089099
69 50 64 128 0.094536
70 50 64 128 0.0791684
71 50 64 128 0.0503482
72 50 64 128 0.0198231
237 50 64 128 0.0104575
238 50 64 128 0.0191286
239 50 64 128 0.0267503
240 50 64 128 0.0458829
241 50 64 128 0.065398
242 50 64 128 0.0803621
243 50 64 128 0.0858207
244 50 64 128 0.079935
245 50 64 128 0.0739904
246 50 64 128 0.0744527
247 50 64 128 0.0769823
248 50 64 128 0.0644949
249 50 64 128 0.0619389
250 50 64 128 0.052309
251 50 64 128 0.0376201
252 50 64 128 0.0314267
253 50 64 128 0.041897
254 50 64 128 0.0539775
255 50 64 128 0.0459856
35 51 64 128 0.0103465
36 51 64 128 0.0105558
43 51 64 128 0.0150715
44 51 64 128 0.0180313
45 51 64 128 0.0185773
46 51 64 128 0.021163
47 51 64 128 0.030435
48 51 64 128 0.0449411
49 51 64 128 0.0402278
50 51 64 128 0.0215342
51 51 64 128 0.0105091
64 51 64 128 0.0108717
65 51 64 128 0.0284744
66 51 64 128 0.0475654
67 51 64 128 0.0848966
68 51 64 128 0.086468
69 51 64 128 0.0973116
70 51 64 128 0.0841132
71 51 64 128 0.0609999
72 51 64 128 0.0283998
73 51 64 128 0.0102579
238 51 64 128 0.0162192
239 51 64 128 0.0225066
240 51 64 128 0.0385744
241 51 64 128 0.0565796
242 51 64 128 0.0731821
243 51 64 128 0.0685681
244 51 64 128 0.0760606
245 51 64 128 0.0674023
246 51 64 128 0.0623831
247 51 64 128 0.0537953
248 51 64 128 0.0439422
249 51 64 128 0.0374534
250 51 64 128 0.029864
251 51 64 128 0.0233652
252 51 64 128 0.0200049
253 51 64 128 0.0268431
254 51 64 128 0.0324404
255 51 64 128 0.0268503
34 52 64 128 0.0114427
35 52 64 128 0.0148787
36 52 64 128 0.0155196
37 52 64 128 0.0128501
43 52 64 128 0.0106651
44 52 64 128 0.0138467
45 52 64 128 0.011486
46 52 64 128 0.0130675
47 52 64 128 0.022703
48 52 64 128 0.0308584
49 52 64 128 0.0253229
50 52 64 128 0.0160388
64 52 64 128 0.0117277
65 52 64 128 0.0276761
66 52 64 128 0.0445034
67 52 64 128 0.0760342
68 52 64 128 0.0669314
69 52 64 128 0.0866193
70 52 64 128 0.0690602
71 52 64 128 0.0571822
72 52 64 128 0.0235819
73 52 64 128 0.0116181
238 52 64 128 0.0132095
239 52 64 128 0.0204273
240 52 64 128 0.0368132
241 52 64 128 0.0515188
242 52 64 128 0.059631
243 52 64 128 0.0651573
244 52 64 128 0.0620979
245 52 64 128 0.0502735
246 52 64 128 0.0421099
247 52 64 128 0.0360316
248 52 64 128 0.0233632
249 52 64 128 0.0202328
250 52 64 128 0.015505
251 52 64 128 0.0104567
253 52 64 128 0.0142546
254 52 64 128 0.0214898
255 52 64 128 0.018449
0 53 64 128 0.0106063
33 53 64 128 0.0107523
34 53 64 128 0.0125849
35 53 64 128 0.0160159
36 53 64 128 0.0159144
37 53 64 128 0.0127836
44 53 64 128 0.0100697
46 53 64 128 0.0112642
47 53 64 128 0.0178793
48 53 64 128 0.0247374
49 53 64 128 0.0216186
50 53 64 128 0.0131658
64 53 64 128 0.0138416
65 53 64 128 0.0283201
66 53 64 128 0.0402206
67 53 64 128 0.063194
68 53 64 128 0.0719164
69 53 64 128 0.0949181
70 53 64 128 0.0854789
71 53 64 128 0.058225
72 53 64 128 0.0281163
73 53 64 128 0.0109876
238 53 64 128 0.0102652
239 53 64 128 0.0124072
240 53 64 128 0.0216849
241 53 64 128 0.0289701
242 53 64 128 0.0359753
243 53 64 128 0.0342838
244 53 64 128 0.0334627
245 53 64 128 0.0254738
246 53 64 128 0.0203452
247 53 64 128 0.0149293
248 53 64 128 0.0105141
0 54 64 128 0.0147603
32 54 64 128 0.0109053
33 54 64 128 0.0136616
34 54 64 128 0.0167619
35 54 64 128 0.0201988
36 54 64 128 0.0204056
37 54 64 128 0.0148335
38 54 64 128 0.0109839
47 54 64 128 0.010408
48 54 64 128 0.0118665
49 54 64 128 0.0109972
62 54 64 128 0.0113343
63 54 64 128 0.0144614
64 54 64 128 0.02112
65 54 64 128 0.0396558
66 54 64 128 0.0543241
67 54 64 128 0.0845661
68 54 64 128 0.0838565
69 54 64 128 0.105449
70 54 64 128 0.0893689
71 54 64 128 0.0682927
72 54 64 128 0.0326453
73 54 64 128 0.0147918
241 54 64 128 0.0108737
242 54 64 128 0.0121911
243 54 64 128 0.0118019
244 54 64 128 0.0105659
0 55 64 128 0.0112434
32 55 64 128 0.0110034
33 55 64 128 0.0140793
34 55 64 128 0.0151324
35 55 64 128 0.0191474
36 55 64 128 0.0168179
37 55 64 128 0.0114431
48 55 64 128 0.0107636
61 55 64 128 0.0146163
62 55 64 128 0.0153739
63 55 64 128 0.023705
64 55 64 128 0.028496
65 55 64 128 0.0499534
66 55 64 128 0.0647019
67 55 64 128 0.0964263
68 55 64 128 0.0943427
69 55 64 128 0.121384
70 55 64 128 0.103053
71 55 64 128 0.0772688
72 55 64 128 0.0430871
73 55 64 128 0.0201471
74 55 64 128 0.0101674
0 56 64 128 0.0129024
1 56 64 128 0.0102163
32 56 64 128 0.0126002
33 56 64 128 0.0135811
34 56 64 128 0.0142486
35 56 64 128 0.0159567
36 56 64 128 0.0150952
61 56 64 128 0.0145284
62 56 64 128 0.020598
63 56 64 128 0.0261139
64 56 64 128 0.0333764
65 56 64 128 0.0668926
66 56 64 128 0.0782287
67 56 64 128 0.105178
68 56 64 128 0.082392
69 56 64 128 0.120783
70 56 64 128 0.0893279
71 56 64 128 0.0794289
72 56 64 128 0.0396753
73 56 64 128 0.022911
74 56 64 128 0.0103935
33 57 64 128 0.0102136
34 57 64 128 0.0101989
35 57 64 128 0.0121866
61 57 64 128 0.0132445
62 57 64 128 0.0236053
63 57 64 128 0.0245041
64 57 64 128 0.0343276
65 57 64 128 0.0497754
66 57 64 128 0.0734874
67 57 64 128 0.0839735
68 57 64 128 0.0765087
69 57 64 128 0.0871934
70 57 64 128 0.0630319
71 57 64 128 0.0436143
72 57 64 128 0.0202944
61 58 64 128 0.0121855
62 58 64 128 0.021898
63 58 64 128 0.0251331
64 58 64 128 0.0307442
65 58 64 128 0.0425612
66 58 64 128 0.0481935
67 58 64 128 0.0563632
68 58 64 128 0.04823
69 58 64 128 0.0551848
70 58 64 128 0.0390606
71 58 64 128 0.028687
72 58 64 128 0.0125405
63 59 64 128 0.0127835
64 59 64 128 0.0161238
65 59 64 128 0.0178515
66 59 64 128 0.0209415
67 59 64 128 0.0271449
68 59 64 128 0.028805
69 59 64 128 0.0274571
70 59 64 128 0.018981
71 59 64 128 0.0120188
202 69 64 128 0.0101656
204 72 64 128 0.0103925
206 72 64 128 0.010365
202 73 64 128 0.0111936
203 73 64 128 0.0108391
204 73 64 128 0.0173701
205 73 64 128 0.0162304
206 73 64 128 0.0206084
207 73 64 128 0.014765
208 73 64 128 0.0176479
209 73 64 128 0.0141983
210 73 64 128 0.0172028
211 73 64 128 0.0154175
212 73 64 128 0.014165
213 73 64 128 0.0136528
214 73 64 128 0.0133214
201 74 64 128 0.0117236
202 74 64 128 0.017811
203 74 64 128 0.0189992
204 74 64 128 0.030696
205 74 64 128 0.0342913
206 74 64 128 0.036758
207 74 64 128 0.0297435
208 74 64 128 0.0289712
209 74 64 128 0.0260426
210 74 64 128 0.0248544
211 74 64 128 0.0257429
212 74 64 128 0.0185504
213 74 64 128 0.0164855
214 74 64 128 0.0136367
215 74 64 128 0.010138
200 75 64 128 0.0138653
201 75 64 128 0.0151236
202 75 64 128 0.0245112
203 75 64 128 0.023398
204 75 64 128 0.0427835
205 75 64 128 0.0489998
206 75 64 128 0.0804581
207 75 64 128 0.0601499
208 75 64 128 0.0739536
209 75 64 128 0.0632066
210 75 64 128 0.0781344
211 75 64 128 0.0583855
212 75 64 128 0.0545966
213 75 64 128 0.0461787
214 75 64 128 0.0477076
215 75 64 128 0.0292872
216 75 64 128 0.0170496
218 75 64 128 0.0117195
220 75 64 128 0.0103721
200 76 64 128 0.0156409
201 76 64 128 0.0185956
202 76 64 128 0.027184
203 76 64 128 0.0253443
204 76 64 128 0.040318
205 76 64 128 0.0528755
206 76 64 128 0.0854836
207 76 64 128 0.0896319
208 76 64 128 0.0949792
209 76 64 128 0.0870248
210 76 64 128 0.0975926
211 76 64 128 0.0855269
212 76 64 128 0.0747628
213 76 64 128 0.0634567
214 76 64 128 0.0629438
215 76 64 128 0.0390443
216 76 64 128 0.0206183
217 76 64 128 0.0108543
218 76 64 128 0.01396
219 76 64 128 0.0131547
220 76 64 128 0.0128001
200 77 64 128 0.0173809
201 77 64 128 0.0151867
202 77 64 128 0.0201056
203 77 64 128 0.0162041
204 77 64 128 0.0279738
205 77 64 128 0.031255
206 77 64 128 0.0675627
207 77 64 128 0.0769204
208 77 64 128 0.105098
209 77 64 128 0.108218
210 77 64 128 0.124889
211 77 64 128 0.107507
212 77 64 128 0.0999433
213 77 64 128 0.113189
214 77 64 128 0.110546
215 77 64 128 0.0734563
216 77 64 128 0.0385467
217 77 64 128 0.0205615
218 77 64 128 0.0219682
219 77 64 128 0.016086
220 77 64 128 0.0168635
221 77 64 128 0.0113513
198 78 64 128 0.0101698
200 78 64 128 0.0108131
201 78 64 128 0.0103695
202 78 64 128 0.0131206
203 78 64 128 0.0123124
204 78 64 128 0.0162
205 78 64 128 0.0189525
206 78 64 128 0.033661
207 78 64 128 0.0517017
208 78 64 128 0.063982
209 78 64 128 0.0672007
210 78 64 128 0.0782361
211 78 64 128 0.0838756
212 78 64 128 0.0739124
213 78 64 128 0.072615
214 78 64 128 0.0759051
215 78 64 128 0.0582795
216 78 64 128 0.0301603
217 78 64 128 0.0150011
218 78 64 128 0.0154118
219 78 64 128 0.0144069
220 78 64 128 0.0142763
39 79 64 128 0.0128308
40 79 64 128 0.0144641
41 79 64 128 0.0104192
69 79 64 128 0.0112602
70 79 64 128 0.0119834
71 79 64 128 0.0113671
72 79 64 128 0.0122157
196 79 64 128 0.0142935
197 79 64 128 0.0140139
198 79 64 128 0.0180867
199 79 64 128 0.0122724
200 79 64 128 0.0131121
202 79 64 128 0.0110951
204 79 64 128 0.0118971
205 79 64 128 0.0119467
206 79 64 128 0.0254866
207 79 64 128 0.0340714
208 79 64 128 0.0505405
209 79 64 128 0.0586667
210 79 64 128 0.0848779
211 79 64 128 0.0818629
212 79 64 128 0.087155
213 79 64 128 0.112344
214 79 64 128 0.141294
215 79 64 128 0.103414
216 79 64 128 0.0603032
217 79 64 128 0.0305717
218 79 64 128 0.027299
219 79 64 128 0.0214809
220 79 64 128 0.0214323
221 79 64 128 0.0150075
222 79 64 128 0.0140542
37 80 64 128 0.0115868
38 80 64 128 0.0169547
39 80 64 128 0.0259673
40 80 64 128 0.026145
41 80 64 128 0.0177405
42 80 64 128 0.0133085
67 80 64 128 0.0142591
68 80 64 128 0.0205275
69 80 64 128 0.0259206
70 80 64 128 0.0317387
71 80 64 128 0.0342663
72 80 64 128 0.0297473
73 80 64 128 0.0204412
74 80 64 128 0.013706
75 80 64 128 0.0116664
195 80 64 128 0.0126172
196 80 64 128 0.019264
197 80 64 128 0.018756
198 80 64 128 0.0206485
199 80 64 128 0.0157162
200 80 64 128 0.0126947
206 80 64 128 0.0129017
207 80 64 128 0.0167863
208 80 64 128 0.0209249
209 80 64 128 0.0224858
210 80 64 128 0.0325818
211 80 64 128 0.0357543
212 80 64 128 0.0386139
213 80 64 128 0.0637692
214 80 64 128 0.0812195
215 80 64 128 0.0624457
216 80 64 128 0.0315082
217 80 64 128 0.0199929
218 80 64 128 0.019697
219 80 64 128 0.0203641
220 80 64 128 0.0177669
221 80 64 128 0.0137756
222 80 64 128 0.0116124
35 81 64 128 0.0111006
36 81 64 128 0.0165484
37 81 64 128 0.0260177
38 81 64 128 0.0400768
39 81 64 128 0.0602331
40 81 64 128 0.0607749
41 81 64 128 0.0394232
42 81 64 128 0.0246518
43 81 64 128 0.017257
66 81 64 128 0.0101452
67 81 64 128 0.014763
68 81 64 128 0.0240024
69 81 64 128 0.0318153
70 81 64 128 0.0394062
71 81 64 128 0.0406631
72 81 64 128 0.0384556
73 81 64 128 0.0283083
74 81 64 128 0.0227143
75 81 64 128 0.0187479
76 81 64 128 0.0147914
77 81 64 128 0.0119232
193 81 64 128 0.0109383
194 81 64 128 0.0165162
195 81 64 128 0.0204894
196 81 64 128 0.0337397
197 81 64 128 0.0297471
198 81 64 128 0.032219
199 81 64 128 0.023371
200 81 64 128 0.0197351
201 81 64 128 0.0125531
207 81 64 128 0.0104627
208 81 64 128 0.0110204
209 81 64 128 0.0124802
210 81 64 128 0.0162436
211 81 64 128 0.0207142
212 81 64 128 0.0251268
213 81 64 128 0.0424111
214 81 64 128 0.0612754
215 81 64 128 0.0545088
216 81 64 128 0.032039
217 81 64 128 0.0187212
218 81 64 128 0.017024
219 81 64 128 0.0159905
220 81 64 128 0.015077
35 82 64 128 0.0102094
36 82 64 128 0.0180767
37 82 64 128 0.0294849
38 82 64 128 0.0542619
39 82 64 128 0.078735
40 82 64 128 0.0750604
41 82 64 128 0.0518277
42 82 64 128 0.0340765
43 82 64 128 0.0216209
44 82 64 128 0.0119331
65 82 64 128 0.014872
66 82 64 128 0.0220094
67 82 64 128 0.0344742
68 82 64 128 0.0519169
69 82 64 128 0.0700016
70 82 64 128 0.0730252
71 82 64 128 0.0864205
72 82 64 128 0.0820965
73 82 64 128 0.0673586
74 82 64 128 0.0452464
75 82 64 128 0.0373533
76 82 64 128 0.0237517
77 82 64 128 0.0179619
195 82 64 128 0.0143518
196 82 64 128 0.0226267
197 82 64 128 0.0241956
198 82 64 128 0.0224426
199 82 64 128 0.0128965
213 82 64 128 0.0113767
214 82 64 128 0.0193284
215 82 64 128 0.0195114
216 82 64 128 0.0118033
35 83 64 128 0.0110158
36 83 64 128 0.022603
37 83 64 128 0.0432789
38 83 64 128 0.0788784
39 83 64 128 0.124905
40 83 64 128 0.111869
41 83 64 128 0.0756363
42 83 64 128 0.0503989
43 83 64 128 0.0309779
44 83 64 128 0.0144287
66 83 64 128 0.0134086
67 83 64 128 0.0217047
68 83 64 128 0.0329702
69 83 64 128 0.0450111
70 83 64 128 0.0499765
71 83 64 128 0.0558171
72 83 64 128 0.0596775
73 83 64 128 0.0465664
74 83 64 128 0.0350755
75 83 64 128 0.0275625
76 83 64 128 0.0197869
77 83 64 128 0.0142975
195 83 64 128 0.0148668
196 83 64 128 0.0230227
197 83 64 128 0.0254689
198 83 64 128 0.0234083
199 83 64 128 0.0121429
214 83 64 128 0.0123336
215 83 64 128 0.0120242
36 84 64 128 0.0130496
37 84 64 128 0.0257274
38 84 64 128 0.050272
39 84 64 128 0.0854569
40 84 64 128 0.0765111
41 84 64 128 0.0537818
42 84 64 128 0.0347709
43 84 64 128 0.021114
44 84 64 128 0.0125474
65 84 64 128 0.0151838
66 84 64 128 0.0234198
67 84 64 128 0.0312303
68 84 64 128 0.0362907
69 84 64 128 0.0440869
70 84 64 128 0.0477416
71 84 64 128 0.0548174
72 84 64 128 0.0497707
73 84 64 128 0.0466143
74 84 64 128 0.0321873
75 84 64 128 0.0247584
76 84 64 128 0.0140525
196 84 64 128 0.010301
197 84 64 128 0.0108983
198 84 64 128 0.0106663
36 85 64 128 0.0160519
37 85 64 128 0.0337222
38 85 64 128 0.0552123
39 85 64 128 0.0921379
40 85 64 128 0.0770046
41 85 64 128 0.0560075
42 85 64 128 0.0382545
43 85 64 128 0.0273954
44 85 64 128 0.0132719
67 85 64 128 0.011518
68 85 64 128 0.0129326
69 85 64 128 0.0136737
70 85 64 128 0.016433
71 85 64 128 0.0184079
72 85 64 128 0.0170447
73 85 64 128 0.0148465
74 85 64 128 0.0113016
37 86 64 128 0.017662
38 86 64 128 0.0331113
39 86 64 128 0.0548882
40 86 64 128 0.0466991
41 86 64 128 0.0362416
42 86 64 128 0.0309348
43 86 64 128 0.025791
44 86 64 128 0.0136328
66 86 64 128 0.0126398
67 86 64 128 0.0156479
68 86 64 128 0.0169882
69 86 64 128 0.0160667
70 86 64 128 0.0173804
71 86 64 128 0.0189084
72 86 64 128 0.0155664
73 86 64 128 0.0124149
37 87 64 128 0.0112378
38 87 64 128 0.0189416
39 87 64 128 0.0371535
40 87 64 128 0.0353241
41 87 64 128 0.0327434
42 87 64 128 0.0279366
43 87 64 128 0.0290025
44 87 64 128 0.0159537
38 88 64 128 0.012869
39 88 64 128 0.0247378
40 88 64 128 0.0252303
41 88 64 128 0.028816
42 88 64 128 0.0243987
43 88 64 128 0.025754
44 88 64 128 0.013806
38 89 64 128 0.0102803
39 89 64 128 0.0171672
40 89 64 128 0.0174739
41 89 64 128 0.021462
42 89 64 128 0.0209293
43 89 64 128 0.0203558
44 89 64 128 0.0116528
39 90 64 128 0.0139031
40 90 64 128 0.0131902
41 90 64 128 0.0146256
42 90 64 128 0.0136223
43 90 64 128 0.014027
