114 50 85 170 0.0106296
115 50 85 170 0.0128651
116 50 85 170 0.0111422
119 50 85 170 0.0114874
113 51 85 170 0.0117033
114 51 85 170 0.020725
115 51 85 170 0.0230466
116 51 85 170 0.018361
117 51 85 170 0.0125652
118 51 85 170 0.0126332
119 51 85 170 0.0156702
120 51 85 170 0.0136708
113 52 85 170 0.0205881
114 52 85 170 0.0328289
115 52 85 170 0.0322695
116 52 85 170 0.022339
117 52 85 170 0.0142445
118 52 85 170 0.0142928
119 52 85 170 0.0172977
120 52 85 170 0.0142678
113 53 85 170 0.0251406
114 53 85 170 0.0360173
115 53 85 170 0.0302001
116 53 85 170 0.0215903
117 53 85 170 0.0140419
118 53 85 170 0.0133007
119 53 85 170 0.0152959
120 53 85 170 0.0115453
113 54 85 170 0.0227457
114 54 85 170 0.0314724
115 54 85 170 0.0252603
116 54 85 170 0.0175613
117 54 85 170 0.0121198
118 54 85 170 0.0113357
119 54 85 170 0.0115836
113 55 85 170 0.0208591
114 55 85 170 0.0277352
115 55 85 170 0.0222809
116 55 85 170 0.0164087
117 55 85 170 0.0114129
118 55 85 170 0.0107623
119 55 85 170 0.0107416
113 56 85 170 0.0228856
114 56 85 170 0.0270923
115 56 85 170 0.018791
116 56 85 170 0.0185202
117 56 85 170 0.0123472
118 56 85 170 0.0110588
119 56 85 170 0.0126105
113 57 85 170 0.0167589
114 57 85 170 0.0194237
115 57 85 170 0.013784
116 57 85 170 0.0122513
113 58 85 170 0.0128615
114 58 85 170 0.0143208
113 59 85 170 0.0112661
114 59 85 170 0.0117217
126 9 64 128 0.0146603
126 10 64 128 0.0331088
127 10 64 128 0.0105035
125 11 64 128 0.0264773
126 11 64 128 0.076298
127 11 64 128 0.0293996
128 11 64 128 0.0120019
130 11 64 128 0.0104143
125 12 64 128 0.0432607
126 12 64 128 0.123036
127 12 64 128 0.0437162
128 12 64 128 0.0237886
129 12 64 128 0.015051
130 12 64 128 0.0246371
124 13 64 128 0.0213656
125 13 64 128 0.0916916
126 13 64 128 0.221025
127 13 64 128 0.0965302
128 13 64 128 0.0500685
129 13 64 128 0.0339985
130 13 64 128 0.0535975
131 13 64 128 0.0216191
158 13 64 128 0.0119095
124 14 64 128 0.0313697
125 14 64 128 0.120173
126 14 64 128 0.28617
127 14 64 128 0.134507
128 14 64 128 0.096108
129 14 64 128 0.0695392
130 14 64 128 0.123901
131 14 64 128 0.0547473
132 14 64 128 0.0250105
157 14 64 128 0.0146245
158 14 64 128 0.0225373
159 14 64 128 0.0181313
160 14 64 128 0.0171446
161 14 64 128 0.013749
162 14 64 128 0.0117604
163 14 64 128 0.014407
164 14 64 128 0.0183419
123 15 64 128 0.0114979
124 15 64 128 0.0482757
125 15 64 128 0.188977
126 15 64 128 0.392298
127 15 64 128 0.238127
128 15 64 128 0.149029
129 15 64 128 0.132756
130 15 64 128 0.177269
131 15 64 128 0.101581
132 15 64 128 0.0365047
133 15 64 128 0.0133036
156 15 64 128 0.0137852
157 15 64 128 0.0243315
158 15 64 128 0.0304928
159 15 64 128 0.0225366
160 15 64 128 0.016702
161 15 64 128 0.0114399
162 15 64 128 0.0124158
163 15 64 128 0.0148349
164 15 64 128 0.0175516
123 16 64 128 0.0254581
124 16 64 128 0.092571
125 16 64 128 0.322587
126 16 64 128 0.448202
127 16 64 128 0.305542
128 16 64 128 0.189869
129 16 64 128 0.200453
130 16 64 128 0.235298
131 16 64 128 0.137508
132 16 64 128 0.0553883
133 16 64 128 0.0198916
156 16 64 128 0.0151532
157 16 64 128 0.0335571
158 16 64 128 0.03172
159 16 64 128 0.022258
160 16 64 128 0.0162543
161 16 64 128 0.0145497
162 16 64 128 0.0140864
163 16 64 128 0.0196276
164 16 64 128 0.0210876
123 17 64 128 0.0513563
124 17 64 128 0.138165
125 17 64 128 0.466635
126 17 64 128 0.560603
127 17 64 128 0.413554
128 17 64 128 0.197614
129 17 64 128 0.214032
130 17 64 128 0.231566
131 17 64 128 0.127833
132 17 64 128 0.0433757
133 17 64 128 0.0171092
156 17 64 128 0.0173362
157 17 64 128 0.0284435
158 17 64 128 0.0313508
159 17 64 128 0.0204213
160 17 64 128 0.0131818
163 17 64 128 0.0129329
164 17 64 128 0.016871
123 18 64 128 0.0530494
124 18 64 128 0.132992
125 18 64 128 0.436967
126 18 64 128 0.516401
127 18 64 128 0.334012
128 18 64 128 0.192645
129 18 64 128 0.203081
130 18 64 128 0.228342
131 18 64 128 0.112113
132 18 64 128 0.0410424
133 18 64 128 0.0145945
156 18 64 128 0.0138686
157 18 64 128 0.0299165
158 18 64 128 0.0293947
159 18 64 128 0.0190289
160 18 64 128 0.0118751
163 18 64 128 0.0115686
164 18 64 128 0.013628
123 19 64 128 0.0566728
124 19 64 128 0.130006
125 19 64 128 0.424465
126 19 64 128 0.473223
127 19 64 128 0.363508
128 19 64 128 0.16118
129 19 64 128 0.208317
130 19 64 128 0.206236
131 19 64 128 0.103194
132 19 64 128 0.0294247
133 19 64 128 0.0131745
156 19 64 128 0.0117975
157 19 64 128 0.0248836
158 19 64 128 0.0269486
159 19 64 128 0.018715
164 19 64 128 0.0134999
123 20 64 128 0.0662705
124 20 64 128 0.137566
125 20 64 128 0.425919
126 20 64 128 0.40808
127 20 64 128 0.290323
128 20 64 128 0.133154
129 20 64 128 0.178247
130 20 64 128 0.164966
131 20 64 128 0.0850453
132 20 64 128 0.0202981
157 20 64 128 0.0164132
158 20 64 128 0.014041
159 20 64 128 0.0130312
164 20 64 128 0.010251
123 21 64 128 0.0656122
124 21 64 128 0.0970136
125 21 64 128 0.324044
126 21 64 128 0.312174
127 21 64 128 0.224857
128 21 64 128 0.0778516
129 21 64 128 0.141038
130 21 64 128 0.146453
131 21 64 128 0.0853873
132 21 64 128 0.0165098
133 21 64 128 0.0107638
123 22 64 128 0.0328314
124 22 64 128 0.0419295
125 22 64 128 0.161967
126 22 64 128 0.131284
127 22 64 128 0.0896323
128 22 64 128 0.0341615
129 22 64 128 0.0617142
130 22 64 128 0.0743935
131 22 64 128 0.0399799
132 22 64 128 0.0104145
123 23 64 128 0.0248444
124 23 64 128 0.0309643
125 23 64 128 0.112493
126 23 64 128 0.0843382
127 23 64 128 0.0636108
128 23 64 128 0.0206418
129 23 64 128 0.0371387
130 23 64 128 0.0397353
131 23 64 128 0.0250726
123 24 64 128 0.0155886
124 24 64 128 0.0213415
125 24 64 128 0.0594724
126 24 64 128 0.0380528
127 24 64 128 0.0316822
129 24 64 128 0.0182891
130 24 64 128 0.0173556
131 24 64 128 0.0107995
123 25 64 128 0.0142812
124 25 64 128 0.0159292
125 25 64 128 0.0409406
126 25 64 128 0.0252009
127 25 64 128 0.0233728
130 25 64 128 0.0103464
125 26 64 128 0.0236246
126 26 64 128 0.012594
127 26 64 128 0.0127026
125 27 64 128 0.0158175
126 27 64 128 0.0101776
125 28 64 128 0.0105263
125 29 64 128 0.0122179
120 46 64 128 0.0114115
121 46 64 128 0.010221
122 46 64 128 0.0189721
119 47 64 128 0.0114466
120 47 64 128 0.0154823
121 47 64 128 0.0193044
122 47 64 128 0.0388061
123 47 64 128 0.0235642
124 47 64 128 0.0121158
119 48 64 128 0.0146309
120 48 64 128 0.0194204
121 48 64 128 0.0185871
122 48 64 128 0.0413433
123 48 64 128 0.0274114
124 48 64 128 0.0163581
118 49 64 128 0.0136565
119 49 64 128 0.0227722
120 49 64 128 0.0261816
121 49 64 128 0.0293215
122 49 64 128 0.0631015
123 49 64 128 0.0473103
124 49 64 128 0.0259707
125 49 64 128 0.0155767
118 50 64 128 0.0141023
119 50 64 128 0.0154598
120 50 64 128 0.0191387
121 50 64 128 0.0177454
122 50 64 128 0.0406711
123 50 64 128 0.0280351
124 50 64 128 0.0223984
125 50 64 128 0.015099
118 51 64 128 0.0115198
119 51 64 128 0.0108758
120 51 64 128 0.0103765
121 51 64 128 0.0145681
122 51 64 128 0.0331403
123 51 64 128 0.0265224
124 51 64 128 0.0255652
125 51 64 128 0.0211429
118 52 64 128 0.01023
122 52 64 128 0.0187509
123 52 64 128 0.0169907
124 52 64 128 0.0216331
125 52 64 128 0.018582
122 53 64 128 0.0149109
123 53 64 128 0.0172797
124 53 64 128 0.0201249
125 53 64 128 0.0211319
126 53 64 128 0.010839
124 54 64 128 0.0151011
125 54 64 128 0.0158734
126 54 64 128 0.0120013
124 55 64 128 0.0137212
125 55 64 128 0.0172318
126 55 64 128 0.0110317
124 56 64 128 0.0111439
125 56 64 128 0.0138433
126 56 64 128 0.0108084
125 57 64 128 0.0123254
126 57 64 128 0.0105931
125 58 64 128 0.0108373
200 75 64 128 0.0129856
201 75 64 128 0.0141603
198 76 64 128 0.0113119
199 76 64 128 0.0170687
200 76 64 128 0.0332697
201 76 64 128 0.0315401
198 77 64 128 0.011976
199 77 64 128 0.0223561
200 77 64 128 0.0454731
201 77 64 128 0.0443542
125 78 64 128 0.0114282
197 78 64 128 0.0134285
198 78 64 128 0.020623
199 78 64 128 0.0321485
200 78 64 128 0.0670606
201 78 64 128 0.0597628
202 78 64 128 0.0169929
125 79 64 128 0.0142109
176 79 64 128 0.0101205
177 79 64 128 0.0129701
198 79 64 128 0.0142139
199 79 64 128 0.0263959
200 79 64 128 0.0617857
201 79 64 128 0.0579966
202 79 64 128 0.0164956
124 80 64 128 0.0142558
125 80 64 128 0.0179426
126 80 64 128 0.0102002
176 80 64 128 0.0174819
177 80 64 128 0.0159482
178 80 64 128 0.0110406
196 80 64 128 0.01106
197 80 64 128 0.0135672
198 80 64 128 0.0200717
199 80 64 128 0.0280248
200 80 64 128 0.0558059
201 80 64 128 0.0468102
202 80 64 128 0.0156916
124 81 64 128 0.0213197
125 81 64 128 0.0238289
126 81 64 128 0.0113714
175 81 64 128 0.0124739
176 81 64 128 0.0168789
177 81 64 128 0.0185361
178 81 64 128 0.0123926
179 81 64 128 0.0109701
198 81 64 128 0.0102721
199 81 64 128 0.0168088
200 81 64 128 0.0303577
201 81 64 128 0.024215
124 82 64 128 0.0201621
125 82 64 128 0.025707
126 82 64 128 0.0134168
175 82 64 128 0.0135732
176 82 64 128 0.0223076
177 82 64 128 0.0243467
178 82 64 128 0.0167752
179 82 64 128 0.0145692
200 82 64 128 0.0143423
201 82 64 128 0.0111795
124 83 64 128 0.0190615
125 83 64 128 0.0254202
126 83 64 128 0.0137225
175 83 64 128 0.0138708
176 83 64 128 0.0254736
177 83 64 128 0.0325211
178 83 64 128 0.0192644
179 83 64 128 0.0182108
124 84 64 128 0.021007
125 84 64 128 0.030006
126 84 64 128 0.0158625
175 84 64 128 0.0139063
176 84 64 128 0.0324014
177 84 64 128 0.0325615
178 84 64 128 0.0221546
179 84 64 128 0.0182573
124 85 64 128 0.0161554
125 85 64 128 0.0226564
126 85 64 128 0.0115994
175 85 64 128 0.0133557
176 85 64 128 0.0189116
177 85 64 128 0.0247213
178 85 64 128 0.0168946
179 85 64 128 0.012827
125 86 64 128 0.0163595
126 86 64 128 0.0106226
129 86 64 128 0.0136948
130 86 64 128 0.012538
177 86 64 128 0.0122334
129 87 64 128 0.0160418
130 87 64 128 0.0145159
131 87 64 128 0.0103274
129 88 64 128 0.0139666
130 88 64 128 0.0151453
129 89 64 128 0.011796
130 89 64 128 0.011693
75 99 64 128 0.0101785
0 100 64 128 0.0139644
0 101 64 128 0.0120991
0 102 64 128 0.0188902
54 102 64 128 0.0118341
0 103 64 128 0.0184435
49 103 64 128 0.0100888
50 103 64 128 0.0135481
51 103 64 128 0.0125291
52 103 64 128 0.0148971
53 103 64 128 0.0199376
54 103 64 128 0.0198396
55 103 64 128 0.0149284
0 104 64 128 0.01827
48 104 64 128 0.0101639
49 104 64 128 0.0140021
50 104 64 128 0.0183281
51 104 64 128 0.0150587
52 104 64 128 0.0131762
53 104 64 128 0.0130652
54 104 64 128 0.0145261
0 105 64 128 0.0144908
49 105 64 128 0.0129664
50 105 64 128 0.0143759
51 105 64 128 0.0102811
53 105 64 128 0.0113494
54 105 64 128 0.0115288
0 106 64 128 0.0216241
1 106 64 128 0.0137505
0 107 64 128 0.0204244
1 107 64 128 0.0132777
0 108 64 128 0.0286612
1 108 64 128 0.0193251
2 108 64 128 0.0111638
0 109 64 128 0.0335419
1 109 64 128 0.0280624
2 109 64 128 0.0191903
0 110 64 128 0.0677114
1 110 64 128 0.067805
2 110 64 128 0.0427394
3 110 64 128 0.0152315
0 111 64 128 0.0885456
1 111 64 128 0.0821211
2 111 64 128 0.0512482
3 111 64 128 0.0161043
114 50 85 170 0.0106296
115 50 85 170 0.0128651
116 50 85 170 0.0111422
119 50 85 170 0.0114874
113 51 85 170 0.0117033
114 51 85 170 0.020725
115 51 85 170 0.0230466
116 51 85 170 0.018361
117 51 85 170 0.0125652
118 51 85 170 0.0126332
119 51 85 170 0.0156702
120 51 85 170 0.0136708
113 52 85 170 0.0205881
114 52 85 170 0.0328289
115 52 85 170 0.0322695
116 52 85 170 0.022339
117 52 85 170 0.0142445
118 52 85 170 0.0142928
119 52 85 170 0.0172977
120 52 85 170 0.0142678
113 53 85 170 0.0251406
114 53 85 170 0.0360173
115 53 85 170 0.0302001
116 53 85 170 0.0215903
117 53 85 170 0.0140419
118 53 85 170 0.0133007
119 53 85 170 0.0152959
120 53 85 170 0.0115453
113 54 85 170 0.0227457
114 54 85 170 0.0314724
115 54 85 170 0.0252603
116 54 85 170 0.0175613
117 54 85 170 0.0121198
118 54 85 170 0.0113357
119 54 85 170 0.0115836
113 55 85 170 0.0208591
114 55 85 170 0.0277352
115 55 85 170 0.0222809
116 55 85 170 0.0164087
117 55 85 170 0.0114129
118 55 85 170 0.0107623
119 55 85 170 0.0107416
113 56 85 170 0.0228856
114 56 85 170 0.0270923
115 56 85 170 0.018791
116 56 85 170 0.0185202
117 56 85 170 0.0123472
118 56 85 170 0.0110588
119 56 85 170 0.0126105
113 57 85 170 0.0167589
114 57 85 170 0.0194237
115 57 85 170 0.013784
116 57 85 170 0.0122513
113 58 85 170 0.0128615
114 58 85 170 0.0143208
113 59 85 170 0.0112661
114 59 85 170 0.0117217
126 9 64 128 0.0146603
126 10 64 128 0.0331088
127 10 64 128 0.0105035
125 11 64 128 0.0264773
126 11 64 128 0.076298
127 11 64 128 0.0293996
128 11 64 128 0.0120019
130 11 64 128 0.0104143
125 12 64 128 0.0432607
126 12 64 128 0.123036
127 12 64 128 0.0437162
128 12 64 128 0.0237886
129 12 64 128 0.015051
130 12 64 128 0.0246371
124 13 64 128 0.0213656
125 13 64 128 0.0916916
126 13 64 128 0.221025
127 13 64 128 0.0965302
128 13 64 128 0.0500685
129 13 64 128 0.0339985
130 13 64 128 0.0535975
131 13 64 128 0.0216191
158 13 64 128 0.0119095
124 14 64 128 0.0313697
125 14 64 128 0.120173
126 14 64 128 0.28617
127 14 64 128 0.134507
128 14 64 128 0.096108
129 14 64 128 0.0695392
130 14 64 128 0.123901
131 14 64 128 0.0547473
132 14 64 128 0.0250105
157 14 64 128 0.0146245
158 14 64 128 0.0225373
159 14 64 128 0.0181313
160 14 64 128 0.0171446
161 14 64 128 0.013749
162 14 64 128 0.0117604
163 14 64 128 0.014407
164 14 64 128 0.0183419
123 15 64 128 0.0114979
124 15 64 128 0.0482757
125 15 64 128 0.188977
126 15 64 128 0.392298
127 15 64 128 0.238127
128 15 64 128 0.149029
129 15 64 128 0.132756
130 15 64 128 0.177269
131 15 64 128 0.101581
132 15 64 128 0.0365047
133 15 64 128 0.0133036
156 15 64 128 0.0137852
157 15 64 128 0.0243315
158 15 64 128 0.0304928
159 15 64 128 0.0225366
160 15 64 128 0.016702
161 15 64 128 0.0114399
162 15 64 128 0.0124158
163 15 64 128 0.0148349
164 15 64 128 0.0175516
123 16 64 128 0.0254581
124 16 64 128 0.092571
125 16 64 128 0.322587
126 16 64 128 0.448202
127 16 64 128 0.305542
128 16 64 128 0.189869
129 16 64 128 0.200453
130 16 64 128 0.235298
131 16 64 128 0.137508
132 16 64 128 0.0553883
133 16 64 128 0.0198916
156 16 64 128 0.0151532
157 16 64 128 0.0335571
158 16 64 128 0.03172
159 16 64 128 0.022258
160 16 64 128 0.0162543
161 16 64 128 0.0145497
162 16 64 128 0.0140864
163 16 64 128 0.0196276
164 16 64 128 0.0210876
123 17 64 128 0.0513563
124 17 64 128 0.138165
125 17 64 128 0.466635
126 17 64 128 0.560603
127 17 64 128 0.413554
128 17 64 128 0.197614
129 17 64 128 0.214032
130 17 64 128 0.231566
131 17 64 128 0.127833
132 17 64 128 0.0433757
133 17 64 128 0.0171092
156 17 64 128 0.0173362
157 17 64 128 0.0284435
158 17 64 128 0.0313508
159 17 64 128 0.0204213
160 17 64 128 0.0131818
163 17 64 128 0.0129329
164 17 64 128 0.016871
123 18 64 128 0.0530494
124 18 64 128 0.132992
125 18 64 128 0.436967
126 18 64 128 0.516401
127 18 64 128 0.334012
128 18 64 128 0.192645
129 18 64 128 0.203081
130 18 64 128 0.228342
131 18 64 128 0.112113
132 18 64 128 0.0410424
133 18 64 128 0.0145945
156 18 64 128 0.0138686
157 18 64 128 0.0299165
158 18 64 128 0.0293947
159 18 64 128 0.0190289
160 18 64 128 0.0118751
163 18 64 128 0.0115686
164 18 64 128 0.013628
123 19 64 128 0.0566728
124 19 64 128 0.130006
125 19 64 128 0.424465
126 19 64 128 0.473223
127 19 64 128 0.363508
128 19 64 128 0.16118
129 19 64 128 0.208317
130 19 64 128 0.206236
131 19 64 128 0.103194
132 19 64 128 0.0294247
133 19 64 128 0.0131745
156 19 64 128 0.0117975
157 19 64 128 0.0248836
158 19 64 128 0.0269486
159 19 64 128 0.018715
164 19 64 128 0.0134999
123 20 64 128 0.0662705
124 20 64 128 0.137566
125 20 64 128 0.425919
126 20 64 128 0.40808
127 20 64 128 0.290323
128 20 64 128 0.133154
129 20 64 128 0.178247
130 20 64 128 0.164966
131 20 64 128 0.0850453
132 20 64 128 0.0202981
157 20 64 128 0.0164132
158 20 64 128 0.014041
159 20 64 128 0.0130312
164 20 64 128 0.010251
123 21 64 128 0.0656122
124 21 64 128 0.0970136
125 21 64 128 0.324044
126 21 64 128 0.312174
127 21 64 128 0.224857
128 21 64 128 0.0778516
129 21 64 128 0.141038
130 21 64 128 0.146453
131 21 64 128 0.0853873
132 21 64 128 0.0165098
133 21 64 128 0.0107638
123 22 64 128 0.0328314
124 22 64 128 0.0419295
125 22 64 128 0.161967
126 22 64 128 0.131284
127 22 64 128 0.0896323
128 22 64 128 0.0341615
129 22 64 128 0.0617142
130 22 64 128 0.0743935
131 22 64 128 0.0399799
132 22 64 128 0.0104145
123 23 64 128 0.0248444
124 23 64 128 0.0309643
125 23 64 128 0.112493
126 23 64 128 0.0843382
127 23 64 128 0.0636108
128 23 64 128 0.0206418
129 23 64 128 0.0371387
130 23 64 128 0.0397353
131 23 64 128 0.0250726
123 24 64 128 0.0155886
124 24 64 128 0.0213415
125 24 64 128 0.0594724
126 24 64 128 0.0380528
127 24 64 128 0.0316822
129 24 64 128 0.0182891
130 24 64 128 0.0173556
131 24 64 128 0.0107995
123 25 64 128 0.0142812
124 25 64 128 0.0159292
125 25 64 128 0.0409406
126 25 64 128 0.0252009
127 25 64 128 0.0233728
130 25 64 128 0.0103464
125 26 64 128 0.0236246
126 26 64 128 0.012594
127 26 64 128 0.0127026
125 27 64 128 0.0158175
126 27 64 128 0.0101776
125 28 64 128 0.0105263
125 29 64 128 0.0122179
120 46 64 128 0.0114115
121 46 64 128 0.010221
122 46 64 128 0.0189721
119 47 64 128 0.0114466
120 47 64 128 0.0154823
121 47 64 128 0.0193044
122 47 64 128 0.0388061
123 47 64 128 0.0235642
124 47 64 128 0.0121158
119 48 64 128 0.0146309
120 48 64 128 0.0194204
121 48 64 128 0.0185871
122 48 64 128 0.0413433
123 48 64 128 0.0274114
124 48 64 128 0.0163581
118 49 64 128 0.0136565
119 49 64 128 0.0227722
120 49 64 128 0.0261816
121 49 64 128 0.0293215
122 49 64 128 0.0631015
123 49 64 128 0.0473103
124 49 64 128 0.0259707
125 49 64 128 0.0155767
118 50 64 128 0.0141023
119 50 64 128 0.0154598
120 50 64 128 0.0191387
121 50 64 128 0.0177454
122 50 64 128 0.0406711
123 50 64 128 0.0280351
124 50 64 128 0.0223984
125 50 64 128 0.015099
118 51 64 128 0.0115198
119 51 64 128 0.0108758
120 51 64 128 0.0103765
121 51 64 128 0.0145681
122 51 64 128 0.0331403
123 51 64 128 0.0265224
124 51 64 128 0.0255652
125 51 64 128 0.0211429
118 52 64 128 0.01023
122 52 64 128 0.0187509
123 52 64 128 0.0169907
124 52 64 128 0.0216331
125 52 64 128 0.018582
122 53 64 128 0.0149109
123 53 64 128 0.0172797
124 53 64 128 0.0201249
125 53 64 128 0.0211319
126 53 64 128 0.010839
124 54 64 128 0.0151011
125 54 64 128 0.0158734
126 54 64 128 0.0120013
124 55 64 128 0.0137212
125 55 64 128 0.0172318
126 55 64 128 0.0110317
124 56 64 128 0.0111439
125 56 64 128 0.0138433
126 56 64 128 0.0108084
125 57 64 128 0.0123254
126 57 64 128 0.0105931
125 58 64 128 0.0108373
200 75 64 128 0.0129856
201 75 64 128 0.0141603
198 76 64 128 0.0113119
199 76 64 128 0.0170687
200 76 64 128 0.0332697
201 76 64 128 0.0315401
198 77 64 128 0.011976
199 77 64 128 0.0223561
200 77 64 128 0.0454731
201 77 64 128 0.0443542
125 78 64 128 0.0114282
197 78 64 128 0.0134285
198 78 64 128 0.020623
199 78 64 128 0.0321485
200 78 64 128 0.0670606
201 78 64 128 0.0597628
202 78 64 128 0.0169929
125 79 64 128 0.0142109
176 79 64 128 0.0101205
177 79 64 128 0.0129701
198 79 64 128 0.0142139
199 79 64 128 0.0263959
200 79 64 128 0.0617857
201 79 64 128 0.0579966
202 79 64 128 0.0164956
124 80 64 128 0.0142558
125 80 64 128 0.0179426
126 80 64 128 0.0102002
176 80 64 128 0.0174819
177 80 64 128 0.0159482
178 80 64 128 0.0110406
196 80 64 128 0.01106
197 80 64 128 0.0135672
198 80 64 128 0.0200717
199 80 64 128 0.0280248
200 80 64 128 0.0558059
201 80 64 128 0.0468102
202 80 64 128 0.0156916
124 81 64 128 0.0213197
125 81 64 128 0.0238289
126 81 64 128 0.0113714
175 81 64 128 0.0124739
176 81 64 128 0.0168789
177 81 64 128 0.0185361
178 81 64 128 0.0123926
179 81 64 128 0.0109701
198 81 64 128 0.0102721
199 81 64 128 0.0168088
200 81 64 128 0.0303577
201 81 64 128 0.024215
124 82 64 128 0.0201621
125 82 64 128 0.025707
126 82 64 128 0.0134168
175 82 64 128 0.0135732
176 82 64 128 0.0223076
177 82 64 128 0.0243467
178 82 64 128 0.0167752
179 82 64 128 0.0145692
200 82 64 128 0.0143423
201 82 64 128 0.0111795
124 83 64 128 0.0190615
125 83 64 128 0.0254202
126 83 64 128 0.0137225
175 83 64 128 0.0138708
176 83 64 128 0.0254736
177 83 64 128 0.0325211
178 83 64 128 0.0192644
179 83 64 128 0.0182108
124 84 64 128 0.021007
125 84 64 128 0.030006
126 84 64 128 0.0158625
175 84 64 128 0.0139063
176 84 64 128 0.0324014
177 84 64 128 0.0325615
178 84 64 128 0.0221546
179 84 64 128 0.0182573
124 85 64 128 0.0161554
125 85 64 128 0.0226564
126 85 64 128 0.0115994
175 85 64 128 0.0133557
176 85 64 128 0.0189116
177 85 64 128 0.0247213
178 85 64 128 0.0168946
179 85 64 128 0.012827
125 86 64 128 0.0163595
126 86 64 128 0.0106226
129 86 64 128 0.0136948
130 86 64 128 0.012538
177 86 64 128 0.0122334
129 87 64 128 0.0160418
130 87 64 128 0.0145159
131 87 64 128 0.0103274
129 88 64 128 0.0139666
130 88 64 128 0.0151453
129 89 64 128 0.011796
130 89 64 128 0.011693
75 99 64 128 0.0101785
0 100 64 128 0.0139644
0 101 64 128 0.0120991
0 102 64 128 0.0188902
54 102 64 128 0.0118341
0 103 64 128 0.0184435
49 103 64 128 0.0100888
50 103 64 128 0.0135481
51 103 64 128 0.0125291
52 103 64 128 0.0148971
53 103 64 128 0.0199376
54 103 64 128 0.0198396
55 103 64 128 0.0149284
0 104 64 128 0.01827
48 104 64 128 0.0101639
49 104 64 128 0.0140021
50 104 64 128 0.0183281
51 104 64 128 0.0150587
52 104 64 128 0.0131762
53 104 64 128 0.0130652
54 104 64 128 0.0145261
0 105 64 128 0.0144908
49 105 64 128 0.0129664
50 105 64 128 0.0143759
51 105 64 128 0.0102811
53 105 64 128 0.0113494
54 105 64 128 0.0115288
0 106 64 128 0.0216241
1 106 64 128 0.0137505
0 107 64 128 0.0204244
1 107 64 128 0.0132777
0 108 64 128 0.0286612
1 108 64 128 0.0193251
2 108 64 128 0.0111638
0 109 64 128 0.0335419
1 109 64 128 0.0280624
2 109 64 128 0.0191903
0 110 64 128 0.0677114
1 110 64 128 0.067805
2 110 64 128 0.0427394
3 110 64 128 0.0152315
0 111 64 128 0.0885456
1 111 64 128 0.0821211
2 111 64 128 0.0512482
3 111 64 128 0.0161043
