106 0 64 128 0.0122931
107 0 64 128 0.018217
108 0 64 128 0.0143408
109 0 64 128 0.0120316
105 1 64 128 0.015234
106 1 64 128 0.0317796
107 1 64 128 0.0379777
108 1 64 128 0.0312603
109 1 64 128 0.0198773
104 2 64 128 0.0149459
105 2 64 128 0.0332945
106 2 64 128 0.0676963
107 2 64 128 0.089598
108 2 64 128 0.0505896
109 2 64 128 0.025378
104 3 64 128 0.0183785
105 3 64 128 0.0452463
106 3 64 128 0.100147
107 3 64 128 0.0971822
108 3 64 128 0.047457
109 3 64 128 0.02303
104 4 64 128 0.0152016
105 4 64 128 0.0441255
106 4 64 128 0.0775579
107 4 64 128 0.0803531
108 4 64 128 0.0368695
109 4 64 128 0.0178041
104 5 64 128 0.0166347
105 5 64 128 0.0372361
106 5 64 128 0.0590399
107 5 64 128 0.057059
108 5 64 128 0.028223
109 5 64 128 0.0121376
105 6 64 128 0.0233008
106 6 64 128 0.0319457
107 6 64 128 0.035809
108 6 64 128 0.0171061
106 7 64 128 0.0112427
107 7 64 128 0.0114578
