212 0 64 128 0.0154797
213 0 64 128 0.0173191
212 1 64 128 0.0132306
213 1 64 128 0.015773
212 2 64 128 0.0136593
213 2 64 128 0.0194214
181 3 64 128 0.0128097
212 3 64 128 0.0107473
213 3 64 128 0.015146
181 4 64 128 0.0100026
213 4 64 128 0.0104729
181 5 64 128 0.0121703
181 7 64 128 0.0206611
182 7 64 128 0.0133038
183 7 64 128 0.011123
199 7 64 128 0.01049
180 8 64 128 0.0103086
181 8 64 128 0.0298843
182 8 64 128 0.0192442
183 8 64 128 0.0203032
195 8 64 128 0.010741
199 8 64 128 0.0110526
240 8 64 128 0.0117426
180 9 64 128 0.0189456
181 9 64 128 0.0659795
182 9 64 128 0.0342261
183 9 64 128 0.0396766
184 9 64 128 0.0138515
193 9 64 128 0.0133213
194 9 64 128 0.0175105
195 9 64 128 0.0255351
196 9 64 128 0.0107285
197 9 64 128 0.0144203
198 9 64 128 0.0105737
199 9 64 128 0.0169931
200 9 64 128 0.0174064
208 9 64 128 0.0168952
239 9 64 128 0.012669
240 9 64 128 0.0165059
244 9 64 128 0.0107523
180 10 64 128 0.0173549
181 10 64 128 0.0717441
182 10 64 128 0.0414793
183 10 64 128 0.0495754
184 10 64 128 0.0191228
193 10 64 128 0.0284501
194 10 64 128 0.0305399
195 10 64 128 0.0469449
196 10 64 128 0.0159038
197 10 64 128 0.0222109
198 10 64 128 0.0144482
199 10 64 128 0.0245219
200 10 64 128 0.0273653
207 10 64 128 0.0142568
208 10 64 128 0.0300012
209 10 64 128 0.0153542
239 10 64 128 0.021117
240 10 64 128 0.0261311
241 10 64 128 0.0142487
242 10 64 128 0.0127281
243 10 64 128 0.0135049
244 10 64 128 0.013377
180 11 64 128 0.0368854
181 11 64 128 0.147528
182 11 64 128 0.101766
183 11 64 128 0.117682
184 11 64 128 0.0535206
185 11 64 128 0.0221062
192 11 64 128 0.0193538
193 11 64 128 0.0703248
194 11 64 128 0.078395
195 11 64 128 0.10794
196 11 64 128 0.0335435
197 11 64 128 0.0359927
198 11 64 128 0.0272163
199 11 64 128 0.035707
200 11 64 128 0.0492796
207 11 64 128 0.0262807
208 11 64 128 0.06988
209 11 64 128 0.0363451
210 11 64 128 0.0136782
211 11 64 128 0.0112625
212 11 64 128 0.0136606
213 11 64 128 0.0126107
239 11 64 128 0.0381182
240 11 64 128 0.0424929
241 11 64 128 0.0195237
242 11 64 128 0.0168484
243 11 64 128 0.0174867
244 11 64 128 0.0167164
180 12 64 128 0.0334283
181 12 64 128 0.163207
182 12 64 128 0.139329
183 12 64 128 0.178392
184 12 64 128 0.0897243
185 12 64 128 0.0439909
192 12 64 128 0.0376903
193 12 64 128 0.134314
194 12 64 128 0.138035
195 12 64 128 0.145428
196 12 64 128 0.0510927
197 12 64 128 0.0507027
198 12 64 128 0.0340577
199 12 64 128 0.0437335
200 12 64 128 0.0686742
201 12 64 128 0.0118882
207 12 64 128 0.0344741
208 12 64 128 0.108325
209 12 64 128 0.0549234
210 12 64 128 0.0200048
211 12 64 128 0.0169782
212 12 64 128 0.0203014
213 12 64 128 0.0187192
214 12 64 128 0.0109149
239 12 64 128 0.0435439
240 12 64 128 0.0485542
241 12 64 128 0.0217768
242 12 64 128 0.0204975
243 12 64 128 0.0191073
244 12 64 128 0.0196886
179 13 64 128 0.0182153
180 13 64 128 0.0910912
181 13 64 128 0.410604
182 13 64 128 0.360106
183 13 64 128 0.417423
184 13 64 128 0.287702
185 13 64 128 0.169274
186 13 64 128 0.0281662
192 13 64 128 0.0858543
193 13 64 128 0.259304
194 13 64 128 0.294136
195 13 64 128 0.30371
196 13 64 128 0.113973
197 13 64 128 0.0954342
198 13 64 128 0.0769643
199 13 64 128 0.0797866
200 13 64 128 0.143721
201 13 64 128 0.0269658
207 13 64 128 0.0599638
208 13 64 128 0.222859
209 13 64 128 0.127848
210 13 64 128 0.0462494
211 13 64 128 0.0326799
212 13 64 128 0.0496174
213 13 64 128 0.0445021
214 13 64 128 0.0294605
215 13 64 128 0.0139774
238 13 64 128 0.0173068
239 13 64 128 0.0764164
240 13 64 128 0.0805655
241 13 64 128 0.0400679
242 13 64 128 0.032963
243 13 64 128 0.0326681
244 13 64 128 0.0292177
245 13 64 128 0.0129487
179 14 64 128 0.018844
180 14 64 128 0.101591
181 14 64 128 0.43274
182 14 64 128 0.467005
183 14 64 128 0.498699
184 14 64 128 0.412155
185 14 64 128 0.269907
186 14 64 128 0.0558504
192 14 64 128 0.100313
193 14 64 128 0.353709
194 14 64 128 0.356807
195 14 64 128 0.406819
196 14 64 128 0.153859
197 14 64 128 0.121242
198 14 64 128 0.111307
199 14 64 128 0.125405
200 14 64 128 0.208627
201 14 64 128 0.0614501
206 14 64 128 0.0154528
207 14 64 128 0.101557
208 14 64 128 0.344441
209 14 64 128 0.257902
210 14 64 128 0.1034
211 14 64 128 0.0626739
212 14 64 128 0.0796959
213 14 64 128 0.0812361
214 14 64 128 0.04838
215 14 64 128 0.026433
238 14 64 128 0.0212203
239 14 64 128 0.103482
240 14 64 128 0.116982
241 14 64 128 0.0597769
242 14 64 128 0.0411105
243 14 64 128 0.0361508
244 14 64 128 0.0317055
245 14 64 128 0.0158222
179 15 64 128 0.0490964
180 15 64 128 0.221805
181 15 64 128 0.678175
182 15 64 128 0.734426
183 15 64 128 0.768974
184 15 64 128 0.735644
185 15 64 128 0.549373
186 15 64 128 0.205543
187 15 64 128 0.011083
192 15 64 128 0.152173
193 15 64 128 0.513087
194 15 64 128 0.482039
195 15 64 128 0.52234
196 15 64 128 0.247014
197 15 64 128 0.15109
198 15 64 128 0.174297
199 15 64 128 0.201292
200 15 64 128 0.30655
201 15 64 128 0.114726
202 15 64 128 0.0191649
206 15 64 128 0.0270048
207 15 64 128 0.210013
208 15 64 128 0.572512
209 15 64 128 0.493784
210 15 64 128 0.22002
211 15 64 128 0.139591
212 15 64 128 0.176889
213 15 64 128 0.17727
214 15 64 128 0.12473
215 15 64 128 0.072351
216 15 64 128 0.0174907
238 15 64 128 0.0455347
239 15 64 128 0.20594
240 15 64 128 0.208065
241 15 64 128 0.0961377
242 15 64 128 0.0665775
243 15 64 128 0.0561204
244 15 64 128 0.0482324
245 15 64 128 0.017912
179 16 64 128 0.0528348
180 16 64 128 0.193492
181 16 64 128 0.650458
182 16 64 128 0.711867
183 16 64 128 0.76764
184 16 64 128 0.757205
185 16 64 128 0.619661
186 16 64 128 0.248008
187 16 64 128 0.0156945
192 16 64 128 0.146318
193 16 64 128 0.504387
194 16 64 128 0.520808
195 16 64 128 0.547318
196 16 64 128 0.269527
197 16 64 128 0.164054
198 16 64 128 0.175228
199 16 64 128 0.208748
200 16 64 128 0.354781
201 16 64 128 0.169555
202 16 64 128 0.0405318
206 16 64 128 0.0445243
207 16 64 128 0.290875
208 16 64 128 0.711799
209 16 64 128 0.671491
210 16 64 128 0.336048
211 16 64 128 0.210557
212 16 64 128 0.251878
213 16 64 128 0.251047
214 16 64 128 0.195672
215 16 64 128 0.122372
216 16 64 128 0.031034
217 16 64 128 0.012337
238 16 64 128 0.0497815
239 16 64 128 0.214248
240 16 64 128 0.243647
241 16 64 128 0.121141
242 16 64 128 0.096056
243 16 64 128 0.0680777
244 16 64 128 0.0540422
245 16 64 128 0.0214232
178 17 64 128 0.0140098
179 17 64 128 0.115604
180 17 64 128 0.335865
181 17 64 128 0.813132
182 17 64 128 0.847093
183 17 64 128 0.884386
184 17 64 128 0.892901
185 17 64 128 0.81272
186 17 64 128 0.450261
187 17 64 128 0.041151
192 17 64 128 0.141293
193 17 64 128 0.555064
194 17 64 128 0.505944
195 17 64 128 0.591389
196 17 64 128 0.309325
197 17 64 128 0.180154
198 17 64 128 0.190212
199 17 64 128 0.2491
200 17 64 128 0.437632
201 17 64 128 0.262695
202 17 64 128 0.0751025
206 17 64 128 0.0729454
207 17 64 128 0.374155
208 17 64 128 0.789231
209 17 64 128 0.742774
210 17 64 128 0.50975
211 17 64 128 0.303451
212 17 64 128 0.414288
213 17 64 128 0.425492
214 17 64 128 0.385305
215 17 64 128 0.270849
216 17 64 128 0.0934729
217 17 64 128 0.0334455
237 17 64 128 0.0131815
238 17 64 128 0.0908005
239 17 64 128 0.299115
240 17 64 128 0.315306
241 17 64 128 0.206709
242 17 64 128 0.145938
243 17 64 128 0.104671
244 17 64 128 0.0707409
245 17 64 128 0.032998
246 17 64 128 0.0103498
178 18 64 128 0.0125571
179 18 64 128 0.103973
180 18 64 128 0.299874
181 18 64 128 0.752623
182 18 64 128 0.824235
183 18 64 128 0.875762
184 18 64 128 0.857668
185 18 64 128 0.766021
186 18 64 128 0.39175
187 18 64 128 0.0342301
192 18 64 128 0.0685012
193 18 64 128 0.400324
194 18 64 128 0.414122
195 18 64 128 0.509667
196 18 64 128 0.280784
197 18 64 128 0.169119
198 18 64 128 0.17499
199 18 64 128 0.232469
200 18 64 128 0.424043
201 18 64 128 0.311452
202 18 64 128 0.102729
206 18 64 128 0.0839447
207 18 64 128 0.410666
208 18 64 128 0.82701
209 18 64 128 0.804084
210 18 64 128 0.624826
211 18 64 128 0.398986
212 18 64 128 0.455956
213 18 64 128 0.550162
214 18 64 128 0.491064
215 18 64 128 0.417984
216 18 64 128 0.155648
217 18 64 128 0.0784578
218 18 64 128 0.0194987
219 18 64 128 0.0104677
237 18 64 128 0.0103107
238 18 64 128 0.0672907
239 18 64 128 0.254285
240 18 64 128 0.255747
241 18 64 128 0.191467
242 18 64 128 0.122161
243 18 64 128 0.0868199
244 18 64 128 0.0575257
245 18 64 128 0.0250985
178 19 64 128 0.0235523
179 19 64 128 0.134008
180 19 64 128 0.380195
181 19 64 128 0.839471
182 19 64 128 0.901208
183 19 64 128 0.928906
184 19 64 128 0.927676
185 19 64 128 0.858306
186 19 64 128 0.576033
187 19 64 128 0.0592075
192 19 64 128 0.0440427
193 19 64 128 0.379315
194 19 64 128 0.400537
195 19 64 128 0.596029
196 19 64 128 0.285342
197 19 64 128 0.188337
198 19 64 128 0.217334
199 19 64 128 0.319504
200 19 64 128 0.51259
201 19 64 128 0.427157
202 19 64 128 0.152117
206 19 64 128 0.0726897
207 19 64 128 0.429882
208 19 64 128 0.841429
209 19 64 128 0.833143
210 19 64 128 0.694352
211 19 64 128 0.486218
212 19 64 128 0.575557
213 19 64 128 0.624114
214 19 64 128 0.606966
215 19 64 128 0.554185
216 19 64 128 0.276712
217 19 64 128 0.144754
218 19 64 128 0.0361742
219 19 64 128 0.0173405
237 19 64 128 0.0119106
238 19 64 128 0.0677509
239 19 64 128 0.263329
240 19 64 128 0.265429
241 19 64 128 0.184654
242 19 64 128 0.134726
243 19 64 128 0.0860241
244 19 64 128 0.0616605
245 19 64 128 0.0236904
178 20 64 128 0.0150534
179 20 64 128 0.0838696
180 20 64 128 0.244994
181 20 64 128 0.673524
182 20 64 128 0.811969
183 20 64 128 0.874143
184 20 64 128 0.871063
185 20 64 128 0.764652
186 20 64 128 0.46701
187 20 64 128 0.042259
192 20 64 128 0.0329491
193 20 64 128 0.282945
194 20 64 128 0.377081
195 20 64 128 0.525754
196 20 64 128 0.314679
197 20 64 128 0.196118
198 20 64 128 0.264223
199 20 64 128 0.38112
200 20 64 128 0.577534
201 20 64 128 0.518582
202 20 64 128 0.229895
206 20 64 128 0.0518869
207 20 64 128 0.328273
208 20 64 128 0.768834
209 20 64 128 0.811736
210 20 64 128 0.633704
211 20 64 128 0.408444
212 20 64 128 0.450667
213 20 64 128 0.584047
214 20 64 128 0.584519
215 20 64 128 0.587436
216 20 64 128 0.284177
217 20 64 128 0.158681
218 20 64 128 0.0422635
219 20 64 128 0.0188878
220 20 64 128 0.0102397
238 20 64 128 0.0463193
239 20 64 128 0.157305
240 20 64 128 0.196503
241 20 64 128 0.156924
242 20 64 128 0.119117
243 20 64 128 0.0699573
244 20 64 128 0.0490334
245 20 64 128 0.0204714
178 21 64 128 0.0239094
179 21 64 128 0.141344
180 21 64 128 0.376915
181 21 64 128 0.785059
182 21 64 128 0.879983
183 21 64 128 0.917571
184 21 64 128 0.927136
185 21 64 128 0.862499
186 21 64 128 0.58157
187 21 64 128 0.0676456
192 21 64 128 0.0203966
193 21 64 128 0.218057
194 21 64 128 0.293235
195 21 64 128 0.494787
196 21 64 128 0.320809
197 21 64 128 0.222566
198 21 64 128 0.269623
199 21 64 128 0.404066
200 21 64 128 0.529482
201 21 64 128 0.526067
202 21 64 128 0.214301
206 21 64 128 0.0236358
207 21 64 128 0.165576
208 21 64 128 0.603973
209 21 64 128 0.696803
210 21 64 128 0.554938
211 21 64 128 0.319146
212 21 64 128 0.446022
213 21 64 128 0.534066
214 21 64 128 0.564825
215 21 64 128 0.57613
216 21 64 128 0.328143
217 21 64 128 0.208993
218 21 64 128 0.0503006
219 21 64 128 0.0160529
220 21 64 128 0.0112145
238 21 64 128 0.0299405
239 21 64 128 0.107052
240 21 64 128 0.143909
241 21 64 128 0.128569
242 21 64 128 0.111381
243 21 64 128 0.0635057
244 21 64 128 0.0468359
245 21 64 128 0.0230157
178 22 64 128 0.0157332
179 22 64 128 0.102408
180 22 64 128 0.290076
181 22 64 128 0.689625
182 22 64 128 0.838142
183 22 64 128 0.860083
184 22 64 128 0.886058
185 22 64 128 0.773396
186 22 64 128 0.478391
187 22 64 128 0.0426726
192 22 64 128 0.0111522
193 22 64 128 0.117712
194 22 64 128 0.230338
195 22 64 128 0.38249
196 22 64 128 0.279597
197 22 64 128 0.198799
198 22 64 128 0.266107
199 22 64 128 0.37203
200 22 64 128 0.532977
201 22 64 128 0.47746
202 22 64 128 0.184329
206 22 64 128 0.0100218
207 22 64 128 0.0698925
208 22 64 128 0.366558
209 22 64 128 0.578316
210 22 64 128 0.398952
211 22 64 128 0.208607
212 22 64 128 0.265391
213 22 64 128 0.354359
214 22 64 128 0.417655
215 22 64 128 0.444415
216 22 64 128 0.261668
217 22 64 128 0.154397
218 22 64 128 0.0336076
219 22 64 128 0.0109404
238 22 64 128 0.0123138
239 22 64 128 0.0419061
240 22 64 128 0.0717474
241 22 64 128 0.0693357
242 22 64 128 0.0782823
243 22 64 128 0.0458213
244 22 64 128 0.0349758
245 22 64 128 0.0184158
178 23 64 128 0.0214366
179 23 64 128 0.115319
180 23 64 128 0.364636
181 23 64 128 0.727503
182 23 64 128 0.86909
183 23 64 128 0.866134
184 23 64 128 0.900098
185 23 64 128 0.800436
186 23 64 128 0.559289
187 23 64 128 0.0543024
193 23 64 128 0.0621727
194 23 64 128 0.154634
195 23 64 128 0.347915
196 23 64 128 0.241785
197 23 64 128 0.193176
198 23 64 128 0.251182
199 23 64 128 0.359703
200 23 64 128 0.46241
201 23 64 128 0.49514
202 23 64 128 0.13672
207 23 64 128 0.0264239
208 23 64 128 0.163834
209 23 64 128 0.327289
210 23 64 128 0.227517
211 23 64 128 0.116671
212 23 64 128 0.145642
213 23 64 128 0.196248
214 23 64 128 0.235595
215 23 64 128 0.263171
216 23 64 128 0.168809
217 23 64 128 0.0917645
218 23 64 128 0.0165856
239 23 64 128 0.0351225
240 23 64 128 0.0568589
241 23 64 128 0.0582476
242 23 64 128 0.0709437
243 23 64 128 0.0400972
244 23 64 128 0.0294818
245 23 64 128 0.0144737
179 24 64 128 0.0325848
180 24 64 128 0.130633
181 24 64 128 0.383782
182 24 64 128 0.649476
183 24 64 128 0.641906
184 24 64 128 0.735343
185 24 64 128 0.508151
186 24 64 128 0.309374
187 24 64 128 0.0200744
193 24 64 128 0.0315687
194 24 64 128 0.104077
195 24 64 128 0.26246
196 24 64 128 0.19219
197 24 64 128 0.154189
198 24 64 128 0.196464
199 24 64 128 0.337246
200 24 64 128 0.398635
201 24 64 128 0.473605
202 24 64 128 0.14454
208 24 64 128 0.0719244
209 24 64 128 0.179499
210 24 64 128 0.116282
211 24 64 128 0.0504792
212 24 64 128 0.0562953
213 24 64 128 0.0839499
214 24 64 128 0.108565
215 24 64 128 0.112258
216 24 64 128 0.085368
217 24 64 128 0.0381808
239 24 64 128 0.0208716
240 24 64 128 0.0431179
241 24 64 128 0.0463835
242 24 64 128 0.0657331
243 24 64 128 0.0388392
244 24 64 128 0.0301299
245 24 64 128 0.0139362
179 25 64 128 0.0221515
180 25 64 128 0.106501
181 25 64 128 0.344909
182 25 64 128 0.572802
183 25 64 128 0.59786
184 25 64 128 0.683643
185 25 64 128 0.464442
186 25 64 128 0.231026
187 25 64 128 0.0143748
193 25 64 128 0.0135954
194 25 64 128 0.0533755
195 25 64 128 0.176564
196 25 64 128 0.15806
197 25 64 128 0.173592
198 25 64 128 0.161309
199 25 64 128 0.283537
200 25 64 128 0.300456
201 25 64 128 0.422967
202 25 64 128 0.100724
208 25 64 128 0.045865
209 25 64 128 0.140065
210 25 64 128 0.0959413
211 25 64 128 0.0409981
212 25 64 128 0.0524834
213 25 64 128 0.0639745
214 25 64 128 0.0857258
215 25 64 128 0.0931622
216 25 64 128 0.0776463
217 25 64 128 0.0330839
239 25 64 128 0.0261809
240 25 64 128 0.041591
241 25 64 128 0.0438369
242 25 64 128 0.0675364
243 25 64 128 0.0410675
244 25 64 128 0.0282713
245 25 64 128 0.0118651
180 26 64 128 0.0423142
181 26 64 128 0.146946
182 26 64 128 0.313072
183 26 64 128 0.328344
184 26 64 128 0.420796
185 26 64 128 0.283183
186 26 64 128 0.131294
194 26 64 128 0.0226275
195 26 64 128 0.0804148
196 26 64 128 0.0802615
197 26 64 128 0.0976998
198 26 64 128 0.103834
199 26 64 128 0.190226
200 26 64 128 0.237433
201 26 64 128 0.338086
202 26 64 128 0.0826613
208 26 64 128 0.022844
209 26 64 128 0.0952466
210 26 64 128 0.0824683
211 26 64 128 0.0338149
212 26 64 128 0.0349743
213 26 64 128 0.0424729
214 26 64 128 0.0591854
215 26 64 128 0.063623
216 26 64 128 0.05064
217 26 64 128 0.0205212
239 26 64 128 0.027164
240 26 64 128 0.0369262
241 26 64 128 0.0517321
242 26 64 128 0.081341
243 26 64 128 0.0625259
244 26 64 128 0.0347992
245 26 64 128 0.0162204
180 27 64 128 0.0384364
181 27 64 128 0.118449
182 27 64 128 0.257918
183 27 64 128 0.312088
184 27 64 128 0.351183
185 27 64 128 0.259866
186 27 64 128 0.11572
194 27 64 128 0.0101368
195 27 64 128 0.0503484
196 27 64 128 0.0627853
197 27 64 128 0.0726389
198 27 64 128 0.0735491
199 27 64 128 0.143326
200 27 64 128 0.195492
201 27 64 128 0.299075
202 27 64 128 0.0717459
208 27 64 128 0.0134243
209 27 64 128 0.0713662
210 27 64 128 0.0679249
211 27 64 128 0.0324715
212 27 64 128 0.0318319
213 27 64 128 0.0319608
214 27 64 128 0.0429618
215 27 64 128 0.0407192
216 27 64 128 0.0333699
217 27 64 128 0.0130248
239 27 64 128 0.026527
240 27 64 128 0.0396684
241 27 64 128 0.0561192
242 27 64 128 0.100777
243 27 64 128 0.067788
244 27 64 128 0.034221
245 27 64 128 0.0177724
246 27 64 128 0.0113116
180 28 64 128 0.0196784
181 28 64 128 0.0505883
182 28 64 128 0.130666
183 28 64 128 0.130992
184 28 64 128 0.185769
185 28 64 128 0.12719
186 28 64 128 0.0705141
195 28 64 128 0.0203245
196 28 64 128 0.03228
197 28 64 128 0.0403707
198 28 64 128 0.0446454
199 28 64 128 0.0908872
200 28 64 128 0.142376
201 28 64 128 0.227683
202 28 64 128 0.0602175
209 28 64 128 0.0387674
210 28 64 128 0.0509974
211 28 64 128 0.0217418
212 28 64 128 0.0198631
213 28 64 128 0.0191582
214 28 64 128 0.0231281
215 28 64 128 0.0197475
216 28 64 128 0.0140403
239 28 64 128 0.0209131
240 28 64 128 0.0426437
241 28 64 128 0.0545169
242 28 64 128 0.0933776
243 28 64 128 0.0686286
244 28 64 128 0.0427664
245 28 64 128 0.020299
246 28 64 128 0.0113993
180 29 64 128 0.0142334
181 29 64 128 0.0344972
182 29 64 128 0.0897357
183 29 64 128 0.0992788
184 29 64 128 0.140461
185 29 64 128 0.104451
186 29 64 128 0.0506096
195 29 64 128 0.0116538
196 29 64 128 0.0196415
197 29 64 128 0.0232667
198 29 64 128 0.0218007
199 29 64 128 0.0481681
200 29 64 128 0.0669394
201 29 64 128 0.143329
202 29 64 128 0.0315433
209 29 64 128 0.0268591
210 29 64 128 0.0402451
211 29 64 128 0.0215641
212 29 64 128 0.0184923
213 29 64 128 0.0147891
214 29 64 128 0.0188707
215 29 64 128 0.0131612
239 29 64 128 0.0188593
240 29 64 128 0.0357929
241 29 64 128 0.0469143
242 29 64 128 0.0857423
243 29 64 128 0.0717173
244 29 64 128 0.0367438
245 29 64 128 0.0157559
246 29 64 128 0.0106947
181 30 64 128 0.0213217
182 30 64 128 0.057281
183 30 64 128 0.0720893
184 30 64 128 0.0882375
185 30 64 128 0.082501
186 30 64 128 0.0402417
197 30 64 128 0.0116271
198 30 64 128 0.0113443
199 30 64 128 0.0245664
200 30 64 128 0.0382012
201 30 64 128 0.0973258
202 30 64 128 0.0256349
209 30 64 128 0.0169963
210 30 64 128 0.0271984
211 30 64 128 0.0121286
239 30 64 128 0.0151456
240 30 64 128 0.0268999
241 30 64 128 0.0330976
242 30 64 128 0.0626528
243 30 64 128 0.0560323
244 30 64 128 0.0285531
245 30 64 128 0.0140452
181 31 64 128 0.0100211
182 31 64 128 0.0228823
183 31 64 128 0.0356182
184 31 64 128 0.0418375
185 31 64 128 0.0466927
186 31 64 128 0.0223283
199 31 64 128 0.0102841
200 31 64 128 0.0159627
201 31 64 128 0.0511148
202 31 64 128 0.014948
210 31 64 128 0.0173992
240 31 64 128 0.0164165
241 31 64 128 0.0224177
242 31 64 128 0.0420834
243 31 64 128 0.0329255
244 31 64 128 0.0168979
182 32 64 128 0.0107602
183 32 64 128 0.0177535
184 32 64 128 0.0186686
185 32 64 128 0.0224685
186 32 64 128 0.0141416
201 32 64 128 0.021975
240 32 64 128 0.0106938
241 32 64 128 0.0121702
242 32 64 128 0.0193153
243 32 64 128 0.0201197
244 32 64 128 0.0120983
185 33 64 128 0.0106621
201 33 64 128 0.0110967
242 33 64 128 0.0103545
185 34 64 128 0.012457
