221 7 85 170 0.0104416
222 7 85 170 0.0100577
219 8 85 170 0.0106902
220 8 85 170 0.0120086
221 8 85 170 0.0135394
222 8 85 170 0.0127972
223 8 85 170 0.0102801
220 9 85 170 0.0116394
221 9 85 170 0.0130017
222 9 85 170 0.0128699
223 9 85 170 0.0115025
224 9 85 170 0.0105311
233 9 85 170 0.0102398
219 10 85 170 0.0115365
220 10 85 170 0.0137613
221 10 85 170 0.0145444
222 10 85 170 0.0140238
223 10 85 170 0.0131559
224 10 85 170 0.0121292
225 10 85 170 0.0100262
218 11 85 170 0.0106905
219 11 85 170 0.0124399
220 11 85 170 0.0146897
221 11 85 170 0.0155576
222 11 85 170 0.0146282
223 11 85 170 0.0131356
224 11 85 170 0.0120102
220 12 85 170 0.011157
221 12 85 170 0.0128983
222 12 85 170 0.0128986
223 12 85 170 0.0113537
224 12 85 170 0.0100558
170 13 85 170 0.0104267
171 13 85 170 0.0117912
172 13 85 170 0.0102895
220 13 85 170 0.0101914
221 13 85 170 0.012559
222 13 85 170 0.0131625
223 13 85 170 0.0117601
224 13 85 170 0.0108747
169 14 85 170 0.0103512
170 14 85 170 0.0129265
171 14 85 170 0.0146627
172 14 85 170 0.012562
173 14 85 170 0.0108871
174 14 85 170 0.0101558
221 14 85 170 0.0112695
222 14 85 170 0.0122082
223 14 85 170 0.0112612
224 14 85 170 0.0105713
168 15 85 170 0.0108952
169 15 85 170 0.0124755
170 15 85 170 0.0149573
171 15 85 170 0.0166943
172 15 85 170 0.0147889
173 15 85 170 0.0124009
174 15 85 170 0.0111393
175 15 85 170 0.010275
221 15 85 170 0.0100037
222 15 85 170 0.0112294
223 15 85 170 0.0106818
166 16 85 170 0.0109635
167 16 85 170 0.0118255
168 16 85 170 0.0125464
169 16 85 170 0.0137809
170 16 85 170 0.0161976
171 16 85 170 0.0179161
172 16 85 170 0.0163773
173 16 85 170 0.0138686
174 16 85 170 0.011876
175 16 85 170 0.0103595
188 16 85 170 0.0105542
221 16 85 170 0.0100383
222 16 85 170 0.011324
223 16 85 170 0.0107513
224 16 85 170 0.010157
166 17 85 170 0.0101641
167 17 85 170 0.0115818
168 17 85 170 0.0124314
169 17 85 170 0.0137454
170 17 85 170 0.0176682
171 17 85 170 0.0204854
172 17 85 170 0.0170617
173 17 85 170 0.0138745
174 17 85 170 0.0117534
188 17 85 170 0.0114108
167 18 85 170 0.0114925
168 18 85 170 0.0122198
169 18 85 170 0.0132769
170 18 85 170 0.0165217
171 18 85 170 0.0189062
172 18 85 170 0.0161022
173 18 85 170 0.0128337
174 18 85 170 0.0105732
188 18 85 170 0.01102
166 19 85 170 0.0107862
167 19 85 170 0.0123828
168 19 85 170 0.0117651
169 19 85 170 0.0122098
170 19 85 170 0.0141503
171 19 85 170 0.0156135
172 19 85 170 0.0146128
173 19 85 170 0.0116392
188 19 85 170 0.0106406
166 20 85 170 0.0107163
167 20 85 170 0.0123175
168 20 85 170 0.0104917
169 20 85 170 0.0106643
170 20 85 170 0.0131088
171 20 85 170 0.0148069
172 20 85 170 0.0135018
173 20 85 170 0.0104661
188 20 85 170 0.0101036
167 21 85 170 0.0102446
169 21 85 170 0.0100663
170 21 85 170 0.0118797
171 21 85 170 0.0128921
172 21 85 170 0.0114147
162 0 64 128 0.0106172
163 0 64 128 0.0109407
164 0 64 128 0.010759
165 0 64 128 0.011433
166 0 64 128 0.0113743
167 0 64 128 0.0127225
168 0 64 128 0.0133053
169 0 64 128 0.0165651
170 0 64 128 0.0154514
171 0 64 128 0.0147091
172 0 64 128 0.0116227
173 0 64 128 0.0101777
204 0 64 128 0.0109918
205 0 64 128 0.0107645
206 0 64 128 0.0154452
207 0 64 128 0.0173621
208 0 64 128 0.0167748
209 0 64 128 0.0150948
210 0 64 128 0.0164234
211 0 64 128 0.0137916
212 0 64 128 0.0122477
213 0 64 128 0.0128072
214 0 64 128 0.0144042
215 0 64 128 0.0125075
216 0 64 128 0.0111937
217 0 64 128 0.0119112
218 0 64 128 0.013047
219 0 64 128 0.0111092
220 0 64 128 0.0114567
221 0 64 128 0.010565
227 0 64 128 0.0100509
228 0 64 128 0.0117575
229 0 64 128 0.0117309
230 0 64 128 0.012064
231 0 64 128 0.0121582
232 0 64 128 0.0118031
127 1 64 128 0.0111579
128 1 64 128 0.0115881
204 1 64 128 0.0105525
205 1 64 128 0.0106266
206 1 64 128 0.0151228
207 1 64 128 0.0174978
208 1 64 128 0.0171079
209 1 64 128 0.0158294
210 1 64 128 0.0167254
211 1 64 128 0.015396
212 1 64 128 0.0146652
213 1 64 128 0.0146914
214 1 64 128 0.0153665
215 1 64 128 0.0130764
216 1 64 128 0.0116336
217 1 64 128 0.0114596
218 1 64 128 0.0112837
219 1 64 128 0.0105676
220 1 64 128 0.0106793
221 1 64 128 0.0107676
228 1 64 128 0.0106224
229 1 64 128 0.0111578
230 1 64 128 0.0115529
231 1 64 128 0.0111459
127 2 64 128 0.0110292
128 2 64 128 0.0109037
205 2 64 128 0.0105191
206 2 64 128 0.0137778
207 2 64 128 0.0162438
208 2 64 128 0.016913
209 2 64 128 0.0155233
210 2 64 128 0.0163501
211 2 64 128 0.0147805
212 2 64 128 0.0148288
213 2 64 128 0.0138523
214 2 64 128 0.014239
215 2 64 128 0.0121246
216 2 64 128 0.0105821
217 2 64 128 0.010044
218 2 64 128 0.0103423
219 2 64 128 0.0100779
220 2 64 128 0.0102461
221 2 64 128 0.0102274
230 2 64 128 0.010618
231 2 64 128 0.0102977
125 3 64 128 0.0114443
126 3 64 128 0.0133131
127 3 64 128 0.0163419
128 3 64 128 0.0157734
129 3 64 128 0.0146869
130 3 64 128 0.0111113
131 3 64 128 0.0108212
206 3 64 128 0.0127652
207 3 64 128 0.0139976
208 3 64 128 0.0156696
209 3 64 128 0.0139892
210 3 64 128 0.0143652
211 3 64 128 0.013405
212 3 64 128 0.0138643
213 3 64 128 0.0136065
214 3 64 128 0.0133569
215 3 64 128 0.0133537
216 3 64 128 0.0114662
217 3 64 128 0.011056
218 3 64 128 0.011056
219 3 64 128 0.0105365
220 3 64 128 0.0106304
221 3 64 128 0.0104547
125 4 64 128 0.0123062
126 4 64 128 0.0148054
127 4 64 128 0.0173478
128 4 64 128 0.0167854
129 4 64 128 0.016107
130 4 64 128 0.0123305
131 4 64 128 0.0125105
132 4 64 128 0.0104576
155 4 64 128 0.0110373
189 4 64 128 0.0108603
190 4 64 128 0.011198
191 4 64 128 0.0131123
192 4 64 128 0.0136144
193 4 64 128 0.0123118
194 4 64 128 0.0113329
195 4 64 128 0.0107534
196 4 64 128 0.0107774
204 4 64 128 0.0108513
205 4 64 128 0.0118425
206 4 64 128 0.0141789
207 4 64 128 0.0153265
208 4 64 128 0.0153239
209 4 64 128 0.0148714
210 4 64 128 0.0154475
211 4 64 128 0.0145504
212 4 64 128 0.014221
213 4 64 128 0.0143892
214 4 64 128 0.0145322
215 4 64 128 0.0129803
216 4 64 128 0.0107538
218 4 64 128 0.0100041
219 4 64 128 0.0109478
220 4 64 128 0.0120029
221 4 64 128 0.0118419
222 4 64 128 0.0111007
124 5 64 128 0.0110963
125 5 64 128 0.0149572
126 5 64 128 0.0165288
127 5 64 128 0.0192375
128 5 64 128 0.0175054
129 5 64 128 0.0177053
130 5 64 128 0.0159669
131 5 64 128 0.0148003
132 5 64 128 0.012475
133 5 64 128 0.0115302
134 5 64 128 0.0103505
187 5 64 128 0.0128116
188 5 64 128 0.0140974
189 5 64 128 0.014274
190 5 64 128 0.0155192
191 5 64 128 0.0169052
192 5 64 128 0.0171879
193 5 64 128 0.0176947
194 5 64 128 0.0163397
195 5 64 128 0.014263
196 5 64 128 0.0137891
197 5 64 128 0.0121959
198 5 64 128 0.0111694
199 5 64 128 0.0104146
203 5 64 128 0.0101262
204 5 64 128 0.0122649
205 5 64 128 0.0132285
206 5 64 128 0.0145706
207 5 64 128 0.0149718
208 5 64 128 0.0152017
209 5 64 128 0.0145075
210 5 64 128 0.0151943
211 5 64 128 0.01381
212 5 64 128 0.0135149
213 5 64 128 0.0134463
214 5 64 128 0.0118272
220 5 64 128 0.0105428
221 5 64 128 0.0110487
99 6 64 128 0.0100632
102 6 64 128 0.0105724
103 6 64 128 0.0120949
104 6 64 128 0.0118354
105 6 64 128 0.012252
106 6 64 128 0.0130816
107 6 64 128 0.0115302
108 6 64 128 0.0103132
110 6 64 128 0.0105354
111 6 64 128 0.0101352
123 6 64 128 0.0101883
124 6 64 128 0.0113536
125 6 64 128 0.0140141
126 6 64 128 0.0166252
127 6 64 128 0.0185466
128 6 64 128 0.0156324
129 6 64 128 0.016026
130 6 64 128 0.0141685
131 6 64 128 0.0138528
132 6 64 128 0.0113591
133 6 64 128 0.0112616
134 6 64 128 0.0105436
186 6 64 128 0.0104339
187 6 64 128 0.0131645
188 6 64 128 0.0152914
189 6 64 128 0.017543
190 6 64 128 0.0192886
191 6 64 128 0.0206592
192 6 64 128 0.0193549
193 6 64 128 0.0179229
194 6 64 128 0.0176905
195 6 64 128 0.0175896
196 6 64 128 0.0163938
197 6 64 128 0.0141117
198 6 64 128 0.0119308
199 6 64 128 0.011146
200 6 64 128 0.0102849
204 6 64 128 0.0106431
205 6 64 128 0.0124099
206 6 64 128 0.012229
207 6 64 128 0.0122427
208 6 64 128 0.012295
209 6 64 128 0.0122416
210 6 64 128 0.0120588
211 6 64 128 0.0114537
212 6 64 128 0.0105515
213 6 64 128 0.0108577
98 7 64 128 0.0105709
99 7 64 128 0.0102906
102 7 64 128 0.0100936
103 7 64 128 0.0113511
104 7 64 128 0.0116318
105 7 64 128 0.0128245
106 7 64 128 0.0131706
107 7 64 128 0.0126625
108 7 64 128 0.0120083
109 7 64 128 0.0102194
110 7 64 128 0.0122687
111 7 64 128 0.0124539
123 7 64 128 0.0107454
124 7 64 128 0.0117186
125 7 64 128 0.0155524
126 7 64 128 0.0156386
127 7 64 128 0.0168342
128 7 64 128 0.0145812
129 7 64 128 0.0151148
130 7 64 128 0.012209
131 7 64 128 0.0121111
132 7 64 128 0.0116829
133 7 64 128 0.0119558
134 7 64 128 0.011435
185 7 64 128 0.0104053
186 7 64 128 0.0134647
187 7 64 128 0.01726
188 7 64 128 0.0206705
189 7 64 128 0.0237681
190 7 64 128 0.0284238
191 7 64 128 0.0305264
192 7 64 128 0.0302341
193 7 64 128 0.0271444
194 7 64 128 0.027652
195 7 64 128 0.0269985
196 7 64 128 0.0239808
197 7 64 128 0.0191189
198 7 64 128 0.0167308
199 7 64 128 0.0147135
200 7 64 128 0.0128457
201 7 64 128 0.0116123
202 7 64 128 0.0107067
204 7 64 128 0.0106378
205 7 64 128 0.012224
206 7 64 128 0.0122305
207 7 64 128 0.0127931
208 7 64 128 0.0115499
209 7 64 128 0.0106671
210 7 64 128 0.0107152
211 7 64 128 0.0102058
90 8 64 128 0.0112187
91 8 64 128 0.0124501
92 8 64 128 0.0126644
93 8 64 128 0.0110114
94 8 64 128 0.0104317
95 8 64 128 0.0112295
96 8 64 128 0.0110677
97 8 64 128 0.0107885
98 8 64 128 0.0109807
99 8 64 128 0.0104093
107 8 64 128 0.0101268
108 8 64 128 0.0101851
110 8 64 128 0.0111257
111 8 64 128 0.0118517
124 8 64 128 0.0104834
125 8 64 128 0.0146996
126 8 64 128 0.014684
127 8 64 128 0.0155823
128 8 64 128 0.0130845
129 8 64 128 0.0130232
130 8 64 128 0.0106834
131 8 64 128 0.0106543
132 8 64 128 0.0100339
133 8 64 128 0.0105927
183 8 64 128 0.011012
184 8 64 128 0.0127883
185 8 64 128 0.0150098
186 8 64 128 0.0186536
187 8 64 128 0.0243563
188 8 64 128 0.0289764
189 8 64 128 0.0319828
190 8 64 128 0.0355945
191 8 64 128 0.0376841
192 8 64 128 0.0375282
193 8 64 128 0.0386561
194 8 64 128 0.0352612
195 8 64 128 0.0304868
196 8 64 128 0.0272633
197 8 64 128 0.0203284
198 8 64 128 0.0174243
199 8 64 128 0.0162047
200 8 64 128 0.0138402
201 8 64 128 0.0121449
202 8 64 128 0.0118944
203 8 64 128 0.0113365
204 8 64 128 0.0119528
205 8 64 128 0.0136117
206 8 64 128 0.0140453
207 8 64 128 0.0134897
208 8 64 128 0.0125403
209 8 64 128 0.0121628
210 8 64 128 0.0117681
211 8 64 128 0.0112249
181 9 64 128 0.0107746
182 9 64 128 0.0143991
183 9 64 128 0.0161636
184 9 64 128 0.0200398
185 9 64 128 0.0218641
186 9 64 128 0.0267458
187 9 64 128 0.0341619
188 9 64 128 0.0379024
189 9 64 128 0.040571
190 9 64 128 0.0439936
191 9 64 128 0.0415342
192 9 64 128 0.0438494
193 9 64 128 0.0447366
194 9 64 128 0.0457618
195 9 64 128 0.0386262
196 9 64 128 0.0328517
197 9 64 128 0.0246115
198 9 64 128 0.0223267
199 9 64 128 0.0206882
200 9 64 128 0.0179613
201 9 64 128 0.0166677
202 9 64 128 0.0152088
203 9 64 128 0.0131619
204 9 64 128 0.0143213
205 9 64 128 0.0163657
206 9 64 128 0.0174005
207 9 64 128 0.0167451
208 9 64 128 0.0157663
209 9 64 128 0.0161103
210 9 64 128 0.0146316
211 9 64 128 0.0132975
212 9 64 128 0.0115494
213 9 64 128 0.0115633
214 9 64 128 0.0119875
223 9 64 128 0.0101513
244 9 64 128 0.0110032
245 9 64 128 0.0125665
246 9 64 128 0.0133179
247 9 64 128 0.0105461
248 9 64 128 0.0100609
250 9 64 128 0.0100415
175 10 64 128 0.0111081
176 10 64 128 0.0108188
177 10 64 128 0.0122237
178 10 64 128 0.0145789
179 10 64 128 0.0158571
180 10 64 128 0.0167646
181 10 64 128 0.0213482
182 10 64 128 0.0235107
183 10 64 128 0.0233576
184 10 64 128 0.0260032
185 10 64 128 0.0289253
186 10 64 128 0.0316899
187 10 64 128 0.0361666
188 10 64 128 0.0381225
189 10 64 128 0.0406664
190 10 64 128 0.0421609
191 10 64 128 0.0412935
192 10 64 128 0.0467019
193 10 64 128 0.0442088
194 10 64 128 0.0417665
195 10 64 128 0.0413065
196 10 64 128 0.0364807
197 10 64 128 0.026929
198 10 64 128 0.0215102
199 10 64 128 0.0194889
200 10 64 128 0.0182261
201 10 64 128 0.0190896
202 10 64 128 0.0172605
203 10 64 128 0.0156875
204 10 64 128 0.0163926
205 10 64 128 0.0186454
206 10 64 128 0.018542
207 10 64 128 0.0182183
208 10 64 128 0.0181149
209 10 64 128 0.0176192
210 10 64 128 0.016557
211 10 64 128 0.0150417
212 10 64 128 0.0118671
213 10 64 128 0.0119347
214 10 64 128 0.0107745
223 10 64 128 0.0107912
224 10 64 128 0.0107682
225 10 64 128 0.0119708
226 10 64 128 0.0120116
227 10 64 128 0.0129484
228 10 64 128 0.0104184
244 10 64 128 0.0141765
245 10 64 128 0.0171144
246 10 64 128 0.0191223
247 10 64 128 0.0156332
248 10 64 128 0.0159925
249 10 64 128 0.0142444
250 10 64 128 0.0144677
251 10 64 128 0.0135253
252 10 64 128 0.0127673
253 10 64 128 0.0108531
172 11 64 128 0.010332
173 11 64 128 0.0132702
174 11 64 128 0.0145925
175 11 64 128 0.0171176
176 11 64 128 0.0166052
177 11 64 128 0.0196713
178 11 64 128 0.0228872
179 11 64 128 0.0229086
180 11 64 128 0.0235054
181 11 64 128 0.0287514
182 11 64 128 0.0328696
183 11 64 128 0.0345209
184 11 64 128 0.0366451
185 11 64 128 0.0359375
186 11 64 128 0.0396787
187 11 64 128 0.0456956
188 11 64 128 0.0473553
189 11 64 128 0.0483276
190 11 64 128 0.0511289
191 11 64 128 0.0504206
192 11 64 128 0.0537432
193 11 64 128 0.0541143
194 11 64 128 0.053505
195 11 64 128 0.0489961
196 11 64 128 0.0407837
197 11 64 128 0.0335365
198 11 64 128 0.0282446
199 11 64 128 0.0261756
200 11 64 128 0.0235716
201 11 64 128 0.0249609
202 11 64 128 0.0231333
203 11 64 128 0.0214958
204 11 64 128 0.0220167
205 11 64 128 0.025919
206 11 64 128 0.025715
207 11 64 128 0.0257317
208 11 64 128 0.0242367
209 11 64 128 0.0228326
210 11 64 128 0.0222125
211 11 64 128 0.0193986
212 11 64 128 0.0168276
213 11 64 128 0.0164414
214 11 64 128 0.0140998
215 11 64 128 0.0116585
222 11 64 128 0.0102283
223 11 64 128 0.0121901
224 11 64 128 0.0128172
225 11 64 128 0.0153093
226 11 64 128 0.0167513
227 11 64 128 0.0177327
228 11 64 128 0.0140664
229 11 64 128 0.0125326
243 11 64 128 0.0107539
244 11 64 128 0.0148283
245 11 64 128 0.0201309
246 11 64 128 0.0248335
247 11 64 128 0.0220056
248 11 64 128 0.0255008
249 11 64 128 0.0252666
250 11 64 128 0.0255577
251 11 64 128 0.0254789
252 11 64 128 0.0236613
253 11 64 128 0.0198337
254 11 64 128 0.0152118
255 11 64 128 0.0122548
169 12 64 128 0.0100808
170 12 64 128 0.0125378
171 12 64 128 0.0155235
172 12 64 128 0.0171516
173 12 64 128 0.0218255
174 12 64 128 0.0230514
175 12 64 128 0.0246407
176 12 64 128 0.0273975
177 12 64 128 0.0301209
178 12 64 128 0.0326076
179 12 64 128 0.0305434
180 12 64 128 0.0281129
181 12 64 128 0.0303968
182 12 64 128 0.0381609
183 12 64 128 0.0382253
184 12 64 128 0.042087
185 12 64 128 0.0406774
186 12 64 128 0.0462465
187 12 64 128 0.0512878
188 12 64 128 0.0544229
189 12 64 128 0.0566366
190 12 64 128 0.0547281
191 12 64 128 0.0525467
192 12 64 128 0.0577661
193 12 64 128 0.0586283
194 12 64 128 0.0608619
195 12 64 128 0.059655
196 12 64 128 0.0483026
197 12 64 128 0.0378449
198 12 64 128 0.033555
199 12 64 128 0.0328388
200 12 64 128 0.0347354
201 12 64 128 0.0324644
202 12 64 128 0.0295331
203 12 64 128 0.0301414
204 12 64 128 0.0323091
205 12 64 128 0.0369685
206 12 64 128 0.0396773
207 12 64 128 0.0390055
208 12 64 128 0.0325898
209 12 64 128 0.0319448
210 12 64 128 0.0259873
211 12 64 128 0.0246076
212 12 64 128 0.021232
213 12 64 128 0.0200036
214 12 64 128 0.0167269
215 12 64 128 0.0131782
221 12 64 128 0.010129
222 12 64 128 0.0117015
223 12 64 128 0.0150856
224 12 64 128 0.017527
225 12 64 128 0.0220411
226 12 64 128 0.0259138
227 12 64 128 0.0275988
228 12 64 128 0.0258794
229 12 64 128 0.0242853
230 12 64 128 0.0174598
231 12 64 128 0.0147744
232 12 64 128 0.0112398
233 12 64 128 0.0101977
243 12 64 128 0.0103953
244 12 64 128 0.0142284
245 12 64 128 0.0195662
246 12 64 128 0.028746
247 12 64 128 0.0280638
248 12 64 128 0.0358804
249 12 64 128 0.033715
250 12 64 128 0.0421978
251 12 64 128 0.0387705
252 12 64 128 0.0377832
253 12 64 128 0.0303412
254 12 64 128 0.0224583
255 12 64 128 0.0172446
168 13 64 128 0.0103334
169 13 64 128 0.012875
170 13 64 128 0.0169016
171 13 64 128 0.0197668
172 13 64 128 0.0206393
173 13 64 128 0.0261162
174 13 64 128 0.0256701
175 13 64 128 0.0263246
176 13 64 128 0.0302976
177 13 64 128 0.0318677
178 13 64 128 0.0325736
179 13 64 128 0.0367392
180 13 64 128 0.0308761
181 13 64 128 0.0346909
182 13 64 128 0.0376392
183 13 64 128 0.0393019
184 13 64 128 0.0467012
185 13 64 128 0.0497374
186 13 64 128 0.0585955
187 13 64 128 0.0626206
188 13 64 128 0.0636879
189 13 64 128 0.0619436
190 13 64 128 0.0592825
191 13 64 128 0.0558579
192 13 64 128 0.0522882
193 13 64 128 0.0542226
194 13 64 128 0.0624252
195 13 64 128 0.0602884
196 13 64 128 0.0520982
197 13 64 128 0.0469624
198 13 64 128 0.0419839
199 13 64 128 0.0411792
200 13 64 128 0.0408966
201 13 64 128 0.0395835
202 13 64 128 0.0350188
203 13 64 128 0.0352843
204 13 64 128 0.0397518
205 13 64 128 0.0453828
206 13 64 128 0.0466053
207 13 64 128 0.0505906
208 13 64 128 0.0433021
209 13 64 128 0.0408446
210 13 64 128 0.0325284
211 13 64 128 0.031348
212 13 64 128 0.0257058
213 13 64 128 0.0221977
214 13 64 128 0.0176055
215 13 64 128 0.0153002
216 13 64 128 0.0111517
219 13 64 128 0.0104612
220 13 64 128 0.011049
221 13 64 128 0.0128839
222 13 64 128 0.0149993
223 13 64 128 0.0212486
224 13 64 128 0.0248814
225 13 64 128 0.0321495
226 13 64 128 0.0350936
227 13 64 128 0.0399718
228 13 64 128 0.040403
229 13 64 128 0.0370116
230 13 64 128 0.0251907
231 13 64 128 0.021065
232 13 64 128 0.0161176
233 13 64 128 0.0131711
234 13 64 128 0.0104932
244 13 64 128 0.0142554
245 13 64 128 0.0196186
246 13 64 128 0.0282783
247 13 64 128 0.0313102
248 13 64 128 0.0385097
249 13 64 128 0.0384711
250 13 64 128 0.045928
251 13 64 128 0.0544655
252 13 64 128 0.0507174
253 13 64 128 0.0447206
254 13 64 128 0.0316653
255 13 64 128 0.024994
166 14 64 128 0.0101592
167 14 64 128 0.0121414
168 14 64 128 0.0145457
169 14 64 128 0.0192116
170 14 64 128 0.0238024
171 14 64 128 0.0265941
172 14 64 128 0.0250737
173 14 64 128 0.0292343
174 14 64 128 0.0317693
175 14 64 128 0.0306978
176 14 64 128 0.0316098
177 14 64 128 0.0299144
178 14 64 128 0.0316356
179 14 64 128 0.0365288
180 14 64 128 0.0337487
181 14 64 128 0.036167
182 14 64 128 0.0411616
183 14 64 128 0.0426203
184 14 64 128 0.0463603
185 14 64 128 0.050242
186 14 64 128 0.0547146
187 14 64 128 0.0604643
188 14 64 128 0.0612663
189 14 64 128 0.0602749
190 14 64 128 0.0553857
191 14 64 128 0.0572907
192 14 64 128 0.0563371
193 14 64 128 0.0533868
194 14 64 128 0.0593903
195 14 64 128 0.0555016
196 14 64 128 0.0517639
197 14 64 128 0.0436745
198 14 64 128 0.0391969
199 14 64 128 0.0403981
200 14 64 128 0.040225
201 14 64 128 0.0387445
202 14 64 128 0.0348888
203 14 64 128 0.0366448
204 14 64 128 0.0403073
205 14 64 128 0.0430116
206 14 64 128 0.0404255
207 14 64 128 0.0408346
208 14 64 128 0.0384263
209 14 64 128 0.0364946
210 14 64 128 0.0304473
211 14 64 128 0.0272984
212 14 64 128 0.0222663
213 14 64 128 0.0212961
214 14 64 128 0.0151704
215 14 64 128 0.01367
220 14 64 128 0.0108698
221 14 64 128 0.0130839
222 14 64 128 0.0162077
223 14 64 128 0.0245868
224 14 64 128 0.0293462
225 14 64 128 0.0371016
226 14 64 128 0.0407008
227 14 64 128 0.0470122
228 14 64 128 0.0466535
229 14 64 128 0.0419205
230 14 64 128 0.0287813
231 14 64 128 0.0240997
232 14 64 128 0.0187637
233 14 64 128 0.0177073
234 14 64 128 0.0124584
245 14 64 128 0.0141744
246 14 64 128 0.0230244
247 14 64 128 0.0248782
248 14 64 128 0.0363265
249 14 64 128 0.0381245
250 14 64 128 0.0458874
251 14 64 128 0.0564483
252 14 64 128 0.0563642
253 14 64 128 0.053206
254 14 64 128 0.0428055
255 14 64 128 0.0359547
166 15 64 128 0.0109955
167 15 64 128 0.0135282
168 15 64 128 0.01584
169 15 64 128 0.0194908
170 15 64 128 0.0225606
171 15 64 128 0.025139
172 15 64 128 0.0247653
173 15 64 128 0.0284396
174 15 64 128 0.0311299
175 15 64 128 0.028115
176 15 64 128 0.028164
177 15 64 128 0.0299265
178 15 64 128 0.0341016
179 15 64 128 0.0383331
180 15 64 128 0.0387108
181 15 64 128 0.0428499
182 15 64 128 0.0481466
183 15 64 128 0.0518802
184 15 64 128 0.0508537
185 15 64 128 0.0567773
186 15 64 128 0.0633222
187 15 64 128 0.062467
188 15 64 128 0.0610631
189 15 64 128 0.0596497
190 15 64 128 0.0599569
191 15 64 128 0.0552876
192 15 64 128 0.0561526
193 15 64 128 0.053052
194 15 64 128 0.0581507
195 15 64 128 0.0586684
196 15 64 128 0.0514792
197 15 64 128 0.0478243
198 15 64 128 0.0455543
199 15 64 128 0.0462085
200 15 64 128 0.0434649
201 15 64 128 0.0418233
202 15 64 128 0.0405149
203 15 64 128 0.0402996
204 15 64 128 0.0413701
205 15 64 128 0.0483619
206 15 64 128 0.0451872
207 15 64 128 0.0462219
208 15 64 128 0.0424865
209 15 64 128 0.040744
210 15 64 128 0.0335339
211 15 64 128 0.0312607
212 15 64 128 0.0261497
213 15 64 128 0.0225756
214 15 64 128 0.0187843
215 15 64 128 0.0178989
216 15 64 128 0.0132694
217 15 64 128 0.0117095
218 15 64 128 0.0106501
219 15 64 128 0.0122512
220 15 64 128 0.0121988
221 15 64 128 0.0152294
222 15 64 128 0.0193845
223 15 64 128 0.0288579
224 15 64 128 0.0308694
225 15 64 128 0.0434172
226 15 64 128 0.0486353
227 15 64 128 0.0530928
228 15 64 128 0.0505257
229 15 64 128 0.0461144
230 15 64 128 0.0309667
231 15 64 128 0.0263459
232 15 64 128 0.0219279
233 15 64 128 0.0185551
234 15 64 128 0.0154057
235 15 64 128 0.011361
245 15 64 128 0.012861
246 15 64 128 0.0206838
247 15 64 128 0.0263916
248 15 64 128 0.0388197
249 15 64 128 0.0426732
250 15 64 128 0.0468073
251 15 64 128 0.059032
252 15 64 128 0.0674963
253 15 64 128 0.0668697
254 15 64 128 0.0525401
255 15 64 128 0.0451534
162 16 64 128 0.0103996
163 16 64 128 0.0100589
164 16 64 128 0.0103614
165 16 64 128 0.0113413
166 16 64 128 0.0135906
167 16 64 128 0.0150272
168 16 64 128 0.0174438
169 16 64 128 0.0217408
170 16 64 128 0.0273165
171 16 64 128 0.0294196
172 16 64 128 0.029201
173 16 64 128 0.0319512
174 16 64 128 0.0315972
175 16 64 128 0.0283575
176 16 64 128 0.0281103
177 16 64 128 0.0307359
178 16 64 128 0.0327106
179 16 64 128 0.0333692
180 16 64 128 0.0378515
181 16 64 128 0.0439566
182 16 64 128 0.048115
183 16 64 128 0.0522828
184 16 64 128 0.0540136
185 16 64 128 0.0587949
186 16 64 128 0.0608458
187 16 64 128 0.0613639
188 16 64 128 0.0611257
189 16 64 128 0.0601174
190 16 64 128 0.0592842
191 16 64 128 0.0562097
192 16 64 128 0.052769
193 16 64 128 0.0464377
194 16 64 128 0.0501326
195 16 64 128 0.0507778
196 16 64 128 0.0463104
197 16 64 128 0.0431933
198 16 64 128 0.0381296
199 16 64 128 0.0356687
200 16 64 128 0.0341844
201 16 64 128 0.0355481
202 16 64 128 0.0332362
203 16 64 128 0.0323309
204 16 64 128 0.0334187
205 16 64 128 0.0393772
206 16 64 128 0.0395751
207 16 64 128 0.041615
208 16 64 128 0.0412
209 16 64 128 0.0429592
210 16 64 128 0.0373879
211 16 64 128 0.0374606
212 16 64 128 0.03146
213 16 64 128 0.0269729
214 16 64 128 0.0223314
215 16 64 128 0.0215797
216 16 64 128 0.0173041
217 16 64 128 0.0182565
218 16 64 128 0.0149282
219 16 64 128 0.0162342
220 16 64 128 0.0162734
221 16 64 128 0.0181656
222 16 64 128 0.0214318
223 16 64 128 0.0308218
224 16 64 128 0.0340529
225 16 64 128 0.0472021
226 16 64 128 0.0532715
227 16 64 128 0.0547819
228 16 64 128 0.0528975
229 16 64 128 0.0515738
230 16 64 128 0.0376429
231 16 64 128 0.0322971
232 16 64 128 0.0271327
233 16 64 128 0.0219869
234 16 64 128 0.016876
235 16 64 128 0.0142951
236 16 64 128 0.0103474
245 16 64 128 0.0101812
246 16 64 128 0.0179963
247 16 64 128 0.0236743
248 16 64 128 0.0329324
249 16 64 128 0.0351659
250 16 64 128 0.0435972
251 16 64 128 0.0505049
252 16 64 128 0.0589558
253 16 64 128 0.0585608
254 16 64 128 0.052727
255 16 64 128 0.0463209
160 17 64 128 0.0103711
161 17 64 128 0.0121498
162 17 64 128 0.0126129
163 17 64 128 0.0126019
164 17 64 128 0.0140603
165 17 64 128 0.0155818
166 17 64 128 0.016658
167 17 64 128 0.016882
168 17 64 128 0.0209076
169 17 64 128 0.0247345
170 17 64 128 0.0307041
171 17 64 128 0.0293893
172 17 64 128 0.0290908
173 17 64 128 0.0311073
174 17 64 128 0.0304842
175 17 64 128 0.0254604
176 17 64 128 0.0261402
177 17 64 128 0.0316742
178 17 64 128 0.0344925
179 17 64 128 0.0368387
180 17 64 128 0.0437864
181 17 64 128 0.0488547
182 17 64 128 0.0520586
183 17 64 128 0.0595309
184 17 64 128 0.0608582
185 17 64 128 0.0643131
186 17 64 128 0.073407
187 17 64 128 0.0724199
188 17 64 128 0.065803
189 17 64 128 0.0675359
190 17 64 128 0.0617861
191 17 64 128 0.0603601
192 17 64 128 0.052711
193 17 64 128 0.0474319
194 17 64 128 0.0513018
195 17 64 128 0.0459758
196 17 64 128 0.043214
197 17 64 128 0.0438277
198 17 64 128 0.0415769
199 17 64 128 0.0381267
200 17 64 128 0.0339859
201 17 64 128 0.0338202
202 17 64 128 0.0307765
203 17 64 128 0.0296417
204 17 64 128 0.030327
205 17 64 128 0.0348607
206 17 64 128 0.0356361
207 17 64 128 0.0376808
208 17 64 128 0.0396244
209 17 64 128 0.0457086
210 17 64 128 0.0415629
211 17 64 128 0.0436901
212 17 64 128 0.0397489
213 17 64 128 0.0384107
214 17 64 128 0.0318306
215 17 64 128 0.0317146
216 17 64 128 0.0243888
217 17 64 128 0.0239459
218 17 64 128 0.0201057
219 17 64 128 0.0216363
220 17 64 128 0.0200436
221 17 64 128 0.0227126
222 17 64 128 0.0245904
223 17 64 128 0.0363595
224 17 64 128 0.0366525
225 17 64 128 0.0453871
226 17 64 128 0.0542721
227 17 64 128 0.0549666
228 17 64 128 0.0545365
229 17 64 128 0.0570134
230 17 64 128 0.0430579
231 17 64 128 0.0356969
232 17 64 128 0.0321968
233 17 64 128 0.0257622
234 17 64 128 0.0191485
235 17 64 128 0.0165641
236 17 64 128 0.0124495
246 17 64 128 0.012972
247 17 64 128 0.0182051
248 17 64 128 0.023537
249 17 64 128 0.0274114
250 17 64 128 0.0306658
251 17 64 128 0.0421325
252 17 64 128 0.053272
253 17 64 128 0.0508261
254 17 64 128 0.0457852
255 17 64 128 0.0468787
156 18 64 128 0.0100033
157 18 64 128 0.0120346
158 18 64 128 0.0134598
159 18 64 128 0.0149645
160 18 64 128 0.0159626
161 18 64 128 0.0192135
162 18 64 128 0.020162
163 18 64 128 0.0199754
164 18 64 128 0.0198333
165 18 64 128 0.0197434
166 18 64 128 0.018489
167 18 64 128 0.0194554
168 18 64 128 0.0214107
169 18 64 128 0.0239171
170 18 64 128 0.0291509
171 18 64 128 0.033359
172 18 64 128 0.0308664
173 18 64 128 0.0323456
174 18 64 128 0.0312261
175 18 64 128 0.0306517
176 18 64 128 0.0280966
177 18 64 128 0.0331885
178 18 64 128 0.0382024
179 18 64 128 0.0374079
180 18 64 128 0.0442428
181 18 64 128 0.0486106
182 18 64 128 0.0513959
183 18 64 128 0.054697
184 18 64 128 0.0596547
185 18 64 128 0.0637916
186 18 64 128 0.0684527
187 18 64 128 0.0674475
188 18 64 128 0.060797
189 18 64 128 0.0612168
190 18 64 128 0.0551957
191 18 64 128 0.0512924
192 18 64 128 0.0461726
193 18 64 128 0.0424521
194 18 64 128 0.0453288
195 18 64 128 0.044556
196 18 64 128 0.0423547
197 18 64 128 0.0414178
198 18 64 128 0.0386811
199 18 64 128 0.0369423
200 18 64 128 0.0315969
201 18 64 128 0.0283738
202 18 64 128 0.0253377
203 18 64 128 0.0237786
204 18 64 128 0.0248243
205 18 64 128 0.0277724
206 18 64 128 0.0295244
207 18 64 128 0.0304033
208 18 64 128 0.0338644
209 18 64 128 0.0378909
210 18 64 128 0.0363462
211 18 64 128 0.0370316
212 18 64 128 0.0353953
213 18 64 128 0.0360951
214 18 64 128 0.0345053
215 18 64 128 0.0339815
216 18 64 128 0.0262119
217 18 64 128 0.0243382
218 18 64 128 0.0201283
219 18 64 128 0.0235598
220 18 64 128 0.0219867
221 18 64 128 0.0229493
222 18 64 128 0.0253524
223 18 64 128 0.0327865
224 18 64 128 0.03494
225 18 64 128 0.0407424
226 18 64 128 0.0461902
227 18 64 128 0.0476993
228 18 64 128 0.0494299
229 18 64 128 0.0491796
230 18 64 128 0.0385789
231 18 64 128 0.0386246
232 18 64 128 0.0341248
233 18 64 128 0.029952
234 18 64 128 0.0224237
235 18 64 128 0.01793
236 18 64 128 0.015103
237 18 64 128 0.0100742
247 18 64 128 0.011193
248 18 64 128 0.014722
249 18 64 128 0.0168709
250 18 64 128 0.0215865
251 18 64 128 0.0279593
252 18 64 128 0.0397388
253 18 64 128 0.0394987
254 18 64 128 0.0403068
255 18 64 128 0.0411504
153 19 64 128 0.0111133
154 19 64 128 0.012751
155 19 64 128 0.0128889
156 19 64 128 0.0152395
157 19 64 128 0.0180765
158 19 64 128 0.020625
159 19 64 128 0.0216285
160 19 64 128 0.0246991
161 19 64 128 0.0282619
162 19 64 128 0.0274059
163 19 64 128 0.0255875
164 19 64 128 0.0240892
165 19 64 128 0.0242867
166 19 64 128 0.0237839
167 19 64 128 0.023459
168 19 64 128 0.0224345
169 19 64 128 0.0241783
170 19 64 128 0.0276055
171 19 64 128 0.0320525
172 19 64 128 0.0329272
173 19 64 128 0.0379974
174 19 64 128 0.0332621
175 19 64 128 0.0309736
176 19 64 128 0.0289251
177 19 64 128 0.034035
178 19 64 128 0.0426342
179 19 64 128 0.0476493
180 19 64 128 0.0546276
181 19 64 128 0.0534218
182 19 64 128 0.0598747
183 19 64 128 0.0572307
184 19 64 128 0.0575125
185 19 64 128 0.0612527
186 19 64 128 0.0669563
187 19 64 128 0.0641154
188 19 64 128 0.055956
189 19 64 128 0.0571421
190 19 64 128 0.0547406
191 19 64 128 0.0512795
192 19 64 128 0.0442923
193 19 64 128 0.0404814
194 19 64 128 0.0483803
195 19 64 128 0.0470718
196 19 64 128 0.0460159
197 19 64 128 0.0458783
198 19 64 128 0.0456665
199 19 64 128 0.0417321
200 19 64 128 0.0352404
201 19 64 128 0.0291747
202 19 64 128 0.0243891
203 19 64 128 0.0238017
204 19 64 128 0.0227899
205 19 64 128 0.0268641
206 19 64 128 0.0270066
207 19 64 128 0.0296113
208 19 64 128 0.0322146
209 19 64 128 0.0409403
210 19 64 128 0.037589
211 19 64 128 0.0440984
212 19 64 128 0.0417657
213 19 64 128 0.0435884
214 19 64 128 0.0384572
215 19 64 128 0.0368118
216 19 64 128 0.0288905
217 19 64 128 0.0279737
218 19 64 128 0.0229944
219 19 64 128 0.0240923
220 19 64 128 0.02095
221 19 64 128 0.022983
222 19 64 128 0.0244954
223 19 64 128 0.0333962
224 19 64 128 0.0321312
225 19 64 128 0.0365906
226 19 64 128 0.0393348
227 19 64 128 0.0374348
228 19 64 128 0.0432894
229 19 64 128 0.0519986
230 19 64 128 0.0452974
231 19 64 128 0.0459235
232 19 64 128 0.0414972
233 19 64 128 0.0360918
234 19 64 128 0.0285868
235 19 64 128 0.0225427
236 19 64 128 0.0196929
237 19 64 128 0.0128637
248 19 64 128 0.0110359
249 19 64 128 0.0129616
250 19 64 128 0.0152989
251 19 64 128 0.0202412
252 19 64 128 0.0260153
253 19 64 128 0.0270448
254 19 64 128 0.027735
255 19 64 128 0.0272329
152 20 64 128 0.0106978
153 20 64 128 0.0141644
154 20 64 128 0.0172352
155 20 64 128 0.019633
156 20 64 128 0.0193533
157 20 64 128 0.0237066
158 20 64 128 0.0309805
159 20 64 128 0.0324179
160 20 64 128 0.0297744
161 20 64 128 0.0349307
162 20 64 128 0.0336864
163 20 64 128 0.0308319
164 20 64 128 0.0281208
165 20 64 128 0.026413
166 20 64 128 0.0274449
167 20 64 128 0.0243146
168 20 64 128 0.0227233
169 20 64 128 0.0224224
170 20 64 128 0.022526
171 20 64 128 0.0258075
172 20 64 128 0.026026
173 20 64 128 0.0300476
174 20 64 128 0.0287865
175 20 64 128 0.0265106
176 20 64 128 0.0236896
177 20 64 128 0.0280752
178 20 64 128 0.0355939
179 20 64 128 0.0403437
180 20 64 128 0.0449096
181 20 64 128 0.0437818
182 20 64 128 0.0463462
183 20 64 128 0.0466054
184 20 64 128 0.0477094
185 20 64 128 0.0497952
186 20 64 128 0.0556457
187 20 64 128 0.0557659
188 20 64 128 0.0522909
189 20 64 128 0.0551445
190 20 64 128 0.058403
191 20 64 128 0.0590841
192 20 64 128 0.0517081
193 20 64 128 0.0479217
194 20 64 128 0.0535266
195 20 64 128 0.0516488
196 20 64 128 0.046916
197 20 64 128 0.042751
198 20 64 128 0.0412568
199 20 64 128 0.0371531
200 20 64 128 0.0332124
201 20 64 128 0.025866
202 20 64 128 0.0207514
203 20 64 128 0.0195253
204 20 64 128 0.0202512
205 20 64 128 0.0211442
206 20 64 128 0.0202641
207 20 64 128 0.0224539
208 20 64 128 0.0239971
209 20 64 128 0.0318187
210 20 64 128 0.0319073
211 20 64 128 0.0364773
212 20 64 128 0.0364653
213 20 64 128 0.0384776
214 20 64 128 0.0340414
215 20 64 128 0.0316553
216 20 64 128 0.0247875
217 20 64 128 0.0230754
218 20 64 128 0.020462
219 20 64 128 0.0193181
220 20 64 128 0.0183622
221 20 64 128 0.0220882
222 20 64 128 0.0234642
223 20 64 128 0.0284021
224 20 64 128 0.0275631
225 20 64 128 0.0296319
226 20 64 128 0.0301524
227 20 64 128 0.0293163
228 20 64 128 0.0337621
229 20 64 128 0.0432819
230 20 64 128 0.0417243
231 20 64 128 0.0426703
232 20 64 128 0.0380931
233 20 64 128 0.0350351
234 20 64 128 0.0260853
235 20 64 128 0.0242315
236 20 64 128 0.0178725
237 20 64 128 0.0107643
252 20 64 128 0.0139733
253 20 64 128 0.0145455
254 20 64 128 0.017343
255 20 64 128 0.0178129
151 21 64 128 0.0100595
152 21 64 128 0.0122644
153 21 64 128 0.0149086
154 21 64 128 0.0167863
155 21 64 128 0.0184203
156 21 64 128 0.0213449
157 21 64 128 0.0265679
158 21 64 128 0.0342007
159 21 64 128 0.0366761
160 21 64 128 0.0332629
161 21 64 128 0.0361586
162 21 64 128 0.0324352
163 21 64 128 0.027897
164 21 64 128 0.0272986
165 21 64 128 0.0260862
166 21 64 128 0.0251497
167 21 64 128 0.0234113
168 21 64 128 0.0214997
169 21 64 128 0.0217564
170 21 64 128 0.0214958
171 21 64 128 0.0231098
172 21 64 128 0.0230941
173 21 64 128 0.0238329
174 21 64 128 0.0210328
175 21 64 128 0.0175471
176 21 64 128 0.0166097
177 21 64 128 0.0200111
178 21 64 128 0.0256888
179 21 64 128 0.0309243
180 21 64 128 0.0338214
181 21 64 128 0.0346447
182 21 64 128 0.0351732
183 21 64 128 0.0376115
184 21 64 128 0.0361956
185 21 64 128 0.0401342
186 21 64 128 0.0415306
187 21 64 128 0.0476257
188 21 64 128 0.0460306
189 21 64 128 0.0478633
190 21 64 128 0.0558226
191 21 64 128 0.0603039
192 21 64 128 0.0580709
193 21 64 128 0.0502703
194 21 64 128 0.0491413
195 21 64 128 0.0473104
196 21 64 128 0.0424145
197 21 64 128 0.0378814
198 21 64 128 0.0357416
199 21 64 128 0.0338598
200 21 64 128 0.0268172
201 21 64 128 0.0228916
202 21 64 128 0.0172269
203 21 64 128 0.0161902
204 21 64 128 0.0166989
205 21 64 128 0.0178362
206 21 64 128 0.0169436
207 21 64 128 0.0178787
208 21 64 128 0.0200068
209 21 64 128 0.0254513
210 21 64 128 0.0247771
211 21 64 128 0.0287197
212 21 64 128 0.0295688
213 21 64 128 0.0332659
214 21 64 128 0.0292867
215 21 64 128 0.0263082
216 21 64 128 0.0224854
217 21 64 128 0.0199073
218 21 64 128 0.017803
219 21 64 128 0.0169044
220 21 64 128 0.0156509
221 21 64 128 0.019078
222 21 64 128 0.0180137
223 21 64 128 0.0209772
224 21 64 128 0.0213051
225 21 64 128 0.0225086
226 21 64 128 0.0224317
227 21 64 128 0.0231432
228 21 64 128 0.0275218
229 21 64 128 0.0340524
230 21 64 128 0.0345194
231 21 64 128 0.0334816
232 21 64 128 0.0352794
233 21 64 128 0.0330558
234 21 64 128 0.0246734
235 21 64 128 0.0212884
236 21 64 128 0.01791
237 21 64 128 0.0116368
254 21 64 128 0.0101754
255 21 64 128 0.0113279
150 22 64 128 0.0107825
151 22 64 128 0.0123738
152 22 64 128 0.0140525
153 22 64 128 0.0149952
154 22 64 128 0.0163162
155 22 64 128 0.0178542
156 22 64 128 0.0211375
157 22 64 128 0.0259625
158 22 64 128 0.0364362
159 22 64 128 0.0386688
160 22 64 128 0.0340995
161 22 64 128 0.0358866
162 22 64 128 0.033999
163 22 64 128 0.0290164
164 22 64 128 0.0259644
165 22 64 128 0.0213142
166 22 64 128 0.02127
167 22 64 128 0.020162
168 22 64 128 0.0172652
169 22 64 128 0.0161524
170 22 64 128 0.0166919
171 22 64 128 0.0188695
172 22 64 128 0.0163745
173 22 64 128 0.0154802
174 22 64 128 0.0160521
175 22 64 128 0.0143819
176 22 64 128 0.012372
177 22 64 128 0.01419
178 22 64 128 0.0199497
179 22 64 128 0.0233296
180 22 64 128 0.0255419
181 22 64 128 0.0240579
182 22 64 128 0.0241173
183 22 64 128 0.0232494
184 22 64 128 0.0276738
185 22 64 128 0.0322167
186 22 64 128 0.0338
187 22 64 128 0.0344597
188 22 64 128 0.0354
189 22 64 128 0.0380184
190 22 64 128 0.0434052
191 22 64 128 0.0459311
192 22 64 128 0.0473494
193 22 64 128 0.0410258
194 22 64 128 0.0368758
195 22 64 128 0.0347529
196 22 64 128 0.0307803
197 22 64 128 0.0264299
198 22 64 128 0.0244364
199 22 64 128 0.0228249
200 22 64 128 0.0187653
201 22 64 128 0.0145392
202 22 64 128 0.0113415
203 22 64 128 0.0103573
204 22 64 128 0.0111038
205 22 64 128 0.0118969
206 22 64 128 0.0117754
207 22 64 128 0.0124016
208 22 64 128 0.0133707
209 22 64 128 0.0159209
210 22 64 128 0.0165098
211 22 64 128 0.0180611
212 22 64 128 0.0190839
213 22 64 128 0.0196563
214 22 64 128 0.0206522
215 22 64 128 0.0203633
216 22 64 128 0.0174688
217 22 64 128 0.0161557
218 22 64 128 0.0145602
219 22 64 128 0.0131108
220 22 64 128 0.0128789
221 22 64 128 0.0147932
222 22 64 128 0.0142758
223 22 64 128 0.0176119
224 22 64 128 0.0162959
225 22 64 128 0.0155397
226 22 64 128 0.0148612
227 22 64 128 0.0155571
228 22 64 128 0.0189613
229 22 64 128 0.0237582
230 22 64 128 0.0251015
231 22 64 128 0.027307
232 22 64 128 0.0273396
233 22 64 128 0.0251964
234 22 64 128 0.0204578
235 22 64 128 0.0182333
236 22 64 128 0.0153063
237 22 64 128 0.0101306
150 23 64 128 0.0110595
151 23 64 128 0.0119505
152 23 64 128 0.0137468
153 23 64 128 0.0143342
154 23 64 128 0.0152457
155 23 64 128 0.0168252
156 23 64 128 0.0190744
157 23 64 128 0.0221227
158 23 64 128 0.0291701
159 23 64 128 0.0298381
160 23 64 128 0.0269969
161 23 64 128 0.0303477
162 23 64 128 0.0282713
163 23 64 128 0.0237643
164 23 64 128 0.0228553
165 23 64 128 0.0200084
166 23 64 128 0.018168
167 23 64 128 0.0164306
168 23 64 128 0.0138211
169 23 64 128 0.0139198
170 23 64 128 0.0137777
171 23 64 128 0.0164693
172 23 64 128 0.0152102
173 23 64 128 0.0146676
174 23 64 128 0.0133288
175 23 64 128 0.0114734
176 23 64 128 0.0104535
177 23 64 128 0.0121383
178 23 64 128 0.0159968
179 23 64 128 0.0185605
180 23 64 128 0.0199941
181 23 64 128 0.0203971
182 23 64 128 0.0196891
183 23 64 128 0.0209003
184 23 64 128 0.0235498
185 23 64 128 0.0271465
186 23 64 128 0.0263278
187 23 64 128 0.0266457
188 23 64 128 0.0243273
189 23 64 128 0.0279342
190 23 64 128 0.034706
191 23 64 128 0.0353865
192 23 64 128 0.0340079
193 23 64 128 0.027616
194 23 64 128 0.0262063
195 23 64 128 0.0237149
196 23 64 128 0.022028
197 23 64 128 0.0194801
198 23 64 128 0.0184225
199 23 64 128 0.0159049
200 23 64 128 0.0125387
201 23 64 128 0.01023
207 23 64 128 0.0111244
208 23 64 128 0.0117047
209 23 64 128 0.0141049
210 23 64 128 0.0144424
211 23 64 128 0.0169012
212 23 64 128 0.017287
213 23 64 128 0.0196739
214 23 64 128 0.0189231
215 23 64 128 0.0186272
216 23 64 128 0.01808
217 23 64 128 0.0170784
218 23 64 128 0.0144547
219 23 64 128 0.0114647
220 23 64 128 0.0112194
221 23 64 128 0.0122285
222 23 64 128 0.0130924
223 23 64 128 0.0157919
224 23 64 128 0.0149968
225 23 64 128 0.0132939
226 23 64 128 0.0119661
227 23 64 128 0.0133592
228 23 64 128 0.0137469
229 23 64 128 0.0185984
230 23 64 128 0.0205826
231 23 64 128 0.0229032
232 23 64 128 0.0248464
233 23 64 128 0.0236065
234 23 64 128 0.0186094
235 23 64 128 0.0172583
236 23 64 128 0.0140633
237 23 64 128 0.0111238
123 24 64 128 0.0100476
124 24 64 128 0.0110129
125 24 64 128 0.0105027
150 24 64 128 0.0104508
151 24 64 128 0.0115882
152 24 64 128 0.0123922
153 24 64 128 0.0131767
154 24 64 128 0.0152111
155 24 64 128 0.0182481
156 24 64 128 0.0200938
157 24 64 128 0.0234445
158 24 64 128 0.0312822
159 24 64 128 0.0342626
160 24 64 128 0.0271657
161 24 64 128 0.0283531
162 24 64 128 0.0267244
163 24 64 128 0.0243296
164 24 64 128 0.0225308
165 24 64 128 0.0187535
166 24 64 128 0.0162936
167 24 64 128 0.0141294
168 24 64 128 0.0119809
169 24 64 128 0.0125738
170 24 64 128 0.0124963
171 24 64 128 0.014329
172 24 64 128 0.0143419
173 24 64 128 0.0145688
174 24 64 128 0.0137914
175 24 64 128 0.0123499
176 24 64 128 0.0102141
177 24 64 128 0.0119498
178 24 64 128 0.013738
179 24 64 128 0.0148788
180 24 64 128 0.0174162
181 24 64 128 0.0180016
182 24 64 128 0.0168817
183 24 64 128 0.0163325
184 24 64 128 0.0178662
185 24 64 128 0.0200618
186 24 64 128 0.020043
187 24 64 128 0.0211525
188 24 64 128 0.0192469
189 24 64 128 0.0221379
190 24 64 128 0.0240372
191 24 64 128 0.0253673
192 24 64 128 0.0252587
193 24 64 128 0.0216127
194 24 64 128 0.0196254
195 24 64 128 0.0163034
196 24 64 128 0.0147573
197 24 64 128 0.0141485
198 24 64 128 0.012592
199 24 64 128 0.0103498
210 24 64 128 0.0104504
211 24 64 128 0.0114044
212 24 64 128 0.0114774
213 24 64 128 0.0129736
214 24 64 128 0.0145989
215 24 64 128 0.0149967
216 24 64 128 0.0145404
217 24 64 128 0.0137237
218 24 64 128 0.0130896
219 24 64 128 0.0125636
220 24 64 128 0.0127382
221 24 64 128 0.0133813
222 24 64 128 0.0143164
223 24 64 128 0.0162586
224 24 64 128 0.0148581
225 24 64 128 0.0121465
226 24 64 128 0.0102538
227 24 64 128 0.0111146
228 24 64 128 0.0124039
229 24 64 128 0.0159588
230 24 64 128 0.0173243
231 24 64 128 0.019763
232 24 64 128 0.0216654
233 24 64 128 0.0186636
234 24 64 128 0.0164331
235 24 64 128 0.0140717
236 24 64 128 0.0129158
237 24 64 128 0.0106226
124 25 64 128 0.010945
125 25 64 128 0.0103603
154 25 64 128 0.0108614
155 25 64 128 0.0126609
156 25 64 128 0.0177728
157 25 64 128 0.0205528
158 25 64 128 0.0276666
159 25 64 128 0.0299003
160 25 64 128 0.0272145
161 25 64 128 0.0264597
162 25 64 128 0.0243671
163 25 64 128 0.0223616
164 25 64 128 0.0222117
165 25 64 128 0.0204331
166 25 64 128 0.0173354
167 25 64 128 0.0141265
168 25 64 128 0.0124101
169 25 64 128 0.0138589
170 25 64 128 0.0135072
171 25 64 128 0.0146058
172 25 64 128 0.0142416
173 25 64 128 0.0151959
174 25 64 128 0.0141624
175 25 64 128 0.0134623
176 25 64 128 0.0111859
177 25 64 128 0.0122786
178 25 64 128 0.012735
179 25 64 128 0.0132549
180 25 64 128 0.0122263
181 25 64 128 0.0128434
182 25 64 128 0.0132559
183 25 64 128 0.0128161
184 25 64 128 0.0124687
185 25 64 128 0.0121037
186 25 64 128 0.0115177
187 25 64 128 0.0124798
188 25 64 128 0.0121284
189 25 64 128 0.0127249
190 25 64 128 0.0150804
191 25 64 128 0.0158977
192 25 64 128 0.0149336
193 25 64 128 0.0141285
194 25 64 128 0.0142197
195 25 64 128 0.0127359
196 25 64 128 0.0115463
197 25 64 128 0.0112378
198 25 64 128 0.0103042
213 25 64 128 0.010433
214 25 64 128 0.0113194
215 25 64 128 0.0120098
216 25 64 128 0.0120447
217 25 64 128 0.0119309
218 25 64 128 0.0118806
219 25 64 128 0.0113221
220 25 64 128 0.0115879
221 25 64 128 0.0119307
222 25 64 128 0.0133562
223 25 64 128 0.0148046
224 25 64 128 0.0137666
225 25 64 128 0.0142982
226 25 64 128 0.011818
227 25 64 128 0.0114888
228 25 64 128 0.0138064
229 25 64 128 0.0179997
230 25 64 128 0.0177476
231 25 64 128 0.0188216
232 25 64 128 0.0213318
233 25 64 128 0.0188402
234 25 64 128 0.0155161
235 25 64 128 0.0145968
236 25 64 128 0.0137459
237 25 64 128 0.0120496
123 26 64 128 0.0103263
124 26 64 128 0.0116727
125 26 64 128 0.0117959
126 26 64 128 0.0103102
154 26 64 128 0.0112051
155 26 64 128 0.0139839
156 26 64 128 0.0186587
157 26 64 128 0.0215772
158 26 64 128 0.0292553
159 26 64 128 0.0323521
160 26 64 128 0.0292804
161 26 64 128 0.028339
162 26 64 128 0.0295725
163 26 64 128 0.0291379
164 26 64 128 0.0284037
165 26 64 128 0.0247471
166 26 64 128 0.0215566
167 26 64 128 0.0195712
168 26 64 128 0.0173537
169 26 64 128 0.0185371
170 26 64 128 0.0179919
171 26 64 128 0.0191992
172 26 64 128 0.0179001
173 26 64 128 0.0171098
174 26 64 128 0.0147801
175 26 64 128 0.0142824
176 26 64 128 0.0123656
177 26 64 128 0.0118498
178 26 64 128 0.0116237
179 26 64 128 0.0105191
180 26 64 128 0.0104586
181 26 64 128 0.0105561
182 26 64 128 0.0105925
183 26 64 128 0.0101413
184 26 64 128 0.0107552
190 26 64 128 0.0102604
191 26 64 128 0.0113077
192 26 64 128 0.0115256
193 26 64 128 0.010284
218 26 64 128 0.010595
219 26 64 128 0.010443
220 26 64 128 0.0108406
221 26 64 128 0.0108084
222 26 64 128 0.0110081
223 26 64 128 0.0122541
224 26 64 128 0.0131004
225 26 64 128 0.0124076
226 26 64 128 0.0116976
227 26 64 128 0.0119225
228 26 64 128 0.015031
229 26 64 128 0.0174704
230 26 64 128 0.0191298
231 26 64 128 0.0189157
232 26 64 128 0.0184028
233 26 64 128 0.0183237
234 26 64 128 0.0152452
235 26 64 128 0.0144641
236 26 64 128 0.0143266
237 26 64 128 0.0114079
123 27 64 128 0.0127609
124 27 64 128 0.0139906
125 27 64 128 0.0140005
126 27 64 128 0.0119749
155 27 64 128 0.0113507
156 27 64 128 0.0148505
157 27 64 128 0.016757
158 27 64 128 0.024143
159 27 64 128 0.0283428
160 27 64 128 0.0252868
161 27 64 128 0.0242095
162 27 64 128 0.0239096
163 27 64 128 0.0241954
164 27 64 128 0.0254659
165 27 64 128 0.0244881
166 27 64 128 0.024043
167 27 64 128 0.020745
168 27 64 128 0.0189218
169 27 64 128 0.0202348
170 27 64 128 0.0186199
171 27 64 128 0.020527
172 27 64 128 0.0203292
173 27 64 128 0.0206036
174 27 64 128 0.0182852
175 27 64 128 0.0163246
176 27 64 128 0.0122846
177 27 64 128 0.0115225
221 27 64 128 0.0109219
222 27 64 128 0.0118703
223 27 64 128 0.0131087
224 27 64 128 0.014343
225 27 64 128 0.0130199
226 27 64 128 0.0121365
227 27 64 128 0.0131217
228 27 64 128 0.0146344
229 27 64 128 0.0196026
230 27 64 128 0.0198641
231 27 64 128 0.0204731
232 27 64 128 0.0201731
233 27 64 128 0.0177182
234 27 64 128 0.0161394
235 27 64 128 0.0147566
236 27 64 128 0.0152374
237 27 64 128 0.0133204
238 27 64 128 0.0115666
239 27 64 128 0.0105851
240 27 64 128 0.010892
242 27 64 128 0.0101284
243 27 64 128 0.0111203
245 27 64 128 0.0102524
247 27 64 128 0.0100551
249 27 64 128 0.0105387
123 28 64 128 0.012753
124 28 64 128 0.0139603
125 28 64 128 0.0137971
126 28 64 128 0.0114002
127 28 64 128 0.0101687
130 28 64 128 0.0100637
131 28 64 128 0.0105104
155 28 64 128 0.012099
156 28 64 128 0.015086
157 28 64 128 0.0178014
158 28 64 128 0.0234063
159 28 64 128 0.0291555
160 28 64 128 0.0256267
161 28 64 128 0.0249515
162 28 64 128 0.025198
163 28 64 128 0.0247739
164 28 64 128 0.024559
165 28 64 128 0.0253437
166 28 64 128 0.0253927
167 28 64 128 0.0224576
168 28 64 128 0.0212716
169 28 64 128 0.0222638
170 28 64 128 0.0188733
171 28 64 128 0.018719
172 28 64 128 0.0175412
173 28 64 128 0.0180755
174 28 64 128 0.0158426
175 28 64 128 0.0144539
176 28 64 128 0.0112447
177 28 64 128 0.0112491
178 28 64 128 0.0100043
223 28 64 128 0.0116358
224 28 64 128 0.0137082
225 28 64 128 0.0140734
226 28 64 128 0.0139066
227 28 64 128 0.0133136
228 28 64 128 0.0150115
229 28 64 128 0.020301
230 28 64 128 0.0231478
231 28 64 128 0.0213179
232 28 64 128 0.0222278
233 28 64 128 0.0195478
234 28 64 128 0.0155776
235 28 64 128 0.0147206
236 28 64 128 0.0160116
237 28 64 128 0.0139988
238 28 64 128 0.0116807
239 28 64 128 0.0112425
240 28 64 128 0.0113468
242 28 64 128 0.0105534
243 28 64 128 0.0120432
244 28 64 128 0.0118094
245 28 64 128 0.0115668
246 28 64 128 0.010831
247 28 64 128 0.0123034
248 28 64 128 0.0124244
249 28 64 128 0.0130891
250 28 64 128 0.0118001
122 29 64 128 0.0115258
123 29 64 128 0.0146851
124 29 64 128 0.0159469
125 29 64 128 0.0167509
126 29 64 128 0.0135258
127 29 64 128 0.0114152
129 29 64 128 0.0104208
130 29 64 128 0.0101234
131 29 64 128 0.0106915
152 29 64 128 0.0101074
153 29 64 128 0.010312
154 29 64 128 0.0117025
155 29 64 128 0.011786
156 29 64 128 0.0145179
157 29 64 128 0.0175763
158 29 64 128 0.0222183
159 29 64 128 0.0243622
160 29 64 128 0.023473
161 29 64 128 0.0222182
162 29 64 128 0.0211319
163 29 64 128 0.0189558
164 29 64 128 0.0178895
165 29 64 128 0.0174587
166 29 64 128 0.0180849
167 29 64 128 0.0169147
168 29 64 128 0.0163913
169 29 64 128 0.0173311
170 29 64 128 0.0162507
171 29 64 128 0.0168841
172 29 64 128 0.0159354
173 29 64 128 0.0166956
174 29 64 128 0.0156078
175 29 64 128 0.0124438
224 29 64 128 0.0121509
225 29 64 128 0.0125504
226 29 64 128 0.0134404
227 29 64 128 0.0144455
228 29 64 128 0.017928
229 29 64 128 0.0214189
230 29 64 128 0.0242603
231 29 64 128 0.0228958
232 29 64 128 0.0264636
233 29 64 128 0.022071
234 29 64 128 0.0183046
235 29 64 128 0.0151971
236 29 64 128 0.0169294
237 29 64 128 0.0147847
238 29 64 128 0.0122591
239 29 64 128 0.0112861
240 29 64 128 0.0102844
241 29 64 128 0.0100281
242 29 64 128 0.0107537
243 29 64 128 0.0126863
244 29 64 128 0.0135037
245 29 64 128 0.0152211
246 29 64 128 0.0145966
247 29 64 128 0.0187647
248 29 64 128 0.01918
249 29 64 128 0.0203354
250 29 64 128 0.0166375
251 29 64 128 0.017864
252 29 64 128 0.0161891
253 29 64 128 0.0130862
254 29 64 128 0.010511
122 30 64 128 0.0122313
123 30 64 128 0.0154545
124 30 64 128 0.0173482
125 30 64 128 0.0155406
126 30 64 128 0.0130861
127 30 64 128 0.010979
128 30 64 128 0.0103843
129 30 64 128 0.0116569
130 30 64 128 0.01222
131 30 64 128 0.0127853
132 30 64 128 0.0100166
150 30 64 128 0.0121653
151 30 64 128 0.0133958
152 30 64 128 0.0143894
153 30 64 128 0.014369
154 30 64 128 0.0149875
155 30 64 128 0.014362
156 30 64 128 0.0154535
157 30 64 128 0.016452
158 30 64 128 0.0203683
159 30 64 128 0.0209446
160 30 64 128 0.0207701
161 30 64 128 0.0186287
162 30 64 128 0.0170451
163 30 64 128 0.0167463
164 30 64 128 0.0143038
165 30 64 128 0.0136159
166 30 64 128 0.01295
167 30 64 128 0.0133339
168 30 64 128 0.0133407
169 30 64 128 0.0147585
170 30 64 128 0.0142772
171 30 64 128 0.0148429
172 30 64 128 0.0147285
173 30 64 128 0.0154501
174 30 64 128 0.0158053
175 30 64 128 0.0135185
176 30 64 128 0.011501
226 30 64 128 0.012658
227 30 64 128 0.0154783
228 30 64 128 0.0172467
229 30 64 128 0.0214178
230 30 64 128 0.0248502
231 30 64 128 0.0236049
232 30 64 128 0.0238799
233 30 64 128 0.020809
234 30 64 128 0.0180051
235 30 64 128 0.0151862
236 30 64 128 0.0147787
237 30 64 128 0.0122996
238 30 64 128 0.0111454
239 30 64 128 0.0101573
243 30 64 128 0.0118959
244 30 64 128 0.0139777
245 30 64 128 0.0162767
246 30 64 128 0.0173104
247 30 64 128 0.0219009
248 30 64 128 0.0229042
249 30 64 128 0.0239267
250 30 64 128 0.0215213
251 30 64 128 0.0225753
252 30 64 128 0.0201802
253 30 64 128 0.016879
254 30 64 128 0.0144493
255 30 64 128 0.0123682
122 31 64 128 0.0131474
123 31 64 128 0.0178114
124 31 64 128 0.0194804
125 31 64 128 0.0184708
126 31 64 128 0.0155951
127 31 64 128 0.0139167
128 31 64 128 0.0133869
129 31 64 128 0.0164706
130 31 64 128 0.0168631
131 31 64 128 0.0158804
132 31 64 128 0.0131969
133 31 64 128 0.0112338
148 31 64 128 0.0105621
149 31 64 128 0.0123907
150 31 64 128 0.0151614
151 31 64 128 0.0167227
152 31 64 128 0.0183303
153 31 64 128 0.0156934
154 31 64 128 0.0148164
155 31 64 128 0.0146416
156 31 64 128 0.0143887
157 31 64 128 0.0137081
158 31 64 128 0.0160682
159 31 64 128 0.0159957
160 31 64 128 0.0147932
161 31 64 128 0.0137519
162 31 64 128 0.0132766
163 31 64 128 0.012493
164 31 64 128 0.0108056
165 31 64 128 0.0105924
166 31 64 128 0.0118992
167 31 64 128 0.0113117
168 31 64 128 0.0121821
169 31 64 128 0.0125388
170 31 64 128 0.0131849
171 31 64 128 0.0134676
172 31 64 128 0.0139231
173 31 64 128 0.0145353
174 31 64 128 0.0153793
175 31 64 128 0.0136437
176 31 64 128 0.0133789
177 31 64 128 0.0111274
178 31 64 128 0.0107272
224 31 64 128 0.0102615
226 31 64 128 0.012658
227 31 64 128 0.0148387
228 31 64 128 0.0185018
229 31 64 128 0.0194073
230 31 64 128 0.0242545
231 31 64 128 0.0254741
232 31 64 128 0.0312377
233 31 64 128 0.0259243
234 31 64 128 0.021912
235 31 64 128 0.0198347
236 31 64 128 0.0188626
237 31 64 128 0.0136223
238 31 64 128 0.0122452
239 31 64 128 0.0105025
240 31 64 128 0.0106814
243 31 64 128 0.0117914
244 31 64 128 0.0134191
245 31 64 128 0.0169431
246 31 64 128 0.0186473
247 31 64 128 0.0241869
248 31 64 128 0.0280171
249 31 64 128 0.0339326
250 31 64 128 0.0344738
251 31 64 128 0.0296365
252 31 64 128 0.0264149
253 31 64 128 0.022281
254 31 64 128 0.0180968
255 31 64 128 0.013829
122 32 64 128 0.0125024
123 32 64 128 0.0154664
124 32 64 128 0.0164087
125 32 64 128 0.014729
126 32 64 128 0.014504
127 32 64 128 0.0133204
128 32 64 128 0.0131451
129 32 64 128 0.0176337
130 32 64 128 0.019578
131 32 64 128 0.0187316
132 32 64 128 0.0157197
133 32 64 128 0.0144367
134 32 64 128 0.0112499
145 32 64 128 0.0102842
146 32 64 128 0.0108382
147 32 64 128 0.0125158
148 32 64 128 0.0164544
149 32 64 128 0.0197739
150 32 64 128 0.0227107
151 32 64 128 0.0248378
152 32 64 128 0.0254158
153 32 64 128 0.0215853
154 32 64 128 0.0202087
155 32 64 128 0.0198734
156 32 64 128 0.0164959
157 32 64 128 0.0149286
158 32 64 128 0.0164534
159 32 64 128 0.0170332
160 32 64 128 0.0143013
161 32 64 128 0.0128971
162 32 64 128 0.0123888
163 32 64 128 0.0119206
164 32 64 128 0.0106682
165 32 64 128 0.0101382
166 32 64 128 0.0107485
167 32 64 128 0.0108865
168 32 64 128 0.0122378
169 32 64 128 0.0127567
170 32 64 128 0.0138047
171 32 64 128 0.0153807
172 32 64 128 0.0149836
173 32 64 128 0.0157895
174 32 64 128 0.016262
175 32 64 128 0.0171565
176 32 64 128 0.015704
177 32 64 128 0.0141225
178 32 64 128 0.0134029
179 32 64 128 0.012114
180 32 64 128 0.0101304
181 32 64 128 0.0102126
224 32 64 128 0.0100475
225 32 64 128 0.0113656
226 32 64 128 0.0124149
227 32 64 128 0.0141943
228 32 64 128 0.018668
229 32 64 128 0.0210916
230 32 64 128 0.0278954
231 32 64 128 0.0267126
232 32 64 128 0.0304182
233 32 64 128 0.0267704
234 32 64 128 0.0260948
235 32 64 128 0.0225417
236 32 64 128 0.0199682
237 32 64 128 0.0150778
238 32 64 128 0.0127255
239 32 64 128 0.011767
240 32 64 128 0.0104796
243 32 64 128 0.011986
244 32 64 128 0.013474
245 32 64 128 0.0179784
246 32 64 128 0.017485
247 32 64 128 0.0231637
248 32 64 128 0.0305178
249 32 64 128 0.0391205
250 32 64 128 0.0387223
251 32 64 128 0.033645
252 32 64 128 0.0275929
253 32 64 128 0.0235041
254 32 64 128 0.0204406
255 32 64 128 0.0169699
104 33 64 128 0.0108285
105 33 64 128 0.0119176
106 33 64 128 0.0121186
107 33 64 128 0.0100797
120 33 64 128 0.0105969
121 33 64 128 0.0145099
122 33 64 128 0.0195998
123 33 64 128 0.022859
124 33 64 128 0.023558
125 33 64 128 0.0212186
126 33 64 128 0.0189923
127 33 64 128 0.018146
128 33 64 128 0.0170884
129 33 64 128 0.0221632
130 33 64 128 0.0260451
131 33 64 128 0.0268536
132 33 64 128 0.0275468
133 33 64 128 0.0258111
134 33 64 128 0.0200242
135 33 64 128 0.0151715
136 33 64 128 0.0128671
137 33 64 128 0.0135084
138 33 64 128 0.01241
139 33 64 128 0.0103291
140 33 64 128 0.0106245
144 33 64 128 0.0106536
145 33 64 128 0.0111555
146 33 64 128 0.01311
147 33 64 128 0.0128511
148 33 64 128 0.0164633
149 33 64 128 0.0195333
150 33 64 128 0.0233044
151 33 64 128 0.0260071
152 33 64 128 0.0266241
153 33 64 128 0.0219984
154 33 64 128 0.0206117
155 33 64 128 0.0169216
156 33 64 128 0.0168041
157 33 64 128 0.0139062
158 33 64 128 0.0152399
159 33 64 128 0.0144905
160 33 64 128 0.0118432
161 33 64 128 0.0108215
162 33 64 128 0.010385
163 33 64 128 0.0101933
167 33 64 128 0.0102969
168 33 64 128 0.0116671
169 33 64 128 0.0120905
170 33 64 128 0.0134311
171 33 64 128 0.0158502
172 33 64 128 0.0147225
173 33 64 128 0.01679
174 33 64 128 0.0182412
175 33 64 128 0.0190148
176 33 64 128 0.0177321
177 33 64 128 0.0149257
178 33 64 128 0.0154367
179 33 64 128 0.013903
180 33 64 128 0.0122464
181 33 64 128 0.0121887
182 33 64 128 0.0101721
224 33 64 128 0.0110562
225 33 64 128 0.0117748
226 33 64 128 0.0139312
227 33 64 128 0.0150544
228 33 64 128 0.021305
229 33 64 128 0.0230951
230 33 64 128 0.0316119
231 33 64 128 0.0312485
232 33 64 128 0.0398585
233 33 64 128 0.0335958
234 33 64 128 0.0316483
235 33 64 128 0.0226793
236 33 64 128 0.0199383
237 33 64 128 0.0164833
238 33 64 128 0.0136193
239 33 64 128 0.0121767
240 33 64 128 0.0105765
243 33 64 128 0.0102565
244 33 64 128 0.0118798
245 33 64 128 0.0150965
246 33 64 128 0.0171559
247 33 64 128 0.0232502
248 33 64 128 0.0305532
249 33 64 128 0.0394912
250 33 64 128 0.0390841
251 33 64 128 0.0372844
252 33 64 128 0.033572
253 33 64 128 0.0281578
254 33 64 128 0.0242222
255 33 64 128 0.0219846
103 34 64 128 0.0103876
104 34 64 128 0.0121662
105 34 64 128 0.0133005
106 34 64 128 0.0140885
107 34 64 128 0.0108092
119 34 64 128 0.0105773
120 34 64 128 0.0128644
121 34 64 128 0.0153597
122 34 64 128 0.0229545
123 34 64 128 0.0267891
124 34 64 128 0.0288847
125 34 64 128 0.0238426
126 34 64 128 0.0215031
127 34 64 128 0.0219754
128 34 64 128 0.0227893
129 34 64 128 0.0311334
130 34 64 128 0.0395132
131 34 64 128 0.042427
132 34 64 128 0.0418638
133 34 64 128 0.0388031
134 34 64 128 0.0330971
135 34 64 128 0.0271397
136 34 64 128 0.0208794
137 34 64 128 0.0179409
138 34 64 128 0.0151126
139 34 64 128 0.0124653
140 34 64 128 0.0115086
141 34 64 128 0.0114664
142 34 64 128 0.0109281
143 34 64 128 0.0104548
144 34 64 128 0.0126654
145 34 64 128 0.0142748
146 34 64 128 0.0159859
147 34 64 128 0.0168823
148 34 64 128 0.0196661
149 34 64 128 0.0240716
150 34 64 128 0.027657
151 34 64 128 0.0290723
152 34 64 128 0.0287085
153 34 64 128 0.0253055
154 34 64 128 0.0221556
155 34 64 128 0.017603
156 34 64 128 0.0151006
157 34 64 128 0.0147024
158 34 64 128 0.0158519
159 34 64 128 0.0139061
160 34 64 128 0.0116777
161 34 64 128 0.0110345
162 34 64 128 0.0100883
168 34 64 128 0.0108513
169 34 64 128 0.0120817
170 34 64 128 0.012919
171 34 64 128 0.0151989
172 34 64 128 0.0151724
173 34 64 128 0.0174149
174 34 64 128 0.0191962
175 34 64 128 0.0229889
176 34 64 128 0.0229991
177 34 64 128 0.0206425
178 34 64 128 0.0204294
179 34 64 128 0.0193951
180 34 64 128 0.0161463
181 34 64 128 0.0160138
182 34 64 128 0.0133348
183 34 64 128 0.0117199
184 34 64 128 0.0105402
224 34 64 128 0.0126846
225 34 64 128 0.0118581
226 34 64 128 0.0149582
227 34 64 128 0.0180859
228 34 64 128 0.0232547
229 34 64 128 0.0225006
230 34 64 128 0.0289873
231 34 64 128 0.0317446
232 34 64 128 0.0347757
233 34 64 128 0.0321905
234 34 64 128 0.0297727
235 34 64 128 0.0225574
236 34 64 128 0.0181251
237 34 64 128 0.0146209
238 34 64 128 0.0124623
239 34 64 128 0.0111915
244 34 64 128 0.0119124
245 34 64 128 0.0154736
246 34 64 128 0.0168989
247 34 64 128 0.0230698
248 34 64 128 0.0272422
249 34 64 128 0.0363047
250 34 64 128 0.037235
251 34 64 128 0.0362604
252 34 64 128 0.0348819
253 34 64 128 0.0312891
254 34 64 128 0.0276166
255 34 64 128 0.0250221
103 35 64 128 0.0118687
104 35 64 128 0.0152881
105 35 64 128 0.0160723
106 35 64 128 0.0169494
107 35 64 128 0.0156695
108 35 64 128 0.0137814
109 35 64 128 0.0101881
118 35 64 128 0.0115639
119 35 64 128 0.014522
120 35 64 128 0.0185787
121 35 64 128 0.0243938
122 35 64 128 0.0367283
123 35 64 128 0.0441634
124 35 64 128 0.0456108
125 35 64 128 0.0369455
126 35 64 128 0.0329278
127 35 64 128 0.0314963
128 35 64 128 0.0336059
129 35 64 128 0.0434313
130 35 64 128 0.0536168
131 35 64 128 0.0602058
132 35 64 128 0.0571353
133 35 64 128 0.052247
134 35 64 128 0.0447858
135 35 64 128 0.034062
136 35 64 128 0.0270878
137 35 64 128 0.0228118
138 35 64 128 0.0185747
139 35 64 128 0.0144172
140 35 64 128 0.0140769
141 35 64 128 0.0134901
142 35 64 128 0.0126395
143 35 64 128 0.0131168
144 35 64 128 0.0167589
145 35 64 128 0.0175893
146 35 64 128 0.0192471
147 35 64 128 0.0188145
148 35 64 128 0.0240515
149 35 64 128 0.0288941
150 35 64 128 0.0328886
151 35 64 128 0.031361
152 35 64 128 0.0315231
153 35 64 128 0.0262286
154 35 64 128 0.0232102
155 35 64 128 0.0187572
156 35 64 128 0.0164425
157 35 64 128 0.014855
158 35 64 128 0.0163522
159 35 64 128 0.0146125
160 35 64 128 0.0105937
169 35 64 128 0.0109186
170 35 64 128 0.0121331
171 35 64 128 0.0129609
172 35 64 128 0.0129375
173 35 64 128 0.0157008
174 35 64 128 0.0201292
175 35 64 128 0.0214748
176 35 64 128 0.0223224
177 35 64 128 0.0233115
178 35 64 128 0.0238687
179 35 64 128 0.0254503
180 35 64 128 0.0206019
181 35 64 128 0.0200235
182 35 64 128 0.0165988
183 35 64 128 0.0142825
184 35 64 128 0.0119004
199 35 64 128 0.0100865
220 35 64 128 0.0107841
221 35 64 128 0.0107583
222 35 64 128 0.0113466
223 35 64 128 0.0103624
224 35 64 128 0.0130417
225 35 64 128 0.0127876
226 35 64 128 0.0169561
227 35 64 128 0.0202899
228 35 64 128 0.0270182
229 35 64 128 0.024527
230 35 64 128 0.029445
231 35 64 128 0.0315143
232 35 64 128 0.042368
233 35 64 128 0.0390025
234 35 64 128 0.0372576
235 35 64 128 0.0283979
236 35 64 128 0.0227589
237 35 64 128 0.0175898
238 35 64 128 0.0164063
239 35 64 128 0.013857
240 35 64 128 0.0133552
241 35 64 128 0.0117649
242 35 64 128 0.0110608
243 35 64 128 0.0103846
244 35 64 128 0.0129591
245 35 64 128 0.0134417
246 35 64 128 0.0154894
247 35 64 128 0.0203321
248 35 64 128 0.0265555
249 35 64 128 0.0365268
250 35 64 128 0.0392491
251 35 64 128 0.0355623
252 35 64 128 0.0370384
253 35 64 128 0.0369919
254 35 64 128 0.031549
255 35 64 128 0.0259175
102 36 64 128 0.0101861
103 36 64 128 0.0123839
104 36 64 128 0.015973
105 36 64 128 0.0164738
106 36 64 128 0.0170347
107 36 64 128 0.0161157
108 36 64 128 0.0143289
109 36 64 128 0.0112991
117 36 64 128 0.0100365
118 36 64 128 0.0131489
119 36 64 128 0.015207
120 36 64 128 0.0183661
121 36 64 128 0.0270595
122 36 64 128 0.0425631
123 36 64 128 0.0468051
124 36 64 128 0.0482819
125 36 64 128 0.0415518
126 36 64 128 0.0383244
127 36 64 128 0.0374574
128 36 64 128 0.0447157
129 36 64 128 0.0591561
130 36 64 128 0.0740123
131 36 64 128 0.0712642
132 36 64 128 0.0665384
133 36 64 128 0.0671835
134 36 64 128 0.0579168
135 36 64 128 0.0431534
136 36 64 128 0.036372
137 36 64 128 0.029974
138 36 64 128 0.0220187
139 36 64 128 0.016588
140 36 64 128 0.0164505
141 36 64 128 0.0175004
142 36 64 128 0.016896
143 36 64 128 0.0183355
144 36 64 128 0.0218458
145 36 64 128 0.0215476
146 36 64 128 0.0228666
147 36 64 128 0.0222356
148 36 64 128 0.0270639
149 36 64 128 0.0342444
150 36 64 128 0.0371878
151 36 64 128 0.035382
152 36 64 128 0.03332
153 36 64 128 0.0290586
154 36 64 128 0.0246185
155 36 64 128 0.0197861
156 36 64 128 0.0158145
157 36 64 128 0.0148749
158 36 64 128 0.0159562
159 36 64 128 0.0153051
160 36 64 128 0.0107434
171 36 64 128 0.0107007
172 36 64 128 0.010289
173 36 64 128 0.0120465
174 36 64 128 0.0138926
175 36 64 128 0.0166343
176 36 64 128 0.0167086
177 36 64 128 0.0210914
178 36 64 128 0.0224005
179 36 64 128 0.0229118
180 36 64 128 0.0188151
181 36 64 128 0.0211812
182 36 64 128 0.018002
183 36 64 128 0.0158023
184 36 64 128 0.0136153
185 36 64 128 0.0117091
198 36 64 128 0.010329
199 36 64 128 0.0100062
220 36 64 128 0.0105013
222 36 64 128 0.0100159
223 36 64 128 0.0104436
224 36 64 128 0.012583
225 36 64 128 0.0131667
226 36 64 128 0.0167455
227 36 64 128 0.0194666
228 36 64 128 0.0260183
229 36 64 128 0.0252375
230 36 64 128 0.0283012
231 36 64 128 0.0320411
232 36 64 128 0.04257
233 36 64 128 0.0367769
234 36 64 128 0.0342804
235 36 64 128 0.0246182
236 36 64 128 0.0200369
237 36 64 128 0.0151597
238 36 64 128 0.0127671
239 36 64 128 0.012664
240 36 64 128 0.0120873
241 36 64 128 0.0106132
242 36 64 128 0.0105291
243 36 64 128 0.010653
244 36 64 128 0.0121504
245 36 64 128 0.0122488
246 36 64 128 0.0128771
247 36 64 128 0.0159839
248 36 64 128 0.0221602
249 36 64 128 0.0305795
250 36 64 128 0.0307827
251 36 64 128 0.0333877
252 36 64 128 0.0335944
253 36 64 128 0.0337059
254 36 64 128 0.0290666
255 36 64 128 0.0249471
102 37 64 128 0.0125308
103 37 64 128 0.0148099
104 37 64 128 0.0169564
105 37 64 128 0.0193724
106 37 64 128 0.0203149
107 37 64 128 0.0191164
108 37 64 128 0.01838
109 37 64 128 0.0162067
110 37 64 128 0.0130677
111 37 64 128 0.011652
112 37 64 128 0.0111423
113 37 64 128 0.0100034
115 37 64 128 0.0106566
116 37 64 128 0.0111481
117 37 64 128 0.0152596
118 37 64 128 0.0183682
119 37 64 128 0.0217579
120 37 64 128 0.0282395
121 37 64 128 0.0390611
122 37 64 128 0.0582853
123 37 64 128 0.0633629
124 37 64 128 0.0639283
125 37 64 128 0.0520955
126 37 64 128 0.0455144
127 37 64 128 0.0468084
128 37 64 128 0.0524315
129 37 64 128 0.072338
130 37 64 128 0.0844275
131 37 64 128 0.081754
132 37 64 128 0.0771183
133 37 64 128 0.0821357
134 37 64 128 0.0697376
135 37 64 128 0.0524343
136 37 64 128 0.0450318
137 37 64 128 0.0377464
138 37 64 128 0.0278707
139 37 64 128 0.0229568
140 37 64 128 0.0195331
141 37 64 128 0.0182247
142 37 64 128 0.0169532
143 37 64 128 0.0176585
144 37 64 128 0.0200914
145 37 64 128 0.0209522
146 37 64 128 0.0274027
147 37 64 128 0.0301504
148 37 64 128 0.0357582
149 37 64 128 0.0406439
150 37 64 128 0.0427255
151 37 64 128 0.037125
152 37 64 128 0.0323069
153 37 64 128 0.0260259
154 37 64 128 0.0207929
155 37 64 128 0.0147694
156 37 64 128 0.0121724
157 37 64 128 0.0112212
158 37 64 128 0.0117476
159 37 64 128 0.0112712
160 37 64 128 0.0100597
174 37 64 128 0.0108491
175 37 64 128 0.0120927
176 37 64 128 0.0130941
177 37 64 128 0.0158647
178 37 64 128 0.0180052
179 37 64 128 0.0208374
180 37 64 128 0.0191404
181 37 64 128 0.0200763
182 37 64 128 0.0188221
183 37 64 128 0.0177646
184 37 64 128 0.0160521
185 37 64 128 0.0143868
186 37 64 128 0.0105857
196 37 64 128 0.0121804
197 37 64 128 0.0124337
198 37 64 128 0.0130551
199 37 64 128 0.0127859
200 37 64 128 0.0114418
201 37 64 128 0.0109231
222 37 64 128 0.0109043
223 37 64 128 0.0107489
224 37 64 128 0.0127035
225 37 64 128 0.0119592
226 37 64 128 0.0151691
227 37 64 128 0.0167478
228 37 64 128 0.0234804
229 37 64 128 0.0233297
230 37 64 128 0.028901
231 37 64 128 0.0294415
232 37 64 128 0.0408811
233 37 64 128 0.0361919
234 37 64 128 0.0372785
235 37 64 128 0.0282373
236 37 64 128 0.0209127
237 37 64 128 0.0160751
238 37 64 128 0.0147524
239 37 64 128 0.0122098
240 37 64 128 0.0120804
241 37 64 128 0.0107248
242 37 64 128 0.0109778
243 37 64 128 0.0120001
244 37 64 128 0.0125126
245 37 64 128 0.0129161
246 37 64 128 0.0144687
247 37 64 128 0.0174458
248 37 64 128 0.020971
249 37 64 128 0.0279828
250 37 64 128 0.0289875
251 37 64 128 0.0300457
252 37 64 128 0.0327
253 37 64 128 0.0337648
254 37 64 128 0.0276479
255 37 64 128 0.0238337
102 38 64 128 0.0109592
103 38 64 128 0.0135225
104 38 64 128 0.0163383
105 38 64 128 0.0199359
106 38 64 128 0.0224138
107 38 64 128 0.018303
108 38 64 128 0.0154596
109 38 64 128 0.0145181
110 38 64 128 0.0140891
111 38 64 128 0.0136321
112 38 64 128 0.0122164
113 38 64 128 0.0109631
114 38 64 128 0.0111611
115 38 64 128 0.0105505
116 38 64 128 0.0117453
117 38 64 128 0.0138444
118 38 64 128 0.0188979
119 38 64 128 0.0199384
120 38 64 128 0.0251311
121 38 64 128 0.0363862
122 38 64 128 0.0561971
123 38 64 128 0.0626632
124 38 64 128 0.0640302
125 38 64 128 0.048772
126 38 64 128 0.0498228
127 38 64 128 0.0542703
128 38 64 128 0.0655798
129 38 64 128 0.079582
130 38 64 128 0.091601
131 38 64 128 0.0979724
132 38 64 128 0.0932979
133 38 64 128 0.094133
134 38 64 128 0.0863329
135 38 64 128 0.0667811
136 38 64 128 0.0571931
137 38 64 128 0.049691
138 38 64 128 0.0376416
139 38 64 128 0.0319937
140 38 64 128 0.0260836
141 38 64 128 0.0219151
142 38 64 128 0.0198504
143 38 64 128 0.0196207
144 38 64 128 0.0208459
145 38 64 128 0.0223433
146 38 64 128 0.026071
147 38 64 128 0.0277178
148 38 64 128 0.0322119
149 38 64 128 0.0373921
150 38 64 128 0.0366559
151 38 64 128 0.0303858
152 38 64 128 0.024882
153 38 64 128 0.0177646
154 38 64 128 0.0128848
176 38 64 128 0.0121485
177 38 64 128 0.0162248
178 38 64 128 0.0175431
179 38 64 128 0.0219283
180 38 64 128 0.0229293
181 38 64 128 0.0243834
182 38 64 128 0.0208271
183 38 64 128 0.0222725
184 38 64 128 0.0175202
185 38 64 128 0.0159546
186 38 64 128 0.0113451
196 38 64 128 0.0125359
197 38 64 128 0.0134868
198 38 64 128 0.0141482
199 38 64 128 0.0151997
200 38 64 128 0.0126546
201 38 64 128 0.0105582
226 38 64 128 0.0106904
227 38 64 128 0.013839
228 38 64 128 0.0182627
229 38 64 128 0.0186
230 38 64 128 0.0213442
231 38 64 128 0.0221535
232 38 64 128 0.0248789
233 38 64 128 0.0250866
234 38 64 128 0.0259564
235 38 64 128 0.0206814
236 38 64 128 0.0179332
237 38 64 128 0.012539
238 38 64 128 0.0126102
239 38 64 128 0.0112057
240 38 64 128 0.0115298
242 38 64 128 0.0114277
243 38 64 128 0.012286
244 38 64 128 0.0135463
245 38 64 128 0.013609
246 38 64 128 0.0143373
247 38 64 128 0.0167167
248 38 64 128 0.0181547
249 38 64 128 0.0208871
250 38 64 128 0.0219216
251 38 64 128 0.0217336
252 38 64 128 0.0217349
253 38 64 128 0.0257898
254 38 64 128 0.023491
255 38 64 128 0.0207359
102 39 64 128 0.0123656
103 39 64 128 0.0146284
104 39 64 128 0.0198724
105 39 64 128 0.0243573
106 39 64 128 0.0255926
107 39 64 128 0.0230979
108 39 64 128 0.0182261
109 39 64 128 0.0164044
110 39 64 128 0.0157107
111 39 64 128 0.0163716
112 39 64 128 0.0149201
113 39 64 128 0.0126745
114 39 64 128 0.0134247
115 39 64 128 0.0129798
116 39 64 128 0.0131481
117 39 64 128 0.015992
118 39 64 128 0.0206716
119 39 64 128 0.0217513
120 39 64 128 0.0273989
121 39 64 128 0.0354987
122 39 64 128 0.0519398
123 39 64 128 0.0518553
124 39 64 128 0.0592771
125 39 64 128 0.0499371
126 39 64 128 0.0523837
127 39 64 128 0.0566186
128 39 64 128 0.0663767
129 39 64 128 0.0923604
130 39 64 128 0.10175
131 39 64 128 0.107158
132 39 64 128 0.107613
133 39 64 128 0.103744
134 39 64 128 0.0908634
135 39 64 128 0.0633436
136 39 64 128 0.0551579
137 39 64 128 0.0475889
138 39 64 128 0.0376119
139 39 64 128 0.0280007
140 39 64 128 0.0220366
141 39 64 128 0.0204253
142 39 64 128 0.017873
143 39 64 128 0.0179945
144 39 64 128 0.0212555
145 39 64 128 0.0207216
146 39 64 128 0.0221656
147 39 64 128 0.0234302
148 39 64 128 0.0248093
149 39 64 128 0.0287545
150 39 64 128 0.0289344
151 39 64 128 0.0216912
152 39 64 128 0.0181414
153 39 64 128 0.0132759
176 39 64 128 0.012875
177 39 64 128 0.0172183
178 39 64 128 0.0189004
179 39 64 128 0.0219309
180 39 64 128 0.0243941
181 39 64 128 0.02743
182 39 64 128 0.0236409
183 39 64 128 0.0246697
184 39 64 128 0.0203929
185 39 64 128 0.0175815
186 39 64 128 0.0124422
187 39 64 128 0.0100745
195 39 64 128 0.0100764
196 39 64 128 0.0136104
197 39 64 128 0.0166353
198 39 64 128 0.015675
199 39 64 128 0.0161955
200 39 64 128 0.0148753
201 39 64 128 0.012452
202 39 64 128 0.010321
227 39 64 128 0.0111269
228 39 64 128 0.0155872
229 39 64 128 0.0158307
230 39 64 128 0.016407
231 39 64 128 0.0172957
232 39 64 128 0.0239857
233 39 64 128 0.0241581
234 39 64 128 0.0266254
235 39 64 128 0.0216808
236 39 64 128 0.0217132
237 39 64 128 0.0160682
238 39 64 128 0.0157161
239 39 64 128 0.0144747
240 39 64 128 0.0142105
241 39 64 128 0.0120257
242 39 64 128 0.0139747
243 39 64 128 0.0159653
244 39 64 128 0.0189477
245 39 64 128 0.0192825
246 39 64 128 0.0185463
247 39 64 128 0.0196903
248 39 64 128 0.0194566
249 39 64 128 0.0218928
250 39 64 128 0.020964
251 39 64 128 0.0188524
252 39 64 128 0.0177545
253 39 64 128 0.0182419
254 39 64 128 0.018436
255 39 64 128 0.0146909
102 40 64 128 0.0111056
103 40 64 128 0.0130511
104 40 64 128 0.0186624
105 40 64 128 0.0226063
106 40 64 128 0.0220492
107 40 64 128 0.0192669
108 40 64 128 0.0154427
109 40 64 128 0.0145726
110 40 64 128 0.0143802
111 40 64 128 0.0145693
112 40 64 128 0.0128308
113 40 64 128 0.0111
114 40 64 128 0.0128643
115 40 64 128 0.0121009
116 40 64 128 0.0121191
117 40 64 128 0.0147861
118 40 64 128 0.0189268
119 40 64 128 0.0194228
120 40 64 128 0.0227533
121 40 64 128 0.0282073
122 40 64 128 0.0416097
123 40 64 128 0.0458097
124 40 64 128 0.0490461
125 40 64 128 0.045497
126 40 64 128 0.0446093
127 40 64 128 0.0479763
128 40 64 128 0.0561346
129 40 64 128 0.0755412
130 40 64 128 0.0902069
131 40 64 128 0.0904936
132 40 64 128 0.0947546
133 40 64 128 0.0980068
134 40 64 128 0.0827011
135 40 64 128 0.0626928
136 40 64 128 0.0567566
137 40 64 128 0.0498332
138 40 64 128 0.0431315
139 40 64 128 0.0281944
140 40 64 128 0.0202271
141 40 64 128 0.0162091
142 40 64 128 0.0142728
143 40 64 128 0.0152515
144 40 64 128 0.0161977
145 40 64 128 0.0167269
146 40 64 128 0.0176467
147 40 64 128 0.0185296
148 40 64 128 0.0183949
149 40 64 128 0.0189767
150 40 64 128 0.0177206
151 40 64 128 0.0144442
152 40 64 128 0.0109209
175 40 64 128 0.0100263
176 40 64 128 0.0121265
177 40 64 128 0.016294
178 40 64 128 0.0173564
179 40 64 128 0.021802
180 40 64 128 0.0218616
181 40 64 128 0.0209865
182 40 64 128 0.0189538
183 40 64 128 0.0197405
184 40 64 128 0.0169776
185 40 64 128 0.0140908
186 40 64 128 0.0106118
196 40 64 128 0.0124325
197 40 64 128 0.0163285
198 40 64 128 0.0181875
199 40 64 128 0.0167354
200 40 64 128 0.0143296
201 40 64 128 0.0126606
202 40 64 128 0.0103672
203 40 64 128 0.0103876
227 40 64 128 0.0102138
228 40 64 128 0.0120804
229 40 64 128 0.0123593
230 40 64 128 0.0135573
231 40 64 128 0.0140326
232 40 64 128 0.0180307
233 40 64 128 0.0193499
234 40 64 128 0.0221405
235 40 64 128 0.0193192
236 40 64 128 0.0185968
237 40 64 128 0.0154307
238 40 64 128 0.0143762
239 40 64 128 0.0140682
240 40 64 128 0.0165149
241 40 64 128 0.0153062
242 40 64 128 0.0174779
243 40 64 128 0.0196414
244 40 64 128 0.022188
245 40 64 128 0.0208857
246 40 64 128 0.0201942
247 40 64 128 0.0206576
248 40 64 128 0.0192284
249 40 64 128 0.0185208
250 40 64 128 0.0173865
251 40 64 128 0.0147609
252 40 64 128 0.013169
253 40 64 128 0.0124556
254 40 64 128 0.0125558
255 40 64 128 0.0112882
102 41 64 128 0.0100202
103 41 64 128 0.0117996
104 41 64 128 0.0160328
105 41 64 128 0.021515
106 41 64 128 0.0211229
107 41 64 128 0.0196244
108 41 64 128 0.0149031
109 41 64 128 0.0143447
110 41 64 128 0.0123494
111 41 64 128 0.0127585
112 41 64 128 0.0122777
113 41 64 128 0.0126822
114 41 64 128 0.0115175
115 41 64 128 0.0103762
116 41 64 128 0.0107482
117 41 64 128 0.0127726
118 41 64 128 0.0158331
119 41 64 128 0.01715
120 41 64 128 0.0205058
121 41 64 128 0.0250865
122 41 64 128 0.0337038
123 41 64 128 0.0443614
124 41 64 128 0.0506607
125 41 64 128 0.045278
126 41 64 128 0.0455589
127 41 64 128 0.0507925
128 41 64 128 0.054745
129 41 64 128 0.0707507
130 41 64 128 0.078256
131 41 64 128 0.0804659
132 41 64 128 0.0768357
133 41 64 128 0.0848895
134 41 64 128 0.0771296
135 41 64 128 0.0529712
136 41 64 128 0.043677
137 41 64 128 0.0335679
138 41 64 128 0.0304791
139 41 64 128 0.0224464
140 41 64 128 0.0165522
141 41 64 128 0.013706
142 41 64 128 0.0120087
144 41 64 128 0.0100623
146 41 64 128 0.0104277
147 41 64 128 0.010922
148 41 64 128 0.011431
149 41 64 128 0.0115529
150 41 64 128 0.0105541
176 41 64 128 0.011778
177 41 64 128 0.0150016
178 41 64 128 0.0174758
179 41 64 128 0.0226668
180 41 64 128 0.023032
181 41 64 128 0.0209531
182 41 64 128 0.0179365
183 41 64 128 0.0178702
184 41 64 128 0.0164309
185 41 64 128 0.0147501
186 41 64 128 0.0112936
195 41 64 128 0.0110306
196 41 64 128 0.0135178
197 41 64 128 0.0179832
198 41 64 128 0.021487
199 41 64 128 0.0211247
200 41 64 128 0.0174502
201 41 64 128 0.0147756
202 41 64 128 0.0129289
203 41 64 128 0.0121542
204 41 64 128 0.011712
205 41 64 128 0.0111077
206 41 64 128 0.0122453
207 41 64 128 0.0114054
208 41 64 128 0.0102402
222 41 64 128 0.0104876
223 41 64 128 0.0102886
227 41 64 128 0.0101489
228 41 64 128 0.0119103
229 41 64 128 0.0122702
230 41 64 128 0.0148562
231 41 64 128 0.0153535
232 41 64 128 0.0190056
233 41 64 128 0.0191021
234 41 64 128 0.0213809
235 41 64 128 0.0188203
236 41 64 128 0.0180256
237 41 64 128 0.014919
238 41 64 128 0.0155923
239 41 64 128 0.0155249
240 41 64 128 0.0190809
241 41 64 128 0.0182073
242 41 64 128 0.022398
243 41 64 128 0.0239833
244 41 64 128 0.0260858
245 41 64 128 0.0235451
246 41 64 128 0.0209045
247 41 64 128 0.0191986
248 41 64 128 0.0176088
249 41 64 128 0.0152168
250 41 64 128 0.0140154
251 41 64 128 0.0119064
252 41 64 128 0.0104212
253 41 64 128 0.0100266
104 42 64 128 0.0126975
105 42 64 128 0.0153088
106 42 64 128 0.016232
107 42 64 128 0.0136484
108 42 64 128 0.0114982
109 42 64 128 0.0100423
110 42 64 128 0.0101548
111 42 64 128 0.010313
118 42 64 128 0.0101876
120 42 64 128 0.0132595
121 42 64 128 0.0150305
122 42 64 128 0.0211317
123 42 64 128 0.0263917
124 42 64 128 0.0278095
125 42 64 128 0.0248827
126 42 64 128 0.0279848
127 42 64 128 0.0336839
128 42 64 128 0.0406506
129 42 64 128 0.0484512
130 42 64 128 0.0592011
131 42 64 128 0.0636509
132 42 64 128 0.0642032
133 42 64 128 0.0608899
134 42 64 128 0.0535464
135 42 64 128 0.0413216
136 42 64 128 0.034395
137 42 64 128 0.0253435
138 42 64 128 0.0224672
139 42 64 128 0.0187652
140 42 64 128 0.0137746
141 42 64 128 0.0111586
142 42 64 128 0.0100759
176 42 64 128 0.010622
177 42 64 128 0.0146299
178 42 64 128 0.0172118
179 42 64 128 0.0220681
180 42 64 128 0.0225071
181 42 64 128 0.020693
182 42 64 128 0.0181244
183 42 64 128 0.0174909
184 42 64 128 0.0156514
185 42 64 128 0.013296
186 42 64 128 0.0112428
195 42 64 128 0.012017
196 42 64 128 0.0149347
197 42 64 128 0.0182873
198 42 64 128 0.0203281
199 42 64 128 0.0216419
200 42 64 128 0.0195351
201 42 64 128 0.0153543
202 42 64 128 0.0131329
203 42 64 128 0.0123722
204 42 64 128 0.012046
205 42 64 128 0.0121537
206 42 64 128 0.0130031
207 42 64 128 0.0113595
208 42 64 128 0.0110105
209 42 64 128 0.0101456
210 42 64 128 0.0102256
222 42 64 128 0.0109351
223 42 64 128 0.0108552
228 42 64 128 0.0110443
229 42 64 128 0.0113256
230 42 64 128 0.0118056
231 42 64 128 0.0136978
232 42 64 128 0.0169261
233 42 64 128 0.0162317
234 42 64 128 0.0171367
235 42 64 128 0.0160992
236 42 64 128 0.0160455
237 42 64 128 0.0162439
238 42 64 128 0.0164909
239 42 64 128 0.015739
240 42 64 128 0.0184275
241 42 64 128 0.0175317
242 42 64 128 0.0260698
243 42 64 128 0.0306569
244 42 64 128 0.0321478
245 42 64 128 0.0271655
246 42 64 128 0.023806
247 42 64 128 0.0193242
248 42 64 128 0.0168945
249 42 64 128 0.0139442
250 42 64 128 0.0125157
104 43 64 128 0.0118195
105 43 64 128 0.0132501
106 43 64 128 0.0130295
107 43 64 128 0.0114593
108 43 64 128 0.0105478
109 43 64 128 0.0105452
120 43 64 128 0.0103654
121 43 64 128 0.0129207
122 43 64 128 0.0176889
123 43 64 128 0.0202755
124 43 64 128 0.0221738
125 43 64 128 0.0202918
126 43 64 128 0.0237004
127 43 64 128 0.0266323
128 43 64 128 0.0323385
129 43 64 128 0.0422362
130 43 64 128 0.0508583
131 43 64 128 0.0511184
132 43 64 128 0.0560933
133 43 64 128 0.0532629
134 43 64 128 0.0450825
135 43 64 128 0.0325365
136 43 64 128 0.0264303
137 43 64 128 0.0191604
138 43 64 128 0.0155978
139 43 64 128 0.0127862
140 43 64 128 0.0102335
176 43 64 128 0.0103468
177 43 64 128 0.0128781
178 43 64 128 0.0157768
179 43 64 128 0.018089
180 43 64 128 0.0198749
181 43 64 128 0.0183865
182 43 64 128 0.0170142
183 43 64 128 0.0165257
184 43 64 128 0.014744
185 43 64 128 0.0134424
186 43 64 128 0.0105323
195 43 64 128 0.0111753
196 43 64 128 0.0137192
197 43 64 128 0.0167577
198 43 64 128 0.0179171
199 43 64 128 0.0190837
200 43 64 128 0.0169773
201 43 64 128 0.0150312
202 43 64 128 0.0126774
203 43 64 128 0.0120984
204 43 64 128 0.0134079
205 43 64 128 0.0121668
206 43 64 128 0.0125313
207 43 64 128 0.0111288
208 43 64 128 0.0104073
209 43 64 128 0.0108241
210 43 64 128 0.0101135
222 43 64 128 0.0127637
223 43 64 128 0.0133413
224 43 64 128 0.0106631
227 43 64 128 0.0100197
228 43 64 128 0.0118863
229 43 64 128 0.0130107
230 43 64 128 0.0118046
231 43 64 128 0.0125407
232 43 64 128 0.0166714
233 43 64 128 0.0170437
234 43 64 128 0.0178976
235 43 64 128 0.0166764
236 43 64 128 0.0172311
237 43 64 128 0.0168735
238 43 64 128 0.0174166
239 43 64 128 0.015062
240 43 64 128 0.0177144
241 43 64 128 0.019452
242 43 64 128 0.0284204
243 43 64 128 0.0321814
244 43 64 128 0.0391707
245 43 64 128 0.0319503
246 43 64 128 0.0271823
247 43 64 128 0.021148
248 43 64 128 0.0175589
249 43 64 128 0.0138015
250 43 64 128 0.0117767
105 44 64 128 0.011346
106 44 64 128 0.0108347
123 44 64 128 0.0108682
124 44 64 128 0.0121236
125 44 64 128 0.0124086
126 44 64 128 0.0150779
127 44 64 128 0.0176037
128 44 64 128 0.0212009
129 44 64 128 0.0288883
130 44 64 128 0.0352833
131 44 64 128 0.0356999
132 44 64 128 0.0347964
133 44 64 128 0.0375926
134 44 64 128 0.0369143
135 44 64 128 0.0265605
136 44 64 128 0.0203936
137 44 64 128 0.015876
138 44 64 128 0.0131132
139 44 64 128 0.0112406
177 44 64 128 0.0121299
178 44 64 128 0.0140403
179 44 64 128 0.015703
180 44 64 128 0.0162405
181 44 64 128 0.0153123
182 44 64 128 0.0144002
183 44 64 128 0.0135077
184 44 64 128 0.0121037
185 44 64 128 0.0115462
186 44 64 128 0.0108476
195 44 64 128 0.010024
196 44 64 128 0.0122398
197 44 64 128 0.0149516
198 44 64 128 0.016359
199 44 64 128 0.0168825
200 44 64 128 0.0149347
201 44 64 128 0.0140155
202 44 64 128 0.0119066
203 44 64 128 0.0113924
204 44 64 128 0.0126699
205 44 64 128 0.0112061
206 44 64 128 0.0109911
209 44 64 128 0.0101231
210 44 64 128 0.0100683
212 44 64 128 0.0102258
213 44 64 128 0.0107771
214 44 64 128 0.0112304
215 44 64 128 0.0105319
216 44 64 128 0.0107694
217 44 64 128 0.0112954
218 44 64 128 0.0105455
219 44 64 128 0.0103578
220 44 64 128 0.0110703
221 44 64 128 0.0124458
222 44 64 128 0.0145464
223 44 64 128 0.0167788
224 44 64 128 0.0126632
225 44 64 128 0.0114035
226 44 64 128 0.0112737
227 44 64 128 0.0117034
228 44 64 128 0.0122698
229 44 64 128 0.0144982
230 44 64 128 0.014055
231 44 64 128 0.014243
232 44 64 128 0.0162561
233 44 64 128 0.0206392
234 44 64 128 0.0206302
235 44 64 128 0.0184728
236 44 64 128 0.0178701
237 44 64 128 0.0173786
238 44 64 128 0.0167483
239 44 64 128 0.0161122
240 44 64 128 0.0203327
241 44 64 128 0.0229128
242 44 64 128 0.0317335
243 44 64 128 0.0373376
244 44 64 128 0.0421199
245 44 64 128 0.0368321
246 44 64 128 0.032557
247 44 64 128 0.025873
248 44 64 128 0.0213947
249 44 64 128 0.0149832
250 44 64 128 0.0119748
126 45 64 128 0.0102265
127 45 64 128 0.0125823
128 45 64 128 0.0173034
129 45 64 128 0.0230811
130 45 64 128 0.0293996
131 45 64 128 0.0306111
132 45 64 128 0.0323385
133 45 64 128 0.0297529
134 45 64 128 0.0287387
135 45 64 128 0.0235242
136 45 64 128 0.0191956
137 45 64 128 0.0141085
138 45 64 128 0.0131025
139 45 64 128 0.0102449
177 45 64 128 0.0112012
178 45 64 128 0.0116957
179 45 64 128 0.0123407
180 45 64 128 0.0118263
181 45 64 128 0.0116869
182 45 64 128 0.0118804
183 45 64 128 0.0108011
184 45 64 128 0.0107746
185 45 64 128 0.0104574
195 45 64 128 0.0103822
196 45 64 128 0.0134111
197 45 64 128 0.0152167
198 45 64 128 0.0154476
199 45 64 128 0.0156616
200 45 64 128 0.0130717
201 45 64 128 0.0130675
202 45 64 128 0.0120604
203 45 64 128 0.0119705
204 45 64 128 0.0123639
205 45 64 128 0.0121944
206 45 64 128 0.0118977
207 45 64 128 0.0104327
208 45 64 128 0.0100894
209 45 64 128 0.0101539
210 45 64 128 0.0105554
211 45 64 128 0.0103013
212 45 64 128 0.0121541
213 45 64 128 0.0133347
214 45 64 128 0.0144117
215 45 64 128 0.0134285
216 45 64 128 0.0140203
217 45 64 128 0.0142638
218 45 64 128 0.0126505
219 45 64 128 0.0129656
220 45 64 128 0.0144298
221 45 64 128 0.0173161
222 45 64 128 0.0201303
223 45 64 128 0.0227487
224 45 64 128 0.0177148
225 45 64 128 0.0157071
226 45 64 128 0.0155957
227 45 64 128 0.015055
228 45 64 128 0.015374
229 45 64 128 0.0176372
230 45 64 128 0.0183064
231 45 64 128 0.019827
232 45 64 128 0.0219829
233 45 64 128 0.0257933
234 45 64 128 0.025525
235 45 64 128 0.0233849
236 45 64 128 0.0233619
237 45 64 128 0.0221359
238 45 64 128 0.0238816
239 45 64 128 0.0207814
240 45 64 128 0.0248271
241 45 64 128 0.0263587
242 45 64 128 0.0381816
243 45 64 128 0.043656
244 45 64 128 0.0565004
245 45 64 128 0.0487567
246 45 64 128 0.0443261
247 45 64 128 0.0302354
248 45 64 128 0.0266977
249 45 64 128 0.0194111
250 45 64 128 0.0157521
251 45 64 128 0.0102668
128 46 64 128 0.0117278
129 46 64 128 0.0166565
130 46 64 128 0.0206329
131 46 64 128 0.0215468
132 46 64 128 0.0224098
133 46 64 128 0.0215023
134 46 64 128 0.0228476
135 46 64 128 0.018724
136 46 64 128 0.016555
137 46 64 128 0.0122166
138 46 64 128 0.0108002
180 46 64 128 0.0100366
196 46 64 128 0.0123572
197 46 64 128 0.0158367
198 46 64 128 0.0171105
199 46 64 128 0.0179388
200 46 64 128 0.0168214
201 46 64 128 0.0170801
202 46 64 128 0.014438
203 46 64 128 0.0147797
204 46 64 128 0.0154095
205 46 64 128 0.0136595
206 46 64 128 0.0129578
207 46 64 128 0.011743
208 46 64 128 0.0101757
209 46 64 128 0.010374
212 46 64 128 0.0116849
213 46 64 128 0.0130407
214 46 64 128 0.0158032
215 46 64 128 0.0133433
216 46 64 128 0.0137454
217 46 64 128 0.0153154
218 46 64 128 0.0157657
219 46 64 128 0.0163002
220 46 64 128 0.0183828
221 46 64 128 0.0234661
222 46 64 128 0.0283174
223 46 64 128 0.0282912
224 46 64 128 0.0247325
225 46 64 128 0.0208305
226 46 64 128 0.0196419
227 46 64 128 0.0187938
228 46 64 128 0.0179721
229 46 64 128 0.0201365
230 46 64 128 0.0189565
231 46 64 128 0.0200277
232 46 64 128 0.0221424
233 46 64 128 0.0253858
234 46 64 128 0.0273933
235 46 64 128 0.0270495
236 46 64 128 0.0231341
237 46 64 128 0.0243939
238 46 64 128 0.0256803
239 46 64 128 0.0239295
240 46 64 128 0.0275417
241 46 64 128 0.0304896
242 46 64 128 0.0432242
243 46 64 128 0.0520177
244 46 64 128 0.0663924
245 46 64 128 0.0574285
246 46 64 128 0.0528713
247 46 64 128 0.037462
248 46 64 128 0.0324204
249 46 64 128 0.0228492
250 46 64 128 0.0186972
251 46 64 128 0.0114389
128 47 64 128 0.0110356
129 47 64 128 0.0152886
130 47 64 128 0.0181907
131 47 64 128 0.0178994
132 47 64 128 0.0207116
133 47 64 128 0.0185303
134 47 64 128 0.0188868
135 47 64 128 0.0155822
136 47 64 128 0.0141908
137 47 64 128 0.0115531
196 47 64 128 0.0113373
197 47 64 128 0.0149639
198 47 64 128 0.0158475
199 47 64 128 0.017318
200 47 64 128 0.016795
201 47 64 128 0.019133
202 47 64 128 0.0166332
203 47 64 128 0.0178021
204 47 64 128 0.0190643
205 47 64 128 0.0178832
206 47 64 128 0.0148355
207 47 64 128 0.012122
208 47 64 128 0.0105786
209 47 64 128 0.0104412
210 47 64 128 0.0106934
211 47 64 128 0.010071
212 47 64 128 0.0128723
213 47 64 128 0.0136249
214 47 64 128 0.0184181
215 47 64 128 0.0162937
216 47 64 128 0.0174052
217 47 64 128 0.0183352
218 47 64 128 0.0206748
219 47 64 128 0.0222721
220 47 64 128 0.0251888
221 47 64 128 0.0328337
222 47 64 128 0.0424354
223 47 64 128 0.0400001
224 47 64 128 0.0332647
225 47 64 128 0.0261598
226 47 64 128 0.0266803
227 47 64 128 0.0244762
228 47 64 128 0.0228534
229 47 64 128 0.0219995
230 47 64 128 0.0216581
231 47 64 128 0.0220674
232 47 64 128 0.0227085
233 47 64 128 0.0256489
234 47 64 128 0.0300144
235 47 64 128 0.0300102
236 47 64 128 0.0286209
237 47 64 128 0.0248158
238 47 64 128 0.0259767
239 47 64 128 0.0232706
240 47 64 128 0.0297318
241 47 64 128 0.0315943
242 47 64 128 0.0424191
243 47 64 128 0.0520488
244 47 64 128 0.0633604
245 47 64 128 0.0559944
246 47 64 128 0.0536546
247 47 64 128 0.0390439
248 47 64 128 0.0359726
249 47 64 128 0.0246424
250 47 64 128 0.0223899
251 47 64 128 0.0129426
252 47 64 128 0.0113285
130 48 64 128 0.0115088
131 48 64 128 0.0126162
132 48 64 128 0.0129685
133 48 64 128 0.0124035
134 48 64 128 0.0124384
135 48 64 128 0.0114863
197 48 64 128 0.0130762
198 48 64 128 0.014651
199 48 64 128 0.0177503
200 48 64 128 0.0181916
201 48 64 128 0.020242
202 48 64 128 0.0191983
203 48 64 128 0.0192798
204 48 64 128 0.0207257
205 48 64 128 0.0200527
206 48 64 128 0.0163894
207 48 64 128 0.0126451
208 48 64 128 0.0106072
209 48 64 128 0.0111754
210 48 64 128 0.0116497
211 48 64 128 0.0108502
212 48 64 128 0.0125869
213 48 64 128 0.0144842
214 48 64 128 0.0175851
215 48 64 128 0.0169214
216 48 64 128 0.0191173
217 48 64 128 0.0204679
218 48 64 128 0.0244059
219 48 64 128 0.0275719
220 48 64 128 0.0301629
221 48 64 128 0.0373632
222 48 64 128 0.0471764
223 48 64 128 0.0520749
224 48 64 128 0.0429484
225 48 64 128 0.0375302
226 48 64 128 0.0374062
227 48 64 128 0.0337503
228 48 64 128 0.0274858
229 48 64 128 0.0274779
230 48 64 128 0.0244602
231 48 64 128 0.024595
232 48 64 128 0.0217232
233 48 64 128 0.0249509
234 48 64 128 0.0263131
235 48 64 128 0.0274915
236 48 64 128 0.0296581
237 48 64 128 0.0284295
238 48 64 128 0.026824
239 48 64 128 0.0242429
240 48 64 128 0.0244612
241 48 64 128 0.0279827
242 48 64 128 0.0364034
243 48 64 128 0.0402237
244 48 64 128 0.0526032
245 48 64 128 0.0471389
246 48 64 128 0.0456236
247 48 64 128 0.0362773
248 48 64 128 0.0346099
249 48 64 128 0.0230029
250 48 64 128 0.0201828
251 48 64 128 0.0121548
252 48 64 128 0.0105471
132 49 64 128 0.0105807
133 49 64 128 0.0101495
197 49 64 128 0.0124294
198 49 64 128 0.014643
199 49 64 128 0.0176552
200 49 64 128 0.0197957
201 49 64 128 0.0215237
202 49 64 128 0.0214826
203 49 64 128 0.021026
204 49 64 128 0.0209172
205 49 64 128 0.0202707
206 49 64 128 0.0166251
207 49 64 128 0.0122933
208 49 64 128 0.0106501
209 49 64 128 0.0102184
210 49 64 128 0.011691
211 49 64 128 0.0117315
212 49 64 128 0.0136716
213 49 64 128 0.0157472
214 49 64 128 0.0194467
215 49 64 128 0.0192485
216 49 64 128 0.0238341
217 49 64 128 0.0266888
218 49 64 128 0.0305506
219 49 64 128 0.0336285
220 49 64 128 0.0376519
221 49 64 128 0.0438175
222 49 64 128 0.0505682
223 49 64 128 0.0569237
224 49 64 128 0.0517783
225 49 64 128 0.0435996
226 49 64 128 0.0452779
227 49 64 128 0.0361379
228 49 64 128 0.0313462
229 49 64 128 0.0282765
230 49 64 128 0.0241416
231 49 64 128 0.0216742
232 49 64 128 0.0211952
233 49 64 128 0.0241886
234 49 64 128 0.0264182
235 49 64 128 0.0258759
236 49 64 128 0.0294813
237 49 64 128 0.0273813
238 49 64 128 0.0243773
239 49 64 128 0.0216965
240 49 64 128 0.0229329
241 49 64 128 0.023722
242 49 64 128 0.0294923
243 49 64 128 0.0294047
244 49 64 128 0.035542
245 49 64 128 0.032233
246 49 64 128 0.0352323
247 49 64 128 0.0264713
248 49 64 128 0.0260467
249 49 64 128 0.0191515
250 49 64 128 0.0179867
251 49 64 128 0.0101738
197 50 64 128 0.0122702
198 50 64 128 0.0152405
199 50 64 128 0.0178342
200 50 64 128 0.0190614
201 50 64 128 0.0214498
202 50 64 128 0.0214126
203 50 64 128 0.0253752
204 50 64 128 0.0276645
205 50 64 128 0.024862
206 50 64 128 0.0188718
207 50 64 128 0.0143536
208 50 64 128 0.0105123
212 50 64 128 0.0113918
213 50 64 128 0.0132635
214 50 64 128 0.0177376
215 50 64 128 0.0172804
216 50 64 128 0.0207095
217 50 64 128 0.0244019
218 50 64 128 0.0314409
219 50 64 128 0.0319225
220 50 64 128 0.040108
221 50 64 128 0.0428365
222 50 64 128 0.04829
223 50 64 128 0.0528732
224 50 64 128 0.0530074
225 50 64 128 0.0432705
226 50 64 128 0.0423555
227 50 64 128 0.0358944
228 50 64 128 0.0301803
229 50 64 128 0.0271536
230 50 64 128 0.0234885
231 50 64 128 0.022692
232 50 64 128 0.0218619
233 50 64 128 0.0232696
234 50 64 128 0.0236401
235 50 64 128 0.0240965
236 50 64 128 0.0243435
237 50 64 128 0.0241297
238 50 64 128 0.0222924
239 50 64 128 0.0190264
240 50 64 128 0.0202516
241 50 64 128 0.019201
242 50 64 128 0.0239779
243 50 64 128 0.023446
244 50 64 128 0.0271726
245 50 64 128 0.0233234
246 50 64 128 0.0261829
247 50 64 128 0.0199223
248 50 64 128 0.0208014
249 50 64 128 0.0166834
250 50 64 128 0.0144503
197 51 64 128 0.011306
198 51 64 128 0.0139998
199 51 64 128 0.0173667
200 51 64 128 0.0199679
201 51 64 128 0.0225384
202 51 64 128 0.0236241
203 51 64 128 0.0257055
204 51 64 128 0.0273853
205 51 64 128 0.0276207
206 51 64 128 0.019657
207 51 64 128 0.0141945
208 51 64 128 0.0104868
212 51 64 128 0.0109203
213 51 64 128 0.0124485
214 51 64 128 0.0166911
215 51 64 128 0.0172601
216 51 64 128 0.0210185
217 51 64 128 0.0234206
218 51 64 128 0.0306944
219 51 64 128 0.0331013
220 51 64 128 0.0397502
221 51 64 128 0.0389428
222 51 64 128 0.0446945
223 51 64 128 0.0491582
224 51 64 128 0.0477544
225 51 64 128 0.0422456
226 51 64 128 0.0437091
227 51 64 128 0.0374552
228 51 64 128 0.032248
229 51 64 128 0.0268792
230 51 64 128 0.0252815
231 51 64 128 0.0228607
232 51 64 128 0.0243279
233 51 64 128 0.0256611
234 51 64 128 0.0260398
235 51 64 128 0.0270235
236 51 64 128 0.024893
237 51 64 128 0.0211867
238 51 64 128 0.0192446
239 51 64 128 0.0159051
240 51 64 128 0.015782
241 51 64 128 0.015141
242 51 64 128 0.0161117
243 51 64 128 0.016929
244 51 64 128 0.0197364
245 51 64 128 0.0172162
246 51 64 128 0.0184496
247 51 64 128 0.0139547
248 51 64 128 0.0154564
249 51 64 128 0.0122927
250 51 64 128 0.0123297
197 52 64 128 0.0105804
198 52 64 128 0.0134158
199 52 64 128 0.0164511
200 52 64 128 0.0192376
201 52 64 128 0.0225015
202 52 64 128 0.023258
203 52 64 128 0.0242913
204 52 64 128 0.024732
205 52 64 128 0.0244537
206 52 64 128 0.018885
207 52 64 128 0.012126
214 52 64 128 0.0118828
215 52 64 128 0.0129771
216 52 64 128 0.0173141
217 52 64 128 0.0201812
218 52 64 128 0.0254801
219 52 64 128 0.0268321
220 52 64 128 0.0359115
221 52 64 128 0.0380086
222 52 64 128 0.0423047
223 52 64 128 0.0465874
224 52 64 128 0.0419952
225 52 64 128 0.0363369
226 52 64 128 0.036527
227 52 64 128 0.0317541
228 52 64 128 0.0290693
229 52 64 128 0.0246041
230 52 64 128 0.0239033
231 52 64 128 0.0229182
232 52 64 128 0.0259012
233 52 64 128 0.0255414
234 52 64 128 0.025772
235 52 64 128 0.0255628
236 52 64 128 0.0217992
237 52 64 128 0.0184392
238 52 64 128 0.0165014
239 52 64 128 0.0134515
240 52 64 128 0.0109093
241 52 64 128 0.0107555
242 52 64 128 0.0119572
243 52 64 128 0.0118624
244 52 64 128 0.0124018
245 52 64 128 0.0114231
246 52 64 128 0.0124697
248 52 64 128 0.0104564
197 53 64 128 0.0101445
198 53 64 128 0.0138853
199 53 64 128 0.0170032
200 53 64 128 0.0208735
201 53 64 128 0.0256377
202 53 64 128 0.0278992
203 53 64 128 0.0251755
204 53 64 128 0.0239508
205 53 64 128 0.021808
206 53 64 128 0.0165812
207 53 64 128 0.0104159
214 53 64 128 0.0102283
215 53 64 128 0.0107838
216 53 64 128 0.0138182
217 53 64 128 0.0168083
218 53 64 128 0.020873
219 53 64 128 0.0226431
220 53 64 128 0.0315648
221 53 64 128 0.0364338
222 53 64 128 0.0405783
223 53 64 128 0.0400501
224 53 64 128 0.040828
225 53 64 128 0.0331196
226 53 64 128 0.0335984
227 53 64 128 0.0294503
228 53 64 128 0.0267314
229 53 64 128 0.0232069
230 53 64 128 0.0245741
231 53 64 128 0.0244351
232 53 64 128 0.0272255
233 53 64 128 0.0269235
234 53 64 128 0.0295009
235 53 64 128 0.0268676
236 53 64 128 0.0233917
237 53 64 128 0.0170038
238 53 64 128 0.0147224
239 53 64 128 0.0113773
240 53 64 128 0.0104953
242 53 64 128 0.010849
198 54 64 128 0.0113265
199 54 64 128 0.0154425
200 54 64 128 0.0188496
201 54 64 128 0.0224376
202 54 64 128 0.0238876
203 54 64 128 0.0221286
204 54 64 128 0.0218597
205 54 64 128 0.0181927
206 54 64 128 0.0125207
218 54 64 128 0.011593
219 54 64 128 0.0136115
220 54 64 128 0.0183622
221 54 64 128 0.0218142
222 54 64 128 0.0303334
223 54 64 128 0.0292223
224 54 64 128 0.0314163
225 54 64 128 0.0243031
226 54 64 128 0.0243575
227 54 64 128 0.0198569
228 54 64 128 0.0204702
229 54 64 128 0.019768
230 54 64 128 0.0232314
231 54 64 128 0.0234909
232 54 64 128 0.0250301
233 54 64 128 0.0254903
234 54 64 128 0.0253297
235 54 64 128 0.0208411
236 54 64 128 0.019991
237 54 64 128 0.0150075
238 54 64 128 0.0111042
198 55 64 128 0.012582
199 55 64 128 0.0153394
200 55 64 128 0.0191093
201 55 64 128 0.023589
202 55 64 128 0.0267463
203 55 64 128 0.0241452
204 55 64 128 0.0212581
205 55 64 128 0.0180692
206 55 64 128 0.0114485
220 55 64 128 0.012269
221 55 64 128 0.0157582
222 55 64 128 0.0226035
223 55 64 128 0.0239384
224 55 64 128 0.0252353
225 55 64 128 0.0211024
226 55 64 128 0.0201431
227 55 64 128 0.0172961
228 55 64 128 0.0175161
229 55 64 128 0.0171466
230 55 64 128 0.0200477
231 55 64 128 0.0222256
232 55 64 128 0.0217803
233 55 64 128 0.0215411
234 55 64 128 0.0218385
235 55 64 128 0.0188841
236 55 64 128 0.0179919
237 55 64 128 0.0128075
197 56 64 128 0.0104699
198 56 64 128 0.0138646
199 56 64 128 0.017877
200 56 64 128 0.0216363
201 56 64 128 0.0230817
202 56 64 128 0.0234173
203 56 64 128 0.0215964
204 56 64 128 0.0180943
205 56 64 128 0.0157856
222 56 64 128 0.0141088
223 56 64 128 0.016353
224 56 64 128 0.0183337
225 56 64 128 0.0148126
226 56 64 128 0.0146658
227 56 64 128 0.0123348
228 56 64 128 0.0133134
229 56 64 128 0.0131769
230 56 64 128 0.0167229
231 56 64 128 0.017728
232 56 64 128 0.0193158
233 56 64 128 0.0195054
234 56 64 128 0.0199413
235 56 64 128 0.016506
236 56 64 128 0.0139435
237 56 64 128 0.0101004
197 57 64 128 0.0102272
198 57 64 128 0.015215
199 57 64 128 0.0186964
200 57 64 128 0.022718
201 57 64 128 0.0249269
202 57 64 128 0.024293
203 57 64 128 0.0222182
204 57 64 128 0.0186155
205 57 64 128 0.0140132
222 57 64 128 0.0109929
223 57 64 128 0.0124554
224 57 64 128 0.014518
225 57 64 128 0.0142435
226 57 64 128 0.0145552
227 57 64 128 0.01277
228 57 64 128 0.014383
229 57 64 128 0.0142487
230 57 64 128 0.0168987
231 57 64 128 0.0172117
232 57 64 128 0.0192244
233 57 64 128 0.0208517
234 57 64 128 0.0245484
235 57 64 128 0.0213961
236 57 64 128 0.0172719
237 57 64 128 0.0122636
196 58 64 128 0.0102856
197 58 64 128 0.0111581
198 58 64 128 0.0161582
199 58 64 128 0.0198741
200 58 64 128 0.0234906
201 58 64 128 0.0234381
202 58 64 128 0.022384
203 58 64 128 0.018753
204 58 64 128 0.0149117
205 58 64 128 0.0116458
224 58 64 128 0.0111867
225 58 64 128 0.0108599
226 58 64 128 0.0108997
227 58 64 128 0.0101453
228 58 64 128 0.0114576
229 58 64 128 0.0111725
230 58 64 128 0.0146765
231 58 64 128 0.0127645
232 58 64 128 0.0141972
233 58 64 128 0.0154114
234 58 64 128 0.0222392
235 58 64 128 0.0160879
236 58 64 128 0.0136936
197 59 64 128 0.0108594
198 59 64 128 0.0148726
199 59 64 128 0.0194574
200 59 64 128 0.0229495
201 59 64 128 0.0235672
202 59 64 128 0.0214876
203 59 64 128 0.0204907
204 59 64 128 0.0149856
205 59 64 128 0.0128546
224 59 64 128 0.011463
225 59 64 128 0.0117774
226 59 64 128 0.0122256
227 59 64 128 0.011675
228 59 64 128 0.0114266
229 59 64 128 0.012145
230 59 64 128 0.0146345
231 59 64 128 0.0140504
232 59 64 128 0.014285
233 59 64 128 0.0154935
234 59 64 128 0.0178846
235 59 64 128 0.0141149
236 59 64 128 0.0120393
197 60 64 128 0.0114626
198 60 64 128 0.0158987
199 60 64 128 0.0180377
200 60 64 128 0.0210931
201 60 64 128 0.0227402
202 60 64 128 0.0198681
203 60 64 128 0.0174192
204 60 64 128 0.0135614
205 60 64 128 0.0110238
224 60 64 128 0.0112078
225 60 64 128 0.010218
226 60 64 128 0.0108303
227 60 64 128 0.0106584
228 60 64 128 0.0109695
229 60 64 128 0.0112392
230 60 64 128 0.0146264
231 60 64 128 0.0131784
232 60 64 128 0.0133357
233 60 64 128 0.0126955
234 60 64 128 0.0139317
197 61 64 128 0.0101855
198 61 64 128 0.0140683
199 61 64 128 0.0180129
200 61 64 128 0.0195478
201 61 64 128 0.0196532
202 61 64 128 0.0181427
203 61 64 128 0.0172957
204 61 64 128 0.0131921
205 61 64 128 0.0104182
223 61 64 128 0.010887
224 61 64 128 0.0134782
225 61 64 128 0.0114181
226 61 64 128 0.0105495
227 61 64 128 0.0101492
228 61 64 128 0.0122303
229 61 64 128 0.0123038
230 61 64 128 0.0150693
231 61 64 128 0.0146118
232 61 64 128 0.0148483
233 61 64 128 0.0130221
234 61 64 128 0.0146529
198 62 64 128 0.0106211
199 62 64 128 0.0136889
200 62 64 128 0.0142654
201 62 64 128 0.0140235
202 62 64 128 0.0138894
203 62 64 128 0.0137851
204 62 64 128 0.0118337
228 62 64 128 0.0100099
229 62 64 128 0.010421
230 62 64 128 0.0134174
231 62 64 128 0.0119133
232 62 64 128 0.0114
234 62 64 128 0.0106951
203 63 64 128 0.0104849
229 63 64 128 0.0100795
230 63 64 128 0.0115587
251 66 64 128 0.010909
250 67 64 128 0.0100243
249 69 64 128 0.0105201
247 72 64 128 0.0107022
248 72 64 128 0.0106079
249 72 64 128 0.0122895
137 73 64 128 0.0107171
245 73 64 128 0.0109317
246 73 64 128 0.0107726
247 73 64 128 0.012521
248 73 64 128 0.0118394
249 73 64 128 0.0133606
250 73 64 128 0.0103431
253 73 64 128 0.0119852
254 73 64 128 0.0106736
255 73 64 128 0.0115449
136 74 64 128 0.0105496
137 74 64 128 0.0102565
245 74 64 128 0.0120567
246 74 64 128 0.0107319
247 74 64 128 0.0132571
248 74 64 128 0.0132295
249 74 64 128 0.0148456
250 74 64 128 0.0106569
251 74 64 128 0.0111559
252 74 64 128 0.0131121
253 74 64 128 0.0159055
254 74 64 128 0.0154102
255 74 64 128 0.015678
136 75 64 128 0.0102553
247 75 64 128 0.0107334
248 75 64 128 0.0102393
249 75 64 128 0.0111424
253 75 64 128 0.0116446
254 75 64 128 0.0109543
255 75 64 128 0.0112696
249 76 64 128 0.0110073
253 76 64 128 0.0115431
254 76 64 128 0.0116722
255 76 64 128 0.0121589
