161 5 85 170 0.0113785
162 5 85 170 0.0124436
163 5 85 170 0.0124587
160 6 85 170 0.0103455
161 6 85 170 0.012514
162 6 85 170 0.014007
163 6 85 170 0.014389
164 6 85 170 0.0124422
165 6 85 170 0.0124689
166 6 85 170 0.0112831
160 7 85 170 0.0102032
161 7 85 170 0.0123381
162 7 85 170 0.0138109
163 7 85 170 0.0150832
164 7 85 170 0.0157747
165 7 85 170 0.0159255
166 7 85 170 0.013242
160 8 85 170 0.0117119
161 8 85 170 0.012864
162 8 85 170 0.0141981
163 8 85 170 0.0170247
164 8 85 170 0.0179573
165 8 85 170 0.0170913
166 8 85 170 0.0138914
161 9 85 170 0.0123819
162 9 85 170 0.0150698
163 9 85 170 0.0180954
164 9 85 170 0.0193578
165 9 85 170 0.0184534
166 9 85 170 0.0151172
167 9 85 170 0.0106375
161 10 85 170 0.0115869
162 10 85 170 0.0140223
163 10 85 170 0.0159151
164 10 85 170 0.0186362
165 10 85 170 0.0179059
166 10 85 170 0.0140513
161 11 85 170 0.0106468
162 11 85 170 0.0123443
163 11 85 170 0.0133768
164 11 85 170 0.0163153
165 11 85 170 0.0156955
166 11 85 170 0.0116618
162 12 85 170 0.0110282
163 12 85 170 0.0120837
164 12 85 170 0.0134008
165 12 85 170 0.0128499
209 23 85 170 0.0110121
206 24 85 170 0.0107123
207 24 85 170 0.0123304
208 24 85 170 0.0113294
209 24 85 170 0.014807
210 24 85 170 0.0133564
185 25 85 170 0.0122693
186 25 85 170 0.0118221
206 25 85 170 0.0127753
207 25 85 170 0.0163101
208 25 85 170 0.0143502
209 25 85 170 0.0172164
210 25 85 170 0.015725
183 26 85 170 0.0108708
184 26 85 170 0.0135071
185 26 85 170 0.0167946
186 26 85 170 0.0165576
187 26 85 170 0.0122233
205 26 85 170 0.011138
206 26 85 170 0.0165302
207 26 85 170 0.0216148
208 26 85 170 0.0189399
209 26 85 170 0.0238262
210 26 85 170 0.0224994
211 26 85 170 0.0117411
183 27 85 170 0.0135667
184 27 85 170 0.0167548
185 27 85 170 0.0221997
186 27 85 170 0.0229062
187 27 85 170 0.0170092
188 27 85 170 0.0117001
204 27 85 170 0.0112275
205 27 85 170 0.0145981
206 27 85 170 0.0217743
207 27 85 170 0.0293626
208 27 85 170 0.0283331
209 27 85 170 0.034857
210 27 85 170 0.0318195
211 27 85 170 0.0164109
212 27 85 170 0.0111913
183 28 85 170 0.0145173
184 28 85 170 0.0183306
185 28 85 170 0.0280849
186 28 85 170 0.0308702
187 28 85 170 0.0228086
188 28 85 170 0.016507
189 28 85 170 0.0148988
190 28 85 170 0.013046
204 28 85 170 0.0120675
205 28 85 170 0.0164698
206 28 85 170 0.026555
207 28 85 170 0.0381691
208 28 85 170 0.0401476
209 28 85 170 0.047468
210 28 85 170 0.0413388
211 28 85 170 0.0208056
212 28 85 170 0.0129668
182 29 85 170 0.0105891
183 29 85 170 0.0169201
184 29 85 170 0.0260386
185 29 85 170 0.0378122
186 29 85 170 0.0421019
187 29 85 170 0.0348988
188 29 85 170 0.0244741
189 29 85 170 0.0198886
190 29 85 170 0.0169657
191 29 85 170 0.011846
204 29 85 170 0.0135567
205 29 85 170 0.0186194
206 29 85 170 0.031801
207 29 85 170 0.0458134
208 29 85 170 0.0458349
209 29 85 170 0.062335
210 29 85 170 0.056977
211 29 85 170 0.0258913
212 29 85 170 0.0189209
213 29 85 170 0.0114779
182 30 85 170 0.011051
183 30 85 170 0.0181765
184 30 85 170 0.0287568
185 30 85 170 0.043883
186 30 85 170 0.048871
187 30 85 170 0.0401293
188 30 85 170 0.0306074
189 30 85 170 0.0248235
190 30 85 170 0.0205662
191 30 85 170 0.0152557
204 30 85 170 0.0170421
205 30 85 170 0.0220511
206 30 85 170 0.0382188
207 30 85 170 0.0580305
208 30 85 170 0.0595672
209 30 85 170 0.0793651
210 30 85 170 0.0738046
211 30 85 170 0.0368043
212 30 85 170 0.0251277
213 30 85 170 0.0153752
182 31 85 170 0.0117511
183 31 85 170 0.0192845
184 31 85 170 0.0296779
185 31 85 170 0.0506835
186 31 85 170 0.0559397
187 31 85 170 0.0438248
188 31 85 170 0.0404362
189 31 85 170 0.0332216
190 31 85 170 0.0246916
191 31 85 170 0.0185616
192 31 85 170 0.011669
204 31 85 170 0.0198947
205 31 85 170 0.025446
206 31 85 170 0.04201
207 31 85 170 0.0649818
208 31 85 170 0.0738956
209 31 85 170 0.100193
210 31 85 170 0.0939268
211 31 85 170 0.0508725
212 31 85 170 0.0352832
213 31 85 170 0.0212222
214 31 85 170 0.0101858
182 32 85 170 0.0123826
183 32 85 170 0.0205057
184 32 85 170 0.0338234
185 32 85 170 0.0589001
186 32 85 170 0.0644888
187 32 85 170 0.0517859
188 32 85 170 0.0521988
189 32 85 170 0.0418156
190 32 85 170 0.0281781
191 32 85 170 0.0203486
192 32 85 170 0.012558
203 32 85 170 0.0102746
204 32 85 170 0.0195649
205 32 85 170 0.0260704
206 32 85 170 0.0407643
207 32 85 170 0.0612164
208 32 85 170 0.0767598
209 32 85 170 0.115893
210 32 85 170 0.109992
211 32 85 170 0.0589372
212 32 85 170 0.0477658
213 32 85 170 0.0285981
214 32 85 170 0.0115601
215 32 85 170 0.0101579
183 33 85 170 0.0168121
184 33 85 170 0.0293677
185 33 85 170 0.0508366
186 33 85 170 0.057409
187 33 85 170 0.0480465
188 33 85 170 0.0454667
189 33 85 170 0.0382932
190 33 85 170 0.0294456
191 33 85 170 0.0221486
192 33 85 170 0.013537
204 33 85 170 0.0179144
205 33 85 170 0.0227251
206 33 85 170 0.0386536
207 33 85 170 0.0635721
208 33 85 170 0.0792966
209 33 85 170 0.107893
210 33 85 170 0.0991697
211 33 85 170 0.0565691
212 33 85 170 0.0477901
213 33 85 170 0.0326605
214 33 85 170 0.0159879
215 33 85 170 0.0100722
183 34 85 170 0.0147706
184 34 85 170 0.025805
185 34 85 170 0.0388961
186 34 85 170 0.0476366
187 34 85 170 0.0474268
188 34 85 170 0.0405478
189 34 85 170 0.0353103
190 34 85 170 0.0294259
191 34 85 170 0.0210793
192 34 85 170 0.0139306
204 34 85 170 0.0157057
205 34 85 170 0.0206498
206 34 85 170 0.0345615
207 34 85 170 0.05685
208 34 85 170 0.0748243
209 34 85 170 0.105029
210 34 85 170 0.0974278
211 34 85 170 0.0593787
212 34 85 170 0.0574585
213 34 85 170 0.0389497
214 34 85 170 0.0189098
215 34 85 170 0.0145682
183 35 85 170 0.0139111
184 35 85 170 0.0233632
185 35 85 170 0.0321381
186 35 85 170 0.0415806
187 35 85 170 0.0466143
188 35 85 170 0.0404971
189 35 85 170 0.034263
190 35 85 170 0.0267522
191 35 85 170 0.0178544
192 35 85 170 0.012797
204 35 85 170 0.0138393
205 35 85 170 0.0192252
206 35 85 170 0.0299853
207 35 85 170 0.0466033
208 35 85 170 0.0666113
209 35 85 170 0.109242
210 35 85 170 0.107307
211 35 85 170 0.0671913
212 35 85 170 0.0703671
213 35 85 170 0.0470523
214 35 85 170 0.0228619
215 35 85 170 0.0206572
183 36 85 170 0.0103922
184 36 85 170 0.0170142
185 36 85 170 0.0271863
186 36 85 170 0.0342404
187 36 85 170 0.0353174
188 36 85 170 0.0337964
189 36 85 170 0.0278673
190 36 85 170 0.0205552
191 36 85 170 0.0147292
192 36 85 170 0.0102162
204 36 85 170 0.0126615
205 36 85 170 0.0155576
206 36 85 170 0.0264401
207 36 85 170 0.0441966
208 36 85 170 0.0604163
209 36 85 170 0.104309
210 36 85 170 0.1078
211 36 85 170 0.0705483
212 36 85 170 0.0727668
213 36 85 170 0.0539813
214 36 85 170 0.0310701
215 36 85 170 0.0237986
216 36 85 170 0.0102365
132 37 85 170 0.0111327
133 37 85 170 0.0100156
184 37 85 170 0.0120167
185 37 85 170 0.0182898
186 37 85 170 0.0233203
187 37 85 170 0.0247823
188 37 85 170 0.0230207
189 37 85 170 0.0188299
190 37 85 170 0.0145372
191 37 85 170 0.0109885
204 37 85 170 0.010844
205 37 85 170 0.0119541
206 37 85 170 0.020777
207 37 85 170 0.0355902
208 37 85 170 0.0483377
209 37 85 170 0.0926342
210 37 85 170 0.0996896
211 37 85 170 0.0690754
212 37 85 170 0.0800969
213 37 85 170 0.0607069
214 37 85 170 0.0360584
215 37 85 170 0.0301808
216 37 85 170 0.0135949
132 38 85 170 0.0130023
133 38 85 170 0.0127747
185 38 85 170 0.0129416
186 38 85 170 0.0163008
187 38 85 170 0.0174079
188 38 85 170 0.0164916
189 38 85 170 0.0138047
190 38 85 170 0.0112302
206 38 85 170 0.0139694
207 38 85 170 0.0245716
208 38 85 170 0.0332181
209 38 85 170 0.0673198
210 38 85 170 0.0734124
211 38 85 170 0.0533809
212 38 85 170 0.0694907
213 38 85 170 0.054646
214 38 85 170 0.0339503
215 38 85 170 0.0294938
216 38 85 170 0.0129756
131 39 85 170 0.0103329
132 39 85 170 0.012909
133 39 85 170 0.0139549
134 39 85 170 0.0112705
185 39 85 170 0.0110794
186 39 85 170 0.0132296
187 39 85 170 0.0129047
188 39 85 170 0.013584
189 39 85 170 0.0116633
207 39 85 170 0.0153185
208 39 85 170 0.02092
209 39 85 170 0.0399325
210 39 85 170 0.0436862
211 39 85 170 0.0345788
212 39 85 170 0.0469639
213 39 85 170 0.0405553
214 39 85 170 0.0294269
215 39 85 170 0.0254691
216 39 85 170 0.0119535
133 40 85 170 0.0105226
187 40 85 170 0.0105601
208 40 85 170 0.0136727
209 40 85 170 0.0255249
210 40 85 170 0.0291285
211 40 85 170 0.0260214
212 40 85 170 0.0333389
213 40 85 170 0.0306669
214 40 85 170 0.026305
215 40 85 170 0.0245231
216 40 85 170 0.0137433
209 41 85 170 0.0170107
210 41 85 170 0.0195675
211 41 85 170 0.0168531
212 41 85 170 0.022286
213 41 85 170 0.0221073
214 41 85 170 0.0191882
215 41 85 170 0.0163838
210 42 85 170 0.0112389
212 42 85 170 0.012336
213 42 85 170 0.0125496
214 42 85 170 0.0108872
10 0 64 128 0.0110832
11 0 64 128 0.0166986
12 0 64 128 0.0278384
13 0 64 128 0.0821898
14 0 64 128 0.215245
15 0 64 128 0.394878
16 0 64 128 0.454797
17 0 64 128 0.465233
18 0 64 128 0.452286
19 0 64 128 0.361365
20 0 64 128 0.201546
21 0 64 128 0.121139
22 0 64 128 0.0510125
23 0 64 128 0.0226647
52 0 64 128 0.0135208
53 0 64 128 0.0258028
54 0 64 128 0.0340606
55 0 64 128 0.0554306
56 0 64 128 0.0543191
57 0 64 128 0.0684948
58 0 64 128 0.0798471
59 0 64 128 0.0931443
60 0 64 128 0.0800003
61 0 64 128 0.074212
62 0 64 128 0.0616006
63 0 64 128 0.0580682
64 0 64 128 0.0408624
65 0 64 128 0.0272234
66 0 64 128 0.0174602
67 0 64 128 0.0106845
11 1 64 128 0.0131569
12 1 64 128 0.0207154
13 1 64 128 0.0580861
14 1 64 128 0.145638
15 1 64 128 0.284281
16 1 64 128 0.321223
17 1 64 128 0.332497
18 1 64 128 0.312936
19 1 64 128 0.277124
20 1 64 128 0.171092
21 1 64 128 0.0958165
22 1 64 128 0.0406822
23 1 64 128 0.0192892
52 1 64 128 0.0124217
53 1 64 128 0.020442
54 1 64 128 0.0283657
55 1 64 128 0.0448816
56 1 64 128 0.0475057
57 1 64 128 0.0608944
58 1 64 128 0.0718144
59 1 64 128 0.086636
60 1 64 128 0.086913
61 1 64 128 0.0955074
62 1 64 128 0.078984
63 1 64 128 0.0711563
64 1 64 128 0.0457708
65 1 64 128 0.0278866
66 1 64 128 0.0180035
67 1 64 128 0.0122219
12 2 64 128 0.0150663
13 2 64 128 0.035436
14 2 64 128 0.0849453
15 2 64 128 0.171158
16 2 64 128 0.212396
17 2 64 128 0.221022
18 2 64 128 0.234484
19 2 64 128 0.237166
20 2 64 128 0.149099
21 2 64 128 0.0843217
22 2 64 128 0.0402702
23 2 64 128 0.0193375
52 2 64 128 0.0146426
53 2 64 128 0.023394
54 2 64 128 0.0335025
55 2 64 128 0.0603524
56 2 64 128 0.0598974
57 2 64 128 0.0643478
58 2 64 128 0.0733782
59 2 64 128 0.106756
60 2 64 128 0.0954979
61 2 64 128 0.108096
62 2 64 128 0.105679
63 2 64 128 0.090891
64 2 64 128 0.0644058
65 2 64 128 0.0418119
66 2 64 128 0.0221858
67 2 64 128 0.0135137
12 3 64 128 0.0105761
13 3 64 128 0.0231219
14 3 64 128 0.0536727
15 3 64 128 0.110539
16 3 64 128 0.147144
17 3 64 128 0.148961
18 3 64 128 0.159434
19 3 64 128 0.18668
20 3 64 128 0.11549
21 3 64 128 0.0642059
22 3 64 128 0.0318016
23 3 64 128 0.0158491
52 3 64 128 0.0117182
53 3 64 128 0.0220582
54 3 64 128 0.0289718
55 3 64 128 0.0428391
56 3 64 128 0.0461885
57 3 64 128 0.0526543
58 3 64 128 0.065456
59 3 64 128 0.0849938
60 3 64 128 0.0837086
61 3 64 128 0.093645
62 3 64 128 0.0843117
63 3 64 128 0.0717402
64 3 64 128 0.0608301
65 3 64 128 0.0416982
66 3 64 128 0.0229526
67 3 64 128 0.014726
152 3 64 128 0.0118859
153 3 64 128 0.010747
154 3 64 128 0.0125657
13 4 64 128 0.0192305
14 4 64 128 0.0508029
15 4 64 128 0.102812
16 4 64 128 0.141724
17 4 64 128 0.140397
18 4 64 128 0.167613
19 4 64 128 0.180114
20 4 64 128 0.124496
21 4 64 128 0.0665952
22 4 64 128 0.0358071
23 4 64 128 0.0148407
51 4 64 128 0.0105286
52 4 64 128 0.0134109
53 4 64 128 0.0257707
54 4 64 128 0.0310844
55 4 64 128 0.0489044
56 4 64 128 0.0461613
57 4 64 128 0.0553041
58 4 64 128 0.0636921
59 4 64 128 0.0849661
60 4 64 128 0.0946715
61 4 64 128 0.0947111
62 4 64 128 0.0833867
63 4 64 128 0.0749315
64 4 64 128 0.0569236
65 4 64 128 0.0396949
66 4 64 128 0.0236794
67 4 64 128 0.0174608
68 4 64 128 0.0123193
69 4 64 128 0.0113685
152 4 64 128 0.0100928
154 4 64 128 0.0104177
13 5 64 128 0.0126821
14 5 64 128 0.0282441
15 5 64 128 0.0546961
16 5 64 128 0.0758709
17 5 64 128 0.0862748
18 5 64 128 0.099312
19 5 64 128 0.127352
20 5 64 128 0.0876346
21 5 64 128 0.0459074
22 5 64 128 0.0256375
23 5 64 128 0.0131215
47 5 64 128 0.0108265
48 5 64 128 0.0106524
51 5 64 128 0.0124694
52 5 64 128 0.0162022
53 5 64 128 0.0331565
54 5 64 128 0.040113
55 5 64 128 0.0521594
56 5 64 128 0.0488055
57 5 64 128 0.0495167
58 5 64 128 0.0529307
59 5 64 128 0.0651896
60 5 64 128 0.0757699
61 5 64 128 0.0737312
62 5 64 128 0.0733919
63 5 64 128 0.0624035
64 5 64 128 0.0489006
65 5 64 128 0.0298614
66 5 64 128 0.0201549
67 5 64 128 0.0172605
68 5 64 128 0.0135589
69 5 64 128 0.0128033
152 5 64 128 0.0132522
153 5 64 128 0.0124839
154 5 64 128 0.0106323
14 6 64 128 0.0185766
15 6 64 128 0.0356183
16 6 64 128 0.0517407
17 6 64 128 0.0629961
18 6 64 128 0.0750509
19 6 64 128 0.107773
20 6 64 128 0.0800309
21 6 64 128 0.0417043
22 6 64 128 0.0283951
23 6 64 128 0.0137823
45 6 64 128 0.0105792
46 6 64 128 0.0162293
47 6 64 128 0.0205592
48 6 64 128 0.0191606
49 6 64 128 0.0171181
50 6 64 128 0.0165562
51 6 64 128 0.0226141
52 6 64 128 0.0256314
53 6 64 128 0.05271
54 6 64 128 0.0578551
55 6 64 128 0.0767814
56 6 64 128 0.0599649
57 6 64 128 0.0649035
58 6 64 128 0.0598817
59 6 64 128 0.0731395
60 6 64 128 0.0676409
61 6 64 128 0.0691606
62 6 64 128 0.0727492
63 6 64 128 0.0624512
64 6 64 128 0.0453547
65 6 64 128 0.032238
66 6 64 128 0.0220746
67 6 64 128 0.01992
68 6 64 128 0.0180553
69 6 64 128 0.0174409
14 7 64 128 0.0125648
15 7 64 128 0.0258732
16 7 64 128 0.0370158
17 7 64 128 0.0413391
18 7 64 128 0.0471899
19 7 64 128 0.0758039
20 7 64 128 0.0590124
21 7 64 128 0.0341435
22 7 64 128 0.0209267
23 7 64 128 0.0103279
45 7 64 128 0.0124621
46 7 64 128 0.0209773
47 7 64 128 0.0313344
48 7 64 128 0.0291767
49 7 64 128 0.0230634
50 7 64 128 0.0215389
51 7 64 128 0.0264801
52 7 64 128 0.0321123
53 7 64 128 0.0644405
54 7 64 128 0.0645238
55 7 64 128 0.0742241
56 7 64 128 0.0682763
57 7 64 128 0.0641635
58 7 64 128 0.0571627
59 7 64 128 0.0567799
60 7 64 128 0.0545813
61 7 64 128 0.0511478
62 7 64 128 0.0574071
63 7 64 128 0.0461075
64 7 64 128 0.0382793
65 7 64 128 0.0271222
66 7 64 128 0.0225006
67 7 64 128 0.0205844
68 7 64 128 0.018845
69 7 64 128 0.0167939
70 7 64 128 0.0106226
14 8 64 128 0.0135272
15 8 64 128 0.0282787
16 8 64 128 0.0420993
17 8 64 128 0.0519977
18 8 64 128 0.0606043
19 8 64 128 0.0836809
20 8 64 128 0.0719393
21 8 64 128 0.0413102
22 8 64 128 0.024182
23 8 64 128 0.0122396
34 8 64 128 0.0102994
35 8 64 128 0.0116311
36 8 64 128 0.0111144
37 8 64 128 0.0112918
38 8 64 128 0.0108709
39 8 64 128 0.0111768
44 8 64 128 0.0116909
45 8 64 128 0.0192258
46 8 64 128 0.0317472
47 8 64 128 0.0447532
48 8 64 128 0.0399766
49 8 64 128 0.0319164
50 8 64 128 0.0269151
51 8 64 128 0.0357547
52 8 64 128 0.0434589
53 8 64 128 0.0869651
54 8 64 128 0.0854514
55 8 64 128 0.0992213
56 8 64 128 0.0759001
57 8 64 128 0.0695448
58 8 64 128 0.050054
59 8 64 128 0.0500037
60 8 64 128 0.0486348
61 8 64 128 0.0476923
62 8 64 128 0.0447311
63 8 64 128 0.040505
64 8 64 128 0.036842
65 8 64 128 0.0274998
66 8 64 128 0.0246092
67 8 64 128 0.021039
68 8 64 128 0.0183808
69 8 64 128 0.0178541
70 8 64 128 0.0115743
14 9 64 128 0.0168422
15 9 64 128 0.0276849
16 9 64 128 0.0392678
17 9 64 128 0.0440829
18 9 64 128 0.0526741
19 9 64 128 0.0688901
20 9 64 128 0.0673451
21 9 64 128 0.043239
22 9 64 128 0.0252286
23 9 64 128 0.0130568
33 9 64 128 0.0117715
34 9 64 128 0.013355
35 9 64 128 0.0147128
36 9 64 128 0.0123168
37 9 64 128 0.0118822
38 9 64 128 0.011382
39 9 64 128 0.010532
44 9 64 128 0.0110473
45 9 64 128 0.0176436
46 9 64 128 0.031953
47 9 64 128 0.042327
48 9 64 128 0.0425196
49 9 64 128 0.0356403
50 9 64 128 0.0331261
51 9 64 128 0.0349975
52 9 64 128 0.0442997
53 9 64 128 0.0835298
54 9 64 128 0.102875
55 9 64 128 0.101139
56 9 64 128 0.0833538
57 9 64 128 0.0578343
58 9 64 128 0.0449298
59 9 64 128 0.0370226
60 9 64 128 0.0432094
61 9 64 128 0.0372173
62 9 64 128 0.0407007
63 9 64 128 0.0355526
64 9 64 128 0.0382343
65 9 64 128 0.025713
66 9 64 128 0.0249967
67 9 64 128 0.0217043
68 9 64 128 0.0205471
69 9 64 128 0.0204919
70 9 64 128 0.0149599
11 10 64 128 0.0105045
12 10 64 128 0.0117553
13 10 64 128 0.0167291
14 10 64 128 0.0245027
15 10 64 128 0.0391479
16 10 64 128 0.0542977
17 10 64 128 0.0692653
18 10 64 128 0.0809979
19 10 64 128 0.102266
20 10 64 128 0.101264
21 10 64 128 0.0583411
22 10 64 128 0.0325742
23 10 64 128 0.0159165
33 10 64 128 0.0149525
34 10 64 128 0.0178371
35 10 64 128 0.0191054
36 10 64 128 0.0162277
37 10 64 128 0.0157825
38 10 64 128 0.0147568
39 10 64 128 0.0165046
40 10 64 128 0.0110585
41 10 64 128 0.0112505
42 10 64 128 0.0125846
43 10 64 128 0.0136726
44 10 64 128 0.0151137
45 10 64 128 0.0211752
46 10 64 128 0.0438855
47 10 64 128 0.0636984
48 10 64 128 0.0678809
49 10 64 128 0.0570359
50 10 64 128 0.053675
51 10 64 128 0.0583862
52 10 64 128 0.0613885
53 10 64 128 0.100212
54 10 64 128 0.122795
55 10 64 128 0.125325
56 10 64 128 0.0888396
57 10 64 128 0.0688153
58 10 64 128 0.0467709
59 10 64 128 0.036583
60 10 64 128 0.0338468
61 10 64 128 0.0322776
62 10 64 128 0.0341421
63 10 64 128 0.031787
64 10 64 128 0.0304966
65 10 64 128 0.0244817
66 10 64 128 0.0255922
67 10 64 128 0.0233215
68 10 64 128 0.0208065
69 10 64 128 0.0221085
70 10 64 128 0.0147886
9 11 64 128 0.0118483
10 11 64 128 0.0139694
11 11 64 128 0.0150037
12 11 64 128 0.0190031
13 11 64 128 0.0253703
14 11 64 128 0.0361115
15 11 64 128 0.0495183
16 11 64 128 0.0694249
17 11 64 128 0.088555
18 11 64 128 0.111635
19 11 64 128 0.13429
20 11 64 128 0.117694
21 11 64 128 0.0640424
22 11 64 128 0.0360227
23 11 64 128 0.0192362
33 11 64 128 0.0172342
34 11 64 128 0.0232179
35 11 64 128 0.0253673
36 11 64 128 0.0204217
37 11 64 128 0.0204915
38 11 64 128 0.0192785
39 11 64 128 0.0205901
40 11 64 128 0.016039
41 11 64 128 0.0139584
42 11 64 128 0.0156971
43 11 64 128 0.0168692
44 11 64 128 0.0189654
45 11 64 128 0.0256875
46 11 64 128 0.0500248
47 11 64 128 0.0742316
48 11 64 128 0.0749084
49 11 64 128 0.062197
50 11 64 128 0.0578093
51 11 64 128 0.0548347
52 11 64 128 0.0633809
53 11 64 128 0.102561
54 11 64 128 0.117376
55 11 64 128 0.117681
56 11 64 128 0.0970389
57 11 64 128 0.0722132
58 11 64 128 0.0515499
59 11 64 128 0.032607
60 11 64 128 0.0341651
61 11 64 128 0.0235037
62 11 64 128 0.0264781
63 11 64 128 0.0200369
64 11 64 128 0.0228965
65 11 64 128 0.0207349
66 11 64 128 0.0247542
67 11 64 128 0.0207015
68 11 64 128 0.0189368
69 11 64 128 0.0185894
70 11 64 128 0.0145349
7 12 64 128 0.0109129
8 12 64 128 0.015117
9 12 64 128 0.0171269
10 12 64 128 0.0179632
11 12 64 128 0.0264136
12 12 64 128 0.0295648
13 12 64 128 0.0392415
14 12 64 128 0.0573846
15 12 64 128 0.0895234
16 12 64 128 0.115543
17 12 64 128 0.148844
18 12 64 128 0.16537
19 12 64 128 0.186002
20 12 64 128 0.162142
21 12 64 128 0.0858456
22 12 64 128 0.0427722
23 12 64 128 0.0200513
24 12 64 128 0.0103364
33 12 64 128 0.0170866
34 12 64 128 0.0216769
35 12 64 128 0.0269487
36 12 64 128 0.0230435
37 12 64 128 0.0285926
38 12 64 128 0.0226708
39 12 64 128 0.0258812
40 12 64 128 0.0205124
41 12 64 128 0.0205331
42 12 64 128 0.0210776
43 12 64 128 0.0253901
44 12 64 128 0.0254617
45 12 64 128 0.0332249
46 12 64 128 0.0686382
47 12 64 128 0.108075
48 12 64 128 0.0967734
49 12 64 128 0.0846865
50 12 64 128 0.0755166
51 12 64 128 0.0781418
52 12 64 128 0.0820626
53 12 64 128 0.113193
54 12 64 128 0.137378
55 12 64 128 0.131422
56 12 64 128 0.114341
57 12 64 128 0.0791814
58 12 64 128 0.0499187
59 12 64 128 0.0350134
60 12 64 128 0.0297428
61 12 64 128 0.020071
62 12 64 128 0.021358
63 12 64 128 0.0186131
64 12 64 128 0.0185063
65 12 64 128 0.0177966
66 12 64 128 0.0180629
67 12 64 128 0.0169463
68 12 64 128 0.0138813
69 12 64 128 0.0121047
6 13 64 128 0.0110425
7 13 64 128 0.0191008
8 13 64 128 0.0289561
9 13 64 128 0.0326329
10 13 64 128 0.0368681
11 13 64 128 0.0474605
12 13 64 128 0.0523637
13 13 64 128 0.0650798
14 13 64 128 0.0944255
15 13 64 128 0.139235
16 13 64 128 0.157813
17 13 64 128 0.204873
18 13 64 128 0.218876
19 13 64 128 0.23775
20 13 64 128 0.197981
21 13 64 128 0.098963
22 13 64 128 0.0492355
23 13 64 128 0.0231181
24 13 64 128 0.0111401
32 13 64 128 0.0114745
33 13 64 128 0.0207648
34 13 64 128 0.0264136
35 13 64 128 0.0298792
36 13 64 128 0.0283392
37 13 64 128 0.0300586
38 13 64 128 0.0273689
39 13 64 128 0.0294323
40 13 64 128 0.0259656
41 13 64 128 0.0247228
42 13 64 128 0.0284723
43 13 64 128 0.0243654
44 13 64 128 0.028162
45 13 64 128 0.0329294
46 13 64 128 0.06868
47 13 64 128 0.0907909
48 13 64 128 0.095928
49 13 64 128 0.0821684
50 13 64 128 0.0716561
51 13 64 128 0.0723592
52 13 64 128 0.0732413
53 13 64 128 0.102009
54 13 64 128 0.126297
55 13 64 128 0.129243
56 13 64 128 0.109363
57 13 64 128 0.0751937
58 13 64 128 0.0457775
59 13 64 128 0.0271748
60 13 64 128 0.0247798
61 13 64 128 0.0159529
62 13 64 128 0.017402
63 13 64 128 0.0162668
64 13 64 128 0.0171114
65 13 64 128 0.0148665
66 13 64 128 0.0158744
67 13 64 128 0.0147983
68 13 64 128 0.0115263
6 14 64 128 0.0167809
7 14 64 128 0.0302687
8 14 64 128 0.0409027
9 14 64 128 0.0435086
10 14 64 128 0.0506811
11 14 64 128 0.0657821
12 14 64 128 0.0776734
13 14 64 128 0.0911867
14 14 64 128 0.117578
15 14 64 128 0.17211
16 14 64 128 0.220837
17 14 64 128 0.282258
18 14 64 128 0.305427
19 14 64 128 0.301652
20 14 64 128 0.224183
21 14 64 128 0.12118
22 14 64 128 0.0586145
23 14 64 128 0.0266823
24 14 64 128 0.0114114
33 14 64 128 0.0188622
34 14 64 128 0.0247916
35 14 64 128 0.0300034
36 14 64 128 0.0292326
37 14 64 128 0.0362765
38 14 64 128 0.0304348
39 14 64 128 0.0401294
40 14 64 128 0.0437853
41 14 64 128 0.0430535
42 14 64 128 0.0388426
43 14 64 128 0.0343748
44 14 64 128 0.0323563
45 14 64 128 0.0358674
46 14 64 128 0.0734711
47 14 64 128 0.0987518
48 14 64 128 0.121856
49 14 64 128 0.105988
50 14 64 128 0.088055
51 14 64 128 0.0729372
52 14 64 128 0.0783511
53 14 64 128 0.0972369
54 14 64 128 0.142916
55 14 64 128 0.154427
56 14 64 128 0.12379
57 14 64 128 0.0832358
58 14 64 128 0.0531545
59 14 64 128 0.0346472
60 14 64 128 0.0237704
61 14 64 128 0.0159693
62 14 64 128 0.0156253
63 14 64 128 0.0162064
64 14 64 128 0.014293
65 14 64 128 0.0130898
66 14 64 128 0.0131966
67 14 64 128 0.0119566
6 15 64 128 0.0223486
7 15 64 128 0.039055
8 15 64 128 0.0471666
9 15 64 128 0.0495453
10 15 64 128 0.0578505
11 15 64 128 0.0706398
12 15 64 128 0.0934401
13 15 64 128 0.108499
14 15 64 128 0.153336
15 15 64 128 0.188766
16 15 64 128 0.244122
17 15 64 128 0.27062
18 15 64 128 0.283185
19 15 64 128 0.268082
20 15 64 128 0.203625
21 15 64 128 0.117546
22 15 64 128 0.050938
23 15 64 128 0.0247897
33 15 64 128 0.020716
34 15 64 128 0.0267071
35 15 64 128 0.0309339
36 15 64 128 0.0294812
37 15 64 128 0.036708
38 15 64 128 0.0331499
39 15 64 128 0.0449235
40 15 64 128 0.047208
41 15 64 128 0.0404571
42 15 64 128 0.0370407
43 15 64 128 0.0289779
44 15 64 128 0.0270791
45 15 64 128 0.0295526
46 15 64 128 0.05293
47 15 64 128 0.0769759
48 15 64 128 0.0944552
49 15 64 128 0.0720671
50 15 64 128 0.0598485
51 15 64 128 0.0512689
52 15 64 128 0.055002
53 15 64 128 0.0614586
54 15 64 128 0.0947895
55 15 64 128 0.113642
56 15 64 128 0.113666
57 15 64 128 0.0888055
58 15 64 128 0.0658172
59 15 64 128 0.0376384
60 15 64 128 0.028193
61 15 64 128 0.0168991
62 15 64 128 0.0170841
63 15 64 128 0.014756
64 15 64 128 0.0159259
65 15 64 128 0.0123797
66 15 64 128 0.0114092
6 16 64 128 0.0180553
7 16 64 128 0.0411237
8 16 64 128 0.0534591
9 16 64 128 0.0535959
10 16 64 128 0.0570171
11 16 64 128 0.0718749
12 16 64 128 0.0934486
13 16 64 128 0.117156
14 16 64 128 0.15265
15 16 64 128 0.228214
16 16 64 128 0.257938
17 16 64 128 0.307867
18 16 64 128 0.290153
19 16 64 128 0.259743
20 16 64 128 0.190993
21 16 64 128 0.104184
22 16 64 128 0.0434426
23 16 64 128 0.0200243
33 16 64 128 0.0128878
34 16 64 128 0.0167764
35 16 64 128 0.0234002
36 16 64 128 0.0238447
37 16 64 128 0.0327989
38 16 64 128 0.0292651
39 16 64 128 0.0427384
40 16 64 128 0.0486944
41 16 64 128 0.0450599
42 16 64 128 0.0361109
43 16 64 128 0.0319093
44 16 64 128 0.0259769
45 16 64 128 0.0252566
46 16 64 128 0.0470662
47 16 64 128 0.074894
48 16 64 128 0.0889263
49 16 64 128 0.0719287
50 16 64 128 0.0599697
51 16 64 128 0.0493622
52 16 64 128 0.0513114
53 16 64 128 0.0570057
54 16 64 128 0.102132
55 16 64 128 0.133911
56 16 64 128 0.136067
57 16 64 128 0.111978
58 16 64 128 0.0831641
59 16 64 128 0.0484603
60 16 64 128 0.0336217
61 16 64 128 0.0239983
62 16 64 128 0.0208052
63 16 64 128 0.0197827
64 16 64 128 0.0169981
65 16 64 128 0.0110085
254 16 64 128 0.0129368
255 16 64 128 0.0130029
6 17 64 128 0.017449
7 17 64 128 0.0357292
8 17 64 128 0.0486774
9 17 64 128 0.0457698
10 17 64 128 0.0454627
11 17 64 128 0.0590162
12 17 64 128 0.0871389
13 17 64 128 0.135565
14 17 64 128 0.173563
15 17 64 128 0.225354
16 17 64 128 0.237617
17 17 64 128 0.294712
18 17 64 128 0.281759
19 17 64 128 0.256631
20 17 64 128 0.176735
21 17 64 128 0.107279
22 17 64 128 0.0476009
23 17 64 128 0.0207514
33 17 64 128 0.0105165
34 17 64 128 0.0153489
35 17 64 128 0.0188437
36 17 64 128 0.0219969
37 17 64 128 0.027642
38 17 64 128 0.0288512
39 17 64 128 0.0330698
40 17 64 128 0.0397604
41 17 64 128 0.0355169
42 17 64 128 0.0271553
43 17 64 128 0.0195198
44 17 64 128 0.0176261
45 17 64 128 0.0161238
46 17 64 128 0.0253183
47 17 64 128 0.0420235
48 17 64 128 0.0501318
49 17 64 128 0.042638
50 17 64 128 0.0357416
51 17 64 128 0.0328584
52 17 64 128 0.0338579
53 17 64 128 0.0416749
54 17 64 128 0.0922324
55 17 64 128 0.136439
56 17 64 128 0.139049
57 17 64 128 0.118123
58 17 64 128 0.101469
59 17 64 128 0.0674156
60 17 64 128 0.050593
61 17 64 128 0.0356021
62 17 64 128 0.0370905
63 17 64 128 0.0279471
64 17 64 128 0.02114
65 17 64 128 0.0123738
254 17 64 128 0.0189678
255 17 64 128 0.0221073
6 18 64 128 0.0165602
7 18 64 128 0.0319731
8 18 64 128 0.0426303
9 18 64 128 0.0357554
10 18 64 128 0.0403093
11 18 64 128 0.048857
12 18 64 128 0.0769985
13 18 64 128 0.12502
14 18 64 128 0.1555
15 18 64 128 0.205436
16 18 64 128 0.212822
17 18 64 128 0.282005
18 18 64 128 0.26833
19 18 64 128 0.231719
20 18 64 128 0.148939
21 18 64 128 0.0850544
22 18 64 128 0.0345861
23 18 64 128 0.0144837
34 18 64 128 0.0102345
35 18 64 128 0.0148164
36 18 64 128 0.0172143
37 18 64 128 0.0252098
38 18 64 128 0.0273413
39 18 64 128 0.0363013
40 18 64 128 0.0414764
41 18 64 128 0.0392521
42 18 64 128 0.0282482
43 18 64 128 0.0200085
44 18 64 128 0.0161873
45 18 64 128 0.014144
46 18 64 128 0.0215324
47 18 64 128 0.0336823
48 18 64 128 0.0413336
49 18 64 128 0.0374741
50 18 64 128 0.0322132
51 18 64 128 0.0268527
52 18 64 128 0.0322892
53 18 64 128 0.0415433
54 18 64 128 0.0999042
55 18 64 128 0.145302
56 18 64 128 0.163936
57 18 64 128 0.139453
58 18 64 128 0.13602
59 18 64 128 0.104638
60 18 64 128 0.0811188
61 18 64 128 0.0553609
62 18 64 128 0.0494994
63 18 64 128 0.0343332
64 18 64 128 0.0241193
65 18 64 128 0.0124146
254 18 64 128 0.0141343
255 18 64 128 0.0123667
6 19 64 128 0.0103212
7 19 64 128 0.0174
8 19 64 128 0.0195957
9 19 64 128 0.0200829
10 19 64 128 0.0234232
11 19 64 128 0.0350029
12 19 64 128 0.0526135
13 19 64 128 0.0889806
14 19 64 128 0.120953
15 19 64 128 0.159986
16 19 64 128 0.15926
17 19 64 128 0.199454
18 19 64 128 0.189007
19 19 64 128 0.17334
20 19 64 128 0.0974273
21 19 64 128 0.0492405
22 19 64 128 0.0196525
35 19 64 128 0.0103669
36 19 64 128 0.0135748
37 19 64 128 0.0209981
38 19 64 128 0.0221066
39 19 64 128 0.0294264
40 19 64 128 0.0327462
41 19 64 128 0.0294857
42 19 64 128 0.0190681
43 19 64 128 0.0148363
44 19 64 128 0.010737
46 19 64 128 0.0132833
47 19 64 128 0.0207695
48 19 64 128 0.0248371
49 19 64 128 0.0254565
50 19 64 128 0.0201265
51 19 64 128 0.0188128
52 19 64 128 0.022569
53 19 64 128 0.0325021
54 19 64 128 0.0795005
55 19 64 128 0.118014
56 19 64 128 0.146445
57 19 64 128 0.162343
58 19 64 128 0.170811
59 19 64 128 0.13574
60 19 64 128 0.101326
61 19 64 128 0.075583
62 19 64 128 0.0684641
63 19 64 128 0.0436035
64 19 64 128 0.0282305
65 19 64 128 0.0139308
8 20 64 128 0.0104016
9 20 64 128 0.0107289
10 20 64 128 0.0136818
11 20 64 128 0.0222574
12 20 64 128 0.038452
13 20 64 128 0.068262
14 20 64 128 0.0971225
15 20 64 128 0.126537
16 20 64 128 0.126804
17 20 64 128 0.173274
18 20 64 128 0.153738
19 20 64 128 0.117517
20 20 64 128 0.062497
21 20 64 128 0.0325191
22 20 64 128 0.0130373
37 20 64 128 0.0143369
38 20 64 128 0.0164795
39 20 64 128 0.0256839
40 20 64 128 0.0349086
41 20 64 128 0.0340501
42 20 64 128 0.0226115
43 20 64 128 0.0177659
44 20 64 128 0.0139913
45 20 64 128 0.0114397
46 20 64 128 0.0128889
47 20 64 128 0.0213279
48 20 64 128 0.0248672
49 20 64 128 0.0268481
50 20 64 128 0.021685
51 20 64 128 0.0191706
52 20 64 128 0.0275351
53 20 64 128 0.0369223
54 20 64 128 0.0975041
55 20 64 128 0.14526
56 20 64 128 0.195
57 20 64 128 0.205006
58 20 64 128 0.203
59 20 64 128 0.154029
60 20 64 128 0.121854
61 20 64 128 0.104227
62 20 64 128 0.0879135
63 20 64 128 0.0569193
64 20 64 128 0.0320053
65 20 64 128 0.0128556
11 21 64 128 0.0174951
12 21 64 128 0.0262134
13 21 64 128 0.0478911
14 21 64 128 0.068363
15 21 64 128 0.0877516
16 21 64 128 0.102175
17 21 64 128 0.133866
18 21 64 128 0.128071
19 21 64 128 0.0749234
20 21 64 128 0.0414146
21 21 64 128 0.0198028
38 21 64 128 0.0103246
39 21 64 128 0.0163633
40 21 64 128 0.0241148
41 21 64 128 0.0238202
42 21 64 128 0.0156773
43 21 64 128 0.0127325
47 21 64 128 0.0121417
48 21 64 128 0.0149989
49 21 64 128 0.0169763
50 21 64 128 0.0131373
51 21 64 128 0.0147703
52 21 64 128 0.0196314
53 21 64 128 0.0307783
54 21 64 128 0.0827586
55 21 64 128 0.137597
56 21 64 128 0.168333
57 21 64 128 0.195836
58 21 64 128 0.175943
59 21 64 128 0.149442
60 21 64 128 0.115827
61 21 64 128 0.107936
62 21 64 128 0.0918784
63 21 64 128 0.0561898
64 21 64 128 0.030321
65 21 64 128 0.013351
238 21 64 128 0.0100119
239 21 64 128 0.0100179
242 21 64 128 0.0101748
11 22 64 128 0.01453
12 22 64 128 0.0225919
13 22 64 128 0.0381851
14 22 64 128 0.0502882
15 22 64 128 0.0652421
16 22 64 128 0.0758794
17 22 64 128 0.0851235
18 22 64 128 0.082677
19 22 64 128 0.0496898
20 22 64 128 0.0242137
21 22 64 128 0.0101185
39 22 64 128 0.0130992
40 22 64 128 0.0194028
41 22 64 128 0.0223105
42 22 64 128 0.0165759
43 22 64 128 0.0125669
47 22 64 128 0.0108278
48 22 64 128 0.013204
49 22 64 128 0.0145555
50 22 64 128 0.0124633
51 22 64 128 0.0122915
52 22 64 128 0.018737
53 22 64 128 0.0250706
54 22 64 128 0.0714968
55 22 64 128 0.109934
56 22 64 128 0.156063
57 22 64 128 0.171344
58 22 64 128 0.165625
59 22 64 128 0.141175
60 22 64 128 0.130724
61 22 64 128 0.101167
62 22 64 128 0.0856786
63 22 64 128 0.0519549
64 22 64 128 0.0265086
235 22 64 128 0.0104548
237 22 64 128 0.0121669
238 22 64 128 0.0181024
239 22 64 128 0.0291589
240 22 64 128 0.018028
241 22 64 128 0.0160273
242 22 64 128 0.0181572
243 22 64 128 0.0190168
244 22 64 128 0.0126802
245 22 64 128 0.0112188
246 22 64 128 0.0106734
12 23 64 128 0.0153191
13 23 64 128 0.0219916
14 23 64 128 0.0244726
15 23 64 128 0.0343148
16 23 64 128 0.0375991
17 23 64 128 0.0445991
18 23 64 128 0.0386957
19 23 64 128 0.0267752
20 23 64 128 0.0149985
40 23 64 128 0.0121233
41 23 64 128 0.0155373
42 23 64 128 0.0101575
53 23 64 128 0.0157266
54 23 64 128 0.0395446
55 23 64 128 0.064417
56 23 64 128 0.0865335
57 23 64 128 0.10473
58 23 64 128 0.11855
59 23 64 128 0.11643
60 23 64 128 0.105608
61 23 64 128 0.0859613
62 23 64 128 0.0703245
63 23 64 128 0.042684
64 23 64 128 0.0217886
236 23 64 128 0.0135507
237 23 64 128 0.0150006
238 23 64 128 0.0197302
239 23 64 128 0.025612
240 23 64 128 0.0253255
241 23 64 128 0.018259
242 23 64 128 0.023471
243 23 64 128 0.0185948
244 23 64 128 0.0208864
246 23 64 128 0.0129777
12 24 64 128 0.0103153
13 24 64 128 0.0156742
14 24 64 128 0.0160547
15 24 64 128 0.0220364
16 24 64 128 0.025925
17 24 64 128 0.0339364
18 24 64 128 0.0279246
19 24 64 128 0.0209352
20 24 64 128 0.0116102
40 24 64 128 0.0101103
41 24 64 128 0.011938
53 24 64 128 0.0103919
54 24 64 128 0.026195
55 24 64 128 0.0500941
56 24 64 128 0.0714344
57 24 64 128 0.0859129
58 24 64 128 0.109801
59 24 64 128 0.106291
60 24 64 128 0.109459
61 24 64 128 0.0825854
62 24 64 128 0.0672926
63 24 64 128 0.0403282
64 24 64 128 0.0233736
191 24 64 128 0.0119034
192 24 64 128 0.0150915
193 24 64 128 0.0163229
194 24 64 128 0.018395
195 24 64 128 0.0190062
196 24 64 128 0.0171745
235 24 64 128 0.0191999
236 24 64 128 0.024832
237 24 64 128 0.0290799
238 24 64 128 0.035545
239 24 64 128 0.0541622
240 24 64 128 0.0489572
241 24 64 128 0.0407427
242 24 64 128 0.0467777
243 24 64 128 0.0349992
244 24 64 128 0.028467
245 24 64 128 0.0171978
246 24 64 128 0.0150548
15 25 64 128 0.0115657
16 25 64 128 0.0145414
17 25 64 128 0.0182225
18 25 64 128 0.0158905
19 25 64 128 0.0124828
54 25 64 128 0.0125058
55 25 64 128 0.0232974
56 25 64 128 0.0352063
57 25 64 128 0.0516052
58 25 64 128 0.0627423
59 25 64 128 0.0716884
60 25 64 128 0.062911
61 25 64 128 0.0601714
62 25 64 128 0.0494223
63 25 64 128 0.0294342
64 25 64 128 0.0174857
190 25 64 128 0.0189916
191 25 64 128 0.034634
192 25 64 128 0.0413195
193 25 64 128 0.0541953
194 25 64 128 0.0635748
195 25 64 128 0.0613708
196 25 64 128 0.0664155
197 25 64 128 0.0360355
198 25 64 128 0.0326511
199 25 64 128 0.025378
200 25 64 128 0.0216164
201 25 64 128 0.0140047
202 25 64 128 0.0110083
203 25 64 128 0.0100047
207 25 64 128 0.0153157
208 25 64 128 0.0165352
209 25 64 128 0.0170441
210 25 64 128 0.0151587
211 25 64 128 0.0149838
212 25 64 128 0.0130561
213 25 64 128 0.0101772
235 25 64 128 0.0199221
236 25 64 128 0.0286466
237 25 64 128 0.0385106
238 25 64 128 0.0506366
239 25 64 128 0.064303
240 25 64 128 0.0613255
241 25 64 128 0.03917
242 25 64 128 0.0586281
243 25 64 128 0.038713
244 25 64 128 0.0334289
245 25 64 128 0.0139086
246 25 64 128 0.0116031
17 26 64 128 0.0105166
18 26 64 128 0.0111088
55 26 64 128 0.0181111
56 26 64 128 0.0316082
57 26 64 128 0.0436212
58 26 64 128 0.0549506
59 26 64 128 0.0634482
60 26 64 128 0.0674469
61 26 64 128 0.0616823
62 26 64 128 0.0513195
63 26 64 128 0.0271197
64 26 64 128 0.0155442
189 26 64 128 0.0175186
190 26 64 128 0.0350725
191 26 64 128 0.0715864
192 26 64 128 0.10123
193 26 64 128 0.138631
194 26 64 128 0.161637
195 26 64 128 0.185831
196 26 64 128 0.18223
197 26 64 128 0.121996
198 26 64 128 0.106906
199 26 64 128 0.0937894
200 26 64 128 0.0705939
201 26 64 128 0.0536821
202 26 64 128 0.0415414
203 26 64 128 0.0338067
204 26 64 128 0.0262455
205 26 64 128 0.0240971
206 26 64 128 0.0273133
207 26 64 128 0.0355152
208 26 64 128 0.0436053
209 26 64 128 0.0408126
210 26 64 128 0.0339631
211 26 64 128 0.0278838
212 26 64 128 0.0264051
213 26 64 128 0.0204129
214 26 64 128 0.0132912
233 26 64 128 0.0130203
234 26 64 128 0.0167377
235 26 64 128 0.0339697
236 26 64 128 0.0536064
237 26 64 128 0.078109
238 26 64 128 0.0973867
239 26 64 128 0.139791
240 26 64 128 0.104844
241 26 64 128 0.0777553
242 26 64 128 0.073904
243 26 64 128 0.0680349
244 26 64 128 0.0414111
245 26 64 128 0.0219599
246 26 64 128 0.0133715
56 27 64 128 0.0159717
57 27 64 128 0.025472
58 27 64 128 0.0376049
59 27 64 128 0.0485389
60 27 64 128 0.0520621
61 27 64 128 0.044356
62 27 64 128 0.0381813
63 27 64 128 0.0217172
64 27 64 128 0.013065
187 27 64 128 0.0132676
188 27 64 128 0.015942
189 27 64 128 0.0385516
190 27 64 128 0.0673698
191 27 64 128 0.141763
192 27 64 128 0.196212
193 27 64 128 0.295379
194 27 64 128 0.35481
195 27 64 128 0.400169
196 27 64 128 0.409108
197 27 64 128 0.323826
198 27 64 128 0.289759
199 27 64 128 0.244379
200 27 64 128 0.216322
201 27 64 128 0.160214
202 27 64 128 0.137106
203 27 64 128 0.113594
204 27 64 128 0.0887024
205 27 64 128 0.0613612
206 27 64 128 0.0643193
207 27 64 128 0.0779698
208 27 64 128 0.0746575
209 27 64 128 0.0692532
210 27 64 128 0.0493828
211 27 64 128 0.050438
212 27 64 128 0.0469363
213 27 64 128 0.040385
214 27 64 128 0.0257602
215 27 64 128 0.0144343
233 27 64 128 0.0104659
234 27 64 128 0.0129389
235 27 64 128 0.0261239
236 27 64 128 0.0475923
237 27 64 128 0.0781778
238 27 64 128 0.0972008
239 27 64 128 0.107477
240 27 64 128 0.118127
241 27 64 128 0.0883738
242 27 64 128 0.0788701
243 27 64 128 0.0541647
244 27 64 128 0.0375222
245 27 64 128 0.0156655
56 28 64 128 0.0121257
57 28 64 128 0.0185414
58 28 64 128 0.0291012
59 28 64 128 0.0397204
60 28 64 128 0.0450606
61 28 64 128 0.0348309
62 28 64 128 0.0308768
63 28 64 128 0.0168068
64 28 64 128 0.011049
186 28 64 128 0.0148798
187 28 64 128 0.0253657
188 28 64 128 0.028422
189 28 64 128 0.0702215
190 28 64 128 0.107471
191 28 64 128 0.233614
192 28 64 128 0.292587
193 28 64 128 0.448216
194 28 64 128 0.514307
195 28 64 128 0.619672
196 28 64 128 0.636697
197 28 64 128 0.567668
198 28 64 128 0.50684
199 28 64 128 0.480171
200 28 64 128 0.432407
201 28 64 128 0.339943
202 28 64 128 0.284428
203 28 64 128 0.247345
204 28 64 128 0.19735
205 28 64 128 0.124544
206 28 64 128 0.120824
207 28 64 128 0.117469
208 28 64 128 0.110624
209 28 64 128 0.0786182
210 28 64 128 0.0599095
211 28 64 128 0.0575793
212 28 64 128 0.0611433
213 28 64 128 0.0443489
214 28 64 128 0.0314483
215 28 64 128 0.0194039
216 28 64 128 0.0136589
231 28 64 128 0.0111254
232 28 64 128 0.0147125
233 28 64 128 0.0194902
234 28 64 128 0.0261975
235 28 64 128 0.0476749
236 28 64 128 0.0737436
237 28 64 128 0.109029
238 28 64 128 0.137464
239 28 64 128 0.164523
240 28 64 128 0.132653
241 28 64 128 0.083841
242 28 64 128 0.0794259
243 28 64 128 0.0526491
244 28 64 128 0.0335268
245 28 64 128 0.0182561
57 29 64 128 0.0105305
58 29 64 128 0.0156988
59 29 64 128 0.0249499
60 29 64 128 0.0220081
61 29 64 128 0.0179128
62 29 64 128 0.0160137
185 29 64 128 0.0125475
186 29 64 128 0.0244518
187 29 64 128 0.036677
188 29 64 128 0.0553734
189 29 64 128 0.124627
190 29 64 128 0.195002
191 29 64 128 0.315884
192 29 64 128 0.434444
193 29 64 128 0.57467
194 29 64 128 0.648917
195 29 64 128 0.740423
196 29 64 128 0.771914
197 29 64 128 0.752888
198 29 64 128 0.713528
199 29 64 128 0.712875
200 29 64 128 0.696734
201 29 64 128 0.597278
202 29 64 128 0.540532
203 29 64 128 0.466126
204 29 64 128 0.410473
205 29 64 128 0.293671
206 29 64 128 0.240312
207 29 64 128 0.221977
208 29 64 128 0.173254
209 29 64 128 0.118817
210 29 64 128 0.0822275
211 29 64 128 0.0654254
212 29 64 128 0.0633145
213 29 64 128 0.0516886
214 29 64 128 0.0443813
215 29 64 128 0.0279247
216 29 64 128 0.0184206
232 29 64 128 0.0133513
233 29 64 128 0.0159976
234 29 64 128 0.0188678
235 29 64 128 0.0310439
236 29 64 128 0.0628386
237 29 64 128 0.0999475
238 29 64 128 0.135659
239 29 64 128 0.158967
240 29 64 128 0.126055
241 29 64 128 0.0901986
242 29 64 128 0.0841429
243 29 64 128 0.0496088
244 29 64 128 0.0303154
245 29 64 128 0.0139717
58 30 64 128 0.0106662
59 30 64 128 0.0147414
60 30 64 128 0.0144252
61 30 64 128 0.011305
184 30 64 128 0.0116678
185 30 64 128 0.0178319
186 30 64 128 0.0340181
187 30 64 128 0.06074
188 30 64 128 0.09169
189 30 64 128 0.178314
190 30 64 128 0.228619
191 30 64 128 0.371952
192 30 64 128 0.538542
193 30 64 128 0.659809
194 30 64 128 0.719185
195 30 64 128 0.803193
196 30 64 128 0.836638
197 30 64 128 0.829656
198 30 64 128 0.816423
199 30 64 128 0.812015
200 30 64 128 0.786925
201 30 64 128 0.678581
202 30 64 128 0.680741
203 30 64 128 0.588773
204 30 64 128 0.516101
205 30 64 128 0.364259
206 30 64 128 0.30808
207 30 64 128 0.24842
208 30 64 128 0.207891
209 30 64 128 0.151795
210 30 64 128 0.0923817
211 30 64 128 0.0681793
212 30 64 128 0.0726549
213 30 64 128 0.057529
214 30 64 128 0.0564124
215 30 64 128 0.0379245
216 30 64 128 0.0255415
217 30 64 128 0.0103547
231 30 64 128 0.013255
232 30 64 128 0.0172116
233 30 64 128 0.022528
234 30 64 128 0.0276608
235 30 64 128 0.0433976
236 30 64 128 0.0653529
237 30 64 128 0.118093
238 30 64 128 0.147474
239 30 64 128 0.190364
240 30 64 128 0.136686
241 30 64 128 0.0788743
242 30 64 128 0.0714276
243 30 64 128 0.0400876
244 30 64 128 0.0231262
183 31 64 128 0.0112276
184 31 64 128 0.0108338
185 31 64 128 0.0226939
186 31 64 128 0.0419571
187 31 64 128 0.0777503
188 31 64 128 0.111451
189 31 64 128 0.243151
190 31 64 128 0.292457
191 31 64 128 0.481643
192 31 64 128 0.605699
193 31 64 128 0.738028
194 31 64 128 0.760891
195 31 64 128 0.853691
196 31 64 128 0.889054
197 31 64 128 0.892136
198 31 64 128 0.883748
199 31 64 128 0.861754
200 31 64 128 0.850373
201 31 64 128 0.759145
202 31 64 128 0.733927
203 31 64 128 0.656206
204 31 64 128 0.592543
205 31 64 128 0.458984
206 31 64 128 0.382171
207 31 64 128 0.317613
208 31 64 128 0.252489
209 31 64 128 0.172872
210 31 64 128 0.101169
211 31 64 128 0.0781222
212 31 64 128 0.0881432
213 31 64 128 0.0729704
214 31 64 128 0.0728889
215 31 64 128 0.0447119
216 31 64 128 0.0364842
217 31 64 128 0.0152673
234 31 64 128 0.0112355
235 31 64 128 0.0150637
236 31 64 128 0.0262964
237 31 64 128 0.0529307
238 31 64 128 0.0869617
239 31 64 128 0.0762576
240 31 64 128 0.0615976
241 31 64 128 0.0377481
242 31 64 128 0.0313734
243 31 64 128 0.0176045
244 31 64 128 0.010316
184 32 64 128 0.011635
185 32 64 128 0.0239689
186 32 64 128 0.0469052
187 32 64 128 0.0963443
188 32 64 128 0.139989
189 32 64 128 0.290052
190 32 64 128 0.318117
191 32 64 128 0.504829
192 32 64 128 0.583493
193 32 64 128 0.751871
194 32 64 128 0.761581
195 32 64 128 0.842789
196 32 64 128 0.88467
197 32 64 128 0.907921
198 32 64 128 0.872545
199 32 64 128 0.856561
200 32 64 128 0.829895
201 32 64 128 0.763299
202 32 64 128 0.729332
203 32 64 128 0.62754
204 32 64 128 0.514332
205 32 64 128 0.39272
206 32 64 128 0.337282
207 32 64 128 0.276099
208 32 64 128 0.235613
209 32 64 128 0.157719
210 32 64 128 0.0924407
211 32 64 128 0.075369
212 32 64 128 0.0758524
213 32 64 128 0.0707333
214 32 64 128 0.0797836
215 32 64 128 0.0567917
216 32 64 128 0.0499606
217 32 64 128 0.0247365
218 32 64 128 0.017674
219 32 64 128 0.0103919
233 32 64 128 0.0102157
234 32 64 128 0.012827
235 32 64 128 0.0194488
236 32 64 128 0.0296469
237 32 64 128 0.0676117
238 32 64 128 0.126012
239 32 64 128 0.11613
240 32 64 128 0.077608
241 32 64 128 0.03699
242 32 64 128 0.0355444
243 32 64 128 0.0213556
244 32 64 128 0.0124958
184 33 64 128 0.0107563
185 33 64 128 0.0207349
186 33 64 128 0.0443248
187 33 64 128 0.0819165
188 33 64 128 0.126928
189 33 64 128 0.279522
190 33 64 128 0.345887
191 33 64 128 0.520104
192 33 64 128 0.643673
193 33 64 128 0.768133
194 33 64 128 0.772062
195 33 64 128 0.850286
196 33 64 128 0.909308
197 33 64 128 0.913346
198 33 64 128 0.878293
199 33 64 128 0.843944
200 33 64 128 0.827045
201 33 64 128 0.788608
202 33 64 128 0.729757
203 33 64 128 0.608066
204 33 64 128 0.482502
205 33 64 128 0.403661
206 33 64 128 0.292411
207 33 64 128 0.273099
208 33 64 128 0.206984
209 33 64 128 0.140412
210 33 64 128 0.0810816
211 33 64 128 0.0612239
212 33 64 128 0.0545887
213 33 64 128 0.0523039
214 33 64 128 0.0803917
215 33 64 128 0.0579822
216 33 64 128 0.0559567
217 33 64 128 0.0330036
218 33 64 128 0.0272796
219 33 64 128 0.0149347
220 33 64 128 0.0107561
236 33 64 128 0.0142848
237 33 64 128 0.0403573
238 33 64 128 0.0900566
239 33 64 128 0.0870832
240 33 64 128 0.0638261
241 33 64 128 0.0368687
242 33 64 128 0.0342303
243 33 64 128 0.0202315
244 33 64 128 0.0109892
41 34 64 128 0.0114824
42 34 64 128 0.0202746
43 34 64 128 0.016095
44 34 64 128 0.0136127
45 34 64 128 0.0110678
46 34 64 128 0.0125731
47 34 64 128 0.0106688
48 34 64 128 0.010669
184 34 64 128 0.010047
185 34 64 128 0.0165287
186 34 64 128 0.033894
187 34 64 128 0.070246
188 34 64 128 0.124518
189 34 64 128 0.24426
190 34 64 128 0.294858
191 34 64 128 0.461074
192 34 64 128 0.613005
193 34 64 128 0.721299
194 34 64 128 0.734597
195 34 64 128 0.813678
196 34 64 128 0.882818
197 34 64 128 0.889673
198 34 64 128 0.857066
199 34 64 128 0.817145
200 34 64 128 0.750176
201 34 64 128 0.733093
202 34 64 128 0.673182
203 34 64 128 0.533547
204 34 64 128 0.414969
205 34 64 128 0.327016
206 34 64 128 0.263384
207 34 64 128 0.200641
208 34 64 128 0.153738
209 34 64 128 0.106051
210 34 64 128 0.0658546
211 34 64 128 0.0504037
212 34 64 128 0.0541759
213 34 64 128 0.0500366
214 34 64 128 0.076928
215 34 64 128 0.0677416
216 34 64 128 0.0766665
217 34 64 128 0.0703476
218 34 64 128 0.0555126
219 34 64 128 0.031857
220 34 64 128 0.023165
221 34 64 128 0.0129679
236 34 64 128 0.0154186
237 34 64 128 0.0427781
238 34 64 128 0.0938984
239 34 64 128 0.101177
240 34 64 128 0.0692611
241 34 64 128 0.0358965
242 34 64 128 0.0304284
243 34 64 128 0.017235
244 34 64 128 0.0118959
40 35 64 128 0.0118344
41 35 64 128 0.0199479
42 35 64 128 0.0339733
43 35 64 128 0.0393621
44 35 64 128 0.0360663
45 35 64 128 0.0297453
46 35 64 128 0.0289742
47 35 64 128 0.0251433
48 35 64 128 0.0224578
49 35 64 128 0.0160133
50 35 64 128 0.0118491
185 35 64 128 0.0135709
186 35 64 128 0.0271237
187 35 64 128 0.0599388
188 35 64 128 0.107652
189 35 64 128 0.21133
190 35 64 128 0.272025
191 35 64 128 0.445531
192 35 64 128 0.598427
193 35 64 128 0.675595
194 35 64 128 0.702581
195 35 64 128 0.81139
196 35 64 128 0.859271
197 35 64 128 0.872558
198 35 64 128 0.807673
199 35 64 128 0.740622
200 35 64 128 0.700078
201 35 64 128 0.648287
202 35 64 128 0.552033
203 35 64 128 0.408465
204 35 64 128 0.290449
205 35 64 128 0.22438
206 35 64 128 0.194173
207 35 64 128 0.133825
208 35 64 128 0.106519
209 35 64 128 0.0822315
210 35 64 128 0.0506218
211 35 64 128 0.0416724
212 35 64 128 0.0509579
213 35 64 128 0.0495656
214 35 64 128 0.084891
215 35 64 128 0.0884631
216 35 64 128 0.116386
217 35 64 128 0.128609
218 35 64 128 0.138411
219 35 64 128 0.0943964
220 35 64 128 0.063414
221 35 64 128 0.0382211
222 35 64 128 0.0195005
237 35 64 128 0.0203819
238 35 64 128 0.0458169
239 35 64 128 0.0337103
240 35 64 128 0.0298859
241 35 64 128 0.0165574
242 35 64 128 0.0142687
39 36 64 128 0.0104096
40 36 64 128 0.0259634
41 36 64 128 0.0429411
42 36 64 128 0.0787807
43 36 64 128 0.101604
44 36 64 128 0.0933641
45 36 64 128 0.0778871
46 36 64 128 0.0726236
47 36 64 128 0.0605217
48 36 64 128 0.0448947
49 36 64 128 0.0349068
50 36 64 128 0.0222555
185 36 64 128 0.011765
186 36 64 128 0.0210425
187 36 64 128 0.0413723
188 36 64 128 0.0922668
189 36 64 128 0.177291
190 36 64 128 0.234791
191 36 64 128 0.35621
192 36 64 128 0.504649
193 36 64 128 0.579388
194 36 64 128 0.602852
195 36 64 128 0.677485
196 36 64 128 0.763974
197 36 64 128 0.765822
198 36 64 128 0.681344
199 36 64 128 0.598349
200 36 64 128 0.540921
201 36 64 128 0.424142
202 36 64 128 0.328556
203 36 64 128 0.207249
204 36 64 128 0.137161
205 36 64 128 0.0906203
206 36 64 128 0.0800181
207 36 64 128 0.0644717
208 36 64 128 0.0508864
209 36 64 128 0.0465882
210 36 64 128 0.0334574
211 36 64 128 0.0335676
212 36 64 128 0.0400673
213 36 64 128 0.046548
214 36 64 128 0.0782359
215 36 64 128 0.107752
216 36 64 128 0.155287
217 36 64 128 0.191491
218 36 64 128 0.219579
219 36 64 128 0.163073
220 36 64 128 0.132466
221 36 64 128 0.0786728
222 36 64 128 0.0370113
223 36 64 128 0.0130704
236 36 64 128 0.010311
237 36 64 128 0.0259625
238 36 64 128 0.0685878
239 36 64 128 0.0533983
240 36 64 128 0.0463101
241 36 64 128 0.0193385
242 36 64 128 0.0198971
243 36 64 128 0.0134311
244 36 64 128 0.0118925
39 37 64 128 0.0139998
40 37 64 128 0.0310036
41 37 64 128 0.0561907
42 37 64 128 0.114658
43 37 64 128 0.154532
44 37 64 128 0.158077
45 37 64 128 0.121029
46 37 64 128 0.120443
47 37 64 128 0.0860783
48 37 64 128 0.0729738
49 37 64 128 0.0454684
50 37 64 128 0.0281881
51 37 64 128 0.0123343
143 37 64 128 0.0108961
144 37 64 128 0.0136615
145 37 64 128 0.0123309
146 37 64 128 0.0104494
186 37 64 128 0.0133685
187 37 64 128 0.0239646
188 37 64 128 0.0538318
189 37 64 128 0.133593
190 37 64 128 0.169733
191 37 64 128 0.287833
192 37 64 128 0.420216
193 37 64 128 0.530012
194 37 64 128 0.506733
195 37 64 128 0.565379
196 37 64 128 0.667915
197 37 64 128 0.690399
198 37 64 128 0.599816
199 37 64 128 0.46709
200 37 64 128 0.413068
201 37 64 128 0.291324
202 37 64 128 0.23154
203 37 64 128 0.123682
204 37 64 128 0.0727288
205 37 64 128 0.047558
206 37 64 128 0.040259
207 37 64 128 0.037362
208 37 64 128 0.0296534
209 37 64 128 0.0288558
210 37 64 128 0.0200964
211 37 64 128 0.0211201
212 37 64 128 0.0283842
213 37 64 128 0.034614
214 37 64 128 0.0675755
215 37 64 128 0.10976
216 37 64 128 0.199232
217 37 64 128 0.230559
218 37 64 128 0.321713
219 37 64 128 0.25522
220 37 64 128 0.210914
221 37 64 128 0.117072
222 37 64 128 0.0539545
223 37 64 128 0.0189572
237 37 64 128 0.0112389
238 37 64 128 0.0337704
239 37 64 128 0.0301286
240 37 64 128 0.0284068
241 37 64 128 0.0121429
242 37 64 128 0.0145762
243 37 64 128 0.0105018
244 37 64 128 0.0104855
255 37 64 128 0.0134978
39 38 64 128 0.0173905
40 38 64 128 0.0420689
41 38 64 128 0.0760005
42 38 64 128 0.17095
43 38 64 128 0.241891
44 38 64 128 0.219105
45 38 64 128 0.174247
46 38 64 128 0.20161
47 38 64 128 0.143564
48 38 64 128 0.131697
49 38 64 128 0.0894833
50 38 64 128 0.0588451
51 38 64 128 0.0251611
141 38 64 128 0.0111446
142 38 64 128 0.0250236
143 38 64 128 0.0369959
144 38 64 128 0.0590422
145 38 64 128 0.0462008
146 38 64 128 0.0426686
147 38 64 128 0.0200462
148 38 64 128 0.0169421
187 38 64 128 0.0137567
188 38 64 128 0.0362423
189 38 64 128 0.0948139
190 38 64 128 0.137337
191 38 64 128 0.221849
192 38 64 128 0.364464
193 38 64 128 0.411297
194 38 64 128 0.428798
195 38 64 128 0.471621
196 38 64 128 0.549715
197 38 64 128 0.541902
198 38 64 128 0.452198
199 38 64 128 0.309786
200 38 64 128 0.263784
201 38 64 128 0.161704
202 38 64 128 0.110036
203 38 64 128 0.0602608
204 38 64 128 0.0328404
205 38 64 128 0.0207995
206 38 64 128 0.0205493
207 38 64 128 0.0201257
208 38 64 128 0.0163345
209 38 64 128 0.0163716
210 38 64 128 0.0133231
211 38 64 128 0.0150711
212 38 64 128 0.0234567
213 38 64 128 0.0320056
214 38 64 128 0.0630834
215 38 64 128 0.119424
216 38 64 128 0.22474
217 38 64 128 0.277816
218 38 64 128 0.386865
219 38 64 128 0.314526
220 38 64 128 0.247458
221 38 64 128 0.122078
222 38 64 128 0.0602555
223 38 64 128 0.0220601
224 38 64 128 0.0100396
238 38 64 128 0.0282696
239 38 64 128 0.0278949
240 38 64 128 0.0252963
241 38 64 128 0.0133323
242 38 64 128 0.0155207
243 38 64 128 0.0102495
244 38 64 128 0.0103841
255 38 64 128 0.0105789
39 39 64 128 0.0178664
40 39 64 128 0.040246
41 39 64 128 0.0857377
42 39 64 128 0.179426
43 39 64 128 0.286435
44 39 64 128 0.267771
45 39 64 128 0.231
46 39 64 128 0.235441
47 39 64 128 0.186954
48 39 64 128 0.181018
49 39 64 128 0.111562
50 39 64 128 0.0690089
51 39 64 128 0.0367455
52 39 64 128 0.0183227
140 39 64 128 0.0237265
141 39 64 128 0.053792
142 39 64 128 0.102399
143 39 64 128 0.156819
144 39 64 128 0.197943
145 39 64 128 0.14983
146 39 64 128 0.132418
147 39 64 128 0.0677366
148 39 64 128 0.03737
149 39 64 128 0.0118726
188 39 64 128 0.0213657
189 39 64 128 0.0600626
190 39 64 128 0.101439
191 39 64 128 0.209863
192 39 64 128 0.308833
193 39 64 128 0.392419
194 39 64 128 0.419626
195 39 64 128 0.473569
196 39 64 128 0.498394
197 39 64 128 0.502611
198 39 64 128 0.373999
199 39 64 128 0.258221
200 39 64 128 0.179922
201 39 64 128 0.10714
202 39 64 128 0.0624995
203 39 64 128 0.0274942
204 39 64 128 0.0142606
212 39 64 128 0.0123774
213 39 64 128 0.0202472
214 39 64 128 0.0549858
215 39 64 128 0.103192
216 39 64 128 0.234183
217 39 64 128 0.327626
218 39 64 128 0.484245
219 39 64 128 0.407905
220 39 64 128 0.34811
221 39 64 128 0.173574
222 39 64 128 0.0999172
223 39 64 128 0.0282037
224 39 64 128 0.0142397
238 39 64 128 0.012293
239 39 64 128 0.0101171
39 40 64 128 0.0200733
40 40 64 128 0.0467656
41 40 64 128 0.103256
42 40 64 128 0.20559
43 40 64 128 0.313807
44 40 64 128 0.298566
45 40 64 128 0.290884
46 40 64 128 0.284578
47 40 64 128 0.273889
48 40 64 128 0.255143
49 40 64 128 0.195752
50 40 64 128 0.12475
51 40 64 128 0.0649905
52 40 64 128 0.0268018
53 40 64 128 0.0100386
139 40 64 128 0.0179827
140 40 64 128 0.0606846
141 40 64 128 0.121626
142 40 64 128 0.25458
143 40 64 128 0.397346
144 40 64 128 0.442081
145 40 64 128 0.342876
146 40 64 128 0.302818
147 40 64 128 0.142175
148 40 64 128 0.0883581
149 40 64 128 0.0240844
188 40 64 128 0.0148868
189 40 64 128 0.0384782
190 40 64 128 0.0825154
191 40 64 128 0.138116
192 40 64 128 0.243522
193 40 64 128 0.327984
194 40 64 128 0.383646
195 40 64 128 0.378363
196 40 64 128 0.411865
197 40 64 128 0.375045
198 40 64 128 0.236328
199 40 64 128 0.143203
200 40 64 128 0.0897152
201 40 64 128 0.0511317
202 40 64 128 0.027351
203 40 64 128 0.0128944
212 40 64 128 0.0102081
213 40 64 128 0.0157542
214 40 64 128 0.0518497
215 40 64 128 0.098363
216 40 64 128 0.211047
217 40 64 128 0.312705
218 40 64 128 0.488922
219 40 64 128 0.4633
220 40 64 128 0.380644
221 40 64 128 0.186031
222 40 64 128 0.109581
223 40 64 128 0.0349674
224 40 64 128 0.0182637
238 40 64 128 0.0179648
239 40 64 128 0.018279
240 40 64 128 0.0145567
9 41 64 128 0.0106087
22 41 64 128 0.0125216
39 41 64 128 0.0217956
40 41 64 128 0.0432837
41 41 64 128 0.0831008
42 41 64 128 0.18702
43 41 64 128 0.2787
44 41 64 128 0.299794
45 41 64 128 0.25694
46 41 64 128 0.303393
47 41 64 128 0.270344
48 41 64 128 0.277937
49 41 64 128 0.189025
50 41 64 128 0.151545
51 41 64 128 0.0794352
52 41 64 128 0.0374176
53 41 64 128 0.0140099
138 41 64 128 0.0128841
139 41 64 128 0.0491141
140 41 64 128 0.169789
141 41 64 128 0.341788
142 41 64 128 0.550558
143 41 64 128 0.71938
144 41 64 128 0.751837
145 41 64 128 0.656726
146 41 64 128 0.575626
147 41 64 128 0.335517
148 41 64 128 0.19138
149 41 64 128 0.0429843
189 41 64 128 0.024538
190 41 64 128 0.0546098
191 41 64 128 0.119633
192 41 64 128 0.217342
193 41 64 128 0.331287
194 41 64 128 0.356566
195 41 64 128 0.40587
196 41 64 128 0.412059
197 41 64 128 0.345575
198 41 64 128 0.220285
199 41 64 128 0.140515
200 41 64 128 0.0777628
201 41 64 128 0.0379864
202 41 64 128 0.018225
213 41 64 128 0.0127447
214 41 64 128 0.0366975
215 41 64 128 0.0850005
216 41 64 128 0.213153
217 41 64 128 0.327226
218 41 64 128 0.558991
219 41 64 128 0.520986
220 41 64 128 0.465079
221 41 64 128 0.262125
222 41 64 128 0.164473
223 41 64 128 0.0593224
224 41 64 128 0.026372
6 42 64 128 0.0110181
7 42 64 128 0.0125045
8 42 64 128 0.0168765
9 42 64 128 0.0156243
10 42 64 128 0.0123962
22 42 64 128 0.0130641
23 42 64 128 0.0107368
39 42 64 128 0.0171517
40 42 64 128 0.0327576
41 42 64 128 0.0641912
42 42 64 128 0.129708
43 42 64 128 0.220051
44 42 64 128 0.230952
45 42 64 128 0.217608
46 42 64 128 0.276343
47 42 64 128 0.244775
48 42 64 128 0.236473
49 42 64 128 0.200334
50 42 64 128 0.160183
51 42 64 128 0.0874532
52 42 64 128 0.0453157
53 42 64 128 0.0210396
138 42 64 128 0.0235722
139 42 64 128 0.0872877
140 42 64 128 0.3273
141 42 64 128 0.554244
142 42 64 128 0.754121
143 42 64 128 0.863652
144 42 64 128 0.887752
145 42 64 128 0.826
146 42 64 128 0.745343
147 42 64 128 0.511408
148 42 64 128 0.310265
149 42 64 128 0.0733155
150 42 64 128 0.0141048
189 42 64 128 0.0140058
190 42 64 128 0.0403436
191 42 64 128 0.0855507
192 42 64 128 0.191441
193 42 64 128 0.298105
194 42 64 128 0.353856
195 42 64 128 0.374634
196 42 64 128 0.385213
197 42 64 128 0.313607
198 42 64 128 0.212627
199 42 64 128 0.115413
200 42 64 128 0.0572362
201 42 64 128 0.0258274
202 42 64 128 0.013473
213 42 64 128 0.0130731
214 42 64 128 0.0346321
215 42 64 128 0.0704817
216 42 64 128 0.174246
217 42 64 128 0.272754
218 42 64 128 0.510631
219 42 64 128 0.543515
220 42 64 128 0.43033
221 42 64 128 0.273775
222 42 64 128 0.182391
223 42 64 128 0.0700742
224 42 64 128 0.0296317
225 42 64 128 0.0114505
0 43 64 128 0.011239
4 43 64 128 0.010006
5 43 64 128 0.0128367
6 43 64 128 0.0208107
7 43 64 128 0.0266548
8 43 64 128 0.0337232
9 43 64 128 0.0332212
10 43 64 128 0.0215741
11 43 64 128 0.0118827
21 43 64 128 0.0107584
22 43 64 128 0.0152949
23 43 64 128 0.0143894
40 43 64 128 0.0157404
41 43 64 128 0.0366353
42 43 64 128 0.0712228
43 43 64 128 0.140478
44 43 64 128 0.160723
45 43 64 128 0.17415
46 43 64 128 0.200213
47 43 64 128 0.190704
48 43 64 128 0.197144
49 43 64 128 0.142025
50 43 64 128 0.11325
51 43 64 128 0.0718418
52 43 64 128 0.0517376
53 43 64 128 0.0238188
54 43 64 128 0.0110595
138 43 64 128 0.0404209
139 43 64 128 0.157223
140 43 64 128 0.464457
141 43 64 128 0.734776
142 43 64 128 0.875077
143 43 64 128 0.938879
144 43 64 128 0.945794
145 43 64 128 0.928525
146 43 64 128 0.870764
147 43 64 128 0.668722
148 43 64 128 0.41768
149 43 64 128 0.0955297
150 43 64 128 0.0188515
189 43 64 128 0.0121226
190 43 64 128 0.0309185
191 43 64 128 0.0917731
192 43 64 128 0.191584
193 43 64 128 0.315591
194 43 64 128 0.344741
195 43 64 128 0.401175
196 43 64 128 0.382176
197 43 64 128 0.317453
198 43 64 128 0.194314
199 43 64 128 0.114315
200 43 64 128 0.050654
201 43 64 128 0.022017
202 43 64 128 0.0114262
213 43 64 128 0.0118196
214 43 64 128 0.0247429
215 43 64 128 0.0587387
216 43 64 128 0.148258
217 43 64 128 0.266354
218 43 64 128 0.455456
219 43 64 128 0.520178
220 43 64 128 0.500475
221 43 64 128 0.358602
222 43 64 128 0.23886
223 43 64 128 0.105775
224 43 64 128 0.050954
225 43 64 128 0.0182066
0 44 64 128 0.0143487
1 44 64 128 0.0145077
3 44 64 128 0.0124658
4 44 64 128 0.0115695
5 44 64 128 0.0150211
6 44 64 128 0.0249097
7 44 64 128 0.031498
8 44 64 128 0.037308
9 44 64 128 0.0255456
10 44 64 128 0.0190024
21 44 64 128 0.0124772
22 44 64 128 0.017709
23 44 64 128 0.0193808
24 44 64 128 0.0152793
25 44 64 128 0.0124066
40 44 64 128 0.01028
41 44 64 128 0.0213673
42 44 64 128 0.0464577
43 44 64 128 0.0869525
44 44 64 128 0.102616
45 44 64 128 0.115466
46 44 64 128 0.147012
47 44 64 128 0.14909
48 44 64 128 0.14787
49 44 64 128 0.118706
50 44 64 128 0.097025
51 44 64 128 0.0724403
52 44 64 128 0.0417561
53 44 64 128 0.0234205
54 44 64 128 0.0119668
138 44 64 128 0.0443775
139 44 64 128 0.189546
140 44 64 128 0.529191
141 44 64 128 0.76417
142 44 64 128 0.903832
143 44 64 128 0.95527
144 44 64 128 0.965034
145 44 64 128 0.950488
146 44 64 128 0.917299
147 44 64 128 0.737895
148 44 64 128 0.471054
149 44 64 128 0.105435
150 44 64 128 0.0207173
190 44 64 128 0.0292311
191 44 64 128 0.0602365
192 44 64 128 0.156836
193 44 64 128 0.231982
194 44 64 128 0.320163
195 44 64 128 0.319307
196 44 64 128 0.326581
197 44 64 128 0.231907
198 44 64 128 0.161827
199 44 64 128 0.0927239
200 44 64 128 0.0426827
201 44 64 128 0.0178892
202 44 64 128 0.0105546
213 44 64 128 0.0110909
214 44 64 128 0.022556
215 44 64 128 0.0421177
216 44 64 128 0.102276
217 44 64 128 0.159703
218 44 64 128 0.303174
219 44 64 128 0.386322
220 44 64 128 0.394625
221 44 64 128 0.281698
222 44 64 128 0.204311
223 44 64 128 0.0899018
224 44 64 128 0.044081
225 44 64 128 0.016332
0 45 64 128 0.0174033
1 45 64 128 0.0176038
2 45 64 128 0.0144354
3 45 64 128 0.0185838
4 45 64 128 0.0188346
5 45 64 128 0.0253425
6 45 64 128 0.0415254
7 45 64 128 0.0468642
8 45 64 128 0.0483849
9 45 64 128 0.0388938
10 45 64 128 0.023145
11 45 64 128 0.0110982
21 45 64 128 0.017989
22 45 64 128 0.0270112
23 45 64 128 0.0294356
24 45 64 128 0.0192007
25 45 64 128 0.0144221
26 45 64 128 0.0113101
41 45 64 128 0.0125363
42 45 64 128 0.0289553
43 45 64 128 0.0475783
44 45 64 128 0.0792158
45 45 64 128 0.076645
46 45 64 128 0.0966579
47 45 64 128 0.079113
48 45 64 128 0.103026
49 45 64 128 0.069961
50 45 64 128 0.0746257
51 45 64 128 0.0512894
52 45 64 128 0.0408514
53 45 64 128 0.0219188
54 45 64 128 0.0130375
138 45 64 128 0.0700806
139 45 64 128 0.2519
140 45 64 128 0.611167
141 45 64 128 0.786964
142 45 64 128 0.918641
143 45 64 128 0.958577
144 45 64 128 0.971437
145 45 64 128 0.959839
146 45 64 128 0.928854
147 45 64 128 0.772767
148 45 64 128 0.506254
149 45 64 128 0.123488
150 45 64 128 0.0206117
190 45 64 128 0.0259649
191 45 64 128 0.0601556
192 45 64 128 0.146651
193 45 64 128 0.252644
194 45 64 128 0.306052
195 45 64 128 0.319326
196 45 64 128 0.311202
197 45 64 128 0.237711
198 45 64 128 0.174318
199 45 64 128 0.105533
200 45 64 128 0.0505966
201 45 64 128 0.0224258
202 45 64 128 0.0123298
214 45 64 128 0.018098
215 45 64 128 0.0324895
216 45 64 128 0.0615678
217 45 64 128 0.121881
218 45 64 128 0.243157
219 45 64 128 0.333497
220 45 64 128 0.347234
221 45 64 128 0.280874
222 45 64 128 0.222205
223 45 64 128 0.119304
224 45 64 128 0.0606697
225 45 64 128 0.0247948
0 46 64 128 0.0182856
1 46 64 128 0.0217157
2 46 64 128 0.0158326
3 46 64 128 0.0209098
4 46 64 128 0.0235955
5 46 64 128 0.0321165
6 46 64 128 0.0515835
7 46 64 128 0.0531135
8 46 64 128 0.0518139
9 46 64 128 0.0425916
10 46 64 128 0.0244629
11 46 64 128 0.0111397
21 46 64 128 0.0181782
22 46 64 128 0.023263
23 46 64 128 0.0266779
24 46 64 128 0.0168174
25 46 64 128 0.0123889
42 46 64 128 0.018087
43 46 64 128 0.0320917
44 46 64 128 0.0425115
45 46 64 128 0.0448741
46 46 64 128 0.0541613
47 46 64 128 0.052519
48 46 64 128 0.0596232
49 46 64 128 0.0496666
50 46 64 128 0.0459628
51 46 64 128 0.0327916
52 46 64 128 0.0310694
53 46 64 128 0.0213811
54 46 64 128 0.0135084
137 46 64 128 0.01051
138 46 64 128 0.073201
139 46 64 128 0.273178
140 46 64 128 0.618054
141 46 64 128 0.751309
142 46 64 128 0.900869
143 46 64 128 0.94609
144 46 64 128 0.966938
145 46 64 128 0.949129
146 46 64 128 0.910437
147 46 64 128 0.727496
148 46 64 128 0.465462
149 46 64 128 0.105297
150 46 64 128 0.0176168
190 46 64 128 0.0258854
191 46 64 128 0.0536076
192 46 64 128 0.122701
193 46 64 128 0.218582
194 46 64 128 0.314773
195 46 64 128 0.313941
196 46 64 128 0.323264
197 46 64 128 0.273122
198 46 64 128 0.195161
199 46 64 128 0.118651
200 46 64 128 0.0600015
201 46 64 128 0.0312774
202 46 64 128 0.0177127
203 46 64 128 0.0142055
214 46 64 128 0.0125725
215 46 64 128 0.0220206
216 46 64 128 0.0323766
217 46 64 128 0.0618233
218 46 64 128 0.122234
219 46 64 128 0.194595
220 46 64 128 0.200847
221 46 64 128 0.204114
222 46 64 128 0.17699
223 46 64 128 0.102098
224 46 64 128 0.058822
225 46 64 128 0.03108
226 46 64 128 0.0123204
0 47 64 128 0.0188941
1 47 64 128 0.0200438
2 47 64 128 0.0184963
3 47 64 128 0.0222681
4 47 64 128 0.0285904
5 47 64 128 0.0374184
6 47 64 128 0.0545917
7 47 64 128 0.0698649
8 47 64 128 0.0680212
9 47 64 128 0.0545878
10 47 64 128 0.0267138
11 47 64 128 0.0119582
21 47 64 128 0.0141218
22 47 64 128 0.0172763
23 47 64 128 0.0192887
24 47 64 128 0.0126033
42 47 64 128 0.0100407
43 47 64 128 0.0175378
44 47 64 128 0.0248405
45 47 64 128 0.0271102
46 47 64 128 0.031781
47 47 64 128 0.0355224
48 47 64 128 0.0443582
49 47 64 128 0.0357406
50 47 64 128 0.0334897
51 47 64 128 0.0285653
52 47 64 128 0.0290468
53 47 64 128 0.0200145
54 47 64 128 0.0141377
137 47 64 128 0.0152532
138 47 64 128 0.0964422
139 47 64 128 0.332227
140 47 64 128 0.650016
141 47 64 128 0.808286
142 47 64 128 0.900415
143 47 64 128 0.946197
144 47 64 128 0.962872
145 47 64 128 0.948629
146 47 64 128 0.892834
147 47 64 128 0.685234
148 47 64 128 0.382946
149 47 64 128 0.0895312
150 47 64 128 0.0137957
189 47 64 128 0.0105038
190 47 64 128 0.0253025
191 47 64 128 0.0645541
192 47 64 128 0.133004
193 47 64 128 0.262936
194 47 64 128 0.348274
195 47 64 128 0.385403
196 47 64 128 0.367926
197 47 64 128 0.360046
198 47 64 128 0.259214
199 47 64 128 0.18185
200 47 64 128 0.0854783
201 47 64 128 0.0482998
202 47 64 128 0.0264418
203 47 64 128 0.0219493
204 47 64 128 0.0131991
215 47 64 128 0.0125429
216 47 64 128 0.0170946
217 47 64 128 0.0289063
218 47 64 128 0.0556642
219 47 64 128 0.0984417
220 47 64 128 0.114921
221 47 64 128 0.142249
222 47 64 128 0.139312
223 47 64 128 0.0962282
224 47 64 128 0.0682859
225 47 64 128 0.0383134
226 47 64 128 0.0135194
0 48 64 128 0.0111704
1 48 64 128 0.0142646
2 48 64 128 0.011674
3 48 64 128 0.0181452
4 48 64 128 0.0210436
5 48 64 128 0.0265589
6 48 64 128 0.0444121
7 48 64 128 0.0493559
8 48 64 128 0.0498957
9 48 64 128 0.0276307
10 48 64 128 0.0188444
21 48 64 128 0.0119652
22 48 64 128 0.0140445
23 48 64 128 0.0152324
24 48 64 128 0.0112154
43 48 64 128 0.0140595
44 48 64 128 0.020414
45 48 64 128 0.0197488
46 48 64 128 0.0256772
47 48 64 128 0.0270847
48 48 64 128 0.0314676
49 48 64 128 0.0260499
50 48 64 128 0.0269569
51 48 64 128 0.0235063
52 48 64 128 0.0194112
53 48 64 128 0.0160983
54 48 64 128 0.0113544
137 48 64 128 0.0150611
138 48 64 128 0.0983629
139 48 64 128 0.28692
140 48 64 128 0.62042
141 48 64 128 0.732787
142 48 64 128 0.88786
143 48 64 128 0.917852
144 48 64 128 0.943973
145 48 64 128 0.911509
146 48 64 128 0.851668
147 48 64 128 0.544512
148 48 64 128 0.284404
149 48 64 128 0.0580381
190 48 64 128 0.0260856
191 48 64 128 0.0488271
192 48 64 128 0.110719
193 48 64 128 0.214857
194 48 64 128 0.301379
195 48 64 128 0.306786
196 48 64 128 0.353507
197 48 64 128 0.310604
198 48 64 128 0.260802
199 48 64 128 0.174656
200 48 64 128 0.0963196
201 48 64 128 0.0546033
202 48 64 128 0.0372441
203 48 64 128 0.0277795
204 48 64 128 0.0186988
205 48 64 128 0.0105659
216 48 64 128 0.0117103
217 48 64 128 0.0138345
218 48 64 128 0.0243574
219 48 64 128 0.0425208
220 48 64 128 0.0589281
221 48 64 128 0.0816116
222 48 64 128 0.0906969
223 48 64 128 0.0718124
224 48 64 128 0.0520463
225 48 64 128 0.0373337
226 48 64 128 0.0165861
0 49 64 128 0.0114495
1 49 64 128 0.0154866
2 49 64 128 0.0144401
3 49 64 128 0.021496
4 49 64 128 0.0297778
5 49 64 128 0.0331529
6 49 64 128 0.0516184
7 49 64 128 0.0559174
8 49 64 128 0.0549847
9 49 64 128 0.030713
10 49 64 128 0.0162103
21 49 64 128 0.0109474
22 49 64 128 0.0124694
23 49 64 128 0.0129215
44 49 64 128 0.0143632
45 49 64 128 0.0145518
46 49 64 128 0.0173827
47 49 64 128 0.0177214
48 49 64 128 0.0211399
49 49 64 128 0.0176315
50 49 64 128 0.0177003
51 49 64 128 0.0149397
52 49 64 128 0.0156644
53 49 64 128 0.0126269
137 49 64 128 0.0230826
138 49 64 128 0.12862
139 49 64 128 0.360245
140 49 64 128 0.666536
141 49 64 128 0.775967
142 49 64 128 0.881161
143 49 64 128 0.919661
144 49 64 128 0.929181
145 49 64 128 0.878991
146 49 64 128 0.753549
147 49 64 128 0.456479
148 49 64 128 0.208097
149 49 64 128 0.0444459
189 49 64 128 0.0107003
190 49 64 128 0.0227903
191 49 64 128 0.052225
192 49 64 128 0.120112
193 49 64 128 0.20428
194 49 64 128 0.292752
195 49 64 128 0.337795
196 49 64 128 0.357019
197 49 64 128 0.332336
198 49 64 128 0.269757
199 49 64 128 0.213091
200 49 64 128 0.126971
201 49 64 128 0.0681077
202 49 64 128 0.0419698
203 49 64 128 0.0299646
204 49 64 128 0.0193036
205 49 64 128 0.0111273
217 49 64 128 0.0110751
218 49 64 128 0.0182264
219 49 64 128 0.0283158
220 49 64 128 0.0401339
221 49 64 128 0.0578248
222 49 64 128 0.0739608
223 49 64 128 0.068262
224 49 64 128 0.0556932
225 49 64 128 0.0449785
226 49 64 128 0.0192456
1 50 64 128 0.0165143
2 50 64 128 0.0142902
3 50 64 128 0.0254658
4 50 64 128 0.0258037
5 50 64 128 0.0296205
6 50 64 128 0.0402555
7 50 64 128 0.0371684
8 50 64 128 0.0366374
9 50 64 128 0.0206136
10 50 64 128 0.0122813
22 50 64 128 0.012272
23 50 64 128 0.0115985
46 50 64 128 0.0111604
47 50 64 128 0.0106
48 50 64 128 0.013959
50 50 64 128 0.010144
137 50 64 128 0.0265475
138 50 64 128 0.143796
139 50 64 128 0.368964
140 50 64 128 0.669476
141 50 64 128 0.738063
142 50 64 128 0.865831
143 50 64 128 0.890804
144 50 64 128 0.908039
145 50 64 128 0.809926
146 50 64 128 0.669107
147 50 64 128 0.345496
148 50 64 128 0.168082
149 50 64 128 0.0375323
190 50 64 128 0.0191204
191 50 64 128 0.0392918
192 50 64 128 0.0897066
193 50 64 128 0.161967
194 50 64 128 0.240895
195 50 64 128 0.235523
196 50 64 128 0.292191
197 50 64 128 0.251635
198 50 64 128 0.209046
199 50 64 128 0.175349
200 50 64 128 0.122699
201 50 64 128 0.0716395
202 50 64 128 0.0423199
203 50 64 128 0.0340899
204 50 64 128 0.0208045
205 50 64 128 0.0119962
219 50 64 128 0.0150748
220 50 64 128 0.0205686
221 50 64 128 0.0299838
222 50 64 128 0.0397083
223 50 64 128 0.0451607
224 50 64 128 0.0428213
225 50 64 128 0.0417329
226 50 64 128 0.0190901
0 51 64 128 0.012121
1 51 64 128 0.0200506
2 51 64 128 0.0236719
3 51 64 128 0.0338291
4 51 64 128 0.042492
5 51 64 128 0.0455823
6 51 64 128 0.0447142
7 51 64 128 0.0414057
8 51 64 128 0.0336396
9 51 64 128 0.026071
10 51 64 128 0.0117257
21 51 64 128 0.0104404
22 51 64 128 0.0130944
137 51 64 128 0.0414203
138 51 64 128 0.201968
139 51 64 128 0.433825
140 51 64 128 0.694321
141 51 64 128 0.797933
142 51 64 128 0.880939
143 51 64 128 0.904876
144 51 64 128 0.899745
145 51 64 128 0.822438
146 51 64 128 0.642178
147 51 64 128 0.337226
148 51 64 128 0.152463
149 51 64 128 0.0432661
190 51 64 128 0.0170529
191 51 64 128 0.0383168
192 51 64 128 0.0770967
193 51 64 128 0.142632
194 51 64 128 0.193
195 51 64 128 0.202244
196 51 64 128 0.242677
197 51 64 128 0.218844
198 51 64 128 0.19826
199 51 64 128 0.151924
200 51 64 128 0.111839
201 51 64 128 0.06403
202 51 64 128 0.0420624
203 51 64 128 0.0296174
204 51 64 128 0.0197099
205 51 64 128 0.010826
220 51 64 128 0.0138558
221 51 64 128 0.0230331
222 51 64 128 0.0314685
223 51 64 128 0.0419589
224 51 64 128 0.0423718
225 51 64 128 0.0396997
226 51 64 128 0.0157003
1 52 64 128 0.016512
2 52 64 128 0.0174695
3 52 64 128 0.0273604
4 52 64 128 0.0330596
5 52 64 128 0.0330676
6 52 64 128 0.0364462
7 52 64 128 0.0317619
8 52 64 128 0.0226474
9 52 64 128 0.0118332
21 52 64 128 0.0104618
22 52 64 128 0.0118441
23 52 64 128 0.0106471
136 52 64 128 0.0104878
137 52 64 128 0.0420208
138 52 64 128 0.211926
139 52 64 128 0.426225
140 52 64 128 0.684834
141 52 64 128 0.758055
142 52 64 128 0.860159
143 52 64 128 0.859512
144 52 64 128 0.880166
145 52 64 128 0.752872
146 52 64 128 0.585406
147 52 64 128 0.274032
148 52 64 128 0.164487
149 52 64 128 0.0427061
190 52 64 128 0.0129824
191 52 64 128 0.0233073
192 52 64 128 0.0528408
193 52 64 128 0.0894341
194 52 64 128 0.128552
195 52 64 128 0.149199
196 52 64 128 0.168242
197 52 64 128 0.141594
198 52 64 128 0.139686
199 52 64 128 0.0995408
200 52 64 128 0.0720557
201 52 64 128 0.0443602
202 52 64 128 0.0298284
203 52 64 128 0.0204002
204 52 64 128 0.0127323
221 52 64 128 0.0124913
222 52 64 128 0.0205836
223 52 64 128 0.0257696
224 52 64 128 0.0260422
225 52 64 128 0.0229651
226 52 64 128 0.0125487
0 53 64 128 0.0140351
1 53 64 128 0.0253623
2 53 64 128 0.025104
3 53 64 128 0.0401038
4 53 64 128 0.0512375
5 53 64 128 0.0445133
6 53 64 128 0.0456182
7 53 64 128 0.0351119
8 53 64 128 0.0220888
9 53 64 128 0.0108639
21 53 64 128 0.0142832
22 53 64 128 0.0157642
23 53 64 128 0.0123973
136 53 64 128 0.0121614
137 53 64 128 0.0474145
138 53 64 128 0.231999
139 53 64 128 0.456348
140 53 64 128 0.664687
141 53 64 128 0.741322
142 53 64 128 0.827362
143 53 64 128 0.843891
144 53 64 128 0.823864
145 53 64 128 0.693634
146 53 64 128 0.503173
147 53 64 128 0.254113
148 53 64 128 0.134187
149 53 64 128 0.0403626
150 53 64 128 0.01069
191 53 64 128 0.017693
192 53 64 128 0.0389503
193 53 64 128 0.0667439
194 53 64 128 0.0908025
195 53 64 128 0.101577
196 53 64 128 0.0968971
197 53 64 128 0.088053
198 53 64 128 0.0874941
199 53 64 128 0.0581549
200 53 64 128 0.0456771
201 53 64 128 0.0305787
202 53 64 128 0.0216325
203 53 64 128 0.0139703
222 53 64 128 0.0137552
223 53 64 128 0.0177181
224 53 64 128 0.0169971
225 53 64 128 0.0127751
1 54 64 128 0.0174283
2 54 64 128 0.0222026
3 54 64 128 0.0366258
4 54 64 128 0.0387033
5 54 64 128 0.0358439
6 54 64 128 0.034979
7 54 64 128 0.0231427
8 54 64 128 0.012804
21 54 64 128 0.0100504
22 54 64 128 0.0111204
136 54 64 128 0.0124202
137 54 64 128 0.0402275
138 54 64 128 0.182106
139 54 64 128 0.370985
140 54 64 128 0.606476
141 54 64 128 0.683528
142 54 64 128 0.790692
143 54 64 128 0.740089
144 54 64 128 0.755523
145 54 64 128 0.572667
146 54 64 128 0.424073
147 54 64 128 0.191228
148 54 64 128 0.115889
149 54 64 128 0.0369986
150 54 64 128 0.0131439
192 54 64 128 0.0187942
193 54 64 128 0.0327861
194 54 64 128 0.0513909
195 54 64 128 0.0482032
196 54 64 128 0.0504755
197 54 64 128 0.0506989
198 54 64 128 0.0459022
199 54 64 128 0.0321631
200 54 64 128 0.0241095
201 54 64 128 0.0166373
202 54 64 128 0.0133867
1 55 64 128 0.0188404
2 55 64 128 0.0257988
3 55 64 128 0.0376374
4 55 64 128 0.0396182
5 55 64 128 0.0387086
6 55 64 128 0.0279587
7 55 64 128 0.0178527
22 55 64 128 0.0109652
136 55 64 128 0.0126291
137 55 64 128 0.0473299
138 55 64 128 0.180999
139 55 64 128 0.400986
140 55 64 128 0.583403
141 55 64 128 0.706422
142 55 64 128 0.736549
143 55 64 128 0.75389
144 55 64 128 0.715833
145 55 64 128 0.572535
146 55 64 128 0.392894
147 55 64 128 0.196975
148 55 64 128 0.107319
149 55 64 128 0.0448434
150 55 64 128 0.0161264
193 55 64 128 0.0167651
194 55 64 128 0.0231258
195 55 64 128 0.0240076
196 55 64 128 0.0258116
197 55 64 128 0.0288919
198 55 64 128 0.0240111
199 55 64 128 0.0170892
200 55 64 128 0.014308
201 55 64 128 0.0110186
1 56 64 128 0.0110784
2 56 64 128 0.0159981
3 56 64 128 0.0195738
4 56 64 128 0.0202537
5 56 64 128 0.0184249
6 56 64 128 0.0144486
136 56 64 128 0.0111382
137 56 64 128 0.0345898
138 56 64 128 0.135529
139 56 64 128 0.283858
140 56 64 128 0.536149
141 56 64 128 0.618402
142 56 64 128 0.694474
143 56 64 128 0.66856
144 56 64 128 0.67739
145 56 64 128 0.466809
146 56 64 128 0.368652
147 56 64 128 0.176174
148 56 64 128 0.132432
149 56 64 128 0.0513547
150 56 64 128 0.0245932
194 56 64 128 0.0112032
195 56 64 128 0.0119171
196 56 64 128 0.0114961
197 56 64 128 0.0128162
198 56 64 128 0.0134264
2 57 64 128 0.0117414
3 57 64 128 0.0145399
4 57 64 128 0.0150227
5 57 64 128 0.0113002
137 57 64 128 0.0320077
138 57 64 128 0.11586
139 57 64 128 0.279353
140 57 64 128 0.432972
141 57 64 128 0.572281
142 57 64 128 0.635962
143 57 64 128 0.646578
144 57 64 128 0.595967
145 57 64 128 0.4817
146 57 64 128 0.329168
147 57 64 128 0.194823
148 57 64 128 0.129079
149 57 64 128 0.0665679
150 57 64 128 0.0291377
151 57 64 128 0.0141187
137 58 64 128 0.0267354
138 58 64 128 0.0907496
139 58 64 128 0.219898
140 58 64 128 0.380666
141 58 64 128 0.505044
142 58 64 128 0.592071
143 58 64 128 0.584421
144 58 64 128 0.580971
145 58 64 128 0.474792
146 58 64 128 0.36352
147 58 64 128 0.199664
148 58 64 128 0.164959
149 58 64 128 0.0847643
150 58 64 128 0.0468066
151 58 64 128 0.0246148
152 58 64 128 0.0126122
137 59 64 128 0.021883
138 59 64 128 0.0660102
139 59 64 128 0.183489
140 59 64 128 0.303693
141 59 64 128 0.467596
142 59 64 128 0.50115
143 59 64 128 0.564466
144 59 64 128 0.49341
145 59 64 128 0.465826
146 59 64 128 0.357325
147 59 64 128 0.234189
148 59 64 128 0.192371
149 59 64 128 0.140623
150 59 64 128 0.0768093
151 59 64 128 0.0517044
152 59 64 128 0.0251404
153 59 64 128 0.0112921
163 59 64 128 0.0112365
164 59 64 128 0.0126505
165 59 64 128 0.0123311
137 60 64 128 0.0198292
138 60 64 128 0.0505746
139 60 64 128 0.134069
140 60 64 128 0.283662
141 60 64 128 0.38466
142 60 64 128 0.457743
143 60 64 128 0.487384
144 60 64 128 0.506034
145 60 64 128 0.472123
146 60 64 128 0.392402
147 60 64 128 0.263985
148 60 64 128 0.264747
149 60 64 128 0.174805
150 60 64 128 0.134643
151 60 64 128 0.0817759
152 60 64 128 0.0507782
153 60 64 128 0.0230753
154 60 64 128 0.0156684
155 60 64 128 0.0112731
156 60 64 128 0.0140989
157 60 64 128 0.017649
158 60 64 128 0.0183317
159 60 64 128 0.021573
160 60 64 128 0.0203011
161 60 64 128 0.0209236
162 60 64 128 0.0236969
163 60 64 128 0.0258892
164 60 64 128 0.0285111
165 60 64 128 0.0230318
166 60 64 128 0.0143315
137 61 64 128 0.0144935
138 61 64 128 0.0326399
139 61 64 128 0.0880797
140 61 64 128 0.187765
141 61 64 128 0.307768
142 61 64 128 0.352749
143 61 64 128 0.413296
144 61 64 128 0.409877
145 61 64 128 0.459843
146 61 64 128 0.363517
147 61 64 128 0.336263
148 61 64 128 0.306554
149 61 64 128 0.252305
150 61 64 128 0.176974
151 61 64 128 0.132141
152 61 64 128 0.0764012
153 61 64 128 0.041199
154 61 64 128 0.0242138
155 61 64 128 0.0196927
156 61 64 128 0.0219677
157 61 64 128 0.0271931
158 61 64 128 0.0283175
159 61 64 128 0.0283452
160 61 64 128 0.0242579
161 61 64 128 0.024702
162 61 64 128 0.02692
163 61 64 128 0.027971
164 61 64 128 0.0282276
165 61 64 128 0.0254974
166 61 64 128 0.0150567
121 62 64 128 0.0115941
122 62 64 128 0.0152476
123 62 64 128 0.015045
124 62 64 128 0.0118492
125 62 64 128 0.0112406
137 62 64 128 0.0126047
138 62 64 128 0.0254966
139 62 64 128 0.0704512
140 62 64 128 0.151434
141 62 64 128 0.258604
142 62 64 128 0.303141
143 62 64 128 0.345316
144 62 64 128 0.375598
145 62 64 128 0.415272
146 62 64 128 0.383656
147 62 64 128 0.339243
148 62 64 128 0.354605
149 62 64 128 0.281171
150 62 64 128 0.21383
151 62 64 128 0.147104
152 62 64 128 0.100257
153 62 64 128 0.0501396
154 62 64 128 0.0402452
155 62 64 128 0.0345222
156 62 64 128 0.0333617
157 62 64 128 0.0367828
158 62 64 128 0.0349206
159 62 64 128 0.0326443
160 62 64 128 0.0293096
161 62 64 128 0.0303228
162 62 64 128 0.0309687
163 62 64 128 0.0359004
164 62 64 128 0.0332339
165 62 64 128 0.0300714
166 62 64 128 0.0187951
120 63 64 128 0.0139069
121 63 64 128 0.0212063
122 63 64 128 0.0235595
123 63 64 128 0.0248974
124 63 64 128 0.0187515
125 63 64 128 0.0169391
126 63 64 128 0.0137991
127 63 64 128 0.0124598
137 63 64 128 0.0103398
138 63 64 128 0.01865
139 63 64 128 0.0577835
140 63 64 128 0.118453
141 63 64 128 0.222854
142 63 64 128 0.252045
143 63 64 128 0.31802
144 63 64 128 0.345039
145 63 64 128 0.401721
146 63 64 128 0.368258
147 63 64 128 0.343885
148 63 64 128 0.37572
149 63 64 128 0.349658
150 63 64 128 0.246979
151 63 64 128 0.173851
152 63 64 128 0.103738
153 63 64 128 0.0711881
154 63 64 128 0.0486724
155 63 64 128 0.0366094
156 63 64 128 0.033265
157 63 64 128 0.0357613
158 63 64 128 0.0341883
159 63 64 128 0.031504
160 63 64 128 0.0273387
161 63 64 128 0.0275062
162 63 64 128 0.0266326
163 63 64 128 0.0279405
164 63 64 128 0.0283026
165 63 64 128 0.0251171
166 63 64 128 0.0161885
120 64 64 128 0.0144079
121 64 64 128 0.0237651
122 64 64 128 0.0293515
123 64 64 128 0.0290134
124 64 64 128 0.024239
125 64 64 128 0.0220514
126 64 64 128 0.0173859
127 64 64 128 0.0152036
137 64 64 128 0.010891
138 64 64 128 0.0190075
139 64 64 128 0.0490253
140 64 64 128 0.0949338
141 64 64 128 0.187147
142 64 64 128 0.211491
143 64 64 128 0.262939
144 64 64 128 0.291584
145 64 64 128 0.334899
146 64 64 128 0.306422
147 64 64 128 0.287293
148 64 64 128 0.342955
149 64 64 128 0.278385
150 64 64 128 0.211234
151 64 64 128 0.140987
152 64 64 128 0.105786
153 64 64 128 0.0798386
154 64 64 128 0.0631157
155 64 64 128 0.0487723
156 64 64 128 0.0510172
157 64 64 128 0.0482105
158 64 64 128 0.0434692
159 64 64 128 0.0383151
160 64 64 128 0.0320836
161 64 64 128 0.0291746
162 64 64 128 0.02459
163 64 64 128 0.0254101
164 64 64 128 0.0283599
165 64 64 128 0.0270064
166 64 64 128 0.0158915
118 65 64 128 0.0109899
119 65 64 128 0.018356
120 65 64 128 0.0242946
121 65 64 128 0.0474198
122 65 64 128 0.0511454
123 65 64 128 0.0559114
124 65 64 128 0.0429157
125 65 64 128 0.0370792
126 65 64 128 0.0303162
127 65 64 128 0.0230639
128 65 64 128 0.0115432
138 65 64 128 0.0134812
139 65 64 128 0.0371552
140 65 64 128 0.0690696
141 65 64 128 0.114697
142 65 64 128 0.126884
143 65 64 128 0.178242
144 65 64 128 0.165312
145 65 64 128 0.20504
146 65 64 128 0.174243
147 65 64 128 0.197229
148 65 64 128 0.207658
149 65 64 128 0.212122
150 65 64 128 0.139337
151 65 64 128 0.107984
152 65 64 128 0.0643139
153 65 64 128 0.0607501
154 65 64 128 0.0414976
155 65 64 128 0.039299
156 65 64 128 0.0336021
157 65 64 128 0.0364478
158 65 64 128 0.0262282
159 65 64 128 0.0204884
160 65 64 128 0.0171439
161 65 64 128 0.017006
162 65 64 128 0.01688
163 65 64 128 0.0141965
164 65 64 128 0.0158045
165 65 64 128 0.0136079
117 66 64 128 0.0116418
118 66 64 128 0.0143834
119 66 64 128 0.0183819
120 66 64 128 0.0305403
121 66 64 128 0.053347
122 66 64 128 0.0580746
123 66 64 128 0.0618453
124 66 64 128 0.0476553
125 66 64 128 0.0396142
126 66 64 128 0.0287619
127 66 64 128 0.022069
128 66 64 128 0.0109664
138 66 64 128 0.0105316
139 66 64 128 0.0238665
140 66 64 128 0.0418579
141 66 64 128 0.0785376
142 66 64 128 0.0792813
143 66 64 128 0.0851407
144 66 64 128 0.0782774
145 66 64 128 0.103334
146 66 64 128 0.0883724
147 66 64 128 0.0868467
148 66 64 128 0.104404
149 66 64 128 0.11234
150 66 64 128 0.0848017
151 66 64 128 0.0598572
152 66 64 128 0.0419558
153 66 64 128 0.0332666
154 66 64 128 0.0313695
155 66 64 128 0.0268922
156 66 64 128 0.0265659
157 66 64 128 0.0233956
158 66 64 128 0.0184951
159 66 64 128 0.0152488
160 66 64 128 0.0103376
161 66 64 128 0.0108322
164 66 64 128 0.0108848
165 66 64 128 0.010014
117 67 64 128 0.0129863
118 67 64 128 0.0172174
119 67 64 128 0.0260554
120 67 64 128 0.0387022
121 67 64 128 0.0611655
122 67 64 128 0.0684447
123 67 64 128 0.0740477
124 67 64 128 0.0542003
125 67 64 128 0.0390802
126 67 64 128 0.028682
127 67 64 128 0.0222391
128 67 64 128 0.0101142
139 67 64 128 0.0145765
140 67 64 128 0.0212373
141 67 64 128 0.0410086
142 67 64 128 0.0383399
143 67 64 128 0.04726
144 67 64 128 0.0345724
145 67 64 128 0.0452813
146 67 64 128 0.0360427
147 67 64 128 0.0360644
148 67 64 128 0.039914
149 67 64 128 0.0499314
150 67 64 128 0.0343221
151 67 64 128 0.0273141
152 67 64 128 0.0153587
153 67 64 128 0.0149223
154 67 64 128 0.0131454
155 67 64 128 0.0114375
157 67 64 128 0.0102055
117 68 64 128 0.01143
118 68 64 128 0.0133651
119 68 64 128 0.0190894
120 68 64 128 0.0235704
121 68 64 128 0.0414993
122 68 64 128 0.0424406
123 68 64 128 0.044488
124 68 64 128 0.0326516
125 68 64 128 0.0243533
126 68 64 128 0.0148497
127 68 64 128 0.0104335
140 68 64 128 0.0144082
141 68 64 128 0.030165
142 68 64 128 0.0265084
143 68 64 128 0.0276255
144 68 64 128 0.0174724
145 68 64 128 0.021564
146 68 64 128 0.0162345
147 68 64 128 0.0155599
148 68 64 128 0.0162424
149 68 64 128 0.0187232
150 68 64 128 0.0124793
118 69 64 128 0.0103016
119 69 64 128 0.0143814
120 69 64 128 0.0178346
121 69 64 128 0.0274176
122 69 64 128 0.023803
123 69 64 128 0.0245955
124 69 64 128 0.0165153
125 69 64 128 0.0109812
140 69 64 128 0.0101214
141 69 64 128 0.0154001
142 69 64 128 0.0143098
143 69 64 128 0.0144523
141 70 64 128 0.0116722
230 73 64 128 0.0118304
231 73 64 128 0.0122664
232 73 64 128 0.0108828
227 74 64 128 0.0113821
228 74 64 128 0.0140654
229 74 64 128 0.0130833
230 74 64 128 0.0178548
231 74 64 128 0.022405
232 74 64 128 0.0198415
233 74 64 128 0.0151321
228 75 64 128 0.0120884
229 75 64 128 0.0120137
230 75 64 128 0.0165307
231 75 64 128 0.025186
232 75 64 128 0.0260451
233 75 64 128 0.0196437
230 76 64 128 0.0108561
231 76 64 128 0.0185816
232 76 64 128 0.022701
233 76 64 128 0.0183677
231 77 64 128 0.0102676
232 77 64 128 0.0146488
233 77 64 128 0.0122817
55 82 64 128 0.0122397
54 83 64 128 0.0117121
55 83 64 128 0.0144688
200 83 64 128 0.0111429
201 83 64 128 0.0140802
202 83 64 128 0.0158024
203 83 64 128 0.0108935
204 83 64 128 0.0104217
53 84 64 128 0.0104676
54 84 64 128 0.0138407
55 84 64 128 0.0206984
56 84 64 128 0.0131298
57 84 64 128 0.0115674
199 84 64 128 0.0142906
200 84 64 128 0.0170775
201 84 64 128 0.0181142
202 84 64 128 0.0194783
203 84 64 128 0.014955
204 84 64 128 0.011907
53 85 64 128 0.0134216
54 85 64 128 0.0152623
55 85 64 128 0.0223281
56 85 64 128 0.0158633
57 85 64 128 0.0131195
198 85 64 128 0.0146671
199 85 64 128 0.0219877
200 85 64 128 0.0258731
201 85 64 128 0.0274541
202 85 64 128 0.0264717
203 85 64 128 0.0197723
204 85 64 128 0.0157644
205 85 64 128 0.0107199
53 86 64 128 0.0112881
54 86 64 128 0.0137465
55 86 64 128 0.018932
56 86 64 128 0.0132214
57 86 64 128 0.0108509
197 86 64 128 0.0161267
198 86 64 128 0.0249043
199 86 64 128 0.0346098
200 86 64 128 0.0341576
201 86 64 128 0.0315406
202 86 64 128 0.0288881
203 86 64 128 0.0218205
204 86 64 128 0.0167355
205 86 64 128 0.0127754
206 86 64 128 0.011117
53 87 64 128 0.0151202
54 87 64 128 0.0168876
55 87 64 128 0.0218379
56 87 64 128 0.013728
57 87 64 128 0.0120673
196 87 64 128 0.0143425
197 87 64 128 0.0244911
198 87 64 128 0.0373941
199 87 64 128 0.0487382
200 87 64 128 0.0503841
201 87 64 128 0.0394691
202 87 64 128 0.0304534
203 87 64 128 0.0245518
204 87 64 128 0.0214664
205 87 64 128 0.0197449
206 87 64 128 0.0147419
53 88 64 128 0.0110505
54 88 64 128 0.0143928
55 88 64 128 0.0182775
56 88 64 128 0.0115797
57 88 64 128 0.0107357
196 88 64 128 0.0183543
197 88 64 128 0.0312371
198 88 64 128 0.0484741
199 88 64 128 0.0626875
200 88 64 128 0.0646825
201 88 64 128 0.0590202
202 88 64 128 0.0470552
203 88 64 128 0.0367456
204 88 64 128 0.0310002
205 88 64 128 0.0240198
206 88 64 128 0.0202149
54 89 64 128 0.0119207
55 89 64 128 0.0168367
56 89 64 128 0.0121417
57 89 64 128 0.0103435
196 89 64 128 0.0184392
197 89 64 128 0.0347007
198 89 64 128 0.0568279
199 89 64 128 0.0802423
200 89 64 128 0.0858159
201 89 64 128 0.0795579
202 89 64 128 0.0602969
203 89 64 128 0.0429497
204 89 64 128 0.0372101
205 89 64 128 0.0315668
206 89 64 128 0.0265236
207 89 64 128 0.0105597
55 90 64 128 0.0105326
196 90 64 128 0.0218403
197 90 64 128 0.0377433
198 90 64 128 0.070899
199 90 64 128 0.0941075
200 90 64 128 0.0950601
201 90 64 128 0.0905711
202 90 64 128 0.072036
203 90 64 128 0.050596
204 90 64 128 0.0422372
205 90 64 128 0.0375074
206 90 64 128 0.0304109
207 90 64 128 0.011505
55 91 64 128 0.0121588
57 91 64 128 0.0105445
196 91 64 128 0.0185915
197 91 64 128 0.040162
198 91 64 128 0.0707964
199 91 64 128 0.100053
200 91 64 128 0.115351
201 91 64 128 0.103492
202 91 64 128 0.0845165
203 91 64 128 0.0553805
204 91 64 128 0.0478069
205 91 64 128 0.0498547
206 91 64 128 0.0414234
207 91 64 128 0.0154781
55 92 64 128 0.0101117
196 92 64 128 0.0207339
197 92 64 128 0.0408483
198 92 64 128 0.071406
199 92 64 128 0.0972623
200 92 64 128 0.112728
201 92 64 128 0.0978686
202 92 64 128 0.0848799
203 92 64 128 0.0626632
204 92 64 128 0.0567853
205 92 64 128 0.0585238
206 92 64 128 0.0472023
207 92 64 128 0.0210054
196 93 64 128 0.0138349
197 93 64 128 0.0308741
198 93 64 128 0.0493386
199 93 64 128 0.0874261
200 93 64 128 0.0878403
201 93 64 128 0.0960232
202 93 64 128 0.0782804
203 93 64 128 0.0612089
204 93 64 128 0.0556306
205 93 64 128 0.0580807
206 93 64 128 0.0425431
207 93 64 128 0.0232276
208 93 64 128 0.0111574
196 94 64 128 0.0104074
197 94 64 128 0.0178143
198 94 64 128 0.0338251
199 94 64 128 0.0537217
200 94 64 128 0.0600561
201 94 64 128 0.0679307
202 94 64 128 0.0649806
203 94 64 128 0.0509003
204 94 64 128 0.048864
205 94 64 128 0.044609
206 94 64 128 0.0410995
207 94 64 128 0.0258352
208 94 64 128 0.0138255
197 95 64 128 0.0137056
198 95 64 128 0.0252446
199 95 64 128 0.0439332
200 95 64 128 0.0481669
201 95 64 128 0.0549687
202 95 64 128 0.0554239
203 95 64 128 0.0477366
204 95 64 128 0.043286
205 95 64 128 0.0456738
206 95 64 128 0.0402647
207 95 64 128 0.025528
208 95 64 128 0.011406
198 96 64 128 0.0164711
199 96 64 128 0.0211198
200 96 64 128 0.0259574
201 96 64 128 0.0325108
202 96 64 128 0.0333158
203 96 64 128 0.031839
204 96 64 128 0.0314642
205 96 64 128 0.0319885
206 96 64 128 0.0250379
207 96 64 128 0.0149399
198 97 64 128 0.0108752
199 97 64 128 0.0173232
200 97 64 128 0.0199779
201 97 64 128 0.0253477
202 97 64 128 0.0236401
203 97 64 128 0.0206607
204 97 64 128 0.0203006
205 97 64 128 0.0201523
206 97 64 128 0.0151681
200 98 64 128 0.0101319
201 98 64 128 0.0125296
202 98 64 128 0.0140714
203 98 64 128 0.0126224
204 98 64 128 0.0125336
205 98 64 128 0.0109842
