129 2 85 170 0.0117418
130 2 85 170 0.0133021
131 2 85 170 0.0124254
132 2 85 170 0.0115769
127 3 85 170 0.0107218
128 3 85 170 0.0111205
129 3 85 170 0.0135264
130 3 85 170 0.0159334
131 3 85 170 0.0161568
132 3 85 170 0.0142709
133 3 85 170 0.0115152
130 4 85 170 0.0129083
131 4 85 170 0.0159658
132 4 85 170 0.0155762
133 4 85 170 0.0125599
134 4 85 170 0.0101459
129 5 85 170 0.0114447
130 5 85 170 0.0152968
131 5 85 170 0.0172253
132 5 85 170 0.0164362
133 5 85 170 0.0140462
134 5 85 170 0.0110763
130 6 85 170 0.0124297
131 6 85 170 0.013551
132 6 85 170 0.0142071
133 6 85 170 0.0132688
134 6 85 170 0.0108215
155 4 64 128 0.0103624
154 5 64 128 0.0112115
155 5 64 128 0.0178427
156 5 64 128 0.0167191
157 5 64 128 0.0149205
153 6 64 128 0.0116292
154 6 64 128 0.0120274
155 6 64 128 0.0202853
156 6 64 128 0.0200409
157 6 64 128 0.0211518
158 6 64 128 0.010807
159 6 64 128 0.0104849
155 7 64 128 0.0148799
156 7 64 128 0.0131664
157 7 64 128 0.0160203
159 7 64 128 0.0107969
175 7 64 128 0.0121364
174 8 64 128 0.0126625
175 8 64 128 0.0152172
176 8 64 128 0.0100072
212 8 64 128 0.0119801
213 8 64 128 0.0178523
175 9 64 128 0.0127349
211 9 64 128 0.0113457
212 9 64 128 0.0181734
213 9 64 128 0.0261914
214 9 64 128 0.0117418
211 10 64 128 0.0245841
212 10 64 128 0.0317138
213 10 64 128 0.0597242
214 10 64 128 0.0205594
32 11 64 128 0.0128768
33 11 64 128 0.013527
210 11 64 128 0.0134694
211 11 64 128 0.0447045
212 11 64 128 0.0776931
213 11 64 128 0.0940804
214 11 64 128 0.0354345
215 11 64 128 0.0157679
216 11 64 128 0.0105828
217 11 64 128 0.0135413
218 11 64 128 0.0105798
31 12 64 128 0.0160866
32 12 64 128 0.028956
33 12 64 128 0.0304516
34 12 64 128 0.0141616
210 12 64 128 0.0189085
211 12 64 128 0.071726
212 12 64 128 0.0930152
213 12 64 128 0.111235
214 12 64 128 0.0441629
215 12 64 128 0.0217451
216 12 64 128 0.0170198
217 12 64 128 0.0223279
218 12 64 128 0.0177481
31 13 64 128 0.0218782
32 13 64 128 0.0414969
33 13 64 128 0.038754
34 13 64 128 0.0270936
35 13 64 128 0.016061
36 13 64 128 0.0142187
210 13 64 128 0.0234345
211 13 64 128 0.0860907
212 13 64 128 0.119929
213 13 64 128 0.122609
214 13 64 128 0.0461167
215 13 64 128 0.0193747
216 13 64 128 0.0168119
217 13 64 128 0.0234153
218 13 64 128 0.0235131
219 13 64 128 0.0119882
31 14 64 128 0.0178885
32 14 64 128 0.0376174
33 14 64 128 0.0417471
34 14 64 128 0.037314
35 14 64 128 0.0269313
36 14 64 128 0.0257638
37 14 64 128 0.0180214
210 14 64 128 0.0369612
211 14 64 128 0.113588
212 14 64 128 0.155391
213 14 64 128 0.186297
214 14 64 128 0.0935913
215 14 64 128 0.0409236
216 14 64 128 0.0263757
217 14 64 128 0.0479103
218 14 64 128 0.0541559
219 14 64 128 0.0258696
220 14 64 128 0.0134101
31 15 64 128 0.014598
32 15 64 128 0.0338717
33 15 64 128 0.0440529
34 15 64 128 0.0420551
35 15 64 128 0.039128
36 15 64 128 0.0459963
37 15 64 128 0.0375378
38 15 64 128 0.0168266
209 15 64 128 0.0115402
210 15 64 128 0.0450295
211 15 64 128 0.106057
212 15 64 128 0.204925
213 15 64 128 0.195377
214 15 64 128 0.0989427
215 15 64 128 0.0436724
216 15 64 128 0.0358675
217 15 64 128 0.0534156
218 15 64 128 0.0635146
219 15 64 128 0.0382756
220 15 64 128 0.0205921
221 15 64 128 0.010235
31 16 64 128 0.0105125
32 16 64 128 0.0251078
33 16 64 128 0.0359149
34 16 64 128 0.0393088
35 16 64 128 0.0490144
36 16 64 128 0.0522821
37 16 64 128 0.0590305
38 16 64 128 0.0277349
209 16 64 128 0.013222
210 16 64 128 0.0505268
211 16 64 128 0.127277
212 16 64 128 0.188416
213 16 64 128 0.183579
214 16 64 128 0.101992
215 16 64 128 0.0454499
216 16 64 128 0.0381715
217 16 64 128 0.0582931
218 16 64 128 0.0718179
219 16 64 128 0.0444453
220 16 64 128 0.0211319
221 16 64 128 0.0103228
32 17 64 128 0.0109228
33 17 64 128 0.0202354
34 17 64 128 0.0284678
35 17 64 128 0.0327511
36 17 64 128 0.0430771
37 17 64 128 0.0552832
38 17 64 128 0.0299445
39 17 64 128 0.0110354
209 17 64 128 0.011449
210 17 64 128 0.0381756
211 17 64 128 0.0904081
212 17 64 128 0.118159
213 17 64 128 0.122183
214 17 64 128 0.0623104
215 17 64 128 0.0336786
216 17 64 128 0.0269244
217 17 64 128 0.0469265
218 17 64 128 0.0654266
219 17 64 128 0.0360006
220 17 64 128 0.0181863
33 18 64 128 0.0133144
34 18 64 128 0.0197197
35 18 64 128 0.0222569
36 18 64 128 0.0322847
37 18 64 128 0.0448739
38 18 64 128 0.0347733
39 18 64 128 0.0161622
209 18 64 128 0.0119345
210 18 64 128 0.0433974
211 18 64 128 0.0898813
212 18 64 128 0.103167
213 18 64 128 0.108434
214 18 64 128 0.0744822
215 18 64 128 0.0374551
216 18 64 128 0.0322227
217 18 64 128 0.0666029
218 18 64 128 0.112438
219 18 64 128 0.0586178
220 18 64 128 0.0306633
221 18 64 128 0.013111
34 19 64 128 0.0138238
35 19 64 128 0.0184883
36 19 64 128 0.0295605
37 19 64 128 0.042588
38 19 64 128 0.0406467
39 19 64 128 0.0210878
40 19 64 128 0.0107373
154 19 64 128 0.012209
155 19 64 128 0.0220621
156 19 64 128 0.0247456
157 19 64 128 0.014621
158 19 64 128 0.0115287
210 19 64 128 0.0304074
211 19 64 128 0.0505836
212 19 64 128 0.0662497
213 19 64 128 0.0666054
214 19 64 128 0.0392116
215 19 64 128 0.0260612
216 19 64 128 0.0208211
217 19 64 128 0.0531083
218 19 64 128 0.099282
219 19 64 128 0.069557
220 19 64 128 0.0304189
221 19 64 128 0.0130578
35 20 64 128 0.0107489
36 20 64 128 0.0162801
37 20 64 128 0.0304473
38 20 64 128 0.0294896
39 20 64 128 0.0209132
154 20 64 128 0.0266092
155 20 64 128 0.0418539
156 20 64 128 0.0409016
157 20 64 128 0.0179466
158 20 64 128 0.0145379
210 20 64 128 0.0190219
211 20 64 128 0.0316723
212 20 64 128 0.0299797
213 20 64 128 0.0261468
214 20 64 128 0.0189527
215 20 64 128 0.0129298
216 20 64 128 0.0105521
217 20 64 128 0.024931
218 20 64 128 0.051927
219 20 64 128 0.0420494
220 20 64 128 0.0195203
153 21 64 128 0.010564
154 21 64 128 0.024005
155 21 64 128 0.0398875
156 21 64 128 0.0379999
157 21 64 128 0.0212042
158 21 64 128 0.0142656
218 21 64 128 0.019268
219 21 64 128 0.0183318
153 22 64 128 0.0113815
154 22 64 128 0.024362
155 22 64 128 0.0266302
156 22 64 128 0.0233836
157 22 64 128 0.0113997
153 23 64 128 0.0129084
154 23 64 128 0.0272999
155 23 64 128 0.0262981
156 23 64 128 0.0235938
157 23 64 128 0.0150326
158 23 64 128 0.0107984
154 24 64 128 0.012832
155 24 64 128 0.013405
156 24 64 128 0.0104706
178 24 64 128 0.0115427
179 24 64 128 0.0212021
180 24 64 128 0.0202734
178 25 64 128 0.025974
179 25 64 128 0.0521334
180 25 64 128 0.0499413
181 25 64 128 0.0141589
177 26 64 128 0.0144278
178 26 64 128 0.0665464
179 26 64 128 0.121054
180 26 64 128 0.120434
181 26 64 128 0.0328698
182 26 64 128 0.0101431
177 27 64 128 0.025383
178 27 64 128 0.101923
179 27 64 128 0.187155
180 27 64 128 0.160974
181 27 64 128 0.0465303
182 27 64 128 0.0136232
107 28 64 128 0.0101265
108 28 64 128 0.0105326
176 28 64 128 0.0115686
177 28 64 128 0.0608647
178 28 64 128 0.191885
179 28 64 128 0.345526
180 28 64 128 0.272857
181 28 64 128 0.0856254
182 28 64 128 0.0242982
176 29 64 128 0.0153841
177 29 64 128 0.0669362
178 29 64 128 0.200669
179 29 64 128 0.396026
180 29 64 128 0.319332
181 29 64 128 0.126766
182 29 64 128 0.0339289
107 30 64 128 0.0107497
176 30 64 128 0.021246
177 30 64 128 0.0832298
178 30 64 128 0.246718
179 30 64 128 0.435005
180 30 64 128 0.388445
181 30 64 128 0.161659
182 30 64 128 0.0484451
183 30 64 128 0.0160643
100 31 64 128 0.0127076
101 31 64 128 0.0101515
102 31 64 128 0.0102153
107 31 64 128 0.0117205
108 31 64 128 0.0101506
176 31 64 128 0.0205674
177 31 64 128 0.0700747
178 31 64 128 0.227375
179 31 64 128 0.424336
180 31 64 128 0.365681
181 31 64 128 0.16468
182 31 64 128 0.0524911
183 31 64 128 0.0166147
100 32 64 128 0.0101251
107 32 64 128 0.0113899
176 32 64 128 0.029215
177 32 64 128 0.102478
178 32 64 128 0.246913
179 32 64 128 0.441946
180 32 64 128 0.330222
181 32 64 128 0.162632
182 32 64 128 0.0483815
183 32 64 128 0.0204256
175 33 64 128 0.0107101
176 33 64 128 0.0321459
177 33 64 128 0.0929723
178 33 64 128 0.207588
179 33 64 128 0.380063
180 33 64 128 0.302833
181 33 64 128 0.166403
182 33 64 128 0.0466562
183 33 64 128 0.0172562
175 34 64 128 0.0119423
176 34 64 128 0.0347035
177 34 64 128 0.100383
178 34 64 128 0.207443
179 34 64 128 0.324467
180 34 64 128 0.266745
181 34 64 128 0.126112
182 34 64 128 0.0461933
183 34 64 128 0.0168079
175 35 64 128 0.0152401
176 35 64 128 0.0407636
177 35 64 128 0.0893757
178 35 64 128 0.162182
179 35 64 128 0.269315
180 35 64 128 0.219582
181 35 64 128 0.0881281
182 35 64 128 0.027672
183 35 64 128 0.0124838
175 36 64 128 0.026028
176 36 64 128 0.0598431
177 36 64 128 0.109944
178 36 64 128 0.159927
179 36 64 128 0.219003
180 36 64 128 0.132247
181 36 64 128 0.0481233
182 36 64 128 0.0164475
233 36 64 128 0.0105019
175 37 64 128 0.0208523
176 37 64 128 0.0487465
177 37 64 128 0.0709756
178 37 64 128 0.102388
179 37 64 128 0.104586
180 37 64 128 0.0621074
181 37 64 128 0.0196008
232 37 64 128 0.0141627
233 37 64 128 0.0213847
234 37 64 128 0.0167886
235 37 64 128 0.0133142
175 38 64 128 0.0133975
176 38 64 128 0.0287289
177 38 64 128 0.0406706
178 38 64 128 0.0517861
179 38 64 128 0.0465892
180 38 64 128 0.0283656
231 38 64 128 0.0107358
232 38 64 128 0.0203497
233 38 64 128 0.0391172
234 38 64 128 0.0270249
235 38 64 128 0.0311051
236 38 64 128 0.0135372
176 39 64 128 0.0163187
177 39 64 128 0.0188383
178 39 64 128 0.0219696
179 39 64 128 0.0215746
180 39 64 128 0.0134414
232 39 64 128 0.0179826
233 39 64 128 0.0303675
234 39 64 128 0.029309
235 39 64 128 0.0239947
236 39 64 128 0.0157955
177 40 64 128 0.0102346
178 40 64 128 0.0113896
179 40 64 128 0.0110051
232 40 64 128 0.0148283
233 40 64 128 0.0351615
234 40 64 128 0.0274898
235 40 64 128 0.0248877
236 40 64 128 0.0145056
232 41 64 128 0.013098
233 41 64 128 0.025051
234 41 64 128 0.0207161
235 41 64 128 0.0186648
236 41 64 128 0.0158436
233 42 64 128 0.010645
223 49 64 128 0.0170349
224 49 64 128 0.0167863
225 49 64 128 0.0144816
180 50 64 128 0.0102813
180 51 64 128 0.0120554
223 51 64 128 0.0123505
224 51 64 128 0.0125819
225 51 64 128 0.0111824
180 52 64 128 0.015165
180 53 64 128 0.016327
181 53 64 128 0.0133281
180 54 64 128 0.016756
181 54 64 128 0.0144039
182 54 64 128 0.0107022
179 55 64 128 0.0114649
180 55 64 128 0.0198441
181 55 64 128 0.0193417
182 55 64 128 0.012548
179 56 64 128 0.011295
180 56 64 128 0.0171968
181 56 64 128 0.0149068
182 56 64 128 0.0114941
180 57 64 128 0.013793
181 57 64 128 0.0119634
51 65 64 128 0.0135303
51 66 64 128 0.0180552
52 66 64 128 0.0114727
42 67 64 128 0.0106949
50 67 64 128 0.0156562
51 67 64 128 0.0322326
52 67 64 128 0.0206115
53 67 64 128 0.012153
42 68 64 128 0.0132149
50 68 64 128 0.0197168
51 68 64 128 0.0454588
52 68 64 128 0.0303536
53 68 64 128 0.0211363
54 68 64 128 0.0147496
55 68 64 128 0.0136637
56 68 64 128 0.0104726
40 69 64 128 0.0103071
41 69 64 128 0.0125433
42 69 64 128 0.0201279
43 69 64 128 0.0108172
49 69 64 128 0.0154059
50 69 64 128 0.041023
51 69 64 128 0.0840742
52 69 64 128 0.0513384
53 69 64 128 0.0422436
54 69 64 128 0.032236
55 69 64 128 0.0236667
56 69 64 128 0.0186375
57 69 64 128 0.0124761
39 70 64 128 0.0102026
40 70 64 128 0.0135219
41 70 64 128 0.0162927
42 70 64 128 0.0255263
43 70 64 128 0.0134981
44 70 64 128 0.0104651
49 70 64 128 0.0169123
50 70 64 128 0.0455625
51 70 64 128 0.0974196
52 70 64 128 0.0627
53 70 64 128 0.0646109
54 70 64 128 0.0554067
55 70 64 128 0.0438826
56 70 64 128 0.0276802
57 70 64 128 0.0193541
58 70 64 128 0.0145542
61 70 64 128 0.0138867
62 70 64 128 0.0111478
38 71 64 128 0.01316
39 71 64 128 0.0105949
40 71 64 128 0.0156247
41 71 64 128 0.0168608
42 71 64 128 0.0273224
43 71 64 128 0.0128939
44 71 64 128 0.0110512
49 71 64 128 0.0214361
50 71 64 128 0.0464666
51 71 64 128 0.109189
52 71 64 128 0.0782211
53 71 64 128 0.0908831
54 71 64 128 0.0879125
55 71 64 128 0.0741074
56 71 64 128 0.046121
57 71 64 128 0.0291995
58 71 64 128 0.0226747
59 71 64 128 0.0140449
60 71 64 128 0.0159039
61 71 64 128 0.0184592
62 71 64 128 0.0140036
37 72 64 128 0.0102565
38 72 64 128 0.0125297
40 72 64 128 0.0130534
41 72 64 128 0.013265
42 72 64 128 0.0186914
43 72 64 128 0.010065
49 72 64 128 0.0103199
50 72 64 128 0.0232034
51 72 64 128 0.0426644
52 72 64 128 0.0319669
53 72 64 128 0.0509356
54 72 64 128 0.0534504
55 72 64 128 0.0508091
56 72 64 128 0.0357473
57 72 64 128 0.0228937
58 72 64 128 0.0221306
59 72 64 128 0.0140031
60 72 64 128 0.0169516
61 72 64 128 0.0247382
62 72 64 128 0.0233372
63 72 64 128 0.0144566
184 72 64 128 0.010617
197 72 64 128 0.0129886
37 73 64 128 0.0106099
40 73 64 128 0.0110726
41 73 64 128 0.0128391
42 73 64 128 0.0166623
50 73 64 128 0.0157168
51 73 64 128 0.0268522
52 73 64 128 0.0197819
53 73 64 128 0.0310294
54 73 64 128 0.0361945
55 73 64 128 0.0341268
56 73 64 128 0.0280281
57 73 64 128 0.0187648
58 73 64 128 0.0184312
60 73 64 128 0.0135566
61 73 64 128 0.0223304
62 73 64 128 0.0197706
63 73 64 128 0.0128937
180 73 64 128 0.0108691
184 73 64 128 0.0137888
185 73 64 128 0.0101351
186 73 64 128 0.0104342
197 73 64 128 0.0192668
198 73 64 128 0.0132941
38 74 64 128 0.0101523
41 74 64 128 0.0117572
42 74 64 128 0.0154965
51 74 64 128 0.0108871
52 74 64 128 0.0103263
53 74 64 128 0.0185033
54 74 64 128 0.0251123
55 74 64 128 0.027975
56 74 64 128 0.0277688
57 74 64 128 0.0195988
58 74 64 128 0.0225836
59 74 64 128 0.0138835
60 74 64 128 0.0205037
61 74 64 128 0.0307652
62 74 64 128 0.0280012
63 74 64 128 0.0180945
64 74 64 128 0.0133135
65 74 64 128 0.0114722
112 74 64 128 0.0154935
113 74 64 128 0.0159942
114 74 64 128 0.0211864
115 74 64 128 0.0272005
116 74 64 128 0.0235099
117 74 64 128 0.0234536
118 74 64 128 0.0227704
119 74 64 128 0.027359
120 74 64 128 0.0161639
121 74 64 128 0.0160733
122 74 64 128 0.011352
123 74 64 128 0.0134931
180 74 64 128 0.0108366
184 74 64 128 0.0154884
185 74 64 128 0.0108211
186 74 64 128 0.0122439
196 74 64 128 0.0103474
197 74 64 128 0.0188114
198 74 64 128 0.015179
36 75 64 128 0.0101557
37 75 64 128 0.0116158
38 75 64 128 0.0121898
41 75 64 128 0.0119793
42 75 64 128 0.0153424
54 75 64 128 0.0161722
55 75 64 128 0.0206914
56 75 64 128 0.0268963
57 75 64 128 0.0239938
58 75 64 128 0.0285601
59 75 64 128 0.0218849
60 75 64 128 0.0340936
61 75 64 128 0.0384898
62 75 64 128 0.0360473
63 75 64 128 0.0193614
64 75 64 128 0.0150312
65 75 64 128 0.0104616
111 75 64 128 0.0203747
112 75 64 128 0.0445106
113 75 64 128 0.041377
114 75 64 128 0.0528775
115 75 64 128 0.0710579
116 75 64 128 0.0672903
117 75 64 128 0.0739478
118 75 64 128 0.0659706
119 75 64 128 0.0884191
120 75 64 128 0.0463988
121 75 64 128 0.0519883
122 75 64 128 0.0369239
123 75 64 128 0.0450421
124 75 64 128 0.0196664
125 75 64 128 0.0176664
184 75 64 128 0.0151286
186 75 64 128 0.0103945
197 75 64 128 0.0158227
198 75 64 128 0.0115067
36 76 64 128 0.0165276
37 76 64 128 0.0188634
38 76 64 128 0.0141224
40 76 64 128 0.0101381
41 76 64 128 0.0141245
42 76 64 128 0.0151733
56 76 64 128 0.0143192
57 76 64 128 0.0134466
58 76 64 128 0.0216173
59 76 64 128 0.0192267
60 76 64 128 0.0354458
61 76 64 128 0.0349192
62 76 64 128 0.0327331
63 76 64 128 0.0196917
64 76 64 128 0.0206647
65 76 64 128 0.014979
66 76 64 128 0.0149807
110 76 64 128 0.0173028
111 76 64 128 0.0411831
112 76 64 128 0.0827917
113 76 64 128 0.0819798
114 76 64 128 0.122242
115 76 64 128 0.148485
116 76 64 128 0.158281
117 76 64 128 0.170392
118 76 64 128 0.157176
119 76 64 128 0.159115
120 76 64 128 0.1219
121 76 64 128 0.139941
122 76 64 128 0.102976
123 76 64 128 0.116292
124 76 64 128 0.0642445
125 76 64 128 0.0491394
126 76 64 128 0.0194302
127 76 64 128 0.0114938
184 76 64 128 0.0104887
36 77 64 128 0.0251309
37 77 64 128 0.0247363
38 77 64 128 0.0196517
39 77 64 128 0.0119372
40 77 64 128 0.0198708
41 77 64 128 0.0260957
42 77 64 128 0.0288004
43 77 64 128 0.0192179
44 77 64 128 0.0117541
58 77 64 128 0.0148443
59 77 64 128 0.0136567
60 77 64 128 0.0268075
61 77 64 128 0.0298196
62 77 64 128 0.0272027
63 77 64 128 0.0145112
64 77 64 128 0.0142486
65 77 64 128 0.0126421
66 77 64 128 0.0112018
110 77 64 128 0.0258941
111 77 64 128 0.0506248
112 77 64 128 0.0760023
113 77 64 128 0.0846303
114 77 64 128 0.12511
115 77 64 128 0.160377
116 77 64 128 0.150356
117 77 64 128 0.18869
118 77 64 128 0.192014
119 77 64 128 0.198708
120 77 64 128 0.136118
121 77 64 128 0.174679
122 77 64 128 0.144611
123 77 64 128 0.161394
124 77 64 128 0.111745
125 77 64 128 0.0888752
126 77 64 128 0.0370717
127 77 64 128 0.0212151
128 77 64 128 0.0131303
35 78 64 128 0.0107523
36 78 64 128 0.0346316
37 78 64 128 0.0366629
38 78 64 128 0.0284262
39 78 64 128 0.0185302
40 78 64 128 0.0312058
41 78 64 128 0.0468118
42 78 64 128 0.0604209
43 78 64 128 0.0391523
44 78 64 128 0.0193814
58 78 64 128 0.0141961
59 78 64 128 0.0158935
60 78 64 128 0.0328244
61 78 64 128 0.0372909
62 78 64 128 0.0274864
63 78 64 128 0.0171576
64 78 64 128 0.0179178
65 78 64 128 0.0180933
66 78 64 128 0.0148119
67 78 64 128 0.014665
68 78 64 128 0.0147903
109 78 64 128 0.0106253
110 78 64 128 0.0252801
111 78 64 128 0.0499453
112 78 64 128 0.0746878
113 78 64 128 0.0733169
114 78 64 128 0.124443
115 78 64 128 0.148894
116 78 64 128 0.142134
117 78 64 128 0.176596
118 78 64 128 0.182793
119 78 64 128 0.161861
120 78 64 128 0.118159
121 78 64 128 0.17256
122 78 64 128 0.154442
123 78 64 128 0.183379
124 78 64 128 0.154589
125 78 64 128 0.111565
126 78 64 128 0.0461338
127 78 64 128 0.0213881
128 78 64 128 0.0118762
35 79 64 128 0.0117994
36 79 64 128 0.0470934
37 79 64 128 0.0463245
38 79 64 128 0.0498307
39 79 64 128 0.0365702
40 79 64 128 0.0723542
41 79 64 128 0.10576
42 79 64 128 0.122808
43 79 64 128 0.0905193
44 79 64 128 0.0371063
58 79 64 128 0.0117984
59 79 64 128 0.014209
60 79 64 128 0.0336143
61 79 64 128 0.0383983
62 79 64 128 0.0280533
63 79 64 128 0.0200804
64 79 64 128 0.023615
65 79 64 128 0.0233623
66 79 64 128 0.0213067
67 79 64 128 0.0238891
68 79 64 128 0.0261458
69 79 64 128 0.0145756
109 79 64 128 0.0117213
110 79 64 128 0.0259211
111 79 64 128 0.0412411
112 79 64 128 0.0471794
113 79 64 128 0.0560121
114 79 64 128 0.0785471
115 79 64 128 0.0971109
116 79 64 128 0.091622
117 79 64 128 0.132554
118 79 64 128 0.109906
119 79 64 128 0.101419
120 79 64 128 0.0654646
121 79 64 128 0.103738
122 79 64 128 0.10825
123 79 64 128 0.126092
124 79 64 128 0.117925
125 79 64 128 0.0899826
126 79 64 128 0.0341764
127 79 64 128 0.0117775
35 80 64 128 0.0139755
36 80 64 128 0.0649883
37 80 64 128 0.068384
38 80 64 128 0.0669248
39 80 64 128 0.0674781
40 80 64 128 0.134527
41 80 64 128 0.208561
42 80 64 128 0.21719
43 80 64 128 0.167324
44 80 64 128 0.0609474
45 80 64 128 0.0151255
58 80 64 128 0.010896
59 80 64 128 0.012129
60 80 64 128 0.0340535
61 80 64 128 0.0328185
62 80 64 128 0.0241656
63 80 64 128 0.0173502
64 80 64 128 0.0273324
65 80 64 128 0.0283948
66 80 64 128 0.0294233
67 80 64 128 0.0424176
68 80 64 128 0.0477793
69 80 64 128 0.032772
70 80 64 128 0.0207478
71 80 64 128 0.0206366
72 80 64 128 0.0281802
73 80 64 128 0.0141598
74 80 64 128 0.0133828
75 80 64 128 0.0103249
76 80 64 128 0.0140775
84 80 64 128 0.010754
87 80 64 128 0.0104643
88 80 64 128 0.0124541
89 80 64 128 0.0123266
90 80 64 128 0.0165966
111 80 64 128 0.0118215
112 80 64 128 0.0131251
113 80 64 128 0.0153162
114 80 64 128 0.0218546
115 80 64 128 0.0241929
116 80 64 128 0.0207983
117 80 64 128 0.0266869
118 80 64 128 0.0212226
119 80 64 128 0.0185702
120 80 64 128 0.0153563
121 80 64 128 0.0236172
122 80 64 128 0.0335922
123 80 64 128 0.0491537
124 80 64 128 0.0507975
125 80 64 128 0.0362182
126 80 64 128 0.0132594
35 81 64 128 0.0118439
36 81 64 128 0.0635792
37 81 64 128 0.0614693
38 81 64 128 0.0727296
39 81 64 128 0.108646
40 81 64 128 0.28811
41 81 64 128 0.429644
42 81 64 128 0.469918
43 81 64 128 0.449388
44 81 64 128 0.207586
45 81 64 128 0.0442178
58 81 64 128 0.011192
59 81 64 128 0.0142313
60 81 64 128 0.033933
61 81 64 128 0.0364808
62 81 64 128 0.024951
63 81 64 128 0.0195388
64 81 64 128 0.0288055
65 81 64 128 0.0370489
66 81 64 128 0.0394696
67 81 64 128 0.0594891
68 81 64 128 0.0804363
69 81 64 128 0.0553279
70 81 64 128 0.0418665
71 81 64 128 0.0442678
72 81 64 128 0.0616139
73 81 64 128 0.0334542
74 81 64 128 0.0290632
75 81 64 128 0.0253761
76 81 64 128 0.0321564
77 81 64 128 0.016265
78 81 64 128 0.0176118
79 81 64 128 0.0124887
80 81 64 128 0.010014
83 81 64 128 0.0116286
84 81 64 128 0.0120243
123 81 64 128 0.0143911
124 81 64 128 0.0173309
125 81 64 128 0.0125444
35 82 64 128 0.0101923
36 82 64 128 0.0559927
37 82 64 128 0.0656893
38 82 64 128 0.0928667
39 82 64 128 0.136178
40 82 64 128 0.359697
41 82 64 128 0.555969
42 82 64 128 0.672418
43 82 64 128 0.605202
44 82 64 128 0.376876
45 82 64 128 0.0924432
56 82 64 128 0.011235
57 82 64 128 0.0106519
58 82 64 128 0.018088
59 82 64 128 0.0274276
60 82 64 128 0.0625316
61 82 64 128 0.0542844
62 82 64 128 0.0297729
63 82 64 128 0.0271772
64 82 64 128 0.0374342
65 82 64 128 0.0525841
66 82 64 128 0.0588962
67 82 64 128 0.11329
68 82 64 128 0.156655
69 82 64 128 0.122957
70 82 64 128 0.0950899
71 82 64 128 0.126567
72 82 64 128 0.18711
73 82 64 128 0.113958
74 82 64 128 0.100751
75 82 64 128 0.0991448
76 82 64 128 0.122355
77 82 64 128 0.0630003
78 82 64 128 0.0602576
79 82 64 128 0.0490164
80 82 64 128 0.0284643
81 82 64 128 0.0124809
82 82 64 128 0.0198131
83 82 64 128 0.0234324
84 82 64 128 0.0194203
86 82 64 128 0.0123362
87 82 64 128 0.0122781
88 82 64 128 0.0109388
90 82 64 128 0.0108027
36 83 64 128 0.0551421
37 83 64 128 0.0726903
38 83 64 128 0.117111
39 83 64 128 0.202881
40 83 64 128 0.448366
41 83 64 128 0.695629
42 83 64 128 0.812485
43 83 64 128 0.794747
44 83 64 128 0.585083
45 83 64 128 0.203639
46 83 64 128 0.0202545
56 83 64 128 0.0130631
57 83 64 128 0.012471
58 83 64 128 0.0221218
59 83 64 128 0.0353733
60 83 64 128 0.0745504
61 83 64 128 0.0648096
62 83 64 128 0.0367761
63 83 64 128 0.0392403
64 83 64 128 0.0607879
65 83 64 128 0.0737883
66 83 64 128 0.0764963
67 83 64 128 0.134336
68 83 64 128 0.217155
69 83 64 128 0.161337
70 83 64 128 0.128929
71 83 64 128 0.183679
72 83 64 128 0.26195
73 83 64 128 0.166767
74 83 64 128 0.170308
75 83 64 128 0.19609
76 83 64 128 0.219122
77 83 64 128 0.116297
78 83 64 128 0.101355
79 83 64 128 0.0806503
80 83 64 128 0.0380624
81 83 64 128 0.01754
82 83 64 128 0.0237744
83 83 64 128 0.0245962
84 83 64 128 0.0188508
36 84 64 128 0.0498953
37 84 64 128 0.080342
38 84 64 128 0.131063
39 84 64 128 0.223296
40 84 64 128 0.507797
41 84 64 128 0.743356
42 84 64 128 0.831675
43 84 64 128 0.825587
44 84 64 128 0.650624
45 84 64 128 0.270115
46 84 64 128 0.03465
47 84 64 128 0.0118822
55 84 64 128 0.0123385
56 84 64 128 0.0216419
57 84 64 128 0.0186269
58 84 64 128 0.032265
59 84 64 128 0.0467754
60 84 64 128 0.102006
61 84 64 128 0.0664601
62 84 64 128 0.0393636
63 84 64 128 0.0395479
64 84 64 128 0.0713708
65 84 64 128 0.0806188
66 84 64 128 0.0916611
67 84 64 128 0.151506
68 84 64 128 0.220508
69 84 64 128 0.159037
70 84 64 128 0.150927
71 84 64 128 0.218892
72 84 64 128 0.341452
73 84 64 128 0.257338
74 84 64 128 0.264621
75 84 64 128 0.2654
76 84 64 128 0.317763
77 84 64 128 0.199794
78 84 64 128 0.174911
79 84 64 128 0.115381
80 84 64 128 0.0657588
81 84 64 128 0.0276308
82 84 64 128 0.0355014
83 84 64 128 0.0344616
84 84 64 128 0.0293615
85 84 64 128 0.0110783
86 84 64 128 0.0126445
36 85 64 128 0.0396422
37 85 64 128 0.0684425
38 85 64 128 0.123347
39 85 64 128 0.297111
40 85 64 128 0.605427
41 85 64 128 0.825051
42 85 64 128 0.875744
43 85 64 128 0.90791
44 85 64 128 0.774523
45 85 64 128 0.400684
46 85 64 128 0.0539665
47 85 64 128 0.021214
55 85 64 128 0.0115212
56 85 64 128 0.0168963
57 85 64 128 0.0155605
58 85 64 128 0.0265448
59 85 64 128 0.0361482
60 85 64 128 0.082138
61 85 64 128 0.0570962
62 85 64 128 0.0326917
63 85 64 128 0.039041
64 85 64 128 0.0645933
65 85 64 128 0.0868358
66 85 64 128 0.078774
67 85 64 128 0.124233
68 85 64 128 0.19458
69 85 64 128 0.155319
70 85 64 128 0.143655
71 85 64 128 0.242043
72 85 64 128 0.373204
73 85 64 128 0.319057
74 85 64 128 0.331221
75 85 64 128 0.375315
76 85 64 128 0.442665
77 85 64 128 0.320621
78 85 64 128 0.263237
79 85 64 128 0.193244
80 85 64 128 0.09668
81 85 64 128 0.0382423
82 85 64 128 0.0460288
83 85 64 128 0.0447493
84 85 64 128 0.0328812
85 85 64 128 0.0111946
36 86 64 128 0.0327421
37 86 64 128 0.0598623
38 86 64 128 0.140015
39 86 64 128 0.289309
40 86 64 128 0.60501
41 86 64 128 0.816494
42 86 64 128 0.884938
43 86 64 128 0.885799
44 86 64 128 0.712011
45 86 64 128 0.367607
46 86 64 128 0.0573491
47 86 64 128 0.0189825
55 86 64 128 0.0150174
56 86 64 128 0.0202459
57 86 64 128 0.0198684
58 86 64 128 0.0271709
59 86 64 128 0.0384651
60 86 64 128 0.0685607
61 86 64 128 0.0438788
62 86 64 128 0.0224313
63 86 64 128 0.025481
64 86 64 128 0.0392566
65 86 64 128 0.0475228
66 86 64 128 0.0468663
67 86 64 128 0.0691678
68 86 64 128 0.10134
69 86 64 128 0.0833298
70 86 64 128 0.101283
71 86 64 128 0.187685
72 86 64 128 0.297481
73 86 64 128 0.280232
74 86 64 128 0.313463
75 86 64 128 0.431178
76 86 64 128 0.535013
77 86 64 128 0.464168
78 86 64 128 0.392196
79 86 64 128 0.351531
80 86 64 128 0.185638
81 86 64 128 0.0828317
82 86 64 128 0.0908262
83 86 64 128 0.0995575
84 86 64 128 0.0583429
85 86 64 128 0.0210758
86 86 64 128 0.0180457
87 86 64 128 0.0141939
36 87 64 128 0.0137222
37 87 64 128 0.0249406
38 87 64 128 0.062869
39 87 64 128 0.168534
40 87 64 128 0.415434
41 87 64 128 0.695583
42 87 64 128 0.804855
43 87 64 128 0.824993
44 87 64 128 0.581188
45 87 64 128 0.26181
46 87 64 128 0.0386072
47 87 64 128 0.013026
58 87 64 128 0.0127759
59 87 64 128 0.0199824
60 87 64 128 0.0341545
61 87 64 128 0.0282616
62 87 64 128 0.0157929
63 87 64 128 0.0179697
64 87 64 128 0.0306761
65 87 64 128 0.0375867
66 87 64 128 0.0384342
67 87 64 128 0.0546918
68 87 64 128 0.0871727
69 87 64 128 0.070846
70 87 64 128 0.0961364
71 87 64 128 0.18584
72 87 64 128 0.276139
73 87 64 128 0.265785
74 87 64 128 0.361987
75 87 64 128 0.478737
76 87 64 128 0.596671
77 87 64 128 0.534259
78 87 64 128 0.518968
79 87 64 128 0.434639
80 87 64 128 0.240791
81 87 64 128 0.1262
82 87 64 128 0.147657
83 87 64 128 0.137613
84 87 64 128 0.0929606
85 87 64 128 0.0347607
86 87 64 128 0.0267439
87 87 64 128 0.0168077
88 87 64 128 0.0113529
37 88 64 128 0.0105327
38 88 64 128 0.0246236
39 88 64 128 0.0708307
40 88 64 128 0.209954
41 88 64 128 0.507502
42 88 64 128 0.63299
43 88 64 128 0.645464
44 88 64 128 0.391997
45 88 64 128 0.129826
46 88 64 128 0.0252899
58 88 64 128 0.0102176
59 88 64 128 0.0168275
60 88 64 128 0.0283107
61 88 64 128 0.0188558
62 88 64 128 0.0114774
63 88 64 128 0.0116748
64 88 64 128 0.0177963
65 88 64 128 0.0215233
66 88 64 128 0.0222233
67 88 64 128 0.0327748
68 88 64 128 0.0439975
69 88 64 128 0.0372826
70 88 64 128 0.0486201
71 88 64 128 0.0982075
72 88 64 128 0.173114
73 88 64 128 0.194197
74 88 64 128 0.262665
75 88 64 128 0.430378
76 88 64 128 0.535943
77 88 64 128 0.531216
78 88 64 128 0.481168
79 88 64 128 0.431226
80 88 64 128 0.221502
81 88 64 128 0.144568
82 88 64 128 0.168774
83 88 64 128 0.156818
84 88 64 128 0.093783
85 88 64 128 0.0341076
86 88 64 128 0.0248611
87 88 64 128 0.016395
39 89 64 128 0.0264555
40 89 64 128 0.0797362
41 89 64 128 0.252375
42 89 64 128 0.345234
43 89 64 128 0.428493
44 89 64 128 0.217903
45 89 64 128 0.0588235
46 89 64 128 0.0115477
60 89 64 128 0.0128899
61 89 64 128 0.0109482
65 89 64 128 0.0117023
66 89 64 128 0.0115301
67 89 64 128 0.0187842
68 89 64 128 0.023414
69 89 64 128 0.0220645
70 89 64 128 0.0280444
71 89 64 128 0.0521284
72 89 64 128 0.0809623
73 89 64 128 0.0995983
74 89 64 128 0.147934
75 89 64 128 0.249021
76 89 64 128 0.341437
77 89 64 128 0.334067
78 89 64 128 0.254896
79 89 64 128 0.233193
80 89 64 128 0.107374
81 89 64 128 0.0696228
82 89 64 128 0.0876335
83 89 64 128 0.0907951
84 89 64 128 0.0565803
85 89 64 128 0.0224207
86 89 64 128 0.0141341
40 90 64 128 0.0253449
41 90 64 128 0.0899573
42 90 64 128 0.147503
43 90 64 128 0.154403
44 90 64 128 0.0881973
45 90 64 128 0.0231192
72 90 64 128 0.012532
73 90 64 128 0.0197048
74 90 64 128 0.0283107
75 90 64 128 0.0550705
76 90 64 128 0.075891
77 90 64 128 0.0972404
78 90 64 128 0.0694277
79 90 64 128 0.0757921
80 90 64 128 0.0319657
81 90 64 128 0.0249486
82 90 64 128 0.0287283
83 90 64 128 0.037025
84 90 64 128 0.0247444
85 90 64 128 0.0115052
41 91 64 128 0.0169305
42 91 64 128 0.0273249
43 91 64 128 0.03689
44 91 64 128 0.0215071
75 91 64 128 0.0132706
76 91 64 128 0.0204179
77 91 64 128 0.0227168
78 91 64 128 0.0210789
79 91 64 128 0.0201079
80 91 64 128 0.0101129
82 91 64 128 0.0108646
83 91 64 128 0.015974
84 91 64 128 0.0117896
