5 1 85 170 0.0138456
6 1 85 170 0.0145185
5 2 85 170 0.0112034
6 2 85 170 0.0130104
7 2 85 170 0.0104102
0 19 85 170 0.0150619
0 20 85 170 0.0309576
1 20 85 170 0.0223229
2 20 85 170 0.0132978
0 21 85 170 0.0551697
1 21 85 170 0.0407061
2 21 85 170 0.0225499
3 21 85 170 0.0147016
4 21 85 170 0.0135959
5 21 85 170 0.0137147
6 21 85 170 0.0119627
0 22 85 170 0.0735293
1 22 85 170 0.0529958
2 22 85 170 0.0313753
3 22 85 170 0.023064
4 22 85 170 0.0193027
5 22 85 170 0.0202675
6 22 85 170 0.017477
7 22 85 170 0.0124741
8 22 85 170 0.0101289
0 23 85 170 0.0780426
1 23 85 170 0.0553413
2 23 85 170 0.0321173
3 23 85 170 0.0239003
4 23 85 170 0.0200211
5 23 85 170 0.0205552
6 23 85 170 0.0172658
7 23 85 170 0.0120362
0 24 85 170 0.0881208
1 24 85 170 0.0612075
2 24 85 170 0.0277706
3 24 85 170 0.0153445
4 24 85 170 0.0158732
5 24 85 170 0.0148043
6 24 85 170 0.0120169
0 25 85 170 0.132119
1 25 85 170 0.08612
2 25 85 170 0.0367767
3 25 85 170 0.0208727
4 25 85 170 0.0167692
5 25 85 170 0.0141683
6 25 85 170 0.0114532
0 26 85 170 0.137065
1 26 85 170 0.0862506
2 26 85 170 0.0345104
3 26 85 170 0.0195931
4 26 85 170 0.0148835
5 26 85 170 0.0127206
6 26 85 170 0.0106107
0 27 85 170 0.105761
1 27 85 170 0.06658
2 27 85 170 0.0254534
3 27 85 170 0.0132217
4 27 85 170 0.0107431
0 28 85 170 0.080758
1 28 85 170 0.0530537
2 28 85 170 0.023394
3 28 85 170 0.0127593
0 29 85 170 0.0532512
1 29 85 170 0.0345165
2 29 85 170 0.0138491
0 30 85 170 0.046432
1 30 85 170 0.0279343
0 31 85 170 0.0437733
1 31 85 170 0.0262105
0 32 85 170 0.0246786
1 32 85 170 0.016018
0 33 85 170 0.0166216
1 33 85 170 0.0110057
0 34 85 170 0.0129139
0 31 64 128 0.0102429
1 31 64 128 0.0130164
2 31 64 128 0.0114684
0 32 64 128 0.0226451
1 32 64 128 0.0294854
2 32 64 128 0.0190901
0 33 64 128 0.0280285
1 33 64 128 0.0407098
2 33 64 128 0.0287816
3 33 64 128 0.0129116
17 33 64 128 0.0130474
18 33 64 128 0.0205603
19 33 64 128 0.0341385
20 33 64 128 0.0291992
21 33 64 128 0.0210286
22 33 64 128 0.0123298
0 34 64 128 0.0845068
1 34 64 128 0.119085
2 34 64 128 0.068338
3 34 64 128 0.0336049
16 34 64 128 0.011738
17 34 64 128 0.0298587
18 34 64 128 0.055509
19 34 64 128 0.0728493
20 34 64 128 0.0728701
21 34 64 128 0.0653092
22 34 64 128 0.0452166
23 34 64 128 0.0352863
24 34 64 128 0.0211043
25 34 64 128 0.012373
0 35 64 128 0.219506
1 35 64 128 0.309709
2 35 64 128 0.187312
3 35 64 128 0.0885422
4 35 64 128 0.0199867
15 35 64 128 0.011736
16 35 64 128 0.0263735
17 35 64 128 0.0534481
18 35 64 128 0.104122
19 35 64 128 0.141035
20 35 64 128 0.152805
21 35 64 128 0.123747
22 35 64 128 0.085702
23 35 64 128 0.0668684
24 35 64 128 0.0458204
25 35 64 128 0.0285901
26 35 64 128 0.0141365
0 36 64 128 0.670133
1 36 64 128 0.743859
2 36 64 128 0.552975
3 36 64 128 0.31688
4 36 64 128 0.0662234
5 36 64 128 0.015694
15 36 64 128 0.0183512
16 36 64 128 0.0375853
17 36 64 128 0.0690422
18 36 64 128 0.103607
19 36 64 128 0.131652
20 36 64 128 0.157305
21 36 64 128 0.133208
22 36 64 128 0.11235
23 36 64 128 0.0836108
24 36 64 128 0.0682682
25 36 64 128 0.0404411
26 36 64 128 0.023584
27 36 64 128 0.0116191
0 37 64 128 0.86869
1 37 64 128 0.907937
2 37 64 128 0.799078
3 37 64 128 0.588493
4 37 64 128 0.177604
5 37 64 128 0.0407249
15 37 64 128 0.0227588
16 37 64 128 0.0411981
17 37 64 128 0.0597387
18 37 64 128 0.087214
19 37 64 128 0.0961912
20 37 64 128 0.129802
21 37 64 128 0.0980849
22 37 64 128 0.075927
23 37 64 128 0.0514615
24 37 64 128 0.0412244
25 37 64 128 0.0224934
26 37 64 128 0.0140965
0 38 64 128 0.985051
1 38 64 128 0.988099
2 38 64 128 0.96702
3 38 64 128 0.90758
4 38 64 128 0.578989
5 38 64 128 0.173029
6 38 64 128 0.0467215
7 38 64 128 0.0306012
8 38 64 128 0.0151
14 38 64 128 0.011638
15 38 64 128 0.0228469
16 38 64 128 0.0318568
17 38 64 128 0.0428863
18 38 64 128 0.0524244
19 38 64 128 0.0537877
20 38 64 128 0.0627389
21 38 64 128 0.052343
22 38 64 128 0.0431889
23 38 64 128 0.0341875
24 38 64 128 0.0350333
25 38 64 128 0.0203414
26 38 64 128 0.0110398
0 39 64 128 0.996858
1 39 64 128 0.997458
2 39 64 128 0.991629
3 39 64 128 0.973147
4 39 64 128 0.857915
5 39 64 128 0.451612
6 39 64 128 0.200839
7 39 64 128 0.128867
8 39 64 128 0.0644261
9 39 64 128 0.0249462
13 39 64 128 0.0100449
14 39 64 128 0.018653
15 39 64 128 0.0264239
16 39 64 128 0.0315983
17 39 64 128 0.0326979
18 39 64 128 0.0376746
19 39 64 128 0.0331988
20 39 64 128 0.0359994
21 39 64 128 0.0253817
22 39 64 128 0.0213513
23 39 64 128 0.0169626
24 39 64 128 0.0212016
25 39 64 128 0.0112357
0 40 64 128 0.99958
1 40 64 128 0.999604
2 40 64 128 0.998533
3 40 64 128 0.994453
4 40 64 128 0.967527
5 40 64 128 0.832273
6 40 64 128 0.561777
7 40 64 128 0.402224
8 40 64 128 0.207342
9 40 64 128 0.0807861
10 40 64 128 0.0274852
11 40 64 128 0.0169456
12 40 64 128 0.0140509
13 40 64 128 0.0183047
14 40 64 128 0.024847
15 40 64 128 0.0256106
16 40 64 128 0.0236769
17 40 64 128 0.020203
18 40 64 128 0.0209192
19 40 64 128 0.0162125
20 40 64 128 0.0151459
21 40 64 128 0.0125334
22 40 64 128 0.0104692
0 41 64 128 0.999609
1 41 64 128 0.999647
2 41 64 128 0.998832
3 41 64 128 0.995664
4 41 64 128 0.979412
5 41 64 128 0.876712
6 41 64 128 0.655405
7 41 64 128 0.505901
8 41 64 128 0.335785
9 41 64 128 0.129978
10 41 64 128 0.05004
11 41 64 128 0.0308424
12 41 64 128 0.0206845
13 41 64 128 0.0193296
14 41 64 128 0.0187837
15 41 64 128 0.0171867
16 41 64 128 0.0145114
17 41 64 128 0.0101783
0 42 64 128 0.999874
1 42 64 128 0.999869
2 42 64 128 0.999629
3 42 64 128 0.998733
4 42 64 128 0.993567
5 42 64 128 0.961791
6 42 64 128 0.879929
7 42 64 128 0.808526
8 42 64 128 0.598224
9 42 64 128 0.342559
10 42 64 128 0.133743
11 42 64 128 0.0806168
12 42 64 128 0.0446915
13 42 64 128 0.036713
14 42 64 128 0.0319887
15 42 64 128 0.0261942
16 42 64 128 0.0159186
0 43 64 128 0.999834
1 43 64 128 0.999816
2 43 64 128 0.999575
3 43 64 128 0.998249
4 43 64 128 0.992928
5 43 64 128 0.95921
6 43 64 128 0.908494
7 43 64 128 0.840619
8 43 64 128 0.720162
9 43 64 128 0.387581
10 43 64 128 0.184649
11 43 64 128 0.0848178
12 43 64 128 0.0516278
13 43 64 128 0.0292318
14 43 64 128 0.0248891
15 43 64 128 0.0182444
16 43 64 128 0.0117949
94 43 64 128 0.011883
95 43 64 128 0.0136517
0 44 64 128 0.999903
1 44 64 128 0.999894
2 44 64 128 0.999732
3 44 64 128 0.999038
4 44 64 128 0.99569
5 44 64 128 0.981977
6 44 64 128 0.954758
7 44 64 128 0.935464
8 44 64 128 0.864825
9 44 64 128 0.589344
10 44 64 128 0.307274
11 44 64 128 0.159303
12 44 64 128 0.0805102
13 44 64 128 0.0459575
14 44 64 128 0.0295024
15 44 64 128 0.0198714
16 44 64 128 0.0112843
94 44 64 128 0.0115491
95 44 64 128 0.0148826
0 45 64 128 0.999736
1 45 64 128 0.999658
2 45 64 128 0.999117
3 45 64 128 0.997103
4 45 64 128 0.990609
5 45 64 128 0.965133
6 45 64 128 0.948532
7 45 64 128 0.918784
8 45 64 128 0.86032
9 45 64 128 0.560809
10 45 64 128 0.262134
11 45 64 128 0.123675
12 45 64 128 0.0646172
13 45 64 128 0.0253005
14 45 64 128 0.0154164
15 45 64 128 0.010695
95 45 64 128 0.0102139
101 45 64 128 0.0108859
0 46 64 128 0.999807
1 46 64 128 0.99972
2 46 64 128 0.999441
3 46 64 128 0.998252
4 46 64 128 0.994272
5 46 64 128 0.982532
6 46 64 128 0.977301
7 46 64 128 0.967495
8 46 64 128 0.924844
9 46 64 128 0.73266
10 46 64 128 0.426215
11 46 64 128 0.216646
12 46 64 128 0.102442
13 46 64 128 0.045958
14 46 64 128 0.0239373
15 46 64 128 0.0159383
99 46 64 128 0.0120624
100 46 64 128 0.0131987
101 46 64 128 0.021177
102 46 64 128 0.0124148
0 47 64 128 0.999534
1 47 64 128 0.999213
2 47 64 128 0.998345
3 47 64 128 0.995639
4 47 64 128 0.989386
5 47 64 128 0.973432
6 47 64 128 0.973132
7 47 64 128 0.961376
8 47 64 128 0.92223
9 47 64 128 0.733367
10 47 64 128 0.441059
11 47 64 128 0.222076
12 47 64 128 0.108142
13 47 64 128 0.0482962
14 47 64 128 0.0231333
15 47 64 128 0.0156186
101 47 64 128 0.012126
0 48 64 128 0.999044
1 48 64 128 0.998422
2 48 64 128 0.996627
3 48 64 128 0.994513
4 48 64 128 0.987473
5 48 64 128 0.973267
6 48 64 128 0.967442
7 48 64 128 0.964627
8 48 64 128 0.939193
9 48 64 128 0.81848
10 48 64 128 0.531319
11 48 64 128 0.349603
12 48 64 128 0.168391
13 48 64 128 0.086041
14 48 64 128 0.038752
15 48 64 128 0.0287514
16 48 64 128 0.0121798
0 49 64 128 0.993147
1 49 64 128 0.988915
2 49 64 128 0.980122
3 49 64 128 0.974121
4 49 64 128 0.9523
5 49 64 128 0.89944
6 49 64 128 0.905901
7 49 64 128 0.900341
8 49 64 128 0.848995
9 49 64 128 0.58778
10 49 64 128 0.341176
11 49 64 128 0.196583
12 49 64 128 0.103108
13 49 64 128 0.0437192
14 49 64 128 0.0211206
15 49 64 128 0.0164893
0 50 64 128 0.981918
1 50 64 128 0.97569
2 50 64 128 0.967717
3 50 64 128 0.959302
4 50 64 128 0.922584
5 50 64 128 0.869929
6 50 64 128 0.897106
7 50 64 128 0.883261
8 50 64 128 0.808187
9 50 64 128 0.539713
10 50 64 128 0.322572
11 50 64 128 0.188985
12 50 64 128 0.0794997
13 50 64 128 0.0425217
14 50 64 128 0.0229958
15 50 64 128 0.0158489
0 51 64 128 0.951109
1 51 64 128 0.921492
2 51 64 128 0.889342
3 51 64 128 0.859913
4 51 64 128 0.803496
5 51 64 128 0.694366
6 51 64 128 0.740805
7 51 64 128 0.690648
8 51 64 128 0.561054
9 51 64 128 0.244407
10 51 64 128 0.128602
11 51 64 128 0.0668049
12 51 64 128 0.0295577
13 51 64 128 0.0150124
0 52 64 128 0.903729
1 52 64 128 0.856528
2 52 64 128 0.79585
3 52 64 128 0.778084
4 52 64 128 0.663612
5 52 64 128 0.56623
6 52 64 128 0.569002
7 52 64 128 0.499379
8 52 64 128 0.325624
9 52 64 128 0.117931
10 52 64 128 0.0559356
11 52 64 128 0.0301203
12 52 64 128 0.0123357
0 53 64 128 0.764163
1 53 64 128 0.627651
2 53 64 128 0.527641
3 53 64 128 0.465697
4 53 64 128 0.397268
5 53 64 128 0.263391
6 53 64 128 0.247236
7 53 64 128 0.161929
8 53 64 128 0.0803937
9 53 64 128 0.0222261
0 54 64 128 0.73908
1 54 64 128 0.652841
2 54 64 128 0.517955
3 54 64 128 0.439679
4 54 64 128 0.327036
5 54 64 128 0.228557
6 54 64 128 0.189686
7 54 64 128 0.116883
8 54 64 128 0.0492681
9 54 64 128 0.0124558
0 55 64 128 0.689642
1 55 64 128 0.503396
2 55 64 128 0.38865
3 55 64 128 0.29269
4 55 64 128 0.208433
5 55 64 128 0.128496
6 55 64 128 0.0948373
7 55 64 128 0.0528913
8 55 64 128 0.0163611
0 56 64 128 0.739991
1 56 64 128 0.530762
2 56 64 128 0.37712
3 56 64 128 0.294476
4 56 64 128 0.200506
5 56 64 128 0.124436
6 56 64 128 0.078664
7 56 64 128 0.0404789
8 56 64 128 0.0115205
0 57 64 128 0.712831
1 57 64 128 0.508111
2 57 64 128 0.330218
3 57 64 128 0.238626
4 57 64 128 0.176163
5 57 64 128 0.0881243
6 57 64 128 0.0458512
7 57 64 128 0.0174406
0 58 64 128 0.765449
1 58 64 128 0.56668
2 58 64 128 0.392354
3 58 64 128 0.297128
4 58 64 128 0.208738
5 58 64 128 0.0989712
6 58 64 128 0.0471001
7 58 64 128 0.014239
0 59 64 128 0.720323
1 59 64 128 0.453408
2 59 64 128 0.313569
3 59 64 128 0.221834
4 59 64 128 0.132248
5 59 64 128 0.0618299
6 59 64 128 0.0236204
0 60 64 128 0.681605
1 60 64 128 0.40476
2 60 64 128 0.252
3 60 64 128 0.206097
4 60 64 128 0.103579
5 60 64 128 0.0518378
6 60 64 128 0.0175373
0 61 64 128 0.476701
1 61 64 128 0.217216
2 61 64 128 0.122924
3 61 64 128 0.0973528
4 61 64 128 0.0481609
5 61 64 128 0.0253567
0 62 64 128 0.34113
1 62 64 128 0.160812
2 62 64 128 0.0839962
3 62 64 128 0.0540337
4 62 64 128 0.0306536
5 62 64 128 0.0167254
0 63 64 128 0.134198
1 63 64 128 0.0539119
2 63 64 128 0.0284894
3 63 64 128 0.019319
4 63 64 128 0.0126728
0 64 64 128 0.0726881
1 64 64 128 0.0237004
2 64 64 128 0.012434
0 65 64 128 0.038395
1 65 64 128 0.0124364
0 66 64 128 0.0240747
0 67 64 128 0.0116149
97 76 64 128 0.0148133
98 76 64 128 0.0163224
96 77 64 128 0.0122534
97 77 64 128 0.0187643
98 77 64 128 0.0165223
96 78 64 128 0.0172711
97 78 64 128 0.0288319
98 78 64 128 0.0279171
99 78 64 128 0.0166912
100 78 64 128 0.0131009
95 79 64 128 0.0108204
96 79 64 128 0.0220016
97 79 64 128 0.0370639
98 79 64 128 0.0361975
99 79 64 128 0.0208426
100 79 64 128 0.0174109
101 79 64 128 0.0122778
95 80 64 128 0.012595
96 80 64 128 0.0255264
97 80 64 128 0.0447835
98 80 64 128 0.0517672
99 80 64 128 0.0310235
100 80 64 128 0.0266282
101 80 64 128 0.0190941
102 80 64 128 0.0130547
96 81 64 128 0.0219686
97 81 64 128 0.0441713
98 81 64 128 0.0440506
99 81 64 128 0.0284744
100 81 64 128 0.0273812
101 81 64 128 0.0194563
102 81 64 128 0.0136064
96 82 64 128 0.0153886
97 82 64 128 0.0372494
98 82 64 128 0.0450537
99 82 64 128 0.0274304
100 82 64 128 0.0290291
101 82 64 128 0.0231792
102 82 64 128 0.0186603
96 83 64 128 0.0111478
97 83 64 128 0.0278857
98 83 64 128 0.0306342
99 83 64 128 0.0235472
100 83 64 128 0.0242401
101 83 64 128 0.0235961
102 83 64 128 0.0194403
103 83 64 128 0.0114652
97 84 64 128 0.0237669
98 84 64 128 0.0310135
99 84 64 128 0.0245071
100 84 64 128 0.0239981
101 84 64 128 0.0241983
102 84 64 128 0.0221551
103 84 64 128 0.0132755
104 84 64 128 0.0106006
97 85 64 128 0.0116949
98 85 64 128 0.0169996
99 85 64 128 0.0152891
100 85 64 128 0.0185215
101 85 64 128 0.0193184
102 85 64 128 0.0181481
103 85 64 128 0.0121318
98 86 64 128 0.0100547
99 86 64 128 0.0109736
100 86 64 128 0.0158948
101 86 64 128 0.01916
102 86 64 128 0.0200722
103 86 64 128 0.0138242
104 86 64 128 0.0107694
101 87 64 128 0.0106019
102 87 64 128 0.0110563
193 93 64 128 0.0100633
193 94 64 128 0.0115102
193 95 64 128 0.018715
194 95 64 128 0.0131153
195 95 64 128 0.0119542
193 96 64 128 0.0171106
194 96 64 128 0.0108056
192 97 64 128 0.0117438
193 97 64 128 0.0188251
11 98 64 128 0.0124353
12 98 64 128 0.0223026
13 98 64 128 0.0215849
14 98 64 128 0.0170905
15 98 64 128 0.0142998
193 98 64 128 0.0144999
11 99 64 128 0.0137965
12 99 64 128 0.0233986
13 99 64 128 0.0251801
14 99 64 128 0.020193
15 99 64 128 0.0187331
58 99 64 128 0.0125112
59 99 64 128 0.0171946
60 99 64 128 0.0330293
61 99 64 128 0.0350721
62 99 64 128 0.0356662
63 99 64 128 0.0191494
64 99 64 128 0.0121567
11 100 64 128 0.0181356
12 100 64 128 0.0309725
13 100 64 128 0.0384508
14 100 64 128 0.0271868
15 100 64 128 0.0269009
16 100 64 128 0.0167929
17 100 64 128 0.0150235
19 100 64 128 0.0136691
20 100 64 128 0.0106724
32 100 64 128 0.0100739
41 100 64 128 0.0128276
42 100 64 128 0.014897
43 100 64 128 0.0219579
44 100 64 128 0.0273553
45 100 64 128 0.0336354
46 100 64 128 0.0358874
47 100 64 128 0.0312175
48 100 64 128 0.0320705
49 100 64 128 0.0275163
50 100 64 128 0.0211629
51 100 64 128 0.0220164
52 100 64 128 0.0294928
53 100 64 128 0.0383021
54 100 64 128 0.0430562
55 100 64 128 0.0484253
56 100 64 128 0.0720166
57 100 64 128 0.116177
58 100 64 128 0.193753
59 100 64 128 0.250304
60 100 64 128 0.367707
61 100 64 128 0.355058
62 100 64 128 0.273524
63 100 64 128 0.158835
64 100 64 128 0.0812934
65 100 64 128 0.0321913
66 100 64 128 0.0105011
169 100 64 128 0.0105002
11 101 64 128 0.0133591
12 101 64 128 0.021332
13 101 64 128 0.0228581
14 101 64 128 0.0181193
15 101 64 128 0.0186055
16 101 64 128 0.0107683
42 101 64 128 0.0108651
43 101 64 128 0.0178454
44 101 64 128 0.0271214
45 101 64 128 0.0343354
46 101 64 128 0.0405468
47 101 64 128 0.0433616
48 101 64 128 0.0422526
49 101 64 128 0.0362032
50 101 64 128 0.0362428
51 101 64 128 0.0407294
52 101 64 128 0.0451931
53 101 64 128 0.0512953
54 101 64 128 0.0608833
55 101 64 128 0.073964
56 101 64 128 0.104703
57 101 64 128 0.174267
58 101 64 128 0.242295
59 101 64 128 0.263193
60 101 64 128 0.402983
61 101 64 128 0.397187
62 101 64 128 0.314651
63 101 64 128 0.182201
64 101 64 128 0.100324
65 101 64 128 0.0352094
66 101 64 128 0.0121463
167 101 64 128 0.0117206
168 101 64 128 0.0190575
169 101 64 128 0.0201432
11 102 64 128 0.0109848
12 102 64 128 0.015862
13 102 64 128 0.0192128
14 102 64 128 0.0181486
15 102 64 128 0.0191635
16 102 64 128 0.011692
17 102 64 128 0.010906
31 102 64 128 0.0107381
32 102 64 128 0.0117217
33 102 64 128 0.0104707
34 102 64 128 0.0103856
40 102 64 128 0.0109981
41 102 64 128 0.0150382
42 102 64 128 0.0220056
43 102 64 128 0.0376677
44 102 64 128 0.0501676
45 102 64 128 0.0676925
46 102 64 128 0.0900092
47 102 64 128 0.112952
48 102 64 128 0.127498
49 102 64 128 0.117418
50 102 64 128 0.119703
51 102 64 128 0.157735
52 102 64 128 0.183334
53 102 64 128 0.201887
54 102 64 128 0.217777
55 102 64 128 0.252726
56 102 64 128 0.336356
57 102 64 128 0.436961
58 102 64 128 0.517483
59 102 64 128 0.589135
60 102 64 128 0.65171
61 102 64 128 0.616105
62 102 64 128 0.529787
63 102 64 128 0.332071
64 102 64 128 0.163012
65 102 64 128 0.0587411
66 102 64 128 0.0208002
167 102 64 128 0.0122612
168 102 64 128 0.0187058
169 102 64 128 0.0215955
13 103 64 128 0.0110311
43 103 64 128 0.0166807
44 103 64 128 0.0268718
45 103 64 128 0.0357825
46 103 64 128 0.0513228
47 103 64 128 0.0606648
48 103 64 128 0.0645868
49 103 64 128 0.0624959
50 103 64 128 0.0711177
51 103 64 128 0.0864887
52 103 64 128 0.107458
53 103 64 128 0.125994
54 103 64 128 0.145898
55 103 64 128 0.159145
56 103 64 128 0.205393
57 103 64 128 0.280666
58 103 64 128 0.385092
59 103 64 128 0.423845
60 103 64 128 0.513959
61 103 64 128 0.490013
62 103 64 128 0.414138
63 103 64 128 0.221776
64 103 64 128 0.110938
65 103 64 128 0.0416186
66 103 64 128 0.0150456
167 103 64 128 0.014755
168 103 64 128 0.0217195
169 103 64 128 0.0294546
170 103 64 128 0.0136605
171 103 64 128 0.0107081
227 103 64 128 0.0104473
13 104 64 128 0.0109688
15 104 64 128 0.0110719
41 104 64 128 0.0150146
42 104 64 128 0.0211082
43 104 64 128 0.0368313
44 104 64 128 0.0605991
45 104 64 128 0.0940675
46 104 64 128 0.138233
47 104 64 128 0.167897
48 104 64 128 0.195142
49 104 64 128 0.200537
50 104 64 128 0.218917
51 104 64 128 0.254336
52 104 64 128 0.299502
53 104 64 128 0.332291
54 104 64 128 0.346451
55 104 64 128 0.412497
56 104 64 128 0.479861
57 104 64 128 0.565705
58 104 64 128 0.63882
59 104 64 128 0.693169
60 104 64 128 0.741718
61 104 64 128 0.69172
62 104 64 128 0.608092
63 104 64 128 0.392205
64 104 64 128 0.227654
65 104 64 128 0.0864586
66 104 64 128 0.02818
67 104 64 128 0.0110065
167 104 64 128 0.013539
168 104 64 128 0.0234978
169 104 64 128 0.0310009
170 104 64 128 0.0143647
171 104 64 128 0.0124811
225 104 64 128 0.0132638
226 104 64 128 0.0163241
227 104 64 128 0.0180023
228 104 64 128 0.0156433
229 104 64 128 0.0142002
230 104 64 128 0.0124701
43 105 64 128 0.0106088
44 105 64 128 0.0184244
45 105 64 128 0.0304033
46 105 64 128 0.0467889
47 105 64 128 0.0580146
48 105 64 128 0.0748542
49 105 64 128 0.0812524
50 105 64 128 0.105042
51 105 64 128 0.120919
52 105 64 128 0.146657
53 105 64 128 0.15615
54 105 64 128 0.174809
55 105 64 128 0.188906
56 105 64 128 0.258933
57 105 64 128 0.309037
58 105 64 128 0.394879
59 105 64 128 0.421929
60 105 64 128 0.491874
61 105 64 128 0.421549
62 105 64 128 0.350369
63 105 64 128 0.206131
64 105 64 128 0.110794
65 105 64 128 0.044985
66 105 64 128 0.0174587
167 105 64 128 0.0181272
168 105 64 128 0.0308482
169 105 64 128 0.0429656
170 105 64 128 0.0195073
171 105 64 128 0.0168854
223 105 64 128 0.0105186
224 105 64 128 0.014624
225 105 64 128 0.0293289
226 105 64 128 0.0341823
227 105 64 128 0.0392697
228 105 64 128 0.0361481
229 105 64 128 0.0328583
230 105 64 128 0.0260642
231 105 64 128 0.0187695
43 106 64 128 0.0129685
44 106 64 128 0.0220769
45 106 64 128 0.0361191
46 106 64 128 0.0480137
47 106 64 128 0.0615117
48 106 64 128 0.0810773
49 106 64 128 0.10041
50 106 64 128 0.121253
51 106 64 128 0.169194
52 106 64 128 0.183599
53 106 64 128 0.215267
54 106 64 128 0.241375
55 106 64 128 0.307565
56 106 64 128 0.36189
57 106 64 128 0.426819
58 106 64 128 0.528512
59 106 64 128 0.574369
60 106 64 128 0.543881
61 106 64 128 0.492644
62 106 64 128 0.386022
63 106 64 128 0.25394
64 106 64 128 0.136813
65 106 64 128 0.0611799
66 106 64 128 0.0278227
67 106 64 128 0.0149243
167 106 64 128 0.0206486
168 106 64 128 0.0276234
169 106 64 128 0.0464319
170 106 64 128 0.0189369
171 106 64 128 0.0176244
224 106 64 128 0.0116591
225 106 64 128 0.0219853
226 106 64 128 0.0312804
227 106 64 128 0.0411834
228 106 64 128 0.0509947
229 106 64 128 0.0414804
230 106 64 128 0.0370849
231 106 64 128 0.0275201
232 106 64 128 0.0129429
45 107 64 128 0.0147987
46 107 64 128 0.0220326
47 107 64 128 0.0287332
48 107 64 128 0.038874
49 107 64 128 0.0397571
50 107 64 128 0.0531764
51 107 64 128 0.0604308
52 107 64 128 0.0684245
53 107 64 128 0.0806007
54 107 64 128 0.0875992
55 107 64 128 0.111629
56 107 64 128 0.148422
57 107 64 128 0.202889
58 107 64 128 0.268031
59 107 64 128 0.290726
60 107 64 128 0.322668
61 107 64 128 0.296755
62 107 64 128 0.245206
63 107 64 128 0.170206
64 107 64 128 0.0886467
65 107 64 128 0.0441754
66 107 64 128 0.0232334
67 107 64 128 0.0140708
167 107 64 128 0.0232021
168 107 64 128 0.0350134
169 107 64 128 0.0627273
170 107 64 128 0.0275358
171 107 64 128 0.0202029
225 107 64 128 0.0190039
226 107 64 128 0.0255313
227 107 64 128 0.0409756
228 107 64 128 0.0441149
229 107 64 128 0.0445935
230 107 64 128 0.0386491
231 107 64 128 0.0363776
232 107 64 128 0.0146793
44 108 64 128 0.0104005
45 108 64 128 0.0165783
46 108 64 128 0.02638
47 108 64 128 0.0338756
48 108 64 128 0.0466599
49 108 64 128 0.0494288
50 108 64 128 0.0606511
51 108 64 128 0.0695787
52 108 64 128 0.0909973
53 108 64 128 0.104423
54 108 64 128 0.124811
55 108 64 128 0.159853
56 108 64 128 0.208111
57 108 64 128 0.248907
58 108 64 128 0.326813
59 108 64 128 0.363541
60 108 64 128 0.408267
61 108 64 128 0.369315
62 108 64 128 0.316658
63 108 64 128 0.230531
64 108 64 128 0.149495
65 108 64 128 0.0887241
66 108 64 128 0.0472863
67 108 64 128 0.0345354
68 108 64 128 0.0226517
69 108 64 128 0.0165438
70 108 64 128 0.0116019
167 108 64 128 0.0274743
168 108 64 128 0.040634
169 108 64 128 0.0725763
170 108 64 128 0.0339085
171 108 64 128 0.0224535
226 108 64 128 0.0128443
227 108 64 128 0.020788
228 108 64 128 0.0302407
229 108 64 128 0.0340729
230 108 64 128 0.0366275
231 108 64 128 0.0323015
232 108 64 128 0.017939
50 109 64 128 0.0108113
51 109 64 128 0.01328
52 109 64 128 0.0171949
53 109 64 128 0.0178857
54 109 64 128 0.0225885
55 109 64 128 0.0260708
56 109 64 128 0.0399841
57 109 64 128 0.0445448
58 109 64 128 0.0708016
59 109 64 128 0.0844365
60 109 64 128 0.108601
61 109 64 128 0.0861684
62 109 64 128 0.0785125
63 109 64 128 0.0664387
64 109 64 128 0.0555533
65 109 64 128 0.0382948
66 109 64 128 0.0248075
67 109 64 128 0.0221747
68 109 64 128 0.0197414
69 109 64 128 0.017574
70 109 64 128 0.0126644
71 109 64 128 0.0133393
72 109 64 128 0.0110522
73 109 64 128 0.0101747
167 109 64 128 0.0301236
168 109 64 128 0.0429417
169 109 64 128 0.0796065
170 109 64 128 0.0428518
171 109 64 128 0.0297055
172 109 64 128 0.0116488
227 109 64 128 0.0116631
228 109 64 128 0.0153757
229 109 64 128 0.0210235
230 109 64 128 0.0200234
231 109 64 128 0.0228889
232 109 64 128 0.0112896
55 110 64 128 0.0138121
56 110 64 128 0.0173656
57 110 64 128 0.0201579
58 110 64 128 0.0269965
59 110 64 128 0.0342398
60 110 64 128 0.0385974
61 110 64 128 0.03618
62 110 64 128 0.0354863
63 110 64 128 0.0365743
64 110 64 128 0.0361522
65 110 64 128 0.0307021
66 110 64 128 0.0274351
67 110 64 128 0.029546
68 110 64 128 0.0289832
69 110 64 128 0.0317243
70 110 64 128 0.0247507
71 110 64 128 0.0239517
72 110 64 128 0.0240311
73 110 64 128 0.0221181
74 110 64 128 0.0172251
75 110 64 128 0.0163635
76 110 64 128 0.0110624
99 110 64 128 0.0107318
100 110 64 128 0.0112753
101 110 64 128 0.0141808
167 110 64 128 0.0273857
168 110 64 128 0.0394719
169 110 64 128 0.0787639
170 110 64 128 0.0378477
171 110 64 128 0.033064
172 110 64 128 0.0129742
230 110 64 128 0.0106634
231 110 64 128 0.011536
62 111 64 128 0.0103274
63 111 64 128 0.0125049
64 111 64 128 0.0129947
65 111 64 128 0.0150609
66 111 64 128 0.016492
67 111 64 128 0.0200085
68 111 64 128 0.0224915
69 111 64 128 0.0269699
70 111 64 128 0.0230858
71 111 64 128 0.0260446
72 111 64 128 0.0249204
73 111 64 128 0.0234411
74 111 64 128 0.0194672
75 111 64 128 0.0164459
76 111 64 128 0.010336
99 111 64 128 0.0114901
100 111 64 128 0.0146383
101 111 64 128 0.0189019
167 111 64 128 0.0237752
168 111 64 128 0.0398608
169 111 64 128 0.0851641
170 111 64 128 0.0400945
171 111 64 128 0.0314434
172 111 64 128 0.0124178
243 111 64 128 0.0102652
244 111 64 128 0.0149862
245 111 64 128 0.0144003
246 111 64 128 0.0171335
247 111 64 128 0.0117589
248 111 64 128 0.0134155
