238 91 64 128 0.0116745
239 91 64 128 0.0135783
240 91 64 128 0.0113751
214 92 64 128 0.0103902
236 99 64 128 0.015437
237 99 64 128 0.01601
238 99 64 128 0.0178298
239 99 64 128 0.0164416
240 99 64 128 0.0110105
235 100 64 128 0.0101901
236 100 64 128 0.0162893
237 100 64 128 0.0150355
238 100 64 128 0.0195911
239 100 64 128 0.0154299
240 100 64 128 0.0106294
235 101 64 128 0.0182226
236 101 64 128 0.0258361
237 101 64 128 0.0289657
238 101 64 128 0.0278566
239 101 64 128 0.0274754
240 101 64 128 0.0140636
236 102 64 128 0.0141821
237 102 64 128 0.0181948
238 102 64 128 0.0183559
239 102 64 128 0.0168281
235 103 64 128 0.0158511
236 103 64 128 0.0319023
237 103 64 128 0.0360785
238 103 64 128 0.0405132
239 103 64 128 0.0302468
240 103 64 128 0.0160409
235 104 64 128 0.0117242
236 104 64 128 0.0238172
237 104 64 128 0.0260919
238 104 64 128 0.0317615
239 104 64 128 0.0233469
240 104 64 128 0.0126567
235 105 64 128 0.0178831
236 105 64 128 0.0320349
237 105 64 128 0.0373107
238 105 64 128 0.0390047
239 105 64 128 0.0300346
240 105 64 128 0.0155291
236 106 64 128 0.016557
237 106 64 128 0.0189777
238 106 64 128 0.020648
239 106 64 128 0.0151748
235 107 64 128 0.0115173
236 107 64 128 0.0237221
237 107 64 128 0.0234728
238 107 64 128 0.0285678
239 107 64 128 0.0201048
240 107 64 128 0.0115924
236 108 64 128 0.014118
237 108 64 128 0.0137109
238 108 64 128 0.016115
239 108 64 128 0.0120618
236 109 64 128 0.0128289
237 109 64 128 0.0121568
238 109 64 128 0.014879
239 109 64 128 0.012041
