232 18 85 170 0.0113969
233 18 85 170 0.0109572
232 19 85 170 0.0131882
233 19 85 170 0.0127782
232 20 85 170 0.0155777
233 20 85 170 0.0159436
231 21 85 170 0.0114505
232 21 85 170 0.019304
233 21 85 170 0.0200903
234 21 85 170 0.0102754
231 22 85 170 0.0112493
232 22 85 170 0.0182529
233 22 85 170 0.0194918
234 22 85 170 0.0103229
231 23 85 170 0.0103619
232 23 85 170 0.0159079
233 23 85 170 0.017047
231 24 85 170 0.0109674
232 24 85 170 0.0163091
233 24 85 170 0.0165501
231 25 85 170 0.0102613
232 25 85 170 0.0137448
233 25 85 170 0.0137426
232 26 85 170 0.0140172
233 26 85 170 0.0136384
232 27 85 170 0.0132638
233 27 85 170 0.0129212
243 31 64 128 0.0114585
244 31 64 128 0.0135922
245 31 64 128 0.0140016
246 31 64 128 0.0148525
247 31 64 128 0.0161721
248 31 64 128 0.016976
243 32 64 128 0.0131918
244 32 64 128 0.019906
245 32 64 128 0.023205
246 32 64 128 0.0301147
247 32 64 128 0.0303373
248 32 64 128 0.0297551
249 32 64 128 0.0161087
250 32 64 128 0.0102881
243 33 64 128 0.0138853
244 33 64 128 0.0217049
245 33 64 128 0.0250209
246 33 64 128 0.0394978
247 33 64 128 0.0393969
248 33 64 128 0.0401306
249 33 64 128 0.022586
250 33 64 128 0.0160825
243 34 64 128 0.0124489
244 34 64 128 0.0223075
245 34 64 128 0.0268211
246 34 64 128 0.0436408
247 34 64 128 0.0557771
248 34 64 128 0.0582077
249 34 64 128 0.0309999
250 34 64 128 0.0175585
243 35 64 128 0.0153218
244 35 64 128 0.0231962
245 35 64 128 0.0288699
246 35 64 128 0.0432854
247 35 64 128 0.0688336
248 35 64 128 0.0730087
249 35 64 128 0.0415836
250 35 64 128 0.0256386
243 36 64 128 0.0105969
244 36 64 128 0.0168454
245 36 64 128 0.0228867
246 36 64 128 0.0382252
247 36 64 128 0.052776
248 36 64 128 0.0558053
249 36 64 128 0.0388338
250 36 64 128 0.0216203
100 37 64 128 0.0121994
101 37 64 128 0.0166357
102 37 64 128 0.0130357
103 37 64 128 0.0129404
104 37 64 128 0.0128182
105 37 64 128 0.0113045
243 37 64 128 0.0112156
244 37 64 128 0.0141551
245 37 64 128 0.0194506
246 37 64 128 0.0291449
247 37 64 128 0.0393297
248 37 64 128 0.0411432
249 37 64 128 0.0253848
250 37 64 128 0.0151522
100 38 64 128 0.0154475
101 38 64 128 0.0155553
102 38 64 128 0.0160882
103 38 64 128 0.0138337
104 38 64 128 0.0179894
105 38 64 128 0.0102757
244 38 64 128 0.012764
245 38 64 128 0.01341
246 38 64 128 0.024522
247 38 64 128 0.0352717
248 38 64 128 0.0338775
249 38 64 128 0.0211878
250 38 64 128 0.0116841
99 39 64 128 0.0144195
100 39 64 128 0.0216583
101 39 64 128 0.0240312
102 39 64 128 0.0232309
103 39 64 128 0.0208463
104 39 64 128 0.0222365
105 39 64 128 0.015721
244 39 64 128 0.0140601
245 39 64 128 0.014613
246 39 64 128 0.0196517
247 39 64 128 0.0339463
248 39 64 128 0.0289507
249 39 64 128 0.0159587
99 40 64 128 0.015326
100 40 64 128 0.022015
101 40 64 128 0.0194139
102 40 64 128 0.018351
103 40 64 128 0.0156203
104 40 64 128 0.0148841
105 40 64 128 0.0108719
245 40 64 128 0.0130145
246 40 64 128 0.018544
247 40 64 128 0.0284769
248 40 64 128 0.0199018
249 40 64 128 0.0106934
99 41 64 128 0.0116613
100 41 64 128 0.0134278
101 41 64 128 0.01404
102 41 64 128 0.0120338
104 41 64 128 0.0104708
245 41 64 128 0.0107934
246 41 64 128 0.0169066
247 41 64 128 0.0202878
248 41 64 128 0.0129261
246 42 64 128 0.0133939
247 42 64 128 0.0152029
241 43 64 128 0.0103732
242 43 64 128 0.013469
243 43 64 128 0.0136397
244 43 64 128 0.0125764
245 43 64 128 0.0117629
246 43 64 128 0.013002
247 43 64 128 0.0140614
238 44 64 128 0.0115632
239 44 64 128 0.0140266
240 44 64 128 0.015771
241 44 64 128 0.01701
242 44 64 128 0.0200089
243 44 64 128 0.0178046
244 44 64 128 0.0139572
245 44 64 128 0.0141761
246 44 64 128 0.0124071
247 44 64 128 0.0100307
237 45 64 128 0.011845
238 45 64 128 0.0215178
239 45 64 128 0.0260657
240 45 64 128 0.0302079
241 45 64 128 0.0316618
242 45 64 128 0.0352482
243 45 64 128 0.0277386
244 45 64 128 0.0201785
245 45 64 128 0.0178837
246 45 64 128 0.0131063
236 46 64 128 0.0101868
237 46 64 128 0.0170129
238 46 64 128 0.0339186
239 46 64 128 0.0452513
240 46 64 128 0.0506184
241 46 64 128 0.0503588
242 46 64 128 0.0567481
243 46 64 128 0.0459675
244 46 64 128 0.0332478
245 46 64 128 0.0211038
246 46 64 128 0.0210075
247 46 64 128 0.0141374
236 47 64 128 0.0113359
237 47 64 128 0.0234626
238 47 64 128 0.0422713
239 47 64 128 0.0736842
240 47 64 128 0.0870499
241 47 64 128 0.103263
242 47 64 128 0.110636
243 47 64 128 0.0824481
244 47 64 128 0.049138
245 47 64 128 0.0370329
246 47 64 128 0.0305467
247 47 64 128 0.0228675
236 48 64 128 0.0148911
237 48 64 128 0.0367504
238 48 64 128 0.081537
239 48 64 128 0.133131
240 48 64 128 0.165959
241 48 64 128 0.194883
242 48 64 128 0.20957
243 48 64 128 0.157534
244 48 64 128 0.100404
245 48 64 128 0.0730172
246 48 64 128 0.0545878
247 48 64 128 0.0379187
248 48 64 128 0.0158828
236 49 64 128 0.0185816
237 49 64 128 0.0441496
238 49 64 128 0.115133
239 49 64 128 0.176731
240 49 64 128 0.226494
241 49 64 128 0.281252
242 49 64 128 0.294093
243 49 64 128 0.231541
244 49 64 128 0.146467
245 49 64 128 0.101059
246 49 64 128 0.067143
247 49 64 128 0.0401824
248 49 64 128 0.0155022
235 50 64 128 0.0113998
236 50 64 128 0.0274282
237 50 64 128 0.0617127
238 50 64 128 0.150289
239 50 64 128 0.21384
240 50 64 128 0.291051
241 50 64 128 0.327367
242 50 64 128 0.306729
243 50 64 128 0.273159
244 50 64 128 0.187403
245 50 64 128 0.1123
246 50 64 128 0.0861266
247 50 64 128 0.0448851
248 50 64 128 0.0230182
235 51 64 128 0.0178131
236 51 64 128 0.0317772
237 51 64 128 0.0719015
238 51 64 128 0.154423
239 51 64 128 0.272377
240 51 64 128 0.321738
241 51 64 128 0.400534
242 51 64 128 0.332329
243 51 64 128 0.279743
244 51 64 128 0.165642
245 51 64 128 0.108228
246 51 64 128 0.0586352
247 51 64 128 0.0404966
248 51 64 128 0.0155197
235 52 64 128 0.0259922
236 52 64 128 0.0423099
237 52 64 128 0.0955795
238 52 64 128 0.180217
239 52 64 128 0.354568
240 52 64 128 0.418572
241 52 64 128 0.447884
242 52 64 128 0.39884
243 52 64 128 0.345113
244 52 64 128 0.192637
245 52 64 128 0.129572
246 52 64 128 0.0685809
247 52 64 128 0.0465733
248 52 64 128 0.0177178
234 53 64 128 0.012838
235 53 64 128 0.0283016
236 53 64 128 0.042984
237 53 64 128 0.104462
238 53 64 128 0.184657
239 53 64 128 0.352681
240 53 64 128 0.401348
241 53 64 128 0.55623
242 53 64 128 0.438512
243 53 64 128 0.355657
244 53 64 128 0.178874
245 53 64 128 0.122873
246 53 64 128 0.0555906
247 53 64 128 0.0368147
248 53 64 128 0.0110739
255 53 64 128 0.010701
233 54 64 128 0.0112778
234 54 64 128 0.0186506
235 54 64 128 0.0366684
236 54 64 128 0.0555599
237 54 64 128 0.0989017
238 54 64 128 0.149773
239 54 64 128 0.33456
240 54 64 128 0.43901
241 54 64 128 0.578334
242 54 64 128 0.470009
243 54 64 128 0.392351
244 54 64 128 0.225173
245 54 64 128 0.143418
246 54 64 128 0.0735468
247 54 64 128 0.0324269
248 54 64 128 0.0147318
254 54 64 128 0.0124266
255 54 64 128 0.0168991
234 55 64 128 0.0130202
235 55 64 128 0.0269039
236 55 64 128 0.0349507
237 55 64 128 0.0626512
238 55 64 128 0.106568
239 55 64 128 0.281258
240 55 64 128 0.3725
241 55 64 128 0.532451
242 55 64 128 0.427949
243 55 64 128 0.347616
244 55 64 128 0.171449
245 55 64 128 0.101973
246 55 64 128 0.0451332
247 55 64 128 0.0215752
248 55 64 128 0.0102674
255 55 64 128 0.0132456
233 56 64 128 0.0117638
234 56 64 128 0.0168213
235 56 64 128 0.0276984
236 56 64 128 0.0391702
237 56 64 128 0.0516863
238 56 64 128 0.0996797
239 56 64 128 0.251451
240 56 64 128 0.383819
241 56 64 128 0.452481
242 56 64 128 0.415151
243 56 64 128 0.382292
244 56 64 128 0.198792
245 56 64 128 0.118334
246 56 64 128 0.0589094
247 56 64 128 0.0301954
248 56 64 128 0.0150193
254 56 64 128 0.0164647
255 56 64 128 0.0197309
234 57 64 128 0.0151825
235 57 64 128 0.0245514
236 57 64 128 0.0282102
237 57 64 128 0.0444564
238 57 64 128 0.0821999
239 57 64 128 0.208535
240 57 64 128 0.299833
241 57 64 128 0.425295
242 57 64 128 0.385432
243 57 64 128 0.36023
244 57 64 128 0.193934
245 57 64 128 0.129324
246 57 64 128 0.0567788
247 57 64 128 0.0289168
248 57 64 128 0.0127565
254 57 64 128 0.0144564
255 57 64 128 0.0187351
233 58 64 128 0.0109159
234 58 64 128 0.0159745
235 58 64 128 0.023918
236 58 64 128 0.0291674
237 58 64 128 0.0437878
238 58 64 128 0.0860989
239 58 64 128 0.187404
240 58 64 128 0.300644
241 58 64 128 0.408163
242 58 64 128 0.387434
243 58 64 128 0.32917
244 58 64 128 0.195264
245 58 64 128 0.132793
246 58 64 128 0.0603988
247 58 64 128 0.0247231
248 58 64 128 0.0153249
254 58 64 128 0.0143761
255 58 64 128 0.0190161
234 59 64 128 0.0102174
235 59 64 128 0.0160786
236 59 64 128 0.0200267
237 59 64 128 0.0360268
238 59 64 128 0.0763739
239 59 64 128 0.192157
240 59 64 128 0.316639
241 59 64 128 0.395964
242 59 64 128 0.38409
243 59 64 128 0.319736
244 59 64 128 0.214012
245 59 64 128 0.119193
246 59 64 128 0.0652921
247 59 64 128 0.0246756
248 59 64 128 0.0138771
254 59 64 128 0.0119045
255 59 64 128 0.0158765
234 60 64 128 0.0108973
235 60 64 128 0.0178959
236 60 64 128 0.0235325
237 60 64 128 0.0368745
238 60 64 128 0.095107
239 60 64 128 0.2254
240 60 64 128 0.357708
241 60 64 128 0.441211
242 60 64 128 0.428353
243 60 64 128 0.357933
244 60 64 128 0.296021
245 60 64 128 0.156836
246 60 64 128 0.0792555
247 60 64 128 0.0325655
248 60 64 128 0.0199957
254 60 64 128 0.0146625
255 60 64 128 0.0153946
235 61 64 128 0.0157355
236 61 64 128 0.0216905
237 61 64 128 0.0375232
238 61 64 128 0.0936902
239 61 64 128 0.219014
240 61 64 128 0.370794
241 61 64 128 0.49345
242 61 64 128 0.484569
243 61 64 128 0.416112
244 61 64 128 0.319903
245 61 64 128 0.191743
246 61 64 128 0.0915065
247 61 64 128 0.0334002
248 61 64 128 0.0195746
254 61 64 128 0.0128615
255 61 64 128 0.0177891
235 62 64 128 0.0136391
236 62 64 128 0.0210032
237 62 64 128 0.0368644
238 62 64 128 0.096672
239 62 64 128 0.200254
240 62 64 128 0.331699
241 62 64 128 0.423709
242 62 64 128 0.455584
243 62 64 128 0.401018
244 62 64 128 0.315076
245 62 64 128 0.207831
246 62 64 128 0.110756
247 62 64 128 0.0357722
248 62 64 128 0.0212586
254 62 64 128 0.0114168
255 62 64 128 0.0146907
236 63 64 128 0.0116602
237 63 64 128 0.0235894
238 63 64 128 0.0541183
239 63 64 128 0.14334
240 63 64 128 0.256164
241 63 64 128 0.31249
242 63 64 128 0.333075
243 63 64 128 0.296426
244 63 64 128 0.24247
245 63 64 128 0.144216
246 63 64 128 0.0796039
247 63 64 128 0.0274524
248 63 64 128 0.0177406
255 63 64 128 0.0165871
236 64 64 128 0.0104201
237 64 64 128 0.0204918
238 64 64 128 0.0525667
239 64 64 128 0.121236
240 64 64 128 0.187052
241 64 64 128 0.225792
242 64 64 128 0.261052
243 64 64 128 0.247873
244 64 64 128 0.213557
245 64 64 128 0.127927
246 64 64 128 0.0701878
247 64 64 128 0.0285213
248 64 64 128 0.0188465
255 64 64 128 0.0130378
237 65 64 128 0.0126822
238 65 64 128 0.0321249
239 65 64 128 0.0837924
240 65 64 128 0.126442
241 65 64 128 0.165069
242 65 64 128 0.190116
243 65 64 128 0.196643
244 65 64 128 0.166372
245 65 64 128 0.10364
246 65 64 128 0.0621485
247 65 64 128 0.0236012
248 65 64 128 0.0160398
255 65 64 128 0.017714
238 66 64 128 0.0207799
239 66 64 128 0.046748
240 66 64 128 0.0648998
241 66 64 128 0.0784295
242 66 64 128 0.10017
243 66 64 128 0.111751
244 66 64 128 0.0916644
245 66 64 128 0.0692714
246 66 64 128 0.0504484
247 66 64 128 0.021893
248 66 64 128 0.0176938
255 66 64 128 0.0125203
238 67 64 128 0.0117436
239 67 64 128 0.0245591
240 67 64 128 0.0358795
241 67 64 128 0.041661
242 67 64 128 0.052032
243 67 64 128 0.056881
244 67 64 128 0.051384
245 67 64 128 0.0396543
246 67 64 128 0.0270776
247 67 64 128 0.0145303
248 67 64 128 0.0104677
255 67 64 128 0.0143161
239 68 64 128 0.0109671
240 68 64 128 0.0166175
241 68 64 128 0.0198357
242 68 64 128 0.0288025
243 68 64 128 0.0324407
244 68 64 128 0.0344934
245 68 64 128 0.0299164
246 68 64 128 0.0237925
247 68 64 128 0.0140792
255 68 64 128 0.0125285
241 69 64 128 0.0119271
242 69 64 128 0.0155452
243 69 64 128 0.0199325
244 69 64 128 0.0206153
245 69 64 128 0.0198929
246 69 64 128 0.0180076
247 69 64 128 0.0122505
248 69 64 128 0.0104819
249 69 64 128 0.0102947
255 69 64 128 0.015617
244 70 64 128 0.0110169
245 70 64 128 0.0133688
246 70 64 128 0.0124272
