123 3 98 196 0.0113254
124 3 98 196 0.0103772
105 4 98 196 0.0104797
106 4 98 196 0.0151953
107 4 98 196 0.0131063
123 4 98 196 0.0115892
124 4 98 196 0.0103063
105 5 98 196 0.015824
106 5 98 196 0.0237224
107 5 98 196 0.0227785
108 5 98 196 0.0165769
109 5 98 196 0.0135574
110 5 98 196 0.0104745
123 5 98 196 0.0107955
104 6 98 196 0.0110087
105 6 98 196 0.0208577
106 6 98 196 0.033728
107 6 98 196 0.0363385
108 6 98 196 0.0307564
109 6 98 196 0.0258767
110 6 98 196 0.019494
111 6 98 196 0.0131622
112 6 98 196 0.0111552
113 6 98 196 0.0112872
114 6 98 196 0.0110717
120 6 98 196 0.0109929
121 6 98 196 0.0103176
123 6 98 196 0.0111955
104 7 98 196 0.0136934
105 7 98 196 0.0288881
106 7 98 196 0.04839
107 7 98 196 0.0542947
108 7 98 196 0.0502392
109 7 98 196 0.0475429
110 7 98 196 0.0377075
111 7 98 196 0.0257623
112 7 98 196 0.0242517
113 7 98 196 0.0245931
114 7 98 196 0.0215946
115 7 98 196 0.0177876
116 7 98 196 0.0141891
117 7 98 196 0.0111676
119 7 98 196 0.0100264
120 7 98 196 0.0125101
121 7 98 196 0.0113439
122 7 98 196 0.0100538
123 7 98 196 0.0114198
104 8 98 196 0.0143071
105 8 98 196 0.033697
106 8 98 196 0.0592972
107 8 98 196 0.068401
108 8 98 196 0.0683515
109 8 98 196 0.0737136
110 8 98 196 0.0629912
111 8 98 196 0.0434304
112 8 98 196 0.0398862
113 8 98 196 0.0407674
114 8 98 196 0.0361436
115 8 98 196 0.0269523
116 8 98 196 0.0189263
117 8 98 196 0.014515
118 8 98 196 0.0113261
119 8 98 196 0.0109353
120 8 98 196 0.0126929
121 8 98 196 0.0113017
123 8 98 196 0.0100126
104 9 98 196 0.012446
105 9 98 196 0.0327904
106 9 98 196 0.0635615
107 9 98 196 0.0757419
108 9 98 196 0.0818218
109 9 98 196 0.100856
110 9 98 196 0.0930002
111 9 98 196 0.0655539
112 9 98 196 0.0575378
113 9 98 196 0.0579295
114 9 98 196 0.0515045
115 9 98 196 0.0342151
116 9 98 196 0.0202933
117 9 98 196 0.0155167
118 9 98 196 0.011085
120 9 98 196 0.0119346
121 9 98 196 0.0103332
104 10 98 196 0.0128095
105 10 98 196 0.0353006
106 10 98 196 0.0732159
107 10 98 196 0.0863531
108 10 98 196 0.0964755
109 10 98 196 0.132615
110 10 98 196 0.129262
111 10 98 196 0.095943
112 10 98 196 0.0908525
113 10 98 196 0.0866075
114 10 98 196 0.0664163
115 10 98 196 0.0425986
116 10 98 196 0.0249148
117 10 98 196 0.0155734
104 11 98 196 0.0126922
105 11 98 196 0.0344288
106 11 98 196 0.0734398
107 11 98 196 0.0882457
108 11 98 196 0.106667
109 11 98 196 0.160221
110 11 98 196 0.163674
111 11 98 196 0.126649
112 11 98 196 0.120554
113 11 98 196 0.111073
114 11 98 196 0.0811585
115 11 98 196 0.0515256
116 11 98 196 0.0292523
117 11 98 196 0.0153825
105 12 98 196 0.0244045
106 12 98 196 0.0546508
107 12 98 196 0.074089
108 12 98 196 0.108094
109 12 98 196 0.176071
110 12 98 196 0.189639
111 12 98 196 0.151907
112 12 98 196 0.131845
113 12 98 196 0.119569
114 12 98 196 0.0969435
115 12 98 196 0.0605785
116 12 98 196 0.0299876
117 12 98 196 0.0152857
105 13 98 196 0.0196363
106 13 98 196 0.0475594
107 13 98 196 0.0699868
108 13 98 196 0.1115
109 13 98 196 0.188302
110 13 98 196 0.213565
111 13 98 196 0.182437
112 13 98 196 0.154922
113 13 98 196 0.137002
114 13 98 196 0.114425
115 13 98 196 0.0732417
116 13 98 196 0.035545
117 13 98 196 0.0159023
105 14 98 196 0.0180483
106 14 98 196 0.0456488
107 14 98 196 0.0659103
108 14 98 196 0.105514
109 14 98 196 0.185476
110 14 98 196 0.222987
111 14 98 196 0.20481
112 14 98 196 0.177702
113 14 98 196 0.151997
114 14 98 196 0.121808
115 14 98 196 0.0789901
116 14 98 196 0.039679
117 14 98 196 0.0161305
105 15 98 196 0.0112661
106 15 98 196 0.0293489
107 15 98 196 0.0436953
108 15 98 196 0.0804625
109 15 98 196 0.158963
110 15 98 196 0.207994
111 15 98 196 0.205478
112 15 98 196 0.178876
113 15 98 196 0.146436
114 15 98 196 0.111525
115 15 98 196 0.0693569
116 15 98 196 0.0341668
117 15 98 196 0.0146584
106 16 98 196 0.0186021
107 16 98 196 0.0337892
108 16 98 196 0.0721714
109 16 98 196 0.14434
110 16 98 196 0.200287
111 16 98 196 0.215176
112 16 98 196 0.195194
113 16 98 196 0.154953
114 16 98 196 0.108488
115 16 98 196 0.0663553
116 16 98 196 0.0335188
117 16 98 196 0.0127171
106 17 98 196 0.016411
107 17 98 196 0.0360611
108 17 98 196 0.0757936
109 17 98 196 0.136839
110 17 98 196 0.192355
111 17 98 196 0.220383
112 17 98 196 0.210968
113 17 98 196 0.169438
114 17 98 196 0.114869
115 17 98 196 0.071015
116 17 98 196 0.0362905
117 17 98 196 0.0108876
106 18 98 196 0.0109328
107 18 98 196 0.0279797
108 18 98 196 0.0608604
109 18 98 196 0.10781
110 18 98 196 0.156827
111 18 98 196 0.188178
112 18 98 196 0.184922
113 18 98 196 0.156648
114 18 98 196 0.115118
115 18 98 196 0.0692304
116 18 98 196 0.0313007
107 19 98 196 0.0196148
108 19 98 196 0.0452035
109 19 98 196 0.0811303
110 19 98 196 0.127965
111 19 98 196 0.164132
112 19 98 196 0.162918
113 19 98 196 0.142428
114 19 98 196 0.112168
115 19 98 196 0.0683032
116 19 98 196 0.0295156
107 20 98 196 0.015805
108 20 98 196 0.0360305
109 20 98 196 0.0634901
110 20 98 196 0.109508
111 20 98 196 0.150351
112 20 98 196 0.149443
113 20 98 196 0.12934
114 20 98 196 0.102945
115 20 98 196 0.0648931
116 20 98 196 0.0293548
107 21 98 196 0.0107253
108 21 98 196 0.0234176
109 21 98 196 0.0401314
110 21 98 196 0.074316
111 21 98 196 0.107097
112 21 98 196 0.107097
113 21 98 196 0.0960046
114 21 98 196 0.0803065
115 21 98 196 0.0472955
116 21 98 196 0.0181436
108 22 98 196 0.0184241
109 22 98 196 0.0317588
110 22 98 196 0.0579731
111 22 98 196 0.0839529
112 22 98 196 0.086956
113 22 98 196 0.079626
114 22 98 196 0.0653529
115 22 98 196 0.036624
116 22 98 196 0.0129746
108 23 98 196 0.0224076
109 23 98 196 0.0398663
110 23 98 196 0.0680813
111 23 98 196 0.09487
112 23 98 196 0.0993834
113 23 98 196 0.0871715
114 23 98 196 0.0657418
115 23 98 196 0.039647
116 23 98 196 0.017602
108 24 98 196 0.0210431
109 24 98 196 0.0371938
110 24 98 196 0.0657302
111 24 98 196 0.0904338
112 24 98 196 0.0873613
113 24 98 196 0.0781296
114 24 98 196 0.067019
115 24 98 196 0.0389407
116 24 98 196 0.0138884
107 25 98 196 0.0106207
108 25 98 196 0.0253393
109 25 98 196 0.0460362
110 25 98 196 0.0805085
111 25 98 196 0.104496
112 25 98 196 0.0892249
113 25 98 196 0.0819779
114 25 98 196 0.0838061
115 25 98 196 0.0507547
116 25 98 196 0.0173399
107 26 98 196 0.0153023
108 26 98 196 0.0388365
109 26 98 196 0.0723209
110 26 98 196 0.118765
111 26 98 196 0.145959
112 26 98 196 0.12122
113 26 98 196 0.108401
114 26 98 196 0.111302
115 26 98 196 0.0735948
116 26 98 196 0.0312755
117 26 98 196 0.0124702
107 27 98 196 0.0182901
108 27 98 196 0.0435108
109 27 98 196 0.0766625
110 27 98 196 0.12389
111 27 98 196 0.151128
112 27 98 196 0.122011
113 27 98 196 0.106351
114 27 98 196 0.108836
115 27 98 196 0.0688945
116 27 98 196 0.0272529
117 27 98 196 0.0124699
107 28 98 196 0.0273615
108 28 98 196 0.0616585
109 28 98 196 0.0951104
110 28 98 196 0.150292
111 28 98 196 0.183792
112 28 98 196 0.140023
113 28 98 196 0.118561
114 28 98 196 0.127599
115 28 98 196 0.0816087
116 28 98 196 0.0339014
117 28 98 196 0.0198812
107 29 98 196 0.0451792
108 29 98 196 0.102726
109 29 98 196 0.150282
110 29 98 196 0.226524
111 29 98 196 0.271107
112 29 98 196 0.202819
113 29 98 196 0.171422
114 29 98 196 0.191026
115 29 98 196 0.133792
116 29 98 196 0.0663509
117 29 98 196 0.0384081
118 29 98 196 0.0155974
106 30 98 196 0.0129981
107 30 98 196 0.055739
108 30 98 196 0.120246
109 30 98 196 0.175161
110 30 98 196 0.240278
111 30 98 196 0.268308
112 30 98 196 0.205252
113 30 98 196 0.180514
114 30 98 196 0.197694
115 30 98 196 0.137301
116 30 98 196 0.0677318
117 30 98 196 0.0386183
118 30 98 196 0.015675
105 31 98 196 0.0124429
106 31 98 196 0.0234727
107 31 98 196 0.0760077
108 31 98 196 0.147351
109 31 98 196 0.197195
110 31 98 196 0.245187
111 31 98 196 0.256105
112 31 98 196 0.191995
113 31 98 196 0.18158
114 31 98 196 0.212243
115 31 98 196 0.145984
116 31 98 196 0.0743052
117 31 98 196 0.0530283
118 31 98 196 0.024651
104 32 98 196 0.0107728
105 32 98 196 0.0210277
106 32 98 196 0.0395485
107 32 98 196 0.122249
108 32 98 196 0.218412
109 32 98 196 0.260264
110 32 98 196 0.324817
111 32 98 196 0.350524
112 32 98 196 0.242105
113 32 98 196 0.233179
114 32 98 196 0.308578
115 32 98 196 0.222898
116 32 98 196 0.127621
117 32 98 196 0.108045
118 32 98 196 0.0531748
104 33 98 196 0.0142699
105 33 98 196 0.0346763
106 33 98 196 0.0732061
107 33 98 196 0.162124
108 33 98 196 0.25565
109 33 98 196 0.304116
110 33 98 196 0.381407
111 33 98 196 0.411087
112 33 98 196 0.286678
113 33 98 196 0.265236
114 33 98 196 0.336947
115 33 98 196 0.242197
116 33 98 196 0.144601
117 33 98 196 0.12916
118 33 98 196 0.0652832
104 34 98 196 0.0250769
105 34 98 196 0.0637943
106 34 98 196 0.123538
107 34 98 196 0.220817
108 34 98 196 0.317036
109 34 98 196 0.374477
110 34 98 196 0.450591
111 34 98 196 0.475292
112 34 98 196 0.357227
113 34 98 196 0.323091
114 34 98 196 0.365028
115 34 98 196 0.260363
116 34 98 196 0.176871
117 34 98 196 0.176051
118 34 98 196 0.0930384
119 34 98 196 0.011002
104 35 98 196 0.0554447
105 35 98 196 0.122955
106 35 98 196 0.192711
107 35 98 196 0.343023
108 35 98 196 0.495
109 35 98 196 0.546338
110 35 98 196 0.619415
111 35 98 196 0.65115
112 35 98 196 0.515487
113 35 98 196 0.48158
114 35 98 196 0.533678
115 35 98 196 0.400185
116 35 98 196 0.314714
117 35 98 196 0.330693
118 35 98 196 0.177466
119 35 98 196 0.0247554
120 35 98 196 0.0151996
121 35 98 196 0.0128985
103 36 98 196 0.0199598
104 36 98 196 0.10485
105 36 98 196 0.217463
106 36 98 196 0.322583
107 36 98 196 0.485318
108 36 98 196 0.642937
109 36 98 196 0.70811
110 36 98 196 0.76779
111 36 98 196 0.773254
112 36 98 196 0.638779
113 36 98 196 0.601923
114 36 98 196 0.641481
115 36 98 196 0.511314
116 36 98 196 0.421525
117 36 98 196 0.410351
118 36 98 196 0.220528
119 36 98 196 0.0399106
120 36 98 196 0.0191191
121 36 98 196 0.0135895
103 37 98 196 0.0512985
104 37 98 196 0.179242
105 37 98 196 0.345665
106 37 98 196 0.487413
107 37 98 196 0.615937
108 37 98 196 0.728718
109 37 98 196 0.809858
110 37 98 196 0.848035
111 37 98 196 0.813323
112 37 98 196 0.703518
113 37 98 196 0.660131
114 37 98 196 0.664924
115 37 98 196 0.570025
116 37 98 196 0.494072
117 37 98 196 0.443111
118 37 98 196 0.248129
119 37 98 196 0.0714455
120 37 98 196 0.033667
121 37 98 196 0.0168676
102 38 98 196 0.0195953
103 38 98 196 0.0929467
104 38 98 196 0.286471
105 38 98 196 0.494632
106 38 98 196 0.613207
107 38 98 196 0.726312
108 38 98 196 0.830562
109 38 98 196 0.878892
110 38 98 196 0.900982
111 38 98 196 0.876687
112 38 98 196 0.780841
113 38 98 196 0.741301
114 38 98 196 0.746375
115 38 98 196 0.668975
116 38 98 196 0.631381
117 38 98 196 0.605375
118 38 98 196 0.367301
119 38 98 196 0.139181
120 38 98 196 0.0834273
121 38 98 196 0.0403379
102 39 98 196 0.0379263
103 39 98 196 0.167704
104 39 98 196 0.410739
105 39 98 196 0.627237
106 39 98 196 0.711313
107 39 98 196 0.796242
108 39 98 196 0.878013
109 39 98 196 0.892912
110 39 98 196 0.907982
111 39 98 196 0.904064
112 39 98 196 0.826212
113 39 98 196 0.793614
114 39 98 196 0.793622
115 39 98 196 0.707423
116 39 98 196 0.692633
117 39 98 196 0.706807
118 39 98 196 0.458214
119 39 98 196 0.194475
120 39 98 196 0.112796
121 39 98 196 0.0498821
102 40 98 196 0.0985244
103 40 98 196 0.330115
104 40 98 196 0.596247
105 40 98 196 0.783093
106 40 98 196 0.847592
107 40 98 196 0.885579
108 40 98 196 0.918961
109 40 98 196 0.928382
110 40 98 196 0.942172
111 40 98 196 0.940315
112 40 98 196 0.88904
113 40 98 196 0.861157
114 40 98 196 0.838312
115 40 98 196 0.74158
116 40 98 196 0.725082
117 40 98 196 0.751165
118 40 98 196 0.544807
119 40 98 196 0.290466
120 40 98 196 0.160601
121 40 98 196 0.0621636
100 41 98 196 0.0148696
101 41 98 196 0.0440542
102 41 98 196 0.225836
103 41 98 196 0.579106
104 41 98 196 0.857734
105 41 98 196 0.990587
106 41 98 196 1.02627
107 41 98 196 1.04085
108 41 98 196 1.0575
109 41 98 196 1.06837
110 41 98 196 1.07951
111 41 98 196 1.07639
112 41 98 196 1.04312
113 41 98 196 1.02098
114 41 98 196 0.996855
115 41 98 196 0.926018
116 41 98 196 0.915704
117 41 98 196 0.929829
118 41 98 196 0.759079
119 41 98 196 0.516133
120 41 98 196 0.320015
121 41 98 196 0.130556
122 41 98 196 0.0115114
100 42 98 196 0.013416
101 42 98 196 0.0487806
102 42 98 196 0.208317
103 42 98 196 0.489157
104 42 98 196 0.677088
105 42 98 196 0.741637
106 42 98 196 0.751997
107 42 98 196 0.758612
108 42 98 196 0.771049
109 42 98 196 0.778951
110 42 98 196 0.784816
111 42 98 196 0.782446
112 42 98 196 0.764971
113 42 98 196 0.752767
114 42 98 196 0.741533
115 42 98 196 0.711737
116 42 98 196 0.709881
117 42 98 196 0.711206
118 42 98 196 0.607774
119 42 98 196 0.449695
120 42 98 196 0.292708
121 42 98 196 0.123027
122 42 98 196 0.0128671
102 43 98 196 0.023573
103 43 98 196 0.0542102
104 43 98 196 0.0737632
105 43 98 196 0.079641
106 43 98 196 0.0802567
107 43 98 196 0.0808626
108 43 98 196 0.0822284
109 43 98 196 0.08307
110 43 98 196 0.083624
111 43 98 196 0.0833693
112 43 98 196 0.0817054
113 43 98 196 0.0805266
114 43 98 196 0.0795453
115 43 98 196 0.0770682
116 43 98 196 0.0770543
117 43 98 196 0.076907
118 43 98 196 0.0665146
119 43 98 196 0.0502479
120 43 98 196 0.0330853
121 43 98 196 0.0140024
103 45 98 196 0.0141689
104 45 98 196 0.0192694
105 45 98 196 0.0207955
106 45 98 196 0.0209522
107 45 98 196 0.0211096
108 45 98 196 0.0214665
109 45 98 196 0.0216862
110 45 98 196 0.0218302
111 45 98 196 0.0217637
112 45 98 196 0.021331
113 45 98 196 0.0210242
114 45 98 196 0.0207698
115 45 98 196 0.020129
116 45 98 196 0.0201268
117 45 98 196 0.020086
118 45 98 196 0.0173782
119 45 98 196 0.0131366
132 9 85 170 0.0133245
133 9 85 170 0.0114175
134 9 85 170 0.0107973
135 9 85 170 0.0125043
136 9 85 170 0.012783
137 9 85 170 0.0195527
138 9 85 170 0.0182597
131 10 85 170 0.0128619
132 10 85 170 0.0183987
133 10 85 170 0.0161832
134 10 85 170 0.0143248
135 10 85 170 0.0162364
136 10 85 170 0.0188244
137 10 85 170 0.0251026
138 10 85 170 0.0236057
139 10 85 170 0.0147507
131 11 85 170 0.0178224
132 11 85 170 0.026279
133 11 85 170 0.0251562
134 11 85 170 0.0271475
135 11 85 170 0.0360817
136 11 85 170 0.0445433
137 11 85 170 0.0543518
138 11 85 170 0.051387
139 11 85 170 0.040173
140 11 85 170 0.0347236
141 11 85 170 0.0206673
130 12 85 170 0.0134314
131 12 85 170 0.0273586
132 12 85 170 0.0445342
133 12 85 170 0.0484491
134 12 85 170 0.0575367
135 12 85 170 0.0786673
136 12 85 170 0.105003
137 12 85 170 0.142186
138 12 85 170 0.136167
139 12 85 170 0.100662
140 12 85 170 0.0889802
141 12 85 170 0.0586481
142 12 85 170 0.0296046
143 12 85 170 0.0175467
144 12 85 170 0.0109177
130 13 85 170 0.0206907
131 13 85 170 0.0422671
132 13 85 170 0.0669393
133 13 85 170 0.0876638
134 13 85 170 0.0984873
135 13 85 170 0.12505
136 13 85 170 0.198106
137 13 85 170 0.282805
138 13 85 170 0.277006
139 13 85 170 0.197261
140 13 85 170 0.146982
141 13 85 170 0.119408
142 13 85 170 0.077326
143 13 85 170 0.032235
144 13 85 170 0.0199665
145 13 85 170 0.0158298
130 14 85 170 0.0320868
131 14 85 170 0.0676583
132 14 85 170 0.0970334
133 14 85 170 0.148017
134 14 85 170 0.196176
135 14 85 170 0.267179
136 14 85 170 0.402355
137 14 85 170 0.521801
138 14 85 170 0.523391
139 14 85 170 0.436065
140 14 85 170 0.358208
141 14 85 170 0.267483
142 14 85 170 0.17831
143 14 85 170 0.105694
144 14 85 170 0.0528985
145 14 85 170 0.0346512
146 14 85 170 0.0227405
130 15 85 170 0.0351503
131 15 85 170 0.0761949
132 15 85 170 0.10513
133 15 85 170 0.163349
134 15 85 170 0.25996
135 15 85 170 0.397193
136 15 85 170 0.563059
137 15 85 170 0.691515
138 15 85 170 0.702467
139 15 85 170 0.633996
140 15 85 170 0.564903
141 15 85 170 0.429202
142 15 85 170 0.286314
143 15 85 170 0.179149
144 15 85 170 0.0976202
145 15 85 170 0.062568
146 15 85 170 0.0380384
147 15 85 170 0.0116467
130 16 85 170 0.0283295
131 16 85 170 0.0613913
132 16 85 170 0.0876702
133 16 85 170 0.130706
134 16 85 170 0.24667
135 16 85 170 0.422858
136 16 85 170 0.588733
137 16 85 170 0.706217
138 16 85 170 0.721613
139 16 85 170 0.671377
140 16 85 170 0.628666
141 16 85 170 0.543587
142 16 85 170 0.39023
143 16 85 170 0.22975
144 16 85 170 0.141885
145 16 85 170 0.0943269
146 16 85 170 0.053286
147 16 85 170 0.018267
130 17 85 170 0.0320871
131 17 85 170 0.067036
132 17 85 170 0.0966998
133 17 85 170 0.166705
134 17 85 170 0.286692
135 17 85 170 0.466208
136 17 85 170 0.673173
137 17 85 170 0.772907
138 17 85 170 0.789441
139 17 85 170 0.775046
140 17 85 170 0.741284
141 17 85 170 0.68315
142 17 85 170 0.551786
143 17 85 170 0.359684
144 17 85 170 0.195814
145 17 85 170 0.130077
146 17 85 170 0.0828263
147 17 85 170 0.0257955
92 18 85 170 0.0116865
130 18 85 170 0.0265327
131 18 85 170 0.0540808
132 18 85 170 0.0778562
133 18 85 170 0.137331
134 18 85 170 0.230035
135 18 85 170 0.390673
136 18 85 170 0.615548
137 18 85 170 0.729911
138 18 85 170 0.752796
139 18 85 170 0.744271
140 18 85 170 0.722017
141 18 85 170 0.688256
142 18 85 170 0.572044
143 18 85 170 0.372536
144 18 85 170 0.192168
145 18 85 170 0.125413
146 18 85 170 0.0811972
147 18 85 170 0.0236349
91 19 85 170 0.0116487
92 19 85 170 0.017714
93 19 85 170 0.0144192
94 19 85 170 0.0102604
130 19 85 170 0.0175405
131 19 85 170 0.0337826
132 19 85 170 0.0458744
133 19 85 170 0.0737758
134 19 85 170 0.137901
135 19 85 170 0.280955
136 19 85 170 0.496926
137 19 85 170 0.640568
138 19 85 170 0.685411
139 19 85 170 0.680017
140 19 85 170 0.66944
141 19 85 170 0.636211
142 19 85 170 0.512027
143 19 85 170 0.321087
144 19 85 170 0.173488
145 19 85 170 0.117181
146 19 85 170 0.0727708
147 19 85 170 0.0195558
90 20 85 170 0.011535
91 20 85 170 0.017665
92 20 85 170 0.0274236
93 20 85 170 0.0253635
94 20 85 170 0.0191565
95 20 85 170 0.0140868
130 20 85 170 0.0171871
131 20 85 170 0.0309697
132 20 85 170 0.0374365
133 20 85 170 0.0621483
134 20 85 170 0.117483
135 20 85 170 0.241744
136 20 85 170 0.439017
137 20 85 170 0.584304
138 20 85 170 0.651991
139 20 85 170 0.675994
140 20 85 170 0.676474
141 20 85 170 0.616022
142 20 85 170 0.479649
143 20 85 170 0.307817
144 20 85 170 0.176994
145 20 85 170 0.130186
146 20 85 170 0.0827826
147 20 85 170 0.0214569
90 21 85 170 0.0133039
91 21 85 170 0.0207017
92 21 85 170 0.0297821
93 21 85 170 0.0289801
94 21 85 170 0.0241637
95 21 85 170 0.0184258
96 21 85 170 0.011225
130 21 85 170 0.0108238
131 21 85 170 0.0183765
132 21 85 170 0.0222485
133 21 85 170 0.0330144
134 21 85 170 0.0595908
135 21 85 170 0.132825
136 21 85 170 0.264737
137 21 85 170 0.380606
138 21 85 170 0.434592
139 21 85 170 0.459393
140 21 85 170 0.493385
141 21 85 170 0.461921
142 21 85 170 0.341693
143 21 85 170 0.198325
144 21 85 170 0.118572
145 21 85 170 0.0927942
146 21 85 170 0.0602401
147 21 85 170 0.0180075
90 22 85 170 0.0135353
91 22 85 170 0.0219141
92 22 85 170 0.0320754
93 22 85 170 0.0304348
94 22 85 170 0.025347
95 22 85 170 0.0208769
96 22 85 170 0.0144653
131 22 85 170 0.0112347
132 22 85 170 0.0138365
133 22 85 170 0.0177583
134 22 85 170 0.0265469
135 22 85 170 0.0670257
136 22 85 170 0.154196
137 22 85 170 0.232672
138 22 85 170 0.275771
139 22 85 170 0.301881
140 22 85 170 0.328182
141 22 85 170 0.308249
142 22 85 170 0.219607
143 22 85 170 0.115416
144 22 85 170 0.0687326
145 22 85 170 0.0579629
146 22 85 170 0.0414076
147 22 85 170 0.016028
90 23 85 170 0.013825
91 23 85 170 0.0223285
92 23 85 170 0.0348917
93 23 85 170 0.0321252
94 23 85 170 0.0262354
95 23 85 170 0.0228656
96 23 85 170 0.016706
97 23 85 170 0.0104936
132 23 85 170 0.0111084
133 23 85 170 0.0156889
134 23 85 170 0.0218177
135 23 85 170 0.0481579
136 23 85 170 0.106349
137 23 85 170 0.152537
138 23 85 170 0.187525
139 23 85 170 0.210519
140 23 85 170 0.208043
141 23 85 170 0.183444
142 23 85 170 0.132816
143 23 85 170 0.0751326
144 23 85 170 0.042983
145 23 85 170 0.0370679
146 23 85 170 0.0293412
147 23 85 170 0.0130757
90 24 85 170 0.0136454
91 24 85 170 0.0211722
92 24 85 170 0.0338353
93 24 85 170 0.0315686
94 24 85 170 0.0282454
95 24 85 170 0.0262783
96 24 85 170 0.0174912
97 24 85 170 0.0107187
135 24 85 170 0.0157257
136 24 85 170 0.0332519
137 24 85 170 0.0565379
138 24 85 170 0.0725
139 24 85 170 0.0764691
140 24 85 170 0.0731748
141 24 85 170 0.0633857
142 24 85 170 0.0457906
143 24 85 170 0.0267432
144 24 85 170 0.0162032
145 24 85 170 0.0132959
146 24 85 170 0.0104747
90 25 85 170 0.0105126
91 25 85 170 0.0176303
92 25 85 170 0.0302135
93 25 85 170 0.0281979
94 25 85 170 0.0286694
95 25 85 170 0.0308804
96 25 85 170 0.021939
97 25 85 170 0.0144593
119 25 85 170 0.0111732
136 25 85 170 0.0136631
137 25 85 170 0.0281374
138 25 85 170 0.0400102
139 25 85 170 0.0440667
140 25 85 170 0.042656
141 25 85 170 0.0312694
142 25 85 170 0.0184432
143 25 85 170 0.0106444
91 26 85 170 0.0133975
92 26 85 170 0.0244887
93 26 85 170 0.0230577
94 26 85 170 0.0258276
95 26 85 170 0.0304166
96 26 85 170 0.0228268
97 26 85 170 0.0157075
118 26 85 170 0.0132699
119 26 85 170 0.0168394
120 26 85 170 0.0120222
136 26 85 170 0.0102504
137 26 85 170 0.0177969
138 26 85 170 0.0253089
139 26 85 170 0.0301478
140 26 85 170 0.0296868
141 26 85 170 0.0204017
142 26 85 170 0.0107179
92 27 85 170 0.0175039
93 27 85 170 0.0166318
94 27 85 170 0.0206964
95 27 85 170 0.026572
96 27 85 170 0.0215706
97 27 85 170 0.0156924
114 27 85 170 0.0117678
115 27 85 170 0.0113709
116 27 85 170 0.0126941
117 27 85 170 0.0160248
118 27 85 170 0.0234106
119 27 85 170 0.0264001
120 27 85 170 0.0173771
121 27 85 170 0.0100949
92 28 85 170 0.0108263
94 28 85 170 0.0158576
95 28 85 170 0.0244431
96 28 85 170 0.0228377
97 28 85 170 0.0176648
113 28 85 170 0.0140383
114 28 85 170 0.017881
115 28 85 170 0.01635
116 28 85 170 0.0177472
117 28 85 170 0.0283631
118 28 85 170 0.0394641
119 28 85 170 0.0396016
120 28 85 170 0.0273151
121 28 85 170 0.0157613
94 29 85 170 0.0126977
95 29 85 170 0.0223373
96 29 85 170 0.022167
97 29 85 170 0.0171417
113 29 85 170 0.0245983
114 29 85 170 0.0289149
115 29 85 170 0.0226825
116 29 85 170 0.0255548
117 29 85 170 0.0401861
118 29 85 170 0.0573491
119 29 85 170 0.0597704
120 29 85 170 0.0404947
121 29 85 170 0.0210729
95 30 85 170 0.0150035
96 30 85 170 0.0165654
97 30 85 170 0.0146434
112 30 85 170 0.0179609
113 30 85 170 0.0383032
114 30 85 170 0.0439963
115 30 85 170 0.0327667
116 30 85 170 0.0341479
117 30 85 170 0.076198
118 30 85 170 0.106645
119 30 85 170 0.0968801
120 30 85 170 0.0661777
121 30 85 170 0.0341755
122 30 85 170 0.0151338
97 31 85 170 0.0111918
112 31 85 170 0.0286516
113 31 85 170 0.0604181
114 31 85 170 0.0688251
115 31 85 170 0.0496845
116 31 85 170 0.0522659
117 31 85 170 0.129707
118 31 85 170 0.175563
119 31 85 170 0.14783
120 31 85 170 0.0991518
121 31 85 170 0.0498971
122 31 85 170 0.0214046
123 31 85 170 0.0112316
111 32 85 170 0.0112087
112 32 85 170 0.0383585
113 32 85 170 0.0882573
114 32 85 170 0.102845
115 32 85 170 0.0783457
116 32 85 170 0.0891343
117 32 85 170 0.195802
118 32 85 170 0.259203
119 32 85 170 0.222225
120 32 85 170 0.149362
121 32 85 170 0.0718171
122 32 85 170 0.0287815
123 32 85 170 0.0160036
111 33 85 170 0.0158746
112 33 85 170 0.0511639
113 33 85 170 0.097887
114 33 85 170 0.125388
115 33 85 170 0.117436
116 33 85 170 0.133863
117 33 85 170 0.296578
118 33 85 170 0.391641
119 33 85 170 0.339429
120 33 85 170 0.244777
121 33 85 170 0.121676
122 33 85 170 0.0487841
123 33 85 170 0.0288912
111 34 85 170 0.0151291
112 34 85 170 0.0465037
113 34 85 170 0.0852087
114 34 85 170 0.121187
115 34 85 170 0.129015
116 34 85 170 0.153142
117 34 85 170 0.345188
118 34 85 170 0.454381
119 34 85 170 0.392477
120 34 85 170 0.288071
121 34 85 170 0.146972
122 34 85 170 0.0592709
123 34 85 170 0.0330197
111 35 85 170 0.011813
112 35 85 170 0.0358646
113 35 85 170 0.0748536
114 35 85 170 0.113903
115 35 85 170 0.126216
116 35 85 170 0.159211
117 35 85 170 0.359436
118 35 85 170 0.478781
119 35 85 170 0.418779
120 35 85 170 0.300172
121 35 85 170 0.151758
122 35 85 170 0.0582732
123 35 85 170 0.0280748
111 36 85 170 0.0116295
112 36 85 170 0.0369025
113 36 85 170 0.0784086
114 36 85 170 0.119003
115 36 85 170 0.131988
116 36 85 170 0.169919
117 36 85 170 0.386863
118 36 85 170 0.528081
119 36 85 170 0.474229
120 36 85 170 0.334184
121 36 85 170 0.160333
122 36 85 170 0.0549062
123 36 85 170 0.0259212
112 37 85 170 0.032601
113 37 85 170 0.0657544
114 37 85 170 0.103391
115 37 85 170 0.11962
116 37 85 170 0.15799
117 37 85 170 0.373728
118 37 85 170 0.510924
119 37 85 170 0.459292
120 37 85 170 0.329747
121 37 85 170 0.148879
122 37 85 170 0.0451116
123 37 85 170 0.0276347
112 38 85 170 0.0289389
113 38 85 170 0.0501157
114 38 85 170 0.0907849
115 38 85 170 0.11552
116 38 85 170 0.145646
117 38 85 170 0.367181
118 38 85 170 0.514203
119 38 85 170 0.472793
120 38 85 170 0.356578
121 38 85 170 0.169114
122 38 85 170 0.0519909
123 38 85 170 0.0282372
112 39 85 170 0.0251071
113 39 85 170 0.0400751
114 39 85 170 0.084062
115 39 85 170 0.11436
116 39 85 170 0.140281
117 39 85 170 0.370057
118 39 85 170 0.536005
119 39 85 170 0.516993
120 39 85 170 0.414427
121 39 85 170 0.208583
122 39 85 170 0.0696339
123 39 85 170 0.0364672
124 39 85 170 0.0109506
112 40 85 170 0.018386
113 40 85 170 0.032224
114 40 85 170 0.0719628
115 40 85 170 0.100416
116 40 85 170 0.130818
117 40 85 170 0.34973
118 40 85 170 0.520377
119 40 85 170 0.531862
120 40 85 170 0.45193
121 40 85 170 0.227164
122 40 85 170 0.0784287
123 40 85 170 0.0514007
124 40 85 170 0.0152001
112 41 85 170 0.017917
113 41 85 170 0.0264963
114 41 85 170 0.0658629
115 41 85 170 0.0961823
116 41 85 170 0.117227
117 41 85 170 0.318992
118 41 85 170 0.504694
119 41 85 170 0.549635
120 41 85 170 0.477353
121 41 85 170 0.249356
122 41 85 170 0.0872318
123 41 85 170 0.0493645
124 41 85 170 0.0180366
112 42 85 170 0.0145522
113 42 85 170 0.0216375
114 42 85 170 0.0587643
115 42 85 170 0.0879525
116 42 85 170 0.111932
117 42 85 170 0.316028
118 42 85 170 0.505339
119 42 85 170 0.562498
120 42 85 170 0.510025
121 42 85 170 0.288813
122 42 85 170 0.119476
123 42 85 170 0.0702962
124 42 85 170 0.0309354
125 42 85 170 0.0107275
112 43 85 170 0.0121727
113 43 85 170 0.0170394
114 43 85 170 0.0537729
115 43 85 170 0.0834554
116 43 85 170 0.115021
117 43 85 170 0.349255
118 43 85 170 0.538874
119 43 85 170 0.59532
120 43 85 170 0.593263
121 43 85 170 0.386724
122 43 85 170 0.193899
123 43 85 170 0.113179
124 43 85 170 0.05179
125 43 85 170 0.0197972
112 44 85 170 0.0157348
113 44 85 170 0.0136252
114 44 85 170 0.0562169
115 44 85 170 0.0920666
116 44 85 170 0.115679
117 44 85 170 0.380516
118 44 85 170 0.590663
119 44 85 170 0.666673
120 44 85 170 0.722483
121 44 85 170 0.537285
122 44 85 170 0.307646
123 44 85 170 0.170968
124 44 85 170 0.0799443
125 44 85 170 0.0348533
126 44 85 170 0.0142912
112 45 85 170 0.0114592
113 45 85 170 0.012663
114 45 85 170 0.0557544
115 45 85 170 0.0884357
116 45 85 170 0.107434
117 45 85 170 0.3574
118 45 85 170 0.593597
119 45 85 170 0.720456
120 45 85 170 0.79675
121 45 85 170 0.630522
122 45 85 170 0.421918
123 45 85 170 0.274845
124 45 85 170 0.13143
125 45 85 170 0.0619446
126 45 85 170 0.0291572
113 46 85 170 0.0113991
114 46 85 170 0.053976
115 46 85 170 0.0837824
116 46 85 170 0.0953836
117 46 85 170 0.321369
118 46 85 170 0.558739
119 46 85 170 0.713465
120 46 85 170 0.813144
121 46 85 170 0.673246
122 46 85 170 0.464679
123 46 85 170 0.307614
124 46 85 170 0.174763
125 46 85 170 0.0903764
126 46 85 170 0.0385758
114 47 85 170 0.0474786
115 47 85 170 0.0753413
116 47 85 170 0.0809236
117 47 85 170 0.280117
118 47 85 170 0.509469
119 47 85 170 0.686355
120 47 85 170 0.808767
121 47 85 170 0.672678
122 47 85 170 0.452266
123 47 85 170 0.304028
124 47 85 170 0.210173
125 47 85 170 0.117014
126 47 85 170 0.0447381
127 47 85 170 0.0117537
114 48 85 170 0.0349734
115 48 85 170 0.055682
116 48 85 170 0.0622951
117 48 85 170 0.221553
118 48 85 170 0.448095
119 48 85 170 0.665148
120 48 85 170 0.794559
121 48 85 170 0.629934
122 48 85 170 0.4349
123 48 85 170 0.337006
124 48 85 170 0.230985
125 48 85 170 0.128378
126 48 85 170 0.050466
127 48 85 170 0.0107506
114 49 85 170 0.0288717
115 49 85 170 0.0423262
116 49 85 170 0.0432377
117 49 85 170 0.178251
118 49 85 170 0.366898
119 49 85 170 0.575308
120 49 85 170 0.740993
121 49 85 170 0.581493
122 49 85 170 0.394286
123 49 85 170 0.305207
124 49 85 170 0.181172
125 49 85 170 0.0929746
126 49 85 170 0.0384987
114 50 85 170 0.0271034
115 50 85 170 0.0359479
116 50 85 170 0.0330059
117 50 85 170 0.146434
118 50 85 170 0.301356
119 50 85 170 0.500656
120 50 85 170 0.691833
121 50 85 170 0.524397
122 50 85 170 0.339886
123 50 85 170 0.267071
124 50 85 170 0.138101
125 50 85 170 0.065964
126 50 85 170 0.030393
113 51 85 170 0.0104779
114 51 85 170 0.0250535
115 51 85 170 0.0315779
116 51 85 170 0.0298615
117 51 85 170 0.115972
118 51 85 170 0.246584
119 51 85 170 0.428611
120 51 85 170 0.594898
121 51 85 170 0.431333
122 51 85 170 0.263124
123 51 85 170 0.211134
124 51 85 170 0.111846
125 51 85 170 0.0545986
126 51 85 170 0.0252366
113 52 85 170 0.0115872
114 52 85 170 0.0231203
115 52 85 170 0.0283198
116 52 85 170 0.0266887
117 52 85 170 0.0905957
118 52 85 170 0.192219
119 52 85 170 0.330379
120 52 85 170 0.448635
121 52 85 170 0.323199
122 52 85 170 0.173429
123 52 85 170 0.11841
124 52 85 170 0.0716192
125 52 85 170 0.035071
126 52 85 170 0.0129653
113 53 85 170 0.0133856
114 53 85 170 0.0265417
115 53 85 170 0.0312881
116 53 85 170 0.0252612
117 53 85 170 0.0856773
118 53 85 170 0.179331
119 53 85 170 0.317038
120 53 85 170 0.443361
121 53 85 170 0.289511
122 53 85 170 0.132849
123 53 85 170 0.0989956
124 53 85 170 0.0567487
125 53 85 170 0.0278763
126 53 85 170 0.0113537
112 54 85 170 0.0172444
113 54 85 170 0.0208701
114 54 85 170 0.0360863
115 54 85 170 0.0412428
116 54 85 170 0.0305006
117 54 85 170 0.0944809
118 54 85 170 0.171365
119 54 85 170 0.286859
120 54 85 170 0.415624
121 54 85 170 0.249762
122 54 85 170 0.0966066
123 54 85 170 0.080897
124 54 85 170 0.0413899
125 54 85 170 0.0195171
109 55 85 170 0.0104126
110 55 85 170 0.0112136
111 55 85 170 0.012367
112 55 85 170 0.0244659
113 55 85 170 0.0326185
114 55 85 170 0.0515292
115 55 85 170 0.053912
116 55 85 170 0.03686
117 55 85 170 0.110785
118 55 85 170 0.173425
119 55 85 170 0.253389
120 55 85 170 0.368747
121 55 85 170 0.211306
122 55 85 170 0.0670286
123 55 85 170 0.0563787
124 55 85 170 0.0263176
125 55 85 170 0.0107438
109 56 85 170 0.0134809
110 56 85 170 0.0146862
111 56 85 170 0.016247
112 56 85 170 0.0331024
113 56 85 170 0.0543516
114 56 85 170 0.0772114
115 56 85 170 0.0697066
116 56 85 170 0.0477945
117 56 85 170 0.142662
118 56 85 170 0.220515
119 56 85 170 0.299542
120 56 85 170 0.408982
121 56 85 170 0.228557
122 56 85 170 0.0742403
123 56 85 170 0.0665446
124 56 85 170 0.0292791
125 56 85 170 0.0113697
108 57 85 170 0.0107639
109 57 85 170 0.0305406
110 57 85 170 0.0378781
111 57 85 170 0.041795
112 57 85 170 0.069923
113 57 85 170 0.107519
114 57 85 170 0.124376
115 57 85 170 0.101724
116 57 85 170 0.0892081
117 57 85 170 0.204681
118 57 85 170 0.300653
119 57 85 170 0.369616
120 57 85 170 0.438047
121 57 85 170 0.244867
122 57 85 170 0.0852058
123 57 85 170 0.0681004
124 57 85 170 0.0310445
125 57 85 170 0.0113793
108 58 85 170 0.0115825
109 58 85 170 0.0358904
110 58 85 170 0.0519719
111 58 85 170 0.0633752
112 58 85 170 0.102097
113 58 85 170 0.174777
114 58 85 170 0.202614
115 58 85 170 0.159688
116 58 85 170 0.138687
117 58 85 170 0.273541
118 58 85 170 0.393904
119 58 85 170 0.457335
120 58 85 170 0.487646
121 58 85 170 0.276723
122 58 85 170 0.105637
123 58 85 170 0.0761805
124 58 85 170 0.0372894
125 58 85 170 0.0138011
108 59 85 170 0.0284281
109 59 85 170 0.0747688
110 59 85 170 0.124349
111 59 85 170 0.16895
112 59 85 170 0.230793
113 59 85 170 0.330009
114 59 85 170 0.356048
115 59 85 170 0.293072
116 59 85 170 0.268551
117 59 85 170 0.396824
118 59 85 170 0.511325
119 59 85 170 0.566611
120 59 85 170 0.578505
121 59 85 170 0.350945
122 59 85 170 0.156637
123 59 85 170 0.101142
124 59 85 170 0.0476701
125 59 85 170 0.0175321
107 60 85 170 0.0151888
108 60 85 170 0.0691358
109 60 85 170 0.171863
110 60 85 170 0.293497
111 60 85 170 0.40497
112 60 85 170 0.502976
113 60 85 170 0.593819
114 60 85 170 0.582117
115 60 85 170 0.503584
116 60 85 170 0.498663
117 60 85 170 0.588383
118 60 85 170 0.651395
119 60 85 170 0.677142
120 60 85 170 0.670222
121 60 85 170 0.44282
122 60 85 170 0.230319
123 60 85 170 0.136431
124 60 85 170 0.0579874
125 60 85 170 0.0198497
107 61 85 170 0.0197781
108 61 85 170 0.102763
109 61 85 170 0.239545
110 61 85 170 0.424022
111 61 85 170 0.590451
112 61 85 170 0.685928
113 61 85 170 0.771304
114 61 85 170 0.759685
115 61 85 170 0.669681
116 61 85 170 0.638049
117 61 85 170 0.711447
118 61 85 170 0.757188
119 61 85 170 0.754284
120 61 85 170 0.719768
121 61 85 170 0.490317
122 61 85 170 0.287452
123 61 85 170 0.187125
124 61 85 170 0.0808559
125 61 85 170 0.0283929
126 61 85 170 0.0109162
105 62 85 170 0.0105974
107 62 85 170 0.0635315
108 62 85 170 0.270519
109 62 85 170 0.451972
110 62 85 170 0.634443
111 62 85 170 0.785309
112 62 85 170 0.839839
113 62 85 170 0.894334
114 62 85 170 0.889491
115 62 85 170 0.821527
116 62 85 170 0.784872
117 62 85 170 0.830408
118 62 85 170 0.855374
119 62 85 170 0.836217
120 62 85 170 0.787377
121 62 85 170 0.595804
122 62 85 170 0.4059
123 62 85 170 0.270875
124 62 85 170 0.131182
125 62 85 170 0.0485983
126 62 85 170 0.0153361
105 63 85 170 0.0177784
107 63 85 170 0.110929
108 63 85 170 0.453048
109 63 85 170 0.692019
110 63 85 170 0.841379
111 63 85 170 0.936109
112 63 85 170 0.955408
113 63 85 170 0.97153
114 63 85 170 0.965933
115 63 85 170 0.935887
116 63 85 170 0.919638
117 63 85 170 0.932171
118 63 85 170 0.930676
119 63 85 170 0.909285
120 63 85 170 0.867399
121 63 85 170 0.729133
122 63 85 170 0.545626
123 63 85 170 0.370673
124 63 85 170 0.213298
125 63 85 170 0.0844478
126 63 85 170 0.0197376
105 64 85 170 0.0193388
106 64 85 170 0.0146626
107 64 85 170 0.146292
108 64 85 170 0.512407
109 64 85 170 0.771276
110 64 85 170 0.899393
111 64 85 170 0.958608
112 64 85 170 0.975238
113 64 85 170 0.983761
114 64 85 170 0.984395
115 64 85 170 0.971002
116 64 85 170 0.954764
117 64 85 170 0.960944
118 64 85 170 0.957615
119 64 85 170 0.942946
120 64 85 170 0.917472
121 64 85 170 0.80696
122 64 85 170 0.646241
123 64 85 170 0.487118
124 64 85 170 0.330657
125 64 85 170 0.145279
126 64 85 170 0.0343926
127 64 85 170 0.0140751
99 65 85 170 0.0127615
100 65 85 170 0.0134772
104 65 85 170 0.0103015
105 65 85 170 0.0428632
106 65 85 170 0.0881019
107 65 85 170 0.28856
108 65 85 170 0.688195
109 65 85 170 0.895367
110 65 85 170 0.95775
111 65 85 170 0.986808
112 65 85 170 0.99622
113 65 85 170 0.999998
114 65 85 170 1.00089
115 65 85 170 0.995827
116 65 85 170 0.98737
117 65 85 170 0.988009
118 65 85 170 0.983343
119 65 85 170 0.97527
120 65 85 170 0.963627
121 65 85 170 0.903054
122 65 85 170 0.805269
123 65 85 170 0.67338
124 65 85 170 0.483771
125 65 85 170 0.240637
126 65 85 170 0.0772585
127 65 85 170 0.0261188
128 65 85 170 0.0117907
129 65 85 170 0.0166389
130 65 85 170 0.0163035
98 66 85 170 0.0119144
99 66 85 170 0.0185822
100 66 85 170 0.0160687
104 66 85 170 0.0150841
105 66 85 170 0.0502208
106 66 85 170 0.133364
107 66 85 170 0.386486
108 66 85 170 0.788477
109 66 85 170 0.935713
110 66 85 170 0.950735
111 66 85 170 0.96908
112 66 85 170 0.972861
113 66 85 170 0.97365
114 66 85 170 0.97361
115 66 85 170 0.971787
116 66 85 170 0.969258
117 66 85 170 0.967155
118 66 85 170 0.963163
119 66 85 170 0.959556
120 66 85 170 0.953132
121 66 85 170 0.923112
122 66 85 170 0.877042
123 66 85 170 0.783374
124 66 85 170 0.592421
125 66 85 170 0.332067
126 66 85 170 0.132463
127 66 85 170 0.0467122
128 66 85 170 0.0279964
129 66 85 170 0.0344181
130 66 85 170 0.0306563
131 66 85 170 0.0153889
97 67 85 170 0.0125434
98 67 85 170 0.0273399
99 67 85 170 0.0362108
100 67 85 170 0.0274831
101 67 85 170 0.0168555
102 67 85 170 0.0121177
103 67 85 170 0.0131031
104 67 85 170 0.0279428
105 67 85 170 0.0905534
106 67 85 170 0.245428
107 67 85 170 0.544838
108 67 85 170 0.900126
109 67 85 170 1.00542
110 67 85 170 1.00978
111 67 85 170 1.03103
112 67 85 170 1.03423
113 67 85 170 1.03507
114 67 85 170 1.03576
115 67 85 170 1.03408
116 67 85 170 1.03145
117 67 85 170 1.03057
118 67 85 170 1.02981
119 67 85 170 1.02786
120 67 85 170 1.02079
121 67 85 170 0.998682
122 67 85 170 0.969014
123 67 85 170 0.912908
124 67 85 170 0.769898
125 67 85 170 0.490781
126 67 85 170 0.235348
127 67 85 170 0.102136
128 67 85 170 0.0652012
129 67 85 170 0.0927896
130 67 85 170 0.0912281
131 67 85 170 0.0472329
132 67 85 170 0.0191964
97 68 85 170 0.0255723
98 68 85 170 0.048018
99 68 85 170 0.0590184
100 68 85 170 0.0480553
101 68 85 170 0.0282108
102 68 85 170 0.0216526
103 68 85 170 0.0240278
104 68 85 170 0.0442894
105 68 85 170 0.159715
106 68 85 170 0.395071
107 68 85 170 0.705102
108 68 85 170 0.964944
109 68 85 170 1.0247
110 68 85 170 1.02174
111 68 85 170 1.03754
112 68 85 170 1.03827
113 68 85 170 1.03846
114 68 85 170 1.03889
115 68 85 170 1.03777
116 68 85 170 1.03677
117 68 85 170 1.03586
118 68 85 170 1.0357
119 68 85 170 1.03334
120 68 85 170 1.02687
121 68 85 170 1.02019
122 68 85 170 0.995527
123 68 85 170 0.961401
124 68 85 170 0.878335
125 68 85 170 0.595983
126 68 85 170 0.311142
127 68 85 170 0.150742
128 68 85 170 0.0898466
129 68 85 170 0.148716
130 68 85 170 0.158337
131 68 85 170 0.0813225
132 68 85 170 0.0288496
133 68 85 170 0.0134447
98 69 85 170 0.0155764
99 69 85 170 0.0188875
100 69 85 170 0.0156695
104 69 85 170 0.0140976
105 69 85 170 0.0521061
106 69 85 170 0.126252
107 69 85 170 0.214419
108 69 85 170 0.278611
109 69 85 170 0.291354
110 69 85 170 0.289848
111 69 85 170 0.293629
112 69 85 170 0.293558
113 69 85 170 0.293532
114 69 85 170 0.293604
115 69 85 170 0.293354
116 69 85 170 0.293268
117 69 85 170 0.292971
118 69 85 170 0.292916
119 69 85 170 0.292168
120 69 85 170 0.290429
121 69 85 170 0.290136
122 69 85 170 0.283414
123 69 85 170 0.275364
124 69 85 170 0.257336
125 69 85 170 0.177264
126 69 85 170 0.0944111
127 69 85 170 0.0469217
128 69 85 170 0.0273902
129 69 85 170 0.0470886
130 69 85 170 0.0510097
131 69 85 170 0.0261408
107 71 85 170 0.0157688
108 71 85 170 0.0203825
109 71 85 170 0.0212804
110 71 85 170 0.0211652
111 71 85 170 0.0214359
112 71 85 170 0.0214285
113 71 85 170 0.021426
114 71 85 170 0.0214309
115 71 85 170 0.0214131
116 71 85 170 0.0214084
117 71 85 170 0.0213864
118 71 85 170 0.0213823
119 71 85 170 0.0213271
120 71 85 170 0.0212008
121 71 85 170 0.0211919
122 71 85 170 0.0207032
123 71 85 170 0.020128
124 71 85 170 0.0188544
125 71 85 170 0.0130076
124 2 64 128 0.0104856
125 2 64 128 0.0106256
124 3 64 128 0.0100864
125 3 64 128 0.0101373
123 4 64 128 0.0108503
124 4 64 128 0.0129704
125 4 64 128 0.0140697
126 4 64 128 0.0100335
124 5 64 128 0.012781
125 5 64 128 0.0135204
123 6 64 128 0.0110858
124 6 64 128 0.0146991
125 6 64 128 0.0184342
126 6 64 128 0.013957
127 6 64 128 0.0124935
124 7 64 128 0.013202
125 7 64 128 0.0176026
126 7 64 128 0.0159221
127 7 64 128 0.0140959
128 7 64 128 0.0101757
124 8 64 128 0.0158772
125 8 64 128 0.0195187
126 8 64 128 0.0223557
127 8 64 128 0.0214992
128 8 64 128 0.0181027
129 8 64 128 0.0148416
131 8 64 128 0.011881
124 9 64 128 0.0133488
125 9 64 128 0.0217509
126 9 64 128 0.0285635
127 9 64 128 0.0314814
128 9 64 128 0.0301537
129 9 64 128 0.0240697
130 9 64 128 0.016698
131 9 64 128 0.0215148
132 9 64 128 0.0138056
124 10 64 128 0.0172422
125 10 64 128 0.0341115
126 10 64 128 0.0600569
127 10 64 128 0.0572357
128 10 64 128 0.0619795
129 10 64 128 0.0480464
130 10 64 128 0.0391201
131 10 64 128 0.0454319
132 10 64 128 0.0267395
133 10 64 128 0.0155718
124 11 64 128 0.0162218
125 11 64 128 0.039626
126 11 64 128 0.075863
127 11 64 128 0.0785134
128 11 64 128 0.0812838
129 11 64 128 0.0674232
130 11 64 128 0.056958
131 11 64 128 0.0668018
132 11 64 128 0.0358048
133 11 64 128 0.0186812
124 12 64 128 0.0152281
125 12 64 128 0.0388091
126 12 64 128 0.08504
127 12 64 128 0.105574
128 12 64 128 0.111014
129 12 64 128 0.102473
130 12 64 128 0.077849
131 12 64 128 0.0854699
132 12 64 128 0.054181
133 12 64 128 0.0264958
124 13 64 128 0.0120734
125 13 64 128 0.0368864
126 13 64 128 0.0782929
127 13 64 128 0.125444
128 13 64 128 0.138451
129 13 64 128 0.141326
130 13 64 128 0.0783784
131 13 64 128 0.0940337
132 13 64 128 0.0501378
133 13 64 128 0.0272222
124 14 64 128 0.0121376
125 14 64 128 0.0329045
126 14 64 128 0.0890005
127 14 64 128 0.112825
128 14 64 128 0.126462
129 14 64 128 0.117086
130 14 64 128 0.0874495
131 14 64 128 0.0904233
132 14 64 128 0.042337
133 14 64 128 0.01948
125 15 64 128 0.0266115
126 15 64 128 0.066079
127 15 64 128 0.0873301
128 15 64 128 0.096018
129 15 64 128 0.0927464
130 15 64 128 0.0707975
131 15 64 128 0.0682526
132 15 64 128 0.0363839
133 15 64 128 0.0162403
125 16 64 128 0.0175617
126 16 64 128 0.0451651
127 16 64 128 0.0556895
128 16 64 128 0.0702651
129 16 64 128 0.0767607
130 16 64 128 0.0555495
131 16 64 128 0.0511314
132 16 64 128 0.032519
133 16 64 128 0.0142789
125 17 64 128 0.0126032
126 17 64 128 0.0247657
127 17 64 128 0.0393947
128 17 64 128 0.048314
129 17 64 128 0.0589312
130 17 64 128 0.0450513
131 17 64 128 0.0412073
132 17 64 128 0.0252914
133 17 64 128 0.0126969
126 18 64 128 0.0154437
127 18 64 128 0.0215172
128 18 64 128 0.0293162
129 18 64 128 0.0349915
130 18 64 128 0.0327328
131 18 64 128 0.0282717
132 18 64 128 0.0189184
133 18 64 128 0.0106788
127 19 64 128 0.0137853
128 19 64 128 0.0189185
129 19 64 128 0.0247788
130 19 64 128 0.0238992
131 19 64 128 0.0217958
132 19 64 128 0.0163507
128 20 64 128 0.011211
129 20 64 128 0.0167492
130 20 64 128 0.0170856
131 20 64 128 0.017456
132 20 64 128 0.0114032
129 21 64 128 0.0112299
130 21 64 128 0.0116083
131 21 64 128 0.0135707
154 22 64 128 0.0113753
155 22 64 128 0.0138769
156 22 64 128 0.0136754
153 23 64 128 0.0187801
154 23 64 128 0.0220283
155 23 64 128 0.0298153
156 23 64 128 0.0303175
157 23 64 128 0.0170838
152 24 64 128 0.0111383
153 24 64 128 0.0239316
154 24 64 128 0.0328062
155 24 64 128 0.0477635
156 24 64 128 0.0428288
157 24 64 128 0.0264564
158 24 64 128 0.0138481
152 25 64 128 0.0147324
153 25 64 128 0.0327425
154 25 64 128 0.0426812
155 25 64 128 0.0673711
156 25 64 128 0.0598592
157 25 64 128 0.0374341
158 25 64 128 0.0155174
111 26 64 128 0.0136033
152 26 64 128 0.0115702
153 26 64 128 0.0233914
154 26 64 128 0.0374364
155 26 64 128 0.0406
156 26 64 128 0.0446618
157 26 64 128 0.0294292
158 26 64 128 0.0164112
110 27 64 128 0.0105585
111 27 64 128 0.0145501
112 27 64 128 0.0114422
152 27 64 128 0.0119303
153 27 64 128 0.0217967
154 27 64 128 0.0320056
155 27 64 128 0.0415629
156 27 64 128 0.0382257
157 27 64 128 0.023994
158 27 64 128 0.0136976
110 28 64 128 0.0142819
111 28 64 128 0.0182953
112 28 64 128 0.0140998
153 28 64 128 0.0149122
154 28 64 128 0.0281014
155 28 64 128 0.0278717
156 28 64 128 0.0291851
157 28 64 128 0.0161073
158 28 64 128 0.0108624
109 29 64 128 0.0101367
110 29 64 128 0.0162333
111 29 64 128 0.0215596
112 29 64 128 0.0194732
113 29 64 128 0.0106644
153 29 64 128 0.0139476
154 29 64 128 0.0201823
155 29 64 128 0.0251767
156 29 64 128 0.0218729
157 29 64 128 0.0153387
109 30 64 128 0.0127232
110 30 64 128 0.0200524
111 30 64 128 0.027219
112 30 64 128 0.0225517
113 30 64 128 0.0147167
154 30 64 128 0.0124619
155 30 64 128 0.015849
156 30 64 128 0.0138587
109 31 64 128 0.0191146
110 31 64 128 0.0279971
111 31 64 128 0.0318755
112 31 64 128 0.0266283
113 31 64 128 0.0163738
108 32 64 128 0.0142281
109 32 64 128 0.0366946
110 32 64 128 0.0445482
111 32 64 128 0.0499693
112 32 64 128 0.0342457
113 32 64 128 0.0210621
144 32 64 128 0.0108325
145 32 64 128 0.0125372
107 33 64 128 0.021485
108 33 64 128 0.0349621
109 33 64 128 0.0704942
110 33 64 128 0.0705658
111 33 64 128 0.0786364
112 33 64 128 0.0452266
113 33 64 128 0.0223134
141 33 64 128 0.0109743
142 33 64 128 0.0122146
143 33 64 128 0.0108418
144 33 64 128 0.0127517
145 33 64 128 0.013375
146 33 64 128 0.0102957
106 34 64 128 0.0147506
107 34 64 128 0.0448986
108 34 64 128 0.0649378
109 34 64 128 0.0993081
110 34 64 128 0.0975992
111 34 64 128 0.0841999
112 34 64 128 0.0330448
113 34 64 128 0.0159903
141 34 64 128 0.0128739
142 34 64 128 0.0166345
143 34 64 128 0.0161917
144 34 64 128 0.0165397
145 34 64 128 0.0149471
146 34 64 128 0.0107243
105 35 64 128 0.0179551
106 35 64 128 0.039077
107 35 64 128 0.106019
108 35 64 128 0.1517
109 35 64 128 0.181247
110 35 64 128 0.134754
111 35 64 128 0.0912288
112 35 64 128 0.032995
113 35 64 128 0.0135329
141 35 64 128 0.0189807
142 35 64 128 0.0191683
143 35 64 128 0.0206949
144 35 64 128 0.0227063
145 35 64 128 0.0184717
146 35 64 128 0.0112206
104 36 64 128 0.0157862
105 36 64 128 0.0366159
106 36 64 128 0.0716581
107 36 64 128 0.189497
108 36 64 128 0.263565
109 36 64 128 0.261736
110 36 64 128 0.165702
111 36 64 128 0.0903695
112 36 64 128 0.0313723
113 36 64 128 0.0118172
140 36 64 128 0.0117483
141 36 64 128 0.0260795
142 36 64 128 0.0249176
143 36 64 128 0.0272493
144 36 64 128 0.0281699
145 36 64 128 0.0269684
146 36 64 128 0.0125752
103 37 64 128 0.0102744
104 37 64 128 0.0271737
105 37 64 128 0.0571016
106 37 64 128 0.125578
107 37 64 128 0.285977
108 37 64 128 0.337777
109 37 64 128 0.305166
110 37 64 128 0.180201
111 37 64 128 0.0818481
112 37 64 128 0.0254631
140 37 64 128 0.0137658
141 37 64 128 0.027514
142 37 64 128 0.0324876
143 37 64 128 0.0285806
144 37 64 128 0.0338812
145 37 64 128 0.0255543
146 37 64 128 0.0144177
103 38 64 128 0.0136441
104 38 64 128 0.0349816
105 38 64 128 0.076805
106 38 64 128 0.16362
107 38 64 128 0.378047
108 38 64 128 0.3825
109 38 64 128 0.306832
110 38 64 128 0.182666
111 38 64 128 0.0753607
112 38 64 128 0.0178407
140 38 64 128 0.0167464
141 38 64 128 0.0356252
142 38 64 128 0.047067
143 38 64 128 0.054997
144 38 64 128 0.0490066
145 38 64 128 0.0356834
146 38 64 128 0.0208728
150 38 64 128 0.0118854
103 39 64 128 0.0160373
104 39 64 128 0.0436423
105 39 64 128 0.102425
106 39 64 128 0.25207
107 39 64 128 0.455096
108 39 64 128 0.454699
109 39 64 128 0.375228
110 39 64 128 0.186667
111 39 64 128 0.0705833
112 39 64 128 0.0146004
140 39 64 128 0.0158442
141 39 64 128 0.0335141
142 39 64 128 0.044772
143 39 64 128 0.0579828
144 39 64 128 0.0654471
145 39 64 128 0.0449074
146 39 64 128 0.0261127
147 39 64 128 0.0112628
148 39 64 128 0.0135994
149 39 64 128 0.010607
150 39 64 128 0.0167061
103 40 64 128 0.0228633
104 40 64 128 0.06706
105 40 64 128 0.146768
106 40 64 128 0.345752
107 40 64 128 0.504556
108 40 64 128 0.526272
109 40 64 128 0.39971
110 40 64 128 0.209283
111 40 64 128 0.0651339
112 40 64 128 0.0130242
139 40 64 128 0.0100788
140 40 64 128 0.016791
141 40 64 128 0.0415005
142 40 64 128 0.0531882
143 40 64 128 0.084739
144 40 64 128 0.094843
145 40 64 128 0.0750444
146 40 64 128 0.0323942
147 40 64 128 0.0165477
148 40 64 128 0.0174007
149 40 64 128 0.0193218
150 40 64 128 0.0235601
151 40 64 128 0.0127528
103 41 64 128 0.0268477
104 41 64 128 0.0850509
105 41 64 128 0.173297
106 41 64 128 0.379381
107 41 64 128 0.56268
108 41 64 128 0.546917
109 41 64 128 0.406275
110 41 64 128 0.225266
111 41 64 128 0.0712184
112 41 64 128 0.0107448
140 41 64 128 0.0124721
141 41 64 128 0.030884
142 41 64 128 0.0566309
143 41 64 128 0.096591
144 41 64 128 0.135955
145 41 64 128 0.127054
146 41 64 128 0.0532006
147 41 64 128 0.0260826
148 41 64 128 0.030624
149 41 64 128 0.0317438
150 41 64 128 0.0361631
151 41 64 128 0.0221975
152 41 64 128 0.0158629
103 42 64 128 0.0245391
104 42 64 128 0.0722884
105 42 64 128 0.135026
106 42 64 128 0.290295
107 42 64 128 0.447925
108 42 64 128 0.44036
109 42 64 128 0.326725
110 42 64 128 0.202924
111 42 64 128 0.0507568
140 42 64 128 0.013693
141 42 64 128 0.0379829
142 42 64 128 0.0687454
143 42 64 128 0.146683
144 42 64 128 0.22404
145 42 64 128 0.225241
146 42 64 128 0.105069
147 42 64 128 0.0567752
148 42 64 128 0.0523506
149 42 64 128 0.05732
150 42 64 128 0.0573365
151 42 64 128 0.0377288
152 42 64 128 0.0237002
153 42 64 128 0.0112777
103 43 64 128 0.0213706
104 43 64 128 0.0698251
105 43 64 128 0.127285
106 43 64 128 0.287171
107 43 64 128 0.404126
108 43 64 128 0.412724
109 43 64 128 0.30862
110 43 64 128 0.183524
111 43 64 128 0.0465677
140 43 64 128 0.0120935
141 43 64 128 0.0323192
142 43 64 128 0.061729
143 43 64 128 0.159151
144 43 64 128 0.318963
145 43 64 128 0.359886
146 43 64 128 0.180218
147 43 64 128 0.109828
148 43 64 128 0.103744
149 43 64 128 0.0835158
150 43 64 128 0.0777865
151 43 64 128 0.0510072
152 43 64 128 0.031795
153 43 64 128 0.0139645
103 44 64 128 0.0155108
104 44 64 128 0.0479086
105 44 64 128 0.116275
106 44 64 128 0.247573
107 44 64 128 0.316382
108 44 64 128 0.306421
109 44 64 128 0.238882
110 44 64 128 0.139993
111 44 64 128 0.0344925
140 44 64 128 0.0128977
141 44 64 128 0.0342517
142 44 64 128 0.0703133
143 44 64 128 0.198184
144 44 64 128 0.384237
145 44 64 128 0.494695
146 44 64 128 0.277592
147 44 64 128 0.192728
148 44 64 128 0.167602
149 44 64 128 0.14479
150 44 64 128 0.128296
151 44 64 128 0.0824529
152 44 64 128 0.0401575
153 44 64 128 0.0196748
103 45 64 128 0.0127217
104 45 64 128 0.0344172
105 45 64 128 0.0799013
106 45 64 128 0.173588
107 45 64 128 0.270177
108 45 64 128 0.239897
109 45 64 128 0.183358
110 45 64 128 0.09943
111 45 64 128 0.0305816
141 45 64 128 0.0285758
142 45 64 128 0.0614367
143 45 64 128 0.17705
144 45 64 128 0.40758
145 45 64 128 0.528146
146 45 64 128 0.350871
147 45 64 128 0.270796
148 45 64 128 0.277394
149 45 64 128 0.23006
150 45 64 128 0.190052
151 45 64 128 0.130288
152 45 64 128 0.062554
153 45 64 128 0.0219859
103 46 64 128 0.0117126
104 46 64 128 0.0264926
105 46 64 128 0.057351
106 46 64 128 0.130681
107 46 64 128 0.1832
108 46 64 128 0.163379
109 46 64 128 0.112654
110 46 64 128 0.0604953
111 46 64 128 0.018556
141 46 64 128 0.0269837
142 46 64 128 0.0697335
143 46 64 128 0.227787
144 46 64 128 0.457789
145 46 64 128 0.573136
146 46 64 128 0.454496
147 46 64 128 0.376382
148 46 64 128 0.382756
149 46 64 128 0.328008
150 46 64 128 0.252709
151 46 64 128 0.169516
152 46 64 128 0.0867056
153 46 64 128 0.0284851
154 46 64 128 0.0103316
103 47 64 128 0.0137929
104 47 64 128 0.0288664
105 47 64 128 0.0516902
106 47 64 128 0.0960498
107 47 64 128 0.140812
108 47 64 128 0.13345
109 47 64 128 0.0808047
110 47 64 128 0.0452807
111 47 64 128 0.0165528
141 47 64 128 0.0247577
142 47 64 128 0.0651449
143 47 64 128 0.241376
144 47 64 128 0.528594
145 47 64 128 0.660159
146 47 64 128 0.575339
147 47 64 128 0.499317
148 47 64 128 0.542055
149 47 64 128 0.502754
150 47 64 128 0.35983
151 47 64 128 0.255124
152 47 64 128 0.143687
153 47 64 128 0.0451387
154 47 64 128 0.0162912
103 48 64 128 0.0195181
104 48 64 128 0.0330481
105 48 64 128 0.05939
106 48 64 128 0.0885309
107 48 64 128 0.105157
108 48 64 128 0.0890237
109 48 64 128 0.0594433
110 48 64 128 0.0257463
111 48 64 128 0.0108737
141 48 64 128 0.0310297
142 48 64 128 0.100094
143 48 64 128 0.351715
144 48 64 128 0.647918
145 48 64 128 0.778265
146 48 64 128 0.70632
147 48 64 128 0.663513
148 48 64 128 0.682605
149 48 64 128 0.657138
150 48 64 128 0.550323
151 48 64 128 0.390537
152 48 64 128 0.205349
153 48 64 128 0.0758193
154 48 64 128 0.0271823
155 48 64 128 0.0129008
102 49 64 128 0.0147453
103 49 64 128 0.029333
104 49 64 128 0.0432349
105 49 64 128 0.0558298
106 49 64 128 0.0851651
107 49 64 128 0.086262
108 49 64 128 0.0678426
109 49 64 128 0.0409425
110 49 64 128 0.0219106
111 49 64 128 0.0117631
112 49 64 128 0.0105713
141 49 64 128 0.031577
142 49 64 128 0.12329
143 49 64 128 0.391739
144 49 64 128 0.735401
145 49 64 128 0.83202
146 49 64 128 0.822668
147 49 64 128 0.798714
148 49 64 128 0.84315
149 49 64 128 0.820447
150 49 64 128 0.744918
151 49 64 128 0.62755
152 49 64 128 0.44299
153 49 64 128 0.164108
154 49 64 128 0.0615698
155 49 64 128 0.0229616
156 49 64 128 0.0109834
101 50 64 128 0.0105998
102 50 64 128 0.0216068
103 50 64 128 0.0374682
104 50 64 128 0.0456766
105 50 64 128 0.0620102
106 50 64 128 0.0678268
107 50 64 128 0.0661256
108 50 64 128 0.0379317
109 50 64 128 0.0232394
110 50 64 128 0.0142494
120 50 64 128 0.010018
121 50 64 128 0.0113898
140 50 64 128 0.0120659
141 50 64 128 0.0397425
142 50 64 128 0.160126
143 50 64 128 0.466374
144 50 64 128 0.796649
145 50 64 128 0.881096
146 50 64 128 0.896155
147 50 64 128 0.892232
148 50 64 128 0.929536
149 50 64 128 0.923035
150 50 64 128 0.873131
151 50 64 128 0.790584
152 50 64 128 0.652387
153 50 64 128 0.323002
154 50 64 128 0.122995
155 50 64 128 0.0409539
156 50 64 128 0.0219143
157 50 64 128 0.0124365
101 51 64 128 0.0287133
102 51 64 128 0.0467693
103 51 64 128 0.071844
104 51 64 128 0.0876212
105 51 64 128 0.108692
106 51 64 128 0.0899597
107 51 64 128 0.0875634
108 51 64 128 0.0461576
109 51 64 128 0.0265056
110 51 64 128 0.0156507
111 51 64 128 0.0115734
112 51 64 128 0.0107087
113 51 64 128 0.0102849
118 51 64 128 0.0105351
119 51 64 128 0.0147508
120 51 64 128 0.0173934
121 51 64 128 0.0207559
140 51 64 128 0.0158068
141 51 64 128 0.0580084
142 51 64 128 0.215524
143 51 64 128 0.57062
144 51 64 128 0.839527
145 51 64 128 0.911496
146 51 64 128 0.932199
147 51 64 128 0.942831
148 51 64 128 0.963842
149 51 64 128 0.967347
150 51 64 128 0.942005
151 51 64 128 0.891941
152 51 64 128 0.75314
153 51 64 128 0.499833
154 51 64 128 0.218369
155 51 64 128 0.0848446
156 51 64 128 0.0326626
157 51 64 128 0.0174056
99 52 64 128 0.0170929
100 52 64 128 0.0260064
101 52 64 128 0.0703313
102 52 64 128 0.10073
103 52 64 128 0.120094
104 52 64 128 0.122329
105 52 64 128 0.150974
106 52 64 128 0.129165
107 52 64 128 0.103326
108 52 64 128 0.0482754
109 52 64 128 0.0264466
110 52 64 128 0.0139154
111 52 64 128 0.0107216
112 52 64 128 0.0139673
113 52 64 128 0.0127388
114 52 64 128 0.0123881
118 52 64 128 0.0110917
119 52 64 128 0.0160079
120 52 64 128 0.0193286
121 52 64 128 0.0229966
135 52 64 128 0.0106871
136 52 64 128 0.0104021
137 52 64 128 0.0111015
138 52 64 128 0.0100576
139 52 64 128 0.0131237
140 52 64 128 0.023822
141 52 64 128 0.0814203
142 52 64 128 0.311922
143 52 64 128 0.668804
144 52 64 128 0.877545
145 52 64 128 0.936104
146 52 64 128 0.943074
147 52 64 128 0.962284
148 52 64 128 0.97655
149 52 64 128 0.98261
150 52 64 128 0.96732
151 52 64 128 0.917652
152 52 64 128 0.766787
153 52 64 128 0.547061
154 52 64 128 0.271337
155 52 64 128 0.108279
156 52 64 128 0.0366566
157 52 64 128 0.0187752
97 53 64 128 0.0171398
98 53 64 128 0.0243497
99 53 64 128 0.0400047
100 53 64 128 0.0764757
101 53 64 128 0.15834
102 53 64 128 0.189348
103 53 64 128 0.221719
104 53 64 128 0.20204
105 53 64 128 0.202514
106 53 64 128 0.157505
107 53 64 128 0.144238
108 53 64 128 0.0730901
109 53 64 128 0.0325905
110 53 64 128 0.0161727
111 53 64 128 0.0143884
112 53 64 128 0.0166614
113 53 64 128 0.0154323
114 53 64 128 0.0127884
118 53 64 128 0.0112036
119 53 64 128 0.0179498
120 53 64 128 0.0237752
121 53 64 128 0.0295511
122 53 64 128 0.0134461
133 53 64 128 0.0147249
134 53 64 128 0.0214212
135 53 64 128 0.0286176
136 53 64 128 0.0272255
137 53 64 128 0.0279879
138 53 64 128 0.0227428
139 53 64 128 0.0234206
140 53 64 128 0.0410648
141 53 64 128 0.12379
142 53 64 128 0.454133
143 53 64 128 0.735009
144 53 64 128 0.904019
145 53 64 128 0.938249
146 53 64 128 0.955781
147 53 64 128 0.968908
148 53 64 128 0.984943
149 53 64 128 0.986512
150 53 64 128 0.976008
151 53 64 128 0.933321
152 53 64 128 0.788144
153 53 64 128 0.514077
154 53 64 128 0.246905
155 53 64 128 0.105358
156 53 64 128 0.0377969
157 53 64 128 0.0176142
95 54 64 128 0.015095
96 54 64 128 0.0152021
97 54 64 128 0.0301436
98 54 64 128 0.0356563
99 54 64 128 0.0692378
100 54 64 128 0.0991016
101 54 64 128 0.191321
102 54 64 128 0.19693
103 54 64 128 0.202025
104 54 64 128 0.168946
105 54 64 128 0.162291
106 54 64 128 0.125761
107 54 64 128 0.107384
108 54 64 128 0.0473001
109 54 64 128 0.024719
110 54 64 128 0.0112101
111 54 64 128 0.0101589
112 54 64 128 0.0125696
113 54 64 128 0.014085
114 54 64 128 0.010006
119 54 64 128 0.0140762
120 54 64 128 0.0210216
121 54 64 128 0.0308794
122 54 64 128 0.0127279
132 54 64 128 0.0167902
133 54 64 128 0.0388845
134 54 64 128 0.0620758
135 54 64 128 0.0656598
136 54 64 128 0.0626527
137 54 64 128 0.0527702
138 54 64 128 0.0394656
139 54 64 128 0.0305833
140 54 64 128 0.0560088
141 54 64 128 0.146916
142 54 64 128 0.497841
143 54 64 128 0.704965
144 54 64 128 0.866366
145 54 64 128 0.895594
146 54 64 128 0.929091
147 54 64 128 0.949783
148 54 64 128 0.978944
149 54 64 128 0.983121
150 54 64 128 0.967681
151 54 64 128 0.895952
152 54 64 128 0.740326
153 54 64 128 0.416665
154 54 64 128 0.19776
155 54 64 128 0.0619266
156 54 64 128 0.0252668
157 54 64 128 0.0118512
95 55 64 128 0.0225735
96 55 64 128 0.0314112
97 55 64 128 0.0447972
98 55 64 128 0.0583534
99 55 64 128 0.0970367
100 55 64 128 0.154612
101 55 64 128 0.241656
102 55 64 128 0.238482
103 55 64 128 0.232043
104 55 64 128 0.208075
105 55 64 128 0.177171
106 55 64 128 0.134166
107 55 64 128 0.104398
108 55 64 128 0.0469625
109 55 64 128 0.0240309
110 55 64 128 0.0101749
111 55 64 128 0.0107627
112 55 64 128 0.0123779
113 55 64 128 0.0141451
119 55 64 128 0.0159398
120 55 64 128 0.026576
121 55 64 128 0.0289745
122 55 64 128 0.0137433
131 55 64 128 0.0253564
132 55 64 128 0.0498292
133 55 64 128 0.124789
134 55 64 128 0.168841
135 55 64 128 0.188161
136 55 64 128 0.160619
137 55 64 128 0.127777
138 55 64 128 0.0764873
139 55 64 128 0.0612806
140 55 64 128 0.0892871
141 55 64 128 0.214111
142 55 64 128 0.529216
143 55 64 128 0.720549
144 55 64 128 0.857263
145 55 64 128 0.841004
146 55 64 128 0.882787
147 55 64 128 0.916518
148 55 64 128 0.968644
149 55 64 128 0.973705
150 55 64 128 0.953357
151 55 64 128 0.863765
152 55 64 128 0.639587
153 55 64 128 0.318694
154 55 64 128 0.135124
155 55 64 128 0.041583
156 55 64 128 0.0152855
94 56 64 128 0.0120193
95 56 64 128 0.0295897
96 56 64 128 0.0373605
97 56 64 128 0.0571345
98 56 64 128 0.0646852
99 56 64 128 0.103705
100 56 64 128 0.112375
101 56 64 128 0.189277
102 56 64 128 0.166076
103 56 64 128 0.166613
104 56 64 128 0.13665
105 56 64 128 0.103633
106 56 64 128 0.0951334
107 56 64 128 0.072789
108 56 64 128 0.0289528
109 56 64 128 0.0141478
119 56 64 128 0.0111369
120 56 64 128 0.0177687
121 56 64 128 0.0272323
122 56 64 128 0.0121255
130 56 64 128 0.0191863
131 56 64 128 0.054379
132 56 64 128 0.113898
133 56 64 128 0.261286
134 56 64 128 0.337556
135 56 64 128 0.324943
136 56 64 128 0.30098
137 56 64 128 0.224821
138 56 64 128 0.14669
139 56 64 128 0.0901872
140 56 64 128 0.124459
141 56 64 128 0.198634
142 56 64 128 0.506905
143 56 64 128 0.651411
144 56 64 128 0.767327
145 56 64 128 0.715327
146 56 64 128 0.771742
147 56 64 128 0.824354
148 56 64 128 0.926201
149 56 64 128 0.944687
150 56 64 128 0.898127
151 56 64 128 0.707617
152 56 64 128 0.368971
153 56 64 128 0.144792
154 56 64 128 0.0612165
155 56 64 128 0.0185936
94 57 64 128 0.0171675
95 57 64 128 0.0356887
96 57 64 128 0.0491779
97 57 64 128 0.061258
98 57 64 128 0.0785069
99 57 64 128 0.111985
100 57 64 128 0.131357
101 57 64 128 0.16691
102 57 64 128 0.127256
103 57 64 128 0.13073
104 57 64 128 0.0971198
105 57 64 128 0.0828379
106 57 64 128 0.0629148
107 57 64 128 0.0538262
108 57 64 128 0.0210273
109 57 64 128 0.0106605
112 57 64 128 0.0106594
119 57 64 128 0.0133131
120 57 64 128 0.0215957
121 57 64 128 0.0326769
122 57 64 128 0.0160839
123 57 64 128 0.0124646
129 57 64 128 0.019826
130 57 64 128 0.0493965
131 57 64 128 0.121455
132 57 64 128 0.299795
133 57 64 128 0.538463
134 57 64 128 0.642364
135 57 64 128 0.601883
136 57 64 128 0.587398
137 57 64 128 0.449189
138 57 64 128 0.304293
139 57 64 128 0.198862
140 57 64 128 0.212457
141 57 64 128 0.300604
142 57 64 128 0.555197
143 57 64 128 0.610765
144 57 64 128 0.709353
145 57 64 128 0.606495
146 57 64 128 0.663131
147 57 64 128 0.682374
148 57 64 128 0.867926
149 57 64 128 0.898066
150 57 64 128 0.809973
151 57 64 128 0.521624
152 57 64 128 0.207543
153 57 64 128 0.0736707
154 57 64 128 0.0299955
94 58 64 128 0.0125425
95 58 64 128 0.0359931
96 58 64 128 0.0464098
97 58 64 128 0.0642252
98 58 64 128 0.0589244
99 58 64 128 0.0968156
100 58 64 128 0.0813676
101 58 64 128 0.0888599
102 58 64 128 0.0516791
103 58 64 128 0.0488238
104 58 64 128 0.0396029
105 58 64 128 0.0377945
106 58 64 128 0.0286559
107 58 64 128 0.022174
108 58 64 128 0.0111597
119 58 64 128 0.0136149
120 58 64 128 0.0219427
121 58 64 128 0.038626
122 58 64 128 0.0199564
123 58 64 128 0.0151331
128 58 64 128 0.01258
129 58 64 128 0.0301382
130 58 64 128 0.0728854
131 58 64 128 0.18145
132 58 64 128 0.422509
133 58 64 128 0.622585
134 58 64 128 0.715319
135 58 64 128 0.677574
136 58 64 128 0.685894
137 58 64 128 0.532064
138 58 64 128 0.332417
139 58 64 128 0.173134
140 58 64 128 0.205298
141 58 64 128 0.256185
142 58 64 128 0.438398
143 58 64 128 0.423135
144 58 64 128 0.500059
145 58 64 128 0.355328
146 58 64 128 0.406586
147 58 64 128 0.428979
148 58 64 128 0.695054
149 58 64 128 0.72316
150 58 64 128 0.584041
151 58 64 128 0.229478
152 58 64 128 0.0779677
153 58 64 128 0.0239155
93 59 64 128 0.010391
94 59 64 128 0.0166218
95 59 64 128 0.0390476
96 59 64 128 0.0629416
97 59 64 128 0.0787522
98 59 64 128 0.0662979
99 59 64 128 0.0973167
100 59 64 128 0.101189
101 59 64 128 0.0804797
102 59 64 128 0.0460742
103 59 64 128 0.038754
104 59 64 128 0.0308591
105 59 64 128 0.0289647
106 59 64 128 0.0265707
107 59 64 128 0.0206122
108 59 64 128 0.0107594
111 59 64 128 0.0102944
113 59 64 128 0.0128422
119 59 64 128 0.0123276
120 59 64 128 0.0207255
121 59 64 128 0.032496
122 59 64 128 0.0207383
123 59 64 128 0.0147791
128 59 64 128 0.0214128
129 59 64 128 0.054948
130 59 64 128 0.129084
131 59 64 128 0.249514
132 59 64 128 0.533319
133 59 64 128 0.716271
134 59 64 128 0.806652
135 59 64 128 0.790248
136 59 64 128 0.778348
137 59 64 128 0.644145
138 59 64 128 0.403773
139 59 64 128 0.22895
140 59 64 128 0.215874
141 59 64 128 0.290685
142 59 64 128 0.35773
143 59 64 128 0.326654
144 59 64 128 0.331749
145 59 64 128 0.165267
146 59 64 128 0.152431
147 59 64 128 0.171714
148 59 64 128 0.380758
149 59 64 128 0.45648
150 59 64 128 0.337511
151 59 64 128 0.106566
152 59 64 128 0.0277249
153 59 64 128 0.0100793
93 60 64 128 0.0115373
94 60 64 128 0.0175248
95 60 64 128 0.0367782
96 60 64 128 0.0535575
97 60 64 128 0.067477
98 60 64 128 0.0557958
99 60 64 128 0.0738663
100 60 64 128 0.0612109
101 60 64 128 0.0580038
102 60 64 128 0.0314244
103 60 64 128 0.0209275
104 60 64 128 0.0159209
105 60 64 128 0.0156238
106 60 64 128 0.0169518
107 60 64 128 0.0142676
112 60 64 128 0.010447
113 60 64 128 0.0109719
119 60 64 128 0.0106132
120 60 64 128 0.0188803
121 60 64 128 0.0317238
122 60 64 128 0.0229868
123 60 64 128 0.0163375
127 60 64 128 0.0117539
128 60 64 128 0.026671
129 60 64 128 0.0861569
130 60 64 128 0.161803
131 60 64 128 0.26579
132 60 64 128 0.493857
133 60 64 128 0.66863
134 60 64 128 0.754701
135 60 64 128 0.729146
136 60 64 128 0.717079
137 60 64 128 0.591585
138 60 64 128 0.336862
139 60 64 128 0.155855
140 60 64 128 0.149586
141 60 64 128 0.177287
142 60 64 128 0.239426
143 60 64 128 0.180073
144 60 64 128 0.146666
145 60 64 128 0.0616215
146 60 64 128 0.0634156
147 60 64 128 0.0733452
148 60 64 128 0.177776
149 60 64 128 0.200749
150 60 64 128 0.157004
151 60 64 128 0.0354064
152 60 64 128 0.0114277
93 61 64 128 0.0146697
94 61 64 128 0.0278744
95 61 64 128 0.0450172
96 61 64 128 0.0534563
97 61 64 128 0.058858
98 61 64 128 0.0520211
99 61 64 128 0.0562517
100 61 64 128 0.0456265
101 61 64 128 0.0367802
102 61 64 128 0.0187356
103 61 64 128 0.0102697
106 61 64 128 0.0104062
111 61 64 128 0.0134971
112 61 64 128 0.0122933
113 61 64 128 0.0143057
120 61 64 128 0.0132908
121 61 64 128 0.0280182
122 61 64 128 0.0194183
123 61 64 128 0.0165433
127 61 64 128 0.0163174
128 61 64 128 0.0365288
129 61 64 128 0.141742
130 61 64 128 0.193546
131 61 64 128 0.326943
132 61 64 128 0.520273
133 61 64 128 0.693476
134 61 64 128 0.742593
135 61 64 128 0.73551
136 61 64 128 0.724274
137 61 64 128 0.621591
138 61 64 128 0.363502
139 61 64 128 0.183231
140 61 64 128 0.157264
141 61 64 128 0.174397
142 61 64 128 0.167758
143 61 64 128 0.108792
144 61 64 128 0.0677454
145 61 64 128 0.02523
146 61 64 128 0.0248721
147 61 64 128 0.0331639
148 61 64 128 0.0837736
149 61 64 128 0.0896998
150 61 64 128 0.0575822
151 61 64 128 0.0126119
93 62 64 128 0.0140486
94 62 64 128 0.0241295
95 62 64 128 0.0359089
96 62 64 128 0.0408019
97 62 64 128 0.0389622
98 62 64 128 0.0294306
99 62 64 128 0.029352
100 62 64 128 0.0191372
101 62 64 128 0.0133797
111 62 64 128 0.0106703
112 62 64 128 0.0107188
113 62 64 128 0.0109513
120 62 64 128 0.012601
121 62 64 128 0.0271233
122 62 64 128 0.019604
123 62 64 128 0.0173201
126 62 64 128 0.0106813
127 62 64 128 0.0164298
128 62 64 128 0.0385606
129 62 64 128 0.131902
130 62 64 128 0.166029
131 62 64 128 0.239784
132 62 64 128 0.423937
133 62 64 128 0.546686
134 62 64 128 0.579338
135 62 64 128 0.527608
136 62 64 128 0.560827
137 62 64 128 0.425722
138 62 64 128 0.227812
139 62 64 128 0.100496
140 62 64 128 0.0929174
141 62 64 128 0.0866475
142 62 64 128 0.0983016
143 62 64 128 0.0502062
144 62 64 128 0.0272841
146 62 64 128 0.011253
147 62 64 128 0.0144976
148 62 64 128 0.0417832
149 62 64 128 0.0399341
150 62 64 128 0.0330333
93 63 64 128 0.0226428
94 63 64 128 0.0299721
95 63 64 128 0.0417396
96 63 64 128 0.0426604
97 63 64 128 0.0381722
98 63 64 128 0.0266137
99 63 64 128 0.0206788
100 63 64 128 0.0158681
111 63 64 128 0.0123823
112 63 64 128 0.0105875
113 63 64 128 0.0122309
121 63 64 128 0.0178303
122 63 64 128 0.015336
123 63 64 128 0.0153004
125 63 64 128 0.0117578
126 63 64 128 0.0104209
127 63 64 128 0.0199267
128 63 64 128 0.0384477
129 63 64 128 0.124153
130 63 64 128 0.142957
131 63 64 128 0.200467
132 63 64 128 0.356613
133 63 64 128 0.48182
134 63 64 128 0.511604
135 63 64 128 0.481234
136 63 64 128 0.460753
137 63 64 128 0.383546
138 63 64 128 0.201099
139 63 64 128 0.122162
140 63 64 128 0.106213
141 63 64 128 0.0949896
142 63 64 128 0.0800869
143 63 64 128 0.0423666
144 63 64 128 0.0163715
148 63 64 128 0.0215873
149 63 64 128 0.0197824
150 63 64 128 0.0102918
93 64 64 128 0.0291259
94 64 64 128 0.0370051
95 64 64 128 0.0324734
96 64 64 128 0.0290732
97 64 64 128 0.0301507
98 64 64 128 0.0162745
99 64 64 128 0.0122706
121 64 64 128 0.0173134
122 64 64 128 0.0197549
123 64 64 128 0.0213325
124 64 64 128 0.0169915
125 64 64 128 0.0230348
126 64 64 128 0.023219
127 64 64 128 0.0288808
128 64 64 128 0.0493353
129 64 64 128 0.138864
130 64 64 128 0.124185
131 64 64 128 0.157215
132 64 64 128 0.249472
133 64 64 128 0.332414
134 64 64 128 0.344925
135 64 64 128 0.292437
136 64 64 128 0.301181
137 64 64 128 0.27234
138 64 64 128 0.136416
139 64 64 128 0.0872458
140 64 64 128 0.085781
141 64 64 128 0.0800747
142 64 64 128 0.0673925
143 64 64 128 0.0347666
144 64 64 128 0.0120692
148 64 64 128 0.0180469
149 64 64 128 0.0146371
92 65 64 128 0.0168298
93 65 64 128 0.0476823
94 65 64 128 0.0630271
95 65 64 128 0.0562275
96 65 64 128 0.0406097
97 65 64 128 0.0342548
98 65 64 128 0.0191904
99 65 64 128 0.0129262
121 65 64 128 0.0115232
122 65 64 128 0.0157537
123 65 64 128 0.021058
124 65 64 128 0.0194181
125 65 64 128 0.0284023
126 65 64 128 0.0255178
127 65 64 128 0.0390597
128 65 64 128 0.059633
129 65 64 128 0.151856
130 65 64 128 0.127479
131 65 64 128 0.143521
132 65 64 128 0.211382
133 65 64 128 0.312641
134 65 64 128 0.301452
135 65 64 128 0.260889
136 65 64 128 0.27003
137 65 64 128 0.268156
138 65 64 128 0.151464
139 65 64 128 0.133638
140 65 64 128 0.15244
141 65 64 128 0.149564
142 65 64 128 0.112298
143 65 64 128 0.0533911
144 65 64 128 0.0150728
148 65 64 128 0.0159546
149 65 64 128 0.0101215
91 66 64 128 0.0130889
92 66 64 128 0.0290295
93 66 64 128 0.0652568
94 66 64 128 0.0847607
95 66 64 128 0.0607792
96 66 64 128 0.0419513
97 66 64 128 0.0289521
98 66 64 128 0.0124954
122 66 64 128 0.0113113
123 66 64 128 0.0198853
124 66 64 128 0.0262198
125 66 64 128 0.0347113
126 66 64 128 0.0386849
127 66 64 128 0.0402222
128 66 64 128 0.0752709
129 66 64 128 0.154198
130 66 64 128 0.129892
131 66 64 128 0.105975
132 66 64 128 0.139237
133 66 64 128 0.171172
134 66 64 128 0.168324
135 66 64 128 0.127775
136 66 64 128 0.131194
137 66 64 128 0.114281
138 66 64 128 0.0676257
139 66 64 128 0.0597679
140 66 64 128 0.0797375
141 66 64 128 0.0807295
142 66 64 128 0.0679488
143 66 64 128 0.031098
91 67 64 128 0.0249772
92 67 64 128 0.0635768
93 67 64 128 0.119797
94 67 64 128 0.140829
95 67 64 128 0.0924667
96 67 64 128 0.0681991
97 67 64 128 0.0326222
98 67 64 128 0.0173465
123 67 64 128 0.0106735
124 67 64 128 0.0214191
125 67 64 128 0.030945
126 67 64 128 0.0309707
127 67 64 128 0.0359861
128 67 64 128 0.0658656
129 67 64 128 0.143586
130 67 64 128 0.125827
131 67 64 128 0.0872894
132 67 64 128 0.104476
133 67 64 128 0.153559
134 67 64 128 0.145535
135 67 64 128 0.0945089
136 67 64 128 0.0835519
137 67 64 128 0.0852719
138 67 64 128 0.0500919
139 67 64 128 0.0505971
140 67 64 128 0.0735051
141 67 64 128 0.0865377
142 67 64 128 0.0661058
143 67 64 128 0.0250128
90 68 64 128 0.0114872
91 68 64 128 0.0300707
92 68 64 128 0.0817067
93 68 64 128 0.158652
94 68 64 128 0.199432
95 68 64 128 0.0853533
96 68 64 128 0.0617914
97 68 64 128 0.0271323
98 68 64 128 0.0115821
124 68 64 128 0.0231648
125 68 64 128 0.0341284
126 68 64 128 0.0381661
127 68 64 128 0.0412988
128 68 64 128 0.0644135
129 68 64 128 0.120733
130 68 64 128 0.109823
131 68 64 128 0.0727739
132 68 64 128 0.071088
133 68 64 128 0.0925401
134 68 64 128 0.0896953
135 68 64 128 0.0534391
136 68 64 128 0.0404287
137 68 64 128 0.0364544
138 68 64 128 0.0182617
139 68 64 128 0.0238102
140 68 64 128 0.0345607
141 68 64 128 0.0388639
142 68 64 128 0.0241701
90 69 64 128 0.016154
91 69 64 128 0.035585
92 69 64 128 0.116569
93 69 64 128 0.187781
94 69 64 128 0.255062
95 69 64 128 0.102743
96 69 64 128 0.0606881
97 69 64 128 0.0237158
98 69 64 128 0.0110143
124 69 64 128 0.0154484
125 69 64 128 0.0254154
126 69 64 128 0.0291284
127 69 64 128 0.03353
128 69 64 128 0.0577276
129 69 64 128 0.112547
130 69 64 128 0.105448
131 69 64 128 0.0644623
132 69 64 128 0.0551296
133 69 64 128 0.0650046
134 69 64 128 0.0752431
135 69 64 128 0.0426816
136 69 64 128 0.0314231
137 69 64 128 0.0248645
138 69 64 128 0.0182549
139 69 64 128 0.0231308
140 69 64 128 0.0391443
141 69 64 128 0.0460005
142 69 64 128 0.0287652
90 70 64 128 0.0164323
91 70 64 128 0.037016
92 70 64 128 0.0924856
93 70 64 128 0.140164
94 70 64 128 0.179492
95 70 64 128 0.068085
96 70 64 128 0.0368493
97 70 64 128 0.0140088
125 70 64 128 0.0157697
126 70 64 128 0.0214666
127 70 64 128 0.0236191
128 70 64 128 0.0408061
129 70 64 128 0.0737755
130 70 64 128 0.0758379
131 70 64 128 0.054241
132 70 64 128 0.0457506
133 70 64 128 0.0501719
134 70 64 128 0.0622581
135 70 64 128 0.0289359
136 70 64 128 0.0233935
137 70 64 128 0.0165721
138 70 64 128 0.0135631
139 70 64 128 0.0153133
140 70 64 128 0.02767
141 70 64 128 0.031285
142 70 64 128 0.021502
90 71 64 128 0.0134905
91 71 64 128 0.0305059
92 71 64 128 0.0895226
93 71 64 128 0.1155
94 71 64 128 0.133238
95 71 64 128 0.0546966
96 71 64 128 0.028981
97 71 64 128 0.0101764
126 71 64 128 0.0124603
127 71 64 128 0.0156036
128 71 64 128 0.0294246
129 71 64 128 0.0589354
130 71 64 128 0.0726576
131 71 64 128 0.0540706
132 71 64 128 0.0446215
133 71 64 128 0.0545122
134 71 64 128 0.0608559
135 71 64 128 0.0315334
136 71 64 128 0.0235046
137 71 64 128 0.0183464
138 71 64 128 0.0153139
139 71 64 128 0.0182644
140 71 64 128 0.0323923
141 71 64 128 0.0351515
142 71 64 128 0.0230801
9 72 64 128 0.0110631
90 72 64 128 0.0101992
91 72 64 128 0.0192942
92 72 64 128 0.0537755
93 72 64 128 0.0610925
94 72 64 128 0.0717807
95 72 64 128 0.0244064
96 72 64 128 0.01333
128 72 64 128 0.0171554
129 72 64 128 0.0327656
130 72 64 128 0.0450565
131 72 64 128 0.0393506
132 72 64 128 0.0311019
133 72 64 128 0.0358233
134 72 64 128 0.0449509
135 72 64 128 0.0261401
136 72 64 128 0.0214717
137 72 64 128 0.0148711
138 72 64 128 0.0133278
139 72 64 128 0.0162369
140 72 64 128 0.0263297
141 72 64 128 0.0244302
142 72 64 128 0.0140453
92 73 64 128 0.0319418
93 73 64 128 0.0305907
94 73 64 128 0.042211
95 73 64 128 0.013242
128 73 64 128 0.0120008
129 73 64 128 0.0252183
130 73 64 128 0.0352255
131 73 64 128 0.0291435
132 73 64 128 0.0248574
133 73 64 128 0.024898
134 73 64 128 0.0270102
135 73 64 128 0.0187563
136 73 64 128 0.0178322
137 73 64 128 0.0138538
138 73 64 128 0.0133535
139 73 64 128 0.0184219
140 73 64 128 0.0257871
141 73 64 128 0.0264693
142 73 64 128 0.0129916
92 74 64 128 0.0158388
93 74 64 128 0.0149738
94 74 64 128 0.0223286
130 74 64 128 0.0127295
131 74 64 128 0.0143391
132 74 64 128 0.0110363
133 74 64 128 0.0101074
134 74 64 128 0.0132719
135 74 64 128 0.0119169
136 74 64 128 0.0117156
137 74 64 128 0.0102145
138 74 64 128 0.0115653
139 74 64 128 0.0151119
140 74 64 128 0.0176737
141 74 64 128 0.0194352
94 75 64 128 0.0114248
135 75 64 128 0.0107432
139 75 64 128 0.0149217
140 75 64 128 0.0137484
141 75 64 128 0.0163655
139 76 64 128 0.013192
140 76 64 128 0.0116169
141 76 64 128 0.0124746
166 76 64 128 0.0118358
167 76 64 128 0.0107083
138 77 64 128 0.0101569
139 77 64 128 0.0170729
140 77 64 128 0.0119832
141 77 64 128 0.0121756
165 77 64 128 0.0126354
166 77 64 128 0.0183327
167 77 64 128 0.0190642
168 77 64 128 0.0115362
137 78 64 128 0.0111174
138 78 64 128 0.0158166
139 78 64 128 0.0274558
140 78 64 128 0.0152442
141 78 64 128 0.0168049
164 78 64 128 0.0114534
165 78 64 128 0.027725
166 78 64 128 0.0454689
167 78 64 128 0.0365587
168 78 64 128 0.0240292
169 78 64 128 0.0113369
135 79 64 128 0.0115304
136 79 64 128 0.0153931
137 79 64 128 0.0225947
138 79 64 128 0.0333261
139 79 64 128 0.0572563
140 79 64 128 0.0325346
141 79 64 128 0.0377822
142 79 64 128 0.0108782
164 79 64 128 0.019653
165 79 64 128 0.0512316
166 79 64 128 0.0695951
167 79 64 128 0.0649954
168 79 64 128 0.0396041
169 79 64 128 0.0221796
135 80 64 128 0.0177264
136 80 64 128 0.0228591
137 80 64 128 0.0368127
138 80 64 128 0.0585529
139 80 64 128 0.111685
140 80 64 128 0.0677634
141 80 64 128 0.0761271
142 80 64 128 0.0201836
163 80 64 128 0.0133814
164 80 64 128 0.0571565
165 80 64 128 0.108392
166 80 64 128 0.154593
167 80 64 128 0.112025
168 80 64 128 0.0865867
169 80 64 128 0.0381687
170 80 64 128 0.0180125
135 81 64 128 0.0257268
136 81 64 128 0.0349399
137 81 64 128 0.0721777
138 81 64 128 0.107872
139 81 64 128 0.232187
140 81 64 128 0.129797
141 81 64 128 0.141416
142 81 64 128 0.0370871
163 81 64 128 0.0182886
164 81 64 128 0.0726732
165 81 64 128 0.118985
166 81 64 128 0.201294
167 81 64 128 0.183219
168 81 64 128 0.127634
169 81 64 128 0.0624677
170 81 64 128 0.0228999
135 82 64 128 0.0248228
136 82 64 128 0.031707
137 82 64 128 0.0652085
138 82 64 128 0.107795
139 82 64 128 0.24176
140 82 64 128 0.122984
141 82 64 128 0.137833
142 82 64 128 0.0309697
162 82 64 128 0.012354
163 82 64 128 0.0277729
164 82 64 128 0.102001
165 82 64 128 0.147286
166 82 64 128 0.234882
167 82 64 128 0.201969
168 82 64 128 0.169519
169 82 64 128 0.0584647
170 82 64 128 0.0208775
135 83 64 128 0.0302104
136 83 64 128 0.0380363
137 83 64 128 0.0818154
138 83 64 128 0.1319
139 83 64 128 0.285709
140 83 64 128 0.164886
141 83 64 128 0.162576
142 83 64 128 0.038992
163 83 64 128 0.0223996
164 83 64 128 0.0733935
165 83 64 128 0.106619
166 83 64 128 0.1854
167 83 64 128 0.176104
168 83 64 128 0.124564
169 83 64 128 0.0512981
170 83 64 128 0.0185759
135 84 64 128 0.0253139
136 84 64 128 0.0298843
137 84 64 128 0.0676585
138 84 64 128 0.112704
139 84 64 128 0.279337
140 84 64 128 0.178292
141 84 64 128 0.161135
142 84 64 128 0.0366593
162 84 64 128 0.0161816
163 84 64 128 0.0288457
164 84 64 128 0.0809541
165 84 64 128 0.13183
166 84 64 128 0.181676
167 84 64 128 0.153827
168 84 64 128 0.129006
169 84 64 128 0.048835
170 84 64 128 0.0175925
119 85 64 128 0.0122991
120 85 64 128 0.0153852
121 85 64 128 0.0179718
122 85 64 128 0.01946
126 85 64 128 0.014918
127 85 64 128 0.01383
135 85 64 128 0.0237197
136 85 64 128 0.0258239
137 85 64 128 0.0666885
138 85 64 128 0.0965909
139 85 64 128 0.28429
140 85 64 128 0.164027
141 85 64 128 0.159463
142 85 64 128 0.0321414
162 85 64 128 0.0173309
163 85 64 128 0.0242861
164 85 64 128 0.0640534
165 85 64 128 0.106411
166 85 64 128 0.133148
167 85 64 128 0.115061
168 85 64 128 0.0845541
169 85 64 128 0.0371565
170 85 64 128 0.0113995
119 86 64 128 0.0255183
120 86 64 128 0.0353046
121 86 64 128 0.0493519
122 86 64 128 0.0504375
123 86 64 128 0.0316619
124 86 64 128 0.013407
125 86 64 128 0.0199421
126 86 64 128 0.0382693
127 86 64 128 0.0313465
128 86 64 128 0.0117398
135 86 64 128 0.0152056
136 86 64 128 0.0132133
137 86 64 128 0.0280351
138 86 64 128 0.0417619
139 86 64 128 0.145811
140 86 64 128 0.0769882
141 86 64 128 0.0765115
142 86 64 128 0.012304
162 86 64 128 0.0143072
163 86 64 128 0.0212789
164 86 64 128 0.0460089
165 86 64 128 0.0748743
166 86 64 128 0.0738595
167 86 64 128 0.0688604
168 86 64 128 0.0459612
169 86 64 128 0.0200858
118 87 64 128 0.0120423
119 87 64 128 0.0412889
120 87 64 128 0.0755433
121 87 64 128 0.124991
122 87 64 128 0.132048
123 87 64 128 0.0903701
124 87 64 128 0.0467027
125 87 64 128 0.0766166
126 87 64 128 0.126211
127 87 64 128 0.102817
128 87 64 128 0.0335341
129 87 64 128 0.0121847
137 87 64 128 0.0151953
138 87 64 128 0.0198543
139 87 64 128 0.0670387
140 87 64 128 0.0436465
141 87 64 128 0.0349323
162 87 64 128 0.0100405
163 87 64 128 0.011026
164 87 64 128 0.0191205
165 87 64 128 0.0205607
166 87 64 128 0.0272992
167 87 64 128 0.0272038
168 87 64 128 0.0163663
118 88 64 128 0.0135396
119 88 64 128 0.0490051
120 88 64 128 0.122546
121 88 64 128 0.217063
122 88 64 128 0.257781
123 88 64 128 0.201298
124 88 64 128 0.138092
125 88 64 128 0.223863
126 88 64 128 0.293978
127 88 64 128 0.20647
128 88 64 128 0.0681083
129 88 64 128 0.0200169
138 88 64 128 0.0115232
139 88 64 128 0.0355008
140 88 64 128 0.024102
141 88 64 128 0.0156319
164 88 64 128 0.0127617
165 88 64 128 0.0143558
166 88 64 128 0.0157883
167 88 64 128 0.0176202
168 88 64 128 0.0139453
118 89 64 128 0.019139
119 89 64 128 0.0976361
120 89 64 128 0.290349
121 89 64 128 0.466284
122 89 64 128 0.5105
123 89 64 128 0.370934
124 89 64 128 0.405307
125 89 64 128 0.567083
126 89 64 128 0.639163
127 89 64 128 0.441077
128 89 64 128 0.153952
129 89 64 128 0.0355009
139 89 64 128 0.0217312
140 89 64 128 0.0131745
118 90 64 128 0.0355165
119 90 64 128 0.177205
120 90 64 128 0.45727
121 90 64 128 0.636502
122 90 64 128 0.6938
123 90 64 128 0.590304
124 90 64 128 0.624561
125 90 64 128 0.763374
126 90 64 128 0.798598
127 90 64 128 0.642797
128 90 64 128 0.258773
129 90 64 128 0.0519292
130 90 64 128 0.0104833
139 90 64 128 0.011407
117 91 64 128 0.0122471
118 91 64 128 0.095465
119 91 64 128 0.407003
120 91 64 128 0.746008
121 91 64 128 0.85546
122 91 64 128 0.893713
123 91 64 128 0.849581
124 91 64 128 0.877441
125 91 64 128 0.940405
126 91 64 128 0.950261
127 91 64 128 0.889783
128 91 64 128 0.548751
129 91 64 128 0.120725
130 91 64 128 0.0206768
117 92 64 128 0.0173743
118 92 64 128 0.153316
119 92 64 128 0.55995
120 92 64 128 0.834019
121 92 64 128 0.916089
122 92 64 128 0.941728
123 92 64 128 0.923316
124 92 64 128 0.947406
125 92 64 128 0.975975
126 92 64 128 0.978545
127 92 64 128 0.939691
128 92 64 128 0.706671
129 92 64 128 0.164868
130 92 64 128 0.0234182
97 93 64 128 0.0133426
98 93 64 128 0.0134253
99 93 64 128 0.0200235
100 93 64 128 0.0109156
101 93 64 128 0.0158092
102 93 64 128 0.0107347
111 93 64 128 0.0106859
116 93 64 128 0.0100804
117 93 64 128 0.0392704
118 93 64 128 0.355014
119 93 64 128 0.796566
120 93 64 128 0.956818
121 93 64 128 0.974774
122 93 64 128 0.985406
123 93 64 128 0.976826
124 93 64 128 0.988786
125 93 64 128 0.994609
126 93 64 128 0.995349
127 93 64 128 0.983633
128 93 64 128 0.882302
129 93 64 128 0.331618
130 93 64 128 0.0403691
131 93 64 128 0.0100122
98 94 64 128 0.0148963
99 94 64 128 0.0239516
100 94 64 128 0.0144344
101 94 64 128 0.0195305
102 94 64 128 0.0161427
103 94 64 128 0.0100733
111 94 64 128 0.02038
112 94 64 128 0.0186291
116 94 64 128 0.0211721
117 94 64 128 0.0820452
118 94 64 128 0.539011
119 94 64 128 0.88375
120 94 64 128 0.976696
121 94 64 128 0.984186
122 94 64 128 0.990498
123 94 64 128 0.986168
124 94 64 128 0.993257
125 94 64 128 0.996922
126 94 64 128 0.997575
127 94 64 128 0.991027
128 94 64 128 0.917673
129 94 64 128 0.361884
130 94 64 128 0.0473869
131 94 64 128 0.0111455
98 95 64 128 0.0152379
99 95 64 128 0.0291526
100 95 64 128 0.0221221
101 95 64 128 0.0251474
102 95 64 128 0.0240222
103 95 64 128 0.0154881
110 95 64 128 0.0173157
111 95 64 128 0.0332779
112 95 64 128 0.0427308
113 95 64 128 0.0151602
114 95 64 128 0.0209054
115 95 64 128 0.0117967
116 95 64 128 0.0493824
117 95 64 128 0.140558
118 95 64 128 0.761096
119 95 64 128 0.953286
120 95 64 128 0.991103
121 95 64 128 0.994137
122 95 64 128 0.996247
123 95 64 128 0.995342
124 95 64 128 0.997602
125 95 64 128 0.99899
126 95 64 128 0.999276
127 95 64 128 0.997046
128 95 64 128 0.963566
129 95 64 128 0.515126
130 95 64 128 0.0852525
131 95 64 128 0.018524
98 96 64 128 0.0100591
99 96 64 128 0.0239232
100 96 64 128 0.0186082
101 96 64 128 0.0285052
102 96 64 128 0.0218259
103 96 64 128 0.0131837
110 96 64 128 0.0365245
111 96 64 128 0.0845802
112 96 64 128 0.114122
113 96 64 128 0.0547965
114 96 64 128 0.0584175
115 96 64 128 0.0267716
116 96 64 128 0.0853923
117 96 64 128 0.238311
118 96 64 128 0.841211
119 96 64 128 0.972332
120 96 64 128 0.992601
121 96 64 128 0.996087
122 96 64 128 0.996325
123 96 64 128 0.995505
124 96 64 128 0.997209
125 96 64 128 0.999004
126 96 64 128 0.999128
127 96 64 128 0.995913
128 96 64 128 0.950938
129 96 64 128 0.405081
130 96 64 128 0.0519333
131 96 64 128 0.0116492
98 97 64 128 0.011334
99 97 64 128 0.0290767
100 97 64 128 0.0337053
101 97 64 128 0.0408018
102 97 64 128 0.0340668
103 97 64 128 0.0208072
109 97 64 128 0.0160003
110 97 64 128 0.0720301
111 97 64 128 0.149593
112 97 64 128 0.275002
113 97 64 128 0.135658
114 97 64 128 0.172423
115 97 64 128 0.0822864
116 97 64 128 0.199381
117 97 64 128 0.490327
118 97 64 128 0.942101
119 97 64 128 0.989841
120 97 64 128 0.997655
121 97 64 128 0.998458
122 97 64 128 0.998497
123 97 64 128 0.997923
124 97 64 128 0.999013
125 97 64 128 0.999558
126 97 64 128 0.999583
127 97 64 128 0.997811
128 97 64 128 0.964174
129 97 64 128 0.492305
130 97 64 128 0.0723704
131 97 64 128 0.0172099
99 98 64 128 0.0176695
100 98 64 128 0.0230321
101 98 64 128 0.031576
102 98 64 128 0.0321377
103 98 64 128 0.0201926
109 98 64 128 0.032453
110 98 64 128 0.139816
111 98 64 128 0.24637
112 98 64 128 0.44592
113 98 64 128 0.315132
114 98 64 128 0.325774
115 98 64 128 0.19191
116 98 64 128 0.325296
117 98 64 128 0.652156
118 98 64 128 0.961551
119 98 64 128 0.993986
120 98 64 128 0.99841
121 98 64 128 0.998702
122 98 64 128 0.998374
123 98 64 128 0.997939
124 98 64 128 0.99898
125 98 64 128 0.999538
126 98 64 128 0.999482
127 98 64 128 0.996604
128 98 64 128 0.947961
129 98 64 128 0.402799
130 98 64 128 0.0614727
131 98 64 128 0.0151679
99 99 64 128 0.0238975
100 99 64 128 0.0269944
101 99 64 128 0.0399855
102 99 64 128 0.0458089
103 99 64 128 0.0332478
104 99 64 128 0.014545
108 99 64 128 0.0213852
109 99 64 128 0.0839316
110 99 64 128 0.326507
111 99 64 128 0.455609
112 99 64 128 0.691751
113 99 64 128 0.601484
114 99 64 128 0.610127
115 99 64 128 0.356972
116 99 64 128 0.519499
117 99 64 128 0.809503
118 99 64 128 0.982976
119 99 64 128 0.997918
120 99 64 128 0.999323
121 99 64 128 0.999325
122 99 64 128 0.999381
123 99 64 128 0.999276
124 99 64 128 0.999623
125 99 64 128 0.99981
126 99 64 128 0.999826
127 99 64 128 0.998447
128 99 64 128 0.971117
129 99 64 128 0.557071
130 99 64 128 0.119731
131 99 64 128 0.0367284
132 99 64 128 0.0174422
133 99 64 128 0.0104597
99 100 64 128 0.0321062
100 100 64 128 0.0356187
101 100 64 128 0.0666582
102 100 64 128 0.0700611
103 100 64 128 0.0469809
104 100 64 128 0.0229736
105 100 64 128 0.0224647
106 100 64 128 0.0235009
107 100 64 128 0.0256446
108 100 64 128 0.0597034
109 100 64 128 0.226951
110 100 64 128 0.541488
111 100 64 128 0.66436
112 100 64 128 0.848682
113 100 64 128 0.820032
114 100 64 128 0.768789
115 100 64 128 0.52562
116 100 64 128 0.687078
117 100 64 128 0.910781
118 100 64 128 0.990967
119 100 64 128 0.998809
120 100 64 128 0.999442
121 100 64 128 0.999545
122 100 64 128 0.999533
123 100 64 128 0.999464
124 100 64 128 0.999689
125 100 64 128 0.999856
126 100 64 128 0.999837
127 100 64 128 0.998232
128 100 64 128 0.970409
129 100 64 128 0.547355
130 100 64 128 0.107647
131 100 64 128 0.0325398
132 100 64 128 0.0204861
133 100 64 128 0.0119035
134 100 64 128 0.0126613
98 101 64 128 0.01334
99 101 64 128 0.0627833
100 101 64 128 0.0872943
101 101 64 128 0.124925
102 101 64 128 0.155405
103 101 64 128 0.107073
104 101 64 128 0.0726118
105 101 64 128 0.0516654
106 101 64 128 0.0760346
107 101 64 128 0.0727568
108 101 64 128 0.203065
109 101 64 128 0.485512
110 101 64 128 0.726581
111 101 64 128 0.814433
112 101 64 128 0.927165
113 101 64 128 0.911648
114 101 64 128 0.878474
115 101 64 128 0.734631
116 101 64 128 0.852178
117 101 64 128 0.963832
118 101 64 128 0.9971
119 101 64 128 0.999559
120 101 64 128 0.999783
121 101 64 128 0.999728
122 101 64 128 0.999792
123 101 64 128 0.999805
124 101 64 128 0.999899
125 101 64 128 0.999945
126 101 64 128 0.999938
127 101 64 128 0.999408
128 101 64 128 0.990237
129 101 64 128 0.800129
130 101 64 128 0.283408
131 101 64 128 0.116487
132 101 64 128 0.0511668
133 101 64 128 0.0334661
134 101 64 128 0.0277215
135 101 64 128 0.0157068
136 101 64 128 0.012245
137 101 64 128 0.0177393
138 101 64 128 0.0113824
139 101 64 128 0.0135513
98 102 64 128 0.0167703
99 102 64 128 0.0817948
100 102 64 128 0.104938
101 102 64 128 0.136176
102 102 64 128 0.174498
103 102 64 128 0.137488
104 102 64 128 0.0806455
105 102 64 128 0.0642919
106 102 64 128 0.109426
107 102 64 128 0.112694
108 102 64 128 0.352222
109 102 64 128 0.649668
110 102 64 128 0.814405
111 102 64 128 0.850291
112 102 64 128 0.932463
113 102 64 128 0.934704
114 102 64 128 0.906175
115 102 64 128 0.837343
116 102 64 128 0.914822
117 102 64 128 0.983779
118 102 64 128 0.998622
119 102 64 128 0.999745
120 102 64 128 0.999877
121 102 64 128 0.999791
122 102 64 128 0.999849
123 102 64 128 0.999882
124 102 64 128 0.999929
125 102 64 128 0.999957
126 102 64 128 0.999953
127 102 64 128 0.999559
128 102 64 128 0.99301
129 102 64 128 0.849548
130 102 64 128 0.410906
131 102 64 128 0.17037
132 102 64 128 0.0894575
133 102 64 128 0.059092
134 102 64 128 0.0489877
135 102 64 128 0.0234888
136 102 64 128 0.0200781
137 102 64 128 0.0297321
138 102 64 128 0.0196888
139 102 64 128 0.0177355
98 103 64 128 0.0141046
99 103 64 128 0.0721357
100 103 64 128 0.105276
101 103 64 128 0.148644
102 103 64 128 0.171967
103 103 64 128 0.124644
104 103 64 128 0.080128
105 103 64 128 0.0622977
106 103 64 128 0.142909
107 103 64 128 0.172542
108 103 64 128 0.505421
109 103 64 128 0.709405
110 103 64 128 0.880044
111 103 64 128 0.881061
112 103 64 128 0.9537
113 103 64 128 0.952013
114 103 64 128 0.940107
115 103 64 128 0.903207
116 103 64 128 0.956608
117 103 64 128 0.991685
118 103 64 128 0.999297
119 103 64 128 0.999905
120 103 64 128 0.99994
121 103 64 128 0.999889
122 103 64 128 0.99992
123 103 64 128 0.999953
124 103 64 128 0.999972
125 103 64 128 0.99998
126 103 64 128 0.999982
127 103 64 128 0.999849
128 103 64 128 0.997399
129 103 64 128 0.948253
130 103 64 128 0.74722
131 103 64 128 0.482597
132 103 64 128 0.220013
133 103 64 128 0.153349
134 103 64 128 0.107981
135 103 64 128 0.050981
136 103 64 128 0.031252
137 103 64 128 0.0530741
138 103 64 128 0.0344728
139 103 64 128 0.0281898
98 104 64 128 0.0137083
99 104 64 128 0.0584533
100 104 64 128 0.0812733
101 104 64 128 0.127043
102 104 64 128 0.159452
103 104 64 128 0.101717
104 104 64 128 0.0660686
105 104 64 128 0.0628108
106 104 64 128 0.150424
107 104 64 128 0.203085
108 104 64 128 0.55203
109 104 64 128 0.734098
110 104 64 128 0.884038
111 104 64 128 0.879584
112 104 64 128 0.949818
113 104 64 128 0.956683
114 104 64 128 0.94467
115 104 64 128 0.935163
116 104 64 128 0.976327
117 104 64 128 0.997047
118 104 64 128 0.999675
119 104 64 128 0.999957
120 104 64 128 0.999961
121 104 64 128 0.999953
122 104 64 128 0.999962
123 104 64 128 0.999977
124 104 64 128 0.999986
125 104 64 128 0.999988
126 104 64 128 0.999989
127 104 64 128 0.999912
128 104 64 128 0.998685
129 104 64 128 0.972355
130 104 64 128 0.862798
131 104 64 128 0.654437
132 104 64 128 0.437006
133 104 64 128 0.287353
134 104 64 128 0.230589
135 104 64 128 0.115166
136 104 64 128 0.0959131
137 104 64 128 0.123385
138 104 64 128 0.0854366
139 104 64 128 0.0599782
140 104 64 128 0.0254225
98 105 64 128 0.0175766
99 105 64 128 0.07266
100 105 64 128 0.106234
101 105 64 128 0.144536
102 105 64 128 0.22045
103 105 64 128 0.122389
104 105 64 128 0.102144
105 105 64 128 0.0895583
106 105 64 128 0.254688
107 105 64 128 0.291664
108 105 64 128 0.72075
109 105 64 128 0.82355
110 105 64 128 0.926483
111 105 64 128 0.90603
112 105 64 128 0.969806
113 105 64 128 0.97004
114 105 64 128 0.96317
115 105 64 128 0.96421
116 105 64 128 0.988901
117 105 64 128 0.998707
118 105 64 128 0.999845
119 105 64 128 0.999985
120 105 64 128 0.999983
121 105 64 128 0.999976
122 105 64 128 0.999982
123 105 64 128 0.999992
124 105 64 128 0.999995
125 105 64 128 0.999995
126 105 64 128 0.999996
127 105 64 128 0.999974
128 105 64 128 0.999601
129 105 64 128 0.994263
130 105 64 128 0.974842
131 105 64 128 0.928676
132 105 64 128 0.791011
133 105 64 128 0.661275
134 105 64 128 0.54546
135 105 64 128 0.364082
136 105 64 128 0.234742
137 105 64 128 0.298049
138 105 64 128 0.179122
139 105 64 128 0.14517
140 105 64 128 0.0540769
141 105 64 128 0.0161943
98 106 64 128 0.0202955
99 106 64 128 0.0991326
100 106 64 128 0.125779
101 106 64 128 0.206688
102 106 64 128 0.237708
103 106 64 128 0.178862
104 106 64 128 0.160279
105 106 64 128 0.155671
106 106 64 128 0.390166
107 106 64 128 0.438221
108 106 64 128 0.811278
109 106 64 128 0.899062
110 106 64 128 0.950555
111 106 64 128 0.944168
112 106 64 128 0.975631
113 106 64 128 0.978686
114 106 64 128 0.970116
115 106 64 128 0.978074
116 106 64 128 0.994365
117 106 64 128 0.999328
118 106 64 128 0.999935
119 106 64 128 0.999993
120 106 64 128 0.99999
121 106 64 128 0.999987
122 106 64 128 0.999991
123 106 64 128 0.999997
124 106 64 128 0.999998
125 106 64 128 0.999998
126 106 64 128 0.999998
127 106 64 128 0.999989
128 106 64 128 0.999862
129 106 64 128 0.998256
130 106 64 128 0.994273
131 106 64 128 0.979734
132 106 64 128 0.944536
133 106 64 128 0.87871
134 106 64 128 0.81628
135 106 64 128 0.632912
136 106 64 128 0.494054
137 106 64 128 0.508049
138 106 64 128 0.304158
139 106 64 128 0.206904
140 106 64 128 0.080005
141 106 64 128 0.0216298
98 107 64 128 0.0205673
99 107 64 128 0.135391
100 107 64 128 0.157562
101 107 64 128 0.285281
102 107 64 128 0.299985
103 107 64 128 0.279878
104 107 64 128 0.237786
105 107 64 128 0.234001
106 107 64 128 0.595892
107 107 64 128 0.64643
108 107 64 128 0.90529
109 107 64 128 0.939747
110 107 64 128 0.975584
111 107 64 128 0.963448
112 107 64 128 0.985331
113 107 64 128 0.986199
114 107 64 128 0.988395
115 107 64 128 0.990886
116 107 64 128 0.997929
117 107 64 128 0.999737
118 107 64 128 0.999976
119 107 64 128 0.999998
120 107 64 128 0.999997
121 107 64 128 0.999995
122 107 64 128 0.999998
123 107 64 128 0.999999
124 107 64 128 1.0
125 107 64 128 1.0
126 107 64 128 1.0
127 107 64 128 0.999998
128 107 64 128 0.999972
129 107 64 128 0.999699
130 107 64 128 0.999262
131 107 64 128 0.997701
132 107 64 128 0.990147
133 107 64 128 0.971256
134 107 64 128 0.952157
135 107 64 128 0.872234
136 107 64 128 0.744844
137 107 64 128 0.739216
138 107 64 128 0.487252
139 107 64 128 0.300319
140 107 64 128 0.100232
141 107 64 128 0.0267206
98 108 64 128 0.0380201
99 108 64 128 0.217989
100 108 64 128 0.267343
101 108 64 128 0.525058
102 108 64 128 0.50399
103 108 64 128 0.47229
104 108 64 128 0.381297
105 108 64 128 0.424802
106 108 64 128 0.745755
107 108 64 128 0.79116
108 108 64 128 0.937438
109 108 64 128 0.961344
110 108 64 128 0.981202
111 108 64 128 0.97162
112 108 64 128 0.987277
113 108 64 128 0.991499
114 108 64 128 0.992702
115 108 64 128 0.995769
116 108 64 128 0.998874
117 108 64 128 0.999904
118 108 64 128 0.999989
119 108 64 128 0.999999
120 108 64 128 0.999998
121 108 64 128 0.999998
122 108 64 128 0.999999
123 108 64 128 1.0
124 108 64 128 1.0
125 108 64 128 1.0
126 108 64 128 1.0
127 108 64 128 0.999999
128 108 64 128 0.999989
129 108 64 128 0.99991
130 108 64 128 0.999793
131 108 64 128 0.999388
132 108 64 128 0.99743
133 108 64 128 0.990528
134 108 64 128 0.984019
135 108 64 128 0.951567
136 108 64 128 0.891376
137 108 64 128 0.852607
138 108 64 128 0.616687
139 108 64 128 0.354585
140 108 64 128 0.124926
141 108 64 128 0.0268549
98 109 64 128 0.0632051
99 109 64 128 0.318769
100 109 64 128 0.450767
101 109 64 128 0.661108
102 109 64 128 0.699518
103 109 64 128 0.67548
104 109 64 128 0.647468
105 109 64 128 0.633878
106 109 64 128 0.875093
107 109 64 128 0.87888
108 109 64 128 0.967958
109 109 64 128 0.970401
110 109 64 128 0.987876
111 109 64 128 0.981564
112 109 64 128 0.992222
113 109 64 128 0.993455
114 109 64 128 0.995472
115 109 64 128 0.998047
116 109 64 128 0.999527
117 109 64 128 0.999961
118 109 64 128 0.999995
119 109 64 128 1.0
120 109 64 128 0.999999
121 109 64 128 0.999999
122 109 64 128 1.0
123 109 64 128 1.0
124 109 64 128 1.0
125 109 64 128 1.0
126 109 64 128 1.0
127 109 64 128 1.0
128 109 64 128 0.999997
129 109 64 128 0.999985
130 109 64 128 0.999969
131 109 64 128 0.999917
132 109 64 128 0.999519
133 109 64 128 0.998005
134 109 64 128 0.994859
135 109 64 128 0.984546
136 109 64 128 0.944158
137 109 64 128 0.903206
138 109 64 128 0.632536
139 109 64 128 0.39259
140 109 64 128 0.0906539
141 109 64 128 0.0194645
98 110 64 128 0.0715149
99 110 64 128 0.344794
100 110 64 128 0.53798
101 110 64 128 0.736064
102 110 64 128 0.767577
103 110 64 128 0.751494
104 110 64 128 0.710658
105 110 64 128 0.72223
106 110 64 128 0.879706
107 110 64 128 0.911456
108 110 64 128 0.968284
109 110 64 128 0.966933
110 110 64 128 0.981575
111 110 64 128 0.978203
112 110 64 128 0.989563
113 110 64 128 0.992794
114 110 64 128 0.995018
115 110 64 128 0.9985
116 110 64 128 0.999705
117 110 64 128 0.99997
118 110 64 128 0.999996
119 110 64 128 1.0
120 110 64 128 0.999999
121 110 64 128 0.999999
122 110 64 128 1.0
123 110 64 128 1.0
124 110 64 128 1.0
125 110 64 128 1.0
126 110 64 128 1.0
127 110 64 128 1.0
128 110 64 128 0.999999
129 110 64 128 0.999995
130 110 64 128 0.999992
131 110 64 128 0.999974
132 110 64 128 0.999856
133 110 64 128 0.999191
134 110 64 128 0.997509
135 110 64 128 0.988525
136 110 64 128 0.95384
137 110 64 128 0.875924
138 110 64 128 0.532457
139 110 64 128 0.228688
140 110 64 128 0.0491948
0 111 64 128 0.0129432
98 111 64 128 0.0512156
99 111 64 128 0.301535
100 111 64 128 0.501952
101 111 64 128 0.677329
102 111 64 128 0.680635
103 111 64 128 0.685846
104 111 64 128 0.662277
105 111 64 128 0.676631
106 111 64 128 0.858751
107 111 64 128 0.895071
108 111 64 128 0.956699
109 111 64 128 0.943376
110 111 64 128 0.968623
111 111 64 128 0.96721
112 111 64 128 0.985476
113 111 64 128 0.990143
114 111 64 128 0.996042
115 111 64 128 0.998828
116 111 64 128 0.999794
117 111 64 128 0.999977
118 111 64 128 0.999997
119 111 64 128 1.0
120 111 64 128 1.0
121 111 64 128 1.0
122 111 64 128 1.0
123 111 64 128 1.0
124 111 64 128 1.0
125 111 64 128 1.0
126 111 64 128 1.0
127 111 64 128 1.0
128 111 64 128 1.0
129 111 64 128 0.999999
130 111 64 128 0.999999
131 111 64 128 0.999996
132 111 64 128 0.999971
133 111 64 128 0.999796
134 111 64 128 0.999314
135 111 64 128 0.995004
136 111 64 128 0.971558
137 111 64 128 0.878519
138 111 64 128 0.525097
139 111 64 128 0.148345
140 111 64 128 0.0227836
