88 33 98 196 0.0144255
89 33 98 196 0.0223563
90 33 98 196 0.0317685
91 33 98 196 0.0326567
92 33 98 196 0.0166734
87 34 98 196 0.0139961
88 34 98 196 0.0308092
89 34 98 196 0.0522388
90 34 98 196 0.0861791
91 34 98 196 0.0955205
92 34 98 196 0.0458312
93 34 98 196 0.0159293
94 34 98 196 0.0217881
95 34 98 196 0.0155842
87 35 98 196 0.0210883
88 35 98 196 0.0454313
89 35 98 196 0.0874758
90 35 98 196 0.174382
91 35 98 196 0.210366
92 35 98 196 0.0997163
93 35 98 196 0.0316789
94 35 98 196 0.0478241
95 35 98 196 0.0359909
96 35 98 196 0.0151625
85 36 98 196 0.0157748
86 36 98 196 0.0198572
87 36 98 196 0.0604647
88 36 98 196 0.143523
89 36 98 196 0.257906
90 36 98 196 0.394763
91 36 98 196 0.41425
92 36 98 196 0.216375
93 36 98 196 0.116679
94 36 98 196 0.15707
95 36 98 196 0.120317
96 36 98 196 0.0529947
97 36 98 196 0.0154632
84 37 98 196 0.0178064
85 37 98 196 0.0284797
86 37 98 196 0.0398917
87 37 98 196 0.127791
88 37 98 196 0.300215
89 37 98 196 0.508476
90 37 98 196 0.670782
91 37 98 196 0.646399
92 37 98 196 0.39397
93 37 98 196 0.290912
94 37 98 196 0.350411
95 37 98 196 0.272146
96 37 98 196 0.134665
97 37 98 196 0.0424126
84 38 98 196 0.0221311
85 38 98 196 0.0419917
86 38 98 196 0.0712551
87 38 98 196 0.198667
88 38 98 196 0.418068
89 38 98 196 0.653525
90 38 98 196 0.809204
91 38 98 196 0.786364
92 38 98 196 0.587063
93 38 98 196 0.514185
94 38 98 196 0.556035
95 38 98 196 0.445282
96 38 98 196 0.258388
97 38 98 196 0.10706
98 38 98 196 0.0296562
84 39 98 196 0.0363382
85 39 98 196 0.07744
86 39 98 196 0.139034
87 39 98 196 0.326848
88 39 98 196 0.575991
89 39 98 196 0.75888
90 39 98 196 0.858991
91 39 98 196 0.851556
92 39 98 196 0.744888
93 39 98 196 0.701542
94 39 98 196 0.7093
95 39 98 196 0.607914
96 39 98 196 0.397444
97 39 98 196 0.170448
98 39 98 196 0.048491
99 39 98 196 0.0111565
84 40 98 196 0.0584301
85 40 98 196 0.129773
86 40 98 196 0.23624
87 40 98 196 0.509219
88 40 98 196 0.800415
89 40 98 196 0.910288
90 40 98 196 0.939709
91 40 98 196 0.936442
92 40 98 196 0.893899
93 40 98 196 0.86296
94 40 98 196 0.847926
95 40 98 196 0.78774
96 40 98 196 0.577651
97 40 98 196 0.275018
98 40 98 196 0.0907687
99 40 98 196 0.0239167
100 40 98 196 0.0121105
101 40 98 196 0.0122203
102 40 98 196 0.0105459
107 40 98 196 0.0107497
108 40 98 196 0.0114702
84 41 98 196 0.0650653
85 41 98 196 0.1558
86 41 98 196 0.301359
87 41 98 196 0.629739
88 41 98 196 0.958122
89 41 98 196 1.06088
90 41 98 196 1.07671
91 41 98 196 1.0772
92 41 98 196 1.05385
93 41 98 196 1.03164
94 41 98 196 1.0196
95 41 98 196 0.983303
96 41 98 196 0.802456
97 41 98 196 0.485089
98 41 98 196 0.196998
99 41 98 196 0.0450336
100 41 98 196 0.0251982
101 41 98 196 0.0234137
102 41 98 196 0.0167609
103 41 98 196 0.0143558
104 41 98 196 0.0105091
106 41 98 196 0.0133699
107 41 98 196 0.018837
108 41 98 196 0.0193808
109 41 98 196 0.013391
84 42 98 196 0.0420028
85 42 98 196 0.106607
86 42 98 196 0.215658
87 42 98 196 0.446247
88 42 98 196 0.675673
89 42 98 196 0.755264
90 42 98 196 0.772984
91 42 98 196 0.775145
92 42 98 196 0.758945
93 42 98 196 0.747499
94 42 98 196 0.745383
95 42 98 196 0.72533
96 42 98 196 0.621406
97 42 98 196 0.418436
98 42 98 196 0.181692
99 42 98 196 0.0389856
100 42 98 196 0.0228878
101 42 98 196 0.0207695
102 42 98 196 0.0137299
103 42 98 196 0.0132893
104 42 98 196 0.0100748
106 42 98 196 0.0117995
107 42 98 196 0.016375
108 42 98 196 0.0166499
109 42 98 196 0.011993
85 43 98 196 0.011119
86 43 98 196 0.0228187
87 43 98 196 0.0470853
88 43 98 196 0.0712158
89 43 98 196 0.0798967
90 43 98 196 0.0820239
91 43 98 196 0.082311
92 43 98 196 0.0805777
93 43 98 196 0.0795029
94 43 98 196 0.0795003
95 43 98 196 0.0775391
96 43 98 196 0.0673394
97 43 98 196 0.0466342
98 43 98 196 0.0205668
87 45 98 196 0.0122879
88 45 98 196 0.0185846
89 45 98 196 0.0208524
90 45 98 196 0.0214097
91 45 98 196 0.0214851
92 45 98 196 0.0210326
93 45 98 196 0.0207532
94 45 98 196 0.0207543
95 45 98 196 0.0202438
96 45 98 196 0.0175884
97 45 98 196 0.0121908
104 0 85 170 0.0133187
105 0 85 170 0.0107867
122 48 85 170 0.010487
121 49 85 170 0.0111652
122 49 85 170 0.0136417
123 49 85 170 0.010156
97 50 85 170 0.0103217
98 50 85 170 0.0147435
99 50 85 170 0.0125444
100 50 85 170 0.0114042
120 50 85 170 0.0109058
121 50 85 170 0.0206548
122 50 85 170 0.0247427
123 50 85 170 0.0184022
97 51 85 170 0.026327
98 51 85 170 0.0418979
99 51 85 170 0.043737
100 51 85 170 0.0383453
101 51 85 170 0.0148497
120 51 85 170 0.0166745
121 51 85 170 0.0269805
122 51 85 170 0.0337916
123 51 85 170 0.028504
96 52 85 170 0.0143094
97 52 85 170 0.0930569
98 52 85 170 0.154163
99 52 85 170 0.16699
100 52 85 170 0.148626
101 52 85 170 0.0585762
120 52 85 170 0.0230682
121 52 85 170 0.0300393
122 52 85 170 0.0394031
123 52 85 170 0.0383324
124 52 85 170 0.0120202
94 53 85 170 0.0125055
95 53 85 170 0.0122224
96 53 85 170 0.0420997
97 53 85 170 0.298562
98 53 85 170 0.459552
99 53 85 170 0.468917
100 53 85 170 0.448557
101 53 85 170 0.202101
102 53 85 170 0.0247274
103 53 85 170 0.0107587
119 53 85 170 0.0160635
120 53 85 170 0.045491
121 53 85 170 0.063227
122 53 85 170 0.0724564
123 53 85 170 0.0593032
124 53 85 170 0.0169765
94 54 85 170 0.0279181
95 54 85 170 0.0822459
96 54 85 170 0.223916
97 54 85 170 0.585422
98 54 85 170 0.780039
99 54 85 170 0.780031
100 54 85 170 0.767499
101 54 85 170 0.511811
102 54 85 170 0.253679
103 54 85 170 0.112785
104 54 85 170 0.0138907
119 54 85 170 0.0249364
120 54 85 170 0.0603569
121 54 85 170 0.0856945
122 54 85 170 0.0887729
123 54 85 170 0.0634433
124 54 85 170 0.0210724
94 55 85 170 0.0748836
95 55 85 170 0.236845
96 55 85 170 0.485247
97 55 85 170 0.805791
98 55 85 170 0.950224
99 55 85 170 0.942975
100 55 85 170 0.94211
101 55 85 170 0.806937
102 55 85 170 0.586065
103 55 85 170 0.314784
104 55 85 170 0.0503414
118 55 85 170 0.0113398
119 55 85 170 0.0334398
120 55 85 170 0.0695848
121 55 85 170 0.100842
122 55 85 170 0.0971023
123 55 85 170 0.0611235
124 55 85 170 0.0244515
92 56 85 170 0.0102858
94 56 85 170 0.155281
95 56 85 170 0.418189
96 56 85 170 0.654824
97 56 85 170 0.884489
98 56 85 170 0.972875
99 56 85 170 0.961337
100 56 85 170 0.969574
101 56 85 170 0.899796
102 56 85 170 0.792325
103 56 85 170 0.533612
104 56 85 170 0.116528
106 56 85 170 0.016805
118 56 85 170 0.0186951
119 56 85 170 0.0420837
120 56 85 170 0.0829674
121 56 85 170 0.126049
122 56 85 170 0.123729
123 56 85 170 0.0765801
124 56 85 170 0.0304356
92 57 85 170 0.0188454
93 57 85 170 0.0210699
94 57 85 170 0.210086
95 57 85 170 0.525723
96 57 85 170 0.756419
97 57 85 170 0.928899
98 57 85 170 0.984804
99 57 85 170 0.974455
100 57 85 170 0.981425
101 57 85 170 0.935107
102 57 85 170 0.920725
103 57 85 170 0.713851
104 57 85 170 0.208691
105 57 85 170 0.0405634
106 57 85 170 0.0337596
117 57 85 170 0.0101492
118 57 85 170 0.0247507
119 57 85 170 0.0460446
120 57 85 170 0.0801438
121 57 85 170 0.121263
122 57 85 170 0.128612
123 57 85 170 0.090963
124 57 85 170 0.0399436
125 57 85 170 0.0113344
92 58 85 170 0.0243104
93 58 85 170 0.0495733
94 58 85 170 0.292104
95 58 85 170 0.645701
96 58 85 170 0.84697
97 58 85 170 0.960929
98 58 85 170 0.993607
99 58 85 170 0.988357
100 58 85 170 0.991811
101 58 85 170 0.9609
102 58 85 170 0.977121
103 58 85 170 0.823205
104 58 85 170 0.359937
105 58 85 170 0.110174
106 58 85 170 0.0356783
117 58 85 170 0.0222986
118 58 85 170 0.0394395
119 58 85 170 0.0575032
120 58 85 170 0.0976373
121 58 85 170 0.136123
122 58 85 170 0.149964
123 58 85 170 0.118107
124 58 85 170 0.0503864
125 58 85 170 0.0128141
92 59 85 170 0.0362559
93 59 85 170 0.101389
94 59 85 170 0.413877
95 59 85 170 0.793729
96 59 85 170 0.927348
97 59 85 170 0.978955
98 59 85 170 0.994474
99 59 85 170 0.992803
100 59 85 170 0.994765
101 59 85 170 0.979734
102 59 85 170 0.987791
103 59 85 170 0.895873
104 59 85 170 0.585917
105 59 85 170 0.265669
106 59 85 170 0.0815941
107 59 85 170 0.0259253
108 59 85 170 0.0118304
117 59 85 170 0.0369828
118 59 85 170 0.0616911
119 59 85 170 0.0813075
120 59 85 170 0.126003
121 59 85 170 0.173272
122 59 85 170 0.184366
123 59 85 170 0.137649
124 59 85 170 0.0573532
125 59 85 170 0.014024
92 60 85 170 0.0561613
93 60 85 170 0.159735
94 60 85 170 0.517368
95 60 85 170 0.896376
96 60 85 170 0.967483
97 60 85 170 0.98717
98 60 85 170 0.998841
99 60 85 170 0.996198
100 60 85 170 0.997236
101 60 85 170 0.991172
102 60 85 170 0.992985
103 60 85 170 0.962767
104 60 85 170 0.804908
105 60 85 170 0.474068
106 60 85 170 0.191169
107 60 85 170 0.0665474
108 60 85 170 0.0306701
109 60 85 170 0.0144566
112 60 85 170 0.017472
113 60 85 170 0.0245961
114 60 85 170 0.0273919
115 60 85 170 0.0221682
116 60 85 170 0.0176558
117 60 85 170 0.0479729
118 60 85 170 0.0839142
119 60 85 170 0.106927
120 60 85 170 0.139111
121 60 85 170 0.20207
122 60 85 170 0.204374
123 60 85 170 0.132
124 60 85 170 0.0600583
125 60 85 170 0.0180878
92 61 85 170 0.0529005
93 61 85 170 0.171318
94 61 85 170 0.5491
95 61 85 170 0.927509
96 61 85 170 0.974163
97 61 85 170 0.98653
98 61 85 170 0.999325
99 61 85 170 0.995761
100 61 85 170 0.997358
101 61 85 170 0.993989
102 61 85 170 0.993063
103 61 85 170 0.975564
104 61 85 170 0.857068
105 61 85 170 0.537806
106 61 85 170 0.233392
107 61 85 170 0.0818397
108 61 85 170 0.0370414
109 61 85 170 0.0211066
111 61 85 170 0.0110256
112 61 85 170 0.0283884
113 61 85 170 0.0393024
114 61 85 170 0.0523021
115 61 85 170 0.0502044
116 61 85 170 0.0318453
117 61 85 170 0.0748249
118 61 85 170 0.110538
119 61 85 170 0.123212
120 61 85 170 0.17161
121 61 85 170 0.24596
122 61 85 170 0.241658
123 61 85 170 0.15262
124 61 85 170 0.0686177
125 61 85 170 0.0244038
92 62 85 170 0.0408507
93 62 85 170 0.165023
94 62 85 170 0.552465
95 62 85 170 0.93351
96 62 85 170 0.977393
97 62 85 170 0.987515
98 62 85 170 0.999675
99 62 85 170 0.996206
100 62 85 170 0.998146
101 62 85 170 0.995586
102 62 85 170 0.994677
103 62 85 170 0.979181
104 62 85 170 0.888161
105 62 85 170 0.653455
106 62 85 170 0.384262
107 62 85 170 0.18925
108 62 85 170 0.090338
109 62 85 170 0.0457612
110 62 85 170 0.0263645
111 62 85 170 0.0308069
112 62 85 170 0.0622048
113 62 85 170 0.0964493
114 62 85 170 0.114822
115 62 85 170 0.098303
116 62 85 170 0.0695255
117 62 85 170 0.114915
118 62 85 170 0.150534
119 62 85 170 0.16115
120 62 85 170 0.221181
121 62 85 170 0.318507
122 62 85 170 0.321147
123 62 85 170 0.215103
124 62 85 170 0.105702
125 62 85 170 0.0391999
126 62 85 170 0.0119836
92 63 85 170 0.0467056
93 63 85 170 0.204325
94 63 85 170 0.592494
95 63 85 170 0.946968
96 63 85 170 0.98482
97 63 85 170 0.98975
98 63 85 170 0.999155
99 63 85 170 0.996276
100 63 85 170 0.997708
101 63 85 170 0.996055
102 63 85 170 0.995498
103 63 85 170 0.988008
104 63 85 170 0.934275
105 63 85 170 0.774689
106 63 85 170 0.525803
107 63 85 170 0.280223
108 63 85 170 0.129668
109 63 85 170 0.0682205
110 63 85 170 0.0405294
111 63 85 170 0.04597
112 63 85 170 0.104439
113 63 85 170 0.161229
114 63 85 170 0.197937
115 63 85 170 0.181661
116 63 85 170 0.128132
117 63 85 170 0.171347
118 63 85 170 0.208427
119 63 85 170 0.21726
120 63 85 170 0.291731
121 63 85 170 0.417853
122 63 85 170 0.443533
123 63 85 170 0.326263
124 63 85 170 0.167724
125 63 85 170 0.0631539
126 63 85 170 0.0196227
92 64 85 170 0.0763917
93 64 85 170 0.309171
94 64 85 170 0.687175
95 64 85 170 0.970138
96 64 85 170 0.992131
97 64 85 170 0.992373
98 64 85 170 0.999493
99 64 85 170 0.997237
100 64 85 170 0.998071
101 64 85 170 0.9971
102 64 85 170 0.995452
103 64 85 170 0.989326
104 64 85 170 0.93937
105 64 85 170 0.768371
106 64 85 170 0.516437
107 64 85 170 0.27733
108 64 85 170 0.13208
109 64 85 170 0.0947649
110 64 85 170 0.0663609
111 64 85 170 0.0719885
112 64 85 170 0.169961
113 64 85 170 0.227068
114 64 85 170 0.29518
115 64 85 170 0.309626
116 64 85 170 0.214087
117 64 85 170 0.257448
118 64 85 170 0.288017
119 64 85 170 0.282635
120 64 85 170 0.385428
121 64 85 170 0.530343
122 64 85 170 0.575036
123 64 85 170 0.4471
124 64 85 170 0.221111
125 64 85 170 0.0850374
126 64 85 170 0.0317866
127 64 85 170 0.0106169
91 65 85 170 0.0118129
92 65 85 170 0.107126
93 65 85 170 0.414931
94 65 85 170 0.781257
95 65 85 170 0.993221
96 65 85 170 1.00434
97 65 85 170 1.00278
98 65 85 170 1.00801
99 65 85 170 1.0062
100 65 85 170 1.0066
101 65 85 170 1.00633
102 65 85 170 1.00475
103 65 85 170 1.00239
104 65 85 170 0.972747
105 65 85 170 0.852839
106 65 85 170 0.679725
107 65 85 170 0.481958
108 65 85 170 0.294175
109 65 85 170 0.214472
110 65 85 170 0.178987
111 65 85 170 0.211084
112 65 85 170 0.348703
113 65 85 170 0.425496
114 65 85 170 0.471143
115 65 85 170 0.459332
116 65 85 170 0.365572
117 65 85 170 0.37409
118 65 85 170 0.389644
119 65 85 170 0.388266
120 65 85 170 0.472587
121 65 85 170 0.630061
122 65 85 170 0.655093
123 65 85 170 0.477749
124 65 85 170 0.235758
125 65 85 170 0.0923966
126 65 85 170 0.0343492
127 65 85 170 0.011909
91 66 85 170 0.0186516
92 66 85 170 0.144446
93 66 85 170 0.5091
94 66 85 170 0.838711
95 66 85 170 0.968577
96 66 85 170 0.973953
97 66 85 170 0.972951
98 66 85 170 0.975934
99 66 85 170 0.974815
100 66 85 170 0.975014
101 66 85 170 0.974876
102 66 85 170 0.973711
103 66 85 170 0.973239
104 66 85 170 0.95558
105 66 85 170 0.873167
106 66 85 170 0.749673
107 66 85 170 0.581557
108 66 85 170 0.38564
109 66 85 170 0.28609
110 66 85 170 0.242787
111 66 85 170 0.289704
112 66 85 170 0.453942
113 66 85 170 0.540352
114 66 85 170 0.593264
115 66 85 170 0.582872
116 66 85 170 0.473813
117 66 85 170 0.47777
118 66 85 170 0.468543
119 66 85 170 0.448447
120 66 85 170 0.550463
121 66 85 170 0.674137
122 66 85 170 0.676961
123 66 85 170 0.506917
124 66 85 170 0.258817
125 66 85 170 0.121338
126 66 85 170 0.0552595
127 66 85 170 0.0137065
70 67 85 170 0.0126636
71 67 85 170 0.0177103
72 67 85 170 0.0185041
73 67 85 170 0.0131067
74 67 85 170 0.0114696
75 67 85 170 0.0127201
76 67 85 170 0.011841
77 67 85 170 0.0146293
78 67 85 170 0.0120014
91 67 85 170 0.0323715
92 67 85 170 0.205355
93 67 85 170 0.642629
94 67 85 170 0.960071
95 67 85 170 1.03097
96 67 85 170 1.03552
97 67 85 170 1.03601
98 67 85 170 1.03714
99 67 85 170 1.0367
100 67 85 170 1.03689
101 67 85 170 1.03638
102 67 85 170 1.03581
103 67 85 170 1.03346
104 67 85 170 1.01169
105 67 85 170 0.932921
106 67 85 170 0.798162
107 67 85 170 0.627303
108 67 85 170 0.457138
109 67 85 170 0.345464
110 67 85 170 0.316761
111 67 85 170 0.391033
112 67 85 170 0.542397
113 67 85 170 0.657048
114 67 85 170 0.746603
115 67 85 170 0.75414
116 67 85 170 0.655434
117 67 85 170 0.656516
118 67 85 170 0.6366
119 67 85 170 0.615269
120 67 85 170 0.716645
121 67 85 170 0.787759
122 67 85 170 0.775128
123 67 85 170 0.641006
124 67 85 170 0.400114
125 67 85 170 0.219953
126 67 85 170 0.0997055
127 67 85 170 0.0255188
67 68 85 170 0.010327
68 68 85 170 0.0181022
69 68 85 170 0.0231034
70 68 85 170 0.0329253
71 68 85 170 0.0457507
72 68 85 170 0.0486256
73 68 85 170 0.0354075
74 68 85 170 0.0320445
75 68 85 170 0.0355025
76 68 85 170 0.0335227
77 68 85 170 0.0444765
78 68 85 170 0.0370202
79 68 85 170 0.0143517
91 68 85 170 0.0401705
92 68 85 170 0.226716
93 68 85 170 0.666274
94 68 85 170 0.971072
95 68 85 170 1.03051
96 68 85 170 1.03735
97 68 85 170 1.03871
98 68 85 170 1.03928
99 68 85 170 1.03905
100 68 85 170 1.03924
101 68 85 170 1.0386
102 68 85 170 1.03904
103 68 85 170 1.03552
104 68 85 170 1.01651
105 68 85 170 0.966719
106 68 85 170 0.848736
107 68 85 170 0.690921
108 68 85 170 0.542778
109 68 85 170 0.396636
110 68 85 170 0.402126
111 68 85 170 0.516326
112 68 85 170 0.604453
113 68 85 170 0.756959
114 68 85 170 0.834019
115 68 85 170 0.81621
116 68 85 170 0.802711
117 68 85 170 0.760898
118 68 85 170 0.757774
119 68 85 170 0.786642
120 68 85 170 0.797894
121 68 85 170 0.844237
122 68 85 170 0.816842
123 68 85 170 0.689735
124 68 85 170 0.522171
125 68 85 170 0.29267
126 68 85 170 0.114707
127 68 85 170 0.0381508
128 68 85 170 0.0123784
70 69 85 170 0.0113259
71 69 85 170 0.0157232
72 69 85 170 0.0167597
73 69 85 170 0.0122458
74 69 85 170 0.0111248
75 69 85 170 0.0123235
76 69 85 170 0.0116547
77 69 85 170 0.0155926
78 69 85 170 0.0129989
91 69 85 170 0.0119554
92 69 85 170 0.065336
93 69 85 170 0.188697
94 69 85 170 0.273993
95 69 85 170 0.290825
96 69 85 170 0.293032
97 69 85 170 0.293479
98 69 85 170 0.293618
99 69 85 170 0.293561
100 69 85 170 0.293616
101 69 85 170 0.29343
102 69 85 170 0.293652
103 69 85 170 0.292572
104 69 85 170 0.287612
105 69 85 170 0.276723
106 69 85 170 0.245504
107 69 85 170 0.20231
108 69 85 170 0.162092
109 69 85 170 0.117008
110 69 85 170 0.122023
111 69 85 170 0.158271
112 69 85 170 0.176572
113 69 85 170 0.223426
114 69 85 170 0.243022
115 69 85 170 0.234698
116 69 85 170 0.240122
117 69 85 170 0.223514
118 69 85 170 0.224711
119 69 85 170 0.238512
120 69 85 170 0.23167
121 69 85 170 0.243247
122 69 85 170 0.234145
123 69 85 170 0.198004
124 69 85 170 0.158473
125 69 85 170 0.0888694
126 69 85 170 0.0332002
127 69 85 170 0.0119584
93 71 85 170 0.0137765
94 71 85 170 0.0199959
95 71 85 170 0.0212248
96 71 85 170 0.0213881
97 71 85 170 0.0214212
98 71 85 170 0.0214312
99 71 85 170 0.021427
100 71 85 170 0.0214311
101 71 85 170 0.0214174
102 71 85 170 0.0214345
103 71 85 170 0.0213549
104 71 85 170 0.0209961
105 71 85 170 0.0202261
106 71 85 170 0.0179638
107 71 85 170 0.014822
108 71 85 170 0.0118991
111 71 85 170 0.0116487
112 71 85 170 0.0129331
113 71 85 170 0.0163823
114 71 85 170 0.0177957
115 71 85 170 0.0171625
116 71 85 170 0.0176304
117 71 85 170 0.0163807
118 71 85 170 0.0164843
119 71 85 170 0.0175356
120 71 85 170 0.0169582
121 71 85 170 0.0177914
122 71 85 170 0.0171164
123 71 85 170 0.0144767
124 71 85 170 0.0116522
0 0 64 128 0.683836
1 0 64 128 0.396617
2 0 64 128 0.0900393
3 0 64 128 0.0395836
4 0 64 128 0.0321029
5 0 64 128 0.0360988
6 0 64 128 0.0121705
115 0 64 128 0.0174041
116 0 64 128 0.0384372
117 0 64 128 0.0647218
118 0 64 128 0.113008
119 0 64 128 0.160831
120 0 64 128 0.144372
121 0 64 128 0.186701
122 0 64 128 0.22565
123 0 64 128 0.180764
124 0 64 128 0.174253
125 0 64 128 0.267078
126 0 64 128 0.210197
127 0 64 128 0.198841
128 0 64 128 0.249078
129 0 64 128 0.232441
130 0 64 128 0.211006
131 0 64 128 0.140045
132 0 64 128 0.147122
133 0 64 128 0.0599427
134 0 64 128 0.0289458
238 0 64 128 0.0166427
239 0 64 128 0.0127413
0 1 64 128 0.621105
1 1 64 128 0.447101
2 1 64 128 0.123044
3 1 64 128 0.0701068
4 1 64 128 0.0653712
5 1 64 128 0.0800837
6 1 64 128 0.0279659
12 1 64 128 0.0200144
13 1 64 128 0.0126827
14 1 64 128 0.0255822
115 1 64 128 0.0271727
116 1 64 128 0.0620487
117 1 64 128 0.113011
118 1 64 128 0.17364
119 1 64 128 0.212556
120 1 64 128 0.16638
121 1 64 128 0.212043
122 1 64 128 0.249041
123 1 64 128 0.187641
124 1 64 128 0.184914
125 1 64 128 0.297622
126 1 64 128 0.294506
127 1 64 128 0.279198
128 1 64 128 0.339632
129 1 64 128 0.313251
130 1 64 128 0.325831
131 1 64 128 0.201584
132 1 64 128 0.215781
133 1 64 128 0.0901676
134 1 64 128 0.0447196
226 1 64 128 0.0143767
238 1 64 128 0.0184748
239 1 64 128 0.0202526
240 1 64 128 0.0109149
0 2 64 128 0.466708
1 2 64 128 0.302551
2 2 64 128 0.0838521
3 2 64 128 0.0591458
4 2 64 128 0.0590573
5 2 64 128 0.0827439
6 2 64 128 0.0287198
12 2 64 128 0.0278673
13 2 64 128 0.0203679
14 2 64 128 0.041813
15 2 64 128 0.0209561
16 2 64 128 0.0217559
17 2 64 128 0.0101105
115 2 64 128 0.0301262
116 2 64 128 0.0508816
117 2 64 128 0.0889641
118 2 64 128 0.109026
119 2 64 128 0.123606
120 2 64 128 0.0795227
121 2 64 128 0.0889378
122 2 64 128 0.0905011
123 2 64 128 0.0574416
124 2 64 128 0.0604018
125 2 64 128 0.119201
126 2 64 128 0.139483
127 2 64 128 0.140183
128 2 64 128 0.200505
129 2 64 128 0.225941
130 2 64 128 0.239418
131 2 64 128 0.161701
132 2 64 128 0.188659
133 2 64 128 0.0907388
134 2 64 128 0.0419348
222 2 64 128 0.0116759
224 2 64 128 0.0112171
225 2 64 128 0.0122669
226 2 64 128 0.0755515
227 2 64 128 0.055815
228 2 64 128 0.0231266
232 2 64 128 0.0219134
233 2 64 128 0.0115927
234 2 64 128 0.0188998
236 2 64 128 0.02515
237 2 64 128 0.0297917
238 2 64 128 0.101018
239 2 64 128 0.11542
240 2 64 128 0.0652066
241 2 64 128 0.0137851
0 3 64 128 0.155666
1 3 64 128 0.10014
2 3 64 128 0.0250821
3 3 64 128 0.0232512
4 3 64 128 0.0268124
5 3 64 128 0.0344272
6 3 64 128 0.0111748
12 3 64 128 0.0115293
14 3 64 128 0.0269672
15 3 64 128 0.0131426
16 3 64 128 0.0174502
114 3 64 128 0.0197041
115 3 64 128 0.0912763
116 3 64 128 0.133588
117 3 64 128 0.214871
118 3 64 128 0.199303
119 3 64 128 0.204905
120 3 64 128 0.0820573
121 3 64 128 0.0884052
122 3 64 128 0.0704181
123 3 64 128 0.055047
124 3 64 128 0.0548436
125 3 64 128 0.0989818
126 3 64 128 0.144247
127 3 64 128 0.165648
128 3 64 128 0.241534
129 3 64 128 0.25856
130 3 64 128 0.313515
131 3 64 128 0.197313
132 3 64 128 0.224175
133 3 64 128 0.103838
134 3 64 128 0.0465162
220 3 64 128 0.0204281
221 3 64 128 0.0112286
222 3 64 128 0.0184515
223 3 64 128 0.0100003
224 3 64 128 0.0167951
225 3 64 128 0.0160062
226 3 64 128 0.0787356
227 3 64 128 0.0550029
228 3 64 128 0.0176129
237 3 64 128 0.0121836
238 3 64 128 0.0367571
239 3 64 128 0.0479997
240 3 64 128 0.0235523
0 4 64 128 0.0549311
1 4 64 128 0.0307037
4 4 64 128 0.010142
5 4 64 128 0.0139931
14 4 64 128 0.0147638
15 4 64 128 0.0102968
16 4 64 128 0.0142319
113 4 64 128 0.0105026
114 4 64 128 0.0355485
115 4 64 128 0.121031
116 4 64 128 0.127709
117 4 64 128 0.175627
118 4 64 128 0.130366
119 4 64 128 0.0865241
120 4 64 128 0.0259796
121 4 64 128 0.0270524
122 4 64 128 0.0197182
123 4 64 128 0.0132733
124 4 64 128 0.0159809
125 4 64 128 0.0345557
126 4 64 128 0.0562245
127 4 64 128 0.0688592
128 4 64 128 0.0993396
129 4 64 128 0.143485
130 4 64 128 0.161296
131 4 64 128 0.105496
132 4 64 128 0.122196
133 4 64 128 0.0609459
134 4 64 128 0.0311211
220 4 64 128 0.0182973
221 4 64 128 0.0110786
222 4 64 128 0.0164573
223 4 64 128 0.011421
224 4 64 128 0.026045
225 4 64 128 0.0292328
226 4 64 128 0.109997
227 4 64 128 0.0926976
228 4 64 128 0.0248543
236 4 64 128 0.0154695
237 4 64 128 0.0232725
238 4 64 128 0.0521231
239 4 64 128 0.0653363
240 4 64 128 0.036407
0 5 64 128 0.0273268
1 5 64 128 0.0221918
3 5 64 128 0.0119239
4 5 64 128 0.0153895
5 5 64 128 0.0184252
14 5 64 128 0.0108176
16 5 64 128 0.0124114
111 5 64 128 0.0106777
112 5 64 128 0.0148313
113 5 64 128 0.0557325
114 5 64 128 0.109651
115 5 64 128 0.318644
116 5 64 128 0.295957
117 5 64 128 0.320919
118 5 64 128 0.194048
119 5 64 128 0.0992464
120 5 64 128 0.0229956
121 5 64 128 0.0232947
122 5 64 128 0.018469
123 5 64 128 0.0125151
124 5 64 128 0.0158117
125 5 64 128 0.0437138
126 5 64 128 0.0751112
127 5 64 128 0.0923988
128 5 64 128 0.112302
129 5 64 128 0.162252
130 5 64 128 0.179954
131 5 64 128 0.0926079
132 5 64 128 0.102587
133 5 64 128 0.0542716
134 5 64 128 0.0317182
214 5 64 128 0.0196631
215 5 64 128 0.0111819
219 5 64 128 0.0165572
220 5 64 128 0.0304056
221 5 64 128 0.0155232
222 5 64 128 0.0234862
223 5 64 128 0.0175031
224 5 64 128 0.0355544
225 5 64 128 0.044418
226 5 64 128 0.118252
227 5 64 128 0.0903135
228 5 64 128 0.022188
237 5 64 128 0.0108623
238 5 64 128 0.015063
239 5 64 128 0.0255384
240 5 64 128 0.0118132
110 6 64 128 0.0142685
111 6 64 128 0.0216343
112 6 64 128 0.0235646
113 6 64 128 0.0699776
114 6 64 128 0.128832
115 6 64 128 0.342338
116 6 64 128 0.256453
117 6 64 128 0.224259
118 6 64 128 0.0971372
119 6 64 128 0.0376925
125 6 64 128 0.0152088
126 6 64 128 0.0301805
127 6 64 128 0.0379909
128 6 64 128 0.0521501
129 6 64 128 0.0756645
130 6 64 128 0.0897964
131 6 64 128 0.044914
132 6 64 128 0.0577683
133 6 64 128 0.0300582
134 6 64 128 0.0221096
212 6 64 128 0.0147887
213 6 64 128 0.0128652
214 6 64 128 0.0256341
219 6 64 128 0.0116669
220 6 64 128 0.0201642
221 6 64 128 0.0120038
222 6 64 128 0.015946
223 6 64 128 0.0156597
224 6 64 128 0.041458
225 6 64 128 0.0692909
226 6 64 128 0.137077
227 6 64 128 0.1202
228 6 64 128 0.0287133
236 6 64 128 0.0109095
237 6 64 128 0.0181709
238 6 64 128 0.0272866
239 6 64 128 0.0408862
240 6 64 128 0.0165113
109 7 64 128 0.0108929
110 7 64 128 0.0536299
111 7 64 128 0.0885373
112 7 64 128 0.0705169
113 7 64 128 0.178124
114 7 64 128 0.256321
115 7 64 128 0.553665
116 7 64 128 0.422446
117 7 64 128 0.371652
118 7 64 128 0.130846
119 7 64 128 0.0454811
125 7 64 128 0.0167266
126 7 64 128 0.0301537
127 7 64 128 0.0427276
128 7 64 128 0.0632538
129 7 64 128 0.0785006
130 7 64 128 0.0988188
131 7 64 128 0.0533374
132 7 64 128 0.0539865
133 7 64 128 0.0264042
134 7 64 128 0.0184954
206 7 64 128 0.0159147
207 7 64 128 0.0225345
208 7 64 128 0.0242321
209 7 64 128 0.0202586
210 7 64 128 0.0350235
211 7 64 128 0.0409179
212 7 64 128 0.0689503
213 7 64 128 0.0585166
214 7 64 128 0.0764728
215 7 64 128 0.0349054
219 7 64 128 0.0171869
220 7 64 128 0.0205063
221 7 64 128 0.0123435
222 7 64 128 0.0136511
223 7 64 128 0.0134934
224 7 64 128 0.0280981
225 7 64 128 0.0406491
226 7 64 128 0.0720114
227 7 64 128 0.0632226
228 7 64 128 0.0103216
110 8 64 128 0.0389311
111 8 64 128 0.0609061
112 8 64 128 0.0408439
113 8 64 128 0.0854973
114 8 64 128 0.148015
115 8 64 128 0.350261
116 8 64 128 0.239145
117 8 64 128 0.194339
118 8 64 128 0.0501253
119 8 64 128 0.0141829
126 8 64 128 0.0123699
127 8 64 128 0.0153599
128 8 64 128 0.0273406
129 8 64 128 0.0347291
130 8 64 128 0.046062
131 8 64 128 0.0228056
132 8 64 128 0.031462
133 8 64 128 0.0169584
134 8 64 128 0.0166413
205 8 64 128 0.0117508
206 8 64 128 0.0220727
207 8 64 128 0.0340237
208 8 64 128 0.0341537
209 8 64 128 0.0310865
210 8 64 128 0.0565703
211 8 64 128 0.0615056
212 8 64 128 0.0915041
213 8 64 128 0.0707491
214 8 64 128 0.085272
215 8 64 128 0.0276537
219 8 64 128 0.0128956
220 8 64 128 0.0161051
221 8 64 128 0.0102937
222 8 64 128 0.0120895
223 8 64 128 0.014212
224 8 64 128 0.0334094
225 8 64 128 0.0585381
226 8 64 128 0.0826715
227 8 64 128 0.0757642
228 8 64 128 0.010849
239 8 64 128 0.011576
109 9 64 128 0.0105984
110 9 64 128 0.0427103
111 9 64 128 0.0540594
112 9 64 128 0.0347251
113 9 64 128 0.0879941
114 9 64 128 0.129041
115 9 64 128 0.348064
116 9 64 128 0.258172
117 9 64 128 0.248926
118 9 64 128 0.0493274
119 9 64 128 0.0103299
126 9 64 128 0.012283
127 9 64 128 0.0163678
128 9 64 128 0.0255472
129 9 64 128 0.0376511
130 9 64 128 0.0457398
131 9 64 128 0.0225509
132 9 64 128 0.0253653
133 9 64 128 0.0196942
134 9 64 128 0.0211693
203 9 64 128 0.0143565
204 9 64 128 0.0279354
205 9 64 128 0.0324848
206 9 64 128 0.0646252
207 9 64 128 0.079435
208 9 64 128 0.088426
209 9 64 128 0.090295
210 9 64 128 0.175811
211 9 64 128 0.163524
212 9 64 128 0.245795
213 9 64 128 0.178121
214 9 64 128 0.193132
215 9 64 128 0.0570957
219 9 64 128 0.0156107
220 9 64 128 0.0170963
221 9 64 128 0.0100358
222 9 64 128 0.0116826
223 9 64 128 0.0108789
224 9 64 128 0.0263838
225 9 64 128 0.0459475
226 9 64 128 0.0616511
227 9 64 128 0.0533474
110 10 64 128 0.018091
111 10 64 128 0.0240452
112 10 64 128 0.0140514
113 10 64 128 0.0379515
114 10 64 128 0.068685
115 10 64 128 0.22809
116 10 64 128 0.148477
117 10 64 128 0.104841
118 10 64 128 0.0190253
128 10 64 128 0.0120387
129 10 64 128 0.0177241
130 10 64 128 0.0227851
131 10 64 128 0.0111628
132 10 64 128 0.0154498
133 10 64 128 0.0148685
134 10 64 128 0.0243721
204 10 64 128 0.0155033
205 10 64 128 0.0201425
206 10 64 128 0.0380745
207 10 64 128 0.0610188
208 10 64 128 0.0730233
209 10 64 128 0.0843618
210 10 64 128 0.142383
211 10 64 128 0.147378
212 10 64 128 0.212208
213 10 64 128 0.188959
214 10 64 128 0.207139
215 10 64 128 0.0676982
218 10 64 128 0.010898
219 10 64 128 0.0216474
220 10 64 128 0.0188671
221 10 64 128 0.0150425
222 10 64 128 0.0140432
223 10 64 128 0.0182774
224 10 64 128 0.0383434
225 10 64 128 0.0786654
226 10 64 128 0.0870964
227 10 64 128 0.078072
110 11 64 128 0.0122358
111 11 64 128 0.0163439
113 11 64 128 0.0251705
114 11 64 128 0.0558564
115 11 64 128 0.22262
116 11 64 128 0.150687
117 11 64 128 0.122119
118 11 64 128 0.0231083
128 11 64 128 0.0105448
129 11 64 128 0.0161203
130 11 64 128 0.0189563
131 11 64 128 0.011677
132 11 64 128 0.012329
133 11 64 128 0.0149139
134 11 64 128 0.0244099
135 11 64 128 0.0112764
204 11 64 128 0.0162113
205 11 64 128 0.018095
206 11 64 128 0.0403437
207 11 64 128 0.0592969
208 11 64 128 0.0871797
209 11 64 128 0.109672
210 11 64 128 0.19653
211 11 64 128 0.202357
212 11 64 128 0.329251
213 11 64 128 0.283302
214 11 64 128 0.289426
215 11 64 128 0.0983342
216 11 64 128 0.0151065
218 11 64 128 0.0143079
219 11 64 128 0.0205753
220 11 64 128 0.0200753
221 11 64 128 0.0104644
224 11 64 128 0.0184838
225 11 64 128 0.0295873
226 11 64 128 0.0393341
227 11 64 128 0.0321033
113 12 64 128 0.011333
114 12 64 128 0.0304285
115 12 64 128 0.141978
116 12 64 128 0.0933203
117 12 64 128 0.06751
118 12 64 128 0.0128161
134 12 64 128 0.0180093
135 12 64 128 0.0106097
206 12 64 128 0.0115953
207 12 64 128 0.0239862
208 12 64 128 0.0396101
209 12 64 128 0.0657122
210 12 64 128 0.118134
211 12 64 128 0.157057
212 12 64 128 0.250882
213 12 64 128 0.209977
214 12 64 128 0.25138
215 12 64 128 0.0860616
216 12 64 128 0.0118514
218 12 64 128 0.0113523
219 12 64 128 0.0170537
220 12 64 128 0.0163336
224 12 64 128 0.0187834
225 12 64 128 0.0316546
226 12 64 128 0.0444583
227 12 64 128 0.0388975
252 12 64 128 0.0182488
253 12 64 128 0.01119
254 12 64 128 0.016267
114 13 64 128 0.0227517
115 13 64 128 0.115173
116 13 64 128 0.0869154
117 13 64 128 0.070461
118 13 64 128 0.0112356
134 13 64 128 0.0101921
207 13 64 128 0.0154856
208 13 64 128 0.0238646
209 13 64 128 0.0494278
210 13 64 128 0.131472
211 13 64 128 0.173766
212 13 64 128 0.299068
213 13 64 128 0.290928
214 13 64 128 0.30119
215 13 64 128 0.0920199
216 13 64 128 0.0138568
218 13 64 128 0.0144182
219 13 64 128 0.0160163
220 13 64 128 0.0134014
225 13 64 128 0.0155629
226 13 64 128 0.0227735
227 13 64 128 0.0165611
252 13 64 128 0.0118432
254 13 64 128 0.0123206
114 14 64 128 0.0179306
115 14 64 128 0.0856311
116 14 64 128 0.0602763
117 14 64 128 0.0415613
208 14 64 128 0.0130817
209 14 64 128 0.0288117
210 14 64 128 0.0934435
211 14 64 128 0.173128
212 14 64 128 0.257864
213 14 64 128 0.287949
214 14 64 128 0.312076
215 14 64 128 0.122334
216 14 64 128 0.0155861
218 14 64 128 0.0157317
219 14 64 128 0.0205141
220 14 64 128 0.0119186
224 14 64 128 0.0111401
225 14 64 128 0.0248205
226 14 64 128 0.031115
227 14 64 128 0.0246546
252 14 64 128 0.0294494
253 14 64 128 0.0151563
254 14 64 128 0.0309206
255 14 64 128 0.0272396
114 15 64 128 0.0188735
115 15 64 128 0.101373
116 15 64 128 0.0766898
117 15 64 128 0.0544454
118 15 64 128 0.013313
209 15 64 128 0.0132422
210 15 64 128 0.0544296
211 15 64 128 0.0865588
212 15 64 128 0.163894
213 15 64 128 0.177931
214 15 64 128 0.195935
215 15 64 128 0.075685
216 15 64 128 0.0104804
252 15 64 128 0.0121307
254 15 64 128 0.0163806
255 15 64 128 0.0189844
114 16 64 128 0.0261117
115 16 64 128 0.124668
116 16 64 128 0.0984901
117 16 64 128 0.054129
118 16 64 128 0.0137891
210 16 64 128 0.0330327
211 16 64 128 0.0685201
212 16 64 128 0.125326
213 16 64 128 0.148939
214 16 64 128 0.182675
215 16 64 128 0.0831559
252 16 64 128 0.0233849
253 16 64 128 0.0110309
254 16 64 128 0.0265372
255 16 64 128 0.0332197
114 17 64 128 0.0434754
115 17 64 128 0.217442
116 17 64 128 0.165769
117 17 64 128 0.0841477
118 17 64 128 0.017254
161 17 64 128 0.0109447
162 17 64 128 0.0127779
209 17 64 128 0.0125667
210 17 64 128 0.0513771
211 17 64 128 0.113002
212 17 64 128 0.207079
213 17 64 128 0.215589
214 17 64 128 0.266172
215 17 64 128 0.100625
216 17 64 128 0.0140962
252 17 64 128 0.0178549
254 17 64 128 0.0226198
255 17 64 128 0.0338341
113 18 64 128 0.0109631
114 18 64 128 0.077402
115 18 64 128 0.28447
116 18 64 128 0.226622
117 18 64 128 0.0904017
118 18 64 128 0.0204129
158 18 64 128 0.0137628
159 18 64 128 0.0266722
160 18 64 128 0.0331251
161 18 64 128 0.0381205
162 18 64 128 0.0350724
163 18 64 128 0.0217353
164 18 64 128 0.0237285
165 18 64 128 0.0198467
166 18 64 128 0.0217357
209 18 64 128 0.022625
210 18 64 128 0.0900959
211 18 64 128 0.218231
212 18 64 128 0.287721
213 18 64 128 0.315018
214 18 64 128 0.385508
215 18 64 128 0.184399
216 18 64 128 0.0268106
218 18 64 128 0.0129342
225 18 64 128 0.0154805
226 18 64 128 0.019449
227 18 64 128 0.0191854
251 18 64 128 0.0320022
252 18 64 128 0.0598059
253 18 64 128 0.0311468
254 18 64 128 0.0719493
255 18 64 128 0.0956498
113 19 64 128 0.012775
114 19 64 128 0.0927416
115 19 64 128 0.369201
116 19 64 128 0.288586
117 19 64 128 0.105918
118 19 64 128 0.0264607
119 19 64 128 0.0110582
158 19 64 128 0.013714
159 19 64 128 0.0242646
160 19 64 128 0.0317914
161 19 64 128 0.0348823
162 19 64 128 0.0348843
163 19 64 128 0.0167221
164 19 64 128 0.0166598
165 19 64 128 0.0154192
166 19 64 128 0.0167795
208 19 64 128 0.0172596
209 19 64 128 0.0398723
210 19 64 128 0.17724
211 19 64 128 0.290512
212 19 64 128 0.368602
213 19 64 128 0.324096
214 19 64 128 0.392115
215 19 64 128 0.176115
216 19 64 128 0.0303796
218 19 64 128 0.015745
226 19 64 128 0.0103492
251 19 64 128 0.0377613
252 19 64 128 0.0756401
253 19 64 128 0.0460083
254 19 64 128 0.0885134
255 19 64 128 0.114801
114 20 64 128 0.0451511
115 20 64 128 0.208887
116 20 64 128 0.15294
117 20 64 128 0.0407803
118 20 64 128 0.0127398
157 20 64 128 0.0160987
158 20 64 128 0.0320132
159 20 64 128 0.0438246
160 20 64 128 0.0523965
161 20 64 128 0.0614287
162 20 64 128 0.0527445
163 20 64 128 0.0274331
164 20 64 128 0.0206614
165 20 64 128 0.0233983
166 20 64 128 0.0239577
207 20 64 128 0.0111171
208 20 64 128 0.0236508
209 20 64 128 0.0605319
210 20 64 128 0.22987
211 20 64 128 0.40259
212 20 64 128 0.405115
213 20 64 128 0.377462
214 20 64 128 0.448002
215 20 64 128 0.2614
216 20 64 128 0.0435152
217 20 64 128 0.0127234
218 20 64 128 0.0192801
219 20 64 128 0.0130981
225 20 64 128 0.0103242
226 20 64 128 0.0147908
227 20 64 128 0.012729
250 20 64 128 0.0228332
251 20 64 128 0.0876242
252 20 64 128 0.151378
253 20 64 128 0.073005
254 20 64 128 0.133949
255 20 64 128 0.144612
114 21 64 128 0.0412483
115 21 64 128 0.176131
116 21 64 128 0.113281
117 21 64 128 0.0302328
157 21 64 128 0.0147984
158 21 64 128 0.024135
159 21 64 128 0.0332803
160 21 64 128 0.0353855
161 21 64 128 0.0404831
162 21 64 128 0.0332459
163 21 64 128 0.0180672
164 21 64 128 0.0127299
165 21 64 128 0.0124148
166 21 64 128 0.0110188
207 21 64 128 0.0118164
208 21 64 128 0.0260961
209 21 64 128 0.0774238
210 21 64 128 0.305735
211 21 64 128 0.49261
212 21 64 128 0.503114
213 21 64 128 0.452108
214 21 64 128 0.46291
215 21 64 128 0.239972
216 21 64 128 0.0478647
217 21 64 128 0.015363
218 21 64 128 0.0163391
250 21 64 128 0.0191497
251 21 64 128 0.0955253
252 21 64 128 0.115784
253 21 64 128 0.06795
254 21 64 128 0.102735
255 21 64 128 0.150382
114 22 64 128 0.0454808
115 22 64 128 0.139401
116 22 64 128 0.077703
117 22 64 128 0.0188395
155 22 64 128 0.0122459
156 22 64 128 0.0112855
157 22 64 128 0.0243903
158 22 64 128 0.0308288
159 22 64 128 0.0490171
160 22 64 128 0.0432756
161 22 64 128 0.0560563
162 22 64 128 0.0430675
163 22 64 128 0.0222129
164 22 64 128 0.0126571
207 22 64 128 0.0108974
208 22 64 128 0.0275337
209 22 64 128 0.0912131
210 22 64 128 0.354774
211 22 64 128 0.522208
212 22 64 128 0.462657
213 22 64 128 0.437178
214 22 64 128 0.447825
215 22 64 128 0.231335
216 22 64 128 0.0544901
217 22 64 128 0.0187307
218 22 64 128 0.0150253
250 22 64 128 0.0307889
251 22 64 128 0.122531
252 22 64 128 0.17641
253 22 64 128 0.122746
254 22 64 128 0.167779
255 22 64 128 0.170264
113 23 64 128 0.0104327
114 23 64 128 0.0564099
115 23 64 128 0.149754
116 23 64 128 0.0744888
117 23 64 128 0.016717
157 23 64 128 0.0127842
158 23 64 128 0.0198457
159 23 64 128 0.0282224
160 23 64 128 0.0233778
161 23 64 128 0.0276555
162 23 64 128 0.0243361
163 23 64 128 0.0112904
207 23 64 128 0.0134992
208 23 64 128 0.0470074
209 23 64 128 0.131253
210 23 64 128 0.483878
211 23 64 128 0.611239
212 23 64 128 0.603045
213 23 64 128 0.498291
214 23 64 128 0.497942
215 23 64 128 0.22241
216 23 64 128 0.0543094
217 23 64 128 0.0182171
218 23 64 128 0.0134129
250 23 64 128 0.028198
251 23 64 128 0.106477
252 23 64 128 0.168354
253 23 64 128 0.15818
254 23 64 128 0.178536
255 23 64 128 0.174423
114 24 64 128 0.0254156
115 24 64 128 0.0662879
116 24 64 128 0.0233271
157 24 64 128 0.010741
158 24 64 128 0.0160888
159 24 64 128 0.0185894
160 24 64 128 0.0173672
161 24 64 128 0.0208822
162 24 64 128 0.0155295
207 24 64 128 0.0162641
208 24 64 128 0.0560817
209 24 64 128 0.169413
210 24 64 128 0.515386
211 24 64 128 0.633904
212 24 64 128 0.542599
213 24 64 128 0.464074
214 24 64 128 0.423959
215 24 64 128 0.206454
216 24 64 128 0.0494658
217 24 64 128 0.0177879
218 24 64 128 0.0127983
226 24 64 128 0.0122179
249 24 64 128 0.0126309
250 24 64 128 0.0466792
251 24 64 128 0.157924
252 24 64 128 0.211539
253 24 64 128 0.178597
254 24 64 128 0.193262
255 24 64 128 0.154258
114 25 64 128 0.0218208
115 25 64 128 0.0528405
116 25 64 128 0.0149838
159 25 64 128 0.0114614
160 25 64 128 0.0108351
161 25 64 128 0.0109171
207 25 64 128 0.0151106
208 25 64 128 0.060079
209 25 64 128 0.210891
210 25 64 128 0.517669
211 25 64 128 0.643123
212 25 64 128 0.570844
213 25 64 128 0.494776
214 25 64 128 0.396699
215 25 64 128 0.17496
216 25 64 128 0.0381581
217 25 64 128 0.0156394
249 25 64 128 0.0153851
250 25 64 128 0.0555854
251 25 64 128 0.17912
252 25 64 128 0.252943
253 25 64 128 0.215975
254 25 64 128 0.23415
255 25 64 128 0.224426
114 26 64 128 0.0118893
115 26 64 128 0.0246452
207 26 64 128 0.0120607
208 26 64 128 0.0593543
209 26 64 128 0.205537
210 26 64 128 0.540967
211 26 64 128 0.649083
212 26 64 128 0.548429
213 26 64 128 0.452287
214 26 64 128 0.397196
215 26 64 128 0.185732
216 26 64 128 0.0466642
217 26 64 128 0.0183446
218 26 64 128 0.0127925
226 26 64 128 0.0166647
227 26 64 128 0.012353
248 26 64 128 0.0142716
249 26 64 128 0.0195334
250 26 64 128 0.080164
251 26 64 128 0.245583
252 26 64 128 0.305167
253 26 64 128 0.22498
254 26 64 128 0.262577
255 26 64 128 0.251348
2 27 64 128 0.0111321
3 27 64 128 0.0138526
4 27 64 128 0.0295067
5 27 64 128 0.0111011
115 27 64 128 0.0128484
207 27 64 128 0.0122901
208 27 64 128 0.0795393
209 27 64 128 0.280025
210 27 64 128 0.633474
211 27 64 128 0.702167
212 27 64 128 0.681189
213 27 64 128 0.643817
214 27 64 128 0.553196
215 27 64 128 0.274427
216 27 64 128 0.0903906
217 27 64 128 0.0442123
218 27 64 128 0.0251014
219 27 64 128 0.0150608
225 27 64 128 0.0159306
226 27 64 128 0.0204917
227 27 64 128 0.0107232
248 27 64 128 0.0146116
249 27 64 128 0.0206269
250 27 64 128 0.0830949
251 27 64 128 0.221
252 27 64 128 0.297899
253 27 64 128 0.210486
254 27 64 128 0.205834
255 27 64 128 0.192295
2 28 64 128 0.0215781
3 28 64 128 0.026904
4 28 64 128 0.0703449
5 28 64 128 0.0210911
6 28 64 128 0.0126435
208 28 64 128 0.059441
209 28 64 128 0.222448
210 28 64 128 0.547248
211 28 64 128 0.629536
212 28 64 128 0.599199
213 28 64 128 0.501816
214 28 64 128 0.456923
215 28 64 128 0.212696
216 28 64 128 0.0736049
217 28 64 128 0.0372133
218 28 64 128 0.0255823
219 28 64 128 0.0214443
220 28 64 128 0.0140199
221 28 64 128 0.0165927
222 28 64 128 0.0124529
223 28 64 128 0.0189945
224 28 64 128 0.0227444
225 28 64 128 0.0405893
226 28 64 128 0.0552179
227 28 64 128 0.0258166
247 28 64 128 0.0124979
248 28 64 128 0.0277038
249 28 64 128 0.0401695
250 28 64 128 0.149868
251 28 64 128 0.35111
252 28 64 128 0.382618
253 28 64 128 0.249448
254 28 64 128 0.294507
255 28 64 128 0.207712
0 29 64 128 0.0455658
1 29 64 128 0.0458305
2 29 64 128 0.110959
3 29 64 128 0.151506
4 29 64 128 0.290088
5 29 64 128 0.155986
6 29 64 128 0.0857327
7 29 64 128 0.0446306
8 29 64 128 0.0286604
9 29 64 128 0.0192729
10 29 64 128 0.0108157
208 29 64 128 0.0528257
209 29 64 128 0.238734
210 29 64 128 0.582707
211 29 64 128 0.705753
212 29 64 128 0.683935
213 29 64 128 0.668261
214 29 64 128 0.636002
215 29 64 128 0.385181
216 29 64 128 0.139445
217 29 64 128 0.0947196
218 29 64 128 0.0600663
219 29 64 128 0.0601854
220 29 64 128 0.0310503
221 29 64 128 0.0385342
222 29 64 128 0.0257017
223 29 64 128 0.0376598
224 29 64 128 0.0332752
225 29 64 128 0.059004
226 29 64 128 0.0521303
227 29 64 128 0.0294439
247 29 64 128 0.0114398
248 29 64 128 0.0214308
249 29 64 128 0.0313598
250 29 64 128 0.109883
251 29 64 128 0.234876
252 29 64 128 0.241722
253 29 64 128 0.158722
254 29 64 128 0.199916
255 29 64 128 0.14579
0 30 64 128 0.0300044
1 30 64 128 0.0183347
2 30 64 128 0.0743812
3 30 64 128 0.0989511
4 30 64 128 0.265915
5 30 64 128 0.0998829
6 30 64 128 0.064811
7 30 64 128 0.0442409
8 30 64 128 0.0330041
9 30 64 128 0.0235594
10 30 64 128 0.0153407
109 30 64 128 0.0103962
208 30 64 128 0.0893146
209 30 64 128 0.349194
210 30 64 128 0.722334
211 30 64 128 0.802193
212 30 64 128 0.820369
213 30 64 128 0.805772
214 30 64 128 0.807905
215 30 64 128 0.58642
216 30 64 128 0.30417
217 30 64 128 0.211434
218 30 64 128 0.145268
219 30 64 128 0.146533
220 30 64 128 0.117189
221 30 64 128 0.138916
222 30 64 128 0.112162
223 30 64 128 0.142207
224 30 64 128 0.114117
225 30 64 128 0.194055
226 30 64 128 0.217175
227 30 64 128 0.134953
228 30 64 128 0.0285538
229 30 64 128 0.0105298
233 30 64 128 0.0140039
234 30 64 128 0.0211236
235 30 64 128 0.0362257
236 30 64 128 0.0290252
237 30 64 128 0.0335126
238 30 64 128 0.0441725
239 30 64 128 0.0653343
240 30 64 128 0.0229946
241 30 64 128 0.0130011
243 30 64 128 0.012334
244 30 64 128 0.011056
246 30 64 128 0.0103977
247 30 64 128 0.0262155
248 30 64 128 0.0470628
249 30 64 128 0.0544306
250 30 64 128 0.20499
251 30 64 128 0.348366
252 30 64 128 0.320108
253 30 64 128 0.193453
254 30 64 128 0.21949
255 30 64 128 0.186917
0 31 64 128 0.0574435
1 31 64 128 0.0394156
2 31 64 128 0.110588
3 31 64 128 0.151435
4 31 64 128 0.287165
5 31 64 128 0.158822
6 31 64 128 0.115257
7 31 64 128 0.0789828
8 31 64 128 0.0548228
9 31 64 128 0.0427127
10 31 64 128 0.0284689
11 31 64 128 0.011008
109 31 64 128 0.0137693
110 31 64 128 0.012752
207 31 64 128 0.0119531
208 31 64 128 0.137435
209 31 64 128 0.481199
210 31 64 128 0.824077
211 31 64 128 0.873592
212 31 64 128 0.919886
213 31 64 128 0.913018
214 31 64 128 0.908131
215 31 64 128 0.782
216 31 64 128 0.559799
217 31 64 128 0.49275
218 31 64 128 0.337795
219 31 64 128 0.383653
220 31 64 128 0.344616
221 31 64 128 0.373769
222 31 64 128 0.275071
223 31 64 128 0.329233
224 31 64 128 0.290822
225 31 64 128 0.388273
226 31 64 128 0.427367
227 31 64 128 0.272589
228 31 64 128 0.0776674
229 31 64 128 0.0339189
230 31 64 128 0.0170946
231 31 64 128 0.0168038
232 31 64 128 0.0297051
233 31 64 128 0.051104
234 31 64 128 0.0819188
235 31 64 128 0.124948
236 31 64 128 0.100995
237 31 64 128 0.098451
238 31 64 128 0.1578
239 31 64 128 0.22907
240 31 64 128 0.0924539
241 31 64 128 0.0454482
242 31 64 128 0.0303615
243 31 64 128 0.0312214
244 31 64 128 0.0305958
245 31 64 128 0.014055
246 31 64 128 0.0224489
247 31 64 128 0.0380259
248 31 64 128 0.0606687
249 31 64 128 0.0551075
250 31 64 128 0.194779
251 31 64 128 0.273797
252 31 64 128 0.256452
253 31 64 128 0.147837
254 31 64 128 0.195201
255 31 64 128 0.154824
0 32 64 128 0.0293093
1 32 64 128 0.0159251
2 32 64 128 0.0649536
3 32 64 128 0.0675004
4 32 64 128 0.168285
5 32 64 128 0.0801371
6 32 64 128 0.0703118
7 32 64 128 0.0510944
8 32 64 128 0.0500379
9 32 64 128 0.0402665
10 32 64 128 0.0359157
11 32 64 128 0.0157304
108 32 64 128 0.012323
109 32 64 128 0.0266048
110 32 64 128 0.0200999
207 32 64 128 0.0195018
208 32 64 128 0.202552
209 32 64 128 0.530982
210 32 64 128 0.829794
211 32 64 128 0.869659
212 32 64 128 0.92213
213 32 64 128 0.914716
214 32 64 128 0.917862
215 32 64 128 0.768076
216 32 64 128 0.62729
217 32 64 128 0.48831
218 32 64 128 0.481687
219 32 64 128 0.547303
220 32 64 128 0.556729
221 32 64 128 0.552579
222 32 64 128 0.44622
223 32 64 128 0.4719
224 32 64 128 0.444308
225 32 64 128 0.581888
226 32 64 128 0.627902
227 32 64 128 0.401096
228 32 64 128 0.135721
229 32 64 128 0.0787182
230 32 64 128 0.0397517
231 32 64 128 0.0570701
232 32 64 128 0.0864062
233 32 64 128 0.191528
234 32 64 128 0.233206
235 32 64 128 0.364121
236 32 64 128 0.293085
237 32 64 128 0.339183
238 32 64 128 0.458816
239 32 64 128 0.575323
240 32 64 128 0.31059
241 32 64 128 0.182825
242 32 64 128 0.0991902
243 32 64 128 0.0798216
244 32 64 128 0.075298
245 32 64 128 0.0386804
246 32 64 128 0.0502243
247 32 64 128 0.074524
248 32 64 128 0.106795
249 32 64 128 0.103861
250 32 64 128 0.337702
251 32 64 128 0.370432
252 32 64 128 0.350899
253 32 64 128 0.237755
254 32 64 128 0.31484
255 32 64 128 0.232652
0 33 64 128 0.0419671
1 33 64 128 0.0211052
2 33 64 128 0.0546035
3 33 64 128 0.070886
4 33 64 128 0.177511
5 33 64 128 0.10961
6 33 64 128 0.0808538
7 33 64 128 0.0631025
8 33 64 128 0.061192
9 33 64 128 0.061977
10 33 64 128 0.0505533
11 33 64 128 0.0232789
108 33 64 128 0.0115882
109 33 64 128 0.0222831
110 33 64 128 0.0219447
207 33 64 128 0.015133
208 33 64 128 0.161645
209 33 64 128 0.475512
210 33 64 128 0.767842
211 33 64 128 0.807754
212 33 64 128 0.879502
213 33 64 128 0.884802
214 33 64 128 0.88132
215 33 64 128 0.71781
216 33 64 128 0.503468
217 33 64 128 0.387811
218 33 64 128 0.362413
219 33 64 128 0.454913
220 33 64 128 0.397734
221 33 64 128 0.390863
222 33 64 128 0.320898
223 33 64 128 0.359248
224 33 64 128 0.29139
225 33 64 128 0.47447
226 33 64 128 0.460256
227 33 64 128 0.307655
228 33 64 128 0.098101
229 33 64 128 0.0565754
230 33 64 128 0.0317315
231 33 64 128 0.0495499
232 33 64 128 0.0865429
233 33 64 128 0.184932
234 33 64 128 0.246791
235 33 64 128 0.362309
236 33 64 128 0.245882
237 33 64 128 0.271666
238 33 64 128 0.44506
239 33 64 128 0.562834
240 33 64 128 0.275369
241 33 64 128 0.166626
242 33 64 128 0.112812
243 33 64 128 0.0872753
244 33 64 128 0.0606153
245 33 64 128 0.0350425
246 33 64 128 0.0456995
247 33 64 128 0.0549095
248 33 64 128 0.0623395
249 33 64 128 0.0577555
250 33 64 128 0.210118
251 33 64 128 0.182909
252 33 64 128 0.161647
253 33 64 128 0.0977102
254 33 64 128 0.223174
255 33 64 128 0.140444
2 34 64 128 0.0142515
3 34 64 128 0.0182538
4 34 64 128 0.0543666
5 34 64 128 0.0291553
6 34 64 128 0.0254581
7 34 64 128 0.0226372
8 34 64 128 0.0262117
9 34 64 128 0.0327073
10 34 64 128 0.0310422
11 34 64 128 0.01517
108 34 64 128 0.0125593
109 34 64 128 0.0304781
110 34 64 128 0.0290708
207 34 64 128 0.0320887
208 34 64 128 0.252279
209 34 64 128 0.572449
210 34 64 128 0.822343
211 34 64 128 0.84778
212 34 64 128 0.903835
213 34 64 128 0.910186
214 34 64 128 0.917442
215 34 64 128 0.741204
216 34 64 128 0.495142
217 34 64 128 0.347523
218 34 64 128 0.314888
219 34 64 128 0.38499
220 34 64 128 0.377524
221 34 64 128 0.372044
222 34 64 128 0.33201
223 34 64 128 0.331649
224 34 64 128 0.30922
225 34 64 128 0.407685
226 34 64 128 0.478994
227 34 64 128 0.345698
228 34 64 128 0.104977
229 34 64 128 0.0643775
230 34 64 128 0.0396501
231 34 64 128 0.0791451
232 34 64 128 0.120897
233 34 64 128 0.302983
234 34 64 128 0.345813
235 34 64 128 0.503179
236 34 64 128 0.2975
237 34 64 128 0.493378
238 34 64 128 0.597135
239 34 64 128 0.711508
240 34 64 128 0.379604
241 34 64 128 0.244406
242 34 64 128 0.11912
243 34 64 128 0.071229
244 34 64 128 0.0452077
245 34 64 128 0.0262315
246 34 64 128 0.0295445
247 34 64 128 0.034685
248 34 64 128 0.0383834
249 34 64 128 0.0370212
250 34 64 128 0.123091
251 34 64 128 0.113842
252 34 64 128 0.106815
253 34 64 128 0.0718782
254 34 64 128 0.143434
255 34 64 128 0.130079
4 35 64 128 0.015579
7 35 64 128 0.010707
8 35 64 128 0.011954
9 35 64 128 0.0135106
10 35 64 128 0.0142556
108 35 64 128 0.0178016
109 35 64 128 0.0314962
110 35 64 128 0.0341938
207 35 64 128 0.0154868
208 35 64 128 0.143273
209 35 64 128 0.399698
210 35 64 128 0.679139
211 35 64 128 0.698744
212 35 64 128 0.821733
213 35 64 128 0.837136
214 35 64 128 0.830729
215 35 64 128 0.590141
216 35 64 128 0.395912
217 35 64 128 0.263526
218 35 64 128 0.230073
219 35 64 128 0.29837
220 35 64 128 0.350369
221 35 64 128 0.318407
222 35 64 128 0.282853
223 35 64 128 0.28076
224 35 64 128 0.242407
225 35 64 128 0.336536
226 35 64 128 0.352518
227 35 64 128 0.266175
228 35 64 128 0.0842736
229 35 64 128 0.055897
230 35 64 128 0.032514
231 35 64 128 0.0647534
232 35 64 128 0.100203
233 35 64 128 0.270064
234 35 64 128 0.329739
235 35 64 128 0.44925
236 35 64 128 0.253273
237 35 64 128 0.412091
238 35 64 128 0.50732
239 35 64 128 0.659559
240 35 64 128 0.320026
241 35 64 128 0.186896
242 35 64 128 0.0926488
243 35 64 128 0.0541014
244 35 64 128 0.0302988
245 35 64 128 0.0185533
246 35 64 128 0.0215433
247 35 64 128 0.0216371
248 35 64 128 0.0181721
249 35 64 128 0.0172652
250 35 64 128 0.0534622
251 35 64 128 0.0472415
252 35 64 128 0.0426279
253 35 64 128 0.030602
254 35 64 128 0.0737443
255 35 64 128 0.0688628
108 36 64 128 0.0252646
109 36 64 128 0.0316512
110 36 64 128 0.0356694
207 36 64 128 0.0100713
208 36 64 128 0.0787308
209 36 64 128 0.21486
210 36 64 128 0.423634
211 36 64 128 0.441526
212 36 64 128 0.59964
213 36 64 128 0.599414
214 36 64 128 0.632183
215 36 64 128 0.329173
216 36 64 128 0.187066
217 36 64 128 0.0825952
218 36 64 128 0.0844966
219 36 64 128 0.117788
220 36 64 128 0.175707
221 36 64 128 0.138138
222 36 64 128 0.118575
223 36 64 128 0.103661
224 36 64 128 0.101626
225 36 64 128 0.148011
226 36 64 128 0.166061
227 36 64 128 0.121207
228 36 64 128 0.0328974
229 36 64 128 0.0270556
230 36 64 128 0.0148511
231 36 64 128 0.0377603
232 36 64 128 0.0564501
233 36 64 128 0.181511
234 36 64 128 0.191817
235 36 64 128 0.294646
236 36 64 128 0.140894
237 36 64 128 0.29647
238 36 64 128 0.36623
239 36 64 128 0.456558
240 36 64 128 0.204227
241 36 64 128 0.0949562
242 36 64 128 0.0456391
243 36 64 128 0.0220765
244 36 64 128 0.0147448
246 36 64 128 0.010701
247 36 64 128 0.011179
248 36 64 128 0.0106644
249 36 64 128 0.0115469
250 36 64 128 0.0328507
251 36 64 128 0.0312214
252 36 64 128 0.0353961
253 36 64 128 0.0316449
254 36 64 128 0.0764759
255 36 64 128 0.0782363
108 37 64 128 0.0226326
109 37 64 128 0.0202501
110 37 64 128 0.022442
208 37 64 128 0.0262831
209 37 64 128 0.0825561
210 37 64 128 0.16943
211 37 64 128 0.169209
212 37 64 128 0.344156
213 37 64 128 0.343163
214 37 64 128 0.379778
215 37 64 128 0.143695
216 37 64 128 0.0866617
217 37 64 128 0.0383383
218 37 64 128 0.0433319
219 37 64 128 0.0625432
220 37 64 128 0.0910465
221 37 64 128 0.0618501
222 37 64 128 0.0580282
223 37 64 128 0.0471788
224 37 64 128 0.0435685
225 37 64 128 0.0724874
226 37 64 128 0.0769063
227 37 64 128 0.0555261
228 37 64 128 0.0135437
229 37 64 128 0.011958
231 37 64 128 0.0168769
232 37 64 128 0.0285523
233 37 64 128 0.088979
234 37 64 128 0.0902971
235 37 64 128 0.150052
236 37 64 128 0.0679035
237 37 64 128 0.140756
238 37 64 128 0.224996
239 37 64 128 0.313511
240 37 64 128 0.123043
241 37 64 128 0.0533381
242 37 64 128 0.032267
243 37 64 128 0.0158049
244 37 64 128 0.0104713
250 37 64 128 0.0186257
251 37 64 128 0.0141355
252 37 64 128 0.023804
253 37 64 128 0.0175744
254 37 64 128 0.0578045
255 37 64 128 0.0510132
108 38 64 128 0.020046
109 38 64 128 0.0212458
110 38 64 128 0.0207179
208 38 64 128 0.0130098
209 38 64 128 0.0406567
210 38 64 128 0.0845662
211 38 64 128 0.102343
212 38 64 128 0.201453
213 38 64 128 0.208762
214 38 64 128 0.245283
215 38 64 128 0.0776586
216 38 64 128 0.0393542
217 38 64 128 0.0161045
218 38 64 128 0.0190711
219 38 64 128 0.0245433
220 38 64 128 0.0325531
221 38 64 128 0.0260528
222 38 64 128 0.0215524
223 38 64 128 0.0171741
224 38 64 128 0.0144755
225 38 64 128 0.0224655
226 38 64 128 0.0344579
227 38 64 128 0.0244813
231 38 64 128 0.0134586
232 38 64 128 0.0206865
233 38 64 128 0.0715223
234 38 64 128 0.0692647
235 38 64 128 0.138774
236 38 64 128 0.0530999
237 38 64 128 0.165416
238 38 64 128 0.229338
239 38 64 128 0.302502
240 38 64 128 0.114584
241 38 64 128 0.0551814
242 38 64 128 0.0278308
243 38 64 128 0.0130569
250 38 64 128 0.0167751
251 38 64 128 0.0184885
252 38 64 128 0.0279115
253 38 64 128 0.0244626
254 38 64 128 0.0732197
255 38 64 128 0.0791675
108 39 64 128 0.0200437
109 39 64 128 0.0199559
110 39 64 128 0.0196434
210 39 64 128 0.0121503
211 39 64 128 0.0141161
212 39 64 128 0.0366749
213 39 64 128 0.0449252
214 39 64 128 0.0457727
215 39 64 128 0.0140524
220 39 64 128 0.0115337
233 39 64 128 0.0213931
234 39 64 128 0.0209289
235 39 64 128 0.039726
236 39 64 128 0.0212175
237 39 64 128 0.0501068
238 39 64 128 0.0823473
239 39 64 128 0.127916
240 39 64 128 0.0479791
241 39 64 128 0.0275666
242 39 64 128 0.015099
250 39 64 128 0.0154274
251 39 64 128 0.0168203
252 39 64 128 0.0257584
253 39 64 128 0.0243382
254 39 64 128 0.073789
255 39 64 128 0.0807791
108 40 64 128 0.0144744
109 40 64 128 0.0103112
238 40 64 128 0.0115661
239 40 64 128 0.018018
252 40 64 128 0.0154072
253 40 64 128 0.0188519
254 40 64 128 0.0496413
255 40 64 128 0.05821
108 41 64 128 0.01444
252 41 64 128 0.0106433
254 41 64 128 0.0256538
255 41 64 128 0.0250149
107 42 64 128 0.0153895
108 42 64 128 0.016351
109 42 64 128 0.0124973
254 42 64 128 0.0220124
255 42 64 128 0.0289366
106 43 64 128 0.0180595
107 43 64 128 0.0360501
108 43 64 128 0.0376594
109 43 64 128 0.0211089
254 43 64 128 0.016151
255 43 64 128 0.0182031
106 44 64 128 0.0242083
107 44 64 128 0.0470864
108 44 64 128 0.0453492
109 44 64 128 0.0210163
254 44 64 128 0.0171396
255 44 64 128 0.0203681
105 45 64 128 0.0130932
106 45 64 128 0.0578911
107 45 64 128 0.0834312
108 45 64 128 0.0596601
109 45 64 128 0.0268486
105 46 64 128 0.0230282
106 46 64 128 0.0755174
107 46 64 128 0.125533
108 46 64 128 0.0871642
109 46 64 128 0.0483439
110 46 64 128 0.0124848
104 47 64 128 0.0183048
105 47 64 128 0.0646772
106 47 64 128 0.17828
107 47 64 128 0.263278
108 47 64 128 0.161064
109 47 64 128 0.0831234
110 47 64 128 0.0183982
104 48 64 128 0.0234759
105 48 64 128 0.0911008
106 48 64 128 0.169005
107 48 64 128 0.229434
108 48 64 128 0.142562
109 48 64 128 0.088721
110 48 64 128 0.0191025
103 49 64 128 0.0132509
104 49 64 128 0.0347677
105 49 64 128 0.136737
106 49 64 128 0.192371
107 49 64 128 0.211932
108 49 64 128 0.103394
109 49 64 128 0.0744613
110 49 64 128 0.015078
103 50 64 128 0.010343
104 50 64 128 0.0322606
105 50 64 128 0.0989031
106 50 64 128 0.103757
107 50 64 128 0.135475
108 50 64 128 0.0692641
109 50 64 128 0.0441831
103 51 64 128 0.014519
104 51 64 128 0.045828
105 51 64 128 0.122107
106 51 64 128 0.124817
107 51 64 128 0.167622
108 51 64 128 0.0784276
109 51 64 128 0.0408578
134 51 64 128 0.0129558
104 52 64 128 0.0321835
105 52 64 128 0.09111
106 52 64 128 0.0735464
107 52 64 128 0.0846301
108 52 64 128 0.0488865
109 52 64 128 0.0255683
134 52 64 128 0.0164732
104 53 64 128 0.0259711
105 53 64 128 0.0743178
106 53 64 128 0.0518914
107 53 64 128 0.0522207
108 53 64 128 0.029845
109 53 64 128 0.0173123
128 53 64 128 0.0112573
129 53 64 128 0.0123107
132 53 64 128 0.0102554
133 53 64 128 0.0122426
134 53 64 128 0.0226714
104 54 64 128 0.0174884
105 54 64 128 0.0382145
106 54 64 128 0.0249642
107 54 64 128 0.0288892
108 54 64 128 0.022723
109 54 64 128 0.0127706
128 54 64 128 0.0224104
129 54 64 128 0.0239287
130 54 64 128 0.0136718
131 54 64 128 0.012576
132 54 64 128 0.0151548
133 54 64 128 0.0199674
134 54 64 128 0.0274932
135 54 64 128 0.0111781
104 55 64 128 0.0168457
105 55 64 128 0.0366452
106 55 64 128 0.0205062
107 55 64 128 0.0213289
108 55 64 128 0.0199834
109 55 64 128 0.0120687
127 55 64 128 0.0226777
128 55 64 128 0.0504822
129 55 64 128 0.0502833
130 55 64 128 0.0260937
131 55 64 128 0.0238455
132 55 64 128 0.0218895
133 55 64 128 0.028003
134 55 64 128 0.0405983
135 55 64 128 0.0148808
105 56 64 128 0.0206192
106 56 64 128 0.0103777
107 56 64 128 0.0123856
108 56 64 128 0.0126471
109 56 64 128 0.0100188
127 56 64 128 0.028116
128 56 64 128 0.0647864
129 56 64 128 0.0523696
130 56 64 128 0.028416
131 56 64 128 0.0201208
132 56 64 128 0.0224276
133 56 64 128 0.0280156
134 56 64 128 0.0404249
135 56 64 128 0.0126264
127 57 64 128 0.0392637
128 57 64 128 0.0856553
129 57 64 128 0.0614402
130 57 64 128 0.0401212
131 57 64 128 0.0233466
132 57 64 128 0.0269216
133 57 64 128 0.0253143
134 57 64 128 0.0451344
135 57 64 128 0.0117548
4 58 64 128 0.0144555
5 58 64 128 0.0108866
6 58 64 128 0.0102182
127 58 64 128 0.0289927
128 58 64 128 0.0706484
129 58 64 128 0.057773
130 58 64 128 0.0272934
131 58 64 128 0.0160804
132 58 64 128 0.016128
133 58 64 128 0.0195519
134 58 64 128 0.0288545
4 59 64 128 0.0166333
5 59 64 128 0.0104598
127 59 64 128 0.0323822
128 59 64 128 0.0732538
129 59 64 128 0.0679157
130 59 64 128 0.0257976
131 59 64 128 0.0160502
132 59 64 128 0.0143178
133 59 64 128 0.0179781
134 59 64 128 0.0251948
4 60 64 128 0.0214018
5 60 64 128 0.0136584
6 60 64 128 0.0123497
109 60 64 128 0.0101282
127 60 64 128 0.0180606
128 60 64 128 0.0361292
129 60 64 128 0.0280171
130 60 64 128 0.0126055
134 60 64 128 0.0133095
109 61 64 128 0.0128046
110 61 64 128 0.0118053
127 61 64 128 0.0127999
128 61 64 128 0.0248959
129 61 64 128 0.0215725
130 61 64 128 0.0113673
134 61 64 128 0.0113234
244 61 64 128 0.013029
108 62 64 128 0.0108336
109 62 64 128 0.0177941
110 62 64 128 0.022571
128 62 64 128 0.0110798
129 62 64 128 0.0117812
243 62 64 128 0.0212858
244 62 64 128 0.0391624
245 62 64 128 0.0157341
246 62 64 128 0.0217623
108 63 64 128 0.0128001
109 63 64 128 0.0189504
110 63 64 128 0.0236375
129 63 64 128 0.0102869
234 63 64 128 0.0117029
235 63 64 128 0.034568
236 63 64 128 0.0234666
237 63 64 128 0.0315903
238 63 64 128 0.0243713
239 63 64 128 0.0230726
240 63 64 128 0.0131433
241 63 64 128 0.0103353
242 63 64 128 0.0345631
243 63 64 128 0.065388
244 63 64 128 0.0989316
245 63 64 128 0.0428802
246 63 64 128 0.0438538
247 63 64 128 0.0173406
108 64 64 128 0.0104128
109 64 64 128 0.0151183
110 64 64 128 0.0228778
235 64 64 128 0.0189871
236 64 64 128 0.0115995
237 64 64 128 0.0157326
238 64 64 128 0.0123859
239 64 64 128 0.0122149
242 64 64 128 0.0324775
243 64 64 128 0.056369
244 64 64 128 0.109779
245 64 64 128 0.0422836
246 64 64 128 0.0587524
247 64 64 128 0.0196325
248 64 64 128 0.0123412
108 65 64 128 0.0114237
109 65 64 128 0.0164706
110 65 64 128 0.0192319
235 65 64 128 0.0378843
236 65 64 128 0.0198589
237 65 64 128 0.0326926
238 65 64 128 0.0180752
239 65 64 128 0.0204125
240 65 64 128 0.0100435
241 65 64 128 0.0117225
242 65 64 128 0.0374519
243 65 64 128 0.0708392
244 65 64 128 0.0953773
245 65 64 128 0.0461125
246 65 64 128 0.0443445
247 65 64 128 0.0180076
108 66 64 128 0.0104911
109 66 64 128 0.0166387
110 66 64 128 0.0214832
235 66 64 128 0.0104245
242 66 64 128 0.016868
243 66 64 128 0.0340236
244 66 64 128 0.0460926
245 66 64 128 0.0224832
246 66 64 128 0.0253922
247 66 64 128 0.0104937
108 67 64 128 0.0107942
109 67 64 128 0.0143538
110 67 64 128 0.0154097
242 67 64 128 0.0104612
243 67 64 128 0.0200345
244 67 64 128 0.0222542
245 67 64 128 0.0111849
246 67 64 128 0.0103652
109 68 64 128 0.0128999
109 78 64 128 0.0107838
110 78 64 128 0.0131255
109 79 64 128 0.0137176
110 79 64 128 0.0173264
109 80 64 128 0.0163841
110 80 64 128 0.0217642
111 80 64 128 0.0102187
130 80 64 128 0.0132607
109 81 64 128 0.0187163
110 81 64 128 0.0327095
111 81 64 128 0.0236642
112 81 64 128 0.0102291
130 81 64 128 0.0130033
131 81 64 128 0.0104131
134 81 64 128 0.010981
108 82 64 128 0.0105348
109 82 64 128 0.0141697
110 82 64 128 0.0336864
111 82 64 128 0.0194194
112 82 64 128 0.0112855
129 82 64 128 0.0106625
130 82 64 128 0.0149241
131 82 64 128 0.0122275
132 82 64 128 0.010981
134 82 64 128 0.0120366
109 83 64 128 0.0105944
110 83 64 128 0.0228786
111 83 64 128 0.0175389
112 83 64 128 0.0119794
134 83 64 128 0.0110665
110 84 64 128 0.0275744
111 84 64 128 0.0179246
112 84 64 128 0.0107298
114 84 64 128 0.0129627
130 84 64 128 0.0127497
131 84 64 128 0.0114062
132 84 64 128 0.0121918
134 84 64 128 0.013105
109 85 64 128 0.0151768
110 85 64 128 0.0299396
111 85 64 128 0.0263127
112 85 64 128 0.017695
113 85 64 128 0.0158918
114 85 64 128 0.0250792
115 85 64 128 0.0106928
131 85 64 128 0.0105406
134 85 64 128 0.0127843
108 86 64 128 0.0141694
109 86 64 128 0.0177898
110 86 64 128 0.0399485
111 86 64 128 0.0288054
112 86 64 128 0.0258705
113 86 64 128 0.0219945
114 86 64 128 0.0463093
115 86 64 128 0.0179876
129 86 64 128 0.0122129
130 86 64 128 0.0101505
131 86 64 128 0.0100673
133 86 64 128 0.0118341
134 86 64 128 0.0222142
135 86 64 128 0.0137581
108 87 64 128 0.0149709
109 87 64 128 0.0211083
110 87 64 128 0.0399455
111 87 64 128 0.0327478
112 87 64 128 0.0369208
113 87 64 128 0.0330526
114 87 64 128 0.0831844
115 87 64 128 0.0299342
116 87 64 128 0.0185703
132 87 64 128 0.0116609
133 87 64 128 0.0131643
134 87 64 128 0.0229838
135 87 64 128 0.0152561
108 88 64 128 0.0241966
109 88 64 128 0.0361077
110 88 64 128 0.0680399
111 88 64 128 0.0405516
112 88 64 128 0.0466625
113 88 64 128 0.0636742
114 88 64 128 0.162963
115 88 64 128 0.0580877
116 88 64 128 0.0310033
117 88 64 128 0.0179081
118 88 64 128 0.0101909
128 88 64 128 0.0132399
129 88 64 128 0.0135674
130 88 64 128 0.0111434
131 88 64 128 0.0107329
132 88 64 128 0.0121813
133 88 64 128 0.0130845
134 88 64 128 0.0254008
135 88 64 128 0.0167755
78 89 64 128 0.0140825
79 89 64 128 0.01524
108 89 64 128 0.028895
109 89 64 128 0.0529394
110 89 64 128 0.0749583
111 89 64 128 0.0669075
112 89 64 128 0.0832459
113 89 64 128 0.147615
114 89 64 128 0.293369
115 89 64 128 0.110665
116 89 64 128 0.0733707
117 89 64 128 0.045355
118 89 64 128 0.0292986
128 89 64 128 0.014634
129 89 64 128 0.0102177
130 89 64 128 0.0110509
133 89 64 128 0.0114508
134 89 64 128 0.0266185
135 89 64 128 0.0176851
76 90 64 128 0.0104425
77 90 64 128 0.0223363
78 90 64 128 0.0406814
79 90 64 128 0.0354698
80 90 64 128 0.0194109
107 90 64 128 0.013672
108 90 64 128 0.0533195
109 90 64 128 0.08605
110 90 64 128 0.178214
111 90 64 128 0.158824
112 90 64 128 0.207384
113 90 64 128 0.322927
114 90 64 128 0.574495
115 90 64 128 0.32763
116 90 64 128 0.240605
117 90 64 128 0.120309
118 90 64 128 0.0663406
119 90 64 128 0.0111904
127 90 64 128 0.0180518
128 90 64 128 0.0290907
129 90 64 128 0.018446
133 90 64 128 0.0160615
134 90 64 128 0.027431
135 90 64 128 0.0171422
76 91 64 128 0.0251378
77 91 64 128 0.0476424
78 91 64 128 0.0731645
79 91 64 128 0.0570589
80 91 64 128 0.0352423
81 91 64 128 0.0113277
106 91 64 128 0.0109391
107 91 64 128 0.0315639
108 91 64 128 0.107532
109 91 64 128 0.182384
110 91 64 128 0.311116
111 91 64 128 0.317305
112 91 64 128 0.468211
113 91 64 128 0.638592
114 91 64 128 0.834265
115 91 64 128 0.595473
116 91 64 128 0.478109
117 91 64 128 0.238818
118 91 64 128 0.134282
119 91 64 128 0.0165099
127 91 64 128 0.0178565
128 91 64 128 0.0333516
129 91 64 128 0.0147742
130 91 64 128 0.0111109
133 91 64 128 0.0136752
134 91 64 128 0.016461
75 92 64 128 0.0153321
76 92 64 128 0.0387475
77 92 64 128 0.0726365
78 92 64 128 0.132303
79 92 64 128 0.111365
80 92 64 128 0.0644641
81 92 64 128 0.0202201
102 92 64 128 0.0159495
103 92 64 128 0.0295713
104 92 64 128 0.0305253
105 92 64 128 0.0225732
106 92 64 128 0.0430943
107 92 64 128 0.114626
108 92 64 128 0.303312
109 92 64 128 0.458503
110 92 64 128 0.61089
111 92 64 128 0.557947
112 92 64 128 0.650579
113 92 64 128 0.811262
114 92 64 128 0.881884
115 92 64 128 0.686015
116 92 64 128 0.489278
117 92 64 128 0.281097
118 92 64 128 0.131371
119 92 64 128 0.0202565
126 92 64 128 0.0109054
127 92 64 128 0.042889
128 92 64 128 0.073346
129 92 64 128 0.033931
130 92 64 128 0.016152
132 92 64 128 0.0125004
133 92 64 128 0.0184653
134 92 64 128 0.0143872
74 93 64 128 0.0118404
75 93 64 128 0.0337441
76 93 64 128 0.0606611
77 93 64 128 0.16518
78 93 64 128 0.232833
79 93 64 128 0.218699
80 93 64 128 0.115454
81 93 64 128 0.0473804
82 93 64 128 0.0199263
83 93 64 128 0.0166339
95 93 64 128 0.0162269
96 93 64 128 0.0339157
97 93 64 128 0.0478011
98 93 64 128 0.0143292
99 93 64 128 0.0139538
100 93 64 128 0.0120132
101 93 64 128 0.0455016
102 93 64 128 0.0586363
103 93 64 128 0.171994
104 93 64 128 0.162651
105 93 64 128 0.147555
106 93 64 128 0.220256
107 93 64 128 0.486429
108 93 64 128 0.68837
109 93 64 128 0.797698
110 93 64 128 0.859979
111 93 64 128 0.83017
112 93 64 128 0.87427
113 93 64 128 0.929239
114 93 64 128 0.949752
115 93 64 128 0.808574
116 93 64 128 0.62256
117 93 64 128 0.385986
118 93 64 128 0.219029
119 93 64 128 0.0294001
120 93 64 128 0.0167494
126 93 64 128 0.0190111
127 93 64 128 0.066466
128 93 64 128 0.120788
129 93 64 128 0.0456307
130 93 64 128 0.0336442
131 93 64 128 0.0124015
132 93 64 128 0.0209639
133 93 64 128 0.0179422
134 93 64 128 0.0201665
74 94 64 128 0.0167036
75 94 64 128 0.0407872
76 94 64 128 0.0897791
77 94 64 128 0.231491
78 94 64 128 0.368914
79 94 64 128 0.284963
80 94 64 128 0.172021
81 94 64 128 0.0616918
82 94 64 128 0.0322162
83 94 64 128 0.0314484
84 94 64 128 0.0286074
85 94 64 128 0.0167976
94 94 64 128 0.0100733
95 94 64 128 0.0379485
96 94 64 128 0.0734613
97 94 64 128 0.111965
98 94 64 128 0.0397172
99 94 64 128 0.040226
100 94 64 128 0.0362038
101 94 64 128 0.110448
102 94 64 128 0.149993
103 94 64 128 0.287262
104 94 64 128 0.312735
105 94 64 128 0.336287
106 94 64 128 0.461101
107 94 64 128 0.71552
108 94 64 128 0.879778
109 94 64 128 0.92553
110 94 64 128 0.949458
111 94 64 128 0.940939
112 94 64 128 0.957465
113 94 64 128 0.969487
114 94 64 128 0.968873
115 94 64 128 0.894348
116 94 64 128 0.726865
117 94 64 128 0.477113
118 94 64 128 0.237082
119 94 64 128 0.0465352
120 94 64 128 0.0236323
126 94 64 128 0.0329771
127 94 64 128 0.123193
128 94 64 128 0.235468
129 94 64 128 0.118231
130 94 64 128 0.0465569
131 94 64 128 0.0224186
132 94 64 128 0.0267929
133 94 64 128 0.0286752
134 94 64 128 0.0203818
74 95 64 128 0.0198394
75 95 64 128 0.040931
76 95 64 128 0.106797
77 95 64 128 0.232801
78 95 64 128 0.304717
79 95 64 128 0.252307
80 95 64 128 0.159823
81 95 64 128 0.0564145
82 95 64 128 0.0363539
83 95 64 128 0.0427024
84 95 64 128 0.0474849
85 95 64 128 0.0307412
86 95 64 128 0.0182869
87 95 64 128 0.0164955
88 95 64 128 0.0165772
89 95 64 128 0.0192239
90 95 64 128 0.0128609
93 95 64 128 0.0172863
94 95 64 128 0.0477914
95 95 64 128 0.112983
96 95 64 128 0.231407
97 95 64 128 0.330553
98 95 64 128 0.167146
99 95 64 128 0.131615
100 95 64 128 0.135777
101 95 64 128 0.332138
102 95 64 128 0.41013
103 95 64 128 0.511313
104 95 64 128 0.580289
105 95 64 128 0.685255
106 95 64 128 0.793785
107 95 64 128 0.896213
108 95 64 128 0.961867
109 95 64 128 0.980777
110 95 64 128 0.989358
111 95 64 128 0.987961
112 95 64 128 0.992409
113 95 64 128 0.994635
114 95 64 128 0.994895
115 95 64 128 0.967814
116 95 64 128 0.892191
117 95 64 128 0.673718
118 95 64 128 0.444223
119 95 64 128 0.098263
120 95 64 128 0.0451017
121 95 64 128 0.0151135
126 95 64 128 0.0718835
127 95 64 128 0.18609
128 95 64 128 0.383878
129 95 64 128 0.184376
130 95 64 128 0.107599
131 95 64 128 0.0310193
132 95 64 128 0.0486748
133 95 64 128 0.0386049
134 95 64 128 0.029479
166 95 64 128 0.0124054
73 96 64 128 0.0104861
74 96 64 128 0.0181617
75 96 64 128 0.0284581
76 96 64 128 0.0570289
77 96 64 128 0.122138
78 96 64 128 0.173832
79 96 64 128 0.124924
80 96 64 128 0.0663183
81 96 64 128 0.0288292
82 96 64 128 0.0223438
83 96 64 128 0.0302935
84 96 64 128 0.0400505
85 96 64 128 0.0343464
86 96 64 128 0.0263986
87 96 64 128 0.0331146
88 96 64 128 0.038093
89 96 64 128 0.041461
90 96 64 128 0.0309555
91 96 64 128 0.0165665
92 96 64 128 0.0174289
93 96 64 128 0.0329454
94 96 64 128 0.112629
95 96 64 128 0.270557
96 96 64 128 0.507178
97 96 64 128 0.597517
98 96 64 128 0.395269
99 96 64 128 0.287548
100 96 64 128 0.30762
101 96 64 128 0.535425
102 96 64 128 0.637981
103 96 64 128 0.633693
104 96 64 128 0.681184
105 96 64 128 0.788734
106 96 64 128 0.881908
107 96 64 128 0.937892
108 96 64 128 0.977194
109 96 64 128 0.991966
110 96 64 128 0.99556
111 96 64 128 0.995366
112 96 64 128 0.995761
113 96 64 128 0.996984
114 96 64 128 0.995616
115 96 64 128 0.973175
116 96 64 128 0.897206
117 96 64 128 0.742139
118 96 64 128 0.527871
119 96 64 128 0.188749
120 96 64 128 0.0922575
121 96 64 128 0.0279221
122 96 64 128 0.0125785
125 96 64 128 0.0163326
126 96 64 128 0.158295
127 96 64 128 0.42251
128 96 64 128 0.612877
129 96 64 128 0.418813
130 96 64 128 0.218295
131 96 64 128 0.0960149
132 96 64 128 0.101862
133 96 64 128 0.0976533
134 96 64 128 0.0611274
135 96 64 128 0.0196515
165 96 64 128 0.0116944
166 96 64 128 0.0169242
73 97 64 128 0.0142194
74 97 64 128 0.0227337
75 97 64 128 0.0317204
76 97 64 128 0.0457217
77 97 64 128 0.0791677
78 97 64 128 0.0840314
79 97 64 128 0.0594267
80 97 64 128 0.0296311
81 97 64 128 0.0127145
83 97 64 128 0.0144794
84 97 64 128 0.0212571
85 97 64 128 0.0225887
86 97 64 128 0.0277857
87 97 64 128 0.047398
88 97 64 128 0.0759652
89 97 64 128 0.0922674
90 97 64 128 0.0971282
91 97 64 128 0.0725303
92 97 64 128 0.0773932
93 97 64 128 0.142255
94 97 64 128 0.320392
95 97 64 128 0.609403
96 97 64 128 0.78258
97 97 64 128 0.859775
98 97 64 128 0.701236
99 97 64 128 0.671829
100 97 64 128 0.637988
101 97 64 128 0.812362
102 97 64 128 0.799212
103 97 64 128 0.829345
104 97 64 128 0.846519
105 97 64 128 0.920877
106 97 64 128 0.958635
107 97 64 128 0.980841
108 97 64 128 0.993397
109 97 64 128 0.997126
110 97 64 128 0.998617
111 97 64 128 0.998561
112 97 64 128 0.998684
113 97 64 128 0.998816
114 97 64 128 0.998601
115 97 64 128 0.991535
116 97 64 128 0.968324
117 97 64 128 0.901752
118 97 64 128 0.832871
119 97 64 128 0.486616
120 97 64 128 0.354243
121 97 64 128 0.111751
122 97 64 128 0.0503229
123 97 64 128 0.0176168
124 97 64 128 0.0233038
125 97 64 128 0.0492893
126 97 64 128 0.345119
127 97 64 128 0.634761
128 97 64 128 0.825822
129 97 64 128 0.625508
130 97 64 128 0.469712
131 97 64 128 0.190733
132 97 64 128 0.239823
133 97 64 128 0.164432
134 97 64 128 0.131661
135 97 64 128 0.0280421
165 97 64 128 0.0113738
166 97 64 128 0.0174175
167 97 64 128 0.0105636
73 98 64 128 0.0121141
74 98 64 128 0.0157098
75 98 64 128 0.0173332
76 98 64 128 0.0186722
77 98 64 128 0.0298049
78 98 64 128 0.0259857
79 98 64 128 0.0174412
86 98 64 128 0.0103251
87 98 64 128 0.0239624
88 98 64 128 0.0535559
89 98 64 128 0.0796826
90 98 64 128 0.0901932
91 98 64 128 0.0732006
92 98 64 128 0.073399
93 98 64 128 0.12783
94 98 64 128 0.29266
95 98 64 128 0.627322
96 98 64 128 0.754813
97 98 64 128 0.869639
98 98 64 128 0.706228
99 98 64 128 0.665227
100 98 64 128 0.596213
101 98 64 128 0.748866
102 98 64 128 0.706344
103 98 64 128 0.763022
104 98 64 128 0.745036
105 98 64 128 0.844635
106 98 64 128 0.924627
107 98 64 128 0.968451
108 98 64 128 0.990176
109 98 64 128 0.996163
110 98 64 128 0.998091
111 98 64 128 0.99863
112 98 64 128 0.998641
113 98 64 128 0.998915
114 98 64 128 0.998391
115 98 64 128 0.994227
116 98 64 128 0.981666
117 98 64 128 0.952735
118 98 64 128 0.909835
119 98 64 128 0.789141
120 98 64 128 0.657992
121 98 64 128 0.324709
122 98 64 128 0.168456
123 98 64 128 0.0733603
124 98 64 128 0.0697846
125 98 64 128 0.116183
126 98 64 128 0.613975
127 98 64 128 0.859912
128 98 64 128 0.944577
129 98 64 128 0.787939
130 98 64 128 0.610653
131 98 64 128 0.310546
132 98 64 128 0.296796
133 98 64 128 0.201051
134 98 64 128 0.152877
135 98 64 128 0.0360818
165 98 64 128 0.0115969
166 98 64 128 0.0168489
167 98 64 128 0.0116918
72 99 64 128 0.0126686
73 99 64 128 0.0222949
74 99 64 128 0.0253296
75 99 64 128 0.0211132
76 99 64 128 0.0191718
77 99 64 128 0.0170863
78 99 64 128 0.0162693
79 99 64 128 0.0109051
86 99 64 128 0.0101044
87 99 64 128 0.0288468
88 99 64 128 0.0771067
89 99 64 128 0.12762
90 99 64 128 0.132156
91 99 64 128 0.113004
92 99 64 128 0.116504
93 99 64 128 0.2047
94 99 64 128 0.410838
95 99 64 128 0.731497
96 99 64 128 0.842348
97 99 64 128 0.917828
98 99 64 128 0.796864
99 99 64 128 0.680086
100 99 64 128 0.605721
101 99 64 128 0.753369
102 99 64 128 0.718476
103 99 64 128 0.714474
104 99 64 128 0.706644
105 99 64 128 0.835141
106 99 64 128 0.929814
107 99 64 128 0.971135
108 99 64 128 0.991729
109 99 64 128 0.996827
110 99 64 128 0.99907
111 99 64 128 0.999473
112 99 64 128 0.999594
113 99 64 128 0.999666
114 99 64 128 0.999622
115 99 64 128 0.998685
116 99 64 128 0.995667
117 99 64 128 0.985627
118 99 64 128 0.979978
119 99 64 128 0.948068
120 99 64 128 0.916616
121 99 64 128 0.761924
122 99 64 128 0.499907
123 99 64 128 0.240535
124 99 64 128 0.176129
125 99 64 128 0.293714
126 99 64 128 0.799702
127 99 64 128 0.931205
128 99 64 128 0.966488
129 99 64 128 0.872816
130 99 64 128 0.733827
131 99 64 128 0.32354
132 99 64 128 0.303394
133 99 64 128 0.176711
134 99 64 128 0.137811
135 99 64 128 0.0200178
166 99 64 128 0.0101952
200 99 64 128 0.0106879
71 100 64 128 0.0166206
72 100 64 128 0.0238667
73 100 64 128 0.0565902
74 100 64 128 0.0400214
75 100 64 128 0.0262741
76 100 64 128 0.0162233
77 100 64 128 0.0147921
78 100 64 128 0.0146054
87 100 64 128 0.0242191
88 100 64 128 0.063195
89 100 64 128 0.120435
90 100 64 128 0.122637
91 100 64 128 0.126915
92 100 64 128 0.112933
93 100 64 128 0.191107
94 100 64 128 0.366433
95 100 64 128 0.76878
96 100 64 128 0.877269
97 100 64 128 0.915923
98 100 64 128 0.804467
99 100 64 128 0.744052
100 100 64 128 0.59926
101 100 64 128 0.680989
102 100 64 128 0.610869
103 100 64 128 0.586449
104 100 64 128 0.586176
105 100 64 128 0.718997
106 100 64 128 0.860519
107 100 64 128 0.94355
108 100 64 128 0.979531
109 100 64 128 0.995009
110 100 64 128 0.998386
111 100 64 128 0.999442
112 100 64 128 0.999498
113 100 64 128 0.999678
114 100 64 128 0.999715
115 100 64 128 0.999289
116 100 64 128 0.99731
117 100 64 128 0.993335
118 100 64 128 0.990918
119 100 64 128 0.983077
120 100 64 128 0.967192
121 100 64 128 0.906785
122 100 64 128 0.792763
123 100 64 128 0.4795
124 100 64 128 0.365689
125 100 64 128 0.447936
126 100 64 128 0.91408
127 100 64 128 0.969802
128 100 64 128 0.984656
129 100 64 128 0.916579
130 100 64 128 0.779691
131 100 64 128 0.41539
132 100 64 128 0.350987
133 100 64 128 0.266243
134 100 64 128 0.162285
135 100 64 128 0.0353961
166 100 64 128 0.0124988
200 100 64 128 0.0129316
201 100 64 128 0.0126848
202 100 64 128 0.0112612
70 101 64 128 0.0128469
71 101 64 128 0.0427026
72 101 64 128 0.0819701
73 101 64 128 0.154776
74 101 64 128 0.128772
75 101 64 128 0.062722
76 101 64 128 0.0363228
77 101 64 128 0.0250842
78 101 64 128 0.0232804
79 101 64 128 0.0118556
87 101 64 128 0.0269312
88 101 64 128 0.0805025
89 101 64 128 0.127336
90 101 64 128 0.145908
91 101 64 128 0.187457
92 101 64 128 0.166691
93 101 64 128 0.276532
94 101 64 128 0.509984
95 101 64 128 0.862431
96 101 64 128 0.926798
97 101 64 128 0.94513
98 101 64 128 0.871028
99 101 64 128 0.860197
100 101 64 128 0.732213
101 101 64 128 0.707411
102 101 64 128 0.601821
103 101 64 128 0.600002
104 101 64 128 0.499002
105 101 64 128 0.634805
106 101 64 128 0.811919
107 101 64 128 0.938439
108 101 64 128 0.978679
109 101 64 128 0.994469
110 101 64 128 0.998383
111 101 64 128 0.999524
112 101 64 128 0.999652
113 101 64 128 0.999842
114 101 64 128 0.999857
115 101 64 128 0.999775
116 101 64 128 0.998909
117 101 64 128 0.997654
118 101 64 128 0.997449
119 101 64 128 0.995667
120 101 64 128 0.991077
121 101 64 128 0.97429
122 101 64 128 0.939509
123 101 64 128 0.747235
124 101 64 128 0.595952
125 101 64 128 0.653293
126 101 64 128 0.949095
127 101 64 128 0.979416
128 101 64 128 0.987913
129 101 64 128 0.925287
130 101 64 128 0.782097
131 101 64 128 0.414555
132 101 64 128 0.417873
133 101 64 128 0.334295
134 101 64 128 0.1846
135 101 64 128 0.0471783
136 101 64 128 0.0160761
166 101 64 128 0.0110842
167 101 64 128 0.0108318
200 101 64 128 0.018348
201 101 64 128 0.0183632
202 101 64 128 0.0200502
203 101 64 128 0.0103188
69 102 64 128 0.011181
70 102 64 128 0.0290518
71 102 64 128 0.0785788
72 102 64 128 0.168009
73 102 64 128 0.262981
74 102 64 128 0.164047
75 102 64 128 0.0720899
76 102 64 128 0.039829
77 102 64 128 0.0365846
78 102 64 128 0.0238212
79 102 64 128 0.0150272
87 102 64 128 0.028489
88 102 64 128 0.0846074
89 102 64 128 0.139002
90 102 64 128 0.142022
91 102 64 128 0.176169
92 102 64 128 0.131677
93 102 64 128 0.277229
94 102 64 128 0.477185
95 102 64 128 0.840687
96 102 64 128 0.889147
97 102 64 128 0.927276
98 102 64 128 0.762118
99 102 64 128 0.762208
100 102 64 128 0.536226
101 102 64 128 0.479081
102 102 64 128 0.252874
103 102 64 128 0.237216
104 102 64 128 0.217304
105 102 64 128 0.277883
106 102 64 128 0.495061
107 102 64 128 0.767488
108 102 64 128 0.904824
109 102 64 128 0.978318
110 102 64 128 0.994383
111 102 64 128 0.998967
112 102 64 128 0.999441
113 102 64 128 0.999762
114 102 64 128 0.999779
115 102 64 128 0.999732
116 102 64 128 0.999076
117 102 64 128 0.998701
118 102 64 128 0.998711
119 102 64 128 0.998408
120 102 64 128 0.996879
121 102 64 128 0.990218
122 102 64 128 0.976901
123 102 64 128 0.901259
124 102 64 128 0.782967
125 102 64 128 0.80613
126 102 64 128 0.97001
127 102 64 128 0.987116
128 102 64 128 0.990813
129 102 64 128 0.932551
130 102 64 128 0.760959
131 102 64 128 0.433415
132 102 64 128 0.364037
133 102 64 128 0.273435
134 102 64 128 0.173392
135 102 64 128 0.0585309
136 102 64 128 0.019156
164 102 64 128 0.0131919
165 102 64 128 0.0221184
166 102 64 128 0.0173951
167 102 64 128 0.0166688
200 102 64 128 0.0213859
201 102 64 128 0.0217305
202 102 64 128 0.0266402
203 102 64 128 0.014992
69 103 64 128 0.0111214
70 103 64 128 0.0373707
71 103 64 128 0.124134
72 103 64 128 0.234983
73 103 64 128 0.319263
74 103 64 128 0.211633
75 103 64 128 0.0992501
76 103 64 128 0.0648566
77 103 64 128 0.0417126
78 103 64 128 0.0341507
79 103 64 128 0.0218464
80 103 64 128 0.0113376
84 103 64 128 0.012482
85 103 64 128 0.0120582
86 103 64 128 0.0190054
87 103 64 128 0.0671955
88 103 64 128 0.173881
89 103 64 128 0.208787
90 103 64 128 0.235172
91 103 64 128 0.233215
92 103 64 128 0.193126
93 103 64 128 0.279414
94 103 64 128 0.544283
95 103 64 128 0.875478
96 103 64 128 0.895964
97 103 64 128 0.918157
98 103 64 128 0.771722
99 103 64 128 0.686606
100 103 64 128 0.499704
101 103 64 128 0.355594
102 103 64 128 0.213381
103 103 64 128 0.152503
104 103 64 128 0.133494
105 103 64 128 0.18359
106 103 64 128 0.379665
107 103 64 128 0.596626
108 103 64 128 0.831768
109 103 64 128 0.961165
110 103 64 128 0.993203
111 103 64 128 0.99854
112 103 64 128 0.999554
113 103 64 128 0.999808
114 103 64 128 0.999847
115 103 64 128 0.999813
116 103 64 128 0.999633
117 103 64 128 0.999401
118 103 64 128 0.999526
119 103 64 128 0.999204
120 103 64 128 0.998836
121 103 64 128 0.996306
122 103 64 128 0.988049
123 103 64 128 0.9399
124 103 64 128 0.839643
125 103 64 128 0.857675
126 103 64 128 0.973015
127 103 64 128 0.988486
128 103 64 128 0.988515
129 103 64 128 0.927449
130 103 64 128 0.75416
131 103 64 128 0.378197
132 103 64 128 0.31841
133 103 64 128 0.222386
134 103 64 128 0.199941
135 103 64 128 0.0864795
136 103 64 128 0.0390775
137 103 64 128 0.0172643
164 103 64 128 0.012584
165 103 64 128 0.0164671
166 103 64 128 0.0133928
167 103 64 128 0.0120187
199 103 64 128 0.013322
200 103 64 128 0.0332528
201 103 64 128 0.0387452
202 103 64 128 0.0478966
203 103 64 128 0.0283356
254 103 64 128 0.0102272
255 103 64 128 0.011663
69 104 64 128 0.012319
70 104 64 128 0.0400405
71 104 64 128 0.146377
72 104 64 128 0.234946
73 104 64 128 0.38183
74 104 64 128 0.2687
75 104 64 128 0.143522
76 104 64 128 0.0736189
77 104 64 128 0.0670489
78 104 64 128 0.0528234
79 104 64 128 0.0333227
80 104 64 128 0.0162803
83 104 64 128 0.0131599
84 104 64 128 0.0153891
85 104 64 128 0.021686
86 104 64 128 0.0248985
87 104 64 128 0.0892931
88 104 64 128 0.180903
89 104 64 128 0.261485
90 104 64 128 0.272027
91 104 64 128 0.317567
92 104 64 128 0.221461
93 104 64 128 0.330161
94 104 64 128 0.598536
95 104 64 128 0.899093
96 104 64 128 0.906474
97 104 64 128 0.913429
98 104 64 128 0.714814
99 104 64 128 0.656093
100 104 64 128 0.388652
101 104 64 128 0.325895
102 104 64 128 0.128522
103 104 64 128 0.0866528
104 104 64 128 0.0690371
105 104 64 128 0.0786892
106 104 64 128 0.142942
107 104 64 128 0.27835
108 104 64 128 0.50207
109 104 64 128 0.857098
110 104 64 128 0.972021
111 104 64 128 0.996727
112 104 64 128 0.998638
113 104 64 128 0.999536
114 104 64 128 0.999709
115 104 64 128 0.999717
116 104 64 128 0.999481
117 104 64 128 0.999392
118 104 64 128 0.999515
119 104 64 128 0.999501
120 104 64 128 0.999206
121 104 64 128 0.997772
122 104 64 128 0.989826
123 104 64 128 0.950482
124 104 64 128 0.882308
125 104 64 128 0.892043
126 104 64 128 0.97893
127 104 64 128 0.989892
128 104 64 128 0.990911
129 104 64 128 0.943043
130 104 64 128 0.757484
131 104 64 128 0.447857
132 104 64 128 0.337403
133 104 64 128 0.297232
134 104 64 128 0.265821
135 104 64 128 0.169905
136 104 64 128 0.0871784
137 104 64 128 0.0359064
138 104 64 128 0.0194147
163 104 64 128 0.0156333
164 104 64 128 0.0335623
165 104 64 128 0.0429267
166 104 64 128 0.026599
167 104 64 128 0.0202666
168 104 64 128 0.0127717
199 104 64 128 0.0140584
200 104 64 128 0.0400447
201 104 64 128 0.0538916
202 104 64 128 0.0648426
203 104 64 128 0.0443128
204 104 64 128 0.0156427
250 104 64 128 0.0106284
252 104 64 128 0.0113803
253 104 64 128 0.0121247
254 104 64 128 0.0155946
255 104 64 128 0.0183688
70 105 64 128 0.0376885
71 105 64 128 0.128114
72 105 64 128 0.190405
73 105 64 128 0.316715
74 105 64 128 0.222798
75 105 64 128 0.143587
76 105 64 128 0.0856429
77 105 64 128 0.0717692
78 105 64 128 0.0498568
79 105 64 128 0.0439533
80 105 64 128 0.0245742
81 105 64 128 0.0138507
82 105 64 128 0.0131364
83 105 64 128 0.0237885
84 105 64 128 0.0308558
85 105 64 128 0.0308588
86 105 64 128 0.033861
87 105 64 128 0.100056
88 105 64 128 0.155535
89 105 64 128 0.225528
90 105 64 128 0.239178
91 105 64 128 0.286342
92 105 64 128 0.164352
93 105 64 128 0.221828
94 105 64 128 0.48293
95 105 64 128 0.873004
96 105 64 128 0.892007
97 105 64 128 0.896824
98 105 64 128 0.700716
99 105 64 128 0.685587
100 105 64 128 0.433093
101 105 64 128 0.311272
102 105 64 128 0.125954
103 105 64 128 0.100724
104 105 64 128 0.0487341
105 105 64 128 0.0427803
106 105 64 128 0.0665519
107 105 64 128 0.156013
108 105 64 128 0.309512
109 105 64 128 0.652483
110 105 64 128 0.912482
111 105 64 128 0.990547
112 105 64 128 0.996407
113 105 64 128 0.999121
114 105 64 128 0.999454
115 105 64 128 0.999574
116 105 64 128 0.999367
117 105 64 128 0.99929
118 105 64 128 0.999627
119 105 64 128 0.999702
120 105 64 128 0.999539
121 105 64 128 0.99882
122 105 64 128 0.995537
123 105 64 128 0.975313
124 105 64 128 0.923116
125 105 64 128 0.919298
126 105 64 128 0.978247
127 105 64 128 0.99042
128 105 64 128 0.987241
129 105 64 128 0.923078
130 105 64 128 0.73463
131 105 64 128 0.431217
132 105 64 128 0.313668
133 105 64 128 0.346179
134 105 64 128 0.276582
135 105 64 128 0.241855
136 105 64 128 0.141465
137 105 64 128 0.0816183
138 105 64 128 0.0304797
139 105 64 128 0.0175564
143 105 64 128 0.0153025
163 105 64 128 0.0104483
164 105 64 128 0.0144222
165 105 64 128 0.0230179
166 105 64 128 0.0143922
167 105 64 128 0.0128737
199 105 64 128 0.0100237
200 105 64 128 0.0342758
201 105 64 128 0.0494443
202 105 64 128 0.0815927
203 105 64 128 0.0501033
204 105 64 128 0.0168059
246 105 64 128 0.0105568
247 105 64 128 0.0122451
248 105 64 128 0.0151165
249 105 64 128 0.0189591
250 105 64 128 0.0198923
251 105 64 128 0.0191575
252 105 64 128 0.0205242
253 105 64 128 0.0231236
254 105 64 128 0.0282483
255 105 64 128 0.0313548
69 106 64 128 0.0179261
70 106 64 128 0.0585201
71 106 64 128 0.175692
72 106 64 128 0.29178
73 106 64 128 0.399307
74 106 64 128 0.269139
75 106 64 128 0.157077
76 106 64 128 0.0871786
77 106 64 128 0.078479
78 106 64 128 0.0482254
79 106 64 128 0.0375495
80 106 64 128 0.0203661
81 106 64 128 0.0143254
82 106 64 128 0.0125823
83 106 64 128 0.0242019
84 106 64 128 0.027255
85 106 64 128 0.0317224
86 106 64 128 0.0232695
87 106 64 128 0.0686756
88 106 64 128 0.122304
89 106 64 128 0.18184
90 106 64 128 0.172857
91 106 64 128 0.177953
92 106 64 128 0.101039
93 106 64 128 0.170778
94 106 64 128 0.326521
95 106 64 128 0.780454
96 106 64 128 0.812173
97 106 64 128 0.845148
98 106 64 128 0.562662
99 106 64 128 0.519505
100 106 64 128 0.29905
101 106 64 128 0.206691
102 106 64 128 0.0577547
103 106 64 128 0.0300678
104 106 64 128 0.0153674
105 106 64 128 0.0117412
106 106 64 128 0.0186975
107 106 64 128 0.0336216
108 106 64 128 0.0701024
109 106 64 128 0.196833
110 106 64 128 0.599447
111 106 64 128 0.934859
112 106 64 128 0.980353
113 106 64 128 0.994528
114 106 64 128 0.997172
115 106 64 128 0.998591
116 106 64 128 0.998044
117 106 64 128 0.998563
118 106 64 128 0.999252
119 106 64 128 0.999608
120 106 64 128 0.999495
121 106 64 128 0.998822
122 106 64 128 0.996186
123 106 64 128 0.98587
124 106 64 128 0.954573
125 106 64 128 0.938452
126 106 64 128 0.978614
127 106 64 128 0.990374
128 106 64 128 0.987704
129 106 64 128 0.925533
130 106 64 128 0.700814
131 106 64 128 0.376407
132 106 64 128 0.301328
133 106 64 128 0.288254
134 106 64 128 0.291021
135 106 64 128 0.255845
136 106 64 128 0.21042
137 106 64 128 0.120121
138 106 64 128 0.0637224
139 106 64 128 0.0297507
140 106 64 128 0.0130089
141 106 64 128 0.0152062
142 106 64 128 0.0182758
143 106 64 128 0.0311169
145 106 64 128 0.0127528
146 106 64 128 0.0101195
147 106 64 128 0.0291983
148 106 64 128 0.0198864
149 106 64 128 0.0211125
150 106 64 128 0.0109751
162 106 64 128 0.0103791
163 106 64 128 0.0134228
164 106 64 128 0.0150556
165 106 64 128 0.0265424
166 106 64 128 0.0132559
167 106 64 128 0.0116816
200 106 64 128 0.0327496
201 106 64 128 0.0620425
202 106 64 128 0.104802
203 106 64 128 0.0716339
204 106 64 128 0.0229615
246 106 64 128 0.0105638
247 106 64 128 0.0132173
248 106 64 128 0.016824
249 106 64 128 0.0193677
250 106 64 128 0.0230083
251 106 64 128 0.0209087
252 106 64 128 0.0225215
253 106 64 128 0.023767
254 106 64 128 0.0312435
255 106 64 128 0.0347246
69 107 64 128 0.0118615
70 107 64 128 0.0372228
71 107 64 128 0.122002
72 107 64 128 0.190692
73 107 64 128 0.261326
74 107 64 128 0.157048
75 107 64 128 0.0956553
76 107 64 128 0.0508329
77 107 64 128 0.041977
78 107 64 128 0.0306934
79 107 64 128 0.0291564
80 107 64 128 0.0210233
81 107 64 128 0.0123047
82 107 64 128 0.0159777
83 107 64 128 0.0302098
84 107 64 128 0.0349794
85 107 64 128 0.0285105
86 107 64 128 0.0242344
87 107 64 128 0.049499
88 107 64 128 0.0777009
89 107 64 128 0.0761829
90 107 64 128 0.0710923
91 107 64 128 0.0639897
92 107 64 128 0.0371134
93 107 64 128 0.0563068
94 107 64 128 0.157361
95 107 64 128 0.562128
96 107 64 128 0.639945
97 107 64 128 0.720689
98 107 64 128 0.562001
99 107 64 128 0.464006
100 107 64 128 0.295948
101 107 64 128 0.135883
102 107 64 128 0.0500206
103 107 64 128 0.0227982
104 107 64 128 0.0120557
106 107 64 128 0.0115094
107 107 64 128 0.019451
108 107 64 128 0.0365627
109 107 64 128 0.0967266
110 107 64 128 0.329374
111 107 64 128 0.771227
112 107 64 128 0.949113
113 107 64 128 0.984778
114 107 64 128 0.994425
115 107 64 128 0.997075
116 107 64 128 0.997847
117 107 64 128 0.998338
118 107 64 128 0.99937
119 107 64 128 0.999574
120 107 64 128 0.999625
121 107 64 128 0.99907
122 107 64 128 0.997594
123 107 64 128 0.990927
124 107 64 128 0.972505
125 107 64 128 0.948021
126 107 64 128 0.981616
127 107 64 128 0.989223
128 107 64 128 0.984609
129 107 64 128 0.916941
130 107 64 128 0.658413
131 107 64 128 0.382588
132 107 64 128 0.31065
133 107 64 128 0.307998
134 107 64 128 0.280411
135 107 64 128 0.274503
136 107 64 128 0.229086
137 107 64 128 0.202821
138 107 64 128 0.122127
139 107 64 128 0.0691642
140 107 64 128 0.0245712
141 107 64 128 0.0352106
142 107 64 128 0.035932
143 107 64 128 0.059769
144 107 64 128 0.024772
145 107 64 128 0.0490969
146 107 64 128 0.0359256
147 107 64 128 0.117334
148 107 64 128 0.0692246
149 107 64 128 0.0654788
150 107 64 128 0.0352153
151 107 64 128 0.0287281
152 107 64 128 0.0232074
153 107 64 128 0.0233261
154 107 64 128 0.0126405
200 107 64 128 0.026087
201 107 64 128 0.0615997
202 107 64 128 0.110681
203 107 64 128 0.0767265
204 107 64 128 0.0278835
205 107 64 128 0.0103284
247 107 64 128 0.0117516
248 107 64 128 0.0153251
249 107 64 128 0.0181354
250 107 64 128 0.0192498
251 107 64 128 0.0188199
252 107 64 128 0.0178212
253 107 64 128 0.0222257
254 107 64 128 0.0276661
255 107 64 128 0.0365333
17 108 64 128 0.0109595
18 108 64 128 0.0147735
19 108 64 128 0.0144933
20 108 64 128 0.0138152
70 108 64 128 0.0340439
71 108 64 128 0.0862421
72 108 64 128 0.134148
73 108 64 128 0.191901
74 108 64 128 0.119422
75 108 64 128 0.0581657
76 108 64 128 0.0322637
77 108 64 128 0.0341904
78 108 64 128 0.0285489
79 108 64 128 0.0237111
80 108 64 128 0.0159347
81 108 64 128 0.0188106
82 108 64 128 0.0173806
83 108 64 128 0.0322018
84 108 64 128 0.0265993
85 108 64 128 0.030963
86 108 64 128 0.0160638
87 108 64 128 0.0295909
88 108 64 128 0.0335951
89 108 64 128 0.0452825
90 108 64 128 0.0382085
91 108 64 128 0.0442987
92 108 64 128 0.0269493
93 108 64 128 0.0515673
94 108 64 128 0.114727
95 108 64 128 0.501331
96 108 64 128 0.589975
97 108 64 128 0.680944
98 108 64 128 0.451741
99 108 64 128 0.425772
100 108 64 128 0.281496
101 108 64 128 0.171316
102 108 64 128 0.0366378
103 108 64 128 0.0158076
109 108 64 128 0.0245498
110 108 64 128 0.0851916
111 108 64 128 0.382433
112 108 64 128 0.761185
113 108 64 128 0.914525
114 108 64 128 0.973484
115 108 64 128 0.987949
116 108 64 128 0.994065
117 108 64 128 0.996543
118 108 64 128 0.998708
119 108 64 128 0.999392
120 108 64 128 0.999575
121 108 64 128 0.999035
122 108 64 128 0.997096
123 108 64 128 0.991161
124 108 64 128 0.978699
125 108 64 128 0.964702
126 108 64 128 0.979969
127 108 64 128 0.990126
128 108 64 128 0.984291
129 108 64 128 0.928599
130 108 64 128 0.697396
131 108 64 128 0.539891
132 108 64 128 0.448538
133 108 64 128 0.441769
134 108 64 128 0.336104
135 108 64 128 0.283463
136 108 64 128 0.295885
137 108 64 128 0.279219
138 108 64 128 0.155692
139 108 64 128 0.0774748
140 108 64 128 0.0369747
141 108 64 128 0.0378612
142 108 64 128 0.0585562
143 108 64 128 0.0918505
144 108 64 128 0.0782955
145 108 64 128 0.110594
146 108 64 128 0.106398
147 108 64 128 0.265733
148 108 64 128 0.199325
149 108 64 128 0.20132
150 108 64 128 0.109366
151 108 64 128 0.107047
152 108 64 128 0.0767411
153 108 64 128 0.0753708
154 108 64 128 0.0448249
155 108 64 128 0.0276644
156 108 64 128 0.0128736
157 108 64 128 0.0148668
158 108 64 128 0.0108964
159 108 64 128 0.0102034
200 108 64 128 0.0281389
201 108 64 128 0.0905906
202 108 64 128 0.169816
203 108 64 128 0.142502
204 108 64 128 0.0514677
205 108 64 128 0.025781
206 108 64 128 0.0136723
207 108 64 128 0.0152939
208 108 64 128 0.0204631
209 108 64 128 0.0285446
210 108 64 128 0.0123994
249 108 64 128 0.0118255
250 108 64 128 0.0121572
251 108 64 128 0.0141851
252 108 64 128 0.017292
253 108 64 128 0.0208172
254 108 64 128 0.027985
255 108 64 128 0.0390653
4 109 64 128 0.0107162
5 109 64 128 0.0106677
16 109 64 128 0.0148729
17 109 64 128 0.0201837
18 109 64 128 0.0231997
19 109 64 128 0.027653
20 109 64 128 0.0255358
21 109 64 128 0.0208629
22 109 64 128 0.0151444
23 109 64 128 0.012946
34 109 64 128 0.0107749
35 109 64 128 0.0102088
70 109 64 128 0.0278173
71 109 64 128 0.0721658
72 109 64 128 0.0823789
73 109 64 128 0.103012
74 109 64 128 0.0508232
75 109 64 128 0.032252
76 109 64 128 0.0158526
77 109 64 128 0.0154937
83 109 64 128 0.0129832
84 109 64 128 0.0118803
88 109 64 128 0.0100591
89 109 64 128 0.0114785
90 109 64 128 0.011873
91 109 64 128 0.0155016
92 109 64 128 0.0114941
93 109 64 128 0.0196786
94 109 64 128 0.0578246
95 109 64 128 0.338431
96 109 64 128 0.474734
97 109 64 128 0.550063
98 109 64 128 0.372986
99 109 64 128 0.434544
100 109 64 128 0.329556
101 109 64 128 0.172265
102 109 64 128 0.0401029
103 109 64 128 0.0179813
110 109 64 128 0.026768
111 109 64 128 0.127841
112 109 64 128 0.500987
113 109 64 128 0.772104
114 109 64 128 0.931967
115 109 64 128 0.971446
116 109 64 128 0.988579
117 109 64 128 0.992767
118 109 64 128 0.998255
119 109 64 128 0.999226
120 109 64 128 0.99958
121 109 64 128 0.998972
122 109 64 128 0.99782
123 109 64 128 0.992623
124 109 64 128 0.981561
125 109 64 128 0.959686
126 109 64 128 0.969845
127 109 64 128 0.985145
128 109 64 128 0.970598
129 109 64 128 0.913547
130 109 64 128 0.693071
131 109 64 128 0.597168
132 109 64 128 0.507816
133 109 64 128 0.481905
134 109 64 128 0.294497
135 109 64 128 0.314684
136 109 64 128 0.310048
137 109 64 128 0.354189
138 109 64 128 0.20356
139 109 64 128 0.12263
140 109 64 128 0.0570332
141 109 64 128 0.0680651
142 109 64 128 0.0802631
143 109 64 128 0.127749
144 109 64 128 0.104908
145 109 64 128 0.16425
146 109 64 128 0.173176
147 109 64 128 0.444873
148 109 64 128 0.34384
149 109 64 128 0.34317
150 109 64 128 0.181065
151 109 64 128 0.150616
152 109 64 128 0.0929539
153 109 64 128 0.143613
154 109 64 128 0.0805647
155 109 64 128 0.0417148
156 109 64 128 0.0155666
157 109 64 128 0.0188249
158 109 64 128 0.0109381
200 109 64 128 0.0526131
201 109 64 128 0.159249
202 109 64 128 0.293186
203 109 64 128 0.296283
204 109 64 128 0.132143
205 109 64 128 0.0650272
206 109 64 128 0.0406031
207 109 64 128 0.054816
208 109 64 128 0.0764566
209 109 64 128 0.107638
210 109 64 128 0.0522214
211 109 64 128 0.0177495
247 109 64 128 0.0130806
248 109 64 128 0.0216044
249 109 64 128 0.0265261
250 109 64 128 0.029974
251 109 64 128 0.0316069
252 109 64 128 0.0338582
253 109 64 128 0.0403466
254 109 64 128 0.05159
255 109 64 128 0.0685982
0 110 64 128 0.0169002
1 110 64 128 0.0189737
2 110 64 128 0.0223761
3 110 64 128 0.025173
4 110 64 128 0.0260305
5 110 64 128 0.0239725
6 110 64 128 0.0194988
7 110 64 128 0.0182864
8 110 64 128 0.0128847
9 110 64 128 0.0110733
11 110 64 128 0.0114286
14 110 64 128 0.0123101
15 110 64 128 0.0162608
16 110 64 128 0.024226
17 110 64 128 0.0325798
18 110 64 128 0.0479086
19 110 64 128 0.0481665
20 110 64 128 0.0491321
21 110 64 128 0.0392224
22 110 64 128 0.0320123
23 110 64 128 0.026059
24 110 64 128 0.0216876
25 110 64 128 0.0189296
26 110 64 128 0.0170866
27 110 64 128 0.0150277
28 110 64 128 0.0118933
29 110 64 128 0.0127089
30 110 64 128 0.0137623
31 110 64 128 0.016472
32 110 64 128 0.022189
33 110 64 128 0.0309854
34 110 64 128 0.0327686
35 110 64 128 0.0286139
36 110 64 128 0.0184544
37 110 64 128 0.0112599
69 110 64 128 0.0168482
70 110 64 128 0.048196
71 110 64 128 0.0949903
72 110 64 128 0.144322
73 110 64 128 0.147823
74 110 64 128 0.0815677
75 110 64 128 0.0386677
76 110 64 128 0.0225957
77 110 64 128 0.0185507
93 110 64 128 0.0162633
94 110 64 128 0.0351706
95 110 64 128 0.233114
96 110 64 128 0.402471
97 110 64 128 0.53467
98 110 64 128 0.349868
99 110 64 128 0.348079
100 110 64 128 0.271238
101 110 64 128 0.129316
102 110 64 128 0.0282541
111 110 64 128 0.0354059
112 110 64 128 0.184053
113 110 64 128 0.43232
114 110 64 128 0.800396
115 110 64 128 0.917999
116 110 64 128 0.966335
117 110 64 128 0.980893
118 110 64 128 0.99554
119 110 64 128 0.99779
120 110 64 128 0.998753
121 110 64 128 0.996421
122 110 64 128 0.992768
123 110 64 128 0.98098
124 110 64 128 0.945951
125 110 64 128 0.901067
126 110 64 128 0.9185
127 110 64 128 0.953937
128 110 64 128 0.915582
129 110 64 128 0.818135
130 110 64 128 0.59966
131 110 64 128 0.534243
132 110 64 128 0.392479
133 110 64 128 0.345339
134 110 64 128 0.219981
135 110 64 128 0.279877
136 110 64 128 0.289889
137 110 64 128 0.390362
138 110 64 128 0.280245
139 110 64 128 0.188703
140 110 64 128 0.064416
141 110 64 128 0.0747859
142 110 64 128 0.0932179
143 110 64 128 0.161219
144 110 64 128 0.162325
145 110 64 128 0.263816
146 110 64 128 0.372053
147 110 64 128 0.595548
148 110 64 128 0.575023
149 110 64 128 0.491892
150 110 64 128 0.323357
151 110 64 128 0.254821
152 110 64 128 0.248425
153 110 64 128 0.276515
154 110 64 128 0.209572
155 110 64 128 0.11943
156 110 64 128 0.0510346
157 110 64 128 0.058456
158 110 64 128 0.0351218
159 110 64 128 0.0226959
160 110 64 128 0.0112647
199 110 64 128 0.013611
200 110 64 128 0.0983709
201 110 64 128 0.302695
202 110 64 128 0.496001
203 110 64 128 0.48718
204 110 64 128 0.308153
205 110 64 128 0.189852
206 110 64 128 0.132368
207 110 64 128 0.150155
208 110 64 128 0.209155
209 110 64 128 0.238796
210 110 64 128 0.11816
211 110 64 128 0.0392805
212 110 64 128 0.0137128
213 110 64 128 0.0112645
215 110 64 128 0.0101936
248 110 64 128 0.0147115
249 110 64 128 0.0201114
250 110 64 128 0.0252907
251 110 64 128 0.0274039
252 110 64 128 0.0323918
253 110 64 128 0.0411755
254 110 64 128 0.0601242
255 110 64 128 0.0805532
0 111 64 128 0.0378225
1 111 64 128 0.0371757
2 111 64 128 0.0422679
3 111 64 128 0.0404639
4 111 64 128 0.0364621
5 111 64 128 0.0292996
6 111 64 128 0.022954
7 111 64 128 0.0208476
8 111 64 128 0.0149578
9 111 64 128 0.0123116
10 111 64 128 0.0112055
11 111 64 128 0.0111695
14 111 64 128 0.0129197
15 111 64 128 0.0191458
16 111 64 128 0.0272807
17 111 64 128 0.0358443
18 111 64 128 0.0436464
19 111 64 128 0.0478757
20 111 64 128 0.0460624
21 111 64 128 0.0396636
22 111 64 128 0.0345962
23 111 64 128 0.0339845
24 111 64 128 0.0282977
25 111 64 128 0.0281149
26 111 64 128 0.0247987
27 111 64 128 0.0276764
28 111 64 128 0.0240323
29 111 64 128 0.0281035
30 111 64 128 0.0282169
31 111 64 128 0.0310392
32 111 64 128 0.0366051
33 111 64 128 0.0576341
34 111 64 128 0.0546319
35 111 64 128 0.052697
36 111 64 128 0.0306697
37 111 64 128 0.020719
38 111 64 128 0.0125087
39 111 64 128 0.0107586
44 111 64 128 0.0101311
45 111 64 128 0.0125274
46 111 64 128 0.0153027
47 111 64 128 0.0126011
48 111 64 128 0.0114318
69 111 64 128 0.0141877
70 111 64 128 0.0392223
71 111 64 128 0.0990725
72 111 64 128 0.116705
73 111 64 128 0.125976
74 111 64 128 0.0617226
75 111 64 128 0.0378427
76 111 64 128 0.0158554
77 111 64 128 0.0113127
94 111 64 128 0.0234582
95 111 64 128 0.134984
96 111 64 128 0.296377
97 111 64 128 0.471185
98 111 64 128 0.418138
99 111 64 128 0.441549
100 111 64 128 0.405314
101 111 64 128 0.196735
102 111 64 128 0.0434686
103 111 64 128 0.0113628
111 111 64 128 0.0197378
112 111 64 128 0.135426
113 111 64 128 0.330443
114 111 64 128 0.756686
115 111 64 128 0.878014
116 111 64 128 0.962634
117 111 64 128 0.966584
118 111 64 128 0.992228
119 111 64 128 0.995411
120 111 64 128 0.998214
121 111 64 128 0.995533
122 111 64 128 0.99127
123 111 64 128 0.971032
124 111 64 128 0.93653
125 111 64 128 0.860292
126 111 64 128 0.897502
127 111 64 128 0.919222
128 111 64 128 0.918856
129 111 64 128 0.857652
130 111 64 128 0.720739
131 111 64 128 0.613032
132 111 64 128 0.459358
133 111 64 128 0.407393
134 111 64 128 0.283083
135 111 64 128 0.317524
136 111 64 128 0.321793
137 111 64 128 0.519072
138 111 64 128 0.454997
139 111 64 128 0.298689
140 111 64 128 0.104555
141 111 64 128 0.125126
142 111 64 128 0.154972
143 111 64 128 0.25432
144 111 64 128 0.263727
145 111 64 128 0.478854
146 111 64 128 0.598042
147 111 64 128 0.787108
148 111 64 128 0.717584
149 111 64 128 0.63056
150 111 64 128 0.47752
151 111 64 128 0.464138
152 111 64 128 0.383006
153 111 64 128 0.398382
154 111 64 128 0.264727
155 111 64 128 0.151766
156 111 64 128 0.0667163
157 111 64 128 0.0482736
158 111 64 128 0.0261325
159 111 64 128 0.0126995
199 111 64 128 0.019624
200 111 64 128 0.135922
201 111 64 128 0.42201
202 111 64 128 0.618367
203 111 64 128 0.632464
204 111 64 128 0.459422
205 111 64 128 0.337846
206 111 64 128 0.274737
207 111 64 128 0.363603
208 111 64 128 0.418937
209 111 64 128 0.497358
210 111 64 128 0.257351
211 111 64 128 0.100152
212 111 64 128 0.0372528
213 111 64 128 0.0340628
214 111 64 128 0.0266501
215 111 64 128 0.0352098
216 111 64 128 0.025364
217 111 64 128 0.0105306
229 111 64 128 0.0114739
230 111 64 128 0.0124566
231 111 64 128 0.0116937
232 111 64 128 0.0112853
233 111 64 128 0.0106078
246 111 64 128 0.0122206
247 111 64 128 0.0225772
248 111 64 128 0.0352521
249 111 64 128 0.0482921
250 111 64 128 0.0616664
251 111 64 128 0.0661717
252 111 64 128 0.0691574
253 111 64 128 0.0778654
254 111 64 128 0.105011
255 111 64 128 0.127573
