141 18 98 196 0.0100968
142 18 98 196 0.0106079
143 18 98 196 0.0107525
142 19 98 196 0.010085
143 19 98 196 0.0111376
48 0 85 170 0.0143428
49 0 85 170 0.029648
50 0 85 170 0.0634083
51 0 85 170 0.0774195
52 0 85 170 0.0454842
53 0 85 170 0.0207469
90 0 85 170 0.0132605
91 0 85 170 0.0698162
92 0 85 170 0.178727
93 0 85 170 0.196689
94 0 85 170 0.195718
95 0 85 170 0.191549
96 0 85 170 0.179866
97 0 85 170 0.283046
98 0 85 170 0.316634
99 0 85 170 0.296652
100 0 85 170 0.336417
101 0 85 170 0.274346
102 0 85 170 0.267237
103 0 85 170 0.246278
104 0 85 170 0.0753285
105 0 85 170 0.0266037
106 0 85 170 0.0252172
161 0 85 170 0.0108727
164 0 85 170 0.0129341
165 0 85 170 0.0309376
166 0 85 170 0.0622768
167 0 85 170 0.0853698
168 0 85 170 0.0870285
169 0 85 170 0.124554
170 0 85 170 0.163796
171 0 85 170 0.193559
172 0 85 170 0.230904
173 0 85 170 0.218511
174 0 85 170 0.26656
175 0 85 170 0.317996
176 0 85 170 0.209655
177 0 85 170 0.125737
178 0 85 170 0.0798165
179 0 85 170 0.0519319
180 0 85 170 0.0699202
181 0 85 170 0.105436
182 0 85 170 0.116381
183 0 85 170 0.083198
184 0 85 170 0.0280772
198 0 85 170 0.0119342
199 0 85 170 0.0279754
200 0 85 170 0.0468814
201 0 85 170 0.0534641
202 0 85 170 0.0454253
203 0 85 170 0.037002
204 0 85 170 0.039983
205 0 85 170 0.0356519
206 0 85 170 0.0506127
207 0 85 170 0.070146
208 0 85 170 0.0540435
209 0 85 170 0.0808634
210 0 85 170 0.115777
211 0 85 170 0.174083
212 0 85 170 0.308819
213 0 85 170 0.35246
214 0 85 170 0.450833
215 0 85 170 0.604691
216 0 85 170 0.593457
217 0 85 170 0.584916
218 0 85 170 0.588481
219 0 85 170 0.587155
220 0 85 170 0.616567
221 0 85 170 0.584881
222 0 85 170 0.51191
223 0 85 170 0.437472
224 0 85 170 0.351711
225 0 85 170 0.262032
226 0 85 170 0.169477
227 0 85 170 0.088209
228 0 85 170 0.0433648
229 0 85 170 0.0269943
230 0 85 170 0.0189899
231 0 85 170 0.012725
232 0 85 170 0.016389
233 0 85 170 0.0224291
234 0 85 170 0.0147322
48 1 85 170 0.01304
49 1 85 170 0.0286432
50 1 85 170 0.0594437
51 1 85 170 0.0747014
52 1 85 170 0.050723
53 1 85 170 0.0227416
91 1 85 170 0.0423214
92 1 85 170 0.105981
93 1 85 170 0.118835
94 1 85 170 0.109488
95 1 85 170 0.0990545
96 1 85 170 0.0972891
97 1 85 170 0.146972
98 1 85 170 0.165492
99 1 85 170 0.163235
100 1 85 170 0.189454
101 1 85 170 0.167001
102 1 85 170 0.175271
103 1 85 170 0.161352
104 1 85 170 0.0505945
105 1 85 170 0.0189896
106 1 85 170 0.0174272
160 1 85 170 0.0121256
161 1 85 170 0.0125079
164 1 85 170 0.0149173
165 1 85 170 0.0334472
166 1 85 170 0.0678533
167 1 85 170 0.0993945
168 1 85 170 0.112526
169 1 85 170 0.14929
170 1 85 170 0.193943
171 1 85 170 0.235335
172 1 85 170 0.269355
173 1 85 170 0.248692
174 1 85 170 0.281309
175 1 85 170 0.307892
176 1 85 170 0.179641
177 1 85 170 0.108364
178 1 85 170 0.0735133
179 1 85 170 0.0443641
180 1 85 170 0.0709102
181 1 85 170 0.100663
182 1 85 170 0.112898
183 1 85 170 0.0898948
184 1 85 170 0.0288093
198 1 85 170 0.0125181
199 1 85 170 0.0262999
200 1 85 170 0.0443755
201 1 85 170 0.0460232
202 1 85 170 0.0355233
203 1 85 170 0.0277682
204 1 85 170 0.0273834
205 1 85 170 0.02245
206 1 85 170 0.0301672
207 1 85 170 0.0415643
208 1 85 170 0.0312458
209 1 85 170 0.0475924
210 1 85 170 0.0642898
211 1 85 170 0.0986977
212 1 85 170 0.192816
213 1 85 170 0.217795
214 1 85 170 0.310782
215 1 85 170 0.451796
216 1 85 170 0.421268
217 1 85 170 0.39775
218 1 85 170 0.388813
219 1 85 170 0.391343
220 1 85 170 0.453551
221 1 85 170 0.42635
222 1 85 170 0.350929
223 1 85 170 0.298837
224 1 85 170 0.247913
225 1 85 170 0.187525
226 1 85 170 0.117523
227 1 85 170 0.0562859
228 1 85 170 0.0273129
229 1 85 170 0.0170137
230 1 85 170 0.0119554
232 1 85 170 0.0111652
233 1 85 170 0.0155733
234 1 85 170 0.0105311
48 2 85 170 0.0113862
49 2 85 170 0.0239611
50 2 85 170 0.0578853
51 2 85 170 0.0770051
52 2 85 170 0.050414
53 2 85 170 0.0221687
91 2 85 170 0.019155
92 2 85 170 0.0414525
93 2 85 170 0.0449278
94 2 85 170 0.0342785
95 2 85 170 0.0236616
96 2 85 170 0.0228275
97 2 85 170 0.0328791
98 2 85 170 0.036406
99 2 85 170 0.0397966
100 2 85 170 0.0545616
101 2 85 170 0.0599729
102 2 85 170 0.0774517
103 2 85 170 0.074525
104 2 85 170 0.023609
160 2 85 170 0.0112204
161 2 85 170 0.0111718
164 2 85 170 0.0135896
165 2 85 170 0.0257349
166 2 85 170 0.0534727
167 2 85 170 0.084998
168 2 85 170 0.102261
169 2 85 170 0.132369
170 2 85 170 0.164562
171 2 85 170 0.19883
172 2 85 170 0.234925
173 2 85 170 0.218651
174 2 85 170 0.246852
175 2 85 170 0.265884
176 2 85 170 0.142967
177 2 85 170 0.0845866
178 2 85 170 0.0604316
179 2 85 170 0.0368507
180 2 85 170 0.0652111
181 2 85 170 0.0878312
182 2 85 170 0.0916834
183 2 85 170 0.0702641
184 2 85 170 0.0213951
199 2 85 170 0.016663
200 2 85 170 0.0271929
201 2 85 170 0.0268424
202 2 85 170 0.0203793
203 2 85 170 0.0166755
204 2 85 170 0.0156901
205 2 85 170 0.0120881
206 2 85 170 0.0147771
207 2 85 170 0.0199381
208 2 85 170 0.0159655
209 2 85 170 0.0261508
210 2 85 170 0.031242
211 2 85 170 0.0506696
212 2 85 170 0.118089
213 2 85 170 0.137118
214 2 85 170 0.230086
215 2 85 170 0.359466
216 2 85 170 0.316725
217 2 85 170 0.291468
218 2 85 170 0.278902
219 2 85 170 0.282576
220 2 85 170 0.365395
221 2 85 170 0.325595
222 2 85 170 0.241069
223 2 85 170 0.207227
224 2 85 170 0.166912
225 2 85 170 0.120018
226 2 85 170 0.0702858
227 2 85 170 0.0294947
228 2 85 170 0.0135467
48 3 85 170 0.0106828
49 3 85 170 0.0200876
50 3 85 170 0.0546688
51 3 85 170 0.0749536
52 3 85 170 0.0460436
53 3 85 170 0.0207297
91 3 85 170 0.0142106
92 3 85 170 0.0268465
93 3 85 170 0.0250954
94 3 85 170 0.0199673
95 3 85 170 0.0149886
97 3 85 170 0.018123
98 3 85 170 0.0181827
99 3 85 170 0.0150329
100 3 85 170 0.0256663
101 3 85 170 0.0292814
102 3 85 170 0.0410408
103 3 85 170 0.0420926
104 3 85 170 0.0129625
164 3 85 170 0.0112823
165 3 85 170 0.0184132
166 3 85 170 0.0386326
167 3 85 170 0.0689608
168 3 85 170 0.0942001
169 3 85 170 0.120538
170 3 85 170 0.133191
171 3 85 170 0.153292
172 3 85 170 0.200332
173 3 85 170 0.196163
174 3 85 170 0.225139
175 3 85 170 0.242867
176 3 85 170 0.128478
177 3 85 170 0.0739471
178 3 85 170 0.0540278
179 3 85 170 0.0347035
180 3 85 170 0.0591426
181 3 85 170 0.0806817
182 3 85 170 0.0760107
183 3 85 170 0.0479016
184 3 85 170 0.0142713
200 3 85 170 0.0105936
201 3 85 170 0.0111598
202 3 85 170 0.0102693
203 3 85 170 0.0102914
204 3 85 170 0.0109008
206 3 85 170 0.0117315
207 3 85 170 0.0154036
208 3 85 170 0.0136091
209 3 85 170 0.022404
210 3 85 170 0.0275914
211 3 85 170 0.0436086
212 3 85 170 0.0956964
213 3 85 170 0.115132
214 3 85 170 0.185896
215 3 85 170 0.278329
216 3 85 170 0.246244
217 3 85 170 0.234438
218 3 85 170 0.23087
219 3 85 170 0.231248
220 3 85 170 0.284543
221 3 85 170 0.245895
222 3 85 170 0.181559
223 3 85 170 0.157902
224 3 85 170 0.119726
225 3 85 170 0.0788544
226 3 85 170 0.0445188
227 3 85 170 0.0201516
48 4 85 170 0.0103079
49 4 85 170 0.0194867
50 4 85 170 0.0450754
51 4 85 170 0.0616821
52 4 85 170 0.0441331
53 4 85 170 0.0213838
92 4 85 170 0.0141148
93 4 85 170 0.0129522
100 4 85 170 0.0102355
101 4 85 170 0.0152857
102 4 85 170 0.0212947
103 4 85 170 0.0198444
160 4 85 170 0.0109516
161 4 85 170 0.0107271
164 4 85 170 0.0119997
165 4 85 170 0.022349
166 4 85 170 0.0449887
167 4 85 170 0.0813817
168 4 85 170 0.122553
169 4 85 170 0.153782
170 4 85 170 0.164275
171 4 85 170 0.187043
172 4 85 170 0.241902
173 4 85 170 0.235311
174 4 85 170 0.245999
175 4 85 170 0.240006
176 4 85 170 0.11428
177 4 85 170 0.0656839
178 4 85 170 0.0515508
179 4 85 170 0.0302092
180 4 85 170 0.0532238
181 4 85 170 0.0738758
182 4 85 170 0.0708014
183 4 85 170 0.0460415
184 4 85 170 0.0139067
211 4 85 170 0.013713
212 4 85 170 0.0309926
213 4 85 170 0.0354418
214 4 85 170 0.0592478
215 4 85 170 0.0895893
216 4 85 170 0.0702734
217 4 85 170 0.0630725
218 4 85 170 0.0636287
219 4 85 170 0.0620413
220 4 85 170 0.0735729
221 4 85 170 0.0649779
222 4 85 170 0.0477468
223 4 85 170 0.0399708
224 4 85 170 0.0345137
225 4 85 170 0.0222529
226 4 85 170 0.0112062
49 5 85 170 0.0161889
50 5 85 170 0.0388254
51 5 85 170 0.0527265
52 5 85 170 0.0353247
53 5 85 170 0.0182831
164 5 85 170 0.0107851
165 5 85 170 0.0203266
166 5 85 170 0.0403138
167 5 85 170 0.0652731
168 5 85 170 0.0869386
169 5 85 170 0.118891
170 5 85 170 0.13333
171 5 85 170 0.149274
172 5 85 170 0.194432
173 5 85 170 0.175047
174 5 85 170 0.165689
175 5 85 170 0.158177
176 5 85 170 0.0704669
177 5 85 170 0.0382457
178 5 85 170 0.0314368
179 5 85 170 0.0177401
180 5 85 170 0.0297095
181 5 85 170 0.0385517
182 5 85 170 0.0342751
183 5 85 170 0.0210229
210 5 85 170 0.0104881
211 5 85 170 0.0164877
212 5 85 170 0.0326424
213 5 85 170 0.0352122
214 5 85 170 0.0515739
215 5 85 170 0.073071
216 5 85 170 0.0541181
217 5 85 170 0.0453872
218 5 85 170 0.0450253
219 5 85 170 0.0443771
220 5 85 170 0.0530873
221 5 85 170 0.044804
222 5 85 170 0.0298865
223 5 85 170 0.022627
224 5 85 170 0.0173313
225 5 85 170 0.0113848
49 6 85 170 0.0119449
50 6 85 170 0.0274632
51 6 85 170 0.0355833
52 6 85 170 0.0218778
53 6 85 170 0.0109215
164 6 85 170 0.0108511
165 6 85 170 0.0190882
166 6 85 170 0.0362824
167 6 85 170 0.0535177
168 6 85 170 0.0620245
169 6 85 170 0.0863378
170 6 85 170 0.0969433
171 6 85 170 0.103804
172 6 85 170 0.132589
173 6 85 170 0.104394
174 6 85 170 0.0854863
175 6 85 170 0.0833844
176 6 85 170 0.0343575
177 6 85 170 0.0173854
178 6 85 170 0.0152431
180 6 85 170 0.0121806
181 6 85 170 0.0145638
182 6 85 170 0.0113024
210 6 85 170 0.0101233
211 6 85 170 0.0153067
212 6 85 170 0.0287439
213 6 85 170 0.0305919
214 6 85 170 0.0438129
215 6 85 170 0.0619626
216 6 85 170 0.0473755
217 6 85 170 0.0400292
218 6 85 170 0.0388361
219 6 85 170 0.0384281
220 6 85 170 0.047177
221 6 85 170 0.0402169
222 6 85 170 0.0274843
223 6 85 170 0.0210782
224 6 85 170 0.0145297
50 7 85 170 0.0155077
51 7 85 170 0.0183111
52 7 85 170 0.0116788
165 7 85 170 0.0151503
166 7 85 170 0.0276382
167 7 85 170 0.0406708
168 7 85 170 0.0476203
169 7 85 170 0.0625044
170 7 85 170 0.0668167
171 7 85 170 0.0678625
172 7 85 170 0.0823475
173 7 85 170 0.0598077
174 7 85 170 0.0454196
175 7 85 170 0.0455078
176 7 85 170 0.0176488
212 7 85 170 0.01063
214 7 85 170 0.0146033
215 7 85 170 0.0217049
216 7 85 170 0.0145914
217 7 85 170 0.0105679
220 7 85 170 0.0117805
221 7 85 170 0.0115531
50 8 85 170 0.0116519
51 8 85 170 0.0135796
166 8 85 170 0.0137501
167 8 85 170 0.0192648
168 8 85 170 0.0218673
169 8 85 170 0.0319775
170 8 85 170 0.034731
171 8 85 170 0.0315434
172 8 85 170 0.0362065
173 8 85 170 0.0276412
174 8 85 170 0.0232593
175 8 85 170 0.0235677
214 8 85 170 0.0122054
215 8 85 170 0.0165454
216 8 85 170 0.0117271
220 8 85 170 0.0107016
50 9 85 170 0.0116853
51 9 85 170 0.0123612
160 9 85 170 0.0114685
165 9 85 170 0.0136882
166 9 85 170 0.0195672
167 9 85 170 0.0265267
168 9 85 170 0.0326619
169 9 85 170 0.0404114
170 9 85 170 0.0396023
171 9 85 170 0.0334797
172 9 85 170 0.0338827
173 9 85 170 0.0282897
174 9 85 170 0.0243083
175 9 85 170 0.021128
160 10 85 170 0.0132139
161 10 85 170 0.0103869
164 10 85 170 0.0110105
165 10 85 170 0.0150933
166 10 85 170 0.0210732
167 10 85 170 0.0270101
168 10 85 170 0.0303025
169 10 85 170 0.0359356
170 10 85 170 0.03457
171 10 85 170 0.0287839
172 10 85 170 0.0294106
173 10 85 170 0.0235264
174 10 85 170 0.0186558
175 10 85 170 0.015802
159 11 85 170 0.0110411
160 11 85 170 0.0132675
161 11 85 170 0.0100314
165 11 85 170 0.0131957
166 11 85 170 0.0178514
167 11 85 170 0.0195526
168 11 85 170 0.0164017
169 11 85 170 0.0201845
170 11 85 170 0.0202531
171 11 85 170 0.0156966
172 11 85 170 0.0166149
173 11 85 170 0.011581
159 12 85 170 0.0122943
160 12 85 170 0.0156489
161 12 85 170 0.0120136
165 12 85 170 0.0142002
166 12 85 170 0.0184735
167 12 85 170 0.0186252
168 12 85 170 0.0151982
169 12 85 170 0.0180154
170 12 85 170 0.0179987
171 12 85 170 0.0136197
172 12 85 170 0.013021
159 13 85 170 0.0119862
160 13 85 170 0.0134747
165 13 85 170 0.0103052
166 13 85 170 0.011914
167 13 85 170 0.0115063
169 13 85 170 0.0120298
170 13 85 170 0.0121102
159 14 85 170 0.0100095
160 14 85 170 0.0114861
166 14 85 170 0.0106878
167 14 85 170 0.0110927
168 14 85 170 0.0129173
169 14 85 170 0.0144197
170 14 85 170 0.0127798
160 15 85 170 0.0100906
165 15 85 170 0.0100303
166 15 85 170 0.0113803
167 15 85 170 0.0126549
168 15 85 170 0.016211
169 15 85 170 0.0176098
170 15 85 170 0.0151055
171 15 85 170 0.0107895
168 16 85 170 0.0100644
169 16 85 170 0.0121539
170 16 85 170 0.0115663
168 17 85 170 0.0100535
169 17 85 170 0.0123806
170 17 85 170 0.0121939
169 18 85 170 0.0119603
170 18 85 170 0.0121168
169 19 85 170 0.0113058
170 19 85 170 0.0114301
168 20 85 170 0.0104524
169 20 85 170 0.0125476
170 20 85 170 0.0119732
170 23 85 170 0.0104357
146 29 85 170 0.0145182
147 29 85 170 0.0184687
148 29 85 170 0.0184097
149 29 85 170 0.0105531
145 30 85 170 0.0156364
146 30 85 170 0.025892
147 30 85 170 0.0302132
148 30 85 170 0.02683
149 30 85 170 0.0155886
145 31 85 170 0.0200917
146 31 85 170 0.0331734
147 31 85 170 0.0380929
148 31 85 170 0.0304399
149 31 85 170 0.018671
145 32 85 170 0.01739
146 32 85 170 0.0312182
147 32 85 170 0.0389361
148 32 85 170 0.0296512
149 32 85 170 0.0189847
142 33 85 170 0.0105796
143 33 85 170 0.011482
144 33 85 170 0.0125289
145 33 85 170 0.0190997
146 33 85 170 0.0313313
147 33 85 170 0.0367787
148 33 85 170 0.0258563
149 33 85 170 0.0158275
141 34 85 170 0.0105336
142 34 85 170 0.0124844
143 34 85 170 0.014249
144 34 85 170 0.0152097
145 34 85 170 0.0210921
146 34 85 170 0.0319576
147 34 85 170 0.0353009
148 34 85 170 0.0226141
149 34 85 170 0.0135292
140 35 85 170 0.0112148
141 35 85 170 0.0144478
142 35 85 170 0.0159062
143 35 85 170 0.0165136
144 35 85 170 0.0180469
145 35 85 170 0.021255
146 35 85 170 0.0296873
147 35 85 170 0.0323203
148 35 85 170 0.0187622
149 35 85 170 0.0111494
139 36 85 170 0.0125877
140 36 85 170 0.0167831
141 36 85 170 0.0229099
142 36 85 170 0.0233762
143 36 85 170 0.0200257
144 36 85 170 0.0208079
145 36 85 170 0.0202361
146 36 85 170 0.0250573
147 36 85 170 0.0268436
148 36 85 170 0.013526
138 37 85 170 0.0106801
139 37 85 170 0.0140268
140 37 85 170 0.0194916
141 37 85 170 0.0274194
142 37 85 170 0.0292085
143 37 85 170 0.0246343
144 37 85 170 0.0208626
145 37 85 170 0.0178582
146 37 85 170 0.0232795
147 37 85 170 0.0260951
148 37 85 170 0.0122502
137 38 85 170 0.0136171
138 38 85 170 0.0324218
139 38 85 170 0.0449504
140 38 85 170 0.0467723
141 38 85 170 0.0619353
142 38 85 170 0.0647319
143 38 85 170 0.0480218
144 38 85 170 0.0343807
145 38 85 170 0.0278648
146 38 85 170 0.032267
147 38 85 170 0.0322076
148 38 85 170 0.0138264
137 39 85 170 0.0228769
138 39 85 170 0.0552654
139 39 85 170 0.0770496
140 39 85 170 0.079546
141 39 85 170 0.0997975
142 39 85 170 0.103622
143 39 85 170 0.0771675
144 39 85 170 0.0505356
145 39 85 170 0.0402883
146 39 85 170 0.042633
147 39 85 170 0.0373165
148 39 85 170 0.0149979
137 40 85 170 0.0315234
138 40 85 170 0.0786029
139 40 85 170 0.111884
140 40 85 170 0.115942
141 40 85 170 0.130472
142 40 85 170 0.129282
143 40 85 170 0.0971162
144 40 85 170 0.0597302
145 40 85 170 0.0443073
146 40 85 170 0.0440639
147 40 85 170 0.0366699
148 40 85 170 0.0147867
137 41 85 170 0.048988
138 41 85 170 0.153011
139 41 85 170 0.235978
140 41 85 170 0.216431
141 41 85 170 0.224563
142 41 85 170 0.19795
143 41 85 170 0.124801
144 41 85 170 0.0827189
145 41 85 170 0.0553768
146 41 85 170 0.0448865
147 41 85 170 0.0376354
148 41 85 170 0.014889
137 42 85 170 0.0542299
138 42 85 170 0.15977
139 42 85 170 0.250842
140 42 85 170 0.253042
141 42 85 170 0.256647
142 42 85 170 0.211495
143 42 85 170 0.124479
144 42 85 170 0.0758292
145 42 85 170 0.0497836
146 42 85 170 0.038481
147 42 85 170 0.0292239
148 42 85 170 0.0110205
137 43 85 170 0.0481377
138 43 85 170 0.127892
139 43 85 170 0.200305
140 43 85 170 0.229574
141 43 85 170 0.240513
142 43 85 170 0.200148
143 43 85 170 0.12011
144 43 85 170 0.0616887
145 43 85 170 0.0395114
146 43 85 170 0.0309587
147 43 85 170 0.0190134
137 44 85 170 0.0409107
138 44 85 170 0.129626
139 44 85 170 0.205049
140 44 85 170 0.210421
141 44 85 170 0.239569
142 44 85 170 0.216332
143 44 85 170 0.130792
144 44 85 170 0.0716063
145 44 85 170 0.0416835
146 44 85 170 0.0277464
147 44 85 170 0.0173809
137 45 85 170 0.0228912
138 45 85 170 0.0776596
139 45 85 170 0.128545
140 45 85 170 0.141024
141 45 85 170 0.172629
142 45 85 170 0.157468
143 45 85 170 0.0934474
144 45 85 170 0.0535517
145 45 85 170 0.0277873
146 45 85 170 0.0153689
147 45 85 170 0.0108755
137 46 85 170 0.0125133
138 46 85 170 0.046068
139 46 85 170 0.0846438
140 46 85 170 0.107773
141 46 85 170 0.13677
142 46 85 170 0.129615
143 46 85 170 0.0828585
144 46 85 170 0.0420821
145 46 85 170 0.0190281
146 46 85 170 0.0100346
138 47 85 170 0.0385703
139 47 85 170 0.0735301
140 47 85 170 0.0932761
141 47 85 170 0.116395
142 47 85 170 0.114621
143 47 85 170 0.0776778
144 47 85 170 0.0349516
145 47 85 170 0.0158468
138 48 85 170 0.012764
139 48 85 170 0.0274088
140 48 85 170 0.0425881
141 48 85 170 0.0555683
142 48 85 170 0.0511008
143 48 85 170 0.030823
144 48 85 170 0.0134489
139 49 85 170 0.0141473
140 49 85 170 0.0243361
141 49 85 170 0.0393247
142 49 85 170 0.0384818
143 49 85 170 0.0220168
144 49 85 170 0.010663
139 50 85 170 0.0105187
140 50 85 170 0.0152265
141 50 85 170 0.0275222
142 50 85 170 0.0295693
143 50 85 170 0.0181548
142 51 85 170 0.0113453
94 52 85 170 0.0106734
95 52 85 170 0.010036
57 0 64 128 0.0157813
58 0 64 128 0.0764014
59 0 64 128 0.0627004
60 0 64 128 0.0644597
61 0 64 128 0.0111663
114 0 64 128 0.0108293
115 0 64 128 0.0101485
167 0 64 128 0.0122881
169 0 64 128 0.0107579
170 0 64 128 0.010467
171 0 64 128 0.0132166
173 0 64 128 0.0106201
187 0 64 128 0.0224053
188 0 64 128 0.0242412
189 0 64 128 0.0422258
190 0 64 128 0.0308512
191 0 64 128 0.0332811
192 0 64 128 0.03245
193 0 64 128 0.0512054
194 0 64 128 0.0681195
195 0 64 128 0.117036
196 0 64 128 0.227592
197 0 64 128 0.353969
198 0 64 128 0.236692
199 0 64 128 0.10825
200 0 64 128 0.018375
211 0 64 128 0.0143476
212 0 64 128 0.0236196
213 0 64 128 0.0176178
214 0 64 128 0.0107584
57 1 64 128 0.0170371
58 1 64 128 0.0962336
59 1 64 128 0.0840968
60 1 64 128 0.0722103
61 1 64 128 0.0114438
131 1 64 128 0.0161421
132 1 64 128 0.0100692
133 1 64 128 0.0102923
166 1 64 128 0.0104687
167 1 64 128 0.0197575
168 1 64 128 0.0195222
169 1 64 128 0.021062
170 1 64 128 0.0238895
171 1 64 128 0.0228742
172 1 64 128 0.0210079
173 1 64 128 0.0183228
187 1 64 128 0.0149535
188 1 64 128 0.0189238
189 1 64 128 0.0355861
190 1 64 128 0.0228205
191 1 64 128 0.0206086
192 1 64 128 0.0211713
193 1 64 128 0.0349663
194 1 64 128 0.0392664
195 1 64 128 0.06496
196 1 64 128 0.136714
197 1 64 128 0.236766
198 1 64 128 0.185908
199 1 64 128 0.0748625
200 1 64 128 0.0130541
211 1 64 128 0.0115334
212 1 64 128 0.0197815
213 1 64 128 0.0143067
57 2 64 128 0.0269051
58 2 64 128 0.135728
59 2 64 128 0.128354
60 2 64 128 0.104093
61 2 64 128 0.0211515
71 2 64 128 0.0116031
72 2 64 128 0.0116573
129 2 64 128 0.0151391
130 2 64 128 0.0123014
131 2 64 128 0.0550128
132 2 64 128 0.0338463
133 2 64 128 0.0228544
165 2 64 128 0.0256252
166 2 64 128 0.0255202
167 2 64 128 0.0611293
168 2 64 128 0.0525188
169 2 64 128 0.0805447
170 2 64 128 0.0713994
171 2 64 128 0.0929424
172 2 64 128 0.0703254
173 2 64 128 0.0838623
174 2 64 128 0.0332549
175 2 64 128 0.0253186
176 2 64 128 0.0165454
177 2 64 128 0.0119489
183 2 64 128 0.0138185
184 2 64 128 0.0189486
185 2 64 128 0.0282649
186 2 64 128 0.0188803
187 2 64 128 0.0424733
188 2 64 128 0.0405825
189 2 64 128 0.0741205
190 2 64 128 0.0386626
191 2 64 128 0.0348936
192 2 64 128 0.0264756
193 2 64 128 0.0464449
194 2 64 128 0.0394346
195 2 64 128 0.06832
196 2 64 128 0.136183
197 2 64 128 0.268254
198 2 64 128 0.174061
199 2 64 128 0.0768412
200 2 64 128 0.014606
212 2 64 128 0.0167308
213 2 64 128 0.0141558
57 3 64 128 0.0275057
58 3 64 128 0.145285
59 3 64 128 0.144702
60 3 64 128 0.10823
61 3 64 128 0.026612
129 3 64 128 0.0211255
130 3 64 128 0.0176327
131 3 64 128 0.0767113
132 3 64 128 0.051243
133 3 64 128 0.0360017
165 3 64 128 0.0246519
166 3 64 128 0.0301282
167 3 64 128 0.0600986
168 3 64 128 0.0589006
169 3 64 128 0.0698142
170 3 64 128 0.0750202
171 3 64 128 0.090464
172 3 64 128 0.0825803
173 3 64 128 0.0880284
174 3 64 128 0.0309156
175 3 64 128 0.0203924
176 3 64 128 0.0134134
177 3 64 128 0.0106852
187 3 64 128 0.0142059
188 3 64 128 0.0174879
189 3 64 128 0.0276248
190 3 64 128 0.0150932
191 3 64 128 0.0138362
192 3 64 128 0.0109223
193 3 64 128 0.0190219
194 3 64 128 0.0200007
195 3 64 128 0.0297029
196 3 64 128 0.0624117
197 3 64 128 0.113015
198 3 64 128 0.0855627
199 3 64 128 0.0305765
213 3 64 128 0.0104613
56 4 64 128 0.0121311
57 4 64 128 0.050762
58 4 64 128 0.225841
59 4 64 128 0.208373
60 4 64 128 0.212193
61 4 64 128 0.0493164
62 4 64 128 0.0199841
71 4 64 128 0.0202806
72 4 64 128 0.0147931
73 4 64 128 0.0127255
75 4 64 128 0.0152622
127 4 64 128 0.016561
128 4 64 128 0.0183677
129 4 64 128 0.0699792
130 4 64 128 0.056922
131 4 64 128 0.247762
132 4 64 128 0.12887
133 4 64 128 0.0938445
134 4 64 128 0.0200251
165 4 64 128 0.0260673
166 4 64 128 0.0299137
167 4 64 128 0.0662296
168 4 64 128 0.0905647
169 4 64 128 0.111147
170 4 64 128 0.128341
171 4 64 128 0.161964
172 4 64 128 0.15803
173 4 64 128 0.19312
174 4 64 128 0.068609
175 4 64 128 0.0550478
176 4 64 128 0.0334205
177 4 64 128 0.0362071
180 4 64 128 0.0180496
181 4 64 128 0.0264842
183 4 64 128 0.0187492
184 4 64 128 0.0219384
185 4 64 128 0.0270554
186 4 64 128 0.0191983
187 4 64 128 0.0394149
188 4 64 128 0.0486241
189 4 64 128 0.0591398
190 4 64 128 0.0300494
191 4 64 128 0.0302891
192 4 64 128 0.0178769
193 4 64 128 0.0331943
194 4 64 128 0.0272499
195 4 64 128 0.0450692
196 4 64 128 0.0868954
197 4 64 128 0.149035
198 4 64 128 0.0916257
199 4 64 128 0.0461993
200 4 64 128 0.0110138
212 4 64 128 0.0123418
213 4 64 128 0.0133424
57 5 64 128 0.0434001
58 5 64 128 0.220723
59 5 64 128 0.201286
60 5 64 128 0.184279
61 5 64 128 0.0502173
62 5 64 128 0.0201344
127 5 64 128 0.021105
128 5 64 128 0.0250168
129 5 64 128 0.0767553
130 5 64 128 0.0570541
131 5 64 128 0.195617
132 5 64 128 0.108582
133 5 64 128 0.0826584
134 5 64 128 0.0223931
166 5 64 128 0.0122344
167 5 64 128 0.0249339
168 5 64 128 0.0455168
169 5 64 128 0.0483311
170 5 64 128 0.083911
171 5 64 128 0.0872168
172 5 64 128 0.128125
173 5 64 128 0.12469
174 5 64 128 0.0481423
175 5 64 128 0.0372567
176 5 64 128 0.0273974
177 5 64 128 0.0296363
180 5 64 128 0.0148395
181 5 64 128 0.0180529
184 5 64 128 0.0110741
185 5 64 128 0.010389
187 5 64 128 0.0174223
188 5 64 128 0.0273249
189 5 64 128 0.0443242
190 5 64 128 0.0180376
191 5 64 128 0.015606
192 5 64 128 0.0124399
193 5 64 128 0.0254215
194 5 64 128 0.0195715
195 5 64 128 0.0337176
196 5 64 128 0.0640778
197 5 64 128 0.109989
198 5 64 128 0.0806023
199 5 64 128 0.0388461
200 5 64 128 0.012279
213 5 64 128 0.0101966
56 6 64 128 0.0118055
57 6 64 128 0.0662794
58 6 64 128 0.289413
59 6 64 128 0.269831
60 6 64 128 0.272677
61 6 64 128 0.0982169
62 6 64 128 0.0446661
63 6 64 128 0.0153317
71 6 64 128 0.0119756
75 6 64 128 0.0176661
127 6 64 128 0.042306
128 6 64 128 0.0509904
129 6 64 128 0.178573
130 6 64 128 0.114753
131 6 64 128 0.325859
132 6 64 128 0.173716
133 6 64 128 0.145796
134 6 64 128 0.0579621
135 6 64 128 0.0247939
167 6 64 128 0.0161918
168 6 64 128 0.03827
169 6 64 128 0.0569648
170 6 64 128 0.0743895
171 6 64 128 0.0882766
172 6 64 128 0.144084
173 6 64 128 0.177888
174 6 64 128 0.0715948
175 6 64 128 0.0661192
176 6 64 128 0.0373164
177 6 64 128 0.0449327
178 6 64 128 0.0162694
179 6 64 128 0.0187714
180 6 64 128 0.0281456
181 6 64 128 0.0303907
183 6 64 128 0.0150825
184 6 64 128 0.0165328
185 6 64 128 0.0158611
186 6 64 128 0.0140588
187 6 64 128 0.028494
188 6 64 128 0.0478289
189 6 64 128 0.0957373
190 6 64 128 0.0399926
191 6 64 128 0.0361094
192 6 64 128 0.0197003
193 6 64 128 0.0530513
194 6 64 128 0.0423493
195 6 64 128 0.0638941
196 6 64 128 0.0870363
197 6 64 128 0.147707
198 6 64 128 0.0937177
199 6 64 128 0.0564814
200 6 64 128 0.0190771
57 7 64 128 0.0438735
58 7 64 128 0.191349
59 7 64 128 0.222168
60 7 64 128 0.254118
61 7 64 128 0.10122
62 7 64 128 0.0477717
63 7 64 128 0.0148108
75 7 64 128 0.0109384
127 7 64 128 0.0730709
128 7 64 128 0.0788056
129 7 64 128 0.209359
130 7 64 128 0.169703
131 7 64 128 0.372692
132 7 64 128 0.201349
133 7 64 128 0.176507
134 7 64 128 0.0871693
135 7 64 128 0.0518341
136 7 64 128 0.0176102
168 7 64 128 0.011072
169 7 64 128 0.0134921
170 7 64 128 0.0217885
171 7 64 128 0.025166
172 7 64 128 0.041114
173 7 64 128 0.059269
174 7 64 128 0.0245685
175 7 64 128 0.0186785
176 7 64 128 0.0116878
177 7 64 128 0.0166082
188 7 64 128 0.0196716
189 7 64 128 0.0485131
190 7 64 128 0.0202991
191 7 64 128 0.0230513
192 7 64 128 0.0110916
193 7 64 128 0.0307897
194 7 64 128 0.0280814
195 7 64 128 0.0441785
196 7 64 128 0.0554791
197 7 64 128 0.091887
198 7 64 128 0.0627835
199 7 64 128 0.0376189
200 7 64 128 0.0130457
57 8 64 128 0.02443
58 8 64 128 0.12091
59 8 64 128 0.124821
60 8 64 128 0.214624
61 8 64 128 0.105425
62 8 64 128 0.0763175
63 8 64 128 0.0251269
64 8 64 128 0.0166654
71 8 64 128 0.0196683
72 8 64 128 0.0125288
73 8 64 128 0.0180962
75 8 64 128 0.0214811
126 8 64 128 0.0145986
127 8 64 128 0.214119
128 8 64 128 0.184534
129 8 64 128 0.428379
130 8 64 128 0.346833
131 8 64 128 0.633109
132 8 64 128 0.398096
133 8 64 128 0.379223
134 8 64 128 0.201298
135 8 64 128 0.160086
136 8 64 128 0.078802
137 8 64 128 0.0363852
138 8 64 128 0.0120839
170 8 64 128 0.0132677
171 8 64 128 0.0173735
172 8 64 128 0.0352582
173 8 64 128 0.0488331
174 8 64 128 0.0227691
175 8 64 128 0.0171537
176 8 64 128 0.0132731
177 8 64 128 0.0185228
188 8 64 128 0.0224316
189 8 64 128 0.0545761
190 8 64 128 0.0275713
191 8 64 128 0.029333
192 8 64 128 0.0149733
193 8 64 128 0.0397233
194 8 64 128 0.0367231
195 8 64 128 0.0511499
196 8 64 128 0.0736864
197 8 64 128 0.0897913
198 8 64 128 0.0561239
199 8 64 128 0.0300684
200 8 64 128 0.0126114
213 8 64 128 0.0102352
58 9 64 128 0.0540232
59 9 64 128 0.0602672
60 9 64 128 0.150272
61 9 64 128 0.0939077
62 9 64 128 0.0628864
63 9 64 128 0.0255307
64 9 64 128 0.0170398
71 9 64 128 0.0125272
73 9 64 128 0.0102916
75 9 64 128 0.0123441
126 9 64 128 0.017157
127 9 64 128 0.218243
128 9 64 128 0.206606
129 9 64 128 0.399876
130 9 64 128 0.293127
131 9 64 128 0.546809
132 9 64 128 0.338988
133 9 64 128 0.316657
134 9 64 128 0.194512
135 9 64 128 0.172411
136 9 64 128 0.103344
137 9 64 128 0.0695621
138 9 64 128 0.0234799
172 9 64 128 0.0147551
173 9 64 128 0.0190617
189 9 64 128 0.0240876
190 9 64 128 0.0120052
191 9 64 128 0.0110231
193 9 64 128 0.0180689
194 9 64 128 0.0158144
195 9 64 128 0.0189256
196 9 64 128 0.0260953
197 9 64 128 0.0305398
198 9 64 128 0.0189597
58 10 64 128 0.0342041
59 10 64 128 0.0476652
60 10 64 128 0.107943
61 10 64 128 0.0901066
62 10 64 128 0.0735119
63 10 64 128 0.0292868
64 10 64 128 0.0175752
71 10 64 128 0.0199816
72 10 64 128 0.0111001
73 10 64 128 0.0169372
75 10 64 128 0.0181853
126 10 64 128 0.017787
127 10 64 128 0.217847
128 10 64 128 0.170026
129 10 64 128 0.381034
130 10 64 128 0.279144
131 10 64 128 0.512879
132 10 64 128 0.335169
133 10 64 128 0.326141
134 10 64 128 0.2265
135 10 64 128 0.266931
136 10 64 128 0.18668
137 10 64 128 0.145181
138 10 64 128 0.0636157
139 10 64 128 0.0241413
172 10 64 128 0.0170607
173 10 64 128 0.02246
174 10 64 128 0.0137819
189 10 64 128 0.021125
193 10 64 128 0.0159413
194 10 64 128 0.0111809
195 10 64 128 0.0121154
196 10 64 128 0.0147085
197 10 64 128 0.0198487
30 11 64 128 0.0102595
58 11 64 128 0.0168311
59 11 64 128 0.0257829
60 11 64 128 0.0813405
61 11 64 128 0.0741457
62 11 64 128 0.0576608
63 11 64 128 0.0281776
64 11 64 128 0.0138934
71 11 64 128 0.0128997
126 11 64 128 0.0146606
127 11 64 128 0.139948
128 11 64 128 0.0939844
129 11 64 128 0.231363
130 11 64 128 0.162948
131 11 64 128 0.318416
132 11 64 128 0.151031
133 11 64 128 0.169457
134 11 64 128 0.110296
135 11 64 128 0.152632
136 11 64 128 0.104753
137 11 64 128 0.0974634
138 11 64 128 0.0383639
139 11 64 128 0.0175901
29 12 64 128 0.0170754
30 12 64 128 0.0244769
31 12 64 128 0.0148285
58 12 64 128 0.0150002
59 12 64 128 0.0197684
60 12 64 128 0.074642
61 12 64 128 0.0718508
62 12 64 128 0.067926
63 12 64 128 0.0366482
64 12 64 128 0.0212494
71 12 64 128 0.0264015
72 12 64 128 0.0126866
73 12 64 128 0.019041
75 12 64 128 0.0141849
127 12 64 128 0.0805271
128 12 64 128 0.0592412
129 12 64 128 0.154126
130 12 64 128 0.123975
131 12 64 128 0.319168
132 12 64 128 0.14959
133 12 64 128 0.162099
134 12 64 128 0.0987266
135 12 64 128 0.172678
136 12 64 128 0.140365
137 12 64 128 0.130361
138 12 64 128 0.0538379
139 12 64 128 0.0212664
29 13 64 128 0.0251879
30 13 64 128 0.0341867
31 13 64 128 0.0192636
59 13 64 128 0.011868
60 13 64 128 0.0464246
61 13 64 128 0.0454441
62 13 64 128 0.045973
63 13 64 128 0.0233635
64 13 64 128 0.0139842
71 13 64 128 0.0130778
127 13 64 128 0.0238655
128 13 64 128 0.017394
129 13 64 128 0.039038
130 13 64 128 0.033708
131 13 64 128 0.082723
132 13 64 128 0.0403666
133 13 64 128 0.0444012
134 13 64 128 0.0325393
135 13 64 128 0.0614403
136 13 64 128 0.0508358
137 13 64 128 0.0504304
138 13 64 128 0.0227268
29 14 64 128 0.0345447
30 14 64 128 0.0501764
31 14 64 128 0.0307906
59 14 64 128 0.0112126
60 14 64 128 0.0329996
61 14 64 128 0.0411042
62 14 64 128 0.0356615
63 14 64 128 0.0167163
71 14 64 128 0.0102921
108 14 64 128 0.0124415
109 14 64 128 0.0142827
110 14 64 128 0.0125323
129 14 64 128 0.0146658
130 14 64 128 0.0127191
131 14 64 128 0.0370536
132 14 64 128 0.0246562
133 14 64 128 0.025042
134 14 64 128 0.0211803
135 14 64 128 0.0401159
136 14 64 128 0.0373796
137 14 64 128 0.0311265
138 14 64 128 0.012473
28 15 64 128 0.0103126
29 15 64 128 0.056394
30 15 64 128 0.0875519
31 15 64 128 0.0604386
32 15 64 128 0.016721
60 15 64 128 0.0267602
61 15 64 128 0.0293434
62 15 64 128 0.0215856
108 15 64 128 0.0127215
109 15 64 128 0.0238679
110 15 64 128 0.0203608
111 15 64 128 0.0159108
135 15 64 128 0.0125582
136 15 64 128 0.0106134
28 16 64 128 0.0147858
29 16 64 128 0.0706238
30 16 64 128 0.0843191
31 16 64 128 0.0556578
32 16 64 128 0.0206147
58 16 64 128 0.011619
60 16 64 128 0.0239222
61 16 64 128 0.0257075
62 16 64 128 0.0205523
107 16 64 128 0.0100902
108 16 64 128 0.0194703
109 16 64 128 0.026599
110 16 64 128 0.027928
111 16 64 128 0.0180682
112 16 64 128 0.0104674
135 16 64 128 0.0101826
29 17 64 128 0.0550803
30 17 64 128 0.0758745
31 17 64 128 0.0572881
32 17 64 128 0.0245249
33 17 64 128 0.0130083
60 17 64 128 0.0142094
61 17 64 128 0.0105458
106 17 64 128 0.0103216
107 17 64 128 0.0228761
108 17 64 128 0.0456088
109 17 64 128 0.0657699
110 17 64 128 0.064123
111 17 64 128 0.0546746
112 17 64 128 0.0331061
29 18 64 128 0.0518207
30 18 64 128 0.0773381
31 18 64 128 0.0674468
32 18 64 128 0.0320058
33 18 64 128 0.0155641
58 18 64 128 0.0103691
60 18 64 128 0.0125416
104 18 64 128 0.0114553
106 18 64 128 0.0157523
107 18 64 128 0.0298287
108 18 64 128 0.0707126
109 18 64 128 0.098892
110 18 64 128 0.146704
111 18 64 128 0.108643
112 18 64 128 0.103358
113 18 64 128 0.0163681
189 18 64 128 0.0136752
193 18 64 128 0.0136086
195 18 64 128 0.0158283
196 18 64 128 0.0117889
197 18 64 128 0.010928
29 19 64 128 0.0374885
30 19 64 128 0.0618958
31 19 64 128 0.0686415
32 19 64 128 0.0271735
33 19 64 128 0.0141431
58 19 64 128 0.0123896
60 19 64 128 0.0114021
61 19 64 128 0.0107765
104 19 64 128 0.0133459
105 19 64 128 0.012156
106 19 64 128 0.0272851
107 19 64 128 0.051101
108 19 64 128 0.120188
109 19 64 128 0.234854
110 19 64 128 0.326938
111 19 64 128 0.231575
112 19 64 128 0.18925
113 19 64 128 0.0466021
187 19 64 128 0.0106131
188 19 64 128 0.018325
189 19 64 128 0.0199525
193 19 64 128 0.010861
195 19 64 128 0.0120797
29 20 64 128 0.0225718
30 20 64 128 0.0328428
31 20 64 128 0.033483
32 20 64 128 0.0152381
58 20 64 128 0.023222
59 20 64 128 0.013472
60 20 64 128 0.023132
61 20 64 128 0.0178402
62 20 64 128 0.016747
104 20 64 128 0.0140554
105 20 64 128 0.0122723
106 20 64 128 0.0369646
107 20 64 128 0.0527143
108 20 64 128 0.204046
109 20 64 128 0.305124
110 20 64 128 0.462296
111 20 64 128 0.33467
112 20 64 128 0.349021
113 20 64 128 0.0991703
114 20 64 128 0.0183766
135 20 64 128 0.0136166
185 20 64 128 0.0213323
186 20 64 128 0.0245627
187 20 64 128 0.0307006
188 20 64 128 0.043931
189 20 64 128 0.0396371
193 20 64 128 0.0245473
194 20 64 128 0.0147699
195 20 64 128 0.0209884
196 20 64 128 0.016465
197 20 64 128 0.0111154
58 21 64 128 0.0236635
59 21 64 128 0.0134274
60 21 64 128 0.0261048
61 21 64 128 0.0166296
62 21 64 128 0.019097
104 21 64 128 0.0105576
105 21 64 128 0.0146766
106 21 64 128 0.0394144
107 21 64 128 0.102368
108 21 64 128 0.315708
109 21 64 128 0.466988
110 21 64 128 0.58098
111 21 64 128 0.469577
112 21 64 128 0.464502
113 21 64 128 0.194382
114 21 64 128 0.0317895
132 21 64 128 0.0102408
133 21 64 128 0.010978
135 21 64 128 0.0139481
137 21 64 128 0.0103979
182 21 64 128 0.010963
183 21 64 128 0.0206432
184 21 64 128 0.0196256
185 21 64 128 0.0474677
186 21 64 128 0.0442699
187 21 64 128 0.0410941
188 21 64 128 0.0558747
189 21 64 128 0.0452588
193 21 64 128 0.0185392
194 21 64 128 0.0104644
195 21 64 128 0.0113644
58 22 64 128 0.035848
59 22 64 128 0.0179703
60 22 64 128 0.0342361
61 22 64 128 0.0199118
62 22 64 128 0.0236603
106 22 64 128 0.0257419
107 22 64 128 0.0632331
108 22 64 128 0.263145
109 22 64 128 0.391904
110 22 64 128 0.573231
111 22 64 128 0.418633
112 22 64 128 0.476556
113 22 64 128 0.21174
114 22 64 128 0.0452896
132 22 64 128 0.0113906
133 22 64 128 0.013073
135 22 64 128 0.0135696
137 22 64 128 0.0121026
181 22 64 128 0.0263665
182 22 64 128 0.0433606
183 22 64 128 0.0733759
184 22 64 128 0.0783954
185 22 64 128 0.168024
186 22 64 128 0.138561
187 22 64 128 0.117847
188 22 64 128 0.144957
189 22 64 128 0.0874968
190 22 64 128 0.0132647
193 22 64 128 0.0366473
194 22 64 128 0.0195602
195 22 64 128 0.0196486
196 22 64 128 0.01324
58 23 64 128 0.0400343
59 23 64 128 0.0287593
60 23 64 128 0.0528384
61 23 64 128 0.0372458
62 23 64 128 0.0371498
63 23 64 128 0.0118054
106 23 64 128 0.0193503
107 23 64 128 0.0596903
108 23 64 128 0.259479
109 23 64 128 0.448067
110 23 64 128 0.554588
111 23 64 128 0.413252
112 23 64 128 0.462438
113 23 64 128 0.257726
114 23 64 128 0.0531081
115 23 64 128 0.0130904
133 23 64 128 0.0121319
135 23 64 128 0.0113664
137 23 64 128 0.010281
180 23 64 128 0.020871
181 23 64 128 0.0600378
182 23 64 128 0.103412
183 23 64 128 0.156396
184 23 64 128 0.160174
185 23 64 128 0.281611
186 23 64 128 0.245715
187 23 64 128 0.166735
188 23 64 128 0.17749
189 23 64 128 0.0814475
190 23 64 128 0.0138535
193 23 64 128 0.0252216
194 23 64 128 0.0141493
195 23 64 128 0.0111052
57 24 64 128 0.0109294
58 24 64 128 0.0640958
59 24 64 128 0.0496338
60 24 64 128 0.103073
61 24 64 128 0.0796231
62 24 64 128 0.0903298
63 24 64 128 0.02868
64 24 64 128 0.0198912
106 24 64 128 0.0141879
107 24 64 128 0.0443548
108 24 64 128 0.219549
109 24 64 128 0.380789
110 24 64 128 0.511436
111 24 64 128 0.35767
112 24 64 128 0.431974
113 24 64 128 0.183296
114 24 64 128 0.0423062
115 24 64 128 0.0131721
131 24 64 128 0.0108687
132 24 64 128 0.0226692
133 24 64 128 0.0288882
134 24 64 128 0.0201517
135 24 64 128 0.0207486
136 24 64 128 0.0121435
137 24 64 128 0.0139192
179 24 64 128 0.0149585
180 24 64 128 0.05796
181 24 64 128 0.133751
182 24 64 128 0.211498
183 24 64 128 0.230667
184 24 64 128 0.229428
185 24 64 128 0.37047
186 24 64 128 0.320387
187 24 64 128 0.187613
188 24 64 128 0.174731
189 24 64 128 0.0766011
190 24 64 128 0.0142123
192 24 64 128 0.0108621
193 24 64 128 0.0331116
194 24 64 128 0.0197806
195 24 64 128 0.0165048
196 24 64 128 0.0126334
230 24 64 128 0.0124834
231 24 64 128 0.0148883
232 24 64 128 0.0159827
233 24 64 128 0.0123638
58 25 64 128 0.0741527
59 25 64 128 0.0509371
60 25 64 128 0.152084
61 25 64 128 0.0964564
62 25 64 128 0.135381
63 25 64 128 0.0444435
64 25 64 128 0.0455942
106 25 64 128 0.0176354
107 25 64 128 0.0675192
108 25 64 128 0.325445
109 25 64 128 0.489144
110 25 64 128 0.573723
111 25 64 128 0.409189
112 25 64 128 0.416943
113 25 64 128 0.151397
114 25 64 128 0.0414204
115 25 64 128 0.013382
131 25 64 128 0.0185743
132 25 64 128 0.0389284
133 25 64 128 0.0463891
134 25 64 128 0.0259201
135 25 64 128 0.0298967
136 25 64 128 0.0143757
137 25 64 128 0.0181194
138 25 64 128 0.0106626
176 25 64 128 0.0120289
178 25 64 128 0.0110851
179 25 64 128 0.02435
180 25 64 128 0.11064
181 25 64 128 0.248151
182 25 64 128 0.351417
183 25 64 128 0.342469
184 25 64 128 0.315496
185 25 64 128 0.394019
186 25 64 128 0.354258
187 25 64 128 0.208112
188 25 64 128 0.160255
189 25 64 128 0.06695
190 25 64 128 0.0113617
192 25 64 128 0.0101209
193 25 64 128 0.0308347
194 25 64 128 0.0165254
195 25 64 128 0.0120556
229 25 64 128 0.0118536
230 25 64 128 0.0170577
231 25 64 128 0.0236077
232 25 64 128 0.0334726
233 25 64 128 0.0264506
234 25 64 128 0.0100333
254 25 64 128 0.0110324
57 26 64 128 0.0121272
58 26 64 128 0.0908775
59 26 64 128 0.0556083
60 26 64 128 0.173632
61 26 64 128 0.125143
62 26 64 128 0.19202
63 26 64 128 0.0667167
64 26 64 128 0.0684946
65 26 64 128 0.0145193
107 26 64 128 0.0289389
108 26 64 128 0.19473
109 26 64 128 0.256003
110 26 64 128 0.348087
111 26 64 128 0.210486
112 26 64 128 0.203756
113 26 64 128 0.0725607
114 26 64 128 0.0220258
131 26 64 128 0.0230081
132 26 64 128 0.0496655
133 26 64 128 0.0632517
134 26 64 128 0.0308802
135 26 64 128 0.0277811
136 26 64 128 0.0109901
137 26 64 128 0.0147441
176 26 64 128 0.0190882
177 26 64 128 0.015683
178 26 64 128 0.0189794
179 26 64 128 0.0493654
180 26 64 128 0.206592
181 26 64 128 0.441044
182 26 64 128 0.506898
183 26 64 128 0.470305
184 26 64 128 0.463027
185 26 64 128 0.590967
186 26 64 128 0.453092
187 26 64 128 0.330261
188 26 64 128 0.260679
189 26 64 128 0.110722
190 26 64 128 0.0236574
192 26 64 128 0.0196047
193 26 64 128 0.0605536
194 26 64 128 0.0313955
195 26 64 128 0.0211629
196 26 64 128 0.0177354
197 26 64 128 0.0153441
229 26 64 128 0.0100529
230 26 64 128 0.0137014
231 26 64 128 0.019927
232 26 64 128 0.0333559
233 26 64 128 0.0320432
234 26 64 128 0.0150315
253 26 64 128 0.010424
254 26 64 128 0.017546
255 26 64 128 0.012947
58 27 64 128 0.0604742
59 27 64 128 0.0337005
60 27 64 128 0.143738
61 27 64 128 0.134884
62 27 64 128 0.225827
63 27 64 128 0.100872
64 27 64 128 0.101587
65 27 64 128 0.0325466
66 27 64 128 0.0114632
107 27 64 128 0.0223583
108 27 64 128 0.138689
109 27 64 128 0.239387
110 27 64 128 0.281689
111 27 64 128 0.1286
112 27 64 128 0.129116
113 27 64 128 0.0472661
114 27 64 128 0.01274
131 27 64 128 0.0166645
132 27 64 128 0.0321341
133 27 64 128 0.0343148
134 27 64 128 0.0163671
135 27 64 128 0.0104651
149 27 64 128 0.0136451
151 27 64 128 0.0114478
153 27 64 128 0.0128377
155 27 64 128 0.0122929
157 27 64 128 0.013092
176 27 64 128 0.0200739
177 27 64 128 0.0166856
178 27 64 128 0.0254982
179 27 64 128 0.0649286
180 27 64 128 0.267322
181 27 64 128 0.475088
182 27 64 128 0.535151
183 27 64 128 0.492746
184 27 64 128 0.498243
185 27 64 128 0.587744
186 27 64 128 0.413929
187 27 64 128 0.287288
188 27 64 128 0.205482
189 27 64 128 0.0764526
190 27 64 128 0.0163695
192 27 64 128 0.0158226
193 27 64 128 0.0474528
194 27 64 128 0.0235752
195 27 64 128 0.0159141
196 27 64 128 0.0145966
197 27 64 128 0.0118742
229 27 64 128 0.0109903
230 27 64 128 0.0166067
231 27 64 128 0.0230059
232 27 64 128 0.0397753
233 27 64 128 0.0425237
234 27 64 128 0.0273874
235 27 64 128 0.0124894
248 27 64 128 0.0115888
249 27 64 128 0.0111771
250 27 64 128 0.0146855
251 27 64 128 0.0158357
252 27 64 128 0.028288
253 27 64 128 0.0334608
254 27 64 128 0.0470754
255 27 64 128 0.033009
58 28 64 128 0.0575752
59 28 64 128 0.0353664
60 28 64 128 0.164654
61 28 64 128 0.167283
62 28 64 128 0.29693
63 28 64 128 0.177345
64 28 64 128 0.187091
65 28 64 128 0.0674688
66 28 64 128 0.021046
108 28 64 128 0.0563599
109 28 64 128 0.112339
110 28 64 128 0.125512
111 28 64 128 0.0545134
112 28 64 128 0.0479599
113 28 64 128 0.0209656
130 28 64 128 0.011306
131 28 64 128 0.0292857
132 28 64 128 0.0574337
133 28 64 128 0.0386575
134 28 64 128 0.0211742
151 28 64 128 0.0125234
153 28 64 128 0.0140863
155 28 64 128 0.0160184
157 28 64 128 0.0124327
175 28 64 128 0.0168094
176 28 64 128 0.0346145
177 28 64 128 0.0270935
178 28 64 128 0.0359684
179 28 64 128 0.0963976
180 28 64 128 0.30795
181 28 64 128 0.523199
182 28 64 128 0.571498
183 28 64 128 0.499403
184 28 64 128 0.509639
185 28 64 128 0.603719
186 28 64 128 0.511638
187 28 64 128 0.329747
188 28 64 128 0.255081
189 28 64 128 0.102118
190 28 64 128 0.0249393
191 28 64 128 0.0130616
192 28 64 128 0.0304328
193 28 64 128 0.0928428
194 28 64 128 0.0466229
195 28 64 128 0.0307933
196 28 64 128 0.0260735
197 28 64 128 0.0273183
198 28 64 128 0.0103645
199 28 64 128 0.0141954
200 28 64 128 0.0129176
201 28 64 128 0.0106676
213 28 64 128 0.0204247
214 28 64 128 0.0103534
217 28 64 128 0.0182464
230 28 64 128 0.0142705
231 28 64 128 0.0164814
232 28 64 128 0.0291818
233 28 64 128 0.0389589
234 28 64 128 0.0307757
235 28 64 128 0.015318
250 28 64 128 0.0131
251 28 64 128 0.0168375
252 28 64 128 0.0304731
253 28 64 128 0.0372048
254 28 64 128 0.0574254
255 28 64 128 0.0368901
58 29 64 128 0.0369447
59 29 64 128 0.022447
60 29 64 128 0.11332
61 29 64 128 0.113373
62 29 64 128 0.239409
63 29 64 128 0.140338
64 29 64 128 0.15016
65 29 64 128 0.0471433
66 29 64 128 0.0192042
108 29 64 128 0.043092
109 29 64 128 0.0812065
110 29 64 128 0.0668779
111 29 64 128 0.0343284
112 29 64 128 0.0312249
113 29 64 128 0.0106187
130 29 64 128 0.0103666
131 29 64 128 0.0256198
132 29 64 128 0.0368454
133 29 64 128 0.0235948
151 29 64 128 0.0124268
152 29 64 128 0.0101682
153 29 64 128 0.0143775
155 29 64 128 0.013432
174 29 64 128 0.0114058
175 29 64 128 0.0240038
176 29 64 128 0.0421401
177 29 64 128 0.031761
178 29 64 128 0.0320813
179 29 64 128 0.0836736
180 29 64 128 0.303613
181 29 64 128 0.470313
182 29 64 128 0.534359
183 29 64 128 0.441309
184 29 64 128 0.462803
185 29 64 128 0.516601
186 29 64 128 0.424634
187 29 64 128 0.267384
188 29 64 128 0.206602
189 29 64 128 0.0809591
190 29 64 128 0.0194902
191 29 64 128 0.0125084
192 29 64 128 0.0309553
193 29 64 128 0.0952942
194 29 64 128 0.0411703
195 29 64 128 0.0284505
196 29 64 128 0.0241338
197 29 64 128 0.0244776
198 29 64 128 0.0109457
199 29 64 128 0.0171979
200 29 64 128 0.0170459
201 29 64 128 0.0156732
213 29 64 128 0.0423711
214 29 64 128 0.023818
215 29 64 128 0.0216783
216 29 64 128 0.0184534
217 29 64 128 0.0414998
218 29 64 128 0.0209972
219 29 64 128 0.0123055
229 29 64 128 0.0132798
230 29 64 128 0.0201472
231 29 64 128 0.023215
232 29 64 128 0.0466098
233 29 64 128 0.0545912
234 29 64 128 0.0406954
235 29 64 128 0.0220776
236 29 64 128 0.0174571
237 29 64 128 0.0142704
238 29 64 128 0.0136016
243 29 64 128 0.0100077
244 29 64 128 0.0152339
245 29 64 128 0.0174858
246 29 64 128 0.0194069
247 29 64 128 0.0151791
248 29 64 128 0.0205771
249 29 64 128 0.0190542
250 29 64 128 0.0297537
251 29 64 128 0.0397489
252 29 64 128 0.0701421
253 29 64 128 0.0865677
254 29 64 128 0.119646
255 29 64 128 0.0753979
58 30 64 128 0.0339233
59 30 64 128 0.0222931
60 30 64 128 0.110624
61 30 64 128 0.123997
62 30 64 128 0.268468
63 30 64 128 0.143274
64 30 64 128 0.147457
65 30 64 128 0.0433701
66 30 64 128 0.0184271
108 30 64 128 0.0147788
109 30 64 128 0.0238088
110 30 64 128 0.0194126
111 30 64 128 0.011732
112 30 64 128 0.0111286
130 30 64 128 0.0119272
131 30 64 128 0.0205803
132 30 64 128 0.0284595
133 30 64 128 0.0177602
153 30 64 128 0.0106863
174 30 64 128 0.0184037
175 30 64 128 0.042033
176 30 64 128 0.0585537
177 30 64 128 0.047224
178 30 64 128 0.041392
179 30 64 128 0.119267
180 30 64 128 0.353722
181 30 64 128 0.556773
182 30 64 128 0.550699
183 30 64 128 0.521895
184 30 64 128 0.471043
185 30 64 128 0.542885
186 30 64 128 0.418826
187 30 64 128 0.29346
188 30 64 128 0.213304
189 30 64 128 0.0891894
190 30 64 128 0.0226605
191 30 64 128 0.0175958
192 30 64 128 0.034599
193 30 64 128 0.106838
194 30 64 128 0.053214
195 30 64 128 0.0376953
196 30 64 128 0.0350797
197 30 64 128 0.0407338
198 30 64 128 0.0214861
199 30 64 128 0.0349077
200 30 64 128 0.0376728
201 30 64 128 0.0377084
202 30 64 128 0.0147707
203 30 64 128 0.0142823
204 30 64 128 0.0103806
205 30 64 128 0.0113538
211 30 64 128 0.0161712
212 30 64 128 0.0341038
213 30 64 128 0.161333
214 30 64 128 0.0790692
215 30 64 128 0.0838064
216 30 64 128 0.0616314
217 30 64 128 0.104977
218 30 64 128 0.0539577
219 30 64 128 0.0301744
220 30 64 128 0.0136081
230 30 64 128 0.014061
231 30 64 128 0.0137108
232 30 64 128 0.0288759
233 30 64 128 0.0314654
234 30 64 128 0.0269995
235 30 64 128 0.0179493
236 30 64 128 0.0147241
237 30 64 128 0.0148965
238 30 64 128 0.0121486
244 30 64 128 0.013832
245 30 64 128 0.0135932
246 30 64 128 0.0157657
247 30 64 128 0.0104667
248 30 64 128 0.0139944
249 30 64 128 0.0126312
250 30 64 128 0.0192001
251 30 64 128 0.026189
252 30 64 128 0.0473637
253 30 64 128 0.0517096
254 30 64 128 0.0800431
255 30 64 128 0.0515562
58 31 64 128 0.0319458
59 31 64 128 0.0208779
60 31 64 128 0.0963311
61 31 64 128 0.144265
62 31 64 128 0.277253
63 31 64 128 0.152129
64 31 64 128 0.120805
65 31 64 128 0.0396026
66 31 64 128 0.0185817
108 31 64 128 0.0124898
109 31 64 128 0.0167833
110 31 64 128 0.0139733
174 31 64 128 0.0177322
175 31 64 128 0.0413304
176 31 64 128 0.0469274
177 31 64 128 0.0333817
178 31 64 128 0.0268993
179 31 64 128 0.0819527
180 31 64 128 0.25876
181 31 64 128 0.389375
182 31 64 128 0.43054
183 31 64 128 0.39851
184 31 64 128 0.39
185 31 64 128 0.426444
186 31 64 128 0.30815
187 31 64 128 0.235584
188 31 64 128 0.141271
189 31 64 128 0.0606739
190 31 64 128 0.0148435
191 31 64 128 0.0154294
192 31 64 128 0.0258449
193 31 64 128 0.0764359
194 31 64 128 0.0355898
195 31 64 128 0.0279281
196 31 64 128 0.0266233
197 31 64 128 0.0373014
198 31 64 128 0.0244429
199 31 64 128 0.046013
200 31 64 128 0.0565878
201 31 64 128 0.0479809
202 31 64 128 0.0236825
203 31 64 128 0.0245006
204 31 64 128 0.0199587
205 31 64 128 0.0179598
206 31 64 128 0.0136688
207 31 64 128 0.0124488
208 31 64 128 0.0114901
209 31 64 128 0.0120579
211 31 64 128 0.0213475
212 31 64 128 0.0543998
213 31 64 128 0.227852
214 31 64 128 0.140512
215 31 64 128 0.140197
216 31 64 128 0.0953806
217 31 64 128 0.15952
218 31 64 128 0.0842793
219 31 64 128 0.0514056
220 31 64 128 0.0212752
221 31 64 128 0.0117141
228 31 64 128 0.0104983
229 31 64 128 0.0159927
230 31 64 128 0.0217027
231 31 64 128 0.0223016
232 31 64 128 0.0378704
233 31 64 128 0.0415191
234 31 64 128 0.0368326
235 31 64 128 0.027932
236 31 64 128 0.0247878
237 31 64 128 0.020791
238 31 64 128 0.0188105
239 31 64 128 0.0126038
244 31 64 128 0.0155953
245 31 64 128 0.0151129
246 31 64 128 0.015968
247 31 64 128 0.0109669
248 31 64 128 0.0135949
249 31 64 128 0.0139687
250 31 64 128 0.0214067
251 31 64 128 0.0296343
252 31 64 128 0.0494669
253 31 64 128 0.0476371
254 31 64 128 0.0636085
255 31 64 128 0.0378748
58 32 64 128 0.0413378
59 32 64 128 0.0390989
60 32 64 128 0.150462
61 32 64 128 0.206354
62 32 64 128 0.31658
63 32 64 128 0.181389
64 32 64 128 0.125049
65 32 64 128 0.038465
66 32 64 128 0.0155941
131 32 64 128 0.0104751
132 32 64 128 0.0102642
174 32 64 128 0.0311612
175 32 64 128 0.0749485
176 32 64 128 0.0763771
177 32 64 128 0.0539412
178 32 64 128 0.0449967
179 32 64 128 0.146559
180 32 64 128 0.34344
181 32 64 128 0.476794
182 32 64 128 0.462057
183 32 64 128 0.455059
184 32 64 128 0.400891
185 32 64 128 0.449097
186 32 64 128 0.338098
187 32 64 128 0.255991
188 32 64 128 0.160704
189 32 64 128 0.0896174
190 32 64 128 0.0228309
191 32 64 128 0.0273412
192 32 64 128 0.045558
193 32 64 128 0.127952
194 32 64 128 0.0552789
195 32 64 128 0.0510123
196 32 64 128 0.0528382
197 32 64 128 0.0818114
198 32 64 128 0.0628565
199 32 64 128 0.138253
200 32 64 128 0.13331
201 32 64 128 0.14017
202 32 64 128 0.0687294
203 32 64 128 0.100008
204 32 64 128 0.0708982
205 32 64 128 0.0760134
206 32 64 128 0.0483997
207 32 64 128 0.0544882
208 32 64 128 0.0556056
209 32 64 128 0.0700059
210 32 64 128 0.0449214
211 32 64 128 0.0938966
212 32 64 128 0.190354
213 32 64 128 0.576734
214 32 64 128 0.386399
215 32 64 128 0.389738
216 32 64 128 0.286869
217 32 64 128 0.42937
218 32 64 128 0.245048
219 32 64 128 0.15781
220 32 64 128 0.0581015
221 32 64 128 0.0344226
222 32 64 128 0.0178794
223 32 64 128 0.010031
224 32 64 128 0.0104284
225 32 64 128 0.011529
226 32 64 128 0.0128399
227 32 64 128 0.0142215
228 32 64 128 0.0157994
229 32 64 128 0.0231323
230 32 64 128 0.0324692
231 32 64 128 0.0284739
232 32 64 128 0.0441579
233 32 64 128 0.0518946
234 32 64 128 0.0525639
235 32 64 128 0.0366426
236 32 64 128 0.0284537
237 32 64 128 0.0249322
238 32 64 128 0.0226842
239 32 64 128 0.0135397
240 32 64 128 0.0107336
244 32 64 128 0.0130803
245 32 64 128 0.0116054
246 32 64 128 0.0125983
250 32 64 128 0.0134271
251 32 64 128 0.020753
252 32 64 128 0.0330449
253 32 64 128 0.0312732
254 32 64 128 0.0419171
255 32 64 128 0.0238521
58 33 64 128 0.0407439
59 33 64 128 0.0328256
60 33 64 128 0.134053
61 33 64 128 0.141525
62 33 64 128 0.264957
63 33 64 128 0.111723
64 33 64 128 0.0747226
65 33 64 128 0.0191033
174 33 64 128 0.0393968
175 33 64 128 0.0830137
176 33 64 128 0.0861279
177 33 64 128 0.0589162
178 33 64 128 0.0488267
179 33 64 128 0.133384
180 33 64 128 0.332955
181 33 64 128 0.475608
182 33 64 128 0.463516
183 33 64 128 0.443248
184 33 64 128 0.400649
185 33 64 128 0.460295
186 33 64 128 0.28975
187 33 64 128 0.242282
188 33 64 128 0.159872
189 33 64 128 0.106467
190 33 64 128 0.02444
191 33 64 128 0.0251501
192 33 64 128 0.043975
193 33 64 128 0.111986
194 33 64 128 0.0437378
195 33 64 128 0.0368389
196 33 64 128 0.0435574
197 33 64 128 0.0774894
198 33 64 128 0.0682059
199 33 64 128 0.164326
200 33 64 128 0.17581
201 33 64 128 0.195033
202 33 64 128 0.0933259
203 33 64 128 0.129662
204 33 64 128 0.103896
205 33 64 128 0.104223
206 33 64 128 0.0744602
207 33 64 128 0.075283
208 33 64 128 0.0895859
209 33 64 128 0.101299
210 33 64 128 0.0704188
211 33 64 128 0.137898
212 33 64 128 0.251287
213 33 64 128 0.628272
214 33 64 128 0.476813
215 33 64 128 0.468554
216 33 64 128 0.372619
217 33 64 128 0.48728
218 33 64 128 0.301109
219 33 64 128 0.170235
220 33 64 128 0.0711706
221 33 64 128 0.0425943
222 33 64 128 0.0243963
223 33 64 128 0.0146509
224 33 64 128 0.0173986
225 33 64 128 0.0197888
226 33 64 128 0.0244989
227 33 64 128 0.0262478
228 33 64 128 0.0328093
229 33 64 128 0.0571597
230 33 64 128 0.0738768
231 33 64 128 0.0617732
232 33 64 128 0.10007
233 33 64 128 0.117395
234 33 64 128 0.0982006
235 33 64 128 0.0622736
236 33 64 128 0.0524276
237 33 64 128 0.0416887
238 33 64 128 0.0272314
239 33 64 128 0.0155757
250 33 64 128 0.0102484
251 33 64 128 0.0156645
252 33 64 128 0.024212
253 33 64 128 0.0220229
254 33 64 128 0.0254015
255 33 64 128 0.0163282
58 34 64 128 0.0304582
59 34 64 128 0.030275
60 34 64 128 0.126684
61 34 64 128 0.136641
62 34 64 128 0.226073
63 34 64 128 0.0939626
64 34 64 128 0.0657047
65 34 64 128 0.0151405
173 34 64 128 0.0119782
174 34 64 128 0.0445487
175 34 64 128 0.109176
176 34 64 128 0.0973054
177 34 64 128 0.0834126
178 34 64 128 0.0594596
179 34 64 128 0.172728
180 34 64 128 0.374007
181 34 64 128 0.557591
182 34 64 128 0.493544
183 34 64 128 0.534921
184 34 64 128 0.44573
185 34 64 128 0.525952
186 34 64 128 0.322956
187 34 64 128 0.32921
188 34 64 128 0.212012
189 34 64 128 0.14752
190 34 64 128 0.0380814
191 34 64 128 0.0402474
192 34 64 128 0.0554777
193 34 64 128 0.121607
194 34 64 128 0.0534281
195 34 64 128 0.0393988
196 34 64 128 0.0649774
197 34 64 128 0.125104
198 34 64 128 0.126748
199 34 64 128 0.27882
200 34 64 128 0.325577
201 34 64 128 0.362767
202 34 64 128 0.199363
203 34 64 128 0.316025
204 34 64 128 0.270039
205 34 64 128 0.290745
206 34 64 128 0.206776
207 34 64 128 0.248731
208 34 64 128 0.227861
209 34 64 128 0.277048
210 34 64 128 0.167299
211 34 64 128 0.303748
212 34 64 128 0.441546
213 34 64 128 0.756236
214 34 64 128 0.594597
215 34 64 128 0.621299
216 34 64 128 0.468998
217 34 64 128 0.599391
218 34 64 128 0.349045
219 34 64 128 0.20302
220 34 64 128 0.0802891
221 34 64 128 0.0486488
222 34 64 128 0.0261589
223 34 64 128 0.0156561
224 34 64 128 0.0170481
225 34 64 128 0.02009
226 34 64 128 0.0241824
227 34 64 128 0.0243869
228 34 64 128 0.0305216
229 34 64 128 0.05467
230 34 64 128 0.0768008
231 34 64 128 0.0551193
232 34 64 128 0.0890433
233 34 64 128 0.0891324
234 34 64 128 0.0787364
235 34 64 128 0.0383291
236 34 64 128 0.0314392
237 34 64 128 0.0240906
238 34 64 128 0.0146406
252 34 64 128 0.0127738
253 34 64 128 0.0110426
254 34 64 128 0.0131814
58 35 64 128 0.0264602
59 35 64 128 0.0232228
60 35 64 128 0.0958516
61 35 64 128 0.109981
62 35 64 128 0.174492
63 35 64 128 0.0660963
64 35 64 128 0.0363686
65 35 64 128 0.0114338
173 35 64 128 0.0107403
174 35 64 128 0.0366131
175 35 64 128 0.102795
176 35 64 128 0.0778694
177 35 64 128 0.0664655
178 35 64 128 0.041052
179 35 64 128 0.119565
180 35 64 128 0.276602
181 35 64 128 0.46763
182 35 64 128 0.370571
183 35 64 128 0.439231
184 35 64 128 0.395477
185 35 64 128 0.498314
186 35 64 128 0.297932
187 35 64 128 0.337891
188 35 64 128 0.193811
189 35 64 128 0.135953
190 35 64 128 0.0324997
191 35 64 128 0.031017
192 35 64 128 0.0335717
193 35 64 128 0.0635001
194 35 64 128 0.0235607
195 35 64 128 0.0194472
196 35 64 128 0.0308524
197 35 64 128 0.064825
198 35 64 128 0.0773472
199 35 64 128 0.181051
200 35 64 128 0.235194
201 35 64 128 0.246237
202 35 64 128 0.148263
203 35 64 128 0.226109
204 35 64 128 0.205782
205 35 64 128 0.218589
206 35 64 128 0.165281
207 35 64 128 0.197754
208 35 64 128 0.204041
209 35 64 128 0.231574
210 35 64 128 0.13244
211 35 64 128 0.254297
212 35 64 128 0.322802
213 35 64 128 0.646447
214 35 64 128 0.477978
215 35 64 128 0.501615
216 35 64 128 0.328226
217 35 64 128 0.445121
218 35 64 128 0.221717
219 35 64 128 0.135317
220 35 64 128 0.0513415
221 35 64 128 0.0318713
222 35 64 128 0.017356
223 35 64 128 0.0139943
224 35 64 128 0.0177425
225 35 64 128 0.0199189
226 35 64 128 0.0284245
227 35 64 128 0.028882
228 35 64 128 0.0421909
229 35 64 128 0.0749889
230 35 64 128 0.10312
231 35 64 128 0.0740668
232 35 64 128 0.109417
233 35 64 128 0.100218
234 35 64 128 0.0625411
235 35 64 128 0.0316763
236 35 64 128 0.0238338
237 35 64 128 0.0170995
58 36 64 128 0.0119028
59 36 64 128 0.0150587
60 36 64 128 0.0600381
61 36 64 128 0.0729359
62 36 64 128 0.0972637
63 36 64 128 0.0397706
64 36 64 128 0.0255497
173 36 64 128 0.0137597
174 36 64 128 0.0470649
175 36 64 128 0.123115
176 36 64 128 0.0755482
177 36 64 128 0.0714562
178 36 64 128 0.0418812
179 36 64 128 0.13998
180 36 64 128 0.269007
181 36 64 128 0.467006
182 36 64 128 0.34437
183 36 64 128 0.465942
184 36 64 128 0.42477
185 36 64 128 0.573327
186 36 64 128 0.372622
187 36 64 128 0.424306
188 36 64 128 0.253143
189 36 64 128 0.21597
190 36 64 128 0.0497012
191 36 64 128 0.0491111
192 36 64 128 0.0495269
193 36 64 128 0.0921652
194 36 64 128 0.0323058
195 36 64 128 0.0295282
196 36 64 128 0.0485726
197 36 64 128 0.101043
198 36 64 128 0.108754
199 36 64 128 0.257121
200 36 64 128 0.300479
201 36 64 128 0.366286
202 36 64 128 0.227441
203 36 64 128 0.328256
204 36 64 128 0.299915
205 36 64 128 0.322604
206 36 64 128 0.211183
207 36 64 128 0.280819
208 36 64 128 0.324292
209 36 64 128 0.401474
210 36 64 128 0.20981
211 36 64 128 0.382199
212 36 64 128 0.432187
213 36 64 128 0.738218
214 36 64 128 0.530248
215 36 64 128 0.551668
216 36 64 128 0.342616
217 36 64 128 0.463417
218 36 64 128 0.232145
219 36 64 128 0.135629
220 36 64 128 0.0558013
221 36 64 128 0.0340924
222 36 64 128 0.0208734
223 36 64 128 0.0152595
224 36 64 128 0.0172363
225 36 64 128 0.0208648
226 36 64 128 0.0275218
227 36 64 128 0.0321065
228 36 64 128 0.0415274
229 36 64 128 0.0727918
230 36 64 128 0.0926239
231 36 64 128 0.0578507
232 36 64 128 0.0714616
233 36 64 128 0.0745529
234 36 64 128 0.0505407
235 36 64 128 0.0220942
236 36 64 128 0.0182839
237 36 64 128 0.0106839
60 37 64 128 0.0240875
61 37 64 128 0.023145
62 37 64 128 0.0320431
63 37 64 128 0.014467
64 37 64 128 0.0101815
130 37 64 128 0.0106073
152 37 64 128 0.0117048
153 37 64 128 0.0149015
173 37 64 128 0.0259579
174 37 64 128 0.0946634
175 37 64 128 0.199896
176 37 64 128 0.114617
177 37 64 128 0.0941916
178 37 64 128 0.03976
179 37 64 128 0.142238
180 37 64 128 0.26005
181 37 64 128 0.446657
182 37 64 128 0.318976
183 37 64 128 0.443918
184 37 64 128 0.413305
185 37 64 128 0.588341
186 37 64 128 0.450437
187 37 64 128 0.445558
188 37 64 128 0.277515
189 37 64 128 0.247116
190 37 64 128 0.0518584
191 37 64 128 0.039384
192 37 64 128 0.0376007
193 37 64 128 0.061578
194 37 64 128 0.0184601
195 37 64 128 0.0148753
196 37 64 128 0.024992
197 37 64 128 0.0527289
198 37 64 128 0.0543774
199 37 64 128 0.139338
200 37 64 128 0.208056
201 37 64 128 0.230585
202 37 64 128 0.137321
203 37 64 128 0.222309
204 37 64 128 0.208601
205 37 64 128 0.249377
206 37 64 128 0.161334
207 37 64 128 0.198771
208 37 64 128 0.254168
209 37 64 128 0.296337
210 37 64 128 0.137783
211 37 64 128 0.253926
212 37 64 128 0.32153
213 37 64 128 0.559256
214 37 64 128 0.368774
215 37 64 128 0.366126
216 37 64 128 0.208556
217 37 64 128 0.254133
218 37 64 128 0.114847
219 37 64 128 0.052758
220 37 64 128 0.0227121
221 37 64 128 0.0146258
225 37 64 128 0.0102398
226 37 64 128 0.01507
227 37 64 128 0.0177187
228 37 64 128 0.0234151
229 37 64 128 0.047994
230 37 64 128 0.0548925
231 37 64 128 0.0383668
232 37 64 128 0.0454481
233 37 64 128 0.0492291
234 37 64 128 0.0291675
235 37 64 128 0.0132684
236 37 64 128 0.0102097
60 38 64 128 0.0122466
61 38 64 128 0.013992
62 38 64 128 0.0163979
132 38 64 128 0.0103872
141 38 64 128 0.0103246
142 38 64 128 0.0146967
143 38 64 128 0.0142485
144 38 64 128 0.0107826
150 38 64 128 0.0105937
151 38 64 128 0.022766
152 38 64 128 0.0359783
153 38 64 128 0.0485721
154 38 64 128 0.0197929
155 38 64 128 0.0146359
173 38 64 128 0.0520282
174 38 64 128 0.1451
175 38 64 128 0.26882
176 38 64 128 0.141967
177 38 64 128 0.103041
178 38 64 128 0.0450877
179 38 64 128 0.153575
180 38 64 128 0.283363
181 38 64 128 0.464161
182 38 64 128 0.350991
183 38 64 128 0.528132
184 38 64 128 0.494907
185 38 64 128 0.652832
186 38 64 128 0.509437
187 38 64 128 0.561529
188 38 64 128 0.407631
189 38 64 128 0.352211
190 38 64 128 0.0763181
191 38 64 128 0.0549538
192 38 64 128 0.0393664
193 38 64 128 0.0657621
194 38 64 128 0.0253576
195 38 64 128 0.0171487
196 38 64 128 0.0320452
197 38 64 128 0.0659167
198 38 64 128 0.0674921
199 38 64 128 0.177656
200 38 64 128 0.275254
201 38 64 128 0.31133
202 38 64 128 0.191911
203 38 64 128 0.355846
204 38 64 128 0.353746
205 38 64 128 0.378083
206 38 64 128 0.280223
207 38 64 128 0.403712
208 38 64 128 0.398955
209 38 64 128 0.47163
210 38 64 128 0.249209
211 38 64 128 0.349395
212 38 64 128 0.397324
213 38 64 128 0.630926
214 38 64 128 0.408723
215 38 64 128 0.385307
216 38 64 128 0.222844
217 38 64 128 0.253394
218 38 64 128 0.108981
219 38 64 128 0.0525587
220 38 64 128 0.0212915
221 38 64 128 0.0137658
227 38 64 128 0.012427
228 38 64 128 0.0149929
229 38 64 128 0.0345199
230 38 64 128 0.033717
231 38 64 128 0.0236342
232 38 64 128 0.0273003
233 38 64 128 0.0285292
234 38 64 128 0.0163444
62 39 64 128 0.0102788
141 39 64 128 0.0105074
142 39 64 128 0.0154404
143 39 64 128 0.0176062
144 39 64 128 0.0121777
149 39 64 128 0.0109745
150 39 64 128 0.0161714
151 39 64 128 0.030051
152 39 64 128 0.0507555
153 39 64 128 0.0586686
154 39 64 128 0.0267939
155 39 64 128 0.0233872
172 39 64 128 0.0110977
173 39 64 128 0.0901548
174 39 64 128 0.209345
175 39 64 128 0.354326
176 39 64 128 0.170041
177 39 64 128 0.113352
178 39 64 128 0.0381309
179 39 64 128 0.142421
180 39 64 128 0.247761
181 39 64 128 0.454553
182 39 64 128 0.302014
183 39 64 128 0.469708
184 39 64 128 0.410174
185 39 64 128 0.605842
186 39 64 128 0.455524
187 39 64 128 0.490184
188 39 64 128 0.327712
189 39 64 128 0.283004
190 39 64 128 0.0574367
191 39 64 128 0.0335656
192 39 64 128 0.0207642
193 39 64 128 0.0371192
194 39 64 128 0.0128814
196 39 64 128 0.0159176
197 39 64 128 0.0376908
198 39 64 128 0.0473604
199 39 64 128 0.133103
200 39 64 128 0.199413
201 39 64 128 0.223233
202 39 64 128 0.145498
203 39 64 128 0.293103
204 39 64 128 0.336732
205 39 64 128 0.35654
206 39 64 128 0.301843
207 39 64 128 0.402392
208 39 64 128 0.427737
209 39 64 128 0.453309
210 39 64 128 0.277841
211 39 64 128 0.305651
212 39 64 128 0.352258
213 39 64 128 0.504259
214 39 64 128 0.341912
215 39 64 128 0.257516
216 39 64 128 0.138328
217 39 64 128 0.132849
218 39 64 128 0.0505289
219 39 64 128 0.0222864
229 39 64 128 0.0175902
230 39 64 128 0.0200134
231 39 64 128 0.0149314
232 39 64 128 0.0191015
233 39 64 128 0.0190238
141 40 64 128 0.0155304
142 40 64 128 0.0221237
143 40 64 128 0.0256645
144 40 64 128 0.0236695
145 40 64 128 0.0160692
148 40 64 128 0.0170229
149 40 64 128 0.0283158
150 40 64 128 0.0426127
151 40 64 128 0.0773881
152 40 64 128 0.114458
153 40 64 128 0.175207
154 40 64 128 0.0853455
155 40 64 128 0.0673343
156 40 64 128 0.0235321
157 40 64 128 0.016944
172 40 64 128 0.0206344
173 40 64 128 0.160805
174 40 64 128 0.243145
175 40 64 128 0.399074
176 40 64 128 0.196928
177 40 64 128 0.126721
178 40 64 128 0.0445169
179 40 64 128 0.162111
180 40 64 128 0.269209
181 40 64 128 0.442722
182 40 64 128 0.320626
183 40 64 128 0.486587
184 40 64 128 0.453613
185 40 64 128 0.643183
186 40 64 128 0.463089
187 40 64 128 0.48991
188 40 64 128 0.280144
189 40 64 128 0.260147
190 40 64 128 0.0444864
191 40 64 128 0.0279585
192 40 64 128 0.0157004
193 40 64 128 0.0297805
194 40 64 128 0.0121267
196 40 64 128 0.0151901
197 40 64 128 0.0414022
198 40 64 128 0.0475869
199 40 64 128 0.123286
200 40 64 128 0.160617
201 40 64 128 0.210603
202 40 64 128 0.126777
203 40 64 128 0.263611
204 40 64 128 0.279759
205 40 64 128 0.360487
206 40 64 128 0.258383
207 40 64 128 0.343495
208 40 64 128 0.363409
209 40 64 128 0.395338
210 40 64 128 0.215719
211 40 64 128 0.270268
212 40 64 128 0.278676
213 40 64 128 0.437695
214 40 64 128 0.234012
215 40 64 128 0.172038
216 40 64 128 0.0650098
217 40 64 128 0.0753067
218 40 64 128 0.026579
219 40 64 128 0.0141918
229 40 64 128 0.0103369
230 40 64 128 0.0131459
232 40 64 128 0.0116184
233 40 64 128 0.0129136
86 41 64 128 0.0101322
141 41 64 128 0.0135676
142 41 64 128 0.0201768
143 41 64 128 0.0240714
144 41 64 128 0.0286461
145 41 64 128 0.0215358
147 41 64 128 0.0118187
148 41 64 128 0.0286222
149 41 64 128 0.0426803
150 41 64 128 0.0644467
151 41 64 128 0.124858
152 41 64 128 0.186034
153 41 64 128 0.22966
154 41 64 128 0.12425
155 41 64 128 0.10089
156 41 64 128 0.0377582
157 41 64 128 0.0272808
158 41 64 128 0.0121874
171 41 64 128 0.010333
172 41 64 128 0.0357191
173 41 64 128 0.268376
174 41 64 128 0.363982
175 41 64 128 0.494572
176 41 64 128 0.257645
177 41 64 128 0.161571
178 41 64 128 0.0530766
179 41 64 128 0.166167
180 41 64 128 0.286036
181 41 64 128 0.482161
182 41 64 128 0.350375
183 41 64 128 0.543154
184 41 64 128 0.503001
185 41 64 128 0.633375
186 41 64 128 0.421512
187 41 64 128 0.447331
188 41 64 128 0.229862
189 41 64 128 0.18647
190 41 64 128 0.0281259
191 41 64 128 0.0142389
193 41 64 128 0.0136908
197 41 64 128 0.0190576
198 41 64 128 0.0242594
199 41 64 128 0.0725373
200 41 64 128 0.103027
201 41 64 128 0.134338
202 41 64 128 0.0697336
203 41 64 128 0.177356
204 41 64 128 0.207829
205 41 64 128 0.270443
206 41 64 128 0.208853
207 41 64 128 0.258483
208 41 64 128 0.29185
209 41 64 128 0.320738
210 41 64 128 0.152842
211 41 64 128 0.159001
212 41 64 128 0.162014
213 41 64 128 0.265699
214 41 64 128 0.108527
215 41 64 128 0.0682582
216 41 64 128 0.0230462
217 41 64 128 0.0269413
85 42 64 128 0.0103061
86 42 64 128 0.0137393
140 42 64 128 0.0105185
141 42 64 128 0.0200854
142 42 64 128 0.0313311
143 42 64 128 0.0410906
144 42 64 128 0.0609796
145 42 64 128 0.0492524
146 42 64 128 0.0297255
147 42 64 128 0.0394871
148 42 64 128 0.0750688
149 42 64 128 0.10925
150 42 64 128 0.173748
151 42 64 128 0.329217
152 42 64 128 0.388492
153 42 64 128 0.494111
154 42 64 128 0.289659
155 42 64 128 0.26119
156 42 64 128 0.107563
157 42 64 128 0.0774498
158 42 64 128 0.0272549
159 42 64 128 0.0205881
171 42 64 128 0.0111148
172 42 64 128 0.0364989
173 42 64 128 0.253751
174 42 64 128 0.287616
175 42 64 128 0.448284
176 42 64 128 0.203506
177 42 64 128 0.135702
178 42 64 128 0.0402964
179 42 64 128 0.129822
180 42 64 128 0.243673
181 42 64 128 0.479232
182 42 64 128 0.393096
183 42 64 128 0.591756
184 42 64 128 0.589422
185 42 64 128 0.687376
186 42 64 128 0.495758
187 42 64 128 0.514989
188 42 64 128 0.262878
189 42 64 128 0.183771
190 42 64 128 0.0273166
191 42 64 128 0.012968
197 42 64 128 0.0152782
198 42 64 128 0.0178568
199 42 64 128 0.045464
200 42 64 128 0.0749024
201 42 64 128 0.100367
202 42 64 128 0.0530713
203 42 64 128 0.112401
204 42 64 128 0.13149
205 42 64 128 0.185169
206 42 64 128 0.12041
207 42 64 128 0.187894
208 42 64 128 0.188635
209 42 64 128 0.218963
210 42 64 128 0.087497
211 42 64 128 0.0888888
212 42 64 128 0.0830756
213 42 64 128 0.140082
214 42 64 128 0.0427137
215 42 64 128 0.0298277
217 42 64 128 0.0101496
141 43 64 128 0.0165666
142 43 64 128 0.0236045
143 43 64 128 0.0370814
144 43 64 128 0.0573694
145 43 64 128 0.0522855
146 43 64 128 0.0331881
147 43 64 128 0.0491732
148 43 64 128 0.0951333
149 43 64 128 0.134579
150 43 64 128 0.195772
151 43 64 128 0.405144
152 43 64 128 0.456308
153 43 64 128 0.515561
154 43 64 128 0.337656
155 43 64 128 0.343757
156 43 64 128 0.153434
157 43 64 128 0.106033
158 43 64 128 0.0412887
159 43 64 128 0.0283497
172 43 64 128 0.03373
173 43 64 128 0.205986
174 43 64 128 0.245978
175 43 64 128 0.374526
176 43 64 128 0.167065
177 43 64 128 0.101889
178 43 64 128 0.0348776
179 43 64 128 0.107602
180 43 64 128 0.205915
181 43 64 128 0.456596
182 43 64 128 0.361996
183 43 64 128 0.608504
184 43 64 128 0.560327
185 43 64 128 0.661915
186 43 64 128 0.429903
187 43 64 128 0.428218
188 43 64 128 0.197092
189 43 64 128 0.119685
190 43 64 128 0.0155184
198 43 64 128 0.0114712
199 43 64 128 0.0263113
200 43 64 128 0.0493332
201 43 64 128 0.066199
202 43 64 128 0.0345032
203 43 64 128 0.0764901
204 43 64 128 0.0892753
205 43 64 128 0.12367
206 43 64 128 0.0818119
207 43 64 128 0.119516
208 43 64 128 0.126575
209 43 64 128 0.125067
210 43 64 128 0.0572948
211 43 64 128 0.0444615
212 43 64 128 0.0373755
213 43 64 128 0.0536708
214 43 64 128 0.0171451
141 44 64 128 0.0274997
142 44 64 128 0.0386514
143 44 64 128 0.0619075
144 44 64 128 0.10594
145 44 64 128 0.1147
146 44 64 128 0.0936969
147 44 64 128 0.134158
148 44 64 128 0.186784
149 44 64 128 0.238752
150 44 64 128 0.345006
151 44 64 128 0.601115
152 44 64 128 0.532867
153 44 64 128 0.631495
154 44 64 128 0.440919
155 44 64 128 0.448869
156 44 64 128 0.201841
157 44 64 128 0.148346
158 44 64 128 0.0637029
159 44 64 128 0.0481081
171 44 64 128 0.0129944
172 44 64 128 0.0306832
173 44 64 128 0.17851
174 44 64 128 0.18336
175 44 64 128 0.285996
176 44 64 128 0.123703
177 44 64 128 0.0765896
178 44 64 128 0.0250501
179 44 64 128 0.0682275
180 44 64 128 0.156715
181 44 64 128 0.383708
182 44 64 128 0.341057
183 44 64 128 0.591489
184 44 64 128 0.563987
185 44 64 128 0.637921
186 44 64 128 0.399284
187 44 64 128 0.402364
188 44 64 128 0.151744
189 44 64 128 0.107467
190 44 64 128 0.0132865
199 44 64 128 0.0143506
200 44 64 128 0.0240069
201 44 64 128 0.0344222
202 44 64 128 0.0180023
203 44 64 128 0.0320668
204 44 64 128 0.0307343
205 44 64 128 0.0488004
206 44 64 128 0.03282
207 44 64 128 0.0450393
208 44 64 128 0.0356238
209 44 64 128 0.0464322
210 44 64 128 0.0162999
211 44 64 128 0.0158025
212 44 64 128 0.0121552
213 44 64 128 0.0190798
141 45 64 128 0.0168685
142 45 64 128 0.023906
143 45 64 128 0.0402813
144 45 64 128 0.0802827
145 45 64 128 0.0852519
146 45 64 128 0.0663935
147 45 64 128 0.0927492
148 45 64 128 0.153747
149 45 64 128 0.181741
150 45 64 128 0.275509
151 45 64 128 0.537249
152 45 64 128 0.503153
153 45 64 128 0.589054
154 45 64 128 0.40969
155 45 64 128 0.390768
156 45 64 128 0.200774
157 45 64 128 0.148234
158 45 64 128 0.0728057
159 45 64 128 0.0456653
171 45 64 128 0.0140535
172 45 64 128 0.0316114
173 45 64 128 0.165363
174 45 64 128 0.180272
175 45 64 128 0.261644
176 45 64 128 0.111097
177 45 64 128 0.0648352
178 45 64 128 0.0189879
179 45 64 128 0.0512058
180 45 64 128 0.10071
181 45 64 128 0.260435
182 45 64 128 0.256246
183 45 64 128 0.511336
184 45 64 128 0.471395
185 45 64 128 0.479779
186 45 64 128 0.263731
187 45 64 128 0.2536
188 45 64 128 0.0843938
189 45 64 128 0.0554301
200 45 64 128 0.0111554
201 45 64 128 0.0164489
203 45 64 128 0.0131041
204 45 64 128 0.0140343
205 45 64 128 0.0234035
206 45 64 128 0.0139241
207 45 64 128 0.0224827
208 45 64 128 0.0185655
209 45 64 128 0.0241335
141 46 64 128 0.0202545
142 46 64 128 0.0299645
143 46 64 128 0.0574609
144 46 64 128 0.120898
145 46 64 128 0.15039
146 46 64 128 0.112964
147 46 64 128 0.14684
148 46 64 128 0.21938
149 46 64 128 0.250912
150 46 64 128 0.391214
151 46 64 128 0.667203
152 46 64 128 0.593098
153 46 64 128 0.645847
154 46 64 128 0.479465
155 46 64 128 0.501762
156 46 64 128 0.28674
157 46 64 128 0.214319
158 46 64 128 0.127002
159 46 64 128 0.0725061
160 46 64 128 0.0144947
171 46 64 128 0.0214029
172 46 64 128 0.0359733
173 46 64 128 0.161285
174 46 64 128 0.147826
175 46 64 128 0.208368
176 46 64 128 0.0782423
177 46 64 128 0.0430477
178 46 64 128 0.0126798
179 46 64 128 0.0368498
180 46 64 128 0.0865063
181 46 64 128 0.250445
182 46 64 128 0.295956
183 46 64 128 0.504993
184 46 64 128 0.469669
185 46 64 128 0.468466
186 46 64 128 0.248588
187 46 64 128 0.233421
188 46 64 128 0.0810871
189 46 64 128 0.0518281
205 46 64 128 0.0105297
209 46 64 128 0.0106547
141 47 64 128 0.0141264
142 47 64 128 0.0196108
143 47 64 128 0.0416475
144 47 64 128 0.106489
145 47 64 128 0.132565
146 47 64 128 0.113282
147 47 64 128 0.143524
148 47 64 128 0.214436
149 47 64 128 0.234906
150 47 64 128 0.363856
151 47 64 128 0.628643
152 47 64 128 0.575893
153 47 64 128 0.604958
154 47 64 128 0.457761
155 47 64 128 0.492541
156 47 64 128 0.305101
157 47 64 128 0.239095
158 47 64 128 0.165614
159 47 64 128 0.105749
160 47 64 128 0.0210648
171 47 64 128 0.0155669
172 47 64 128 0.0255454
173 47 64 128 0.126398
174 47 64 128 0.117624
175 47 64 128 0.158363
176 47 64 128 0.069062
177 47 64 128 0.036523
178 47 64 128 0.0138396
179 47 64 128 0.0376992
180 47 64 128 0.0846969
181 47 64 128 0.254565
182 47 64 128 0.263902
183 47 64 128 0.49545
184 47 64 128 0.400546
185 47 64 128 0.401228
186 47 64 128 0.174869
187 47 64 128 0.143925
188 47 64 128 0.0499209
189 47 64 128 0.0295073
141 48 64 128 0.0179922
142 48 64 128 0.0243769
143 48 64 128 0.0576993
144 48 64 128 0.163216
145 48 64 128 0.211314
146 48 64 128 0.216769
147 48 64 128 0.232852
148 48 64 128 0.285326
149 48 64 128 0.314443
150 48 64 128 0.437007
151 48 64 128 0.670767
152 48 64 128 0.533976
153 48 64 128 0.604717
154 48 64 128 0.462128
155 48 64 128 0.453519
156 48 64 128 0.264086
157 48 64 128 0.274335
158 48 64 128 0.179295
159 48 64 128 0.14453
160 48 64 128 0.0241451
169 48 64 128 0.0100792
171 48 64 128 0.018019
172 48 64 128 0.0283626
173 48 64 128 0.116493
174 48 64 128 0.0968983
175 48 64 128 0.134304
176 48 64 128 0.0620119
177 48 64 128 0.0377459
178 48 64 128 0.0133183
179 48 64 128 0.0369714
180 48 64 128 0.107888
181 48 64 128 0.303361
182 48 64 128 0.301017
183 48 64 128 0.515882
184 48 64 128 0.453985
185 48 64 128 0.393439
186 48 64 128 0.164539
187 48 64 128 0.139462
188 48 64 128 0.0418557
189 48 64 128 0.0307499
142 49 64 128 0.0143887
143 49 64 128 0.0348236
144 49 64 128 0.109145
145 49 64 128 0.143906
146 49 64 128 0.151949
147 49 64 128 0.151418
148 49 64 128 0.183062
149 49 64 128 0.243938
150 49 64 128 0.33285
151 49 64 128 0.525328
152 49 64 128 0.383965
153 49 64 128 0.453515
154 49 64 128 0.330381
155 49 64 128 0.325859
156 49 64 128 0.215423
157 49 64 128 0.213613
158 49 64 128 0.147684
159 49 64 128 0.136384
160 49 64 128 0.0274681
171 49 64 128 0.0150898
172 49 64 128 0.0202734
173 49 64 128 0.0788874
174 49 64 128 0.0629931
175 49 64 128 0.0820947
176 49 64 128 0.0436896
177 49 64 128 0.0285455
179 49 64 128 0.0288987
180 49 64 128 0.0971949
181 49 64 128 0.263503
182 49 64 128 0.264653
183 49 64 128 0.503341
184 49 64 128 0.375915
185 49 64 128 0.309483
186 49 64 128 0.106737
187 49 64 128 0.0774535
188 49 64 128 0.0230176
189 49 64 128 0.013931
142 50 64 128 0.0138162
143 50 64 128 0.0276161
144 50 64 128 0.0887304
145 50 64 128 0.137002
146 50 64 128 0.166798
147 50 64 128 0.167877
148 50 64 128 0.201521
149 50 64 128 0.242281
150 50 64 128 0.357493
151 50 64 128 0.557429
152 50 64 128 0.358705
153 50 64 128 0.40196
154 50 64 128 0.29712
155 50 64 128 0.29593
156 50 64 128 0.193175
157 50 64 128 0.194368
158 50 64 128 0.166588
159 50 64 128 0.1337
160 50 64 128 0.0271824
171 50 64 128 0.0142344
172 50 64 128 0.0192588
173 50 64 128 0.0525827
174 50 64 128 0.0466653
175 50 64 128 0.0690166
176 50 64 128 0.0313685
177 50 64 128 0.0216358
179 50 64 128 0.0237003
180 50 64 128 0.0801106
181 50 64 128 0.262495
182 50 64 128 0.287367
183 50 64 128 0.469565
184 50 64 128 0.394923
185 50 64 128 0.309103
186 50 64 128 0.114151
187 50 64 128 0.0674565
188 50 64 128 0.0220742
189 50 64 128 0.0126814
143 51 64 128 0.0122071
144 51 64 128 0.043071
145 51 64 128 0.0806001
146 51 64 128 0.0719808
147 51 64 128 0.075907
148 51 64 128 0.102903
149 51 64 128 0.129583
150 51 64 128 0.193742
151 51 64 128 0.333032
152 51 64 128 0.21905
153 51 64 128 0.229687
154 51 64 128 0.17353
155 51 64 128 0.188322
156 51 64 128 0.133844
157 51 64 128 0.153333
158 51 64 128 0.118228
159 51 64 128 0.108291
160 51 64 128 0.0205579
172 51 64 128 0.0101752
173 51 64 128 0.0291446
174 51 64 128 0.0243567
175 51 64 128 0.0340981
176 51 64 128 0.0223322
177 51 64 128 0.0153673
179 51 64 128 0.0199805
180 51 64 128 0.0627525
181 51 64 128 0.210326
182 51 64 128 0.227064
183 51 64 128 0.38088
184 51 64 128 0.312553
185 51 64 128 0.222145
186 51 64 128 0.0832861
187 51 64 128 0.0495774
188 51 64 128 0.0149268
143 52 64 128 0.0109052
144 52 64 128 0.0313122
145 52 64 128 0.0600324
146 52 64 128 0.0631586
147 52 64 128 0.0670214
148 52 64 128 0.0858939
149 52 64 128 0.109032
150 52 64 128 0.152321
151 52 64 128 0.284849
152 52 64 128 0.156588
153 52 64 128 0.196585
154 52 64 128 0.145635
155 52 64 128 0.15365
156 52 64 128 0.119793
157 52 64 128 0.143448
158 52 64 128 0.109393
159 52 64 128 0.0952978
160 52 64 128 0.0181355
173 52 64 128 0.0236105
174 52 64 128 0.0205179
175 52 64 128 0.0274817
176 52 64 128 0.0184361
177 52 64 128 0.0120921
179 52 64 128 0.0131632
180 52 64 128 0.0547331
181 52 64 128 0.183776
182 52 64 128 0.185092
183 52 64 128 0.299548
184 52 64 128 0.244733
185 52 64 128 0.195344
186 52 64 128 0.0646148
187 52 64 128 0.0392873
188 52 64 128 0.0127633
144 53 64 128 0.0182525
145 53 64 128 0.0386166
146 53 64 128 0.0347026
147 53 64 128 0.0383038
148 53 64 128 0.0490397
149 53 64 128 0.0712473
150 53 64 128 0.0944829
151 53 64 128 0.184823
152 53 64 128 0.105073
153 53 64 128 0.147422
154 53 64 128 0.122293
155 53 64 128 0.129538
156 53 64 128 0.119023
157 53 64 128 0.188341
158 53 64 128 0.136539
159 53 64 128 0.125536
160 53 64 128 0.0278755
161 53 64 128 0.0111669
173 53 64 128 0.0198318
174 53 64 128 0.0173548
175 53 64 128 0.0217553
176 53 64 128 0.0143878
180 53 64 128 0.0347861
181 53 64 128 0.119155
182 53 64 128 0.0917315
183 53 64 128 0.154899
184 53 64 128 0.134576
185 53 64 128 0.112476
186 53 64 128 0.0391695
187 53 64 128 0.0238904
144 54 64 128 0.0142876
145 54 64 128 0.0371587
146 54 64 128 0.0332573
147 54 64 128 0.0440424
148 54 64 128 0.0518362
149 54 64 128 0.0793604
150 54 64 128 0.126321
151 54 64 128 0.213691
152 54 64 128 0.122669
153 54 64 128 0.175349
154 54 64 128 0.160205
155 54 64 128 0.159765
156 54 64 128 0.164995
157 54 64 128 0.256518
158 54 64 128 0.208236
159 54 64 128 0.175297
160 54 64 128 0.0353732
161 54 64 128 0.0156287
173 54 64 128 0.0167753
174 54 64 128 0.0147308
175 54 64 128 0.0181496
176 54 64 128 0.0107056
180 54 64 128 0.0213157
181 54 64 128 0.0808536
182 54 64 128 0.0559
183 54 64 128 0.0786864
184 54 64 128 0.0807614
185 54 64 128 0.0647388
186 54 64 128 0.024677
187 54 64 128 0.0142969
144 55 64 128 0.0105684
145 55 64 128 0.0284312
146 55 64 128 0.0256256
147 55 64 128 0.0379165
148 55 64 128 0.04839
149 55 64 128 0.0716482
150 55 64 128 0.0957462
151 55 64 128 0.170726
152 55 64 128 0.116643
153 55 64 128 0.131579
154 55 64 128 0.108509
155 55 64 128 0.136763
156 55 64 128 0.167109
157 55 64 128 0.25767
158 55 64 128 0.196967
159 55 64 128 0.163979
160 55 64 128 0.0365894
161 55 64 128 0.017378
173 55 64 128 0.0127885
174 55 64 128 0.0134511
175 55 64 128 0.0144532
176 55 64 128 0.0101213
180 55 64 128 0.0106667
181 55 64 128 0.0331071
182 55 64 128 0.0224924
183 55 64 128 0.0280012
184 55 64 128 0.0265661
185 55 64 128 0.0203485
61 56 64 128 0.0141228
62 56 64 128 0.0100006
145 56 64 128 0.0312111
146 56 64 128 0.0339559
147 56 64 128 0.0599422
148 56 64 128 0.061435
149 56 64 128 0.116496
150 56 64 128 0.145347
151 56 64 128 0.254274
152 56 64 128 0.149496
153 56 64 128 0.161455
154 56 64 128 0.140212
155 56 64 128 0.170777
156 56 64 128 0.211603
157 56 64 128 0.295558
158 56 64 128 0.237782
159 56 64 128 0.15655
160 56 64 128 0.037786
161 56 64 128 0.0192285
173 56 64 128 0.0132675
174 56 64 128 0.0134617
175 56 64 128 0.0144484
176 56 64 128 0.0104414
181 56 64 128 0.0163513
183 56 64 128 0.0114307
184 56 64 128 0.0109954
58 57 64 128 0.0162638
59 57 64 128 0.0233096
60 57 64 128 0.0354127
61 57 64 128 0.0628043
62 57 64 128 0.0631295
63 57 64 128 0.0401892
64 57 64 128 0.0131645
93 57 64 128 0.0128828
94 57 64 128 0.0135511
95 57 64 128 0.0194081
110 57 64 128 0.0187311
112 57 64 128 0.0115965
145 57 64 128 0.0212603
146 57 64 128 0.0289057
147 57 64 128 0.0527193
148 57 64 128 0.0706227
149 57 64 128 0.142483
150 57 64 128 0.173469
151 57 64 128 0.267185
152 57 64 128 0.172999
153 57 64 128 0.190506
154 57 64 128 0.17175
155 57 64 128 0.229323
156 57 64 128 0.26933
157 57 64 128 0.388688
158 57 64 128 0.267158
159 57 64 128 0.204299
160 57 64 128 0.0624089
161 57 64 128 0.0288856
173 57 64 128 0.016007
174 57 64 128 0.0200541
175 57 64 128 0.0192481
176 57 64 128 0.0153782
58 58 64 128 0.0227268
59 58 64 128 0.0409684
60 58 64 128 0.0637248
61 58 64 128 0.148502
62 58 64 128 0.155281
63 58 64 128 0.0910592
64 58 64 128 0.0256299
65 58 64 128 0.0102573
93 58 64 128 0.0129067
94 58 64 128 0.0151724
95 58 64 128 0.0171525
110 58 64 128 0.0137941
145 58 64 128 0.0144195
146 58 64 128 0.0204201
147 58 64 128 0.0372946
148 58 64 128 0.0510217
149 58 64 128 0.114666
150 58 64 128 0.15734
151 58 64 128 0.255774
152 58 64 128 0.164471
153 58 64 128 0.170591
154 58 64 128 0.212884
155 58 64 128 0.242698
156 58 64 128 0.30045
157 58 64 128 0.429703
158 58 64 128 0.332676
159 58 64 128 0.266156
160 58 64 128 0.0815726
161 58 64 128 0.0372694
173 58 64 128 0.0154373
174 58 64 128 0.0220203
175 58 64 128 0.0237111
176 58 64 128 0.0169412
57 59 64 128 0.0198085
58 59 64 128 0.0669294
59 59 64 128 0.119716
60 59 64 128 0.207139
61 59 64 128 0.434368
62 59 64 128 0.498633
63 59 64 128 0.386517
64 59 64 128 0.124281
65 59 64 128 0.0513389
66 59 64 128 0.0188445
67 59 64 128 0.0150195
68 59 64 128 0.0112945
69 59 64 128 0.0136519
70 59 64 128 0.0129794
71 59 64 128 0.0128777
93 59 64 128 0.0196895
94 59 64 128 0.0258212
95 59 64 128 0.0336896
96 59 64 128 0.0145418
147 59 64 128 0.0172296
148 59 64 128 0.0327278
149 59 64 128 0.0769575
150 59 64 128 0.105177
151 59 64 128 0.168984
152 59 64 128 0.135668
153 59 64 128 0.156802
154 59 64 128 0.180647
155 59 64 128 0.235122
156 59 64 128 0.316821
157 59 64 128 0.467644
158 59 64 128 0.35813
159 59 64 128 0.263759
160 59 64 128 0.0980191
161 59 64 128 0.0591809
162 59 64 128 0.0119703
172 59 64 128 0.0103992
173 59 64 128 0.0159008
174 59 64 128 0.0285996
175 59 64 128 0.0286628
176 59 64 128 0.022355
57 60 64 128 0.0156644
58 60 64 128 0.0572683
59 60 64 128 0.115172
60 60 64 128 0.238489
61 60 64 128 0.469496
62 60 64 128 0.536488
63 60 64 128 0.399034
64 60 64 128 0.149331
65 60 64 128 0.0464593
66 60 64 128 0.0131141
93 60 64 128 0.0115863
94 60 64 128 0.0189187
95 60 64 128 0.0214512
96 60 64 128 0.0100567
147 60 64 128 0.0184856
148 60 64 128 0.028989
149 60 64 128 0.096333
150 60 64 128 0.11806
151 60 64 128 0.208804
152 60 64 128 0.138387
153 60 64 128 0.18256
154 60 64 128 0.212505
155 60 64 128 0.285629
156 60 64 128 0.424314
157 60 64 128 0.5632
158 60 64 128 0.43788
159 60 64 128 0.313269
160 60 64 128 0.118167
161 60 64 128 0.0821909
162 60 64 128 0.0169599
163 60 64 128 0.010105
173 60 64 128 0.0127314
174 60 64 128 0.018186
175 60 64 128 0.0234611
176 60 64 128 0.0197815
57 61 64 128 0.0164635
58 61 64 128 0.0701189
59 61 64 128 0.136351
60 61 64 128 0.319362
61 61 64 128 0.570164
62 61 64 128 0.683362
63 61 64 128 0.565822
64 61 64 128 0.296843
65 61 64 128 0.0973963
66 61 64 128 0.0271714
67 61 64 128 0.0176728
93 61 64 128 0.0114531
94 61 64 128 0.0200027
95 61 64 128 0.0268237
96 61 64 128 0.0110529
147 61 64 128 0.0149155
148 61 64 128 0.0272573
149 61 64 128 0.0949441
150 61 64 128 0.135327
151 61 64 128 0.245743
152 61 64 128 0.203788
153 61 64 128 0.250809
154 61 64 128 0.287252
155 61 64 128 0.406364
156 61 64 128 0.57902
157 61 64 128 0.705251
158 61 64 128 0.649542
159 61 64 128 0.517963
160 61 64 128 0.259204
161 61 64 128 0.159645
162 61 64 128 0.0384395
163 61 64 128 0.02132
173 61 64 128 0.0107694
174 61 64 128 0.0176595
175 61 64 128 0.0181331
176 61 64 128 0.017947
57 62 64 128 0.0119969
58 62 64 128 0.0510516
59 62 64 128 0.108604
60 62 64 128 0.288643
61 62 64 128 0.569615
62 62 64 128 0.643927
63 62 64 128 0.479929
64 62 64 128 0.220273
65 62 64 128 0.0589445
66 62 64 128 0.0151586
95 62 64 128 0.0130603
148 62 64 128 0.0157776
149 62 64 128 0.0632289
150 62 64 128 0.113007
151 62 64 128 0.168145
152 62 64 128 0.145897
153 62 64 128 0.173678
154 62 64 128 0.250462
155 62 64 128 0.295192
156 62 64 128 0.503792
157 62 64 128 0.672661
158 62 64 128 0.64436
159 62 64 128 0.477556
160 62 64 128 0.210184
161 62 64 128 0.135714
162 62 64 128 0.0362335
163 62 64 128 0.0197112
175 62 64 128 0.0104973
57 63 64 128 0.0143226
58 63 64 128 0.0737744
59 63 64 128 0.113342
60 63 64 128 0.292676
61 63 64 128 0.578492
62 63 64 128 0.655777
63 63 64 128 0.512594
64 63 64 128 0.220647
65 63 64 128 0.0662604
66 63 64 128 0.0147312
95 63 64 128 0.0145319
148 63 64 128 0.0140695
149 63 64 128 0.0574298
150 63 64 128 0.103677
151 63 64 128 0.133791
152 63 64 128 0.137533
153 63 64 128 0.149609
154 63 64 128 0.193864
155 63 64 128 0.254079
156 63 64 128 0.497279
157 63 64 128 0.649155
158 63 64 128 0.588836
159 63 64 128 0.418791
160 63 64 128 0.199599
161 63 64 128 0.14095
162 63 64 128 0.0342965
163 63 64 128 0.0163462
58 64 64 128 0.0307302
59 64 64 128 0.0538641
60 64 64 128 0.166829
61 64 64 128 0.392468
62 64 64 128 0.454703
63 64 64 128 0.316806
64 64 64 128 0.114709
65 64 64 128 0.0287369
149 64 64 128 0.0392692
150 64 64 128 0.0687885
151 64 64 128 0.0791133
152 64 64 128 0.073948
153 64 64 128 0.0759804
154 64 64 128 0.112248
155 64 64 128 0.157757
156 64 64 128 0.328367
157 64 64 128 0.427185
158 64 64 128 0.349984
159 64 64 128 0.21027
160 64 64 128 0.088212
161 64 64 128 0.0588234
162 64 64 128 0.0151062
58 65 64 128 0.0253037
59 65 64 128 0.0450162
60 65 64 128 0.127844
61 65 64 128 0.326048
62 65 64 128 0.414483
63 65 64 128 0.319003
64 65 64 128 0.112528
65 65 64 128 0.0311825
149 65 64 128 0.0341437
150 65 64 128 0.0759349
151 65 64 128 0.0859764
152 65 64 128 0.0750634
153 65 64 128 0.0807279
154 65 64 128 0.111008
155 65 64 128 0.168881
156 65 64 128 0.313954
157 65 64 128 0.401338
158 65 64 128 0.285463
159 65 64 128 0.15308
160 65 64 128 0.0767975
161 65 64 128 0.0433135
162 65 64 128 0.0141297
59 66 64 128 0.0182448
60 66 64 128 0.0549764
61 66 64 128 0.184116
62 66 64 128 0.232198
63 66 64 128 0.14462
64 66 64 128 0.0499568
65 66 64 128 0.0103099
149 66 64 128 0.0168916
150 66 64 128 0.0456374
151 66 64 128 0.0415028
152 66 64 128 0.0347891
153 66 64 128 0.0390213
154 66 64 128 0.0634992
155 66 64 128 0.0907068
156 66 64 128 0.14636
157 66 64 128 0.200731
158 66 64 128 0.126368
159 66 64 128 0.0540207
160 66 64 128 0.0214556
161 66 64 128 0.0141322
60 67 64 128 0.0253038
61 67 64 128 0.103661
62 67 64 128 0.163495
63 67 64 128 0.0908993
64 67 64 128 0.028211
149 67 64 128 0.0129412
150 67 64 128 0.0392531
151 67 64 128 0.0350252
152 67 64 128 0.0365753
153 67 64 128 0.0386226
154 67 64 128 0.0656998
155 67 64 128 0.0985946
156 67 64 128 0.16024
157 67 64 128 0.207487
158 67 64 128 0.114598
159 67 64 128 0.0391007
160 67 64 128 0.0153342
161 67 64 128 0.0102718
61 68 64 128 0.0211814
62 68 64 128 0.037911
63 68 64 128 0.0195868
150 68 64 128 0.0201506
151 68 64 128 0.0153682
152 68 64 128 0.0203555
153 68 64 128 0.0196193
154 68 64 128 0.0376876
155 68 64 128 0.0515158
156 68 64 128 0.0936587
157 68 64 128 0.100763
158 68 64 128 0.0422495
159 68 64 128 0.0146265
62 69 64 128 0.0109958
150 69 64 128 0.0176788
151 69 64 128 0.0148946
152 69 64 128 0.0207849
153 69 64 128 0.0193331
154 69 64 128 0.0344328
155 69 64 128 0.054992
156 69 64 128 0.0909337
157 69 64 128 0.0810432
158 69 64 128 0.0338682
154 70 64 128 0.0150113
155 70 64 128 0.0235437
156 70 64 128 0.0336474
157 70 64 128 0.0276594
158 70 64 128 0.0106737
154 71 64 128 0.0117539
155 71 64 128 0.0176321
156 71 64 128 0.0273865
157 71 64 128 0.0250552
156 72 64 128 0.0114288
157 72 64 128 0.0109353
156 73 64 128 0.0102784
163 81 64 128 0.0114867
163 82 64 128 0.0111732
161 83 64 128 0.0103131
162 83 64 128 0.0154206
163 83 64 128 0.01582
161 84 64 128 0.0156643
162 84 64 128 0.024479
163 84 64 128 0.0232317
164 84 64 128 0.0102865
159 85 64 128 0.0135647
160 85 64 128 0.0116665
161 85 64 128 0.0363133
162 85 64 128 0.0514295
163 85 64 128 0.0370501
164 85 64 128 0.0199584
158 86 64 128 0.010066
159 86 64 128 0.0241393
160 86 64 128 0.0171322
161 86 64 128 0.0533266
162 86 64 128 0.0493842
163 86 64 128 0.0421985
164 86 64 128 0.0152155
157 87 64 128 0.0111557
158 87 64 128 0.0216483
159 87 64 128 0.0453357
160 87 64 128 0.0360855
161 87 64 128 0.0911756
162 87 64 128 0.0851824
163 87 64 128 0.0497257
164 87 64 128 0.0207781
157 88 64 128 0.0187341
158 88 64 128 0.037557
159 88 64 128 0.0831044
160 88 64 128 0.0623739
161 88 64 128 0.164358
162 88 64 128 0.126683
163 88 64 128 0.0781951
164 88 64 128 0.0263689
165 88 64 128 0.0106684
156 89 64 128 0.0151803
157 89 64 128 0.0684412
158 89 64 128 0.131864
159 89 64 128 0.26348
160 89 64 128 0.212202
161 89 64 128 0.403337
162 89 64 128 0.31078
163 89 64 128 0.170885
164 89 64 128 0.0640913
165 89 64 128 0.0261542
156 90 64 128 0.0264696
157 90 64 128 0.11221
158 90 64 128 0.202778
159 90 64 128 0.399856
160 90 64 128 0.321699
161 90 64 128 0.505153
162 90 64 128 0.326387
163 90 64 128 0.19396
164 90 64 128 0.0556855
165 90 64 128 0.0221051
155 91 64 128 0.0323134
156 91 64 128 0.100687
157 91 64 128 0.332284
158 91 64 128 0.508007
159 91 64 128 0.679266
160 91 64 128 0.612829
161 91 64 128 0.710311
162 91 64 128 0.513609
163 91 64 128 0.292069
164 91 64 128 0.10582
165 91 64 128 0.0389474
155 92 64 128 0.0421225
156 92 64 128 0.117552
157 92 64 128 0.381092
158 92 64 128 0.516091
159 92 64 128 0.686055
160 92 64 128 0.591206
161 92 64 128 0.695363
162 92 64 128 0.465801
163 92 64 128 0.252527
164 92 64 128 0.0731602
165 92 64 128 0.0251931
154 93 64 128 0.0197459
155 93 64 128 0.116046
156 93 64 128 0.322591
157 93 64 128 0.644392
158 93 64 128 0.75963
159 93 64 128 0.833259
160 93 64 128 0.774546
161 93 64 128 0.811481
162 93 64 128 0.633431
163 93 64 128 0.331097
164 93 64 128 0.111317
165 93 64 128 0.0309288
154 94 64 128 0.0119702
155 94 64 128 0.0825009
156 94 64 128 0.245798
157 94 64 128 0.591094
158 94 64 128 0.701957
159 94 64 128 0.795027
160 94 64 128 0.743473
161 94 64 128 0.752927
162 94 64 128 0.459474
163 94 64 128 0.211939
164 94 64 128 0.0599238
165 94 64 128 0.0140873
154 95 64 128 0.023356
155 95 64 128 0.126833
156 95 64 128 0.367561
157 95 64 128 0.687401
158 95 64 128 0.803166
159 95 64 128 0.850975
160 95 64 128 0.804152
161 95 64 128 0.80268
162 95 64 128 0.527055
163 95 64 128 0.232266
164 95 64 128 0.0749406
165 95 64 128 0.0206952
154 96 64 128 0.011326
155 96 64 128 0.0633418
156 96 64 128 0.178455
157 96 64 128 0.536391
158 96 64 128 0.63155
159 96 64 128 0.733915
160 96 64 128 0.652794
161 96 64 128 0.700494
162 96 64 128 0.37535
163 96 64 128 0.136247
164 96 64 128 0.0481446
165 96 64 128 0.0142879
154 97 64 128 0.0180547
155 97 64 128 0.0787219
156 97 64 128 0.255496
157 97 64 128 0.553529
158 97 64 128 0.666064
159 97 64 128 0.716633
160 97 64 128 0.664064
161 97 64 128 0.672513
162 97 64 128 0.407176
163 97 64 128 0.138568
164 97 64 128 0.0554738
165 97 64 128 0.0177708
155 98 64 128 0.0372334
156 98 64 128 0.111433
157 98 64 128 0.297119
158 98 64 128 0.357214
159 98 64 128 0.515984
160 98 64 128 0.481697
161 98 64 128 0.472443
162 98 64 128 0.246493
163 98 64 128 0.0836431
164 98 64 128 0.0387676
165 98 64 128 0.0105807
155 99 64 128 0.032513
156 99 64 128 0.0900868
157 99 64 128 0.205391
158 99 64 128 0.26223
159 99 64 128 0.345241
160 99 64 128 0.345771
161 99 64 128 0.38273
162 99 64 128 0.195637
163 99 64 128 0.084196
164 99 64 128 0.0413562
165 99 64 128 0.0125831
156 100 64 128 0.0171031
157 100 64 128 0.0557959
158 100 64 128 0.0644092
159 100 64 128 0.110099
160 100 64 128 0.121305
161 100 64 128 0.159734
162 100 64 128 0.0791555
163 100 64 128 0.0303401
164 100 64 128 0.0172688
157 101 64 128 0.0184746
158 101 64 128 0.0274176
159 101 64 128 0.0345193
160 101 64 128 0.0438603
161 101 64 128 0.0604109
162 101 64 128 0.0422646
163 101 64 128 0.0159628
164 101 64 128 0.0119078
160 102 64 128 0.011095
161 102 64 128 0.0155267
162 102 64 128 0.0120645
