118 0 85 170 0.0140488
119 0 85 170 0.0281299
120 0 85 170 0.0506968
121 0 85 170 0.0409021
122 0 85 170 0.0256608
123 0 85 170 0.0195232
124 0 85 170 0.0106992
118 1 85 170 0.0100703
119 1 85 170 0.0231562
120 1 85 170 0.0446712
121 1 85 170 0.0401463
122 1 85 170 0.0280349
123 1 85 170 0.0204258
124 1 85 170 0.0112966
119 2 85 170 0.0182652
120 2 85 170 0.0398772
121 2 85 170 0.038393
122 2 85 170 0.0288001
123 2 85 170 0.0219504
124 2 85 170 0.0134815
119 3 85 170 0.0155628
120 3 85 170 0.0345593
121 3 85 170 0.034494
122 3 85 170 0.0263009
123 3 85 170 0.0199224
124 3 85 170 0.0132308
119 4 85 170 0.0112528
120 4 85 170 0.0226422
121 4 85 170 0.0262901
122 4 85 170 0.0211032
123 4 85 170 0.0134579
120 5 85 170 0.0122548
121 5 85 170 0.0140065
122 5 85 170 0.0114123
119 63 85 170 0.0125933
120 63 85 170 0.01134
118 64 85 170 0.0132057
119 64 85 170 0.025981
120 64 85 170 0.0204221
121 64 85 170 0.0128191
118 65 85 170 0.0198555
119 65 85 170 0.0381668
120 65 85 170 0.0333973
121 65 85 170 0.0196154
118 66 85 170 0.0262328
119 66 85 170 0.0543628
120 66 85 170 0.0488062
121 66 85 170 0.0291878
122 66 85 170 0.0119183
117 67 85 170 0.0156843
118 67 85 170 0.0563558
119 67 85 170 0.0995479
120 67 85 170 0.0862587
121 67 85 170 0.0510715
122 67 85 170 0.0217314
116 68 85 170 0.0184794
117 68 85 170 0.0382519
118 68 85 170 0.0905336
119 68 85 170 0.136866
120 68 85 170 0.117625
121 68 85 170 0.06669
122 68 85 170 0.0277805
123 68 85 170 0.0121408
171 68 85 170 0.0110175
172 68 85 170 0.0113214
117 69 85 170 0.0130738
118 69 85 170 0.028802
119 69 85 170 0.0419586
120 69 85 170 0.036018
121 69 85 170 0.0201648
14 0 64 128 0.0264924
15 0 64 128 0.0421298
16 0 64 128 0.0355108
17 0 64 128 0.0331782
18 0 64 128 0.0154815
19 0 64 128 0.0292433
20 0 64 128 0.161211
21 0 64 128 0.587378
22 0 64 128 0.543153
23 0 64 128 0.193896
24 0 64 128 0.123646
25 0 64 128 0.264814
26 0 64 128 0.545826
27 0 64 128 0.593414
28 0 64 128 0.156442
29 0 64 128 0.0685516
116 0 64 128 0.0102181
121 0 64 128 0.0123448
122 0 64 128 0.0338411
123 0 64 128 0.0831859
124 0 64 128 0.146169
125 0 64 128 0.126263
126 0 64 128 0.148818
127 0 64 128 0.106394
128 0 64 128 0.0944912
129 0 64 128 0.0832223
130 0 64 128 0.0777475
131 0 64 128 0.0492875
132 0 64 128 0.0179771
8 1 64 128 0.0111381
9 1 64 128 0.0239051
10 1 64 128 0.0100896
13 1 64 128 0.0116005
14 1 64 128 0.0532587
15 1 64 128 0.0788168
16 1 64 128 0.0688367
17 1 64 128 0.0661372
18 1 64 128 0.0439637
19 1 64 128 0.0910617
20 1 64 128 0.434107
21 1 64 128 0.860902
22 1 64 128 0.856763
23 1 64 128 0.564914
24 1 64 128 0.423274
25 1 64 128 0.66783
26 1 64 128 0.867622
27 1 64 128 0.879483
28 1 64 128 0.477753
29 1 64 128 0.247819
30 1 64 128 0.0415659
122 1 64 128 0.0184044
123 1 64 128 0.0530314
124 1 64 128 0.092222
125 1 64 128 0.0856932
126 1 64 128 0.0942854
127 1 64 128 0.0672065
128 1 64 128 0.0567474
129 1 64 128 0.0489664
130 1 64 128 0.0497089
131 1 64 128 0.033938
132 1 64 128 0.0140818
7 2 64 128 0.0347728
8 2 64 128 0.0670221
9 2 64 128 0.125845
10 2 64 128 0.0507478
11 2 64 128 0.0174551
12 2 64 128 0.02085
13 2 64 128 0.0866171
14 2 64 128 0.274691
15 2 64 128 0.428871
16 2 64 128 0.391424
17 2 64 128 0.402392
18 2 64 128 0.279773
19 2 64 128 0.421737
20 2 64 128 0.854475
21 2 64 128 0.971416
22 2 64 128 0.973779
23 2 64 128 0.869625
24 2 64 128 0.794635
25 2 64 128 0.887976
26 2 64 128 0.969348
27 2 64 128 0.967084
28 2 64 128 0.810791
29 2 64 128 0.57312
30 2 64 128 0.188308
31 2 64 128 0.0277266
32 2 64 128 0.0118422
33 2 64 128 0.0153361
122 2 64 128 0.0141254
123 2 64 128 0.0354278
124 2 64 128 0.0673017
125 2 64 128 0.0630676
126 2 64 128 0.0666334
127 2 64 128 0.0444288
128 2 64 128 0.0427778
129 2 64 128 0.042842
130 2 64 128 0.0433331
131 2 64 128 0.0307797
132 2 64 128 0.0139929
6 3 64 128 0.0127753
7 3 64 128 0.0839085
8 3 64 128 0.12785
9 3 64 128 0.25062
10 3 64 128 0.0966595
11 3 64 128 0.0348498
12 3 64 128 0.0421303
13 3 64 128 0.152872
14 3 64 128 0.364067
15 3 64 128 0.497844
16 3 64 128 0.487757
17 3 64 128 0.498829
18 3 64 128 0.439867
19 3 64 128 0.565176
20 3 64 128 0.924848
21 3 64 128 0.984641
22 3 64 128 0.988156
23 3 64 128 0.92867
24 3 64 128 0.900247
25 3 64 128 0.953524
26 3 64 128 0.98721
27 3 64 128 0.986801
28 3 64 128 0.913022
29 3 64 128 0.789619
30 3 64 128 0.408594
31 3 64 128 0.109489
32 3 64 128 0.0475571
33 3 64 128 0.0642141
34 3 64 128 0.0160779
123 3 64 128 0.0178818
124 3 64 128 0.0336238
125 3 64 128 0.0366585
126 3 64 128 0.0380759
127 3 64 128 0.021313
128 3 64 128 0.0260732
129 3 64 128 0.0273629
130 3 64 128 0.0336528
131 3 64 128 0.0247434
132 3 64 128 0.0131907
137 3 64 128 0.0155817
138 3 64 128 0.0118689
6 4 64 128 0.0243403
7 4 64 128 0.152407
8 4 64 128 0.218017
9 4 64 128 0.369599
10 4 64 128 0.137146
11 4 64 128 0.0622513
12 4 64 128 0.0687984
13 4 64 128 0.255725
14 4 64 128 0.476658
15 4 64 128 0.609594
16 4 64 128 0.595924
17 4 64 128 0.593971
18 4 64 128 0.541248
19 4 64 128 0.641169
20 4 64 128 0.93418
21 4 64 128 0.986013
22 4 64 128 0.987603
23 4 64 128 0.910967
24 4 64 128 0.89088
25 4 64 128 0.939935
26 4 64 128 0.983227
27 4 64 128 0.980027
28 4 64 128 0.876269
29 4 64 128 0.722178
30 4 64 128 0.347724
31 4 64 128 0.0951306
32 4 64 128 0.0618446
33 4 64 128 0.0777638
34 4 64 128 0.0186271
124 4 64 128 0.0169992
125 4 64 128 0.0183499
126 4 64 128 0.0141849
128 4 64 128 0.0117489
129 4 64 128 0.0127114
130 4 64 128 0.0167393
131 4 64 128 0.0154249
135 4 64 128 0.0108281
136 4 64 128 0.0148105
137 4 64 128 0.0283697
138 4 64 128 0.0281787
139 4 64 128 0.0143851
249 4 64 128 0.0132726
250 4 64 128 0.0244749
251 4 64 128 0.0155933
252 4 64 128 0.0172123
253 4 64 128 0.0139831
254 4 64 128 0.0265453
255 4 64 128 0.0291001
5 5 64 128 0.0155443
6 5 64 128 0.0401014
7 5 64 128 0.260002
8 5 64 128 0.317827
9 5 64 128 0.491667
10 5 64 128 0.18351
11 5 64 128 0.0745816
12 5 64 128 0.0847934
13 5 64 128 0.248195
14 5 64 128 0.464574
15 5 64 128 0.613658
16 5 64 128 0.547672
17 5 64 128 0.542774
18 5 64 128 0.516114
19 5 64 128 0.579796
20 5 64 128 0.930676
21 5 64 128 0.981268
22 5 64 128 0.9847
23 5 64 128 0.882106
24 5 64 128 0.878843
25 5 64 128 0.927859
26 5 64 128 0.982143
27 5 64 128 0.982234
28 5 64 128 0.907767
29 5 64 128 0.780872
30 5 64 128 0.454353
31 5 64 128 0.186474
32 5 64 128 0.119748
33 5 64 128 0.184426
34 5 64 128 0.050096
40 5 64 128 0.0101752
41 5 64 128 0.0125296
42 5 64 128 0.0125187
135 5 64 128 0.0114475
136 5 64 128 0.015449
137 5 64 128 0.0296659
138 5 64 128 0.0347975
139 5 64 128 0.0226851
250 5 64 128 0.0134571
251 5 64 128 0.0116648
252 5 64 128 0.0128341
254 5 64 128 0.0190914
255 5 64 128 0.0282208
4 6 64 128 0.0137062
5 6 64 128 0.0370368
6 6 64 128 0.0908865
7 6 64 128 0.413792
8 6 64 128 0.437636
9 6 64 128 0.629876
10 6 64 128 0.246301
11 6 64 128 0.140281
12 6 64 128 0.132463
13 6 64 128 0.459921
14 6 64 128 0.568153
15 6 64 128 0.75082
16 6 64 128 0.676949
17 6 64 128 0.669579
18 6 64 128 0.554922
19 6 64 128 0.67426
20 6 64 128 0.935925
21 6 64 128 0.975859
22 6 64 128 0.977763
23 6 64 128 0.813534
24 6 64 128 0.780602
25 6 64 128 0.810404
26 6 64 128 0.948041
27 6 64 128 0.945776
28 6 64 128 0.813847
29 6 64 128 0.644169
30 6 64 128 0.39402
31 6 64 128 0.15394
32 6 64 128 0.143908
33 6 64 128 0.199389
34 6 64 128 0.0667007
40 6 64 128 0.0131556
41 6 64 128 0.0124247
42 6 64 128 0.0138149
136 6 64 128 0.0136319
137 6 64 128 0.0355886
138 6 64 128 0.0443408
139 6 64 128 0.0402424
140 6 64 128 0.016172
248 6 64 128 0.0214754
249 6 64 128 0.0423694
250 6 64 128 0.0849157
251 6 64 128 0.0651569
252 6 64 128 0.0763822
253 6 64 128 0.0633229
254 6 64 128 0.123936
255 6 64 128 0.137486
4 7 64 128 0.0177567
5 7 64 128 0.0337934
6 7 64 128 0.064488
7 7 64 128 0.336861
8 7 64 128 0.343276
9 7 64 128 0.479178
10 7 64 128 0.126655
11 7 64 128 0.0715766
12 7 64 128 0.0600096
13 7 64 128 0.242335
14 7 64 128 0.278711
15 7 64 128 0.469729
16 7 64 128 0.393681
17 7 64 128 0.384314
18 7 64 128 0.350063
19 7 64 128 0.43079
20 7 64 128 0.843589
21 7 64 128 0.942915
22 7 64 128 0.935752
23 7 64 128 0.595999
24 7 64 128 0.555137
25 7 64 128 0.618307
26 7 64 128 0.855107
27 7 64 128 0.861022
28 7 64 128 0.609975
29 7 64 128 0.425003
30 7 64 128 0.172368
31 7 64 128 0.078833
32 7 64 128 0.0650098
33 7 64 128 0.117095
34 7 64 128 0.0305258
41 7 64 128 0.0129343
42 7 64 128 0.0150733
110 7 64 128 0.0106021
111 7 64 128 0.0168022
112 7 64 128 0.0165353
113 7 64 128 0.0152877
137 7 64 128 0.0205915
138 7 64 128 0.0314588
139 7 64 128 0.0260239
248 7 64 128 0.0189606
249 7 64 128 0.0395497
250 7 64 128 0.0816404
251 7 64 128 0.0623797
252 7 64 128 0.0807499
253 7 64 128 0.0814848
254 7 64 128 0.144135
255 7 64 128 0.149853
4 8 64 128 0.0153277
5 8 64 128 0.0327269
6 8 64 128 0.0671293
7 8 64 128 0.334214
8 8 64 128 0.30034
9 8 64 128 0.389695
10 8 64 128 0.0786846
11 8 64 128 0.0482356
12 8 64 128 0.0457045
13 8 64 128 0.188429
14 8 64 128 0.198965
15 8 64 128 0.296832
16 8 64 128 0.251224
17 8 64 128 0.21168
18 8 64 128 0.227725
19 8 64 128 0.274799
20 8 64 128 0.707004
21 8 64 128 0.859201
22 8 64 128 0.846507
23 8 64 128 0.323398
24 8 64 128 0.250695
25 8 64 128 0.254275
26 8 64 128 0.559852
27 8 64 128 0.459458
28 8 64 128 0.215496
29 8 64 128 0.105484
30 8 64 128 0.051526
31 8 64 128 0.0218972
32 8 64 128 0.0267879
33 8 64 128 0.0472277
34 8 64 128 0.0133405
42 8 64 128 0.0103864
105 8 64 128 0.0107749
106 8 64 128 0.0129377
107 8 64 128 0.0161531
108 8 64 128 0.0139019
109 8 64 128 0.0196242
110 8 64 128 0.016087
111 8 64 128 0.0294024
112 8 64 128 0.0276227
113 8 64 128 0.0240928
137 8 64 128 0.0158138
138 8 64 128 0.0270355
139 8 64 128 0.0266121
140 8 64 128 0.0117547
232 8 64 128 0.0110203
234 8 64 128 0.0169478
235 8 64 128 0.0217391
236 8 64 128 0.0295277
237 8 64 128 0.0310078
238 8 64 128 0.0243812
239 8 64 128 0.0122328
248 8 64 128 0.0420429
249 8 64 128 0.0783516
250 8 64 128 0.153882
251 8 64 128 0.11123
252 8 64 128 0.177436
253 8 64 128 0.150206
254 8 64 128 0.262889
255 8 64 128 0.221572
4 9 64 128 0.0133411
5 9 64 128 0.0370631
6 9 64 128 0.060063
7 9 64 128 0.367233
8 9 64 128 0.25927
9 9 64 128 0.317385
10 9 64 128 0.0612765
11 9 64 128 0.0344576
12 9 64 128 0.0277195
13 9 64 128 0.0877837
14 9 64 128 0.0955572
15 9 64 128 0.149142
16 9 64 128 0.114421
17 9 64 128 0.102488
18 9 64 128 0.117815
19 9 64 128 0.152477
20 9 64 128 0.566847
21 9 64 128 0.710787
22 9 64 128 0.703811
23 9 64 128 0.17249
24 9 64 128 0.138729
25 9 64 128 0.149958
26 9 64 128 0.37386
27 9 64 128 0.27397
28 9 64 128 0.137257
29 9 64 128 0.0635635
30 9 64 128 0.0359902
31 9 64 128 0.0193215
32 9 64 128 0.0268549
33 9 64 128 0.0470336
34 9 64 128 0.0119029
42 9 64 128 0.0127681
105 9 64 128 0.0398644
106 9 64 128 0.0530989
107 9 64 128 0.063519
108 9 64 128 0.0570147
109 9 64 128 0.0614717
110 9 64 128 0.0576846
111 9 64 128 0.0866931
112 9 64 128 0.0681249
113 9 64 128 0.0487022
114 9 64 128 0.0172243
138 9 64 128 0.0130664
139 9 64 128 0.014305
232 9 64 128 0.0155246
233 9 64 128 0.0127903
234 9 64 128 0.0196274
235 9 64 128 0.0276496
236 9 64 128 0.0366175
237 9 64 128 0.036787
238 9 64 128 0.0220814
239 9 64 128 0.012724
248 9 64 128 0.0117213
249 9 64 128 0.0185326
250 9 64 128 0.037993
251 9 64 128 0.031331
252 9 64 128 0.0512471
253 9 64 128 0.0456964
254 9 64 128 0.0737161
255 9 64 128 0.0730596
4 10 64 128 0.0114631
5 10 64 128 0.0322452
6 10 64 128 0.0533695
7 10 64 128 0.312673
8 10 64 128 0.186454
9 10 64 128 0.223605
10 10 64 128 0.02894
11 10 64 128 0.0198139
12 10 64 128 0.0147158
13 10 64 128 0.0541137
14 10 64 128 0.0425646
15 10 64 128 0.0677227
16 10 64 128 0.0471637
17 10 64 128 0.0454222
18 10 64 128 0.048738
19 10 64 128 0.0598804
20 10 64 128 0.251591
21 10 64 128 0.3448
22 10 64 128 0.320128
23 10 64 128 0.0292262
24 10 64 128 0.0212539
25 10 64 128 0.014576
26 10 64 128 0.0543573
27 10 64 128 0.0321532
28 10 64 128 0.0187999
33 10 64 128 0.0142471
104 10 64 128 0.0130264
105 10 64 128 0.0582089
106 10 64 128 0.0864139
107 10 64 128 0.116
108 10 64 128 0.0868273
109 10 64 128 0.0909322
110 10 64 128 0.0769519
111 10 64 128 0.107272
112 10 64 128 0.083784
113 10 64 128 0.0582003
114 10 64 128 0.0193441
139 10 64 128 0.0119253
230 10 64 128 0.0160103
231 10 64 128 0.0250417
232 10 64 128 0.0400462
233 10 64 128 0.0278383
234 10 64 128 0.0473266
235 10 64 128 0.0647802
236 10 64 128 0.0876972
237 10 64 128 0.0962495
238 10 64 128 0.0723154
239 10 64 128 0.0478477
240 10 64 128 0.0280875
241 10 64 128 0.0155198
242 10 64 128 0.0176525
243 10 64 128 0.0143146
248 10 64 128 0.019826
249 10 64 128 0.0275854
250 10 64 128 0.053876
251 10 64 128 0.0428742
252 10 64 128 0.0853523
253 10 64 128 0.0746186
254 10 64 128 0.107028
255 10 64 128 0.0922441
5 11 64 128 0.0221952
6 11 64 128 0.0312786
7 11 64 128 0.254962
8 11 64 128 0.117131
9 11 64 128 0.13823
10 11 64 128 0.0163242
11 11 64 128 0.0123289
13 11 64 128 0.0206593
14 11 64 128 0.0176209
15 11 64 128 0.0220303
16 11 64 128 0.0188957
17 11 64 128 0.0197859
18 11 64 128 0.0272201
19 11 64 128 0.0319514
20 11 64 128 0.170277
21 11 64 128 0.212976
22 11 64 128 0.171508
23 11 64 128 0.0139431
26 11 64 128 0.0233948
27 11 64 128 0.0137313
104 11 64 128 0.0178244
105 11 64 128 0.0828656
106 11 64 128 0.151537
107 11 64 128 0.16962
108 11 64 128 0.11752
109 11 64 128 0.109851
110 11 64 128 0.0923352
111 11 64 128 0.126308
112 11 64 128 0.102923
113 11 64 128 0.0643009
114 11 64 128 0.023421
230 11 64 128 0.0166047
231 11 64 128 0.0276725
232 11 64 128 0.0404828
233 11 64 128 0.0270727
234 11 64 128 0.0479891
235 11 64 128 0.0651933
236 11 64 128 0.0937711
237 11 64 128 0.114953
238 11 64 128 0.0861924
239 11 64 128 0.05494
240 11 64 128 0.0285546
241 11 64 128 0.0174608
242 11 64 128 0.0184634
243 11 64 128 0.0133378
248 11 64 128 0.0107834
249 11 64 128 0.015692
250 11 64 128 0.0318594
251 11 64 128 0.027944
252 11 64 128 0.0593378
253 11 64 128 0.0597502
254 11 64 128 0.0890585
255 11 64 128 0.0630482
5 12 64 128 0.0242869
6 12 64 128 0.0283772
7 12 64 128 0.226376
8 12 64 128 0.0851953
9 12 64 128 0.100509
13 12 64 128 0.0152998
14 12 64 128 0.0103698
15 12 64 128 0.0105844
17 12 64 128 0.0111442
18 12 64 128 0.0147271
19 12 64 128 0.0201815
20 12 64 128 0.113758
21 12 64 128 0.121413
22 12 64 128 0.0867674
104 12 64 128 0.0180473
105 12 64 128 0.0875669
106 12 64 128 0.14087
107 12 64 128 0.157439
108 12 64 128 0.119264
109 12 64 128 0.11214
110 12 64 128 0.0822187
111 12 64 128 0.120425
112 12 64 128 0.0979206
113 12 64 128 0.0693689
114 12 64 128 0.0210548
230 12 64 128 0.0199845
231 12 64 128 0.0245952
232 12 64 128 0.0342784
233 12 64 128 0.0209614
234 12 64 128 0.0423995
235 12 64 128 0.0622396
236 12 64 128 0.0975969
237 12 64 128 0.133124
238 12 64 128 0.120486
239 12 64 128 0.0764489
240 12 64 128 0.0418366
241 12 64 128 0.0244127
242 12 64 128 0.0315698
243 12 64 128 0.0226983
244 12 64 128 0.0105976
248 12 64 128 0.0161631
249 12 64 128 0.0158212
250 12 64 128 0.036805
251 12 64 128 0.0258945
252 12 64 128 0.0722317
253 12 64 128 0.0616945
254 12 64 128 0.0923495
255 12 64 128 0.0643622
5 13 64 128 0.0218334
6 13 64 128 0.0212126
7 13 64 128 0.248443
8 13 64 128 0.0744482
9 13 64 128 0.114283
13 13 64 128 0.0102962
18 13 64 128 0.0106904
19 13 64 128 0.0153071
20 13 64 128 0.0919624
21 13 64 128 0.0862843
22 13 64 128 0.0544606
103 13 64 128 0.0102784
104 13 64 128 0.0248881
105 13 64 128 0.136595
106 13 64 128 0.239501
107 13 64 128 0.288816
108 13 64 128 0.193581
109 13 64 128 0.159318
110 13 64 128 0.147849
111 13 64 128 0.205497
112 13 64 128 0.163065
113 13 64 128 0.110493
114 13 64 128 0.0425827
115 13 64 128 0.0172061
230 13 64 128 0.0100606
231 13 64 128 0.0134659
232 13 64 128 0.0185561
233 13 64 128 0.0101991
234 13 64 128 0.0232353
235 13 64 128 0.036691
236 13 64 128 0.0613406
237 13 64 128 0.100213
238 13 64 128 0.0799055
239 13 64 128 0.0633933
240 13 64 128 0.0314244
241 13 64 128 0.0217291
242 13 64 128 0.0213307
243 13 64 128 0.0151789
250 13 64 128 0.016546
251 13 64 128 0.0132321
252 13 64 128 0.0344704
253 13 64 128 0.0292955
254 13 64 128 0.0447648
255 13 64 128 0.0344059
5 14 64 128 0.0236865
6 14 64 128 0.0253257
7 14 64 128 0.231023
8 14 64 128 0.0588447
9 14 64 128 0.097707
20 14 64 128 0.0453205
21 14 64 128 0.041662
22 14 64 128 0.0248915
89 14 64 128 0.0100653
103 14 64 128 0.0115667
104 14 64 128 0.0332269
105 14 64 128 0.164817
106 14 64 128 0.270263
107 14 64 128 0.301289
108 14 64 128 0.21566
109 14 64 128 0.19096
110 14 64 128 0.164039
111 14 64 128 0.222783
112 14 64 128 0.186205
113 14 64 128 0.147053
114 14 64 128 0.0610755
115 14 64 128 0.0198925
234 14 64 128 0.0113414
235 14 64 128 0.0212694
236 14 64 128 0.0418817
237 14 64 128 0.0740704
238 14 64 128 0.0743931
239 14 64 128 0.0701626
240 14 64 128 0.0458145
241 14 64 128 0.0260127
242 14 64 128 0.0379696
243 14 64 128 0.0276796
244 14 64 128 0.0126593
248 14 64 128 0.0108264
249 14 64 128 0.0111038
250 14 64 128 0.0205586
251 14 64 128 0.0160814
252 14 64 128 0.0460232
253 14 64 128 0.0341127
254 14 64 128 0.0557468
255 14 64 128 0.0468533
5 15 64 128 0.0334695
6 15 64 128 0.0372767
7 15 64 128 0.351051
8 15 64 128 0.102829
9 15 64 128 0.166473
10 15 64 128 0.0117196
19 15 64 128 0.0126653
20 15 64 128 0.057096
21 15 64 128 0.0509089
22 15 64 128 0.0302939
88 15 64 128 0.0128348
89 15 64 128 0.0141399
103 15 64 128 0.0126926
104 15 64 128 0.040549
105 15 64 128 0.195295
106 15 64 128 0.327213
107 15 64 128 0.361645
108 15 64 128 0.245429
109 15 64 128 0.225276
110 15 64 128 0.206873
111 15 64 128 0.259878
112 15 64 128 0.23605
113 15 64 128 0.201264
114 15 64 128 0.107698
115 15 64 128 0.0429916
116 15 64 128 0.0141119
236 15 64 128 0.0254209
237 15 64 128 0.0565137
238 15 64 128 0.0689418
239 15 64 128 0.0711765
240 15 64 128 0.0547994
241 15 64 128 0.0379438
242 15 64 128 0.0476411
243 15 64 128 0.0338648
244 15 64 128 0.0119993
250 15 64 128 0.0121919
252 15 64 128 0.0233796
253 15 64 128 0.0261517
254 15 64 128 0.0326214
255 15 64 128 0.0289724
4 16 64 128 0.0105318
5 16 64 128 0.0413792
6 16 64 128 0.052922
7 16 64 128 0.437289
8 16 64 128 0.138924
9 16 64 128 0.191077
10 16 64 128 0.0138238
11 16 64 128 0.0105564
18 16 64 128 0.0111142
19 16 64 128 0.0182887
20 16 64 128 0.0762818
21 16 64 128 0.0648163
22 16 64 128 0.0334354
87 16 64 128 0.0177246
88 16 64 128 0.0256601
89 16 64 128 0.0305499
90 16 64 128 0.0167801
91 16 64 128 0.0120749
103 16 64 128 0.0106006
104 16 64 128 0.0375716
105 16 64 128 0.178907
106 16 64 128 0.26116
107 16 64 128 0.284302
108 16 64 128 0.182806
109 16 64 128 0.185238
110 16 64 128 0.158775
111 16 64 128 0.213933
112 16 64 128 0.197617
113 16 64 128 0.20107
114 16 64 128 0.094846
115 16 64 128 0.0523637
116 16 64 128 0.0173547
146 16 64 128 0.0135429
236 16 64 128 0.0200054
237 16 64 128 0.0411537
238 16 64 128 0.0573713
239 16 64 128 0.0599478
240 16 64 128 0.0504564
241 16 64 128 0.0325008
242 16 64 128 0.0477862
243 16 64 128 0.0282866
244 16 64 128 0.0119696
252 16 64 128 0.0202652
253 16 64 128 0.0215614
254 16 64 128 0.0278838
255 16 64 128 0.0250367
4 17 64 128 0.0127032
5 17 64 128 0.0594236
6 17 64 128 0.0735829
7 17 64 128 0.590485
8 17 64 128 0.204081
9 17 64 128 0.333419
10 17 64 128 0.0235999
11 17 64 128 0.0219136
17 17 64 128 0.0100488
18 17 64 128 0.0231203
19 17 64 128 0.0284569
20 17 64 128 0.106946
21 17 64 128 0.0739905
22 17 64 128 0.0365731
85 17 64 128 0.0129975
86 17 64 128 0.0200661
87 17 64 128 0.0411391
88 17 64 128 0.0583688
89 17 64 128 0.0657665
90 17 64 128 0.0393081
91 17 64 128 0.0280858
103 17 64 128 0.0165022
104 17 64 128 0.0578121
105 17 64 128 0.24136
106 17 64 128 0.363606
107 17 64 128 0.389247
108 17 64 128 0.261917
109 17 64 128 0.234151
110 17 64 128 0.223007
111 17 64 128 0.293903
112 17 64 128 0.286906
113 17 64 128 0.289257
114 17 64 128 0.18517
115 17 64 128 0.115592
116 17 64 128 0.0411198
117 17 64 128 0.0116884
146 17 64 128 0.0147977
236 17 64 128 0.0128532
237 17 64 128 0.0252107
238 17 64 128 0.0423511
239 17 64 128 0.0521929
240 17 64 128 0.0445626
241 17 64 128 0.0364808
242 17 64 128 0.0453842
243 17 64 128 0.0339452
3 18 64 128 0.0157668
4 18 64 128 0.0289879
5 18 64 128 0.141327
6 18 64 128 0.17193
7 18 64 128 0.755936
8 18 64 128 0.393295
9 18 64 128 0.55201
10 18 64 128 0.0642815
11 18 64 128 0.0473465
13 18 64 128 0.0186478
15 18 64 128 0.0119103
16 18 64 128 0.0119713
17 18 64 128 0.0288924
18 18 64 128 0.0730062
19 18 64 128 0.0666664
20 18 64 128 0.208277
21 18 64 128 0.117554
22 18 64 128 0.0708724
83 18 64 128 0.0154347
84 18 64 128 0.0190314
85 18 64 128 0.0284917
86 18 64 128 0.0525931
87 18 64 128 0.0955501
88 18 64 128 0.156093
89 18 64 128 0.15383
90 18 64 128 0.103747
91 18 64 128 0.0700786
92 18 64 128 0.0233713
103 18 64 128 0.0270897
104 18 64 128 0.118871
105 18 64 128 0.36086
106 18 64 128 0.510712
107 18 64 128 0.469055
108 18 64 128 0.34769
109 18 64 128 0.320151
110 18 64 128 0.263961
111 18 64 128 0.313797
112 18 64 128 0.334225
113 18 64 128 0.383012
114 18 64 128 0.251028
115 18 64 128 0.148262
116 18 64 128 0.0635786
117 18 64 128 0.0206965
145 18 64 128 0.0122971
146 18 64 128 0.0186621
147 18 64 128 0.0159222
236 18 64 128 0.0120476
237 18 64 128 0.0246029
238 18 64 128 0.0522392
239 18 64 128 0.0707616
240 18 64 128 0.0656064
241 18 64 128 0.0503496
242 18 64 128 0.0704572
243 18 64 128 0.0504968
244 18 64 128 0.0164524
254 18 64 128 0.0108978
255 18 64 128 0.0108543
3 19 64 128 0.01095
4 19 64 128 0.0330017
5 19 64 128 0.155707
6 19 64 128 0.22107
7 19 64 128 0.822084
8 19 64 128 0.528133
9 19 64 128 0.630396
10 19 64 128 0.0788574
11 19 64 128 0.0640712
13 19 64 128 0.0201944
15 19 64 128 0.0133091
16 19 64 128 0.0124807
17 19 64 128 0.0414538
18 19 64 128 0.0877931
19 19 64 128 0.10862
20 19 64 128 0.27532
21 19 64 128 0.153078
22 19 64 128 0.0805393
82 19 64 128 0.0109436
83 19 64 128 0.0247835
84 19 64 128 0.0279848
85 19 64 128 0.0456748
86 19 64 128 0.0866935
87 19 64 128 0.155392
88 19 64 128 0.23095
89 19 64 128 0.213146
90 19 64 128 0.152808
91 19 64 128 0.0873334
92 19 64 128 0.0319591
93 19 64 128 0.013016
97 19 64 128 0.0166443
98 19 64 128 0.013474
102 19 64 128 0.0163613
103 19 64 128 0.0715686
104 19 64 128 0.260645
105 19 64 128 0.613237
106 19 64 128 0.728967
107 19 64 128 0.651904
108 19 64 128 0.520999
109 19 64 128 0.504302
110 19 64 128 0.397985
111 19 64 128 0.428158
112 19 64 128 0.522266
113 19 64 128 0.534061
114 19 64 128 0.384283
115 19 64 128 0.220797
116 19 64 128 0.102007
117 19 64 128 0.0309895
118 19 64 128 0.0102084
145 19 64 128 0.0112345
146 19 64 128 0.01628
147 19 64 128 0.0147379
236 19 64 128 0.0160139
237 19 64 128 0.0408526
238 19 64 128 0.0882772
239 19 64 128 0.138042
240 19 64 128 0.127427
241 19 64 128 0.113929
242 19 64 128 0.142234
243 19 64 128 0.100196
244 19 64 128 0.0321752
252 19 64 128 0.0110213
253 19 64 128 0.012444
254 19 64 128 0.0200864
255 19 64 128 0.0212513
3 20 64 128 0.0122697
4 20 64 128 0.034456
5 20 64 128 0.187572
6 20 64 128 0.239483
7 20 64 128 0.823475
8 20 64 128 0.500141
9 20 64 128 0.607275
10 20 64 128 0.0811899
11 20 64 128 0.0661514
12 20 64 128 0.0120873
13 20 64 128 0.0241693
14 20 64 128 0.010038
15 20 64 128 0.0165864
16 20 64 128 0.0175534
17 20 64 128 0.064479
18 20 64 128 0.146824
19 20 64 128 0.16592
20 20 64 128 0.400605
21 20 64 128 0.21254
22 20 64 128 0.113868
82 20 64 128 0.0312844
83 20 64 128 0.0621876
84 20 64 128 0.0688779
85 20 64 128 0.111613
86 20 64 128 0.20568
87 20 64 128 0.357147
88 20 64 128 0.447733
89 20 64 128 0.461999
90 20 64 128 0.287606
91 20 64 128 0.195286
92 20 64 128 0.069464
93 20 64 128 0.0269369
96 20 64 128 0.0118167
97 20 64 128 0.0325191
98 20 64 128 0.0310999
99 20 64 128 0.0137903
100 20 64 128 0.013062
101 20 64 128 0.0193126
102 20 64 128 0.032227
103 20 64 128 0.137579
104 20 64 128 0.460401
105 20 64 128 0.770159
106 20 64 128 0.809738
107 20 64 128 0.744153
108 20 64 128 0.609922
109 20 64 128 0.55952
110 20 64 128 0.423516
111 20 64 128 0.450209
112 20 64 128 0.551646
113 20 64 128 0.573598
114 20 64 128 0.367755
115 20 64 128 0.217726
116 20 64 128 0.0967543
117 20 64 128 0.0306273
118 20 64 128 0.0112233
145 20 64 128 0.0133333
146 20 64 128 0.0213997
147 20 64 128 0.0178871
230 20 64 128 0.0133437
231 20 64 128 0.0156545
232 20 64 128 0.0124754
235 20 64 128 0.0144788
236 20 64 128 0.0268469
237 20 64 128 0.0588788
238 20 64 128 0.12511
239 20 64 128 0.170545
240 20 64 128 0.149237
241 20 64 128 0.115261
242 20 64 128 0.163917
243 20 64 128 0.0963267
244 20 64 128 0.0418001
252 20 64 128 0.0143635
253 20 64 128 0.0159438
254 20 64 128 0.0245318
255 20 64 128 0.0268363
4 21 64 128 0.0232089
5 21 64 128 0.145802
6 21 64 128 0.215228
7 21 64 128 0.811501
8 21 64 128 0.445671
9 21 64 128 0.592028
10 21 64 128 0.065618
11 21 64 128 0.0580568
13 21 64 128 0.0133939
17 21 64 128 0.0288582
18 21 64 128 0.0632717
19 21 64 128 0.0940843
20 21 64 128 0.189756
21 21 64 128 0.0829879
22 21 64 128 0.0303812
82 21 64 128 0.0269835
83 21 64 128 0.0453399
84 21 64 128 0.0522711
85 21 64 128 0.0979308
86 21 64 128 0.204136
87 21 64 128 0.323417
88 21 64 128 0.382738
89 21 64 128 0.387509
90 21 64 128 0.236905
91 21 64 128 0.149428
92 21 64 128 0.0536777
93 21 64 128 0.0210824
96 21 64 128 0.0125816
97 21 64 128 0.0344169
98 21 64 128 0.0449526
99 21 64 128 0.0209418
100 21 64 128 0.0246627
101 21 64 128 0.0300449
102 21 64 128 0.0587034
103 21 64 128 0.245614
104 21 64 128 0.677144
105 21 64 128 0.888273
106 21 64 128 0.915155
107 21 64 128 0.868185
108 21 64 128 0.806697
109 21 64 128 0.713215
110 21 64 128 0.617161
111 21 64 128 0.61864
112 21 64 128 0.72341
113 21 64 128 0.714478
114 21 64 128 0.534788
115 21 64 128 0.338145
116 21 64 128 0.170352
117 21 64 128 0.0482165
118 21 64 128 0.0216147
145 21 64 128 0.010957
146 21 64 128 0.0152972
147 21 64 128 0.0113573
230 21 64 128 0.0202604
231 21 64 128 0.0217017
232 21 64 128 0.0139105
234 21 64 128 0.0110833
235 21 64 128 0.0164712
236 21 64 128 0.0295896
237 21 64 128 0.071007
238 21 64 128 0.187134
239 21 64 128 0.250785
240 21 64 128 0.193243
241 21 64 128 0.171877
242 21 64 128 0.203575
243 21 64 128 0.132721
244 21 64 128 0.0580989
252 21 64 128 0.0104222
253 21 64 128 0.0128582
254 21 64 128 0.0205883
255 21 64 128 0.0216409
4 22 64 128 0.0114552
5 22 64 128 0.0830552
6 22 64 128 0.123512
7 22 64 128 0.619364
8 22 64 128 0.273134
9 22 64 128 0.384211
10 22 64 128 0.0297298
11 22 64 128 0.026463
17 22 64 128 0.0108055
18 22 64 128 0.0326115
19 22 64 128 0.0371638
20 22 64 128 0.0697958
21 22 64 128 0.0257384
82 22 64 128 0.0328037
83 22 64 128 0.0450799
84 22 64 128 0.0695228
85 22 64 128 0.129042
86 22 64 128 0.252998
87 22 64 128 0.366776
88 22 64 128 0.476909
89 22 64 128 0.462848
90 22 64 128 0.282242
91 22 64 128 0.173788
92 22 64 128 0.084475
93 22 64 128 0.0347229
94 22 64 128 0.0134948
95 22 64 128 0.0107496
96 22 64 128 0.0231657
97 22 64 128 0.0663386
98 22 64 128 0.0923694
99 22 64 128 0.0534426
100 22 64 128 0.0731941
101 22 64 128 0.0839556
102 22 64 128 0.148928
103 22 64 128 0.449438
104 22 64 128 0.856062
105 22 64 128 0.952321
106 22 64 128 0.962674
107 22 64 128 0.917714
108 22 64 128 0.883565
109 22 64 128 0.781639
110 22 64 128 0.686854
111 22 64 128 0.665914
112 22 64 128 0.750665
113 22 64 128 0.760578
114 22 64 128 0.577044
115 22 64 128 0.390103
116 22 64 128 0.203322
117 22 64 128 0.0659814
118 22 64 128 0.0260758
146 22 64 128 0.0113573
229 22 64 128 0.0153301
230 22 64 128 0.0333916
231 22 64 128 0.0332285
232 22 64 128 0.0209442
234 22 64 128 0.0123011
235 22 64 128 0.0159818
236 22 64 128 0.031043
237 22 64 128 0.0750227
238 22 64 128 0.203111
239 22 64 128 0.256407
240 22 64 128 0.220934
241 22 64 128 0.168808
242 22 64 128 0.222334
243 22 64 128 0.134008
244 22 64 128 0.0569793
254 22 64 128 0.0132786
255 22 64 128 0.0130321
4 23 64 128 0.0113237
5 23 64 128 0.0689281
6 23 64 128 0.119615
7 23 64 128 0.599056
8 23 64 128 0.288109
9 23 64 128 0.34768
10 23 64 128 0.0199314
11 23 64 128 0.0164804
18 23 64 128 0.0146577
19 23 64 128 0.0254638
20 23 64 128 0.0352677
21 23 64 128 0.0136713
83 23 64 128 0.011565
84 23 64 128 0.0201012
85 23 64 128 0.0341987
86 23 64 128 0.0798655
87 23 64 128 0.120873
88 23 64 128 0.159301
89 23 64 128 0.136768
90 23 64 128 0.080574
91 23 64 128 0.0417523
92 23 64 128 0.0239899
93 23 64 128 0.0121216
96 23 64 128 0.0152084
97 23 64 128 0.0426145
98 23 64 128 0.0668309
99 23 64 128 0.0521066
100 23 64 128 0.0786075
101 23 64 128 0.0922068
102 23 64 128 0.163064
103 23 64 128 0.501706
104 23 64 128 0.881767
105 23 64 128 0.959075
106 23 64 128 0.961776
107 23 64 128 0.903631
108 23 64 128 0.868059
109 23 64 128 0.746857
110 23 64 128 0.645305
111 23 64 128 0.610632
112 23 64 128 0.72258
113 23 64 128 0.729312
114 23 64 128 0.553787
115 23 64 128 0.366304
116 23 64 128 0.189372
117 23 64 128 0.0564687
118 23 64 128 0.0234804
230 23 64 128 0.0199634
231 23 64 128 0.0215372
232 23 64 128 0.014999
235 23 64 128 0.0125249
236 23 64 128 0.0273733
237 23 64 128 0.0669175
238 23 64 128 0.181791
239 23 64 128 0.226477
240 23 64 128 0.173257
241 23 64 128 0.149337
242 23 64 128 0.184528
243 23 64 128 0.102017
244 23 64 128 0.0427782
5 24 64 128 0.0522386
6 24 64 128 0.0884189
7 24 64 128 0.488624
8 24 64 128 0.20524
9 24 64 128 0.228443
10 24 64 128 0.014277
11 24 64 128 0.0125424
18 24 64 128 0.0174294
19 24 64 128 0.024469
20 24 64 128 0.0387673
21 24 64 128 0.0100573
83 24 64 128 0.0117205
84 24 64 128 0.0178275
85 24 64 128 0.0356763
86 24 64 128 0.0775358
87 24 64 128 0.116102
88 24 64 128 0.13618
89 24 64 128 0.127805
90 24 64 128 0.056726
91 24 64 128 0.0352212
92 24 64 128 0.0201986
93 24 64 128 0.0119275
96 24 64 128 0.016049
97 24 64 128 0.0469817
98 24 64 128 0.0797178
99 24 64 128 0.0798578
100 24 64 128 0.143896
101 24 64 128 0.153782
102 24 64 128 0.215636
103 24 64 128 0.563434
104 24 64 128 0.900262
105 24 64 128 0.967706
106 24 64 128 0.961282
107 24 64 128 0.912235
108 24 64 128 0.858294
109 24 64 128 0.783659
110 24 64 128 0.570353
111 24 64 128 0.565151
112 24 64 128 0.664437
113 24 64 128 0.728314
114 24 64 128 0.463687
115 24 64 128 0.292337
116 24 64 128 0.126659
117 24 64 128 0.0443781
118 24 64 128 0.0172205
229 24 64 128 0.0110452
230 24 64 128 0.0212889
231 24 64 128 0.0250178
232 24 64 128 0.0134134
236 24 64 128 0.0217425
237 24 64 128 0.0437058
238 24 64 128 0.107881
239 24 64 128 0.119878
240 24 64 128 0.114429
241 24 64 128 0.0738761
242 24 64 128 0.105409
243 24 64 128 0.0577488
244 24 64 128 0.0253405
5 25 64 128 0.0472987
6 25 64 128 0.0763787
7 25 64 128 0.425537
8 25 64 128 0.158832
9 25 64 128 0.182603
19 25 64 128 0.0165411
20 25 64 128 0.0211076
86 25 64 128 0.0143471
87 25 64 128 0.0185174
88 25 64 128 0.0195166
89 25 64 128 0.0204595
97 25 64 128 0.0147188
98 25 64 128 0.0353235
99 25 64 128 0.0433975
100 25 64 128 0.101441
101 25 64 128 0.112196
102 25 64 128 0.189897
103 25 64 128 0.516787
104 25 64 128 0.880112
105 25 64 128 0.956987
106 25 64 128 0.955775
107 25 64 128 0.882715
108 25 64 128 0.805587
109 25 64 128 0.680434
110 25 64 128 0.482576
111 25 64 128 0.404555
112 25 64 128 0.489487
113 25 64 128 0.529712
114 25 64 128 0.291937
115 25 64 128 0.155434
116 25 64 128 0.0561936
117 25 64 128 0.0181713
230 25 64 128 0.0196382
231 25 64 128 0.0246457
232 25 64 128 0.0135705
235 25 64 128 0.0128727
236 25 64 128 0.0323528
237 25 64 128 0.0690438
238 25 64 128 0.1763
239 25 64 128 0.206346
240 25 64 128 0.171455
241 25 64 128 0.123026
242 25 64 128 0.141325
243 25 64 128 0.0792279
244 25 64 128 0.0390987
5 26 64 128 0.0360434
6 26 64 128 0.0500768
7 26 64 128 0.232738
8 26 64 128 0.0591821
9 26 64 128 0.0806925
19 26 64 128 0.0106581
20 26 64 128 0.0114455
86 26 64 128 0.0127651
87 26 64 128 0.014094
88 26 64 128 0.0157682
89 26 64 128 0.0155501
97 26 64 128 0.0100989
98 26 64 128 0.0255732
99 26 64 128 0.0450314
100 26 64 128 0.100497
101 26 64 128 0.116058
102 26 64 128 0.201352
103 26 64 128 0.512376
104 26 64 128 0.872175
105 26 64 128 0.954001
106 26 64 128 0.952388
107 26 64 128 0.879085
108 26 64 128 0.787401
109 26 64 128 0.622243
110 26 64 128 0.366234
111 26 64 128 0.276974
112 26 64 128 0.325561
113 26 64 128 0.367934
114 26 64 128 0.172963
115 26 64 128 0.0898312
116 26 64 128 0.0285635
230 26 64 128 0.0175313
231 26 64 128 0.0235422
232 26 64 128 0.0129396
235 26 64 128 0.0110776
236 26 64 128 0.0284567
237 26 64 128 0.0580895
238 26 64 128 0.146624
239 26 64 128 0.162607
240 26 64 128 0.139358
241 26 64 128 0.0848267
242 26 64 128 0.121055
243 26 64 128 0.057496
244 26 64 128 0.0240863
4 27 64 128 0.0118367
5 27 64 128 0.0718399
6 27 64 128 0.0909095
7 27 64 128 0.307719
8 27 64 128 0.109886
9 27 64 128 0.12806
19 27 64 128 0.0118946
20 27 64 128 0.010425
99 27 64 128 0.0122932
100 27 64 128 0.035818
101 27 64 128 0.0426004
102 27 64 128 0.0855101
103 27 64 128 0.288029
104 27 64 128 0.721238
105 27 64 128 0.889528
106 27 64 128 0.891468
107 27 64 128 0.748441
108 27 64 128 0.648164
109 27 64 128 0.434782
110 27 64 128 0.217418
111 27 64 128 0.164463
112 27 64 128 0.201319
113 27 64 128 0.191933
114 27 64 128 0.0890534
115 27 64 128 0.0432813
116 27 64 128 0.0132457
230 27 64 128 0.0131298
231 27 64 128 0.0182663
232 27 64 128 0.0115829
235 27 64 128 0.0179905
236 27 64 128 0.050753
237 27 64 128 0.119747
238 27 64 128 0.237596
239 27 64 128 0.303908
240 27 64 128 0.241698
241 27 64 128 0.163791
242 27 64 128 0.180147
243 27 64 128 0.0913099
244 27 64 128 0.0378003
5 28 64 128 0.061334
6 28 64 128 0.0635668
7 28 64 128 0.213362
8 28 64 128 0.0709633
9 28 64 128 0.0856212
19 28 64 128 0.0160361
20 28 64 128 0.0157868
100 28 64 128 0.015471
101 28 64 128 0.0227522
102 28 64 128 0.0420509
103 28 64 128 0.165919
104 28 64 128 0.571755
105 28 64 128 0.818473
106 28 64 128 0.833517
107 28 64 128 0.71337
108 28 64 128 0.563161
109 28 64 128 0.400636
110 28 64 128 0.160494
111 28 64 128 0.140258
112 28 64 128 0.157492
113 28 64 128 0.185665
114 28 64 128 0.0776816
115 28 64 128 0.0420906
235 28 64 128 0.0107433
236 28 64 128 0.0313019
237 28 64 128 0.0759979
238 28 64 128 0.165053
239 28 64 128 0.206556
240 28 64 128 0.205837
241 28 64 128 0.123687
242 28 64 128 0.146865
243 28 64 128 0.0622359
244 28 64 128 0.033614
4 29 64 128 0.0153823
5 29 64 128 0.109092
6 29 64 128 0.0943721
7 29 64 128 0.310786
8 29 64 128 0.0801628
9 29 64 128 0.0774685
19 29 64 128 0.012471
20 29 64 128 0.0100954
102 29 64 128 0.0171877
103 29 64 128 0.0656663
104 29 64 128 0.358575
105 29 64 128 0.637313
106 29 64 128 0.696664
107 29 64 128 0.556534
108 29 64 128 0.411107
109 29 64 128 0.224645
110 29 64 128 0.0958276
111 29 64 128 0.0774801
112 29 64 128 0.0850926
113 29 64 128 0.0834824
114 29 64 128 0.0446804
115 29 64 128 0.0243356
235 29 64 128 0.0172701
236 29 64 128 0.0513635
237 29 64 128 0.171941
238 29 64 128 0.304649
239 29 64 128 0.396264
240 29 64 128 0.372341
241 29 64 128 0.301492
242 29 64 128 0.321338
243 29 64 128 0.15726
244 29 64 128 0.0991287
245 29 64 128 0.0177802
246 29 64 128 0.01013
250 29 64 128 0.0131628
252 29 64 128 0.0188015
253 29 64 128 0.017998
254 29 64 128 0.0371622
255 29 64 128 0.0250974
3 30 64 128 0.0231835
4 30 64 128 0.0364086
5 30 64 128 0.20815
6 30 64 128 0.191498
7 30 64 128 0.423608
8 30 64 128 0.134546
9 30 64 128 0.130494
10 30 64 128 0.0130591
11 30 64 128 0.012439
17 30 64 128 0.011755
18 30 64 128 0.0312423
19 30 64 128 0.0626568
20 30 64 128 0.0555418
21 30 64 128 0.0229833
103 30 64 128 0.0413797
104 30 64 128 0.223511
105 30 64 128 0.495257
106 30 64 128 0.56476
107 30 64 128 0.488071
108 30 64 128 0.369432
109 30 64 128 0.208315
110 30 64 128 0.0872849
111 30 64 128 0.065732
112 30 64 128 0.06667
113 30 64 128 0.0697708
114 30 64 128 0.0391923
115 30 64 128 0.0217189
236 30 64 128 0.0211976
237 30 64 128 0.070115
238 30 64 128 0.157183
239 30 64 128 0.240775
240 30 64 128 0.236265
241 30 64 128 0.179956
242 30 64 128 0.218551
243 30 64 128 0.10841
244 30 64 128 0.0646444
245 30 64 128 0.0128295
252 30 64 128 0.0100391
254 30 64 128 0.0151281
255 30 64 128 0.0118616
1 31 64 128 0.0152668
2 31 64 128 0.0418747
3 31 64 128 0.149122
4 31 64 128 0.202763
5 31 64 128 0.640161
6 31 64 128 0.596145
7 31 64 128 0.823559
8 31 64 128 0.487337
9 31 64 128 0.489563
10 31 64 128 0.0722783
11 31 64 128 0.0564168
12 31 64 128 0.0165433
13 31 64 128 0.0207566
15 31 64 128 0.0106545
17 31 64 128 0.0410663
18 31 64 128 0.0884526
19 31 64 128 0.216336
20 31 64 128 0.170798
21 31 64 128 0.0633137
22 31 64 128 0.0163941
103 31 64 128 0.013701
104 31 64 128 0.0738729
105 31 64 128 0.251563
106 31 64 128 0.340324
107 31 64 128 0.330185
108 31 64 128 0.258179
109 31 64 128 0.154534
110 31 64 128 0.0686435
111 31 64 128 0.0529884
112 31 64 128 0.0539112
113 31 64 128 0.0591563
114 31 64 128 0.0362463
115 31 64 128 0.020169
235 31 64 128 0.0109257
236 31 64 128 0.0458204
237 31 64 128 0.162872
238 31 64 128 0.332513
239 31 64 128 0.500489
240 31 64 128 0.48908
241 31 64 128 0.453942
242 31 64 128 0.489103
243 31 64 128 0.321481
244 31 64 128 0.184743
245 31 64 128 0.0412286
246 31 64 128 0.0282875
247 31 64 128 0.0143164
248 31 64 128 0.0242183
249 31 64 128 0.0242811
250 31 64 128 0.0412009
251 31 64 128 0.0329477
252 31 64 128 0.049785
253 31 64 128 0.0473476
254 31 64 128 0.0905578
255 31 64 128 0.0733013
0 32 64 128 0.0109054
1 32 64 128 0.0351012
2 32 64 128 0.0762271
3 32 64 128 0.215604
4 32 64 128 0.25084
5 32 64 128 0.687976
6 32 64 128 0.673521
7 32 64 128 0.867671
8 32 64 128 0.519875
9 32 64 128 0.640829
10 32 64 128 0.117797
11 32 64 128 0.122987
12 32 64 128 0.034305
13 32 64 128 0.0658475
14 32 64 128 0.0196444
15 32 64 128 0.0315376
16 32 64 128 0.0227826
17 32 64 128 0.110587
18 32 64 128 0.217917
19 32 64 128 0.4268
20 32 64 128 0.413658
21 32 64 128 0.197668
22 32 64 128 0.0817609
23 32 64 128 0.0101714
31 32 64 128 0.0131499
32 32 64 128 0.0234158
33 32 64 128 0.0277114
104 32 64 128 0.0535899
105 32 64 128 0.171851
106 32 64 128 0.281713
107 32 64 128 0.298164
108 32 64 128 0.303499
109 32 64 128 0.197198
110 32 64 128 0.0875275
111 32 64 128 0.0611283
112 32 64 128 0.0610503
113 32 64 128 0.0719204
114 32 64 128 0.0414217
115 32 64 128 0.0208711
235 32 64 128 0.0160744
236 32 64 128 0.0639977
237 32 64 128 0.223848
238 32 64 128 0.459756
239 32 64 128 0.610827
240 32 64 128 0.636229
241 32 64 128 0.594382
242 32 64 128 0.64914
243 32 64 128 0.459003
244 32 64 128 0.309438
245 32 64 128 0.083052
246 32 64 128 0.0534924
247 32 64 128 0.0259733
248 32 64 128 0.0427828
249 32 64 128 0.0388335
250 32 64 128 0.0703498
251 32 64 128 0.0511354
252 32 64 128 0.0707056
253 32 64 128 0.0646953
254 32 64 128 0.144152
255 32 64 128 0.118002
0 33 64 128 0.0149413
1 33 64 128 0.0490732
2 33 64 128 0.115741
3 33 64 128 0.29199
4 33 64 128 0.315922
5 33 64 128 0.77054
6 33 64 128 0.797614
7 33 64 128 0.92273
8 33 64 128 0.70949
9 33 64 128 0.765336
10 33 64 128 0.20726
11 33 64 128 0.154141
12 33 64 128 0.0582923
13 33 64 128 0.0682205
14 33 64 128 0.0247818
15 33 64 128 0.0296121
16 33 64 128 0.0222171
17 33 64 128 0.0945608
18 33 64 128 0.206701
19 33 64 128 0.398541
20 33 64 128 0.366921
21 33 64 128 0.178205
22 33 64 128 0.076997
23 33 64 128 0.0114484
24 33 64 128 0.0109653
30 33 64 128 0.0116507
31 33 64 128 0.0249776
32 33 64 128 0.0441088
33 33 64 128 0.0587153
34 33 64 128 0.014819
35 33 64 128 0.0156979
104 33 64 128 0.0327188
105 33 64 128 0.115361
106 33 64 128 0.207068
107 33 64 128 0.261541
108 33 64 128 0.280276
109 33 64 128 0.215798
110 33 64 128 0.113241
111 33 64 128 0.070634
112 33 64 128 0.0631247
113 33 64 128 0.0651677
114 33 64 128 0.0427594
115 33 64 128 0.021141
235 33 64 128 0.036532
236 33 64 128 0.171015
237 33 64 128 0.56596
238 33 64 128 0.775736
239 33 64 128 0.849366
240 33 64 128 0.870392
241 33 64 128 0.86714
242 33 64 128 0.880559
243 33 64 128 0.74875
244 33 64 128 0.593998
245 33 64 128 0.241639
246 33 64 128 0.165713
247 33 64 128 0.0960097
248 33 64 128 0.153034
249 33 64 128 0.16388
250 33 64 128 0.258115
251 33 64 128 0.194904
252 33 64 128 0.209382
253 33 64 128 0.242831
254 33 64 128 0.390498
255 33 64 128 0.37219
1 34 64 128 0.0234359
2 34 64 128 0.0569049
3 34 64 128 0.153069
4 34 64 128 0.154446
5 34 64 128 0.589163
6 34 64 128 0.647483
7 34 64 128 0.871495
8 34 64 128 0.615409
9 34 64 128 0.66657
10 34 64 128 0.143718
11 34 64 128 0.140099
12 34 64 128 0.0517469
13 34 64 128 0.0764819
14 34 64 128 0.0236457
15 34 64 128 0.0283844
16 34 64 128 0.0180151
17 34 64 128 0.0975203
18 34 64 128 0.221108
19 34 64 128 0.435544
20 34 64 128 0.437207
21 34 64 128 0.23039
22 34 64 128 0.120019
23 34 64 128 0.0199239
24 34 64 128 0.0201415
26 34 64 128 0.0116675
30 34 64 128 0.0188339
31 34 64 128 0.0379703
32 34 64 128 0.0737973
33 34 64 128 0.0957846
34 34 64 128 0.0296891
35 34 64 128 0.0302015
36 34 64 128 0.011325
37 34 64 128 0.0144606
104 34 64 128 0.013464
105 34 64 128 0.0478977
106 34 64 128 0.107756
107 34 64 128 0.176033
108 34 64 128 0.22196
109 34 64 128 0.179759
110 34 64 128 0.101646
111 34 64 128 0.0678859
112 34 64 128 0.0610924
113 34 64 128 0.0582097
114 34 64 128 0.0463267
115 34 64 128 0.0223769
234 34 64 128 0.0106858
235 34 64 128 0.058204
236 34 64 128 0.217449
237 34 64 128 0.545935
238 34 64 128 0.747056
239 34 64 128 0.826684
240 34 64 128 0.839938
241 34 64 128 0.842025
242 34 64 128 0.860326
243 34 64 128 0.730814
244 34 64 128 0.490977
245 34 64 128 0.202407
246 34 64 128 0.133572
247 34 64 128 0.0829111
248 34 64 128 0.129296
249 34 64 128 0.123439
250 34 64 128 0.16912
251 34 64 128 0.130658
252 34 64 128 0.116207
253 34 64 128 0.14433
254 34 64 128 0.29008
255 34 64 128 0.276633
1 35 64 128 0.0325353
2 35 64 128 0.0882322
3 35 64 128 0.227254
4 35 64 128 0.203558
5 35 64 128 0.626434
6 35 64 128 0.744647
7 35 64 128 0.903099
8 35 64 128 0.707882
9 35 64 128 0.723004
10 35 64 128 0.219896
11 35 64 128 0.143583
12 35 64 128 0.0629292
13 35 64 128 0.0585745
14 35 64 128 0.0212859
15 35 64 128 0.0201461
16 35 64 128 0.0159258
17 35 64 128 0.0622499
18 35 64 128 0.135903
19 35 64 128 0.332196
20 35 64 128 0.284103
21 35 64 128 0.151789
22 35 64 128 0.0650598
23 35 64 128 0.013937
24 35 64 128 0.0110033
31 35 64 128 0.0196905
32 35 64 128 0.0412679
33 35 64 128 0.066404
34 35 64 128 0.0240692
35 35 64 128 0.0265322
36 35 64 128 0.0108059
37 35 64 128 0.0136009
105 35 64 128 0.0170104
106 35 64 128 0.0389409
107 35 64 128 0.0780058
108 35 64 128 0.124043
109 35 64 128 0.111954
110 35 64 128 0.0599434
111 35 64 128 0.0418268
112 35 64 128 0.0381896
113 35 64 128 0.0393438
114 35 64 128 0.0348965
115 35 64 128 0.018966
235 35 64 128 0.0554531
236 35 64 128 0.253111
237 35 64 128 0.604674
238 35 64 128 0.783515
239 35 64 128 0.858426
240 35 64 128 0.86306
241 35 64 128 0.873702
242 35 64 128 0.88653
243 35 64 128 0.744085
244 35 64 128 0.488803
245 35 64 128 0.161772
246 35 64 128 0.12503
247 35 64 128 0.0805953
248 35 64 128 0.107481
249 35 64 128 0.102434
250 35 64 128 0.165877
251 35 64 128 0.143585
252 35 64 128 0.110426
253 35 64 128 0.145482
254 35 64 128 0.28268
255 35 64 128 0.293326
1 36 64 128 0.01373
2 36 64 128 0.032239
3 36 64 128 0.0754192
4 36 64 128 0.0752633
5 36 64 128 0.325059
6 36 64 128 0.443377
7 36 64 128 0.747314
8 36 64 128 0.437198
9 36 64 128 0.540227
10 36 64 128 0.0929941
11 36 64 128 0.0607418
12 36 64 128 0.0255375
13 36 64 128 0.0335629
17 36 64 128 0.0231998
18 36 64 128 0.0547672
19 36 64 128 0.148961
20 36 64 128 0.163083
21 36 64 128 0.0850081
22 36 64 128 0.0495049
31 36 64 128 0.0143081
32 36 64 128 0.0379793
33 36 64 128 0.0632061
34 36 64 128 0.028454
35 36 64 128 0.0372006
36 36 64 128 0.0180536
37 36 64 128 0.0245179
38 36 64 128 0.0184027
39 36 64 128 0.0120126
106 36 64 128 0.0138142
107 36 64 128 0.0295346
108 36 64 128 0.0586198
109 36 64 128 0.0600892
110 36 64 128 0.0280792
111 36 64 128 0.0192196
112 36 64 128 0.022105
113 36 64 128 0.0236021
114 36 64 128 0.0246386
115 36 64 128 0.0130537
235 36 64 128 0.0547511
236 36 64 128 0.202619
237 36 64 128 0.545527
238 36 64 128 0.74531
239 36 64 128 0.795017
240 36 64 128 0.813332
241 36 64 128 0.820238
242 36 64 128 0.839293
243 36 64 128 0.62223
244 36 64 128 0.349213
245 36 64 128 0.114365
246 36 64 128 0.0678471
247 36 64 128 0.0431646
248 36 64 128 0.0611213
249 36 64 128 0.0517176
250 36 64 128 0.0840644
251 36 64 128 0.0645408
252 36 64 128 0.048434
253 36 64 128 0.0501497
254 36 64 128 0.125634
255 36 64 128 0.125357
1 37 64 128 0.0184791
2 37 64 128 0.0449272
3 37 64 128 0.0731721
4 37 64 128 0.0872933
5 37 64 128 0.300146
6 37 64 128 0.532376
7 37 64 128 0.754255
8 37 64 128 0.547157
9 37 64 128 0.506316
10 37 64 128 0.0911868
11 37 64 128 0.0396769
12 37 64 128 0.0197202
13 37 64 128 0.0141908
18 37 64 128 0.0178136
19 37 64 128 0.0473036
20 37 64 128 0.0624421
21 37 64 128 0.031433
22 37 64 128 0.0168942
32 37 64 128 0.0120294
33 37 64 128 0.0186148
34 37 64 128 0.0102522
35 37 64 128 0.0138997
37 37 64 128 0.0116278
38 37 64 128 0.0110833
107 37 64 128 0.0173441
108 37 64 128 0.0333937
109 37 64 128 0.0405936
110 37 64 128 0.0215491
111 37 64 128 0.0184921
112 37 64 128 0.0207317
113 37 64 128 0.0240291
114 37 64 128 0.0234672
115 37 64 128 0.0119684
235 37 64 128 0.0359214
236 37 64 128 0.174146
237 37 64 128 0.519119
238 37 64 128 0.701267
239 37 64 128 0.763314
240 37 64 128 0.820842
241 37 64 128 0.837051
242 37 64 128 0.849654
243 37 64 128 0.593385
244 37 64 128 0.317449
245 37 64 128 0.093607
246 37 64 128 0.0584189
247 37 64 128 0.0320234
248 37 64 128 0.0596026
249 37 64 128 0.0461669
250 37 64 128 0.0808178
251 37 64 128 0.0572672
252 37 64 128 0.0435421
253 37 64 128 0.0551881
254 37 64 128 0.119835
255 37 64 128 0.123674
2 38 64 128 0.0131547
3 38 64 128 0.0219728
4 38 64 128 0.023005
5 38 64 128 0.0994857
6 38 64 128 0.249653
7 38 64 128 0.463358
8 38 64 128 0.209747
9 38 64 128 0.190018
10 38 64 128 0.021957
11 38 64 128 0.0107561
19 38 64 128 0.018361
20 38 64 128 0.0250603
21 38 64 128 0.0140701
33 38 64 128 0.0104592
108 38 64 128 0.0134013
109 38 64 128 0.0176381
110 38 64 128 0.011035
112 38 64 128 0.010896
113 38 64 128 0.0129867
114 38 64 128 0.0154461
235 38 64 128 0.0200322
236 38 64 128 0.0875693
237 38 64 128 0.273352
238 38 64 128 0.435558
239 38 64 128 0.519283
240 38 64 128 0.605475
241 38 64 128 0.636542
242 38 64 128 0.628051
243 38 64 128 0.36521
244 38 64 128 0.14764
245 38 64 128 0.0386908
246 38 64 128 0.0186519
247 38 64 128 0.0109226
248 38 64 128 0.0177323
249 38 64 128 0.014133
250 38 64 128 0.0216971
251 38 64 128 0.015276
252 38 64 128 0.0120373
253 38 64 128 0.0146794
254 38 64 128 0.0337656
255 38 64 128 0.033719
5 39 64 128 0.0353595
6 39 64 128 0.102486
7 39 64 128 0.188774
8 39 64 128 0.078477
9 39 64 128 0.0587921
109 39 64 128 0.0146419
113 39 64 128 0.0124618
114 39 64 128 0.0146346
236 39 64 128 0.0408456
237 39 64 128 0.150927
238 39 64 128 0.250867
239 39 64 128 0.348931
240 39 64 128 0.454435
241 39 64 128 0.522327
242 39 64 128 0.517422
243 39 64 128 0.253876
244 39 64 128 0.094796
245 39 64 128 0.0210946
246 39 64 128 0.0116505
250 39 64 128 0.0163024
254 39 64 128 0.0244135
255 39 64 128 0.0220898
7 40 64 128 0.0158323
237 40 64 128 0.0289981
238 40 64 128 0.0572082
239 40 64 128 0.0760438
240 40 64 128 0.112503
241 40 64 128 0.137352
242 40 64 128 0.123642
243 40 64 128 0.0465029
244 40 64 128 0.0154506
239 41 64 128 0.0143784
240 41 64 128 0.0246807
241 41 64 128 0.0337265
242 41 64 128 0.0280278
112 47 64 128 0.0114341
110 48 64 128 0.0105278
112 48 64 128 0.0137163
113 48 64 128 0.0107955
109 49 64 128 0.0104495
110 49 64 128 0.0122796
111 49 64 128 0.0118707
112 49 64 128 0.0144965
113 49 64 128 0.0123062
109 50 64 128 0.0112483
110 50 64 128 0.0131778
111 50 64 128 0.0112053
112 50 64 128 0.0144102
113 50 64 128 0.0112687
109 51 64 128 0.0114045
110 51 64 128 0.0128613
111 51 64 128 0.0133183
112 51 64 128 0.013947
110 52 64 128 0.0100419
111 52 64 128 0.0108356
6 62 64 128 0.0164172
7 62 64 128 0.0235153
5 63 64 128 0.0104967
6 63 64 128 0.0195175
7 63 64 128 0.0318378
5 64 64 128 0.0132743
6 64 64 128 0.0269389
7 64 64 128 0.0418379
8 64 64 128 0.0126344
6 65 64 128 0.0100064
7 65 64 128 0.0151077
6 66 64 128 0.0102502
7 66 64 128 0.0154929
80 89 64 128 0.0170138
81 89 64 128 0.0155686
79 90 64 128 0.0239103
80 90 64 128 0.0462895
81 90 64 128 0.0369911
82 90 64 128 0.0175707
83 90 64 128 0.0127703
78 91 64 128 0.0208083
79 91 64 128 0.0579631
80 91 64 128 0.111798
81 91 64 128 0.0752431
82 91 64 128 0.0268589
83 91 64 128 0.0179403
84 91 64 128 0.014149
77 92 64 128 0.0205519
78 92 64 128 0.0615334
79 92 64 128 0.154651
80 92 64 128 0.20636
81 92 64 128 0.146454
82 92 64 128 0.0482999
83 92 64 128 0.0269277
84 92 64 128 0.0168828
144 92 64 128 0.0157664
145 92 64 128 0.0111904
146 92 64 128 0.0109759
75 93 64 128 0.0104836
76 93 64 128 0.0163575
77 93 64 128 0.0467671
78 93 64 128 0.114321
79 93 64 128 0.210591
80 93 64 128 0.245187
81 93 64 128 0.121051
82 93 64 128 0.0284796
83 93 64 128 0.0124289
142 93 64 128 0.0147183
143 93 64 128 0.0200252
144 93 64 128 0.0454695
145 93 64 128 0.0311928
146 93 64 128 0.0261457
73 94 64 128 0.0138452
74 94 64 128 0.0318957
75 94 64 128 0.0431626
76 94 64 128 0.0727246
77 94 64 128 0.160201
78 94 64 128 0.305607
79 94 64 128 0.445591
80 94 64 128 0.420114
81 94 64 128 0.186879
82 94 64 128 0.0326199
83 94 64 128 0.0106617
139 94 64 128 0.014143
140 94 64 128 0.0205608
141 94 64 128 0.0335265
142 94 64 128 0.0469719
143 94 64 128 0.0859533
144 94 64 128 0.105831
145 94 64 128 0.0816333
146 94 64 128 0.0396264
147 94 64 128 0.0168867
172 94 64 128 0.0130548
173 94 64 128 0.0196323
174 94 64 128 0.0117696
72 95 64 128 0.0100262
73 95 64 128 0.0577569
74 95 64 128 0.134024
75 95 64 128 0.165768
76 95 64 128 0.251408
77 95 64 128 0.415892
78 95 64 128 0.603094
79 95 64 128 0.65204
80 95 64 128 0.565524
81 95 64 128 0.231838
82 95 64 128 0.0361916
138 95 64 128 0.0267578
139 95 64 128 0.0472452
140 95 64 128 0.0737477
141 95 64 128 0.0988568
142 95 64 128 0.161597
143 95 64 128 0.185592
144 95 64 128 0.234864
145 95 64 128 0.148656
146 95 64 128 0.0910176
147 95 64 128 0.0420156
148 95 64 128 0.0178773
169 95 64 128 0.0103019
170 95 64 128 0.018809
171 95 64 128 0.027276
172 95 64 128 0.0433019
173 95 64 128 0.0582265
174 95 64 128 0.0445223
175 95 64 128 0.0315884
176 95 64 128 0.0227056
177 95 64 128 0.0255286
178 95 64 128 0.0133761
72 96 64 128 0.0389975
73 96 64 128 0.211882
74 96 64 128 0.383317
75 96 64 128 0.440128
76 96 64 128 0.564068
77 96 64 128 0.764115
78 96 64 128 0.834062
79 96 64 128 0.833351
80 96 64 128 0.714692
81 96 64 128 0.34495
82 96 64 128 0.046372
106 96 64 128 0.0183711
107 96 64 128 0.0310973
108 96 64 128 0.0279888
109 96 64 128 0.0379957
110 96 64 128 0.0274325
111 96 64 128 0.0169106
130 96 64 128 0.0100559
137 96 64 128 0.0188147
138 96 64 128 0.0541746
139 96 64 128 0.0915798
140 96 64 128 0.135743
141 96 64 128 0.236695
142 96 64 128 0.310726
143 96 64 128 0.430861
144 96 64 128 0.397283
145 96 64 128 0.256365
146 96 64 128 0.120303
147 96 64 128 0.0527965
148 96 64 128 0.0222315
169 96 64 128 0.0216202
170 96 64 128 0.0573965
171 96 64 128 0.0887168
172 96 64 128 0.135546
173 96 64 128 0.150364
174 96 64 128 0.0923618
175 96 64 128 0.0602179
176 96 64 128 0.0456699
177 96 64 128 0.0439417
178 96 64 128 0.022806
201 96 64 128 0.010516
202 96 64 128 0.0191822
203 96 64 128 0.0193427
71 97 64 128 0.0297628
72 97 64 128 0.108851
73 97 64 128 0.433962
74 97 64 128 0.677954
75 97 64 128 0.71639
76 97 64 128 0.796823
77 97 64 128 0.896027
78 97 64 128 0.925699
79 97 64 128 0.881544
80 97 64 128 0.770427
81 97 64 128 0.347782
82 97 64 128 0.0405497
104 97 64 128 0.0293886
105 97 64 128 0.0511448
106 97 64 128 0.0991208
107 97 64 128 0.137705
108 97 64 128 0.162696
109 97 64 128 0.171627
110 97 64 128 0.111225
111 97 64 128 0.0569411
129 97 64 128 0.0152619
130 97 64 128 0.0196793
131 97 64 128 0.0163312
133 97 64 128 0.0158238
134 97 64 128 0.0142871
135 97 64 128 0.0130287
136 97 64 128 0.0115192
137 97 64 128 0.0402606
138 97 64 128 0.0807231
139 97 64 128 0.115841
140 97 64 128 0.222352
141 97 64 128 0.396632
142 97 64 128 0.49217
143 97 64 128 0.461604
144 97 64 128 0.519707
145 97 64 128 0.342734
146 97 64 128 0.152456
147 97 64 128 0.0505972
148 97 64 128 0.0204006
169 97 64 128 0.0252404
170 97 64 128 0.0758141
171 97 64 128 0.190126
172 97 64 128 0.286273
173 97 64 128 0.250312
174 97 64 128 0.130506
175 97 64 128 0.0957129
176 97 64 128 0.0748734
177 97 64 128 0.0736519
178 97 64 128 0.043678
179 97 64 128 0.0133351
200 97 64 128 0.0110974
201 97 64 128 0.0171178
202 97 64 128 0.0414775
203 97 64 128 0.0363756
204 97 64 128 0.0182285
70 98 64 128 0.0190237
71 98 64 128 0.0635914
72 98 64 128 0.280719
73 98 64 128 0.740442
74 98 64 128 0.8795
75 98 64 128 0.86824
76 98 64 128 0.912542
77 98 64 128 0.957696
78 98 64 128 0.965796
79 98 64 128 0.922916
80 98 64 128 0.823846
81 98 64 128 0.395558
82 98 64 128 0.0305889
103 98 64 128 0.016312
104 98 64 128 0.0712782
105 98 64 128 0.178617
106 98 64 128 0.314597
107 98 64 128 0.413334
108 98 64 128 0.42143
109 98 64 128 0.425342
110 98 64 128 0.260964
111 98 64 128 0.1039
112 98 64 128 0.0142568
128 98 64 128 0.014832
129 98 64 128 0.0273634
130 98 64 128 0.0475454
131 98 64 128 0.0446817
132 98 64 128 0.0255597
133 98 64 128 0.0399353
134 98 64 128 0.0343407
135 98 64 128 0.0284824
136 98 64 128 0.021999
137 98 64 128 0.0787553
138 98 64 128 0.133828
139 98 64 128 0.212308
140 98 64 128 0.336087
141 98 64 128 0.564515
142 98 64 128 0.631022
143 98 64 128 0.66983
144 98 64 128 0.59005
145 98 64 128 0.48887
146 98 64 128 0.210207
147 98 64 128 0.0861494
148 98 64 128 0.0289414
169 98 64 128 0.0281037
170 98 64 128 0.13471
171 98 64 128 0.284802
172 98 64 128 0.33711
173 98 64 128 0.323236
174 98 64 128 0.200965
175 98 64 128 0.132917
176 98 64 128 0.0941163
177 98 64 128 0.0930281
178 98 64 128 0.0487278
179 98 64 128 0.0171283
192 98 64 128 0.0120991
193 98 64 128 0.0156991
194 98 64 128 0.0188955
195 98 64 128 0.014257
196 98 64 128 0.0132124
197 98 64 128 0.0120544
198 98 64 128 0.0182769
199 98 64 128 0.0122988
200 98 64 128 0.0220443
201 98 64 128 0.030439
202 98 64 128 0.0825412
203 98 64 128 0.064479
204 98 64 128 0.0363407
205 98 64 128 0.0171919
69 99 64 128 0.0124249
70 99 64 128 0.0389628
71 99 64 128 0.130394
72 99 64 128 0.492081
73 99 64 128 0.880093
74 99 64 128 0.956981
75 99 64 128 0.945795
76 99 64 128 0.960267
77 99 64 128 0.976718
78 99 64 128 0.983158
79 99 64 128 0.954193
80 99 64 128 0.864895
81 99 64 128 0.39746
82 99 64 128 0.0317269
102 99 64 128 0.0188666
103 99 64 128 0.0467506
104 99 64 128 0.219028
105 99 64 128 0.45447
106 99 64 128 0.625532
107 99 64 128 0.713575
108 99 64 128 0.749543
109 99 64 128 0.612969
110 99 64 128 0.400882
111 99 64 128 0.175998
112 99 64 128 0.0225102
127 99 64 128 0.011908
128 99 64 128 0.0261027
129 99 64 128 0.0658765
130 99 64 128 0.127087
131 99 64 128 0.119938
132 99 64 128 0.0984003
133 99 64 128 0.148443
134 99 64 128 0.122968
135 99 64 128 0.0852189
136 99 64 128 0.0590304
137 99 64 128 0.132024
138 99 64 128 0.220914
139 99 64 128 0.309952
140 99 64 128 0.401654
141 99 64 128 0.580154
142 99 64 128 0.70887
143 99 64 128 0.692859
144 99 64 128 0.688022
145 99 64 128 0.482076
146 99 64 128 0.267514
147 99 64 128 0.106679
148 99 64 128 0.0407991
169 99 64 128 0.0373778
170 99 64 128 0.200266
171 99 64 128 0.444279
172 99 64 128 0.492877
173 99 64 128 0.49553
174 99 64 128 0.382382
175 99 64 128 0.248645
176 99 64 128 0.185915
177 99 64 128 0.196152
178 99 64 128 0.128755
179 99 64 128 0.0494158
180 99 64 128 0.0184314
186 99 64 128 0.0148513
187 99 64 128 0.0160842
188 99 64 128 0.0103425
189 99 64 128 0.0151438
190 99 64 128 0.0169967
191 99 64 128 0.0284571
192 99 64 128 0.0312539
193 99 64 128 0.0448794
194 99 64 128 0.0553046
195 99 64 128 0.0377457
196 99 64 128 0.0321248
197 99 64 128 0.0272914
198 99 64 128 0.0403085
199 99 64 128 0.0274095
200 99 64 128 0.0425837
201 99 64 128 0.0632858
202 99 64 128 0.156752
203 99 64 128 0.116342
204 99 64 128 0.0690286
205 99 64 128 0.034267
206 99 64 128 0.0162742
209 99 64 128 0.0113794
69 100 64 128 0.011226
70 100 64 128 0.0352981
71 100 64 128 0.144367
72 100 64 128 0.551692
73 100 64 128 0.90782
74 100 64 128 0.963377
75 100 64 128 0.951807
76 100 64 128 0.963038
77 100 64 128 0.980075
78 100 64 128 0.984291
79 100 64 128 0.962109
80 100 64 128 0.882963
81 100 64 128 0.391654
82 100 64 128 0.0246245
102 100 64 128 0.0210564
103 100 64 128 0.064832
104 100 64 128 0.375124
105 100 64 128 0.628672
106 100 64 128 0.796438
107 100 64 128 0.869503
108 100 64 128 0.878747
109 100 64 128 0.766505
110 100 64 128 0.596203
111 100 64 128 0.248692
112 100 64 128 0.032312
126 100 64 128 0.0141707
127 100 64 128 0.0259275
128 100 64 128 0.0660141
129 100 64 128 0.132183
130 100 64 128 0.307283
131 100 64 128 0.277901
132 100 64 128 0.254313
133 100 64 128 0.255392
134 100 64 128 0.223097
135 100 64 128 0.116393
136 100 64 128 0.0780135
137 100 64 128 0.137598
138 100 64 128 0.180911
139 100 64 128 0.255894
140 100 64 128 0.342916
141 100 64 128 0.59275
142 100 64 128 0.686577
143 100 64 128 0.748392
144 100 64 128 0.693093
145 100 64 128 0.563541
146 100 64 128 0.346792
147 100 64 128 0.162697
148 100 64 128 0.0481169
149 100 64 128 0.0105212
169 100 64 128 0.0411816
170 100 64 128 0.309499
171 100 64 128 0.529645
172 100 64 128 0.652362
173 100 64 128 0.607905
174 100 64 128 0.518041
175 100 64 128 0.34358
176 100 64 128 0.324153
177 100 64 128 0.322868
178 100 64 128 0.232183
179 100 64 128 0.0887624
180 100 64 128 0.0332828
181 100 64 128 0.0191115
184 100 64 128 0.010462
186 100 64 128 0.0122615
187 100 64 128 0.0136186
188 100 64 128 0.0140417
189 100 64 128 0.0177904
190 100 64 128 0.0228721
191 100 64 128 0.0432435
192 100 64 128 0.0688514
193 100 64 128 0.0841726
194 100 64 128 0.124164
195 100 64 128 0.0849255
196 100 64 128 0.0656695
197 100 64 128 0.0547418
198 100 64 128 0.0647487
199 100 64 128 0.0426221
200 100 64 128 0.0555165
201 100 64 128 0.0878285
202 100 64 128 0.188297
203 100 64 128 0.159989
204 100 64 128 0.0963537
205 100 64 128 0.0580019
206 100 64 128 0.0384749
207 100 64 128 0.0227627
208 100 64 128 0.0245518
209 100 64 128 0.0253567
210 100 64 128 0.0188056
67 101 64 128 0.0109344
69 101 64 128 0.0112198
70 101 64 128 0.0362127
71 101 64 128 0.14843
72 101 64 128 0.587483
73 101 64 128 0.911344
74 101 64 128 0.962918
75 101 64 128 0.957507
76 101 64 128 0.96111
77 101 64 128 0.977937
78 101 64 128 0.980513
79 101 64 128 0.94982
80 101 64 128 0.864899
81 101 64 128 0.382206
82 101 64 128 0.0267573
102 101 64 128 0.0186509
103 101 64 128 0.0774693
104 101 64 128 0.431353
105 101 64 128 0.702159
106 101 64 128 0.845376
107 101 64 128 0.913917
108 101 64 128 0.927059
109 101 64 128 0.837228
110 101 64 128 0.687821
111 101 64 128 0.37326
112 101 64 128 0.0524807
125 101 64 128 0.0128639
126 101 64 128 0.0341193
127 101 64 128 0.0951788
128 101 64 128 0.19524
129 101 64 128 0.406659
130 101 64 128 0.598901
131 101 64 128 0.68913
132 101 64 128 0.573668
133 101 64 128 0.635758
134 101 64 128 0.433957
135 101 64 128 0.300183
136 101 64 128 0.12669
137 101 64 128 0.216775
138 101 64 128 0.234563
139 101 64 128 0.298985
140 101 64 128 0.414386
141 101 64 128 0.706063
142 101 64 128 0.734094
143 101 64 128 0.719167
144 101 64 128 0.702594
145 101 64 128 0.600047
146 101 64 128 0.383195
147 101 64 128 0.168487
148 101 64 128 0.0513667
149 101 64 128 0.0100232
169 101 64 128 0.0520107
170 101 64 128 0.304281
171 101 64 128 0.651213
172 101 64 128 0.754715
173 101 64 128 0.750699
174 101 64 128 0.658041
175 101 64 128 0.49726
176 101 64 128 0.43408
177 101 64 128 0.453208
178 101 64 128 0.346041
179 101 64 128 0.144795
180 101 64 128 0.0734299
181 101 64 128 0.0318049
182 101 64 128 0.0165772
183 101 64 128 0.0120168
184 101 64 128 0.0128305
186 101 64 128 0.0114905
187 101 64 128 0.0106568
188 101 64 128 0.0123059
189 101 64 128 0.0171753
190 101 64 128 0.0262846
191 101 64 128 0.0472541
192 101 64 128 0.0696978
193 101 64 128 0.0979368
194 101 64 128 0.149055
195 101 64 128 0.104044
196 101 64 128 0.0610871
197 101 64 128 0.0539287
198 101 64 128 0.0545924
199 101 64 128 0.0350117
200 101 64 128 0.0460245
201 101 64 128 0.067522
202 101 64 128 0.132349
203 101 64 128 0.1197
204 101 64 128 0.079537
205 101 64 128 0.0463144
206 101 64 128 0.0256712
207 101 64 128 0.0161602
208 101 64 128 0.0141672
209 101 64 128 0.0142483
66 102 64 128 0.0108082
67 102 64 128 0.0143359
68 102 64 128 0.010808
69 102 64 128 0.0148665
70 102 64 128 0.0366068
71 102 64 128 0.159368
72 102 64 128 0.629437
73 102 64 128 0.912613
74 102 64 128 0.960742
75 102 64 128 0.945708
76 102 64 128 0.955562
77 102 64 128 0.972952
78 102 64 128 0.978264
79 102 64 128 0.940341
80 102 64 128 0.858239
81 102 64 128 0.366359
82 102 64 128 0.0196581
102 102 64 128 0.0109555
103 102 64 128 0.054264
104 102 64 128 0.27629
105 102 64 128 0.611487
106 102 64 128 0.827768
107 102 64 128 0.912365
108 102 64 128 0.918101
109 102 64 128 0.834475
110 102 64 128 0.708242
111 102 64 128 0.36788
112 102 64 128 0.0591327
124 102 64 128 0.0100509
125 102 64 128 0.0251985
126 102 64 128 0.0975155
127 102 64 128 0.283487
128 102 64 128 0.558887
129 102 64 128 0.738771
130 102 64 128 0.873201
131 102 64 128 0.922788
132 102 64 128 0.826856
133 102 64 128 0.824966
134 102 64 128 0.594662
135 102 64 128 0.447223
136 102 64 128 0.186113
137 102 64 128 0.252354
138 102 64 128 0.237159
139 102 64 128 0.383553
140 102 64 128 0.4645
141 102 64 128 0.715146
142 102 64 128 0.740812
143 102 64 128 0.795292
144 102 64 128 0.738475
145 102 64 128 0.670588
146 102 64 128 0.398571
147 102 64 128 0.190281
148 102 64 128 0.0408833
149 102 64 128 0.0147003
169 102 64 128 0.0603662
170 102 64 128 0.371254
171 102 64 128 0.733223
172 102 64 128 0.820026
173 102 64 128 0.842151
174 102 64 128 0.760799
175 102 64 128 0.53681
176 102 64 128 0.56226
177 102 64 128 0.59376
178 102 64 128 0.430063
179 102 64 128 0.212243
180 102 64 128 0.094262
181 102 64 128 0.0433912
182 102 64 128 0.0201256
184 102 64 128 0.0100906
189 102 64 128 0.0130294
190 102 64 128 0.0217909
191 102 64 128 0.0415681
192 102 64 128 0.0679067
193 102 64 128 0.099252
194 102 64 128 0.144489
195 102 64 128 0.117394
196 102 64 128 0.0734533
197 102 64 128 0.0425455
198 102 64 128 0.046535
199 102 64 128 0.0342808
200 102 64 128 0.0413928
201 102 64 128 0.0675428
202 102 64 128 0.137517
203 102 64 128 0.103621
204 102 64 128 0.0618807
205 102 64 128 0.0427336
206 102 64 128 0.0282847
207 102 64 128 0.0170916
208 102 64 128 0.0162675
209 102 64 128 0.0152646
210 102 64 128 0.0130669
66 103 64 128 0.0148614
67 103 64 128 0.0152952
68 103 64 128 0.0100154
69 103 64 128 0.0134499
70 103 64 128 0.0365523
71 103 64 128 0.150172
72 103 64 128 0.564389
73 103 64 128 0.889684
74 103 64 128 0.949594
75 103 64 128 0.930995
76 103 64 128 0.948798
77 103 64 128 0.9719
78 103 64 128 0.974221
79 103 64 128 0.938898
80 103 64 128 0.840437
81 103 64 128 0.361614
82 103 64 128 0.0167107
102 103 64 128 0.0108522
103 103 64 128 0.0464875
104 103 64 128 0.254587
105 103 64 128 0.601064
106 103 64 128 0.817737
107 103 64 128 0.906194
108 103 64 128 0.922983
109 103 64 128 0.826209
110 103 64 128 0.724566
111 103 64 128 0.424547
112 103 64 128 0.0861648
124 103 64 128 0.0139291
125 103 64 128 0.0626619
126 103 64 128 0.197522
127 103 64 128 0.552102
128 103 64 128 0.757495
129 103 64 128 0.914406
130 103 64 128 0.959111
131 103 64 128 0.978942
132 103 64 128 0.948815
133 103 64 128 0.952758
134 103 64 128 0.873772
135 103 64 128 0.773258
136 103 64 128 0.43186
137 103 64 128 0.459183
138 103 64 128 0.461287
139 103 64 128 0.565977
140 103 64 128 0.585396
141 103 64 128 0.767534
142 103 64 128 0.833079
143 103 64 128 0.864854
144 103 64 128 0.794822
145 103 64 128 0.694212
146 103 64 128 0.499827
147 103 64 128 0.280991
148 103 64 128 0.0657947
149 103 64 128 0.0224477
168 103 64 128 0.0126042
169 103 64 128 0.124339
170 103 64 128 0.633435
171 103 64 128 0.89542
172 103 64 128 0.939565
173 103 64 128 0.951818
174 103 64 128 0.919262
175 103 64 128 0.802703
176 103 64 128 0.736151
177 103 64 128 0.771622
178 103 64 128 0.633614
179 103 64 128 0.353939
180 103 64 128 0.166283
181 103 64 128 0.071174
182 103 64 128 0.0361164
183 103 64 128 0.0127287
184 103 64 128 0.0140107
185 103 64 128 0.0106366
186 103 64 128 0.0149554
188 103 64 128 0.0118101
189 103 64 128 0.018037
190 103 64 128 0.0350086
191 103 64 128 0.0617359
192 103 64 128 0.0921628
193 103 64 128 0.158907
194 103 64 128 0.21499
195 103 64 128 0.184425
196 103 64 128 0.120254
197 103 64 128 0.0827536
198 103 64 128 0.0829191
199 103 64 128 0.0530386
200 103 64 128 0.0615747
201 103 64 128 0.0968463
202 103 64 128 0.160212
203 103 64 128 0.114994
204 103 64 128 0.0726651
205 103 64 128 0.0616059
206 103 64 128 0.0346225
207 103 64 128 0.0173336
208 103 64 128 0.0156214
209 103 64 128 0.0159686
210 103 64 128 0.0113146
66 104 64 128 0.0217931
67 104 64 128 0.0165223
68 104 64 128 0.0119264
69 104 64 128 0.0110893
70 104 64 128 0.0383795
71 104 64 128 0.149342
72 104 64 128 0.544677
73 104 64 128 0.849428
74 104 64 128 0.914979
75 104 64 128 0.888036
76 104 64 128 0.929199
77 104 64 128 0.95704
78 104 64 128 0.962499
79 104 64 128 0.901178
80 104 64 128 0.783949
81 104 64 128 0.253394
82 104 64 128 0.012681
103 104 64 128 0.0350598
104 104 64 128 0.225654
105 104 64 128 0.502743
106 104 64 128 0.749853
107 104 64 128 0.900804
108 104 64 128 0.905002
109 104 64 128 0.793168
110 104 64 128 0.717331
111 104 64 128 0.466795
112 104 64 128 0.0894361
124 104 64 128 0.0225032
125 104 64 128 0.102818
126 104 64 128 0.407101
127 104 64 128 0.799716
128 104 64 128 0.925252
129 104 64 128 0.969248
130 104 64 128 0.986649
131 104 64 128 0.991749
132 104 64 128 0.981719
133 104 64 128 0.981471
134 104 64 128 0.937267
135 104 64 128 0.831324
136 104 64 128 0.516189
137 104 64 128 0.503248
138 104 64 128 0.482043
139 104 64 128 0.559904
140 104 64 128 0.581834
141 104 64 128 0.75134
142 104 64 128 0.834684
143 104 64 128 0.870469
144 104 64 128 0.796657
145 104 64 128 0.74926
146 104 64 128 0.535484
147 104 64 128 0.305432
148 104 64 128 0.0749228
149 104 64 128 0.031235
168 104 64 128 0.014901
169 104 64 128 0.137316
170 104 64 128 0.671634
171 104 64 128 0.91729
172 104 64 128 0.966783
173 104 64 128 0.964499
174 104 64 128 0.946679
175 104 64 128 0.82708
176 104 64 128 0.848862
177 104 64 128 0.864238
178 104 64 128 0.769788
179 104 64 128 0.511081
180 104 64 128 0.25706
181 104 64 128 0.143144
182 104 64 128 0.048073
183 104 64 128 0.0198577
184 104 64 128 0.0180955
185 104 64 128 0.0110684
186 104 64 128 0.0130224
189 104 64 128 0.0158309
190 104 64 128 0.0264593
191 104 64 128 0.0604812
192 104 64 128 0.112013
193 104 64 128 0.237931
194 104 64 128 0.327979
195 104 64 128 0.295286
196 104 64 128 0.23647
197 104 64 128 0.173048
198 104 64 128 0.132112
199 104 64 128 0.0755973
200 104 64 128 0.091914
201 104 64 128 0.13822
202 104 64 128 0.19921
203 104 64 128 0.154165
204 104 64 128 0.104832
205 104 64 128 0.091722
206 104 64 128 0.0581674
207 104 64 128 0.0299454
208 104 64 128 0.0309993
209 104 64 128 0.0258328
210 104 64 128 0.0209137
66 105 64 128 0.0192828
67 105 64 128 0.0139688
70 105 64 128 0.0319534
71 105 64 128 0.119746
72 105 64 128 0.431678
73 105 64 128 0.765511
74 105 64 128 0.848575
75 105 64 128 0.832037
76 105 64 128 0.870464
77 105 64 128 0.926359
78 105 64 128 0.92561
79 105 64 128 0.815705
80 105 64 128 0.593854
81 105 64 128 0.128152
103 105 64 128 0.0154547
104 105 64 128 0.0791489
105 105 64 128 0.236996
106 105 64 128 0.48286
107 105 64 128 0.721615
108 105 64 128 0.780431
109 105 64 128 0.625797
110 105 64 128 0.534454
111 105 64 128 0.385751
112 105 64 128 0.103403
113 105 64 128 0.0107979
123 105 64 128 0.0109873
124 105 64 128 0.0324302
125 105 64 128 0.190856
126 105 64 128 0.538985
127 105 64 128 0.907062
128 105 64 128 0.955194
129 105 64 128 0.983455
130 105 64 128 0.99006
131 105 64 128 0.996723
132 105 64 128 0.993881
133 105 64 128 0.994693
134 105 64 128 0.978852
135 105 64 128 0.948557
136 105 64 128 0.758309
137 105 64 128 0.740928
138 105 64 128 0.59478
139 105 64 128 0.643028
140 105 64 128 0.70303
141 105 64 128 0.855676
142 105 64 128 0.857621
143 105 64 128 0.86333
144 105 64 128 0.801992
145 105 64 128 0.780261
146 105 64 128 0.6162
147 105 64 128 0.36246
148 105 64 128 0.0780213
149 105 64 128 0.0342717
150 105 64 128 0.0105386
168 105 64 128 0.0217392
169 105 64 128 0.163115
170 105 64 128 0.732645
171 105 64 128 0.955992
172 105 64 128 0.980234
173 105 64 128 0.98363
174 105 64 128 0.967824
175 105 64 128 0.920668
176 105 64 128 0.900095
177 105 64 128 0.920474
178 105 64 128 0.849193
179 105 64 128 0.66982
180 105 64 128 0.366703
181 105 64 128 0.243037
182 105 64 128 0.0933535
183 105 64 128 0.0403171
184 105 64 128 0.0281076
185 105 64 128 0.0158929
186 105 64 128 0.0154318
187 105 64 128 0.012605
188 105 64 128 0.010608
189 105 64 128 0.0180514
190 105 64 128 0.026751
191 105 64 128 0.0667038
192 105 64 128 0.12703
193 105 64 128 0.331941
194 105 64 128 0.450443
195 105 64 128 0.44586
196 105 64 128 0.332159
197 105 64 128 0.289849
198 105 64 128 0.240355
199 105 64 128 0.124223
200 105 64 128 0.150945
201 105 64 128 0.192694
202 105 64 128 0.303811
203 105 64 128 0.201114
204 105 64 128 0.125942
205 105 64 128 0.10134
206 105 64 128 0.0698342
207 105 64 128 0.039194
208 105 64 128 0.0393979
209 105 64 128 0.0311668
210 105 64 128 0.0232071
211 105 64 128 0.0108402
66 106 64 128 0.019847
67 106 64 128 0.0121393
70 106 64 128 0.0151116
71 106 64 128 0.0518544
72 106 64 128 0.22557
73 106 64 128 0.524526
74 106 64 128 0.59665
75 106 64 128 0.490968
76 106 64 128 0.568642
77 106 64 128 0.68891
78 106 64 128 0.740744
79 106 64 128 0.451113
80 106 64 128 0.215687
81 106 64 128 0.0304556
104 106 64 128 0.0137843
105 106 64 128 0.0400476
106 106 64 128 0.167545
107 106 64 128 0.421214
108 106 64 128 0.505026
109 106 64 128 0.354826
110 106 64 128 0.383382
111 106 64 128 0.312915
112 106 64 128 0.110271
113 106 64 128 0.0128595
123 106 64 128 0.0152125
124 106 64 128 0.0658464
125 106 64 128 0.248587
126 106 64 128 0.741991
127 106 64 128 0.949528
128 106 64 128 0.984832
129 106 64 128 0.992576
130 106 64 128 0.996723
131 106 64 128 0.998854
132 106 64 128 0.998329
133 106 64 128 0.998203
134 106 64 128 0.990584
135 106 64 128 0.97651
136 106 64 128 0.852325
137 106 64 128 0.847453
138 106 64 128 0.673636
139 106 64 128 0.734992
140 106 64 128 0.749912
141 106 64 128 0.838811
142 106 64 128 0.82121
143 106 64 128 0.868079
144 106 64 128 0.797534
145 106 64 128 0.790834
146 106 64 128 0.549977
147 106 64 128 0.317101
148 106 64 128 0.0593023
149 106 64 128 0.0273697
168 106 64 128 0.0217696
169 106 64 128 0.174185
170 106 64 128 0.71956
171 106 64 128 0.950273
172 106 64 128 0.978265
173 106 64 128 0.987016
174 106 64 128 0.979549
175 106 64 128 0.951179
176 106 64 128 0.943327
177 106 64 128 0.949283
178 106 64 128 0.929357
179 106 64 128 0.815275
180 106 64 128 0.612154
181 106 64 128 0.400629
182 106 64 128 0.212025
183 106 64 128 0.0761111
184 106 64 128 0.0496799
185 106 64 128 0.0226376
186 106 64 128 0.0219629
187 106 64 128 0.0139825
188 106 64 128 0.012492
189 106 64 128 0.0244236
190 106 64 128 0.0403641
191 106 64 128 0.0881864
192 106 64 128 0.164367
193 106 64 128 0.433143
194 106 64 128 0.609518
195 106 64 128 0.639574
196 106 64 128 0.502324
197 106 64 128 0.422541
198 106 64 128 0.407509
199 106 64 128 0.244787
200 106 64 128 0.261001
201 106 64 128 0.312342
202 106 64 128 0.448074
203 106 64 128 0.292079
204 106 64 128 0.184647
205 106 64 128 0.155503
206 106 64 128 0.128076
207 106 64 128 0.0698339
208 106 64 128 0.0713031
209 106 64 128 0.0468389
210 106 64 128 0.0393381
211 106 64 128 0.014619
66 107 64 128 0.0143257
71 107 64 128 0.0286123
72 107 64 128 0.130915
73 107 64 128 0.376496
74 107 64 128 0.390081
75 107 64 128 0.282508
76 107 64 128 0.284842
77 107 64 128 0.321555
78 107 64 128 0.292395
79 107 64 128 0.125507
80 107 64 128 0.0504632
105 107 64 128 0.0196906
106 107 64 128 0.100935
107 107 64 128 0.317116
108 107 64 128 0.437878
109 107 64 128 0.37216
110 107 64 128 0.507991
111 107 64 128 0.486999
112 107 64 128 0.266308
113 107 64 128 0.0457381
123 107 64 128 0.0342129
124 107 64 128 0.125061
125 107 64 128 0.522072
126 107 64 128 0.87581
127 107 64 128 0.978761
128 107 64 128 0.99052
129 107 64 128 0.99635
130 107 64 128 0.997688
131 107 64 128 0.999462
132 107 64 128 0.999263
133 107 64 128 0.999412
134 107 64 128 0.996962
135 107 64 128 0.992854
136 107 64 128 0.938054
137 107 64 128 0.929024
138 107 64 128 0.825558
139 107 64 128 0.864225
140 107 64 128 0.851173
141 107 64 128 0.894918
142 107 64 128 0.879397
143 107 64 128 0.879385
144 107 64 128 0.790009
145 107 64 128 0.718543
146 107 64 128 0.499897
147 107 64 128 0.274311
148 107 64 128 0.0509698
149 107 64 128 0.0182054
168 107 64 128 0.040706
169 107 64 128 0.292577
170 107 64 128 0.819232
171 107 64 128 0.970899
172 107 64 128 0.985615
173 107 64 128 0.992795
174 107 64 128 0.985465
175 107 64 128 0.972805
176 107 64 128 0.95335
177 107 64 128 0.969018
178 107 64 128 0.956962
179 107 64 128 0.903486
180 107 64 128 0.752379
181 107 64 128 0.533015
182 107 64 128 0.346642
183 107 64 128 0.159542
184 107 64 128 0.0839552
185 107 64 128 0.0367924
186 107 64 128 0.036806
187 107 64 128 0.0178601
188 107 64 128 0.0171984
189 107 64 128 0.0315528
190 107 64 128 0.0687571
191 107 64 128 0.145757
192 107 64 128 0.262168
193 107 64 128 0.60525
194 107 64 128 0.789003
195 107 64 128 0.81443
196 107 64 128 0.699041
197 107 64 128 0.638939
198 107 64 128 0.652137
199 107 64 128 0.473225
200 107 64 128 0.458883
201 107 64 128 0.487855
202 107 64 128 0.602507
203 107 64 128 0.431857
204 107 64 128 0.246942
205 107 64 128 0.205991
206 107 64 128 0.196278
207 107 64 128 0.106031
208 107 64 128 0.0842938
209 107 64 128 0.0541152
210 107 64 128 0.0408722
211 107 64 128 0.0170239
212 107 64 128 0.0105137
65 108 64 128 0.0140061
66 108 64 128 0.0220052
67 108 64 128 0.010499
71 108 64 128 0.0250342
72 108 64 128 0.10754
73 108 64 128 0.28521
74 108 64 128 0.26808
75 108 64 128 0.166436
76 108 64 128 0.156792
77 108 64 128 0.135165
78 108 64 128 0.0964114
79 108 64 128 0.0317733
80 108 64 128 0.0123428
106 108 64 128 0.0515422
107 108 64 128 0.213561
108 108 64 128 0.38223
109 108 64 128 0.356093
110 108 64 128 0.572194
111 108 64 128 0.649275
112 108 64 128 0.511703
113 108 64 128 0.0980716
114 108 64 128 0.0201741
115 108 64 128 0.0166101
122 108 64 128 0.0219163
123 108 64 128 0.0889869
124 108 64 128 0.304691
125 108 64 128 0.71825
126 108 64 128 0.947617
127 108 64 128 0.988278
128 108 64 128 0.994755
129 108 64 128 0.997299
130 108 64 128 0.99838
131 108 64 128 0.999466
132 108 64 128 0.999468
133 108 64 128 0.999639
134 108 64 128 0.998386
135 108 64 128 0.994183
136 108 64 128 0.955391
137 108 64 128 0.941584
138 108 64 128 0.873447
139 108 64 128 0.867084
140 108 64 128 0.860657
141 108 64 128 0.892936
142 108 64 128 0.876174
143 108 64 128 0.878077
144 108 64 128 0.788019
145 108 64 128 0.726608
146 108 64 128 0.485854
147 108 64 128 0.265652
148 108 64 128 0.0476247
149 108 64 128 0.0210395
167 108 64 128 0.0103259
168 108 64 128 0.0418843
169 108 64 128 0.25293
170 108 64 128 0.771192
171 108 64 128 0.946629
172 108 64 128 0.979813
173 108 64 128 0.986574
174 108 64 128 0.984632
175 108 64 128 0.962715
176 108 64 128 0.969715
177 108 64 128 0.968473
178 108 64 128 0.96595
179 108 64 128 0.921542
180 108 64 128 0.855867
181 108 64 128 0.715489
182 108 64 128 0.512851
183 108 64 128 0.319713
184 108 64 128 0.18918
185 108 64 128 0.0723708
186 108 64 128 0.0637945
187 108 64 128 0.0310925
188 108 64 128 0.033365
189 108 64 128 0.0484527
190 108 64 128 0.109053
191 108 64 128 0.269132
192 108 64 128 0.40522
193 108 64 128 0.738428
194 108 64 128 0.889779
195 108 64 128 0.917377
196 108 64 128 0.868198
197 108 64 128 0.844585
198 108 64 128 0.8328
199 108 64 128 0.738182
200 108 64 128 0.673853
201 108 64 128 0.68781
202 108 64 128 0.696511
203 108 64 128 0.519084
204 108 64 128 0.311535
205 108 64 128 0.243137
206 108 64 128 0.226385
207 108 64 128 0.123845
208 108 64 128 0.105879
209 108 64 128 0.0578152
210 108 64 128 0.0406252
211 108 64 128 0.0144873
212 108 64 128 0.0108811
65 109 64 128 0.0257881
66 109 64 128 0.0297276
67 109 64 128 0.0171905
70 109 64 128 0.0119647
71 109 64 128 0.0333498
72 109 64 128 0.126948
73 109 64 128 0.34881
74 109 64 128 0.310551
75 109 64 128 0.219995
76 109 64 128 0.162776
77 109 64 128 0.134186
78 109 64 128 0.0666612
79 109 64 128 0.0177909
106 109 64 128 0.0419589
107 109 64 128 0.193163
108 109 64 128 0.384408
109 109 64 128 0.400493
110 109 64 128 0.667033
111 109 64 128 0.788714
112 109 64 128 0.75644
113 109 64 128 0.253408
114 109 64 128 0.06863
115 109 64 128 0.0680522
116 109 64 128 0.0314973
117 109 64 128 0.035654
118 109 64 128 0.0163307
119 109 64 128 0.0246447
120 109 64 128 0.0127295
121 109 64 128 0.0232845
122 109 64 128 0.0336889
123 109 64 128 0.13762
124 109 64 128 0.389326
125 109 64 128 0.791832
126 109 64 128 0.937328
127 109 64 128 0.985726
128 109 64 128 0.991479
129 109 64 128 0.995667
130 109 64 128 0.997466
131 109 64 128 0.999437
132 109 64 128 0.999526
133 109 64 128 0.999739
134 109 64 128 0.998343
135 109 64 128 0.994563
136 109 64 128 0.956275
137 109 64 128 0.950139
138 109 64 128 0.846368
139 109 64 128 0.860771
140 109 64 128 0.836852
141 109 64 128 0.894716
142 109 64 128 0.80608
143 109 64 128 0.762328
144 109 64 128 0.643669
145 109 64 128 0.62988
146 109 64 128 0.331359
147 109 64 128 0.152746
148 109 64 128 0.0283075
149 109 64 128 0.0142262
159 109 64 128 0.0128052
167 109 64 128 0.0132664
168 109 64 128 0.0517596
169 109 64 128 0.260842
170 109 64 128 0.77042
171 109 64 128 0.93936
172 109 64 128 0.976289
173 109 64 128 0.988247
174 109 64 128 0.982886
175 109 64 128 0.966421
176 109 64 128 0.964568
177 109 64 128 0.973453
178 109 64 128 0.96745
179 109 64 128 0.938003
180 109 64 128 0.855836
181 109 64 128 0.782005
182 109 64 128 0.642229
183 109 64 128 0.462437
184 109 64 128 0.251944
185 109 64 128 0.116972
186 109 64 128 0.0938005
187 109 64 128 0.0623499
188 109 64 128 0.0658443
189 109 64 128 0.095763
190 109 64 128 0.177789
191 109 64 128 0.388925
192 109 64 128 0.538407
193 109 64 128 0.818234
194 109 64 128 0.924156
195 109 64 128 0.952276
196 109 64 128 0.941463
197 109 64 128 0.928887
198 109 64 128 0.935617
199 109 64 128 0.854463
200 109 64 128 0.829015
201 109 64 128 0.774929
202 109 64 128 0.760568
203 109 64 128 0.514919
204 109 64 128 0.305981
205 109 64 128 0.220697
206 109 64 128 0.180672
207 109 64 128 0.104736
208 109 64 128 0.0699771
209 109 64 128 0.0347719
210 109 64 128 0.023401
211 109 64 128 0.0111641
64 110 64 128 0.0261162
65 110 64 128 0.0931846
66 110 64 128 0.1217
67 110 64 128 0.0567309
68 110 64 128 0.0259597
69 110 64 128 0.0221242
70 110 64 128 0.0384665
71 110 64 128 0.0739907
72 110 64 128 0.205258
73 110 64 128 0.406892
74 110 64 128 0.299034
75 110 64 128 0.185001
76 110 64 128 0.133278
77 110 64 128 0.0902148
78 110 64 128 0.0339234
106 110 64 128 0.0153344
107 110 64 128 0.0930757
108 110 64 128 0.218763
109 110 64 128 0.26152
110 110 64 128 0.54394
111 110 64 128 0.737182
112 110 64 128 0.695922
113 110 64 128 0.266259
114 110 64 128 0.0836881
115 110 64 128 0.0808797
116 110 64 128 0.0443897
117 110 64 128 0.0444276
118 110 64 128 0.0335197
119 110 64 128 0.0305215
120 110 64 128 0.0190497
121 110 64 128 0.0265039
122 110 64 128 0.0584499
123 110 64 128 0.152004
124 110 64 128 0.475473
125 110 64 128 0.785713
126 110 64 128 0.950111
127 110 64 128 0.984443
128 110 64 128 0.991747
129 110 64 128 0.994252
130 110 64 128 0.997891
131 110 64 128 0.999569
132 110 64 128 0.999711
133 110 64 128 0.999827
134 110 64 128 0.99892
135 110 64 128 0.995475
136 110 64 128 0.962642
137 110 64 128 0.955275
138 110 64 128 0.847088
139 110 64 128 0.85296
140 110 64 128 0.838014
141 110 64 128 0.846742
142 110 64 128 0.71073
143 110 64 128 0.726711
144 110 64 128 0.572233
145 110 64 128 0.508914
146 110 64 128 0.216114
147 110 64 128 0.125504
148 110 64 128 0.0243807
149 110 64 128 0.0133516
155 110 64 128 0.0119099
156 110 64 128 0.013839
157 110 64 128 0.0258849
158 110 64 128 0.0321256
159 110 64 128 0.0483107
160 110 64 128 0.0187114
161 110 64 128 0.0189973
167 110 64 128 0.0146394
168 110 64 128 0.0544127
169 110 64 128 0.214478
170 110 64 128 0.697903
171 110 64 128 0.883243
172 110 64 128 0.959741
173 110 64 128 0.978869
174 110 64 128 0.980795
175 110 64 128 0.962429
176 110 64 128 0.971638
177 110 64 128 0.977041
178 110 64 128 0.979289
179 110 64 128 0.954248
180 110 64 128 0.923406
181 110 64 128 0.890955
182 110 64 128 0.845903
183 110 64 128 0.685974
184 110 64 128 0.474727
185 110 64 128 0.243862
186 110 64 128 0.173138
187 110 64 128 0.111903
188 110 64 128 0.104214
189 110 64 128 0.143361
190 110 64 128 0.293529
191 110 64 128 0.505364
192 110 64 128 0.665065
193 110 64 128 0.874216
194 110 64 128 0.958396
195 110 64 128 0.976933
196 110 64 128 0.971377
197 110 64 128 0.963826
198 110 64 128 0.962742
199 110 64 128 0.916737
200 110 64 128 0.867676
201 110 64 128 0.804334
202 110 64 128 0.724527
203 110 64 128 0.468559
204 110 64 128 0.253063
205 110 64 128 0.181415
206 110 64 128 0.157786
207 110 64 128 0.0840994
208 110 64 128 0.0634915
209 110 64 128 0.0308006
210 110 64 128 0.0219654
63 111 64 128 0.0161438
64 111 64 128 0.0599905
65 111 64 128 0.209519
66 111 64 128 0.252687
67 111 64 128 0.189739
68 111 64 128 0.0800647
69 111 64 128 0.0777257
70 111 64 128 0.120078
71 111 64 128 0.208325
72 111 64 128 0.449042
73 111 64 128 0.594514
74 111 64 128 0.423166
75 111 64 128 0.257418
76 111 64 128 0.168219
77 111 64 128 0.084694
78 111 64 128 0.0222624
106 111 64 128 0.0197843
107 111 64 128 0.0840107
108 111 64 128 0.210511
109 111 64 128 0.35768
110 111 64 128 0.698851
111 111 64 128 0.829069
112 111 64 128 0.757688
113 111 64 128 0.457161
114 111 64 128 0.135408
115 111 64 128 0.146476
116 111 64 128 0.0745702
117 111 64 128 0.119339
118 111 64 128 0.0517964
119 111 64 128 0.0660136
120 111 64 128 0.030659
121 111 64 128 0.0705159
122 111 64 128 0.106196
123 111 64 128 0.258878
124 111 64 128 0.60325
125 111 64 128 0.874076
126 111 64 128 0.954634
127 111 64 128 0.984568
128 111 64 128 0.988657
129 111 64 128 0.992582
130 111 64 128 0.997367
131 111 64 128 0.999607
132 111 64 128 0.999752
133 111 64 128 0.999835
134 111 64 128 0.998914
135 111 64 128 0.995518
136 111 64 128 0.962106
137 111 64 128 0.944334
138 111 64 128 0.855337
139 111 64 128 0.875328
140 111 64 128 0.820823
141 111 64 128 0.790504
142 111 64 128 0.578029
143 111 64 128 0.511694
144 111 64 128 0.351841
145 111 64 128 0.251386
146 111 64 128 0.128414
147 111 64 128 0.0700215
148 111 64 128 0.0144624
154 111 64 128 0.0109532
155 111 64 128 0.0172453
156 111 64 128 0.0315235
157 111 64 128 0.0474292
158 111 64 128 0.0641195
159 111 64 128 0.112212
160 111 64 128 0.0702429
161 111 64 128 0.0664326
162 111 64 128 0.0223057
163 111 64 128 0.0142031
166 111 64 128 0.0121454
167 111 64 128 0.0272071
168 111 64 128 0.0606642
169 111 64 128 0.211127
170 111 64 128 0.639594
171 111 64 128 0.859448
172 111 64 128 0.925098
173 111 64 128 0.961487
174 111 64 128 0.967699
175 111 64 128 0.961404
176 111 64 128 0.952869
177 111 64 128 0.970333
178 111 64 128 0.977722
179 111 64 128 0.961893
180 111 64 128 0.924511
181 111 64 128 0.89395
182 111 64 128 0.880418
183 111 64 128 0.789575
184 111 64 128 0.56956
185 111 64 128 0.310573
186 111 64 128 0.216283
187 111 64 128 0.139125
188 111 64 128 0.100038
189 111 64 128 0.168258
190 111 64 128 0.378669
191 111 64 128 0.597575
192 111 64 128 0.692828
193 111 64 128 0.879362
194 111 64 128 0.96531
195 111 64 128 0.98235
196 111 64 128 0.984547
197 111 64 128 0.979355
198 111 64 128 0.977695
199 111 64 128 0.941964
200 111 64 128 0.894653
201 111 64 128 0.829184
202 111 64 128 0.756252
203 111 64 128 0.496295
204 111 64 128 0.240811
205 111 64 128 0.174217
206 111 64 128 0.153365
207 111 64 128 0.0926275
208 111 64 128 0.0530049
209 111 64 128 0.0285682
210 111 64 128 0.0192128
