138 1 98 196 0.0121606
139 1 98 196 0.0130922
138 2 98 196 0.0185845
139 2 98 196 0.0215091
140 2 98 196 0.0125526
138 3 98 196 0.0177608
139 3 98 196 0.0219695
140 3 98 196 0.0130407
138 4 98 196 0.0147286
139 4 98 196 0.0184533
140 4 98 196 0.0118414
138 5 98 196 0.0143225
139 5 98 196 0.0167042
140 5 98 196 0.0106962
137 6 98 196 0.0100197
138 6 98 196 0.018155
139 6 98 196 0.0198929
140 6 98 196 0.0116987
137 7 98 196 0.013431
138 7 98 196 0.0239449
139 7 98 196 0.0268908
140 7 98 196 0.0172314
137 8 98 196 0.0174299
138 8 98 196 0.0305887
139 8 98 196 0.0348804
140 8 98 196 0.0235633
141 8 98 196 0.0124125
136 9 98 196 0.0109132
137 9 98 196 0.0199241
138 9 98 196 0.0343842
139 9 98 196 0.0389451
140 9 98 196 0.0264736
141 9 98 196 0.0139103
137 10 98 196 0.0175105
138 10 98 196 0.0298905
139 10 98 196 0.0350244
140 10 98 196 0.0266938
141 10 98 196 0.0157676
136 11 98 196 0.0156407
137 11 98 196 0.0289545
138 11 98 196 0.0447882
139 11 98 196 0.0496251
140 11 98 196 0.0373443
141 11 98 196 0.0212646
135 12 98 196 0.0147849
136 12 98 196 0.0377473
137 12 98 196 0.0696554
138 12 98 196 0.0999903
139 12 98 196 0.103492
140 12 98 196 0.0729818
141 12 98 196 0.0389544
142 12 98 196 0.0166393
135 13 98 196 0.0270642
136 13 98 196 0.0705068
137 13 98 196 0.126553
138 13 98 196 0.169906
139 13 98 196 0.176141
140 13 98 196 0.140465
141 13 98 196 0.0890013
142 13 98 196 0.0440727
143 13 98 196 0.0174423
134 14 98 196 0.013627
135 14 98 196 0.0637712
136 14 98 196 0.145513
137 14 98 196 0.234507
138 14 98 196 0.297879
139 14 98 196 0.314901
140 14 98 196 0.277581
141 14 98 196 0.194281
142 14 98 196 0.103226
143 14 98 196 0.0414072
144 14 98 196 0.0123757
134 15 98 196 0.0315871
135 15 98 196 0.134693
136 15 98 196 0.2788
137 15 98 196 0.415743
138 15 98 196 0.515046
139 15 98 196 0.54938
140 15 98 196 0.498156
141 15 98 196 0.358921
142 15 98 196 0.197009
143 15 98 196 0.0828506
144 15 98 196 0.0261243
71 16 98 196 0.0123874
72 16 98 196 0.0129658
73 16 98 196 0.0118834
133 16 98 196 0.0106896
134 16 98 196 0.0501283
135 16 98 196 0.186302
136 16 98 196 0.382686
137 16 98 196 0.570972
138 16 98 196 0.690619
139 16 98 196 0.735624
140 16 98 196 0.696609
141 16 98 196 0.535164
142 16 98 196 0.315673
143 16 98 196 0.135624
144 16 98 196 0.0448218
145 16 98 196 0.0194221
70 17 98 196 0.0164546
71 17 98 196 0.0213751
72 17 98 196 0.022803
73 17 98 196 0.0202436
74 17 98 196 0.0151791
75 17 98 196 0.0101679
133 17 98 196 0.0292374
134 17 98 196 0.102399
135 17 98 196 0.283408
136 17 98 196 0.511035
137 17 98 196 0.701314
138 17 98 196 0.801543
139 17 98 196 0.842028
140 17 98 196 0.832445
141 17 98 196 0.705569
142 17 98 196 0.485619
143 17 98 196 0.254287
144 17 98 196 0.102347
145 17 98 196 0.0364672
146 17 98 196 0.0144169
69 18 98 196 0.0143796
70 18 98 196 0.0233912
71 18 98 196 0.0312296
72 18 98 196 0.036101
73 18 98 196 0.0309924
74 18 98 196 0.0203257
75 18 98 196 0.0148176
76 18 98 196 0.0106131
132 18 98 196 0.0179818
133 18 98 196 0.0748654
134 18 98 196 0.234788
135 18 98 196 0.520429
136 18 98 196 0.761325
137 18 98 196 0.863119
138 18 98 196 0.907086
139 18 98 196 0.929673
140 18 98 196 0.927215
141 18 98 196 0.867584
142 18 98 196 0.722271
143 18 98 196 0.494305
144 18 98 196 0.248089
145 18 98 196 0.0740921
146 18 98 196 0.0227528
147 18 98 196 0.0124513
68 19 98 196 0.0121261
69 19 98 196 0.0311237
70 19 98 196 0.0545495
71 19 98 196 0.0737644
72 19 98 196 0.0806828
73 19 98 196 0.0716378
74 19 98 196 0.0532986
75 19 98 196 0.0374708
76 19 98 196 0.0255763
77 19 98 196 0.0164319
130 19 98 196 0.0137045
131 19 98 196 0.0219732
132 19 98 196 0.0523144
133 19 98 196 0.171154
134 19 98 196 0.411897
135 19 98 196 0.729701
136 19 98 196 0.933693
137 19 98 196 0.962657
138 19 98 196 0.969216
139 19 98 196 0.97938
140 19 98 196 0.976323
141 19 98 196 0.961106
142 19 98 196 0.896028
143 19 98 196 0.736617
144 19 98 196 0.477092
145 19 98 196 0.228902
146 19 98 196 0.105741
147 19 98 196 0.0452199
148 19 98 196 0.0105073
68 20 98 196 0.0205913
69 20 98 196 0.0527316
70 20 98 196 0.0955864
71 20 98 196 0.129486
72 20 98 196 0.136379
73 20 98 196 0.123919
74 20 98 196 0.0994646
75 20 98 196 0.0685183
76 20 98 196 0.0442893
77 20 98 196 0.0296082
78 20 98 196 0.0168634
129 20 98 196 0.0158816
130 20 98 196 0.0255714
131 20 98 196 0.0439032
132 20 98 196 0.110788
133 20 98 196 0.298433
134 20 98 196 0.582801
135 20 98 196 0.834687
136 20 98 196 0.964256
137 20 98 196 0.978648
138 20 98 196 0.982312
139 20 98 196 0.990271
140 20 98 196 0.989313
141 20 98 196 0.981737
142 20 98 196 0.959025
143 20 98 196 0.886718
144 20 98 196 0.699853
145 20 98 196 0.450749
146 20 98 196 0.240333
147 20 98 196 0.0970856
148 20 98 196 0.0233129
68 21 98 196 0.023534
69 21 98 196 0.0576984
70 21 98 196 0.104636
71 21 98 196 0.142476
72 21 98 196 0.150132
73 21 98 196 0.137203
74 21 98 196 0.111759
75 21 98 196 0.078179
76 21 98 196 0.0485358
77 21 98 196 0.0288473
78 21 98 196 0.016938
79 21 98 196 0.0102342
128 21 98 196 0.0102021
129 21 98 196 0.0276452
130 21 98 196 0.0418876
131 21 98 196 0.0719289
132 21 98 196 0.172103
133 21 98 196 0.405814
134 21 98 196 0.706428
135 21 98 196 0.89794
136 21 98 196 0.972311
137 21 98 196 0.983475
138 21 98 196 0.987923
139 21 98 196 0.993283
140 21 98 196 0.992278
141 21 98 196 0.985307
142 21 98 196 0.972631
143 21 98 196 0.930599
144 21 98 196 0.793342
145 21 98 196 0.5679
146 21 98 196 0.319108
147 21 98 196 0.131622
148 21 98 196 0.0350225
68 22 98 196 0.0252951
69 22 98 196 0.0611913
70 22 98 196 0.115222
71 22 98 196 0.160185
72 22 98 196 0.167352
73 22 98 196 0.151575
74 22 98 196 0.123438
75 22 98 196 0.0862183
76 22 98 196 0.0531324
77 22 98 196 0.0312965
78 22 98 196 0.0187361
79 22 98 196 0.0117341
128 22 98 196 0.0138344
129 22 98 196 0.0414664
130 22 98 196 0.0616889
131 22 98 196 0.10861
132 22 98 196 0.256035
133 22 98 196 0.506369
134 22 98 196 0.773864
135 22 98 196 0.926225
136 22 98 196 0.97881
137 22 98 196 0.986933
138 22 98 196 0.990802
139 22 98 196 0.994635
140 22 98 196 0.992833
141 22 98 196 0.986092
142 22 98 196 0.970766
143 22 98 196 0.927767
144 22 98 196 0.813558
145 22 98 196 0.612472
146 22 98 196 0.356692
147 22 98 196 0.149412
148 22 98 196 0.038233
68 23 98 196 0.0274887
69 23 98 196 0.0683324
70 23 98 196 0.135668
71 23 98 196 0.193795
72 23 98 196 0.202299
73 23 98 196 0.181894
74 23 98 196 0.146102
75 23 98 196 0.0985317
76 23 98 196 0.0613291
77 23 98 196 0.0406703
78 23 98 196 0.0244973
79 23 98 196 0.0134538
128 23 98 196 0.0154456
129 23 98 196 0.0555047
130 23 98 196 0.0831352
131 23 98 196 0.146168
132 23 98 196 0.336611
133 23 98 196 0.584958
134 23 98 196 0.801222
135 23 98 196 0.929568
136 23 98 196 0.979271
137 23 98 196 0.986206
138 23 98 196 0.989754
139 23 98 196 0.994034
140 23 98 196 0.992807
141 23 98 196 0.985717
142 23 98 196 0.968919
143 23 98 196 0.927237
144 23 98 196 0.826659
145 23 98 196 0.638924
146 23 98 196 0.378824
147 23 98 196 0.157291
148 23 98 196 0.0352402
68 24 98 196 0.0254109
69 24 98 196 0.0629684
70 24 98 196 0.127273
71 24 98 196 0.188278
72 24 98 196 0.207051
73 24 98 196 0.188369
74 24 98 196 0.145192
75 24 98 196 0.0931092
76 24 98 196 0.0556159
77 24 98 196 0.037106
78 24 98 196 0.0233671
79 24 98 196 0.0140001
128 24 98 196 0.0227216
129 24 98 196 0.0667729
130 24 98 196 0.100892
131 24 98 196 0.162908
132 24 98 196 0.335226
133 24 98 196 0.58286
134 24 98 196 0.814851
135 24 98 196 0.936201
136 24 98 196 0.976187
137 24 98 196 0.985628
138 24 98 196 0.989024
139 24 98 196 0.992355
140 24 98 196 0.99289
141 24 98 196 0.985138
142 24 98 196 0.969492
143 24 98 196 0.933843
144 24 98 196 0.834819
145 24 98 196 0.641607
146 24 98 196 0.374053
147 24 98 196 0.153437
148 24 98 196 0.0369607
68 25 98 196 0.0235941
69 25 98 196 0.0570361
70 25 98 196 0.122963
71 25 98 196 0.189075
72 25 98 196 0.209638
73 25 98 196 0.19139
74 25 98 196 0.147716
75 25 98 196 0.0929537
76 25 98 196 0.0527014
77 25 98 196 0.033252
78 25 98 196 0.0208229
79 25 98 196 0.0133781
128 25 98 196 0.0230469
129 25 98 196 0.0632991
130 25 98 196 0.0929124
131 25 98 196 0.142852
132 25 98 196 0.28971
133 25 98 196 0.531643
134 25 98 196 0.784663
135 25 98 196 0.925622
136 25 98 196 0.973696
137 25 98 196 0.982351
138 25 98 196 0.985853
139 25 98 196 0.9896
140 25 98 196 0.988809
141 25 98 196 0.980415
142 25 98 196 0.964708
143 25 98 196 0.918496
144 25 98 196 0.773771
145 25 98 196 0.543373
146 25 98 196 0.298936
147 25 98 196 0.120877
148 25 98 196 0.0324716
68 26 98 196 0.0239938
69 26 98 196 0.0567135
70 26 98 196 0.134041
71 26 98 196 0.208801
72 26 98 196 0.217561
73 26 98 196 0.195285
74 26 98 196 0.158188
75 26 98 196 0.101974
76 26 98 196 0.0576358
77 26 98 196 0.0357296
78 26 98 196 0.0205028
79 26 98 196 0.0117124
128 26 98 196 0.0115691
129 26 98 196 0.042998
130 26 98 196 0.057712
131 26 98 196 0.0940867
132 26 98 196 0.236393
133 26 98 196 0.454205
134 26 98 196 0.686893
135 26 98 196 0.873597
136 26 98 196 0.963037
137 26 98 196 0.968152
138 26 98 196 0.971896
139 26 98 196 0.980012
140 26 98 196 0.976556
141 26 98 196 0.962627
142 26 98 196 0.928681
143 26 98 196 0.836129
144 26 98 196 0.613089
145 26 98 196 0.345659
146 26 98 196 0.16673
147 26 98 196 0.065685
148 26 98 196 0.0176355
68 27 98 196 0.0201127
69 27 98 196 0.0453784
70 27 98 196 0.105889
71 27 98 196 0.165236
72 27 98 196 0.172818
73 27 98 196 0.153005
74 27 98 196 0.120425
75 27 98 196 0.0762074
76 27 98 196 0.0424103
77 27 98 196 0.025847
78 27 98 196 0.0148604
129 27 98 196 0.0230565
130 27 98 196 0.0312915
131 27 98 196 0.0544957
132 27 98 196 0.149278
133 27 98 196 0.317867
134 27 98 196 0.541138
135 27 98 196 0.776963
136 27 98 196 0.913342
137 27 98 196 0.928036
138 27 98 196 0.933534
139 27 98 196 0.949082
140 27 98 196 0.951298
141 27 98 196 0.914476
142 27 98 196 0.817817
143 27 98 196 0.648446
144 27 98 196 0.41196
145 27 98 196 0.194686
146 27 98 196 0.0824704
147 27 98 196 0.0322826
68 28 98 196 0.0140872
69 28 98 196 0.0306817
70 28 98 196 0.0670294
71 28 98 196 0.104526
72 28 98 196 0.114067
73 28 98 196 0.0971955
74 28 98 196 0.0671744
75 28 98 196 0.0399454
76 28 98 196 0.0221613
77 28 98 196 0.0133272
129 28 98 196 0.0107485
130 28 98 196 0.0181032
131 28 98 196 0.0317602
132 28 98 196 0.0720812
133 28 98 196 0.179122
134 28 98 196 0.371567
135 28 98 196 0.618306
136 28 98 196 0.784129
137 28 98 196 0.825593
138 28 98 196 0.85112
139 28 98 196 0.879734
140 28 98 196 0.877123
141 28 98 196 0.792759
142 28 98 196 0.628238
143 28 98 196 0.422759
144 28 98 196 0.236024
145 28 98 196 0.107312
146 28 98 196 0.045606
147 28 98 196 0.0188787
68 29 98 196 0.0100276
69 29 98 196 0.0234071
70 29 98 196 0.053965
71 29 98 196 0.0838545
72 29 98 196 0.0868391
73 29 98 196 0.0680645
74 29 98 196 0.0428357
75 29 98 196 0.0259049
76 29 98 196 0.016309
77 29 98 196 0.0106081
130 29 98 196 0.0101224
131 29 98 196 0.0192204
132 29 98 196 0.0437353
133 29 98 196 0.097358
134 29 98 196 0.212373
135 29 98 196 0.411197
136 29 98 196 0.573283
137 29 98 196 0.644602
138 29 98 196 0.706371
139 29 98 196 0.750923
140 29 98 196 0.727212
141 29 98 196 0.59004
142 29 98 196 0.401143
143 29 98 196 0.241904
144 29 98 196 0.123345
145 29 98 196 0.0504819
146 29 98 196 0.0209665
69 30 98 196 0.0172124
70 30 98 196 0.0404393
71 30 98 196 0.0617579
72 30 98 196 0.0603402
73 30 98 196 0.0458586
74 30 98 196 0.0296607
75 30 98 196 0.0182092
76 30 98 196 0.0117358
131 30 98 196 0.0123317
132 30 98 196 0.0275972
133 30 98 196 0.0519048
134 30 98 196 0.111093
135 30 98 196 0.238882
136 30 98 196 0.358415
137 30 98 196 0.42915
138 30 98 196 0.49644
139 30 98 196 0.544949
140 30 98 196 0.524653
141 30 98 196 0.388127
142 30 98 196 0.221917
143 30 98 196 0.120898
144 30 98 196 0.0591832
145 30 98 196 0.0226825
69 31 98 196 0.0138797
70 31 98 196 0.0311324
71 31 98 196 0.0463968
72 31 98 196 0.0442938
73 31 98 196 0.0344008
74 31 98 196 0.0237127
75 31 98 196 0.0138001
132 31 98 196 0.0132105
133 31 98 196 0.0256006
134 31 98 196 0.0589813
135 31 98 196 0.127763
136 31 98 196 0.194347
137 31 98 196 0.24195
138 31 98 196 0.296677
139 31 98 196 0.340393
140 31 98 196 0.331141
141 31 98 196 0.231737
142 31 98 196 0.113878
143 31 98 196 0.0540855
144 31 98 196 0.0266852
145 31 98 196 0.012593
69 32 98 196 0.0160359
70 32 98 196 0.0373768
71 32 98 196 0.056547
72 32 98 196 0.0543666
73 32 98 196 0.0411799
74 32 98 196 0.0268157
75 32 98 196 0.0155523
133 32 98 196 0.0108528
134 32 98 196 0.025716
135 32 98 196 0.0646277
136 32 98 196 0.100341
137 32 98 196 0.128334
138 32 98 196 0.180709
139 32 98 196 0.219076
140 32 98 196 0.200863
141 32 98 196 0.13049
142 32 98 196 0.0583301
143 32 98 196 0.0257166
144 32 98 196 0.0126816
69 33 98 196 0.0144104
70 33 98 196 0.0333438
71 33 98 196 0.051444
72 33 98 196 0.0518472
73 33 98 196 0.0400828
74 33 98 196 0.025334
75 33 98 196 0.0146986
134 33 98 196 0.0112027
135 33 98 196 0.0330216
136 33 98 196 0.0544315
137 33 98 196 0.0730495
138 33 98 196 0.108525
139 33 98 196 0.134075
140 33 98 196 0.121514
141 33 98 196 0.0756996
142 33 98 196 0.0312065
143 33 98 196 0.0143428
70 34 98 196 0.0210171
71 34 98 196 0.0330074
72 34 98 196 0.0360626
73 34 98 196 0.0295818
74 34 98 196 0.0187951
75 34 98 196 0.0107523
135 34 98 196 0.0183276
136 34 98 196 0.0326348
137 34 98 196 0.0479105
138 34 98 196 0.060754
139 34 98 196 0.0722043
140 34 98 196 0.0746718
141 34 98 196 0.0485162
142 34 98 196 0.0178541
70 35 98 196 0.0183686
71 35 98 196 0.0283968
72 35 98 196 0.0301163
73 35 98 196 0.0240019
74 35 98 196 0.0149198
135 35 98 196 0.0100011
136 35 98 196 0.0185471
137 35 98 196 0.0292736
138 35 98 196 0.0391717
139 35 98 196 0.0464965
140 35 98 196 0.0462432
141 35 98 196 0.0298202
142 35 98 196 0.0116014
70 36 98 196 0.0164994
71 36 98 196 0.0248415
72 36 98 196 0.0250383
73 36 98 196 0.0189814
74 36 98 196 0.0113998
137 36 98 196 0.0162854
138 36 98 196 0.0247775
139 36 98 196 0.0297926
140 36 98 196 0.0266827
141 36 98 196 0.0168949
70 37 98 196 0.0123439
71 37 98 196 0.0183388
72 37 98 196 0.0181806
73 37 98 196 0.0136377
138 37 98 196 0.0125639
139 37 98 196 0.0142783
140 37 98 196 0.0142334
70 38 98 196 0.0109376
71 38 98 196 0.0166637
72 38 98 196 0.0157488
73 38 98 196 0.0118065
138 38 98 196 0.0100763
139 38 98 196 0.0114866
140 38 98 196 0.0109267
71 39 98 196 0.0132297
72 39 98 196 0.0125465
139 39 98 196 0.0100165
143 8 85 170 0.0119217
144 8 85 170 0.0140898
145 8 85 170 0.0155813
146 8 85 170 0.016245
147 8 85 170 0.0131333
143 9 85 170 0.012515
144 9 85 170 0.0194282
145 9 85 170 0.0213188
146 9 85 170 0.0293366
147 9 85 170 0.0332959
148 9 85 170 0.0157756
142 10 85 170 0.0246591
143 10 85 170 0.0388577
144 10 85 170 0.0445972
145 10 85 170 0.052928
146 10 85 170 0.0590881
147 10 85 170 0.0494651
148 10 85 170 0.0230819
141 11 85 170 0.0120479
142 11 85 170 0.0377282
143 11 85 170 0.0633121
144 11 85 170 0.0685122
145 11 85 170 0.0806562
146 11 85 170 0.0937217
147 11 85 170 0.0837642
148 11 85 170 0.0457223
149 11 85 170 0.0175805
141 12 85 170 0.0131545
142 12 85 170 0.0462117
143 12 85 170 0.0805299
144 12 85 170 0.0875373
145 12 85 170 0.101323
146 12 85 170 0.135278
147 12 85 170 0.144246
148 12 85 170 0.0883034
149 12 85 170 0.036621
150 12 85 170 0.0119451
141 13 85 170 0.0277312
142 13 85 170 0.0964797
143 13 85 170 0.158309
144 13 85 170 0.157129
145 13 85 170 0.193601
146 13 85 170 0.226549
147 13 85 170 0.200653
148 13 85 170 0.127167
149 13 85 170 0.0548894
150 13 85 170 0.0175916
141 14 85 170 0.039538
142 14 85 170 0.12559
143 14 85 170 0.203843
144 14 85 170 0.219139
145 14 85 170 0.279115
146 14 85 170 0.334035
147 14 85 170 0.317733
148 14 85 170 0.231213
149 14 85 170 0.113456
150 14 85 170 0.0407046
151 14 85 170 0.0207389
141 15 85 170 0.0471435
142 15 85 170 0.142833
143 15 85 170 0.22621
144 15 85 170 0.238873
145 15 85 170 0.302643
146 15 85 170 0.374807
147 15 85 170 0.381809
148 15 85 170 0.302727
149 15 85 170 0.154937
150 15 85 170 0.0570096
151 15 85 170 0.0317997
140 16 85 170 0.0117912
141 16 85 170 0.0569984
142 16 85 170 0.172837
143 16 85 170 0.266238
144 16 85 170 0.254221
145 16 85 170 0.311495
146 16 85 170 0.364224
147 16 85 170 0.34769
148 16 85 170 0.28477
149 16 85 170 0.150082
150 16 85 170 0.0584564
151 16 85 170 0.0363867
140 17 85 170 0.0127573
141 17 85 170 0.0702455
142 17 85 170 0.186088
143 17 85 170 0.294484
144 17 85 170 0.34094
145 17 85 170 0.410102
146 17 85 170 0.455005
147 17 85 170 0.431664
148 17 85 170 0.347968
149 17 85 170 0.205567
150 17 85 170 0.097172
151 17 85 170 0.0494993
152 17 85 170 0.0147561
139 18 85 170 0.0101701
140 18 85 170 0.0258885
141 18 85 170 0.119068
142 18 85 170 0.288461
143 18 85 170 0.437912
144 18 85 170 0.494463
145 18 85 170 0.558708
146 18 85 170 0.582003
147 18 85 170 0.537368
148 18 85 170 0.450903
149 18 85 170 0.289453
150 18 85 170 0.148333
151 18 85 170 0.072121
152 18 85 170 0.0223027
138 19 85 170 0.0126716
139 19 85 170 0.0182065
140 19 85 170 0.0488221
141 19 85 170 0.203846
142 19 85 170 0.45126
143 19 85 170 0.63129
144 19 85 170 0.652816
145 19 85 170 0.698753
146 19 85 170 0.704457
147 19 85 170 0.647353
148 19 85 170 0.580468
149 19 85 170 0.41246
150 19 85 170 0.233474
151 19 85 170 0.112541
152 19 85 170 0.0329961
138 20 85 170 0.0157174
139 20 85 170 0.0252898
140 20 85 170 0.0733658
141 20 85 170 0.286451
142 20 85 170 0.559889
143 20 85 170 0.72322
144 20 85 170 0.73819
145 20 85 170 0.770738
146 20 85 170 0.782925
147 20 85 170 0.747493
148 20 85 170 0.684441
149 20 85 170 0.515993
150 20 85 170 0.310436
151 20 85 170 0.145151
152 20 85 170 0.0413872
137 21 85 170 0.0134323
138 21 85 170 0.0254461
139 21 85 170 0.0430521
140 21 85 170 0.103018
141 21 85 170 0.324305
142 21 85 170 0.581211
143 21 85 170 0.718873
144 21 85 170 0.725812
145 21 85 170 0.738136
146 21 85 170 0.740115
147 21 85 170 0.702622
148 21 85 170 0.61684
149 21 85 170 0.424499
150 21 85 170 0.232922
151 21 85 170 0.110634
152 21 85 170 0.0341937
137 22 85 170 0.0131519
138 22 85 170 0.0266946
139 22 85 170 0.0499892
140 22 85 170 0.118637
141 22 85 170 0.335324
142 22 85 170 0.590434
143 22 85 170 0.73649
144 22 85 170 0.750796
145 22 85 170 0.762696
146 22 85 170 0.741078
147 22 85 170 0.663239
148 22 85 170 0.546635
149 22 85 170 0.347549
150 22 85 170 0.18221
151 22 85 170 0.0953459
152 22 85 170 0.0303824
136 23 85 170 0.0119136
137 23 85 170 0.0195378
138 23 85 170 0.0390191
139 23 85 170 0.0805058
140 23 85 170 0.18228
141 23 85 170 0.421142
142 23 85 170 0.674453
143 23 85 170 0.812279
144 23 85 170 0.831641
145 23 85 170 0.838298
146 23 85 170 0.801661
147 23 85 170 0.701496
148 23 85 170 0.563215
149 23 85 170 0.376277
150 23 85 170 0.226406
151 23 85 170 0.13041
152 23 85 170 0.0421833
135 24 85 170 0.0138752
136 24 85 170 0.0244317
137 24 85 170 0.0378983
138 24 85 170 0.0667536
139 24 85 170 0.136991
140 24 85 170 0.292822
141 24 85 170 0.569636
142 24 85 170 0.79709
143 24 85 170 0.883749
144 24 85 170 0.891057
145 24 85 170 0.875075
146 24 85 170 0.841901
147 24 85 170 0.763895
148 24 85 170 0.618616
149 24 85 170 0.435405
150 24 85 170 0.286412
151 24 85 170 0.172124
152 24 85 170 0.0585615
153 24 85 170 0.0120677
135 25 85 170 0.0115468
136 25 85 170 0.0198367
137 25 85 170 0.0363593
138 25 85 170 0.0622185
139 25 85 170 0.13365
140 25 85 170 0.308116
141 25 85 170 0.586272
142 25 85 170 0.803937
143 25 85 170 0.88511
144 25 85 170 0.897088
145 25 85 170 0.897055
146 25 85 170 0.871264
147 25 85 170 0.791556
148 25 85 170 0.647057
149 25 85 170 0.450876
150 25 85 170 0.292389
151 25 85 170 0.176279
152 25 85 170 0.0564989
153 25 85 170 0.0107542
77 26 85 170 0.0100245
78 26 85 170 0.0104159
135 26 85 170 0.013039
136 26 85 170 0.0247719
137 26 85 170 0.0429977
138 26 85 170 0.069991
139 26 85 170 0.158037
140 26 85 170 0.363247
141 26 85 170 0.631291
142 26 85 170 0.822506
143 26 85 170 0.886855
144 26 85 170 0.890576
145 26 85 170 0.895927
146 26 85 170 0.872699
147 26 85 170 0.788152
148 26 85 170 0.631877
149 26 85 170 0.395892
150 26 85 170 0.229935
151 26 85 170 0.147026
152 26 85 170 0.047731
76 27 85 170 0.0131891
77 27 85 170 0.0180128
78 27 85 170 0.0184405
79 27 85 170 0.0152634
80 27 85 170 0.0113629
135 27 85 170 0.0146299
136 27 85 170 0.0293782
137 27 85 170 0.0492892
138 27 85 170 0.0809705
139 27 85 170 0.184556
140 27 85 170 0.408645
141 27 85 170 0.66452
142 27 85 170 0.834036
143 27 85 170 0.883488
144 27 85 170 0.874413
145 27 85 170 0.875809
146 27 85 170 0.845707
147 27 85 170 0.731223
148 27 85 170 0.529409
149 27 85 170 0.293063
150 27 85 170 0.160538
151 27 85 170 0.114467
152 27 85 170 0.0402556
76 28 85 170 0.0195215
77 28 85 170 0.0237841
78 28 85 170 0.0241795
79 28 85 170 0.0209457
80 28 85 170 0.0145019
81 28 85 170 0.0122576
82 28 85 170 0.0114356
136 28 85 170 0.0194157
137 28 85 170 0.0433649
138 28 85 170 0.0781608
139 28 85 170 0.175398
140 28 85 170 0.384894
141 28 85 170 0.623543
142 28 85 170 0.794167
143 28 85 170 0.857525
144 28 85 170 0.85445
145 28 85 170 0.863365
146 28 85 170 0.816941
147 28 85 170 0.646472
148 28 85 170 0.394768
149 28 85 170 0.213945
150 28 85 170 0.137423
151 28 85 170 0.0971157
152 28 85 170 0.0339501
75 29 85 170 0.0162671
76 29 85 170 0.0323842
77 29 85 170 0.0432436
78 29 85 170 0.0438384
79 29 85 170 0.0363753
80 29 85 170 0.0270562
81 29 85 170 0.0216115
82 29 85 170 0.0181833
83 29 85 170 0.0147608
84 29 85 170 0.0110886
135 29 85 170 0.0100114
136 29 85 170 0.0239721
137 29 85 170 0.056018
138 29 85 170 0.101599
139 29 85 170 0.218207
140 29 85 170 0.451553
141 29 85 170 0.681196
142 29 85 170 0.823751
143 29 85 170 0.871285
144 29 85 170 0.871314
145 29 85 170 0.868701
146 29 85 170 0.803539
147 29 85 170 0.635513
148 29 85 170 0.409184
149 29 85 170 0.222554
150 29 85 170 0.125676
151 29 85 170 0.0808537
152 29 85 170 0.029761
75 30 85 170 0.0186222
76 30 85 170 0.0320417
77 30 85 170 0.0488519
78 30 85 170 0.050688
79 30 85 170 0.0403595
80 30 85 170 0.0327998
81 30 85 170 0.0259494
82 30 85 170 0.0217951
83 30 85 170 0.0179588
84 30 85 170 0.0118799
136 30 85 170 0.0192449
137 30 85 170 0.0444745
138 30 85 170 0.0770845
139 30 85 170 0.181414
140 30 85 170 0.404422
141 30 85 170 0.608744
142 30 85 170 0.759813
143 30 85 170 0.828449
144 30 85 170 0.807256
145 30 85 170 0.804971
146 30 85 170 0.730714
147 30 85 170 0.557858
148 30 85 170 0.371412
149 30 85 170 0.18969
150 30 85 170 0.090718
151 30 85 170 0.0608484
152 30 85 170 0.0209305
74 31 85 170 0.0142132
75 31 85 170 0.026541
76 31 85 170 0.0408255
77 31 85 170 0.0647955
78 31 85 170 0.0723764
79 31 85 170 0.0603399
80 31 85 170 0.0465172
81 31 85 170 0.0359853
82 31 85 170 0.0302712
83 31 85 170 0.0238637
84 31 85 170 0.0139952
85 31 85 170 0.0102105
137 31 85 170 0.0211271
138 31 85 170 0.0368292
139 31 85 170 0.112142
140 31 85 170 0.296
141 31 85 170 0.496049
142 31 85 170 0.6772
143 31 85 170 0.7713
144 31 85 170 0.74588
145 31 85 170 0.747005
146 31 85 170 0.666566
147 31 85 170 0.483816
148 31 85 170 0.311644
149 31 85 170 0.143686
150 31 85 170 0.060763
151 31 85 170 0.0477228
152 31 85 170 0.014243
74 32 85 170 0.0230878
75 32 85 170 0.0454188
76 32 85 170 0.0748307
77 32 85 170 0.105959
78 32 85 170 0.11966
79 32 85 170 0.105288
80 32 85 170 0.0750307
81 32 85 170 0.0580862
82 32 85 170 0.0487585
83 32 85 170 0.0364893
84 32 85 170 0.0217015
85 32 85 170 0.0127195
137 32 85 170 0.0174965
138 32 85 170 0.0370427
139 32 85 170 0.102934
140 32 85 170 0.254395
141 32 85 170 0.464876
142 32 85 170 0.640669
143 32 85 170 0.723016
144 32 85 170 0.732601
145 32 85 170 0.726291
146 32 85 170 0.64089
147 32 85 170 0.477121
148 32 85 170 0.309659
149 32 85 170 0.143557
150 32 85 170 0.058557
151 32 85 170 0.0432768
152 32 85 170 0.0147364
73 33 85 170 0.0107772
74 33 85 170 0.025369
75 33 85 170 0.0525423
76 33 85 170 0.0894612
77 33 85 170 0.113347
78 33 85 170 0.120628
79 33 85 170 0.106599
80 33 85 170 0.0775731
81 33 85 170 0.0650011
82 33 85 170 0.0584162
83 33 85 170 0.0440421
84 33 85 170 0.0251251
85 33 85 170 0.0158673
86 33 85 170 0.0101046
138 33 85 170 0.0187836
139 33 85 170 0.0548466
140 33 85 170 0.140979
141 33 85 170 0.263589
142 33 85 170 0.417743
143 33 85 170 0.534934
144 33 85 170 0.555188
145 33 85 170 0.56351
146 33 85 170 0.491243
147 33 85 170 0.33407
148 33 85 170 0.188562
149 33 85 170 0.0847002
150 33 85 170 0.0398767
151 33 85 170 0.0283154
73 34 85 170 0.0109222
74 34 85 170 0.0241648
75 34 85 170 0.0517747
76 34 85 170 0.0947894
77 34 85 170 0.126708
78 34 85 170 0.133601
79 34 85 170 0.112051
80 34 85 170 0.0792209
81 34 85 170 0.0713112
82 34 85 170 0.0653412
83 34 85 170 0.0483592
84 34 85 170 0.0309831
85 34 85 170 0.0200156
86 34 85 170 0.0119944
139 34 85 170 0.0257515
140 34 85 170 0.0804217
141 34 85 170 0.159376
142 34 85 170 0.304579
143 34 85 170 0.451287
144 34 85 170 0.494376
145 34 85 170 0.499231
146 34 85 170 0.414147
147 34 85 170 0.261932
148 34 85 170 0.147111
149 34 85 170 0.0712132
150 34 85 170 0.0353139
151 34 85 170 0.0220747
73 35 85 170 0.0102608
74 35 85 170 0.026183
75 35 85 170 0.0554172
76 35 85 170 0.0998659
77 35 85 170 0.149807
78 35 85 170 0.160404
79 35 85 170 0.131446
80 35 85 170 0.10009
81 35 85 170 0.0841945
82 35 85 170 0.0743622
83 35 85 170 0.0589708
84 35 85 170 0.0389031
85 35 85 170 0.0264021
86 35 85 170 0.016384
139 35 85 170 0.0213755
140 35 85 170 0.0665262
141 35 85 170 0.139799
142 35 85 170 0.264911
143 35 85 170 0.392174
144 35 85 170 0.446773
145 35 85 170 0.46413
146 35 85 170 0.381031
147 35 85 170 0.241546
148 35 85 170 0.159994
149 35 85 170 0.0843554
150 35 85 170 0.038119
151 35 85 170 0.0239707
73 36 85 170 0.0114467
74 36 85 170 0.0360235
75 36 85 170 0.0724741
76 36 85 170 0.116982
77 36 85 170 0.180015
78 36 85 170 0.188996
79 36 85 170 0.156532
80 36 85 170 0.13793
81 36 85 170 0.107897
82 36 85 170 0.0919378
83 36 85 170 0.0784036
84 36 85 170 0.0464197
85 36 85 170 0.0349431
86 36 85 170 0.0248473
87 36 85 170 0.0105446
140 36 85 170 0.0230665
141 36 85 170 0.0525041
142 36 85 170 0.129654
143 36 85 170 0.213917
144 36 85 170 0.251233
145 36 85 170 0.31599
146 36 85 170 0.283926
147 36 85 170 0.16974
148 36 85 170 0.114089
149 36 85 170 0.0592479
150 36 85 170 0.0272649
151 36 85 170 0.020867
73 37 85 170 0.0206145
74 37 85 170 0.0544444
75 37 85 170 0.105026
76 37 85 170 0.174834
77 37 85 170 0.264961
78 37 85 170 0.279746
79 37 85 170 0.227073
80 37 85 170 0.185318
81 37 85 170 0.157628
82 37 85 170 0.131993
83 37 85 170 0.0984126
84 37 85 170 0.0620681
85 37 85 170 0.0441174
86 37 85 170 0.0307164
87 37 85 170 0.0161725
140 37 85 170 0.0104472
141 37 85 170 0.0289516
142 37 85 170 0.0798378
143 37 85 170 0.154215
144 37 85 170 0.222066
145 37 85 170 0.275541
146 37 85 170 0.258753
147 37 85 170 0.18853
148 37 85 170 0.130784
149 37 85 170 0.0658979
150 37 85 170 0.0269819
151 37 85 170 0.0175185
73 38 85 170 0.0292987
74 38 85 170 0.0757909
75 38 85 170 0.147175
76 38 85 170 0.240799
77 38 85 170 0.343187
78 38 85 170 0.368857
79 38 85 170 0.310319
80 38 85 170 0.238362
81 38 85 170 0.202833
82 38 85 170 0.175594
83 38 85 170 0.133797
84 38 85 170 0.0876438
85 38 85 170 0.0584865
86 38 85 170 0.0391523
87 38 85 170 0.0223709
141 38 85 170 0.0226854
142 38 85 170 0.0536147
143 38 85 170 0.107869
144 38 85 170 0.180712
145 38 85 170 0.237699
146 38 85 170 0.226066
147 38 85 170 0.163798
148 38 85 170 0.110474
149 38 85 170 0.0567812
150 38 85 170 0.024559
151 38 85 170 0.014746
73 39 85 170 0.0301916
74 39 85 170 0.0849188
75 39 85 170 0.169888
76 39 85 170 0.273199
77 39 85 170 0.388924
78 39 85 170 0.422119
79 39 85 170 0.361807
80 39 85 170 0.281821
81 39 85 170 0.232893
82 39 85 170 0.20594
83 39 85 170 0.166518
84 39 85 170 0.106409
85 39 85 170 0.0685652
86 39 85 170 0.0452738
87 39 85 170 0.0255004
88 39 85 170 0.0112871
142 39 85 170 0.0224412
143 39 85 170 0.0501203
144 39 85 170 0.09779
145 39 85 170 0.155603
146 39 85 170 0.152804
147 39 85 170 0.0974964
148 39 85 170 0.0608712
149 39 85 170 0.0339947
150 39 85 170 0.0185183
151 39 85 170 0.0113983
73 40 85 170 0.0249018
74 40 85 170 0.0774629
75 40 85 170 0.159092
76 40 85 170 0.260323
77 40 85 170 0.402692
78 40 85 170 0.440582
79 40 85 170 0.375684
80 40 85 170 0.31745
81 40 85 170 0.2697
82 40 85 170 0.231776
83 40 85 170 0.181037
84 40 85 170 0.110852
85 40 85 170 0.0712461
86 40 85 170 0.047004
87 40 85 170 0.0253949
88 40 85 170 0.0118511
142 40 85 170 0.0139146
143 40 85 170 0.0357152
144 40 85 170 0.0709408
145 40 85 170 0.0853872
146 40 85 170 0.0851165
147 40 85 170 0.0752529
148 40 85 170 0.0518294
149 40 85 170 0.0304076
150 40 85 170 0.0164821
73 41 85 170 0.0215899
74 41 85 170 0.0724438
75 41 85 170 0.146274
76 41 85 170 0.229209
77 41 85 170 0.35923
78 41 85 170 0.41161
79 41 85 170 0.388161
80 41 85 170 0.371329
81 41 85 170 0.329159
82 41 85 170 0.276233
83 41 85 170 0.20662
84 41 85 170 0.122558
85 41 85 170 0.0853646
86 41 85 170 0.0576276
87 41 85 170 0.0264466
88 41 85 170 0.0120501
143 41 85 170 0.0169302
144 41 85 170 0.0336335
145 41 85 170 0.0421701
146 41 85 170 0.0467242
147 41 85 170 0.0472127
148 41 85 170 0.0369933
149 41 85 170 0.0225308
150 41 85 170 0.0127847
73 42 85 170 0.0198046
74 42 85 170 0.0624246
75 42 85 170 0.12412
76 42 85 170 0.198724
77 42 85 170 0.320123
78 42 85 170 0.386431
79 42 85 170 0.383762
80 42 85 170 0.371554
81 42 85 170 0.344369
82 42 85 170 0.295782
83 42 85 170 0.215953
84 42 85 170 0.124177
85 42 85 170 0.0841418
86 42 85 170 0.0560483
87 42 85 170 0.0251899
88 42 85 170 0.0113612
144 42 85 170 0.0138167
145 42 85 170 0.0235523
146 42 85 170 0.0297899
147 42 85 170 0.0297798
148 42 85 170 0.0247064
149 42 85 170 0.0161342
150 42 85 170 0.0100285
73 43 85 170 0.0160197
74 43 85 170 0.0471322
75 43 85 170 0.095407
76 43 85 170 0.166314
77 43 85 170 0.28536
78 43 85 170 0.35667
79 43 85 170 0.349945
80 43 85 170 0.320034
81 43 85 170 0.306671
82 43 85 170 0.272184
83 43 85 170 0.195074
84 43 85 170 0.10888
85 43 85 170 0.0710225
86 43 85 170 0.047299
87 43 85 170 0.0224353
88 43 85 170 0.0107309
144 43 85 170 0.014706
145 43 85 170 0.0200806
146 43 85 170 0.0251734
147 43 85 170 0.02827
148 43 85 170 0.0234699
149 43 85 170 0.0166517
150 43 85 170 0.0109026
74 44 85 170 0.0332018
75 44 85 170 0.0709953
76 44 85 170 0.127492
77 44 85 170 0.224192
78 44 85 170 0.292871
79 44 85 170 0.298113
80 44 85 170 0.272244
81 44 85 170 0.26367
82 44 85 170 0.234841
83 44 85 170 0.165067
84 44 85 170 0.0902103
85 44 85 170 0.0644938
86 44 85 170 0.0456163
87 44 85 170 0.0207944
88 44 85 170 0.0108823
144 44 85 170 0.0114348
145 44 85 170 0.0200908
146 44 85 170 0.0260864
147 44 85 170 0.0283998
148 44 85 170 0.0271266
149 44 85 170 0.0209477
150 44 85 170 0.0144646
74 45 85 170 0.0192505
75 45 85 170 0.046343
76 45 85 170 0.0940363
77 45 85 170 0.165146
78 45 85 170 0.227953
79 45 85 170 0.248052
80 45 85 170 0.232817
81 45 85 170 0.236845
82 45 85 170 0.217297
83 45 85 170 0.152527
84 45 85 170 0.0807336
85 45 85 170 0.0528658
86 45 85 170 0.0362718
87 45 85 170 0.0175648
145 45 85 170 0.0149637
146 45 85 170 0.0222067
147 45 85 170 0.0280088
148 45 85 170 0.030103
149 45 85 170 0.0247686
150 45 85 170 0.0169938
75 46 85 170 0.0250463
76 46 85 170 0.0585295
77 46 85 170 0.109259
78 46 85 170 0.160734
79 46 85 170 0.186847
80 46 85 170 0.183649
81 46 85 170 0.185292
82 46 85 170 0.169148
83 46 85 170 0.121618
84 46 85 170 0.0662957
85 46 85 170 0.0414138
86 46 85 170 0.0271075
87 46 85 170 0.0134904
146 46 85 170 0.0148457
147 46 85 170 0.021513
148 46 85 170 0.0256901
149 46 85 170 0.0215198
150 46 85 170 0.0147365
75 47 85 170 0.0135094
76 47 85 170 0.0339934
77 47 85 170 0.072096
78 47 85 170 0.11749
79 47 85 170 0.145756
80 47 85 170 0.144854
81 47 85 170 0.136056
82 47 85 170 0.120449
83 47 85 170 0.0910719
84 47 85 170 0.054835
85 47 85 170 0.0376846
86 47 85 170 0.0254271
87 47 85 170 0.0126174
146 47 85 170 0.0113174
147 47 85 170 0.0175364
148 47 85 170 0.02207
149 47 85 170 0.0176262
150 47 85 170 0.0121601
75 48 85 170 0.0111551
76 48 85 170 0.0299716
77 48 85 170 0.0611822
78 48 85 170 0.111635
79 48 85 170 0.14515
80 48 85 170 0.134761
81 48 85 170 0.128683
82 48 85 170 0.117788
83 48 85 170 0.0898356
84 48 85 170 0.0570516
85 48 85 170 0.0422789
86 48 85 170 0.0306551
87 48 85 170 0.0166771
146 48 85 170 0.013083
147 48 85 170 0.0216823
148 48 85 170 0.0253429
149 48 85 170 0.0196899
150 48 85 170 0.0136589
76 49 85 170 0.0198582
77 49 85 170 0.0442956
78 49 85 170 0.0912378
79 49 85 170 0.124933
80 49 85 170 0.117341
81 49 85 170 0.115469
82 49 85 170 0.103486
83 49 85 170 0.0753939
84 49 85 170 0.0524309
85 49 85 170 0.0483886
86 49 85 170 0.038651
87 49 85 170 0.0209043
88 49 85 170 0.0108604
146 49 85 170 0.0113816
147 49 85 170 0.0186816
148 49 85 170 0.0228348
149 49 85 170 0.0194465
150 49 85 170 0.0143223
76 50 85 170 0.0136926
77 50 85 170 0.0350463
78 50 85 170 0.0709761
79 50 85 170 0.099269
80 50 85 170 0.102398
81 50 85 170 0.0994212
82 50 85 170 0.0882609
83 50 85 170 0.0674143
84 50 85 170 0.0488353
85 50 85 170 0.0482662
86 50 85 170 0.0408273
87 50 85 170 0.0234157
88 50 85 170 0.0122874
146 50 85 170 0.0141044
147 50 85 170 0.0231089
148 50 85 170 0.0304276
149 50 85 170 0.026399
150 50 85 170 0.0191321
151 50 85 170 0.0125199
76 51 85 170 0.0123188
77 51 85 170 0.0303976
78 51 85 170 0.055404
79 51 85 170 0.0782259
80 51 85 170 0.0893542
81 51 85 170 0.084596
82 51 85 170 0.0753005
83 51 85 170 0.0614039
84 51 85 170 0.0434024
85 51 85 170 0.0408427
86 51 85 170 0.035425
87 51 85 170 0.0217659
88 51 85 170 0.0111574
146 51 85 170 0.0156383
147 51 85 170 0.0262027
148 51 85 170 0.0341025
149 51 85 170 0.0301207
150 51 85 170 0.0221009
151 51 85 170 0.0142895
77 52 85 170 0.018761
78 52 85 170 0.037551
79 52 85 170 0.0580813
80 52 85 170 0.0693054
81 52 85 170 0.0666453
82 52 85 170 0.0567695
83 52 85 170 0.0433013
84 52 85 170 0.0311192
85 52 85 170 0.0318242
86 52 85 170 0.0280308
87 52 85 170 0.0167495
146 52 85 170 0.0131056
147 52 85 170 0.0211672
148 52 85 170 0.0266711
149 52 85 170 0.0254676
150 52 85 170 0.0198147
151 52 85 170 0.0120431
77 53 85 170 0.0146981
78 53 85 170 0.0313334
79 53 85 170 0.0483718
80 53 85 170 0.0533952
81 53 85 170 0.0505156
82 53 85 170 0.0464449
83 53 85 170 0.0387695
84 53 85 170 0.0276625
85 53 85 170 0.027321
86 53 85 170 0.024057
87 53 85 170 0.0153521
145 53 85 170 0.0169944
146 53 85 170 0.0264034
147 53 85 170 0.0387194
148 53 85 170 0.050149
149 53 85 170 0.0412298
150 53 85 170 0.0279733
151 53 85 170 0.0188608
77 54 85 170 0.0108152
78 54 85 170 0.0242393
79 54 85 170 0.0372462
80 54 85 170 0.039108
81 54 85 170 0.0371648
82 54 85 170 0.0352437
83 54 85 170 0.0310883
84 54 85 170 0.0242428
85 54 85 170 0.0219202
86 54 85 170 0.0190713
87 54 85 170 0.0138674
144 54 85 170 0.0109144
145 54 85 170 0.0194466
146 54 85 170 0.0302978
147 54 85 170 0.0434372
148 54 85 170 0.0524034
149 54 85 170 0.0444159
150 54 85 170 0.0324358
151 54 85 170 0.0220397
78 55 85 170 0.0145466
79 55 85 170 0.0231721
80 55 85 170 0.0254687
81 55 85 170 0.0253699
82 55 85 170 0.02257
83 55 85 170 0.0190699
84 55 85 170 0.0173719
85 55 85 170 0.0151305
86 55 85 170 0.0130145
87 55 85 170 0.0104488
116 55 85 170 0.0138728
117 55 85 170 0.0188337
118 55 85 170 0.0198436
119 55 85 170 0.0203922
120 55 85 170 0.0238653
121 55 85 170 0.0200607
122 55 85 170 0.0156861
123 55 85 170 0.01208
144 55 85 170 0.0153709
145 55 85 170 0.0235577
146 55 85 170 0.0337998
147 55 85 170 0.0456421
148 55 85 170 0.0513704
149 55 85 170 0.0457442
150 55 85 170 0.0359873
151 55 85 170 0.0240464
79 56 85 170 0.0138319
80 56 85 170 0.0153853
81 56 85 170 0.015259
82 56 85 170 0.0150884
83 56 85 170 0.0141618
84 56 85 170 0.0118179
85 56 85 170 0.0106082
114 56 85 170 0.0138016
115 56 85 170 0.0243962
116 56 85 170 0.0362898
117 56 85 170 0.0520274
118 56 85 170 0.0534798
119 56 85 170 0.0509029
120 56 85 170 0.0597772
121 56 85 170 0.0474623
122 56 85 170 0.0360973
123 56 85 170 0.0296319
124 56 85 170 0.012905
143 56 85 170 0.0119712
144 56 85 170 0.0256816
145 56 85 170 0.0386631
146 56 85 170 0.0497326
147 56 85 170 0.0638485
148 56 85 170 0.0766759
149 56 85 170 0.0624768
150 56 85 170 0.0436311
151 56 85 170 0.0299739
152 56 85 170 0.0115594
114 57 85 170 0.0199637
115 57 85 170 0.033961
116 57 85 170 0.0464441
117 57 85 170 0.0625333
118 57 85 170 0.0711503
119 57 85 170 0.0774135
120 57 85 170 0.087195
121 57 85 170 0.0740572
122 57 85 170 0.0626481
123 57 85 170 0.0518036
124 57 85 170 0.0242724
125 57 85 170 0.0118991
144 57 85 170 0.0197604
145 57 85 170 0.0305411
146 57 85 170 0.0402185
147 57 85 170 0.0499944
148 57 85 170 0.0563043
149 57 85 170 0.0465699
150 57 85 170 0.0332079
151 57 85 170 0.0218501
113 58 85 170 0.0111275
114 58 85 170 0.0263618
115 58 85 170 0.0476307
116 58 85 170 0.0691014
117 58 85 170 0.0869455
118 58 85 170 0.100162
119 58 85 170 0.119024
120 58 85 170 0.141203
121 58 85 170 0.129291
122 58 85 170 0.110861
123 58 85 170 0.0880646
124 58 85 170 0.0448728
125 58 85 170 0.0192566
143 58 85 170 0.0150238
144 58 85 170 0.0253015
145 58 85 170 0.0340974
146 58 85 170 0.0410492
147 58 85 170 0.0473743
148 58 85 170 0.0496363
149 58 85 170 0.0375859
150 58 85 170 0.0253746
151 58 85 170 0.0177232
113 59 85 170 0.0156793
114 59 85 170 0.0411579
115 59 85 170 0.0781941
116 59 85 170 0.114825
117 59 85 170 0.15369
118 59 85 170 0.177773
119 59 85 170 0.217162
120 59 85 170 0.284383
121 59 85 170 0.277834
122 59 85 170 0.255738
123 59 85 170 0.216889
124 59 85 170 0.120908
125 59 85 170 0.0659622
126 59 85 170 0.0374092
127 59 85 170 0.014651
142 59 85 170 0.0112357
143 59 85 170 0.021488
144 59 85 170 0.0334846
145 59 85 170 0.0417793
146 59 85 170 0.0471023
147 59 85 170 0.0532388
148 59 85 170 0.0563493
149 59 85 170 0.0400563
150 59 85 170 0.02535
151 59 85 170 0.0191154
113 60 85 170 0.0210006
114 60 85 170 0.059129
115 60 85 170 0.108344
116 60 85 170 0.150564
117 60 85 170 0.217159
118 60 85 170 0.263512
119 60 85 170 0.328028
120 60 85 170 0.439618
121 60 85 170 0.43807
122 60 85 170 0.427924
123 60 85 170 0.384017
124 60 85 170 0.21983
125 60 85 170 0.136174
126 60 85 170 0.0846111
127 60 85 170 0.0301185
128 60 85 170 0.0141362
143 60 85 170 0.0149222
144 60 85 170 0.0237743
145 60 85 170 0.0288745
146 60 85 170 0.0337241
147 60 85 170 0.0387442
148 60 85 170 0.0386638
149 60 85 170 0.0320525
150 60 85 170 0.0236128
151 60 85 170 0.0154744
113 61 85 170 0.024482
114 61 85 170 0.0555025
115 61 85 170 0.0921783
116 61 85 170 0.129205
117 61 85 170 0.182157
118 61 85 170 0.231586
119 61 85 170 0.290696
120 61 85 170 0.356385
121 61 85 170 0.336546
122 61 85 170 0.330294
123 61 85 170 0.305762
124 61 85 170 0.175632
125 61 85 170 0.102933
126 61 85 170 0.0622415
127 61 85 170 0.0246436
128 61 85 170 0.0129999
142 61 85 170 0.010594
143 61 85 170 0.0180758
144 61 85 170 0.026091
145 61 85 170 0.0292855
146 61 85 170 0.0316976
147 61 85 170 0.0354422
148 61 85 170 0.037199
149 61 85 170 0.0343427
150 61 85 170 0.0259738
151 61 85 170 0.0151294
113 62 85 170 0.0230522
114 62 85 170 0.0502639
115 62 85 170 0.0814386
116 62 85 170 0.109663
117 62 85 170 0.143463
118 62 85 170 0.182791
119 62 85 170 0.236076
120 62 85 170 0.288563
121 62 85 170 0.278957
122 62 85 170 0.291943
123 62 85 170 0.290782
124 62 85 170 0.188537
125 62 85 170 0.114302
126 62 85 170 0.0654515
127 62 85 170 0.0275653
128 62 85 170 0.0147094
142 62 85 170 0.0110123
143 62 85 170 0.0185792
144 62 85 170 0.025903
145 62 85 170 0.0269962
146 62 85 170 0.0271339
147 62 85 170 0.0302048
148 62 85 170 0.0333154
149 62 85 170 0.0318568
150 62 85 170 0.0245123
151 62 85 170 0.01434
113 63 85 170 0.0165915
114 63 85 170 0.040948
115 63 85 170 0.0704113
116 63 85 170 0.0910351
117 63 85 170 0.116402
118 63 85 170 0.145332
119 63 85 170 0.199178
120 63 85 170 0.275221
121 63 85 170 0.290629
122 63 85 170 0.313468
123 63 85 170 0.317479
124 63 85 170 0.228142
125 63 85 170 0.149978
126 63 85 170 0.0849674
127 63 85 170 0.0339835
128 63 85 170 0.0177823
129 63 85 170 0.0107964
143 63 85 170 0.0149205
144 63 85 170 0.0213109
145 63 85 170 0.0205151
146 63 85 170 0.0199917
147 63 85 170 0.0233365
148 63 85 170 0.0253776
149 63 85 170 0.0240352
150 63 85 170 0.0189832
151 63 85 170 0.0117853
114 64 85 170 0.0186219
115 64 85 170 0.0314731
116 64 85 170 0.0463354
117 64 85 170 0.0631579
118 64 85 170 0.0855873
119 64 85 170 0.130675
120 64 85 170 0.191941
121 64 85 170 0.206857
122 64 85 170 0.210659
123 64 85 170 0.20634
124 64 85 170 0.163671
125 64 85 170 0.114872
126 64 85 170 0.0648625
127 64 85 170 0.0268389
128 64 85 170 0.0158983
129 64 85 170 0.0106897
143 64 85 170 0.0150468
144 64 85 170 0.021346
145 64 85 170 0.020647
146 64 85 170 0.0204348
147 64 85 170 0.0243684
148 64 85 170 0.0262447
149 64 85 170 0.0217805
150 64 85 170 0.0153879
151 64 85 170 0.01001
114 65 85 170 0.0128082
115 65 85 170 0.0211608
116 65 85 170 0.0317111
117 65 85 170 0.048674
118 65 85 170 0.0663357
119 65 85 170 0.10326
120 65 85 170 0.165007
121 65 85 170 0.192208
122 65 85 170 0.217544
123 65 85 170 0.223744
124 65 85 170 0.173016
125 65 85 170 0.136662
126 65 85 170 0.0894342
127 65 85 170 0.0371722
128 65 85 170 0.0204507
129 65 85 170 0.013402
143 65 85 170 0.0106116
144 65 85 170 0.0143957
145 65 85 170 0.0141207
146 65 85 170 0.0144547
147 65 85 170 0.0175748
148 65 85 170 0.0194093
149 65 85 170 0.0165132
150 65 85 170 0.0120573
115 66 85 170 0.0153446
116 66 85 170 0.0221282
117 66 85 170 0.0352157
118 66 85 170 0.0486979
119 66 85 170 0.0725797
120 66 85 170 0.112893
121 66 85 170 0.139064
122 66 85 170 0.178579
123 66 85 170 0.197102
124 66 85 170 0.149233
125 66 85 170 0.114853
126 66 85 170 0.0759825
127 66 85 170 0.03329
128 66 85 170 0.0187464
129 66 85 170 0.0119975
147 66 85 170 0.0113423
148 66 85 170 0.0123117
149 66 85 170 0.0113356
117 67 85 170 0.01339
118 67 85 170 0.0222732
119 67 85 170 0.0331802
120 67 85 170 0.0434351
121 67 85 170 0.0590888
122 67 85 170 0.0907478
123 67 85 170 0.114092
124 67 85 170 0.0997341
125 67 85 170 0.0748212
126 67 85 170 0.04816
127 67 85 170 0.0267223
128 67 85 170 0.0175377
129 67 85 170 0.0127589
118 68 85 170 0.0111065
119 68 85 170 0.0176086
120 68 85 170 0.0286781
121 68 85 170 0.0455596
122 68 85 170 0.0714316
123 68 85 170 0.0940695
124 68 85 170 0.0978366
125 68 85 170 0.089393
126 68 85 170 0.0653255
127 68 85 170 0.0370795
128 68 85 170 0.0232818
129 68 85 170 0.0185191
130 68 85 170 0.0160274
131 68 85 170 0.0135063
132 68 85 170 0.0114649
121 69 85 170 0.0132379
122 69 85 170 0.0201549
123 69 85 170 0.026411
124 69 85 170 0.0287017
125 69 85 170 0.0279233
126 69 85 170 0.0211057
127 69 85 170 0.011833
245 0 64 128 0.020212
246 0 64 128 0.0924431
247 0 64 128 0.221977
248 0 64 128 0.464881
249 0 64 128 0.681451
250 0 64 128 0.908565
251 0 64 128 0.950852
252 0 64 128 0.944449
253 0 64 128 0.888521
254 0 64 128 0.849375
255 0 64 128 0.73381
245 1 64 128 0.0316169
246 1 64 128 0.120871
247 1 64 128 0.315396
248 1 64 128 0.630871
249 1 64 128 0.850983
250 1 64 128 0.961748
251 1 64 128 0.980862
252 1 64 128 0.981189
253 1 64 128 0.962951
254 1 64 128 0.943611
255 1 64 128 0.885338
223 2 64 128 0.010446
224 2 64 128 0.0122974
225 2 64 128 0.0125036
244 2 64 128 0.010469
245 2 64 128 0.0234743
246 2 64 128 0.122966
247 2 64 128 0.25669
248 2 64 128 0.636718
249 2 64 128 0.827158
250 2 64 128 0.956647
251 2 64 128 0.978368
252 2 64 128 0.978702
253 2 64 128 0.958043
254 2 64 128 0.940211
255 2 64 128 0.864182
218 3 64 128 0.0118917
219 3 64 128 0.0122755
220 3 64 128 0.0105741
223 3 64 128 0.0117631
224 3 64 128 0.0129806
225 3 64 128 0.0148923
226 3 64 128 0.010825
245 3 64 128 0.0101255
246 3 64 128 0.0532336
247 3 64 128 0.177925
248 3 64 128 0.557813
249 3 64 128 0.813298
250 3 64 128 0.950588
251 3 64 128 0.981816
252 3 64 128 0.981294
253 3 64 128 0.960231
254 3 64 128 0.941765
255 3 64 128 0.882074
225 4 64 128 0.0102327
234 4 64 128 0.0115408
246 4 64 128 0.0416941
247 4 64 128 0.111917
248 4 64 128 0.421601
249 4 64 128 0.690601
250 4 64 128 0.918815
251 4 64 128 0.965
252 4 64 128 0.965084
253 4 64 128 0.935942
254 4 64 128 0.907677
255 4 64 128 0.797805
246 5 64 128 0.0107893
247 5 64 128 0.0406586
248 5 64 128 0.209299
249 5 64 128 0.542902
250 5 64 128 0.867845
251 5 64 128 0.943096
252 5 64 128 0.944528
253 5 64 128 0.920062
254 5 64 128 0.879218
255 5 64 128 0.738008
247 6 64 128 0.0109816
248 6 64 128 0.0690262
249 6 64 128 0.224925
250 6 64 128 0.613762
251 6 64 128 0.763131
252 6 64 128 0.801916
253 6 64 128 0.708211
254 6 64 128 0.632824
255 6 64 128 0.423186
248 7 64 128 0.0353904
249 7 64 128 0.13624
250 7 64 128 0.398865
251 7 64 128 0.574931
252 7 64 128 0.558056
253 7 64 128 0.385118
254 7 64 128 0.287768
255 7 64 128 0.163666
248 8 64 128 0.0230242
249 8 64 128 0.0823089
250 8 64 128 0.247902
251 8 64 128 0.377749
252 8 64 128 0.333894
253 8 64 128 0.189893
254 8 64 128 0.14571
255 8 64 128 0.0721115
248 9 64 128 0.0140366
249 9 64 128 0.0461756
250 9 64 128 0.13634
251 9 64 128 0.198283
252 9 64 128 0.149398
253 9 64 128 0.0915859
254 9 64 128 0.075745
255 9 64 128 0.0535541
248 10 64 128 0.0165877
249 10 64 128 0.045015
250 10 64 128 0.131145
251 10 64 128 0.161686
252 10 64 128 0.119967
253 10 64 128 0.0580392
254 10 64 128 0.053584
255 10 64 128 0.0381547
249 11 64 128 0.0324162
250 11 64 128 0.0778268
251 11 64 128 0.0781796
252 11 64 128 0.0456505
253 11 64 128 0.026861
254 11 64 128 0.0218815
255 11 64 128 0.0235705
249 12 64 128 0.033508
250 12 64 128 0.0779848
251 12 64 128 0.075876
252 12 64 128 0.0431544
253 12 64 128 0.0251038
254 12 64 128 0.0263846
255 12 64 128 0.0232844
249 13 64 128 0.0357849
250 13 64 128 0.062388
251 13 64 128 0.0555955
252 13 64 128 0.029897
253 13 64 128 0.0184321
254 13 64 128 0.0205684
255 13 64 128 0.0231297
249 14 64 128 0.0240479
250 14 64 128 0.0532483
251 14 64 128 0.0569624
252 14 64 128 0.0323136
253 14 64 128 0.0197421
254 14 64 128 0.0292423
255 14 64 128 0.035983
249 15 64 128 0.0162079
250 15 64 128 0.0307491
251 15 64 128 0.0302898
252 15 64 128 0.0182592
253 15 64 128 0.0117753
254 15 64 128 0.0180555
255 15 64 128 0.0268761
249 16 64 128 0.0133884
250 16 64 128 0.0263975
251 16 64 128 0.0318482
252 16 64 128 0.0232431
253 16 64 128 0.018846
254 16 64 128 0.0276901
255 16 64 128 0.0495035
250 17 64 128 0.0161123
251 17 64 128 0.0211142
252 17 64 128 0.0153495
253 17 64 128 0.0151971
254 17 64 128 0.0252666
255 17 64 128 0.0500282
251 18 64 128 0.0106538
253 18 64 128 0.0118263
254 18 64 128 0.0239622
255 18 64 128 0.0504708
254 19 64 128 0.011418
255 19 64 128 0.0246859
255 20 64 128 0.0132493
149 32 64 128 0.0101608
147 33 64 128 0.01446
148 33 64 128 0.0196829
149 33 64 128 0.0254306
150 33 64 128 0.0165369
151 33 64 128 0.0124947
152 33 64 128 0.0109523
153 33 64 128 0.0132966
154 33 64 128 0.0142664
155 33 64 128 0.0139876
156 33 64 128 0.0140769
157 33 64 128 0.0136914
158 33 64 128 0.0138112
159 33 64 128 0.0165303
147 34 64 128 0.0149955
148 34 64 128 0.0204053
149 34 64 128 0.0253543
150 34 64 128 0.0220396
151 34 64 128 0.0160563
152 34 64 128 0.0162142
153 34 64 128 0.0155148
154 34 64 128 0.019285
155 34 64 128 0.0164638
156 34 64 128 0.0195178
157 34 64 128 0.0175456
158 34 64 128 0.0168307
159 34 64 128 0.0192673
160 34 64 128 0.0120105
146 35 64 128 0.0112035
147 35 64 128 0.022851
148 35 64 128 0.0289196
149 35 64 128 0.0444207
150 35 64 128 0.0391734
151 35 64 128 0.0382547
152 35 64 128 0.0336107
153 35 64 128 0.0353207
154 35 64 128 0.035738
155 35 64 128 0.0293887
156 35 64 128 0.0302759
157 35 64 128 0.0292914
158 35 64 128 0.0315141
159 35 64 128 0.0310424
160 35 64 128 0.0143606
161 35 64 128 0.0105902
146 36 64 128 0.0146386
147 36 64 128 0.0301476
148 36 64 128 0.0436817
149 36 64 128 0.0668332
150 36 64 128 0.0722265
151 36 64 128 0.0641094
152 36 64 128 0.0681145
153 36 64 128 0.0676506
154 36 64 128 0.0703995
155 36 64 128 0.0485003
156 36 64 128 0.0640828
157 36 64 128 0.0570905
158 36 64 128 0.0624207
159 36 64 128 0.0442371
160 36 64 128 0.0239305
161 36 64 128 0.0147405
162 36 64 128 0.0108074
163 36 64 128 0.0118577
164 36 64 128 0.0128903
165 36 64 128 0.0119579
145 37 64 128 0.0118477
146 37 64 128 0.0223261
147 37 64 128 0.0426334
148 37 64 128 0.0574386
149 37 64 128 0.101467
150 37 64 128 0.132109
151 37 64 128 0.157646
152 37 64 128 0.162255
153 37 64 128 0.150477
154 37 64 128 0.146012
155 37 64 128 0.125102
156 37 64 128 0.114222
157 37 64 128 0.0980892
158 37 64 128 0.0891493
159 37 64 128 0.0763046
160 37 64 128 0.0340775
161 37 64 128 0.0221187
162 37 64 128 0.0167141
163 37 64 128 0.0173309
164 37 64 128 0.0179431
165 37 64 128 0.0146268
145 38 64 128 0.0107191
146 38 64 128 0.0212911
147 38 64 128 0.0426572
148 38 64 128 0.0661952
149 38 64 128 0.131511
150 38 64 128 0.219683
151 38 64 128 0.283148
152 38 64 128 0.355771
153 38 64 128 0.322601
154 38 64 128 0.308424
155 38 64 128 0.249102
156 38 64 128 0.295481
157 38 64 128 0.274157
158 38 64 128 0.229113
159 38 64 128 0.145693
160 38 64 128 0.0729949
161 38 64 128 0.0427972
162 38 64 128 0.0288349
163 38 64 128 0.0266414
164 38 64 128 0.0279542
165 38 64 128 0.0270921
166 38 64 128 0.016045
145 39 64 128 0.0164557
146 39 64 128 0.0277688
147 39 64 128 0.0662603
148 39 64 128 0.0985213
149 39 64 128 0.263133
150 39 64 128 0.431019
151 39 64 128 0.630097
152 39 64 128 0.658706
153 39 64 128 0.671012
154 39 64 128 0.641337
155 39 64 128 0.595956
156 39 64 128 0.605456
157 39 64 128 0.592313
158 39 64 128 0.515532
159 39 64 128 0.330475
160 39 64 128 0.158591
161 39 64 128 0.0903336
162 39 64 128 0.0443767
163 39 64 128 0.0305492
164 39 64 128 0.0283199
165 39 64 128 0.0283939
166 39 64 128 0.016628
145 40 64 128 0.0195628
146 40 64 128 0.039894
147 40 64 128 0.0916318
148 40 64 128 0.175387
149 40 64 128 0.449554
150 40 64 128 0.680208
151 40 64 128 0.792541
152 40 64 128 0.830923
153 40 64 128 0.848741
154 40 64 128 0.846435
155 40 64 128 0.749166
156 40 64 128 0.762461
157 40 64 128 0.691452
158 40 64 128 0.605225
159 40 64 128 0.359371
160 40 64 128 0.188633
161 40 64 128 0.0760165
162 40 64 128 0.0323736
163 40 64 128 0.0179516
164 40 64 128 0.0150821
165 40 64 128 0.0108256
144 41 64 128 0.0125019
145 41 64 128 0.0410366
146 41 64 128 0.0618912
147 41 64 128 0.148283
148 41 64 128 0.265005
149 41 64 128 0.615296
150 41 64 128 0.788164
151 41 64 128 0.877957
152 41 64 128 0.895939
153 41 64 128 0.908057
154 41 64 128 0.89248
155 41 64 128 0.820358
156 41 64 128 0.790681
157 41 64 128 0.737181
158 41 64 128 0.567398
159 41 64 128 0.33677
160 41 64 128 0.140373
161 41 64 128 0.0499915
162 41 64 128 0.016081
144 42 64 128 0.0155391
145 42 64 128 0.0402683
146 42 64 128 0.0748813
147 42 64 128 0.151928
148 42 64 128 0.30637
149 42 64 128 0.574145
150 42 64 128 0.788555
151 42 64 128 0.869865
152 42 64 128 0.901031
153 42 64 128 0.894499
154 42 64 128 0.870799
155 42 64 128 0.807378
156 42 64 128 0.772828
157 42 64 128 0.661786
158 42 64 128 0.478504
159 42 64 128 0.215919
160 42 64 128 0.0652317
161 42 64 128 0.01933
144 43 64 128 0.0190283
145 43 64 128 0.0532072
146 43 64 128 0.0660889
147 43 64 128 0.160366
148 43 64 128 0.307092
149 43 64 128 0.660756
150 43 64 128 0.829339
151 43 64 128 0.920884
152 43 64 128 0.92721
153 43 64 128 0.923315
154 43 64 128 0.890126
155 43 64 128 0.850223
156 43 64 128 0.810797
157 43 64 128 0.706798
158 43 64 128 0.527334
159 43 64 128 0.237973
160 43 64 128 0.0658512
161 43 64 128 0.0179675
144 44 64 128 0.0211592
145 44 64 128 0.0499532
146 44 64 128 0.0756091
147 44 64 128 0.165454
148 44 64 128 0.319066
149 44 64 128 0.659011
150 44 64 128 0.828982
151 44 64 128 0.909433
152 44 64 128 0.916499
153 44 64 128 0.916905
154 44 64 128 0.883762
155 44 64 128 0.800462
156 44 64 128 0.75045
157 44 64 128 0.536262
158 44 64 128 0.360949
159 44 64 128 0.119381
160 44 64 128 0.0351896
106 45 64 128 0.0115361
107 45 64 128 0.0131066
108 45 64 128 0.0114518
109 45 64 128 0.0141895
110 45 64 128 0.0125766
111 45 64 128 0.0152247
112 45 64 128 0.0183305
113 45 64 128 0.0173286
114 45 64 128 0.0133894
144 45 64 128 0.0110696
145 45 64 128 0.0298976
146 45 64 128 0.0383444
147 45 64 128 0.0916489
148 45 64 128 0.201403
149 45 64 128 0.593619
150 45 64 128 0.767623
151 45 64 128 0.856346
152 45 64 128 0.863271
153 45 64 128 0.888985
154 45 64 128 0.79915
155 45 64 128 0.706391
156 45 64 128 0.591348
157 45 64 128 0.44764
158 45 64 128 0.246987
159 45 64 128 0.101301
160 45 64 128 0.0265004
146 46 64 128 0.0139938
147 46 64 128 0.0277603
148 46 64 128 0.0790622
149 46 64 128 0.244932
150 46 64 128 0.463007
151 46 64 128 0.643905
152 46 64 128 0.673898
153 46 64 128 0.632201
154 46 64 128 0.532065
155 46 64 128 0.368231
156 46 64 128 0.320653
157 46 64 128 0.218398
158 46 64 128 0.122742
159 46 64 128 0.0429198
160 46 64 128 0.0135856
148 47 64 128 0.022268
149 47 64 128 0.089635
150 47 64 128 0.228048
151 47 64 128 0.395598
152 47 64 128 0.377105
153 47 64 128 0.385811
154 47 64 128 0.272961
155 47 64 128 0.182141
156 47 64 128 0.157161
157 47 64 128 0.121398
158 47 64 128 0.0738985
159 47 64 128 0.0318772
148 48 64 128 0.0144881
149 48 64 128 0.0559514
150 48 64 128 0.140063
151 48 64 128 0.238245
152 48 64 128 0.241144
153 48 64 128 0.224736
154 48 64 128 0.168028
155 48 64 128 0.101682
156 48 64 128 0.107981
157 48 64 128 0.0745376
158 48 64 128 0.0371926
159 48 64 128 0.0164299
149 49 64 128 0.0256758
150 49 64 128 0.062263
151 49 64 128 0.119946
152 49 64 128 0.100425
153 49 64 128 0.109787
154 49 64 128 0.0779286
155 49 64 128 0.0608953
156 49 64 128 0.0544006
157 49 64 128 0.0536796
158 49 64 128 0.0263594
159 49 64 128 0.0151202
149 50 64 128 0.0108891
150 50 64 128 0.0244196
151 50 64 128 0.0434077
152 50 64 128 0.0437357
153 50 64 128 0.036987
154 50 64 128 0.0324904
155 50 64 128 0.0240193
156 50 64 128 0.0249472
157 50 64 128 0.0243512
158 50 64 128 0.0130906
150 51 64 128 0.0132365
151 51 64 128 0.0262501
152 51 64 128 0.0265536
153 51 64 128 0.0309124
154 51 64 128 0.0264068
155 51 64 128 0.0260056
156 51 64 128 0.0216214
157 51 64 128 0.0215919
158 51 64 128 0.0136801
151 52 64 128 0.0158511
152 52 64 128 0.0202599
153 52 64 128 0.0229099
154 52 64 128 0.0230813
155 52 64 128 0.019485
156 52 64 128 0.0241366
157 52 64 128 0.0245733
158 52 64 128 0.0145771
152 53 64 128 0.0108573
153 53 64 128 0.015376
154 53 64 128 0.0148523
155 53 64 128 0.0184128
156 53 64 128 0.0217441
157 53 64 128 0.0300327
158 53 64 128 0.0159672
95 54 64 128 0.010281
97 54 64 128 0.011566
154 54 64 128 0.0109166
155 54 64 128 0.0141317
156 54 64 128 0.0188417
157 54 64 128 0.0229409
158 54 64 128 0.0131813
88 55 64 128 0.0122276
89 55 64 128 0.016773
90 55 64 128 0.0131066
91 55 64 128 0.0102791
92 55 64 128 0.0111242
93 55 64 128 0.0124504
94 55 64 128 0.0114723
95 55 64 128 0.010529
96 55 64 128 0.0111375
97 55 64 128 0.0135119
98 55 64 128 0.0116131
155 55 64 128 0.0128466
156 55 64 128 0.0156073
157 55 64 128 0.0197388
158 55 64 128 0.0132388
86 56 64 128 0.0116651
87 56 64 128 0.0156334
88 56 64 128 0.0213412
89 56 64 128 0.0242182
90 56 64 128 0.0306904
91 56 64 128 0.023032
92 56 64 128 0.0199413
93 56 64 128 0.0231292
94 56 64 128 0.0214738
95 56 64 128 0.0220608
96 56 64 128 0.0191788
97 56 64 128 0.0204792
98 56 64 128 0.0155946
99 56 64 128 0.0101049
155 56 64 128 0.0121445
156 56 64 128 0.0160013
157 56 64 128 0.0202962
158 56 64 128 0.0146798
159 56 64 128 0.0109418
82 57 64 128 0.0103828
83 57 64 128 0.0125973
84 57 64 128 0.0175316
85 57 64 128 0.0200419
86 57 64 128 0.024722
87 57 64 128 0.027843
88 57 64 128 0.0380977
89 57 64 128 0.0397534
90 57 64 128 0.035134
91 57 64 128 0.030358
92 57 64 128 0.0243529
93 57 64 128 0.0213098
94 57 64 128 0.0188383
95 57 64 128 0.0176732
96 57 64 128 0.0150976
97 57 64 128 0.0165932
98 57 64 128 0.0125432
155 57 64 128 0.0109066
156 57 64 128 0.0158217
157 57 64 128 0.0223694
158 57 64 128 0.0167045
159 57 64 128 0.0160866
160 57 64 128 0.0114833
161 57 64 128 0.0105472
81 58 64 128 0.0116052
82 58 64 128 0.0202339
83 58 64 128 0.0246309
84 58 64 128 0.0306573
85 58 64 128 0.0358854
86 58 64 128 0.0444701
87 58 64 128 0.0517942
88 58 64 128 0.0621618
89 58 64 128 0.0679424
90 58 64 128 0.0560542
91 58 64 128 0.0514969
92 58 64 128 0.0477544
93 58 64 128 0.0369865
94 58 64 128 0.0284325
95 58 64 128 0.0236221
96 58 64 128 0.0202764
97 58 64 128 0.0180888
98 58 64 128 0.0144227
155 58 64 128 0.0137034
156 58 64 128 0.0217817
157 58 64 128 0.0321023
158 58 64 128 0.0269151
159 58 64 128 0.0274735
160 58 64 128 0.0184282
161 58 64 128 0.0198692
162 58 64 128 0.0109117
81 59 64 128 0.0199475
82 59 64 128 0.0312568
83 59 64 128 0.0436668
84 59 64 128 0.0570093
85 59 64 128 0.071702
86 59 64 128 0.0929579
87 59 64 128 0.100274
88 59 64 128 0.116591
89 59 64 128 0.139586
90 59 64 128 0.112979
91 59 64 128 0.0834637
92 59 64 128 0.0687675
93 59 64 128 0.0553918
94 59 64 128 0.0384186
95 59 64 128 0.0260828
96 59 64 128 0.0241241
97 59 64 128 0.0234463
98 59 64 128 0.0195501
99 59 64 128 0.0120887
156 59 64 128 0.0131367
157 59 64 128 0.0218395
158 59 64 128 0.0242743
159 59 64 128 0.0297076
160 59 64 128 0.0269127
161 59 64 128 0.0346734
162 59 64 128 0.0248283
163 59 64 128 0.0147887
80 60 64 128 0.0105908
81 60 64 128 0.0249802
82 60 64 128 0.0545913
83 60 64 128 0.0703261
84 60 64 128 0.0874576
85 60 64 128 0.116302
86 60 64 128 0.146313
87 60 64 128 0.199692
88 60 64 128 0.223398
89 60 64 128 0.254078
90 60 64 128 0.239727
91 60 64 128 0.166737
92 60 64 128 0.123022
93 60 64 128 0.0912896
94 60 64 128 0.0560644
95 60 64 128 0.0334017
96 60 64 128 0.0251388
97 60 64 128 0.0221806
98 60 64 128 0.0179065
99 60 64 128 0.0109559
156 60 64 128 0.0125052
157 60 64 128 0.0253081
158 60 64 128 0.0295414
159 60 64 128 0.0412696
160 60 64 128 0.0426115
161 60 64 128 0.0585992
162 60 64 128 0.0468607
163 60 64 128 0.031779
164 60 64 128 0.0118702
80 61 64 128 0.0108272
81 61 64 128 0.0239992
82 61 64 128 0.0575203
83 61 64 128 0.0927874
84 61 64 128 0.147425
85 61 64 128 0.19598
86 61 64 128 0.221944
87 61 64 128 0.273666
88 61 64 128 0.306313
89 61 64 128 0.323896
90 61 64 128 0.274029
91 61 64 128 0.219708
92 61 64 128 0.145757
93 61 64 128 0.0985687
94 61 64 128 0.0562931
95 61 64 128 0.02899
96 61 64 128 0.0196672
97 61 64 128 0.0168758
98 61 64 128 0.0128298
156 61 64 128 0.0122084
157 61 64 128 0.0291088
158 61 64 128 0.0334961
159 61 64 128 0.0449639
160 61 64 128 0.0571135
161 61 64 128 0.080675
162 61 64 128 0.0654831
163 61 64 128 0.0385378
164 61 64 128 0.0152686
81 62 64 128 0.0173346
82 62 64 128 0.0415125
83 62 64 128 0.0773071
84 62 64 128 0.123006
85 62 64 128 0.166101
86 62 64 128 0.226714
87 62 64 128 0.274796
88 62 64 128 0.323697
89 62 64 128 0.353706
90 62 64 128 0.363239
91 62 64 128 0.273905
92 62 64 128 0.216958
93 62 64 128 0.130456
94 62 64 128 0.0750509
95 62 64 128 0.0343893
96 62 64 128 0.0213362
97 62 64 128 0.0145566
98 62 64 128 0.0102772
156 62 64 128 0.0134927
157 62 64 128 0.0324906
158 62 64 128 0.0471409
159 62 64 128 0.0706386
160 62 64 128 0.0857035
161 62 64 128 0.111733
162 62 64 128 0.0985245
163 62 64 128 0.0650303
164 62 64 128 0.0278089
82 63 64 128 0.0203344
83 63 64 128 0.0473302
84 63 64 128 0.101517
85 63 64 128 0.15781
86 63 64 128 0.240505
87 63 64 128 0.295403
88 63 64 128 0.384185
89 63 64 128 0.447471
90 63 64 128 0.443014
91 63 64 128 0.347406
92 63 64 128 0.278413
93 63 64 128 0.162227
94 63 64 128 0.0869426
95 63 64 128 0.0388054
96 63 64 128 0.0206025
97 63 64 128 0.0140993
156 63 64 128 0.012135
157 63 64 128 0.0345262
158 63 64 128 0.0542762
159 63 64 128 0.0822834
160 63 64 128 0.122835
161 63 64 128 0.197814
162 63 64 128 0.193539
163 63 64 128 0.130164
164 63 64 128 0.0521884
165 63 64 128 0.0171499
184 63 64 128 0.011764
185 63 64 128 0.010304
82 64 64 128 0.0110169
83 64 64 128 0.0250442
84 64 64 128 0.0676167
85 64 64 128 0.106312
86 64 64 128 0.205739
87 64 64 128 0.300727
88 64 64 128 0.37395
89 64 64 128 0.455583
90 64 64 128 0.474484
91 64 64 128 0.379574
92 64 64 128 0.271959
93 64 64 128 0.178057
94 64 64 128 0.0836056
95 64 64 128 0.0344153
96 64 64 128 0.0190395
97 64 64 128 0.0125896
157 64 64 128 0.0278043
158 64 64 128 0.0500179
159 64 64 128 0.0856704
160 64 64 128 0.122864
161 64 64 128 0.180108
162 64 64 128 0.187307
163 64 64 128 0.131339
164 64 64 128 0.0565803
165 64 64 128 0.0152763
83 65 64 128 0.016174
84 65 64 128 0.0426358
85 65 64 128 0.0887541
86 65 64 128 0.143948
87 65 64 128 0.23619
88 65 64 128 0.363381
89 65 64 128 0.457475
90 65 64 128 0.465213
91 65 64 128 0.368386
92 65 64 128 0.246566
93 65 64 128 0.139147
94 65 64 128 0.0751139
95 65 64 128 0.0281932
96 65 64 128 0.0139116
157 65 64 128 0.0228578
158 65 64 128 0.0387097
159 65 64 128 0.05922
160 65 64 128 0.0942006
161 65 64 128 0.142663
162 65 64 128 0.165718
163 65 64 128 0.1281
164 65 64 128 0.0481224
165 65 64 128 0.0139971
84 66 64 128 0.0146423
85 66 64 128 0.0361238
86 66 64 128 0.0818557
87 66 64 128 0.142182
88 66 64 128 0.258278
89 66 64 128 0.348393
90 66 64 128 0.410955
91 66 64 128 0.341015
92 66 64 128 0.258286
93 66 64 128 0.162267
94 66 64 128 0.093509
95 66 64 128 0.0364659
96 66 64 128 0.0179524
157 66 64 128 0.0129656
158 66 64 128 0.0268336
159 66 64 128 0.0430863
160 66 64 128 0.0627504
161 66 64 128 0.108596
162 66 64 128 0.117916
163 66 64 128 0.0835099
164 66 64 128 0.0327938
85 67 64 128 0.0166191
86 67 64 128 0.0382808
87 67 64 128 0.088621
88 67 64 128 0.166714
89 67 64 128 0.294569
90 67 64 128 0.332692
91 67 64 128 0.320349
92 67 64 128 0.257389
93 67 64 128 0.161172
94 67 64 128 0.0960233
95 67 64 128 0.0420814
96 67 64 128 0.0184666
97 67 64 128 0.0114111
158 67 64 128 0.014713
159 67 64 128 0.0224976
160 67 64 128 0.038989
161 67 64 128 0.0786385
162 67 64 128 0.0932804
163 67 64 128 0.0718697
164 67 64 128 0.0305625
86 68 64 128 0.0177381
87 68 64 128 0.0467464
88 68 64 128 0.114585
89 68 64 128 0.192722
90 68 64 128 0.285018
91 68 64 128 0.257642
92 68 64 128 0.217251
93 68 64 128 0.146301
94 68 64 128 0.0958129
95 68 64 128 0.0459348
96 68 64 128 0.0248799
97 68 64 128 0.0141642
159 68 64 128 0.0155358
160 68 64 128 0.0265663
161 68 64 128 0.0544093
162 68 64 128 0.0607473
163 68 64 128 0.0515602
164 68 64 128 0.0235656
86 69 64 128 0.0118561
87 69 64 128 0.0356711
88 69 64 128 0.094393
89 69 64 128 0.198425
90 69 64 128 0.254024
91 69 64 128 0.225685
92 69 64 128 0.199837
93 69 64 128 0.131401
94 69 64 128 0.0955436
95 69 64 128 0.0443098
96 69 64 128 0.0258665
97 69 64 128 0.0142598
160 69 64 128 0.0161535
161 69 64 128 0.0305614
162 69 64 128 0.0456142
163 69 64 128 0.038278
164 69 64 128 0.0219077
87 70 64 128 0.0248374
88 70 64 128 0.080028
89 70 64 128 0.155688
90 70 64 128 0.23322
91 70 64 128 0.221312
92 70 64 128 0.20207
93 70 64 128 0.167671
94 70 64 128 0.128899
95 70 64 128 0.0610529
96 70 64 128 0.0384411
97 70 64 128 0.0197951
160 70 64 128 0.0133847
161 70 64 128 0.0267843
162 70 64 128 0.0321039
163 70 64 128 0.0302131
164 70 64 128 0.0191411
87 71 64 128 0.0175005
88 71 64 128 0.0602737
89 71 64 128 0.133362
90 71 64 128 0.176194
91 71 64 128 0.195643
92 71 64 128 0.199292
93 71 64 128 0.152955
94 71 64 128 0.109603
95 71 64 128 0.0627345
96 71 64 128 0.039403
97 71 64 128 0.0241252
98 71 64 128 0.0116055
161 71 64 128 0.0173923
162 71 64 128 0.026398
163 71 64 128 0.0220885
164 71 64 128 0.0133391
87 72 64 128 0.0126092
88 72 64 128 0.0478025
89 72 64 128 0.0971551
90 72 64 128 0.155392
91 72 64 128 0.178178
92 72 64 128 0.175221
93 72 64 128 0.14568
94 72 64 128 0.124637
95 72 64 128 0.0716393
96 72 64 128 0.0522792
97 72 64 128 0.0322117
98 72 64 128 0.015806
161 72 64 128 0.0173623
162 72 64 128 0.0232539
163 72 64 128 0.0240444
164 72 64 128 0.0151463
87 73 64 128 0.0127002
88 73 64 128 0.053183
89 73 64 128 0.124755
90 73 64 128 0.182783
91 73 64 128 0.163147
92 73 64 128 0.181852
93 73 64 128 0.168326
94 73 64 128 0.147042
95 73 64 128 0.0942333
96 73 64 128 0.0727503
97 73 64 128 0.0508582
98 73 64 128 0.0224183
161 73 64 128 0.0125915
162 73 64 128 0.0172718
163 73 64 128 0.0174358
164 73 64 128 0.0118754
87 74 64 128 0.0104196
88 74 64 128 0.0501324
89 74 64 128 0.118126
90 74 64 128 0.193301
91 74 64 128 0.187042
92 74 64 128 0.213977
93 74 64 128 0.222463
94 74 64 128 0.205166
95 74 64 128 0.134874
96 74 64 128 0.119967
97 74 64 128 0.0815475
98 74 64 128 0.042936
99 74 64 128 0.0182056
100 74 64 128 0.0101356
160 74 64 128 0.0122905
161 74 64 128 0.0163971
162 74 64 128 0.0203479
163 74 64 128 0.0194362
164 74 64 128 0.0147975
88 75 64 128 0.0458706
89 75 64 128 0.112906
90 75 64 128 0.191707
91 75 64 128 0.192313
92 75 64 128 0.207659
93 75 64 128 0.191688
94 75 64 128 0.186432
95 75 64 128 0.138247
96 75 64 128 0.118422
97 75 64 128 0.0881485
98 75 64 128 0.0493399
99 75 64 128 0.0231505
100 75 64 128 0.016678
101 75 64 128 0.0102581
160 75 64 128 0.0107541
161 75 64 128 0.0138261
162 75 64 128 0.0189904
163 75 64 128 0.0141771
88 76 64 128 0.0498618
89 76 64 128 0.108974
90 76 64 128 0.188162
91 76 64 128 0.204065
92 76 64 128 0.201428
93 76 64 128 0.160795
94 76 64 128 0.153234
95 76 64 128 0.122965
96 76 64 128 0.125372
97 76 64 128 0.0914502
98 76 64 128 0.0532057
99 76 64 128 0.0235221
100 76 64 128 0.0160283
101 76 64 128 0.0115717
134 76 64 128 0.0123917
135 76 64 128 0.0119439
158 76 64 128 0.011747
159 76 64 128 0.014424
160 76 64 128 0.0205897
161 76 64 128 0.0227613
162 76 64 128 0.0236337
163 76 64 128 0.0194803
164 76 64 128 0.0126622
87 77 64 128 0.0102147
88 77 64 128 0.0378302
89 77 64 128 0.0917021
90 77 64 128 0.158003
91 77 64 128 0.146242
92 77 64 128 0.154594
93 77 64 128 0.113341
94 77 64 128 0.104598
95 77 64 128 0.0876485
96 77 64 128 0.095938
97 77 64 128 0.0857272
98 77 64 128 0.04237
99 77 64 128 0.019611
100 77 64 128 0.0137765
101 77 64 128 0.0123571
126 77 64 128 0.0100246
127 77 64 128 0.0150666
128 77 64 128 0.0124166
129 77 64 128 0.0102095
130 77 64 128 0.0116644
131 77 64 128 0.0130246
132 77 64 128 0.0123906
133 77 64 128 0.0111641
134 77 64 128 0.0119401
135 77 64 128 0.012347
157 77 64 128 0.0103756
158 77 64 128 0.0132801
159 77 64 128 0.0130591
160 77 64 128 0.0168976
161 77 64 128 0.0205195
162 77 64 128 0.0194508
163 77 64 128 0.0144579
88 78 64 128 0.0340607
89 78 64 128 0.0644833
90 78 64 128 0.111183
91 78 64 128 0.107129
92 78 64 128 0.116111
93 78 64 128 0.0880872
94 78 64 128 0.0881051
95 78 64 128 0.0748618
96 78 64 128 0.0903072
97 78 64 128 0.0851485
98 78 64 128 0.0506367
99 78 64 128 0.0261121
100 78 64 128 0.0175079
101 78 64 128 0.0145104
102 78 64 128 0.0118827
124 78 64 128 0.0138922
125 78 64 128 0.0259594
126 78 64 128 0.0363812
127 78 64 128 0.0494975
128 78 64 128 0.0407296
129 78 64 128 0.0347182
130 78 64 128 0.0408077
131 78 64 128 0.0376545
132 78 64 128 0.0350077
133 78 64 128 0.0306401
134 78 64 128 0.0371571
135 78 64 128 0.0377488
136 78 64 128 0.0292521
137 78 64 128 0.0161819
138 78 64 128 0.0152451
139 78 64 128 0.010484
157 78 64 128 0.0105301
158 78 64 128 0.0154685
159 78 64 128 0.0159617
160 78 64 128 0.0206097
161 78 64 128 0.0221005
162 78 64 128 0.0221977
163 78 64 128 0.0181328
164 78 64 128 0.0126663
88 79 64 128 0.0190744
89 79 64 128 0.0409555
90 79 64 128 0.0718294
91 79 64 128 0.0628728
92 79 64 128 0.0659289
93 79 64 128 0.0486311
94 79 64 128 0.0498027
95 79 64 128 0.0430306
96 79 64 128 0.0477944
97 79 64 128 0.047872
98 79 64 128 0.0350055
99 79 64 128 0.0218727
100 79 64 128 0.0153523
101 79 64 128 0.0146431
102 79 64 128 0.0134956
103 79 64 128 0.0133943
104 79 64 128 0.0113323
105 79 64 128 0.013562
106 79 64 128 0.0106936
107 79 64 128 0.0103882
109 79 64 128 0.012934
123 79 64 128 0.010016
124 79 64 128 0.0170558
125 79 64 128 0.0395893
126 79 64 128 0.0601841
127 79 64 128 0.0860921
128 79 64 128 0.0759672
129 79 64 128 0.0591036
130 79 64 128 0.0638932
131 79 64 128 0.0528809
132 79 64 128 0.043154
133 79 64 128 0.0327513
134 79 64 128 0.0365484
135 79 64 128 0.0321507
136 79 64 128 0.0229847
137 79 64 128 0.0125005
138 79 64 128 0.0117041
160 79 64 128 0.0100777
161 79 64 128 0.011701
162 79 64 128 0.0129822
88 80 64 128 0.0151399
89 80 64 128 0.027797
90 80 64 128 0.0446126
91 80 64 128 0.0372061
92 80 64 128 0.0327934
93 80 64 128 0.0240971
94 80 64 128 0.0215845
95 80 64 128 0.0213698
96 80 64 128 0.0216061
97 80 64 128 0.0216496
98 80 64 128 0.0152862
99 80 64 128 0.0128655
125 80 64 128 0.0140544
126 80 64 128 0.0239448
127 80 64 128 0.0331119
128 80 64 128 0.0279099
129 80 64 128 0.0232158
130 80 64 128 0.0248557
131 80 64 128 0.0173237
132 80 64 128 0.0154904
133 80 64 128 0.0127372
134 80 64 128 0.0164676
135 80 64 128 0.0141702
136 80 64 128 0.0110871
161 80 64 128 0.0102019
162 80 64 128 0.0114538
89 81 64 128 0.0168887
90 81 64 128 0.0258745
91 81 64 128 0.0186362
92 81 64 128 0.0160365
93 81 64 128 0.0110596
97 81 64 128 0.0100611
126 81 64 128 0.0104628
127 81 64 128 0.0130804
128 81 64 128 0.0107782
89 82 64 128 0.0131035
90 82 64 128 0.0165048
91 82 64 128 0.0126038
92 82 64 128 0.0114553
127 82 64 128 0.011302
90 83 64 128 0.012791
91 83 64 128 0.0100499
127 83 64 128 0.0102068
90 84 64 128 0.0117289
166 84 64 128 0.0141298
167 84 64 128 0.0184257
168 84 64 128 0.0167934
169 84 64 128 0.0121485
90 85 64 128 0.0112158
164 85 64 128 0.0106768
165 85 64 128 0.0151195
166 85 64 128 0.0266587
167 85 64 128 0.0283248
168 85 64 128 0.0297847
169 85 64 128 0.0213048
170 85 64 128 0.0152401
90 86 64 128 0.012369
125 86 64 128 0.0120823
126 86 64 128 0.0144997
127 86 64 128 0.0128406
142 86 64 128 0.0137475
143 86 64 128 0.0121977
144 86 64 128 0.0109319
163 86 64 128 0.0114406
164 86 64 128 0.0174795
165 86 64 128 0.0277429
166 86 64 128 0.0470425
167 86 64 128 0.0602833
168 86 64 128 0.0664137
169 86 64 128 0.0505029
170 86 64 128 0.0398167
171 86 64 128 0.0203025
172 86 64 128 0.0107979
124 87 64 128 0.0125067
125 87 64 128 0.0167651
126 87 64 128 0.0170125
127 87 64 128 0.0148948
142 87 64 128 0.0166779
143 87 64 128 0.0171072
144 87 64 128 0.0179368
145 87 64 128 0.0126835
163 87 64 128 0.0144062
164 87 64 128 0.0280853
165 87 64 128 0.0422715
166 87 64 128 0.0800153
167 87 64 128 0.0952056
168 87 64 128 0.109719
169 87 64 128 0.0806647
170 87 64 128 0.0703542
171 87 64 128 0.0345675
172 87 64 128 0.0202399
124 88 64 128 0.0100698
125 88 64 128 0.0145369
126 88 64 128 0.0127002
139 88 64 128 0.0101393
140 88 64 128 0.0143126
141 88 64 128 0.0148808
142 88 64 128 0.0271767
143 88 64 128 0.0299163
144 88 64 128 0.0305889
145 88 64 128 0.021036
146 88 64 128 0.0168994
162 88 64 128 0.0103263
163 88 64 128 0.0213543
164 88 64 128 0.0362386
165 88 64 128 0.0562584
166 88 64 128 0.112576
167 88 64 128 0.157231
168 88 64 128 0.188051
169 88 64 128 0.154605
170 88 64 128 0.11517
171 88 64 128 0.0677751
172 88 64 128 0.0372403
173 88 64 128 0.0153662
97 89 64 128 0.0111133
124 89 64 128 0.0146216
125 89 64 128 0.0190052
126 89 64 128 0.0163476
127 89 64 128 0.01199
138 89 64 128 0.0133679
139 89 64 128 0.020266
140 89 64 128 0.0320589
141 89 64 128 0.0313704
142 89 64 128 0.0451945
143 89 64 128 0.0583685
144 89 64 128 0.0639361
145 89 64 128 0.0411981
146 89 64 128 0.0277601
147 89 64 128 0.0179855
148 89 64 128 0.0123693
149 89 64 128 0.0115303
150 89 64 128 0.0130384
151 89 64 128 0.0137499
162 89 64 128 0.0146874
163 89 64 128 0.0251357
164 89 64 128 0.0499979
165 89 64 128 0.0849526
166 89 64 128 0.146392
167 89 64 128 0.181288
168 89 64 128 0.234287
169 89 64 128 0.190759
170 89 64 128 0.151206
171 89 64 128 0.0813799
172 89 64 128 0.039864
173 89 64 128 0.0167548
97 90 64 128 0.0128645
98 90 64 128 0.0113054
122 90 64 128 0.013434
123 90 64 128 0.0297726
124 90 64 128 0.0420421
125 90 64 128 0.0553747
126 90 64 128 0.0459147
127 90 64 128 0.0321985
128 90 64 128 0.0197369
129 90 64 128 0.0144413
130 90 64 128 0.0145206
131 90 64 128 0.0131758
132 90 64 128 0.0121209
134 90 64 128 0.0137355
135 90 64 128 0.0192545
136 90 64 128 0.0267877
137 90 64 128 0.0345657
138 90 64 128 0.0586067
139 90 64 128 0.092028
140 90 64 128 0.114774
141 90 64 128 0.103877
142 90 64 128 0.128676
143 90 64 128 0.132441
144 90 64 128 0.12123
145 90 64 128 0.0818641
146 90 64 128 0.0518522
147 90 64 128 0.0343227
148 90 64 128 0.020675
149 90 64 128 0.0191026
150 90 64 128 0.0235633
151 90 64 128 0.0253675
152 90 64 128 0.0202393
153 90 64 128 0.0120919
162 90 64 128 0.0162752
163 90 64 128 0.0315882
164 90 64 128 0.053444
165 90 64 128 0.0884002
166 90 64 128 0.176067
167 90 64 128 0.222711
168 90 64 128 0.255018
169 90 64 128 0.217707
170 90 64 128 0.188653
171 90 64 128 0.0950419
172 90 64 128 0.0504674
173 90 64 128 0.0202558
96 91 64 128 0.0129403
97 91 64 128 0.019018
98 91 64 128 0.0160349
99 91 64 128 0.0153668
121 91 64 128 0.011314
122 91 64 128 0.0292767
123 91 64 128 0.0616991
124 91 64 128 0.0980742
125 91 64 128 0.108467
126 91 64 128 0.0903353
127 91 64 128 0.0719023
128 91 64 128 0.0456035
129 91 64 128 0.0377685
130 91 64 128 0.0379326
131 91 64 128 0.034936
132 91 64 128 0.0308517
133 91 64 128 0.0233602
134 91 64 128 0.0304408
135 91 64 128 0.0354584
136 91 64 128 0.054298
137 91 64 128 0.053122
138 91 64 128 0.0787794
139 91 64 128 0.0983082
140 91 64 128 0.124765
141 91 64 128 0.093912
142 91 64 128 0.120677
143 91 64 128 0.126869
144 91 64 128 0.113295
145 91 64 128 0.0892559
146 91 64 128 0.0546275
147 91 64 128 0.0364925
148 91 64 128 0.0255951
149 91 64 128 0.0300927
150 91 64 128 0.0351913
151 91 64 128 0.0400379
152 91 64 128 0.0426782
153 91 64 128 0.0258021
154 91 64 128 0.0171201
155 91 64 128 0.0124399
162 91 64 128 0.0163562
163 91 64 128 0.028683
164 91 64 128 0.0486936
165 91 64 128 0.0701431
166 91 64 128 0.143084
167 91 64 128 0.181586
168 91 64 128 0.230487
169 91 64 128 0.220085
170 91 64 128 0.165772
171 91 64 128 0.0770788
172 91 64 128 0.040293
173 91 64 128 0.0157763
96 92 64 128 0.0126594
97 92 64 128 0.0191212
98 92 64 128 0.0172209
99 92 64 128 0.0146142
100 92 64 128 0.010118
107 92 64 128 0.0103158
121 92 64 128 0.0166751
122 92 64 128 0.0466343
123 92 64 128 0.0878448
124 92 64 128 0.126476
125 92 64 128 0.145341
126 92 64 128 0.125964
127 92 64 128 0.0986711
128 92 64 128 0.0686664
129 92 64 128 0.062159
130 92 64 128 0.0696087
131 92 64 128 0.0737443
132 92 64 128 0.0715031
133 92 64 128 0.0504258
134 92 64 128 0.075421
135 92 64 128 0.0932972
136 92 64 128 0.107908
137 92 64 128 0.108604
138 92 64 128 0.146896
139 92 64 128 0.181901
140 92 64 128 0.180863
141 92 64 128 0.138441
142 92 64 128 0.151479
143 92 64 128 0.128671
144 92 64 128 0.108896
145 92 64 128 0.076029
146 92 64 128 0.0463487
147 92 64 128 0.0311493
148 92 64 128 0.0255017
149 92 64 128 0.0271852
150 92 64 128 0.0391752
151 92 64 128 0.0400111
152 92 64 128 0.0438031
153 92 64 128 0.0278773
154 92 64 128 0.02151
155 92 64 128 0.0156819
156 92 64 128 0.0120148
162 92 64 128 0.0111337
163 92 64 128 0.0200337
164 92 64 128 0.0372527
165 92 64 128 0.0541534
166 92 64 128 0.110815
167 92 64 128 0.154417
168 92 64 128 0.202402
169 92 64 128 0.172815
170 92 64 128 0.12531
171 92 64 128 0.0719062
172 92 64 128 0.0358332
173 92 64 128 0.011908
96 93 64 128 0.0149787
97 93 64 128 0.0253821
98 93 64 128 0.0248571
99 93 64 128 0.0243196
100 93 64 128 0.0195464
101 93 64 128 0.0194239
102 93 64 128 0.0160925
103 93 64 128 0.0187183
104 93 64 128 0.020915
105 93 64 128 0.0277637
106 93 64 128 0.0326466
107 93 64 128 0.0349207
108 93 64 128 0.0245791
109 93 64 128 0.0191077
110 93 64 128 0.0112582
120 93 64 128 0.0154758
121 93 64 128 0.0364097
122 93 64 128 0.0947397
123 93 64 128 0.209843
124 93 64 128 0.281815
125 93 64 128 0.33128
126 93 64 128 0.333756
127 93 64 128 0.350596
128 93 64 128 0.279025
129 93 64 128 0.246261
130 93 64 128 0.27835
131 93 64 128 0.29707
132 93 64 128 0.267882
133 93 64 128 0.216782
134 93 64 128 0.250462
135 93 64 128 0.25972
136 93 64 128 0.27169
137 93 64 128 0.241505
138 93 64 128 0.23652
139 93 64 128 0.239578
140 93 64 128 0.224182
141 93 64 128 0.158541
142 93 64 128 0.145351
143 93 64 128 0.125315
144 93 64 128 0.10844
145 93 64 128 0.0782488
146 93 64 128 0.0559669
147 93 64 128 0.0457433
148 93 64 128 0.037203
149 93 64 128 0.0463072
150 93 64 128 0.0615961
151 93 64 128 0.0732609
152 93 64 128 0.0646905
153 93 64 128 0.0545952
154 93 64 128 0.0339996
155 93 64 128 0.0213035
156 93 64 128 0.0146169
163 93 64 128 0.0134341
164 93 64 128 0.0227456
165 93 64 128 0.0374085
166 93 64 128 0.0775282
167 93 64 128 0.109666
168 93 64 128 0.136875
169 93 64 128 0.1206
170 93 64 128 0.0863317
171 93 64 128 0.0427873
172 93 64 128 0.0200644
96 94 64 128 0.0164619
97 94 64 128 0.0289565
98 94 64 128 0.0336136
99 94 64 128 0.0337848
100 94 64 128 0.032841
101 94 64 128 0.030625
102 94 64 128 0.0258077
103 94 64 128 0.0289656
104 94 64 128 0.031504
105 94 64 128 0.0416256
106 94 64 128 0.0419188
107 94 64 128 0.0424985
108 94 64 128 0.0273743
109 94 64 128 0.0187619
110 94 64 128 0.0114622
119 94 64 128 0.0117271
120 94 64 128 0.0258934
121 94 64 128 0.0555995
122 94 64 128 0.136101
123 94 64 128 0.286296
124 94 64 128 0.389806
125 94 64 128 0.455287
126 94 64 128 0.473163
127 94 64 128 0.500885
128 94 64 128 0.428038
129 94 64 128 0.405504
130 94 64 128 0.454351
131 94 64 128 0.510983
132 94 64 128 0.479238
133 94 64 128 0.38943
134 94 64 128 0.436087
135 94 64 128 0.445768
136 94 64 128 0.410457
137 94 64 128 0.338787
138 94 64 128 0.308459
139 94 64 128 0.308512
140 94 64 128 0.232042
141 94 64 128 0.161169
142 94 64 128 0.148013
143 94 64 128 0.120367
144 94 64 128 0.102586
145 94 64 128 0.0783024
146 94 64 128 0.0610574
147 94 64 128 0.0626474
148 94 64 128 0.0522786
149 94 64 128 0.0544843
150 94 64 128 0.0781949
151 94 64 128 0.103929
152 94 64 128 0.108321
153 94 64 128 0.0779027
154 94 64 128 0.050788
155 94 64 128 0.0355002
156 94 64 128 0.0198293
157 94 64 128 0.0108551
164 94 64 128 0.0128314
165 94 64 128 0.0225585
166 94 64 128 0.0459102
167 94 64 128 0.0712511
168 94 64 128 0.0905387
169 94 64 128 0.0717749
170 94 64 128 0.0572311
171 94 64 128 0.0307563
172 94 64 128 0.0161115
69 95 64 128 0.0130027
70 95 64 128 0.0184161
71 95 64 128 0.0116592
96 95 64 128 0.0166182
97 95 64 128 0.0307369
98 95 64 128 0.0384073
99 95 64 128 0.0496842
100 95 64 128 0.0517475
101 95 64 128 0.0482279
102 95 64 128 0.0453133
103 95 64 128 0.0590508
104 95 64 128 0.0625483
105 95 64 128 0.0770472
106 95 64 128 0.0749308
107 95 64 128 0.0699672
108 95 64 128 0.0417696
109 95 64 128 0.0266677
110 95 64 128 0.0140389
120 95 64 128 0.0222196
121 95 64 128 0.0525005
122 95 64 128 0.140755
123 95 64 128 0.318982
124 95 64 128 0.437432
125 95 64 128 0.518647
126 95 64 128 0.576738
127 95 64 128 0.660269
128 95 64 128 0.62293
129 95 64 128 0.633993
130 95 64 128 0.673247
131 95 64 128 0.696215
132 95 64 128 0.618757
133 95 64 128 0.535809
134 95 64 128 0.514763
135 95 64 128 0.482944
136 95 64 128 0.468885
137 95 64 128 0.326999
138 95 64 128 0.293849
139 95 64 128 0.244146
140 95 64 128 0.168261
141 95 64 128 0.0970874
142 95 64 128 0.0860749
143 95 64 128 0.0791713
144 95 64 128 0.0711305
145 95 64 128 0.06279
146 95 64 128 0.0585188
147 95 64 128 0.056137
148 95 64 128 0.0492557
149 95 64 128 0.0615715
150 95 64 128 0.111931
151 95 64 128 0.156624
152 95 64 128 0.165717
153 95 64 128 0.109851
154 95 64 128 0.0636953
155 95 64 128 0.0322528
156 95 64 128 0.0176008
165 95 64 128 0.01207
166 95 64 128 0.022823
167 95 64 128 0.038355
168 95 64 128 0.0499815
169 95 64 128 0.0391581
170 95 64 128 0.0263076
171 95 64 128 0.0156659
68 96 64 128 0.0123866
69 96 64 128 0.0258924
70 96 64 128 0.0348011
71 96 64 128 0.0230699
72 96 64 128 0.015919
96 96 64 128 0.011509
97 96 64 128 0.0204994
98 96 64 128 0.0299423
99 96 64 128 0.03766
100 96 64 128 0.044866
101 96 64 128 0.0408248
102 96 64 128 0.0366334
103 96 64 128 0.0413261
104 96 64 128 0.0419177
105 96 64 128 0.0453994
106 96 64 128 0.0444445
107 96 64 128 0.0351093
108 96 64 128 0.0209611
109 96 64 128 0.0127567
121 96 64 128 0.0260044
122 96 64 128 0.0681759
123 96 64 128 0.166859
124 96 64 128 0.247077
125 96 64 128 0.33799
126 96 64 128 0.41651
127 96 64 128 0.511607
128 96 64 128 0.526967
129 96 64 128 0.536309
130 96 64 128 0.638636
131 96 64 128 0.642093
132 96 64 128 0.590334
133 96 64 128 0.485675
134 96 64 128 0.488573
135 96 64 128 0.432034
136 96 64 128 0.355304
137 96 64 128 0.248499
138 96 64 128 0.209233
139 96 64 128 0.181034
140 96 64 128 0.115859
141 96 64 128 0.0647066
142 96 64 128 0.0632398
143 96 64 128 0.0579699
144 96 64 128 0.0514295
145 96 64 128 0.0424347
146 96 64 128 0.0523843
147 96 64 128 0.0483249
148 96 64 128 0.0450946
149 96 64 128 0.0596938
150 96 64 128 0.112392
151 96 64 128 0.140742
152 96 64 128 0.144093
153 96 64 128 0.0961188
154 96 64 128 0.0480542
155 96 64 128 0.0241046
156 96 64 128 0.0131204
166 96 64 128 0.0105364
167 96 64 128 0.0178834
168 96 64 128 0.0221731
169 96 64 128 0.018124
170 96 64 128 0.0124137
68 97 64 128 0.0138806
69 97 64 128 0.0269845
70 97 64 128 0.0405773
71 97 64 128 0.0328717
72 97 64 128 0.0187155
96 97 64 128 0.0103028
97 97 64 128 0.0227743
98 97 64 128 0.0347428
99 97 64 128 0.0510998
100 97 64 128 0.0588442
101 97 64 128 0.055977
102 97 64 128 0.0519488
103 97 64 128 0.0575957
104 97 64 128 0.0638481
105 97 64 128 0.0663753
106 97 64 128 0.0603137
107 97 64 128 0.0471185
108 97 64 128 0.0259666
109 97 64 128 0.0140732
121 97 64 128 0.0272185
122 97 64 128 0.0785207
123 97 64 128 0.189013
124 97 64 128 0.304513
125 97 64 128 0.435534
126 97 64 128 0.53004
127 97 64 128 0.679304
128 97 64 128 0.712351
129 97 64 128 0.743106
130 97 64 128 0.783419
131 97 64 128 0.787145
132 97 64 128 0.721792
133 97 64 128 0.632264
134 97 64 128 0.605465
135 97 64 128 0.536476
136 97 64 128 0.426869
137 97 64 128 0.303622
138 97 64 128 0.226337
139 97 64 128 0.158832
140 97 64 128 0.101414
141 97 64 128 0.0637204
142 97 64 128 0.0562451
143 97 64 128 0.0533818
144 97 64 128 0.0505717
145 97 64 128 0.0451625
146 97 64 128 0.0531856
147 97 64 128 0.0446156
148 97 64 128 0.0514593
149 97 64 128 0.0680903
150 97 64 128 0.097877
151 97 64 128 0.118173
152 97 64 128 0.11181
153 97 64 128 0.0735329
154 97 64 128 0.030868
155 97 64 128 0.0127675
68 98 64 128 0.0130054
69 98 64 128 0.0242379
70 98 64 128 0.0384266
71 98 64 128 0.0350191
72 98 64 128 0.0236403
73 98 64 128 0.012217
97 98 64 128 0.0183659
98 98 64 128 0.0351055
99 98 64 128 0.0483175
100 98 64 128 0.0608824
101 98 64 128 0.0592892
102 98 64 128 0.0468972
103 98 64 128 0.0496412
104 98 64 128 0.0544627
105 98 64 128 0.0609605
106 98 64 128 0.0483345
107 98 64 128 0.0407144
108 98 64 128 0.0205099
109 98 64 128 0.0115544
121 98 64 128 0.0291455
122 98 64 128 0.0769051
123 98 64 128 0.177324
124 98 64 128 0.267478
125 98 64 128 0.374998
126 98 64 128 0.48381
127 98 64 128 0.60042
128 98 64 128 0.650279
129 98 64 128 0.723769
130 98 64 128 0.797161
131 98 64 128 0.795403
132 98 64 128 0.737337
133 98 64 128 0.626275
134 98 64 128 0.617141
135 98 64 128 0.550295
136 98 64 128 0.424876
137 98 64 128 0.30279
138 98 64 128 0.222907
139 98 64 128 0.172575
140 98 64 128 0.107528
141 98 64 128 0.0738686
142 98 64 128 0.0675126
143 98 64 128 0.0640884
144 98 64 128 0.0650071
145 98 64 128 0.0556768
146 98 64 128 0.0702685
147 98 64 128 0.0655016
148 98 64 128 0.0656808
149 98 64 128 0.0850422
150 98 64 128 0.12191
151 98 64 128 0.129493
152 98 64 128 0.112257
153 98 64 128 0.0694428
154 98 64 128 0.0290559
155 98 64 128 0.0128105
69 99 64 128 0.0198809
70 99 64 128 0.0288696
71 99 64 128 0.031047
72 99 64 128 0.023282
73 99 64 128 0.0134253
96 99 64 128 0.0118398
97 99 64 128 0.0242783
98 99 64 128 0.0462587
99 99 64 128 0.0706922
100 99 64 128 0.0926326
101 99 64 128 0.0912342
102 99 64 128 0.0767513
103 99 64 128 0.0704889
104 99 64 128 0.0602931
105 99 64 128 0.0547116
106 99 64 128 0.0382463
107 99 64 128 0.0297497
108 99 64 128 0.0128982
121 99 64 128 0.0236264
122 99 64 128 0.0663685
123 99 64 128 0.157444
124 99 64 128 0.278428
125 99 64 128 0.404639
126 99 64 128 0.525888
127 99 64 128 0.661439
128 99 64 128 0.716626
129 99 64 128 0.802497
130 99 64 128 0.811447
131 99 64 128 0.788969
132 99 64 128 0.713369
133 99 64 128 0.606326
134 99 64 128 0.548157
135 99 64 128 0.515803
136 99 64 128 0.418927
137 99 64 128 0.269911
138 99 64 128 0.196149
139 99 64 128 0.152198
140 99 64 128 0.0999086
141 99 64 128 0.0712023
142 99 64 128 0.0650638
143 99 64 128 0.0722676
144 99 64 128 0.0739251
145 99 64 128 0.0712847
146 99 64 128 0.0813658
147 99 64 128 0.0762336
148 99 64 128 0.0706564
149 99 64 128 0.0936899
150 99 64 128 0.134427
151 99 64 128 0.133379
152 99 64 128 0.098118
153 99 64 128 0.0525438
154 99 64 128 0.0210616
69 100 64 128 0.0126457
70 100 64 128 0.0192002
71 100 64 128 0.0232016
72 100 64 128 0.0200174
73 100 64 128 0.0129696
97 100 64 128 0.016841
98 100 64 128 0.028742
99 100 64 128 0.0413383
100 100 64 128 0.0566695
101 100 64 128 0.0571213
102 100 64 128 0.0469919
103 100 64 128 0.0337178
104 100 64 128 0.0248467
105 100 64 128 0.0176488
106 100 64 128 0.0109329
122 100 64 128 0.0194706
123 100 64 128 0.0456897
124 100 64 128 0.0914053
125 100 64 128 0.156117
126 100 64 128 0.22132
127 100 64 128 0.343819
128 100 64 128 0.425857
129 100 64 128 0.524486
130 100 64 128 0.591528
131 100 64 128 0.573156
132 100 64 128 0.475846
133 100 64 128 0.358018
134 100 64 128 0.34284
135 100 64 128 0.28249
136 100 64 128 0.231324
137 100 64 128 0.158022
138 100 64 128 0.116088
139 100 64 128 0.0904469
140 100 64 128 0.0570359
141 100 64 128 0.0426985
142 100 64 128 0.0443061
143 100 64 128 0.0470291
144 100 64 128 0.0518141
145 100 64 128 0.0585743
146 100 64 128 0.0755546
147 100 64 128 0.0833006
148 100 64 128 0.0780007
149 100 64 128 0.0920354
150 100 64 128 0.126339
151 100 64 128 0.111377
152 100 64 128 0.0722903
153 100 64 128 0.0349032
154 100 64 128 0.0155942
70 101 64 128 0.0141354
71 101 64 128 0.014559
72 101 64 128 0.0139999
73 101 64 128 0.0100761
97 101 64 128 0.0188985
98 101 64 128 0.029646
99 101 64 128 0.0455498
100 101 64 128 0.0534586
101 101 64 128 0.0575333
102 101 64 128 0.0421226
103 101 64 128 0.0326229
104 101 64 128 0.0245365
105 101 64 128 0.0158546
122 101 64 128 0.0176744
123 101 64 128 0.0534454
124 101 64 128 0.0940977
125 101 64 128 0.156022
126 101 64 128 0.204988
127 101 64 128 0.33935
128 101 64 128 0.426301
129 101 64 128 0.478426
130 101 64 128 0.494495
131 101 64 128 0.472621
132 101 64 128 0.360437
133 101 64 128 0.286365
134 101 64 128 0.275456
135 101 64 128 0.268075
136 101 64 128 0.227736
137 101 64 128 0.16529
138 101 64 128 0.122386
139 101 64 128 0.0800495
140 101 64 128 0.0546302
141 101 64 128 0.0470504
142 101 64 128 0.0473924
143 101 64 128 0.0533497
144 101 64 128 0.0670182
145 101 64 128 0.0688228
146 101 64 128 0.0772262
147 101 64 128 0.0785467
148 101 64 128 0.0963715
149 101 64 128 0.108173
150 101 64 128 0.12389
151 101 64 128 0.108998
152 101 64 128 0.0621093
153 101 64 128 0.0285709
154 101 64 128 0.0107171
97 102 64 128 0.0115183
98 102 64 128 0.0198742
99 102 64 128 0.029336
100 102 64 128 0.0316928
101 102 64 128 0.0331826
102 102 64 128 0.0224932
103 102 64 128 0.014837
104 102 64 128 0.0110711
122 102 64 128 0.0101463
123 102 64 128 0.0271056
124 102 64 128 0.0450194
125 102 64 128 0.0784854
126 102 64 128 0.116367
127 102 64 128 0.200467
128 102 64 128 0.267983
129 102 64 128 0.351933
130 102 64 128 0.384483
131 102 64 128 0.388613
132 102 64 128 0.320207
133 102 64 128 0.280026
134 102 64 128 0.275453
135 102 64 128 0.26951
136 102 64 128 0.236221
137 102 64 128 0.201402
138 102 64 128 0.134759
139 102 64 128 0.099504
140 102 64 128 0.0640584
141 102 64 128 0.0516909
142 102 64 128 0.0596936
143 102 64 128 0.0666867
144 102 64 128 0.0853242
145 102 64 128 0.084198
146 102 64 128 0.106471
147 102 64 128 0.105347
148 102 64 128 0.112526
149 102 64 128 0.116001
150 102 64 128 0.144287
151 102 64 128 0.115761
152 102 64 128 0.0592877
153 102 64 128 0.0254709
154 102 64 128 0.0105878
98 103 64 128 0.0168377
99 103 64 128 0.0297231
100 103 64 128 0.0315163
101 103 64 128 0.0268262
102 103 64 128 0.0180954
103 103 64 128 0.0113585
123 103 64 128 0.0166613
124 103 64 128 0.0263496
125 103 64 128 0.0428183
126 103 64 128 0.0565139
127 103 64 128 0.101699
128 103 64 128 0.126555
129 103 64 128 0.176098
130 103 64 128 0.188296
131 103 64 128 0.189833
132 103 64 128 0.142472
133 103 64 128 0.117837
134 103 64 128 0.115311
135 103 64 128 0.124537
136 103 64 128 0.102995
137 103 64 128 0.0705632
138 103 64 128 0.0514282
139 103 64 128 0.0442963
140 103 64 128 0.0269639
141 103 64 128 0.0275337
142 103 64 128 0.0317012
143 103 64 128 0.0392548
144 103 64 128 0.0516218
145 103 64 128 0.0541586
146 103 64 128 0.0611871
147 103 64 128 0.0664573
148 103 64 128 0.0744615
149 103 64 128 0.0766125
150 103 64 128 0.0876756
151 103 64 128 0.0723702
152 103 64 128 0.0300147
153 103 64 128 0.0119514
99 104 64 128 0.0115908
100 104 64 128 0.0154342
101 104 64 128 0.0125973
126 104 64 128 0.0100816
127 104 64 128 0.0155945
128 104 64 128 0.0202085
129 104 64 128 0.0308617
130 104 64 128 0.0353809
131 104 64 128 0.0365515
132 104 64 128 0.0312913
133 104 64 128 0.0269426
134 104 64 128 0.0280251
135 104 64 128 0.02818
136 104 64 128 0.0267733
137 104 64 128 0.020096
138 104 64 128 0.0182929
139 104 64 128 0.0155052
140 104 64 128 0.0111665
141 104 64 128 0.0124067
142 104 64 128 0.0155775
143 104 64 128 0.0186357
144 104 64 128 0.022761
145 104 64 128 0.0269426
146 104 64 128 0.0361772
147 104 64 128 0.0391072
148 104 64 128 0.0389595
149 104 64 128 0.0407933
150 104 64 128 0.0414204
151 104 64 128 0.0249982
152 104 64 128 0.0115521
76 105 64 128 0.0133845
77 105 64 128 0.0123658
99 105 64 128 0.0100315
100 105 64 128 0.0119239
101 105 64 128 0.0101069
127 105 64 128 0.0131546
128 105 64 128 0.0149278
129 105 64 128 0.0203427
130 105 64 128 0.0232346
131 105 64 128 0.0259987
132 105 64 128 0.0226736
133 105 64 128 0.0229712
134 105 64 128 0.025114
135 105 64 128 0.0285431
136 105 64 128 0.0235272
137 105 64 128 0.0187931
138 105 64 128 0.0169981
139 105 64 128 0.0149521
140 105 64 128 0.0117299
141 105 64 128 0.014309
142 105 64 128 0.0164708
143 105 64 128 0.0214117
144 105 64 128 0.0302797
145 105 64 128 0.0382619
146 105 64 128 0.0393877
147 105 64 128 0.0395759
148 105 64 128 0.0447232
149 105 64 128 0.0404369
150 105 64 128 0.0296592
151 105 64 128 0.0167374
74 106 64 128 0.0144575
75 106 64 128 0.0214384
76 106 64 128 0.0355989
77 106 64 128 0.0278483
78 106 64 128 0.0268791
79 106 64 128 0.0140657
100 106 64 128 0.0109408
126 106 64 128 0.0101156
127 106 64 128 0.0134201
128 106 64 128 0.0132161
129 106 64 128 0.0184667
130 106 64 128 0.0200335
131 106 64 128 0.0212503
132 106 64 128 0.0190104
133 106 64 128 0.0192388
134 106 64 128 0.0230697
135 106 64 128 0.0227097
136 106 64 128 0.0213004
137 106 64 128 0.0197919
138 106 64 128 0.0194227
139 106 64 128 0.0178886
140 106 64 128 0.0171895
141 106 64 128 0.01965
142 106 64 128 0.0258974
143 106 64 128 0.0336127
144 106 64 128 0.0472373
145 106 64 128 0.0476904
146 106 64 128 0.0601893
147 106 64 128 0.0519848
148 106 64 128 0.0451398
149 106 64 128 0.0368707
150 106 64 128 0.0255602
151 106 64 128 0.0134498
74 107 64 128 0.0132772
75 107 64 128 0.0236047
76 107 64 128 0.0430322
77 107 64 128 0.0410366
78 107 64 128 0.0366345
79 107 64 128 0.0216077
80 107 64 128 0.013141
100 107 64 128 0.0122059
101 107 64 128 0.013107
124 107 64 128 0.0114843
125 107 64 128 0.0164537
126 107 64 128 0.0189502
127 107 64 128 0.0216055
128 107 64 128 0.0207549
129 107 64 128 0.0240232
130 107 64 128 0.0217823
131 107 64 128 0.0228022
132 107 64 128 0.0210998
133 107 64 128 0.020732
134 107 64 128 0.0230705
135 107 64 128 0.0241256
136 107 64 128 0.0237065
137 107 64 128 0.0223107
138 107 64 128 0.0207083
139 107 64 128 0.0214154
140 107 64 128 0.0202602
141 107 64 128 0.0256002
142 107 64 128 0.0313636
143 107 64 128 0.0402525
144 107 64 128 0.0458088
145 107 64 128 0.0485961
146 107 64 128 0.059284
147 107 64 128 0.0544606
148 107 64 128 0.0464985
149 107 64 128 0.0342435
150 107 64 128 0.0204461
151 107 64 128 0.0108203
74 108 64 128 0.0176424
75 108 64 128 0.0277674
76 108 64 128 0.0547709
77 108 64 128 0.0660203
78 108 64 128 0.0651609
79 108 64 128 0.0356957
80 108 64 128 0.0226999
81 108 64 128 0.0111449
101 108 64 128 0.0107365
125 108 64 128 0.0111315
126 108 64 128 0.0124536
127 108 64 128 0.0135548
128 108 64 128 0.0124075
129 108 64 128 0.0132291
130 108 64 128 0.0130861
131 108 64 128 0.0132932
132 108 64 128 0.0113571
133 108 64 128 0.0110863
134 108 64 128 0.0120821
135 108 64 128 0.0149871
136 108 64 128 0.0154493
137 108 64 128 0.0172479
138 108 64 128 0.0193691
139 108 64 128 0.0198889
140 108 64 128 0.0189869
141 108 64 128 0.0253606
142 108 64 128 0.0333191
143 108 64 128 0.0397507
144 108 64 128 0.0461412
145 108 64 128 0.0572594
146 108 64 128 0.0685024
147 108 64 128 0.0658724
148 108 64 128 0.0428092
149 108 64 128 0.0290243
150 108 64 128 0.0190044
74 109 64 128 0.013884
75 109 64 128 0.0223914
76 109 64 128 0.0426083
77 109 64 128 0.0503956
78 109 64 128 0.0617157
79 109 64 128 0.0308278
80 109 64 128 0.0227285
100 109 64 128 0.0113908
101 109 64 128 0.0145353
102 109 64 128 0.0109342
123 109 64 128 0.0169885
124 109 64 128 0.0253156
125 109 64 128 0.0352017
126 109 64 128 0.0414267
127 109 64 128 0.0438539
128 109 64 128 0.0422502
129 109 64 128 0.0429312
130 109 64 128 0.0390402
131 109 64 128 0.0386944
132 109 64 128 0.0308118
133 109 64 128 0.0272954
134 109 64 128 0.0303719
135 109 64 128 0.0411762
136 109 64 128 0.0395862
137 109 64 128 0.0464839
138 109 64 128 0.0453028
139 109 64 128 0.0576767
140 109 64 128 0.0534714
141 109 64 128 0.0665629
142 109 64 128 0.072668
143 109 64 128 0.0868956
144 109 64 128 0.102446
145 109 64 128 0.116321
146 109 64 128 0.111832
147 109 64 128 0.0967695
148 109 64 128 0.0606669
149 109 64 128 0.0447866
150 109 64 128 0.0270555
151 109 64 128 0.0143518
75 110 64 128 0.0200798
76 110 64 128 0.040223
77 110 64 128 0.0492953
78 110 64 128 0.0586351
79 110 64 128 0.0382524
80 110 64 128 0.0215648
81 110 64 128 0.0116455
100 110 64 128 0.0158245
101 110 64 128 0.0235053
102 110 64 128 0.0240619
103 110 64 128 0.019454
104 110 64 128 0.0213462
105 110 64 128 0.0173558
106 110 64 128 0.0110839
122 110 64 128 0.0124679
123 110 64 128 0.0281197
124 110 64 128 0.0343276
125 110 64 128 0.0475512
126 110 64 128 0.0540505
127 110 64 128 0.0632086
128 110 64 128 0.0482439
129 110 64 128 0.0423056
130 110 64 128 0.0419311
131 110 64 128 0.0379218
132 110 64 128 0.0303232
133 110 64 128 0.0220305
134 110 64 128 0.027114
135 110 64 128 0.0364043
136 110 64 128 0.0412745
137 110 64 128 0.0429135
138 110 64 128 0.0482048
139 110 64 128 0.0587721
140 110 64 128 0.0661256
141 110 64 128 0.0755781
142 110 64 128 0.080386
143 110 64 128 0.101449
144 110 64 128 0.115896
145 110 64 128 0.118918
146 110 64 128 0.110519
147 110 64 128 0.0907753
148 110 64 128 0.0635726
149 110 64 128 0.0431426
150 110 64 128 0.0249298
151 110 64 128 0.0120951
76 111 64 128 0.0202514
77 111 64 128 0.0271312
78 111 64 128 0.0347852
79 111 64 128 0.0237099
80 111 64 128 0.0173263
100 111 64 128 0.0198401
101 111 64 128 0.0298651
102 111 64 128 0.0317519
103 111 64 128 0.0245841
104 111 64 128 0.0304885
105 111 64 128 0.0257901
106 111 64 128 0.0192467
107 111 64 128 0.0132117
121 111 64 128 0.018775
122 111 64 128 0.0376971
123 111 64 128 0.0873952
124 111 64 128 0.106311
125 111 64 128 0.160241
126 111 64 128 0.168598
127 111 64 128 0.209031
128 111 64 128 0.161733
129 111 64 128 0.146418
130 111 64 128 0.120706
131 111 64 128 0.114421
132 111 64 128 0.0933867
133 111 64 128 0.083211
134 111 64 128 0.0988325
135 111 64 128 0.120379
136 111 64 128 0.130458
137 111 64 128 0.162386
138 111 64 128 0.171708
139 111 64 128 0.200807
140 111 64 128 0.199645
141 111 64 128 0.210721
142 111 64 128 0.205021
143 111 64 128 0.249996
144 111 64 128 0.229861
145 111 64 128 0.208368
146 111 64 128 0.190542
147 111 64 128 0.174618
148 111 64 128 0.0912544
149 111 64 128 0.0519817
150 111 64 128 0.0293209
151 111 64 128 0.018565
