40 3 64 128 0.0105526
40 4 64 128 0.010059
15 42 64 128 0.014057
16 42 64 128 0.0126278
17 42 64 128 0.0106407
49 42 64 128 0.0102281
15 43 64 128 0.0141729
16 43 64 128 0.0138559
17 43 64 128 0.0153696
19 43 64 128 0.0111056
48 43 64 128 0.029386
49 43 64 128 0.030785
50 43 64 128 0.0206241
14 44 64 128 0.0127357
15 44 64 128 0.0194762
16 44 64 128 0.0203746
17 44 64 128 0.0215285
47 44 64 128 0.0253181
48 44 64 128 0.13565
49 44 64 128 0.180711
50 44 64 128 0.0675722
51 44 64 128 0.0125756
14 45 64 128 0.0140011
15 45 64 128 0.0202829
16 45 64 128 0.0267686
17 45 64 128 0.0246212
19 45 64 128 0.0110364
20 45 64 128 0.0109805
21 45 64 128 0.0120199
47 45 64 128 0.0530042
48 45 64 128 0.265805
49 45 64 128 0.243255
50 45 64 128 0.123361
51 45 64 128 0.0158764
14 46 64 128 0.0134115
15 46 64 128 0.0214223
16 46 64 128 0.0312459
17 46 64 128 0.0193333
21 46 64 128 0.0102479
46 46 64 128 0.026012
47 46 64 128 0.158226
48 46 64 128 0.58104
49 46 64 128 0.543638
50 46 64 128 0.245255
51 46 64 128 0.0377684
46 47 64 128 0.0382925
47 47 64 128 0.192139
48 47 64 128 0.563851
49 47 64 128 0.519114
50 47 64 128 0.198659
51 47 64 128 0.0226375
45 48 64 128 0.0113826
46 48 64 128 0.0596081
47 48 64 128 0.27318
48 48 64 128 0.558952
49 48 64 128 0.572597
50 48 64 128 0.149983
51 48 64 128 0.0175664
46 49 64 128 0.05831
47 49 64 128 0.143425
48 49 64 128 0.283857
49 49 64 128 0.226499
50 49 64 128 0.0410989
21 50 64 128 0.0120654
46 50 64 128 0.0565023
47 50 64 128 0.105583
48 50 64 128 0.220207
49 50 64 128 0.140808
50 50 64 128 0.0264388
21 51 64 128 0.0165114
46 51 64 128 0.0457468
47 51 64 128 0.0434838
48 51 64 128 0.0946781
49 51 64 128 0.0356916
46 52 64 128 0.0271947
47 52 64 128 0.0214792
48 52 64 128 0.0361414
49 52 64 128 0.0130564
46 53 64 128 0.0120366
12 79 64 128 0.0105023
13 79 64 128 0.0133904
14 79 64 128 0.0136194
13 80 64 128 0.0109634
14 80 64 128 0.0144535
12 81 64 128 0.0129929
13 81 64 128 0.0154225
14 81 64 128 0.0174185
12 82 64 128 0.012854
13 82 64 128 0.0138237
14 82 64 128 0.0116363
12 83 64 128 0.0109413
13 83 64 128 0.0165125
13 84 64 128 0.0104433
13 85 64 128 0.0103832
