14 10 64 128 0.0110768
14 11 64 128 0.0133242
12 12 64 128 0.0118276
13 12 64 128 0.0137235
14 12 64 128 0.0165601
15 12 64 128 0.0110672
13 13 64 128 0.0115182
14 13 64 128 0.0157836
12 14 64 128 0.0122537
13 14 64 128 0.0122887
14 14 64 128 0.0216807
15 14 64 128 0.0123469
14 15 64 128 0.0173427
15 15 64 128 0.0111715
12 16 64 128 0.0106481
14 16 64 128 0.0150554
15 16 64 128 0.0100023
0 37 64 128 0.0112112
0 38 64 128 0.0150507
0 39 64 128 0.0153491
1 39 64 128 0.0103979
6 39 64 128 0.0127402
7 39 64 128 0.0162526
8 39 64 128 0.018082
9 39 64 128 0.014952
10 39 64 128 0.014978
11 39 64 128 0.0181376
12 39 64 128 0.0202426
13 39 64 128 0.0125027
0 40 64 128 0.0159325
1 40 64 128 0.0113647
6 40 64 128 0.0218695
7 40 64 128 0.0351099
8 40 64 128 0.0426714
9 40 64 128 0.0414198
10 40 64 128 0.0384097
11 40 64 128 0.0542304
12 40 64 128 0.0496213
13 40 64 128 0.0354978
0 41 64 128 0.0135717
1 41 64 128 0.0105586
5 41 64 128 0.0130103
6 41 64 128 0.0348563
7 41 64 128 0.061656
8 41 64 128 0.0831685
9 41 64 128 0.0846844
10 41 64 128 0.0830209
11 41 64 128 0.114952
12 41 64 128 0.106922
13 41 64 128 0.0709756
14 41 64 128 0.0143157
0 42 64 128 0.0125157
5 42 64 128 0.0184049
6 42 64 128 0.0571033
7 42 64 128 0.104033
8 42 64 128 0.164733
9 42 64 128 0.175781
10 42 64 128 0.196308
11 42 64 128 0.266489
12 42 64 128 0.244605
13 42 64 128 0.16847
14 42 64 128 0.0331956
5 43 64 128 0.0180326
6 43 64 128 0.0680633
7 43 64 128 0.117958
8 43 64 128 0.208066
9 43 64 128 0.223279
10 43 64 128 0.298793
11 43 64 128 0.393519
12 43 64 128 0.404578
13 43 64 128 0.310469
14 43 64 128 0.0606585
15 43 64 128 0.0172802
5 44 64 128 0.020364
6 44 64 128 0.0781432
7 44 64 128 0.133312
8 44 64 128 0.261027
9 44 64 128 0.318769
10 44 64 128 0.418452
11 44 64 128 0.562184
12 44 64 128 0.56742
13 44 64 128 0.515808
14 44 64 128 0.130128
15 44 64 128 0.0344551
5 45 64 128 0.0204008
6 45 64 128 0.0819899
7 45 64 128 0.142243
8 45 64 128 0.284393
9 45 64 128 0.343985
10 45 64 128 0.478813
11 45 64 128 0.635072
12 45 64 128 0.678976
13 45 64 128 0.641711
14 45 64 128 0.180961
15 45 64 128 0.0550458
4 46 64 128 0.0105013
5 46 64 128 0.0230588
6 46 64 128 0.090316
7 46 64 128 0.162536
8 46 64 128 0.313138
9 46 64 128 0.435485
10 46 64 128 0.58379
11 46 64 128 0.730807
12 46 64 128 0.778565
13 46 64 128 0.781834
14 46 64 128 0.294393
15 46 64 128 0.0864946
16 46 64 128 0.0143151
0 47 64 128 0.0102287
4 47 64 128 0.0101096
5 47 64 128 0.0212371
6 47 64 128 0.0827325
7 47 64 128 0.155982
8 47 64 128 0.302361
9 47 64 128 0.404761
10 47 64 128 0.560234
11 47 64 128 0.713594
12 47 64 128 0.768332
13 47 64 128 0.776138
14 47 64 128 0.309665
15 47 64 128 0.0993763
16 47 64 128 0.0153433
0 48 64 128 0.0109392
4 48 64 128 0.011914
5 48 64 128 0.0240581
6 48 64 128 0.086385
7 48 64 128 0.166931
8 48 64 128 0.301104
9 48 64 128 0.422981
10 48 64 128 0.56286
11 48 64 128 0.720639
12 48 64 128 0.752562
13 48 64 128 0.7689
14 48 64 128 0.349601
15 48 64 128 0.110706
16 48 64 128 0.0175502
0 49 64 128 0.0120545
4 49 64 128 0.0136596
5 49 64 128 0.0323205
6 49 64 128 0.0824838
7 49 64 128 0.155493
8 49 64 128 0.271602
9 49 64 128 0.36324
10 49 64 128 0.504951
11 49 64 128 0.666503
12 49 64 128 0.652435
13 49 64 128 0.67066
14 49 64 128 0.260314
15 49 64 128 0.0933079
16 49 64 128 0.0124793
0 50 64 128 0.0137411
4 50 64 128 0.0185691
5 50 64 128 0.0442753
6 50 64 128 0.11073
7 50 64 128 0.183486
8 50 64 128 0.269336
9 50 64 128 0.374204
10 50 64 128 0.493158
11 50 64 128 0.632809
12 50 64 128 0.619443
13 50 64 128 0.608447
14 50 64 128 0.231945
15 50 64 128 0.083221
16 50 64 128 0.0131771
0 51 64 128 0.0124575
3 51 64 128 0.0111219
4 51 64 128 0.0181848
5 51 64 128 0.0444158
6 51 64 128 0.107343
7 51 64 128 0.176176
8 51 64 128 0.242281
9 51 64 128 0.299727
10 51 64 128 0.404933
11 51 64 128 0.50395
12 51 64 128 0.464982
13 51 64 128 0.417468
14 51 64 128 0.121563
15 51 64 128 0.0390112
0 52 64 128 0.0116887
3 52 64 128 0.0140833
4 52 64 128 0.0229977
5 52 64 128 0.0578715
6 52 64 128 0.123702
7 52 64 128 0.199512
8 52 64 128 0.239266
9 52 64 128 0.281392
10 52 64 128 0.35559
11 52 64 128 0.41073
12 52 64 128 0.364713
13 52 64 128 0.310377
14 52 64 128 0.07601
15 52 64 128 0.0223244
0 53 64 128 0.010549
3 53 64 128 0.0131515
4 53 64 128 0.0252589
5 53 64 128 0.0663189
6 53 64 128 0.128228
7 53 64 128 0.21077
8 53 64 128 0.211778
9 53 64 128 0.223235
10 53 64 128 0.261146
11 53 64 128 0.300436
12 53 64 128 0.212936
13 53 64 128 0.160433
14 53 64 128 0.0374235
15 53 64 128 0.0112682
3 54 64 128 0.0119334
4 54 64 128 0.0237393
5 54 64 128 0.0723245
6 54 64 128 0.142517
7 54 64 128 0.21518
8 54 64 128 0.230735
9 54 64 128 0.199928
10 54 64 128 0.212769
11 54 64 128 0.235244
12 54 64 128 0.174565
13 54 64 128 0.0911667
14 54 64 128 0.0257891
3 55 64 128 0.0101103
4 55 64 128 0.0224919
5 55 64 128 0.0700297
6 55 64 128 0.139344
7 55 64 128 0.224973
8 55 64 128 0.209124
9 55 64 128 0.16711
10 55 64 128 0.135233
11 55 64 128 0.134119
12 55 64 128 0.108055
13 55 64 128 0.0470238
14 55 64 128 0.0120767
4 56 64 128 0.0220361
5 56 64 128 0.0838026
6 56 64 128 0.136522
7 56 64 128 0.228423
8 56 64 128 0.22887
9 56 64 128 0.156357
10 56 64 128 0.119225
11 56 64 128 0.0770996
12 56 64 128 0.0672371
13 56 64 128 0.0268624
3 57 64 128 0.0101657
4 57 64 128 0.0217963
5 57 64 128 0.0868773
6 57 64 128 0.139757
7 57 64 128 0.242887
8 57 64 128 0.209706
9 57 64 128 0.135294
10 57 64 128 0.0961931
11 57 64 128 0.055341
12 57 64 128 0.0366454
13 57 64 128 0.0130825
3 58 64 128 0.0108621
4 58 64 128 0.024075
5 58 64 128 0.0928425
6 58 64 128 0.158258
7 58 64 128 0.283688
8 58 64 128 0.229226
9 58 64 128 0.134929
10 58 64 128 0.0858645
11 58 64 128 0.0535391
12 58 64 128 0.0308011
3 59 64 128 0.0108795
4 59 64 128 0.0261385
5 59 64 128 0.122734
6 59 64 128 0.168744
7 59 64 128 0.314175
8 59 64 128 0.230328
9 59 64 128 0.151576
10 59 64 128 0.0751932
11 59 64 128 0.040433
12 59 64 128 0.0229322
3 60 64 128 0.011569
4 60 64 128 0.0300361
5 60 64 128 0.146673
6 60 64 128 0.196279
7 60 64 128 0.323874
8 60 64 128 0.265118
9 60 64 128 0.174963
10 60 64 128 0.0908762
11 60 64 128 0.0405194
12 60 64 128 0.0219842
3 61 64 128 0.0150053
4 61 64 128 0.037783
5 61 64 128 0.169656
6 61 64 128 0.233221
7 61 64 128 0.398079
8 61 64 128 0.291728
9 61 64 128 0.196966
10 61 64 128 0.105043
11 61 64 128 0.0525063
12 61 64 128 0.0234922
3 62 64 128 0.0168213
4 62 64 128 0.042827
5 62 64 128 0.166755
6 62 64 128 0.242297
7 62 64 128 0.384181
8 62 64 128 0.307034
9 62 64 128 0.201236
10 62 64 128 0.115351
11 62 64 128 0.0715948
12 62 64 128 0.0336283
3 63 64 128 0.0152215
4 63 64 128 0.0368993
5 63 64 128 0.162371
6 63 64 128 0.21737
7 63 64 128 0.33662
8 63 64 128 0.270909
9 63 64 128 0.184131
10 63 64 128 0.108835
11 63 64 128 0.0761916
12 63 64 128 0.0339552
3 64 64 128 0.0121034
4 64 64 128 0.0316633
5 64 64 128 0.122098
6 64 64 128 0.183377
7 64 64 128 0.267555
8 64 64 128 0.261089
9 64 64 128 0.176531
10 64 64 128 0.110231
11 64 64 128 0.0839772
12 64 64 128 0.046185
13 64 64 128 0.0112451
3 65 64 128 0.0113442
4 65 64 128 0.0278473
5 65 64 128 0.0983677
6 65 64 128 0.16021
7 65 64 128 0.238502
8 65 64 128 0.221764
9 65 64 128 0.154809
10 65 64 128 0.11074
11 65 64 128 0.0923228
12 65 64 128 0.0454711
13 65 64 128 0.01226
4 66 64 128 0.0234168
5 66 64 128 0.0702205
6 66 64 128 0.11601
7 66 64 128 0.198798
8 66 64 128 0.194587
9 66 64 128 0.119391
10 66 64 128 0.105444
11 66 64 128 0.112018
12 66 64 128 0.0682475
13 66 64 128 0.018462
4 67 64 128 0.0195157
5 67 64 128 0.0603949
6 67 64 128 0.085197
7 67 64 128 0.151628
8 67 64 128 0.151748
9 67 64 128 0.103163
10 67 64 128 0.0887548
11 67 64 128 0.107075
12 67 64 128 0.0721339
13 67 64 128 0.0262438
14 67 64 128 0.0119339
203 67 64 128 0.0144746
4 68 64 128 0.0175398
5 68 64 128 0.0436812
6 68 64 128 0.0606975
7 68 64 128 0.0948499
8 68 64 128 0.108858
9 68 64 128 0.0896637
10 68 64 128 0.0909067
11 68 64 128 0.111419
12 68 64 128 0.0769898
13 68 64 128 0.0357383
14 68 64 128 0.0165343
203 68 64 128 0.0111036
247 68 64 128 0.0125178
248 68 64 128 0.0158396
249 68 64 128 0.0187397
250 68 64 128 0.0244885
251 68 64 128 0.02192
252 68 64 128 0.0205892
253 68 64 128 0.0138775
4 69 64 128 0.0163414
5 69 64 128 0.0315356
6 69 64 128 0.0453303
7 69 64 128 0.0699888
8 69 64 128 0.075191
9 69 64 128 0.0610921
10 69 64 128 0.0776254
11 69 64 128 0.124586
12 69 64 128 0.0798426
13 69 64 128 0.0420828
14 69 64 128 0.0211117
203 69 64 128 0.014558
204 69 64 128 0.0127196
247 69 64 128 0.0176775
248 69 64 128 0.0175666
249 69 64 128 0.0286365
250 69 64 128 0.0320079
251 69 64 128 0.0425873
252 69 64 128 0.032413
253 69 64 128 0.0266657
254 69 64 128 0.0151721
4 70 64 128 0.0153872
5 70 64 128 0.0226847
6 70 64 128 0.03178
7 70 64 128 0.0471868
8 70 64 128 0.0518747
9 70 64 128 0.0424696
10 70 64 128 0.0608649
11 70 64 128 0.137489
12 70 64 128 0.101006
13 70 64 128 0.0561171
14 70 64 128 0.0305508
15 70 64 128 0.0135783
247 70 64 128 0.0189702
248 70 64 128 0.021325
249 70 64 128 0.0323272
250 70 64 128 0.0462215
251 70 64 128 0.0491367
252 70 64 128 0.0486847
253 70 64 128 0.04419
254 70 64 128 0.0319928
255 70 64 128 0.0148014
4 71 64 128 0.0121075
5 71 64 128 0.0186234
6 71 64 128 0.0237022
7 71 64 128 0.0302629
8 71 64 128 0.037779
9 71 64 128 0.0354441
10 71 64 128 0.0525298
11 71 64 128 0.129963
12 71 64 128 0.114135
13 71 64 128 0.0858511
14 71 64 128 0.0487977
15 71 64 128 0.0267034
203 71 64 128 0.0193499
204 71 64 128 0.016111
205 71 64 128 0.0111287
247 71 64 128 0.0114684
248 71 64 128 0.0113995
249 71 64 128 0.0195787
250 71 64 128 0.024846
251 71 64 128 0.0311027
252 71 64 128 0.0276383
253 71 64 128 0.0282739
254 71 64 128 0.0215929
255 71 64 128 0.0110515
4 72 64 128 0.0114767
5 72 64 128 0.0176732
6 72 64 128 0.0210031
7 72 64 128 0.0235244
8 72 64 128 0.0279812
9 72 64 128 0.0356632
10 72 64 128 0.0640727
11 72 64 128 0.139954
12 72 64 128 0.138582
13 72 64 128 0.131115
14 72 64 128 0.0889225
15 72 64 128 0.0459919
16 72 64 128 0.0118345
203 72 64 128 0.0144076
204 72 64 128 0.0119588
248 72 64 128 0.0108579
249 72 64 128 0.0192465
250 72 64 128 0.0262119
251 72 64 128 0.032183
252 72 64 128 0.0343446
253 72 64 128 0.0387108
254 72 64 128 0.0343633
255 72 64 128 0.0168687
4 73 64 128 0.0117772
5 73 64 128 0.0142339
6 73 64 128 0.0193066
7 73 64 128 0.019162
8 73 64 128 0.0260864
9 73 64 128 0.0303736
10 73 64 128 0.0760391
11 73 64 128 0.162686
12 73 64 128 0.169396
13 73 64 128 0.197831
14 73 64 128 0.153162
15 73 64 128 0.100208
16 73 64 128 0.023334
202 73 64 128 0.0121915
203 73 64 128 0.0176256
204 73 64 128 0.0160159
205 73 64 128 0.010305
225 73 64 128 0.0132998
249 73 64 128 0.0122514
250 73 64 128 0.0150853
251 73 64 128 0.0214064
252 73 64 128 0.0198709
253 73 64 128 0.0257597
254 73 64 128 0.0283664
255 73 64 128 0.0163415
4 74 64 128 0.0122367
5 74 64 128 0.0138292
6 74 64 128 0.0179533
7 74 64 128 0.0205857
8 74 64 128 0.0253273
9 74 64 128 0.03369
10 74 64 128 0.0807572
11 74 64 128 0.19425
12 74 64 128 0.22638
13 74 64 128 0.278173
14 74 64 128 0.241415
15 74 64 128 0.184962
16 74 64 128 0.0594834
17 74 64 128 0.0187724
202 74 64 128 0.0112117
203 74 64 128 0.0172547
204 74 64 128 0.0136076
250 74 64 128 0.0117755
251 74 64 128 0.0155464
252 74 64 128 0.0158012
253 74 64 128 0.0232272
254 74 64 128 0.0242532
255 74 64 128 0.0133148
4 75 64 128 0.0107286
5 75 64 128 0.0119569
6 75 64 128 0.0156467
7 75 64 128 0.0165207
8 75 64 128 0.0239253
9 75 64 128 0.0341519
10 75 64 128 0.0855412
11 75 64 128 0.191536
12 75 64 128 0.256545
13 75 64 128 0.354856
14 75 64 128 0.330033
15 75 64 128 0.297098
16 75 64 128 0.110992
17 75 64 128 0.0421764
18 75 64 128 0.0104016
202 75 64 128 0.0218457
203 75 64 128 0.0308362
204 75 64 128 0.0226815
205 75 64 128 0.0116519
225 75 64 128 0.0103503
253 75 64 128 0.0103381
254 75 64 128 0.0103909
5 76 64 128 0.0105296
6 76 64 128 0.0140065
7 76 64 128 0.0147918
8 76 64 128 0.018188
9 76 64 128 0.0333373
10 76 64 128 0.0848229
11 76 64 128 0.190293
12 76 64 128 0.257769
13 76 64 128 0.384566
14 76 64 128 0.358884
15 76 64 128 0.308109
16 76 64 128 0.146264
17 76 64 128 0.065672
18 76 64 128 0.0179498
202 76 64 128 0.0206345
203 76 64 128 0.0205168
204 76 64 128 0.0144241
253 76 64 128 0.0121177
254 76 64 128 0.0117846
8 77 64 128 0.013199
9 77 64 128 0.0251521
10 77 64 128 0.0716503
11 77 64 128 0.178908
12 77 64 128 0.241601
13 77 64 128 0.354683
14 77 64 128 0.366706
15 77 64 128 0.33714
16 77 64 128 0.149241
17 77 64 128 0.0821751
18 77 64 128 0.023849
201 77 64 128 0.0181917
202 77 64 128 0.0501569
203 77 64 128 0.0411866
204 77 64 128 0.0238799
205 77 64 128 0.0110166
223 77 64 128 0.0116342
224 77 64 128 0.0109251
225 77 64 128 0.0132683
8 78 64 128 0.0106993
9 78 64 128 0.0258348
10 78 64 128 0.0614562
11 78 64 128 0.180081
12 78 64 128 0.233583
13 78 64 128 0.317091
14 78 64 128 0.301301
15 78 64 128 0.332899
16 78 64 128 0.171377
17 78 64 128 0.0921281
18 78 64 128 0.0272051
164 78 64 128 0.0230866
165 78 64 128 0.0430024
166 78 64 128 0.0384864
167 78 64 128 0.0199801
168 78 64 128 0.0144821
200 78 64 128 0.0162501
201 78 64 128 0.0458888
202 78 64 128 0.0904875
203 78 64 128 0.0648506
204 78 64 128 0.029514
205 78 64 128 0.0152757
206 78 64 128 0.0113335
223 78 64 128 0.0115979
0 79 64 128 0.0120761
9 79 64 128 0.0181715
10 79 64 128 0.0443401
11 79 64 128 0.114212
12 79 64 128 0.1613
13 79 64 128 0.222209
14 79 64 128 0.206161
15 79 64 128 0.19001
16 79 64 128 0.11818
17 79 64 128 0.0657251
18 79 64 128 0.0215844
162 79 64 128 0.0102371
163 79 64 128 0.0219177
164 79 64 128 0.0960125
165 79 64 128 0.157059
166 79 64 128 0.151714
167 79 64 128 0.0546838
168 79 64 128 0.042792
196 79 64 128 0.0138634
197 79 64 128 0.0158185
198 79 64 128 0.0302444
199 79 64 128 0.0344689
200 79 64 128 0.0997052
201 79 64 128 0.200091
202 79 64 128 0.4128
203 79 64 128 0.261609
204 79 64 128 0.165436
205 79 64 128 0.067956
206 79 64 128 0.0633586
207 79 64 128 0.0357077
208 79 64 128 0.0362359
209 79 64 128 0.0130264
219 79 64 128 0.0103125
220 79 64 128 0.0173986
221 79 64 128 0.0421674
222 79 64 128 0.0410794
223 79 64 128 0.0550818
224 79 64 128 0.043913
225 79 64 128 0.0431119
226 79 64 128 0.0241918
227 79 64 128 0.0291812
228 79 64 128 0.0105635
0 80 64 128 0.0151043
1 80 64 128 0.0111299
2 80 64 128 0.0120116
9 80 64 128 0.0167222
10 80 64 128 0.0366642
11 80 64 128 0.0886926
12 80 64 128 0.0995891
13 80 64 128 0.172897
14 80 64 128 0.141847
15 80 64 128 0.128287
16 80 64 128 0.0664809
17 80 64 128 0.049291
18 80 64 128 0.0160107
161 80 64 128 0.0203778
162 80 64 128 0.0492357
163 80 64 128 0.134005
164 80 64 128 0.349557
165 80 64 128 0.439338
166 80 64 128 0.36867
167 80 64 128 0.182149
168 80 64 128 0.121273
169 80 64 128 0.0298365
170 80 64 128 0.0175022
180 80 64 128 0.011319
181 80 64 128 0.0219394
182 80 64 128 0.0140129
194 80 64 128 0.0130523
195 80 64 128 0.0279754
196 80 64 128 0.0795959
197 80 64 128 0.0941457
198 80 64 128 0.106429
199 80 64 128 0.112091
200 80 64 128 0.264801
201 80 64 128 0.43729
202 80 64 128 0.611225
203 80 64 128 0.419926
204 80 64 128 0.26059
205 80 64 128 0.116907
206 80 64 128 0.0927338
207 80 64 128 0.0597881
208 80 64 128 0.0591987
209 80 64 128 0.0222093
210 80 64 128 0.0127116
215 80 64 128 0.0133813
216 80 64 128 0.0154719
217 80 64 128 0.0181032
218 80 64 128 0.0205672
219 80 64 128 0.0339706
220 80 64 128 0.0647411
221 80 64 128 0.151649
222 80 64 128 0.160245
223 80 64 128 0.180356
224 80 64 128 0.157677
225 80 64 128 0.152078
226 80 64 128 0.0707031
227 80 64 128 0.0775036
228 80 64 128 0.025653
229 80 64 128 0.0115234
0 81 64 128 0.0169778
1 81 64 128 0.0117041
2 81 64 128 0.0140275
10 81 64 128 0.0234593
11 81 64 128 0.0545845
12 81 64 128 0.0531362
13 81 64 128 0.0786924
14 81 64 128 0.0725457
15 81 64 128 0.0609773
16 81 64 128 0.029853
17 81 64 128 0.0175324
161 81 64 128 0.0247878
162 81 64 128 0.0743284
163 81 64 128 0.181196
164 81 64 128 0.372303
165 81 64 128 0.472853
166 81 64 128 0.393458
167 81 64 128 0.160906
168 81 64 128 0.107201
169 81 64 128 0.028421
170 81 64 128 0.0137081
180 81 64 128 0.0176769
181 81 64 128 0.0297224
182 81 64 128 0.0267343
183 81 64 128 0.0188786
193 81 64 128 0.0111338
194 81 64 128 0.0256066
195 81 64 128 0.0634506
196 81 64 128 0.17269
197 81 64 128 0.192934
198 81 64 128 0.250864
199 81 64 128 0.274512
200 81 64 128 0.522406
201 81 64 128 0.717442
202 81 64 128 0.839192
203 81 64 128 0.678069
204 81 64 128 0.563934
205 81 64 128 0.32204
206 81 64 128 0.299653
207 81 64 128 0.22085
208 81 64 128 0.213327
209 81 64 128 0.100756
210 81 64 128 0.0580145
211 81 64 128 0.0251357
212 81 64 128 0.0122687
213 81 64 128 0.0253685
214 81 64 128 0.0384286
215 81 64 128 0.0887796
216 81 64 128 0.118325
217 81 64 128 0.16425
218 81 64 128 0.166724
219 81 64 128 0.27549
220 81 64 128 0.464399
221 81 64 128 0.753922
222 81 64 128 0.746609
223 81 64 128 0.813039
224 81 64 128 0.786079
225 81 64 128 0.745955
226 81 64 128 0.528659
227 81 64 128 0.514194
228 81 64 128 0.263205
229 81 64 128 0.149054
230 81 64 128 0.0495238
231 81 64 128 0.028836
232 81 64 128 0.0104201
0 82 64 128 0.0208873
1 82 64 128 0.0155693
2 82 64 128 0.0161478
3 82 64 128 0.011078
10 82 64 128 0.0143985
11 82 64 128 0.0354052
12 82 64 128 0.0371775
13 82 64 128 0.04001
14 82 64 128 0.0339015
15 82 64 128 0.0348107
16 82 64 128 0.0204728
17 82 64 128 0.0103966
160 82 64 128 0.0134354
161 82 64 128 0.065301
162 82 64 128 0.149442
163 82 64 128 0.46747
164 82 64 128 0.606656
165 82 64 128 0.681163
166 82 64 128 0.56761
167 82 64 128 0.409562
168 82 64 128 0.224221
169 82 64 128 0.0872769
170 82 64 128 0.0334124
171 82 64 128 0.0105133
180 82 64 128 0.0198561
181 82 64 128 0.0343605
182 82 64 128 0.0290549
183 82 64 128 0.0247753
184 82 64 128 0.010834
185 82 64 128 0.0111675
193 82 64 128 0.0139145
194 82 64 128 0.0274207
195 82 64 128 0.087299
196 82 64 128 0.171483
197 82 64 128 0.222949
198 82 64 128 0.246921
199 82 64 128 0.272777
200 82 64 128 0.508796
201 82 64 128 0.747632
202 82 64 128 0.843869
203 82 64 128 0.698683
204 82 64 128 0.625405
205 82 64 128 0.385864
206 82 64 128 0.38483
207 82 64 128 0.296121
208 82 64 128 0.289706
209 82 64 128 0.14671
210 82 64 128 0.0989626
211 82 64 128 0.0432082
212 82 64 128 0.0219012
213 82 64 128 0.0463136
214 82 64 128 0.0885053
215 82 64 128 0.150252
216 82 64 128 0.191311
217 82 64 128 0.256429
218 82 64 128 0.287731
219 82 64 128 0.392811
220 82 64 128 0.578037
221 82 64 128 0.809607
222 82 64 128 0.825608
223 82 64 128 0.849544
224 82 64 128 0.834051
225 82 64 128 0.777285
226 82 64 128 0.540056
227 82 64 128 0.496402
228 82 64 128 0.221071
229 82 64 128 0.157069
230 82 64 128 0.0512304
231 82 64 128 0.0383978
232 82 64 128 0.0144303
233 82 64 128 0.0126441
0 83 64 128 0.0157666
1 83 64 128 0.0159379
2 83 64 128 0.0164342
3 83 64 128 0.0108476
10 83 64 128 0.0113692
11 83 64 128 0.0150921
12 83 64 128 0.0176691
13 83 64 128 0.0163801
14 83 64 128 0.0133629
15 83 64 128 0.0103548
161 83 64 128 0.0384501
162 83 64 128 0.0723433
163 83 64 128 0.242571
164 83 64 128 0.42562
165 83 64 128 0.518927
166 83 64 128 0.434741
167 83 64 128 0.253908
168 83 64 128 0.157071
169 83 64 128 0.0574053
170 83 64 128 0.0358842
171 83 64 128 0.0120556
180 83 64 128 0.0254887
181 83 64 128 0.0432977
182 83 64 128 0.0511466
183 83 64 128 0.0344758
184 83 64 128 0.016355
185 83 64 128 0.0132921
193 83 64 128 0.0153797
194 83 64 128 0.0386893
195 83 64 128 0.122075
196 83 64 128 0.215468
197 83 64 128 0.293531
198 83 64 128 0.38706
199 83 64 128 0.456438
200 83 64 128 0.697905
201 83 64 128 0.855125
202 83 64 128 0.933295
203 83 64 128 0.858608
204 83 64 128 0.854161
205 83 64 128 0.716541
206 83 64 128 0.769425
207 83 64 128 0.643061
208 83 64 128 0.673888
209 83 64 128 0.419584
210 83 64 128 0.340442
211 83 64 128 0.151482
212 83 64 128 0.110568
213 83 64 128 0.173871
214 83 64 128 0.253364
215 83 64 128 0.373394
216 83 64 128 0.419605
217 83 64 128 0.540332
218 83 64 128 0.547914
219 83 64 128 0.709695
220 83 64 128 0.817765
221 83 64 128 0.949035
222 83 64 128 0.951266
223 83 64 128 0.962993
224 83 64 128 0.946769
225 83 64 128 0.930069
226 83 64 128 0.827598
227 83 64 128 0.776151
228 83 64 128 0.545609
229 83 64 128 0.439882
230 83 64 128 0.191007
231 83 64 128 0.153595
232 83 64 128 0.0541594
233 83 64 128 0.04118
234 83 64 128 0.0173255
235 83 64 128 0.0175457
236 83 64 128 0.0101909
237 83 64 128 0.0123956
238 83 64 128 0.0118684
0 84 64 128 0.0131522
1 84 64 128 0.0132984
2 84 64 128 0.0150651
3 84 64 128 0.0116775
11 84 64 128 0.0134244
13 84 64 128 0.0106793
161 84 64 128 0.0408998
162 84 64 128 0.0757674
163 84 64 128 0.268308
164 84 64 128 0.470692
165 84 64 128 0.601497
166 84 64 128 0.499928
167 84 64 128 0.319765
168 84 64 128 0.223781
169 84 64 128 0.107237
170 84 64 128 0.0548487
171 84 64 128 0.0237644
172 84 64 128 0.0168819
173 84 64 128 0.0109045
180 84 64 128 0.0205619
181 84 64 128 0.0378989
182 84 64 128 0.04926
183 84 64 128 0.0276476
184 84 64 128 0.0169179
185 84 64 128 0.0125898
193 84 64 128 0.0185563
194 84 64 128 0.0429873
195 84 64 128 0.122796
196 84 64 128 0.27334
197 84 64 128 0.354927
198 84 64 128 0.437472
199 84 64 128 0.431258
200 84 64 128 0.69149
201 84 64 128 0.822129
202 84 64 128 0.908794
203 84 64 128 0.813829
204 84 64 128 0.845634
205 84 64 128 0.761783
206 84 64 128 0.781195
207 84 64 128 0.700253
208 84 64 128 0.726545
209 84 64 128 0.55384
210 84 64 128 0.460726
211 84 64 128 0.232014
212 84 64 128 0.158167
213 84 64 128 0.276638
214 84 64 128 0.339195
215 84 64 128 0.42266
216 84 64 128 0.48437
217 84 64 128 0.542266
218 84 64 128 0.63026
219 84 64 128 0.734564
220 84 64 128 0.853848
221 84 64 128 0.942233
222 84 64 128 0.956196
223 84 64 128 0.948305
224 84 64 128 0.934382
225 84 64 128 0.903123
226 84 64 128 0.749767
227 84 64 128 0.6696
228 84 64 128 0.446979
229 84 64 128 0.338185
230 84 64 128 0.154235
231 84 64 128 0.133955
232 84 64 128 0.0569282
233 84 64 128 0.0408582
234 84 64 128 0.0188133
235 84 64 128 0.0166982
236 84 64 128 0.0123436
237 84 64 128 0.013773
238 84 64 128 0.0158471
254 84 64 128 0.0121544
255 84 64 128 0.0110558
2 85 64 128 0.0113043
161 85 64 128 0.0141282
162 85 64 128 0.0340684
163 85 64 128 0.124319
164 85 64 128 0.247445
165 85 64 128 0.32766
166 85 64 128 0.230817
167 85 64 128 0.139882
168 85 64 128 0.109202
169 85 64 128 0.0549574
170 85 64 128 0.0333101
171 85 64 128 0.0171269
172 85 64 128 0.0131496
180 85 64 128 0.0180686
181 85 64 128 0.0293472
182 85 64 128 0.0578369
183 85 64 128 0.0335425
184 85 64 128 0.0205316
185 85 64 128 0.0141354
193 85 64 128 0.0217734
194 85 64 128 0.0523612
195 85 64 128 0.15164
196 85 64 128 0.303509
197 85 64 128 0.385777
198 85 64 128 0.441072
199 85 64 128 0.499426
200 85 64 128 0.68381
201 85 64 128 0.83244
202 85 64 128 0.906719
203 85 64 128 0.870183
204 85 64 128 0.886152
205 85 64 128 0.862818
206 85 64 128 0.889797
207 85 64 128 0.860709
208 85 64 128 0.87128
209 85 64 128 0.778364
210 85 64 128 0.709502
211 85 64 128 0.441904
212 85 64 128 0.30596
213 85 64 128 0.372968
214 85 64 128 0.441796
215 85 64 128 0.588116
216 85 64 128 0.615755
217 85 64 128 0.729771
218 85 64 128 0.77378
219 85 64 128 0.87674
220 85 64 128 0.938904
221 85 64 128 0.981066
222 85 64 128 0.983544
223 85 64 128 0.984726
224 85 64 128 0.98169
225 85 64 128 0.973213
226 85 64 128 0.916377
227 85 64 128 0.862484
228 85 64 128 0.744496
229 85 64 128 0.643434
230 85 64 128 0.428965
231 85 64 128 0.34418
232 85 64 128 0.173183
233 85 64 128 0.126825
234 85 64 128 0.0523539
235 85 64 128 0.0479994
236 85 64 128 0.0323417
237 85 64 128 0.035201
238 85 64 128 0.0321524
239 85 64 128 0.0153943
240 85 64 128 0.0125192
251 85 64 128 0.0103296
252 85 64 128 0.0111817
253 85 64 128 0.0165984
254 85 64 128 0.0217759
255 85 64 128 0.0209621
2 86 64 128 0.0101786
161 86 64 128 0.0187155
162 86 64 128 0.0303348
163 86 64 128 0.123399
164 86 64 128 0.198082
165 86 64 128 0.304898
166 86 64 128 0.181443
167 86 64 128 0.137654
168 86 64 128 0.0840844
169 86 64 128 0.0710606
170 86 64 128 0.0334725
171 86 64 128 0.0241131
172 86 64 128 0.0198067
173 86 64 128 0.0108476
180 86 64 128 0.0127144
181 86 64 128 0.0196829
182 86 64 128 0.0260469
183 86 64 128 0.015673
184 86 64 128 0.0112282
193 86 64 128 0.0162756
194 86 64 128 0.0393071
195 86 64 128 0.101887
196 86 64 128 0.191646
197 86 64 128 0.25888
198 86 64 128 0.280128
199 86 64 128 0.298398
200 86 64 128 0.443692
201 86 64 128 0.661134
202 86 64 128 0.767997
203 86 64 128 0.730888
204 86 64 128 0.807255
205 86 64 128 0.813599
206 86 64 128 0.854306
207 86 64 128 0.853587
208 86 64 128 0.863761
209 86 64 128 0.809877
210 86 64 128 0.709008
211 86 64 128 0.497936
212 86 64 128 0.338606
213 86 64 128 0.398259
214 86 64 128 0.437011
215 86 64 128 0.518935
216 86 64 128 0.581415
217 86 64 128 0.643558
218 86 64 128 0.718744
219 86 64 128 0.827962
220 86 64 128 0.917966
221 86 64 128 0.967803
222 86 64 128 0.971494
223 86 64 128 0.970734
224 86 64 128 0.963723
225 86 64 128 0.937248
226 86 64 128 0.804522
227 86 64 128 0.70503
228 86 64 128 0.52014
229 86 64 128 0.401586
230 86 64 128 0.224357
231 86 64 128 0.210406
232 86 64 128 0.099511
233 86 64 128 0.0845795
234 86 64 128 0.0361191
235 86 64 128 0.0352765
236 86 64 128 0.023049
237 86 64 128 0.030857
238 86 64 128 0.0351762
239 86 64 128 0.0189929
240 86 64 128 0.0147008
252 86 64 128 0.0107141
253 86 64 128 0.014775
254 86 64 128 0.0226025
255 86 64 128 0.0207419
161 87 64 128 0.0155622
162 87 64 128 0.0223575
163 87 64 128 0.0731688
164 87 64 128 0.135283
165 87 64 128 0.197663
166 87 64 128 0.123756
167 87 64 128 0.0921313
168 87 64 128 0.0705792
169 87 64 128 0.0623661
170 87 64 128 0.0405831
171 87 64 128 0.031142
172 87 64 128 0.0280809
173 87 64 128 0.0150848
174 87 64 128 0.0138795
180 87 64 128 0.016166
181 87 64 128 0.02283
182 87 64 128 0.0370947
183 87 64 128 0.0198809
184 87 64 128 0.0145027
193 87 64 128 0.0248359
194 87 64 128 0.0593671
195 87 64 128 0.171189
196 87 64 128 0.284832
197 87 64 128 0.37049
198 87 64 128 0.423318
199 87 64 128 0.492935
200 87 64 128 0.599272
201 87 64 128 0.738844
202 87 64 128 0.866981
203 87 64 128 0.844849
204 87 64 128 0.90982
205 87 64 128 0.912939
206 87 64 128 0.943548
207 87 64 128 0.933951
208 87 64 128 0.944058
209 87 64 128 0.899915
210 87 64 128 0.863435
211 87 64 128 0.691354
212 87 64 128 0.546174
213 87 64 128 0.555798
214 87 64 128 0.5426
215 87 64 128 0.650537
216 87 64 128 0.640024
217 87 64 128 0.737494
218 87 64 128 0.77006
219 87 64 128 0.889713
220 87 64 128 0.923417
221 87 64 128 0.977407
222 87 64 128 0.979991
223 87 64 128 0.980862
224 87 64 128 0.972697
225 87 64 128 0.949762
226 87 64 128 0.874209
227 87 64 128 0.768678
228 87 64 128 0.628906
229 87 64 128 0.510164
230 87 64 128 0.403461
231 87 64 128 0.356917
232 87 64 128 0.18793
233 87 64 128 0.114285
234 87 64 128 0.052419
235 87 64 128 0.0437178
236 87 64 128 0.0308651
237 87 64 128 0.03308
238 87 64 128 0.0339269
239 87 64 128 0.018942
240 87 64 128 0.0114879
252 87 64 128 0.0120063
253 87 64 128 0.0143897
254 87 64 128 0.0247118
255 87 64 128 0.0199225
162 88 64 128 0.0108853
163 88 64 128 0.040577
164 88 64 128 0.062743
165 88 64 128 0.117122
166 88 64 128 0.0594725
167 88 64 128 0.0526464
168 88 64 128 0.0397024
169 88 64 128 0.0356737
170 88 64 128 0.0229814
171 88 64 128 0.026346
172 88 64 128 0.024971
173 88 64 128 0.015954
174 88 64 128 0.0117716
181 88 64 128 0.0112579
182 88 64 128 0.014543
192 88 64 128 0.0114391
193 88 64 128 0.0387867
194 88 64 128 0.0891099
195 88 64 128 0.18016
196 88 64 128 0.334199
197 88 64 128 0.419107
198 88 64 128 0.437733
199 88 64 128 0.457056
200 88 64 128 0.580513
201 88 64 128 0.706147
202 88 64 128 0.844806
203 88 64 128 0.831877
204 88 64 128 0.917935
205 88 64 128 0.933995
206 88 64 128 0.954689
207 88 64 128 0.949813
208 88 64 128 0.954629
209 88 64 128 0.931958
210 88 64 128 0.896024
211 88 64 128 0.781698
212 88 64 128 0.667459
213 88 64 128 0.615782
214 88 64 128 0.616547
215 88 64 128 0.640984
216 88 64 128 0.709115
217 88 64 128 0.723639
218 88 64 128 0.802613
219 88 64 128 0.867501
220 88 64 128 0.927004
221 88 64 128 0.958537
222 88 64 128 0.967424
223 88 64 128 0.957118
224 88 64 128 0.936291
225 88 64 128 0.865027
226 88 64 128 0.679727
227 88 64 128 0.530292
228 88 64 128 0.341149
229 88 64 128 0.261035
230 88 64 128 0.212166
231 88 64 128 0.215451
232 88 64 128 0.124136
233 88 64 128 0.082861
234 88 64 128 0.041437
235 88 64 128 0.0343699
236 88 64 128 0.0283515
237 88 64 128 0.0330793
238 88 64 128 0.0350371
239 88 64 128 0.0187464
240 88 64 128 0.0116622
250 88 64 128 0.0150191
251 88 64 128 0.0155166
252 88 64 128 0.0176525
253 88 64 128 0.0210219
254 88 64 128 0.0284346
255 88 64 128 0.0255847
163 89 64 128 0.0237303
164 89 64 128 0.0320126
165 89 64 128 0.06502
166 89 64 128 0.0294292
167 89 64 128 0.0315445
168 89 64 128 0.0208727
169 89 64 128 0.0289126
170 89 64 128 0.0172394
171 89 64 128 0.0231642
172 89 64 128 0.0221954
173 89 64 128 0.0159512
174 89 64 128 0.0103186
192 89 64 128 0.0163539
193 89 64 128 0.0522663
194 89 64 128 0.120578
195 89 64 128 0.209228
196 89 64 128 0.324715
197 89 64 128 0.333602
198 89 64 128 0.348792
199 89 64 128 0.417794
200 89 64 128 0.499396
201 89 64 128 0.616526
202 89 64 128 0.798213
203 89 64 128 0.814332
204 89 64 128 0.912521
205 89 64 128 0.944872
206 89 64 128 0.961006
207 89 64 128 0.964979
208 89 64 128 0.965724
209 89 64 128 0.947444
210 89 64 128 0.913179
211 89 64 128 0.836256
212 89 64 128 0.740578
213 89 64 128 0.653227
214 89 64 128 0.612075
215 89 64 128 0.673817
216 89 64 128 0.736611
217 89 64 128 0.797387
218 89 64 128 0.833738
219 89 64 128 0.920007
220 89 64 128 0.945625
221 89 64 128 0.969195
222 89 64 128 0.972231
223 89 64 128 0.970316
224 89 64 128 0.958787
225 89 64 128 0.902167
226 89 64 128 0.726167
227 89 64 128 0.564184
228 89 64 128 0.381923
229 89 64 128 0.290319
230 89 64 128 0.272201
231 89 64 128 0.273866
232 89 64 128 0.1795
233 89 64 128 0.118375
234 89 64 128 0.0505101
235 89 64 128 0.0389033
236 89 64 128 0.031182
237 89 64 128 0.0319556
238 89 64 128 0.0304608
239 89 64 128 0.0168193
249 89 64 128 0.0112739
250 89 64 128 0.0187506
251 89 64 128 0.0192927
252 89 64 128 0.0227847
253 89 64 128 0.0251646
254 89 64 128 0.0335583
255 89 64 128 0.0296741
163 90 64 128 0.0121245
164 90 64 128 0.0152011
165 90 64 128 0.0267511
166 90 64 128 0.0103184
167 90 64 128 0.0104559
192 90 64 128 0.0154132
193 90 64 128 0.0591077
194 90 64 128 0.170542
195 90 64 128 0.228817
196 90 64 128 0.344039
197 90 64 128 0.352154
198 90 64 128 0.31465
199 90 64 128 0.309617
200 90 64 128 0.376261
201 90 64 128 0.51952
202 90 64 128 0.674764
203 90 64 128 0.716192
204 90 64 128 0.866192
205 90 64 128 0.909467
206 90 64 128 0.930286
207 90 64 128 0.949597
208 90 64 128 0.945019
209 90 64 128 0.929447
210 90 64 128 0.87424
211 90 64 128 0.776596
212 90 64 128 0.632971
213 90 64 128 0.495504
214 90 64 128 0.464133
215 90 64 128 0.536983
216 90 64 128 0.634117
217 90 64 128 0.656206
218 90 64 128 0.758494
219 90 64 128 0.870171
220 90 64 128 0.903021
221 90 64 128 0.925878
222 90 64 128 0.93677
223 90 64 128 0.941129
224 90 64 128 0.893561
225 90 64 128 0.776904
226 90 64 128 0.457721
227 90 64 128 0.348197
228 90 64 128 0.21694
229 90 64 128 0.157816
230 90 64 128 0.147638
231 90 64 128 0.179625
232 90 64 128 0.103776
233 90 64 128 0.089981
234 90 64 128 0.0379146
235 90 64 128 0.0314555
236 90 64 128 0.0264846
237 90 64 128 0.029738
238 90 64 128 0.0234347
239 90 64 128 0.0161745
249 90 64 128 0.0110723
250 90 64 128 0.0181656
251 90 64 128 0.0187633
252 90 64 128 0.0220095
253 90 64 128 0.0221546
254 90 64 128 0.0305652
255 90 64 128 0.0294629
125 91 64 128 0.01632
126 91 64 128 0.0171632
162 91 64 128 0.0112099
163 91 64 128 0.0209187
164 91 64 128 0.022663
165 91 64 128 0.0344966
166 91 64 128 0.0192949
167 91 64 128 0.0174435
168 91 64 128 0.0175911
169 91 64 128 0.0213107
170 91 64 128 0.0184067
171 91 64 128 0.0219284
172 91 64 128 0.0272759
173 91 64 128 0.0238213
174 91 64 128 0.0155524
191 91 64 128 0.0115175
192 91 64 128 0.033895
193 91 64 128 0.120558
194 91 64 128 0.325181
195 91 64 128 0.392051
196 91 64 128 0.522076
197 91 64 128 0.493393
198 91 64 128 0.492565
199 91 64 128 0.502813
200 91 64 128 0.583971
201 91 64 128 0.633311
202 91 64 128 0.792673
203 91 64 128 0.84735
204 91 64 128 0.920084
205 91 64 128 0.941381
206 91 64 128 0.960095
207 91 64 128 0.966216
208 91 64 128 0.959366
209 91 64 128 0.935054
210 91 64 128 0.900453
211 91 64 128 0.779024
212 91 64 128 0.623423
213 91 64 128 0.502434
214 91 64 128 0.44626
215 91 64 128 0.515485
216 91 64 128 0.590068
217 91 64 128 0.680862
218 91 64 128 0.737384
219 91 64 128 0.846075
220 91 64 128 0.868547
221 91 64 128 0.914732
222 91 64 128 0.924646
223 91 64 128 0.926942
224 91 64 128 0.872088
225 91 64 128 0.689151
226 91 64 128 0.448019
227 91 64 128 0.271215
228 91 64 128 0.186915
229 91 64 128 0.139622
230 91 64 128 0.175223
231 91 64 128 0.150556
232 91 64 128 0.112658
233 91 64 128 0.062441
234 91 64 128 0.0361237
235 91 64 128 0.0257853
236 91 64 128 0.0225679
237 91 64 128 0.0217872
238 91 64 128 0.0155325
248 91 64 128 0.0108205
249 91 64 128 0.0133054
250 91 64 128 0.0215362
251 91 64 128 0.0193021
252 91 64 128 0.0202545
253 91 64 128 0.0206405
254 91 64 128 0.0291569
255 91 64 128 0.0267861
125 92 64 128 0.0228377
126 92 64 128 0.0228815
127 92 64 128 0.0131862
162 92 64 128 0.0109576
163 92 64 128 0.0182928
164 92 64 128 0.0209273
165 92 64 128 0.0284016
166 92 64 128 0.0136596
167 92 64 128 0.0107298
168 92 64 128 0.0113207
169 92 64 128 0.0110265
170 92 64 128 0.0108984
171 92 64 128 0.0168417
172 92 64 128 0.0270683
173 92 64 128 0.0257607
174 92 64 128 0.0190727
190 92 64 128 0.0145986
191 92 64 128 0.0158554
192 92 64 128 0.061964
193 92 64 128 0.193099
194 92 64 128 0.450848
195 92 64 128 0.465328
196 92 64 128 0.683143
197 92 64 128 0.605575
198 92 64 128 0.592822
199 92 64 128 0.517561
200 92 64 128 0.65799
201 92 64 128 0.739309
202 92 64 128 0.868229
203 92 64 128 0.9037
204 92 64 128 0.956919
205 92 64 128 0.973431
206 92 64 128 0.982022
207 92 64 128 0.983798
208 92 64 128 0.981673
209 92 64 128 0.968662
210 92 64 128 0.951169
211 92 64 128 0.876798
212 92 64 128 0.797109
213 92 64 128 0.577414
214 92 64 128 0.611996
215 92 64 128 0.598767
216 92 64 128 0.735252
217 92 64 128 0.719805
218 92 64 128 0.819571
219 92 64 128 0.849961
220 92 64 128 0.908536
221 92 64 128 0.906345
222 92 64 128 0.912588
223 92 64 128 0.894972
224 92 64 128 0.819362
225 92 64 128 0.564834
226 92 64 128 0.304646
227 92 64 128 0.176065
228 92 64 128 0.115417
229 92 64 128 0.0866279
230 92 64 128 0.107907
231 92 64 128 0.109366
232 92 64 128 0.0788745
233 92 64 128 0.0477547
234 92 64 128 0.0295426
235 92 64 128 0.0188203
236 92 64 128 0.0182343
237 92 64 128 0.0171346
238 92 64 128 0.0114168
247 92 64 128 0.0108321
248 92 64 128 0.0138628
249 92 64 128 0.0180885
250 92 64 128 0.0285435
251 92 64 128 0.0273002
252 92 64 128 0.0256447
253 92 64 128 0.0298505
254 92 64 128 0.0365604
255 92 64 128 0.0347523
33 93 64 128 0.0121407
124 93 64 128 0.0116656
125 93 64 128 0.0401839
126 93 64 128 0.0433499
127 93 64 128 0.0293984
158 93 64 128 0.0149334
159 93 64 128 0.0201634
160 93 64 128 0.0158611
161 93 64 128 0.0258185
162 93 64 128 0.0361615
163 93 64 128 0.0595637
164 93 64 128 0.0577901
165 93 64 128 0.0967652
166 93 64 128 0.0419803
167 93 64 128 0.0360305
168 93 64 128 0.0386099
169 93 64 128 0.0448863
170 93 64 128 0.0316163
171 93 64 128 0.0436239
172 93 64 128 0.0591633
173 93 64 128 0.0494307
174 93 64 128 0.0389454
175 93 64 128 0.0153384
176 93 64 128 0.0132179
190 93 64 128 0.0366884
191 93 64 128 0.041794
192 93 64 128 0.15375
193 93 64 128 0.302503
194 93 64 128 0.597208
195 93 64 128 0.612951
196 93 64 128 0.815092
197 93 64 128 0.69774
198 93 64 128 0.740809
199 93 64 128 0.674558
200 93 64 128 0.777553
201 93 64 128 0.8124
202 93 64 128 0.918898
203 93 64 128 0.950365
204 93 64 128 0.977911
205 93 64 128 0.986464
206 93 64 128 0.990124
207 93 64 128 0.990179
208 93 64 128 0.98669
209 93 64 128 0.979396
210 93 64 128 0.96242
211 93 64 128 0.924057
212 93 64 128 0.855622
213 93 64 128 0.677762
214 93 64 128 0.676103
215 93 64 128 0.742279
216 93 64 128 0.836257
217 93 64 128 0.870999
218 93 64 128 0.911912
219 93 64 128 0.941956
220 93 64 128 0.955913
221 93 64 128 0.957891
222 93 64 128 0.958826
223 93 64 128 0.952886
224 93 64 128 0.907763
225 93 64 128 0.735854
226 93 64 128 0.489351
227 93 64 128 0.31294
228 93 64 128 0.266103
229 93 64 128 0.189695
230 93 64 128 0.230723
231 93 64 128 0.196551
232 93 64 128 0.163887
233 93 64 128 0.0920387
234 93 64 128 0.0544774
235 93 64 128 0.033046
236 93 64 128 0.0315736
237 93 64 128 0.0252465
238 93 64 128 0.0177381
239 93 64 128 0.0110801
245 93 64 128 0.0114337
246 93 64 128 0.016393
247 93 64 128 0.0217653
248 93 64 128 0.0281735
249 93 64 128 0.0329405
250 93 64 128 0.0455897
251 93 64 128 0.0377078
252 93 64 128 0.0361356
253 93 64 128 0.0372958
254 93 64 128 0.0458893
255 93 64 128 0.0396164
10 94 64 128 0.0101099
33 94 64 128 0.0162912
124 94 64 128 0.0114919
125 94 64 128 0.0446976
126 94 64 128 0.0395332
127 94 64 128 0.0304764
158 94 64 128 0.011681
159 94 64 128 0.0138141
160 94 64 128 0.0130206
161 94 64 128 0.0182066
162 94 64 128 0.0248615
163 94 64 128 0.0351939
164 94 64 128 0.0337993
165 94 64 128 0.0437214
166 94 64 128 0.0160655
167 94 64 128 0.0130091
168 94 64 128 0.0121803
169 94 64 128 0.0123892
171 94 64 128 0.0151706
172 94 64 128 0.0182304
173 94 64 128 0.0209148
174 94 64 128 0.0120559
190 94 64 128 0.0242977
191 94 64 128 0.023483
192 94 64 128 0.105863
193 94 64 128 0.17943
194 94 64 128 0.505627
195 94 64 128 0.477892
196 94 64 128 0.704626
197 94 64 128 0.618168
198 94 64 128 0.692958
199 94 64 128 0.562167
200 94 64 128 0.688899
201 94 64 128 0.755489
202 94 64 128 0.889416
203 94 64 128 0.914707
204 94 64 128 0.961945
205 94 64 128 0.975634
206 94 64 128 0.981299
207 94 64 128 0.982511
208 94 64 128 0.981337
209 94 64 128 0.970137
210 94 64 128 0.946654
211 94 64 128 0.894382
212 94 64 128 0.826404
213 94 64 128 0.635186
214 94 64 128 0.688062
215 94 64 128 0.753301
216 94 64 128 0.862239
217 94 64 128 0.867963
218 94 64 128 0.926959
219 94 64 128 0.948827
220 94 64 128 0.956872
221 94 64 128 0.957189
222 94 64 128 0.955124
223 94 64 128 0.943229
224 94 64 128 0.878992
225 94 64 128 0.717984
226 94 64 128 0.465112
227 94 64 128 0.319402
228 94 64 128 0.255661
229 94 64 128 0.189284
230 94 64 128 0.20218
231 94 64 128 0.23022
232 94 64 128 0.171933
233 94 64 128 0.129953
234 94 64 128 0.0664952
235 94 64 128 0.0547919
236 94 64 128 0.0421204
237 94 64 128 0.0431343
238 94 64 128 0.0259866
239 94 64 128 0.0187132
240 94 64 128 0.0113774
244 94 64 128 0.0114473
245 94 64 128 0.0143327
246 94 64 128 0.020619
247 94 64 128 0.0258721
248 94 64 128 0.0326488
249 94 64 128 0.0385022
250 94 64 128 0.0553718
251 94 64 128 0.0433915
252 94 64 128 0.0454352
253 94 64 128 0.0476361
254 94 64 128 0.0618044
255 94 64 128 0.05366
10 95 64 128 0.0101267
31 95 64 128 0.0101948
32 95 64 128 0.0100125
33 95 64 128 0.0159201
124 95 64 128 0.0199683
125 95 64 128 0.0598916
126 95 64 128 0.0600809
127 95 64 128 0.0498169
128 95 64 128 0.0135374
157 95 64 128 0.0127926
158 95 64 128 0.0171511
159 95 64 128 0.0195722
160 95 64 128 0.0165768
161 95 64 128 0.025457
162 95 64 128 0.0389388
163 95 64 128 0.0498527
164 95 64 128 0.0413235
165 95 64 128 0.072263
166 95 64 128 0.0267191
167 95 64 128 0.0241118
168 95 64 128 0.0207721
169 95 64 128 0.0225165
170 95 64 128 0.0162046
171 95 64 128 0.0182199
172 95 64 128 0.0205501
173 95 64 128 0.0232747
174 95 64 128 0.0173142
188 95 64 128 0.0126572
189 95 64 128 0.0102697
190 95 64 128 0.0431946
191 95 64 128 0.0419103
192 95 64 128 0.146882
193 95 64 128 0.1977
194 95 64 128 0.513117
195 95 64 128 0.441902
196 95 64 128 0.653816
197 95 64 128 0.521626
198 95 64 128 0.661067
199 95 64 128 0.5602
200 95 64 128 0.694998
201 95 64 128 0.721782
202 95 64 128 0.888786
203 95 64 128 0.901693
204 95 64 128 0.948108
205 95 64 128 0.962643
206 95 64 128 0.972968
207 95 64 128 0.96426
208 95 64 128 0.955511
209 95 64 128 0.924315
210 95 64 128 0.90049
211 95 64 128 0.800231
212 95 64 128 0.712602
213 95 64 128 0.524532
214 95 64 128 0.629849
215 95 64 128 0.732902
216 95 64 128 0.877106
217 95 64 128 0.900913
218 95 64 128 0.955651
219 95 64 128 0.967961
220 95 64 128 0.975537
221 95 64 128 0.965906
222 95 64 128 0.969541
223 95 64 128 0.956861
224 95 64 128 0.921827
225 95 64 128 0.810629
226 95 64 128 0.619926
227 95 64 128 0.412378
228 95 64 128 0.374387
229 95 64 128 0.281945
230 95 64 128 0.365964
231 95 64 128 0.36529
232 95 64 128 0.302945
233 95 64 128 0.216768
234 95 64 128 0.154329
235 95 64 128 0.113536
236 95 64 128 0.119316
237 95 64 128 0.0987836
238 95 64 128 0.0664677
239 95 64 128 0.0444266
240 95 64 128 0.0302634
241 95 64 128 0.0224958
242 95 64 128 0.0177573
243 95 64 128 0.0200074
244 95 64 128 0.0259166
245 95 64 128 0.0301652
246 95 64 128 0.0386518
247 95 64 128 0.0497423
248 95 64 128 0.0635505
249 95 64 128 0.0678132
250 95 64 128 0.0848119
251 95 64 128 0.0747406
252 95 64 128 0.0832575
253 95 64 128 0.0838279
254 95 64 128 0.10823
255 95 64 128 0.104004
9 96 64 128 0.0119159
10 96 64 128 0.0135362
11 96 64 128 0.0112059
31 96 64 128 0.0140346
32 96 64 128 0.0142285
33 96 64 128 0.0178638
124 96 64 128 0.0122993
125 96 64 128 0.0277712
126 96 64 128 0.0322623
127 96 64 128 0.0260357
158 96 64 128 0.0100047
161 96 64 128 0.0122266
162 96 64 128 0.0172591
163 96 64 128 0.0183234
164 96 64 128 0.01673
165 96 64 128 0.0222988
166 96 64 128 0.0105454
173 96 64 128 0.0110446
190 96 64 128 0.0168957
191 96 64 128 0.015276
192 96 64 128 0.0638057
193 96 64 128 0.0685534
194 96 64 128 0.24539
195 96 64 128 0.159909
196 96 64 128 0.377662
197 96 64 128 0.238775
198 96 64 128 0.366675
199 96 64 128 0.244979
200 96 64 128 0.405937
201 96 64 128 0.413112
202 96 64 128 0.680173
203 96 64 128 0.701125
204 96 64 128 0.840868
205 96 64 128 0.895
206 96 64 128 0.915367
207 96 64 128 0.895797
208 96 64 128 0.890091
209 96 64 128 0.837464
210 96 64 128 0.785793
211 96 64 128 0.641706
212 96 64 128 0.614589
213 96 64 128 0.40293
214 96 64 128 0.533066
215 96 64 128 0.576416
216 96 64 128 0.809333
217 96 64 128 0.818914
218 96 64 128 0.915596
219 96 64 128 0.924509
220 96 64 128 0.952908
221 96 64 128 0.920086
222 96 64 128 0.934844
223 96 64 128 0.899946
224 96 64 128 0.859907
225 96 64 128 0.669426
226 96 64 128 0.475385
227 96 64 128 0.300942
228 96 64 128 0.301897
229 96 64 128 0.200284
230 96 64 128 0.275737
231 96 64 128 0.293145
232 96 64 128 0.299383
233 96 64 128 0.214435
234 96 64 128 0.167435
235 96 64 128 0.116656
236 96 64 128 0.134366
237 96 64 128 0.119617
238 96 64 128 0.0858803
239 96 64 128 0.0631953
240 96 64 128 0.0422848
241 96 64 128 0.0314906
242 96 64 128 0.0273678
243 96 64 128 0.0332632
244 96 64 128 0.0383842
245 96 64 128 0.0453591
246 96 64 128 0.0641882
247 96 64 128 0.0805129
248 96 64 128 0.104102
249 96 64 128 0.110485
250 96 64 128 0.123339
251 96 64 128 0.126483
252 96 64 128 0.133333
253 96 64 128 0.142505
254 96 64 128 0.159759
255 96 64 128 0.159796
9 97 64 128 0.0120285
10 97 64 128 0.0149771
11 97 64 128 0.0121629
33 97 64 128 0.0116499
124 97 64 128 0.0139896
125 97 64 128 0.0306462
126 97 64 128 0.0402282
127 97 64 128 0.0336735
128 97 64 128 0.0143672
158 97 64 128 0.0152422
159 97 64 128 0.0107191
160 97 64 128 0.0117286
161 97 64 128 0.0158623
162 97 64 128 0.0288329
163 97 64 128 0.0258517
164 97 64 128 0.0259055
165 97 64 128 0.0412067
166 97 64 128 0.019889
167 97 64 128 0.0171722
168 97 64 128 0.015253
169 97 64 128 0.0197928
170 97 64 128 0.0120076
171 97 64 128 0.0126648
172 97 64 128 0.0116908
173 97 64 128 0.0140721
174 97 64 128 0.0103974
190 97 64 128 0.0176503
191 97 64 128 0.0142077
192 97 64 128 0.0463735
193 97 64 128 0.0524129
194 97 64 128 0.188412
195 97 64 128 0.133335
196 97 64 128 0.297317
197 97 64 128 0.155062
198 97 64 128 0.221712
199 97 64 128 0.169765
200 97 64 128 0.253576
201 97 64 128 0.244165
202 97 64 128 0.463239
203 97 64 128 0.52248
204 97 64 128 0.663985
205 97 64 128 0.753296
206 97 64 128 0.791031
207 97 64 128 0.758339
208 97 64 128 0.706073
209 97 64 128 0.592438
210 97 64 128 0.498412
211 97 64 128 0.414191
212 97 64 128 0.353573
213 97 64 128 0.232065
214 97 64 128 0.313981
215 97 64 128 0.398132
216 97 64 128 0.645885
217 97 64 128 0.743304
218 97 64 128 0.873246
219 97 64 128 0.90948
220 97 64 128 0.933999
221 97 64 128 0.895428
222 97 64 128 0.907817
223 97 64 128 0.877963
224 97 64 128 0.840126
225 97 64 128 0.706552
226 97 64 128 0.53122
227 97 64 128 0.381907
228 97 64 128 0.39025
229 97 64 128 0.283968
230 97 64 128 0.385345
231 97 64 128 0.376947
232 97 64 128 0.405625
233 97 64 128 0.310621
234 97 64 128 0.251792
235 97 64 128 0.166503
236 97 64 128 0.215793
237 97 64 128 0.170472
238 97 64 128 0.132288
239 97 64 128 0.0979451
240 97 64 128 0.0787637
241 97 64 128 0.0692495
242 97 64 128 0.0586674
243 97 64 128 0.0601956
244 97 64 128 0.0757072
245 97 64 128 0.102497
246 97 64 128 0.130114
247 97 64 128 0.173104
248 97 64 128 0.205236
249 97 64 128 0.181341
250 97 64 128 0.211981
251 97 64 128 0.189678
252 97 64 128 0.22388
253 97 64 128 0.204929
254 97 64 128 0.23189
255 97 64 128 0.230923
8 98 64 128 0.0101835
9 98 64 128 0.0133823
10 98 64 128 0.015672
11 98 64 128 0.0143921
12 98 64 128 0.010576
125 98 64 128 0.0216474
126 98 64 128 0.0277384
127 98 64 128 0.0264357
162 98 64 128 0.0119438
165 98 64 128 0.0137432
173 98 64 128 0.0105563
192 98 64 128 0.0135266
193 98 64 128 0.0141072
194 98 64 128 0.052304
195 98 64 128 0.0321327
196 98 64 128 0.0781526
197 98 64 128 0.0402238
198 98 64 128 0.0711396
199 98 64 128 0.0443092
200 98 64 128 0.0668684
201 98 64 128 0.0622199
202 98 64 128 0.14371
203 98 64 128 0.174093
204 98 64 128 0.334026
205 98 64 128 0.463713
206 98 64 128 0.521163
207 98 64 128 0.45834
208 98 64 128 0.411374
209 98 64 128 0.327107
210 98 64 128 0.259468
211 98 64 128 0.194497
212 98 64 128 0.187906
213 98 64 128 0.0950242
214 98 64 128 0.154993
215 98 64 128 0.180216
216 98 64 128 0.406431
217 98 64 128 0.43768
218 98 64 128 0.66081
219 98 64 128 0.744074
220 98 64 128 0.809327
221 98 64 128 0.742312
222 98 64 128 0.767627
223 98 64 128 0.720528
224 98 64 128 0.693438
225 98 64 128 0.513355
226 98 64 128 0.386519
227 98 64 128 0.24633
228 98 64 128 0.267726
229 98 64 128 0.204169
230 98 64 128 0.267117
231 98 64 128 0.275722
232 98 64 128 0.292503
233 98 64 128 0.244709
234 98 64 128 0.164874
235 98 64 128 0.106776
236 98 64 128 0.1136
237 98 64 128 0.104684
238 98 64 128 0.0699516
239 98 64 128 0.0555142
240 98 64 128 0.040385
241 98 64 128 0.0346929
242 98 64 128 0.0311834
243 98 64 128 0.036504
244 98 64 128 0.0523867
245 98 64 128 0.0680001
246 98 64 128 0.0993314
247 98 64 128 0.133518
248 98 64 128 0.173861
249 98 64 128 0.163796
250 98 64 128 0.211958
251 98 64 128 0.198138
252 98 64 128 0.236614
253 98 64 128 0.242416
254 98 64 128 0.269798
255 98 64 128 0.287976
9 99 64 128 0.0102781
10 99 64 128 0.0108576
11 99 64 128 0.0105159
124 99 64 128 0.0154842
125 99 64 128 0.0313892
126 99 64 128 0.0364383
127 99 64 128 0.0326256
128 99 64 128 0.0127564
158 99 64 128 0.0108165
162 99 64 128 0.0105972
165 99 64 128 0.0117871
192 99 64 128 0.0139511
193 99 64 128 0.0171212
194 99 64 128 0.0482833
195 99 64 128 0.0257405
196 99 64 128 0.0502314
197 99 64 128 0.0255246
198 99 64 128 0.0424539
199 99 64 128 0.0258964
200 99 64 128 0.0411275
201 99 64 128 0.031896
202 99 64 128 0.0788262
203 99 64 128 0.0897899
204 99 64 128 0.155024
205 99 64 128 0.204459
206 99 64 128 0.272057
207 99 64 128 0.207342
208 99 64 128 0.169293
209 99 64 128 0.103664
210 99 64 128 0.0938633
211 99 64 128 0.0647598
212 99 64 128 0.0567956
213 99 64 128 0.0365586
214 99 64 128 0.0805183
215 99 64 128 0.0944002
216 99 64 128 0.257174
217 99 64 128 0.365037
218 99 64 128 0.616123
219 99 64 128 0.657673
220 99 64 128 0.749605
221 99 64 128 0.684554
222 99 64 128 0.729621
223 99 64 128 0.68121
224 99 64 128 0.682115
225 99 64 128 0.535479
226 99 64 128 0.40963
227 99 64 128 0.276784
228 99 64 128 0.275208
229 99 64 128 0.200626
230 99 64 128 0.249819
231 99 64 128 0.228775
232 99 64 128 0.271889
233 99 64 128 0.179091
234 99 64 128 0.13517
235 99 64 128 0.08577
236 99 64 128 0.0970266
237 99 64 128 0.0841435
238 99 64 128 0.0727807
239 99 64 128 0.0522442
240 99 64 128 0.0437976
241 99 64 128 0.036521
242 99 64 128 0.0294947
243 99 64 128 0.0286103
244 99 64 128 0.0449103
245 99 64 128 0.0618448
246 99 64 128 0.0839291
247 99 64 128 0.103687
248 99 64 128 0.13822
249 99 64 128 0.127208
250 99 64 128 0.16098
251 99 64 128 0.146096
252 99 64 128 0.195215
253 99 64 128 0.210196
254 99 64 128 0.258274
255 99 64 128 0.279544
124 100 64 128 0.0167111
125 100 64 128 0.0243104
126 100 64 128 0.0258205
127 100 64 128 0.0214805
128 100 64 128 0.0101154
194 100 64 128 0.0167735
196 100 64 128 0.0145058
198 100 64 128 0.0105987
202 100 64 128 0.0146818
203 100 64 128 0.0157096
204 100 64 128 0.0283269
205 100 64 128 0.040212
206 100 64 128 0.0573726
207 100 64 128 0.0432208
208 100 64 128 0.0367796
209 100 64 128 0.0271366
210 100 64 128 0.0216343
211 100 64 128 0.0163864
212 100 64 128 0.0155964
213 100 64 128 0.0126782
214 100 64 128 0.0234211
215 100 64 128 0.032388
216 100 64 128 0.091659
217 100 64 128 0.136935
218 100 64 128 0.270091
219 100 64 128 0.288345
220 100 64 128 0.383145
221 100 64 128 0.302236
222 100 64 128 0.373553
223 100 64 128 0.320299
224 100 64 128 0.33822
225 100 64 128 0.22511
226 100 64 128 0.181326
227 100 64 128 0.114928
228 100 64 128 0.117903
229 100 64 128 0.0767803
230 100 64 128 0.104344
231 100 64 128 0.09705
232 100 64 128 0.126224
233 100 64 128 0.0810623
234 100 64 128 0.0601434
235 100 64 128 0.0338525
236 100 64 128 0.0395519
237 100 64 128 0.030712
238 100 64 128 0.0230787
239 100 64 128 0.0155785
240 100 64 128 0.012961
241 100 64 128 0.0100354
243 100 64 128 0.0107561
244 100 64 128 0.017572
245 100 64 128 0.0255951
246 100 64 128 0.047018
247 100 64 128 0.0592332
248 100 64 128 0.0810282
249 100 64 128 0.077196
250 100 64 128 0.113242
251 100 64 128 0.114949
252 100 64 128 0.15178
253 100 64 128 0.156164
254 100 64 128 0.211873
255 100 64 128 0.255692
123 101 64 128 0.0109016
124 101 64 128 0.016599
125 101 64 128 0.0292638
126 101 64 128 0.0300016
127 101 64 128 0.0297824
128 101 64 128 0.0121998
194 101 64 128 0.0163653
195 101 64 128 0.0100152
196 101 64 128 0.0167898
204 101 64 128 0.0122742
205 101 64 128 0.0143884
206 101 64 128 0.0171405
207 101 64 128 0.014175
208 101 64 128 0.0124512
214 101 64 128 0.0156404
215 101 64 128 0.0216505
216 101 64 128 0.0635804
217 101 64 128 0.0958443
218 101 64 128 0.175519
219 101 64 128 0.172391
220 101 64 128 0.265339
221 101 64 128 0.210462
222 101 64 128 0.274974
223 101 64 128 0.244276
224 101 64 128 0.251098
225 101 64 128 0.156025
226 101 64 128 0.108976
227 101 64 128 0.0710429
228 101 64 128 0.0607591
229 101 64 128 0.0348524
230 101 64 128 0.0429234
231 101 64 128 0.049357
232 101 64 128 0.0618376
233 101 64 128 0.0405005
234 101 64 128 0.0313846
235 101 64 128 0.0185686
236 101 64 128 0.0241057
237 101 64 128 0.0182394
238 101 64 128 0.0156544
239 101 64 128 0.01083
240 101 64 128 0.0100011
245 101 64 128 0.0137498
246 101 64 128 0.0220429
247 101 64 128 0.0289561
248 101 64 128 0.039538
249 101 64 128 0.0430644
250 101 64 128 0.0618827
251 101 64 128 0.0583335
252 101 64 128 0.0927839
253 101 64 128 0.0993845
254 101 64 128 0.137031
255 101 64 128 0.166394
123 102 64 128 0.0133453
124 102 64 128 0.0198418
125 102 64 128 0.0382664
126 102 64 128 0.0384594
127 102 64 128 0.0318539
128 102 64 128 0.0141059
214 102 64 128 0.0104542
215 102 64 128 0.0136109
216 102 64 128 0.0372764
217 102 64 128 0.0514292
218 102 64 128 0.0804665
219 102 64 128 0.071137
220 102 64 128 0.0994369
221 102 64 128 0.0781615
222 102 64 128 0.0962269
223 102 64 128 0.0829
224 102 64 128 0.0955245
225 102 64 128 0.0678663
226 102 64 128 0.0500914
227 102 64 128 0.0315581
228 102 64 128 0.0250614
229 102 64 128 0.0155682
230 102 64 128 0.0142797
231 102 64 128 0.0189731
232 102 64 128 0.0230816
233 102 64 128 0.0156612
234 102 64 128 0.0116649
248 102 64 128 0.013309
249 102 64 128 0.0144407
250 102 64 128 0.0226749
251 102 64 128 0.0280595
252 102 64 128 0.0476377
253 102 64 128 0.0572616
254 102 64 128 0.0806456
255 102 64 128 0.115066
15 103 64 128 0.0103288
123 103 64 128 0.0137251
124 103 64 128 0.0215672
125 103 64 128 0.0449491
126 103 64 128 0.0506723
127 103 64 128 0.0370744
128 103 64 128 0.0200643
216 103 64 128 0.0235024
217 103 64 128 0.0327404
218 103 64 128 0.0585078
219 103 64 128 0.04541
220 103 64 128 0.0639596
221 103 64 128 0.0473935
222 103 64 128 0.0648786
223 103 64 128 0.0544587
224 103 64 128 0.0687178
225 103 64 128 0.0541338
226 103 64 128 0.0405323
227 103 64 128 0.0220517
228 103 64 128 0.0178318
232 103 64 128 0.0113162
252 103 64 128 0.0200725
253 103 64 128 0.0274116
254 103 64 128 0.0399549
255 103 64 128 0.0646291
10 104 64 128 0.0100652
13 104 64 128 0.0104468
14 104 64 128 0.0124762
15 104 64 128 0.015647
16 104 64 128 0.0144426
123 104 64 128 0.0156833
124 104 64 128 0.0285516
125 104 64 128 0.0568565
126 104 64 128 0.0637967
127 104 64 128 0.053525
128 104 64 128 0.0302545
129 104 64 128 0.0152554
217 104 64 128 0.0122972
218 104 64 128 0.0157491
219 104 64 128 0.0114929
220 104 64 128 0.0135937
221 104 64 128 0.0110317
222 104 64 128 0.0132511
223 104 64 128 0.0143237
224 104 64 128 0.0173298
225 104 64 128 0.0155633
226 104 64 128 0.0140556
253 104 64 128 0.0129291
254 104 64 128 0.0215721
255 104 64 128 0.0343081
8 105 64 128 0.0125122
9 105 64 128 0.0142546
10 105 64 128 0.0162098
11 105 64 128 0.0151464
12 105 64 128 0.0131406
13 105 64 128 0.0154008
14 105 64 128 0.0185349
15 105 64 128 0.0248742
16 105 64 128 0.0252015
17 105 64 128 0.0166155
123 105 64 128 0.013785
124 105 64 128 0.0214006
125 105 64 128 0.0462585
126 105 64 128 0.0554093
127 105 64 128 0.0498221
128 105 64 128 0.0280053
129 105 64 128 0.013901
224 105 64 128 0.0103543
225 105 64 128 0.012378
254 105 64 128 0.0127377
255 105 64 128 0.0203154
2 106 64 128 0.0116199
3 106 64 128 0.0117887
4 106 64 128 0.0131056
5 106 64 128 0.0120787
6 106 64 128 0.0131481
7 106 64 128 0.0139527
8 106 64 128 0.0230187
9 106 64 128 0.0255367
10 106 64 128 0.0271908
11 106 64 128 0.0229113
12 106 64 128 0.0217465
13 106 64 128 0.0246753
14 106 64 128 0.0276959
15 106 64 128 0.0382264
16 106 64 128 0.0486891
17 106 64 128 0.0388016
18 106 64 128 0.0220115
19 106 64 128 0.0109825
123 106 64 128 0.0130042
124 106 64 128 0.0239349
125 106 64 128 0.0550714
126 106 64 128 0.0675677
127 106 64 128 0.0530133
128 106 64 128 0.0278401
129 106 64 128 0.016288
255 106 64 128 0.0106472
1 107 64 128 0.0109223
2 107 64 128 0.0132471
3 107 64 128 0.014672
4 107 64 128 0.0179246
5 107 64 128 0.0194716
6 107 64 128 0.0186692
7 107 64 128 0.0210174
8 107 64 128 0.0290537
9 107 64 128 0.0341787
10 107 64 128 0.0355024
11 107 64 128 0.0316795
12 107 64 128 0.0293911
13 107 64 128 0.0333117
14 107 64 128 0.039962
15 107 64 128 0.0491861
16 107 64 128 0.0558422
17 107 64 128 0.0457255
18 107 64 128 0.0282146
19 107 64 128 0.0123279
29 107 64 128 0.0129358
30 107 64 128 0.0147419
31 107 64 128 0.0197548
32 107 64 128 0.0141644
123 107 64 128 0.0199665
124 107 64 128 0.044456
125 107 64 128 0.0862342
126 107 64 128 0.0986365
127 107 64 128 0.0738128
128 107 64 128 0.0475238
129 107 64 128 0.022853
130 107 64 128 0.0133275
225 107 64 128 0.012334
226 107 64 128 0.0152928
227 107 64 128 0.0112091
0 108 64 128 0.0114307
1 108 64 128 0.015847
2 108 64 128 0.0209993
3 108 64 128 0.0211427
4 108 64 128 0.0232554
5 108 64 128 0.0230747
6 108 64 128 0.0261785
7 108 64 128 0.0265415
8 108 64 128 0.0378722
9 108 64 128 0.0437541
10 108 64 128 0.0511428
11 108 64 128 0.0430617
12 108 64 128 0.0407992
13 108 64 128 0.0428431
14 108 64 128 0.0515439
15 108 64 128 0.0637186
16 108 64 128 0.0743455
17 108 64 128 0.0572108
18 108 64 128 0.0354736
19 108 64 128 0.0166304
20 108 64 128 0.0108647
27 108 64 128 0.0117715
28 108 64 128 0.013341
29 108 64 128 0.0259591
30 108 64 128 0.0265425
31 108 64 128 0.0386618
32 108 64 128 0.0329717
33 108 64 128 0.0201511
34 108 64 128 0.0143866
123 108 64 128 0.0242238
124 108 64 128 0.0443001
125 108 64 128 0.0944841
126 108 64 128 0.0937706
127 108 64 128 0.0681759
128 108 64 128 0.0453037
129 108 64 128 0.0246545
130 108 64 128 0.0134038
225 108 64 128 0.012255
226 108 64 128 0.0170559
227 108 64 128 0.0125429
0 109 64 128 0.0132658
1 109 64 128 0.0181114
2 109 64 128 0.0217664
3 109 64 128 0.0228282
4 109 64 128 0.025603
5 109 64 128 0.0226001
6 109 64 128 0.0248625
7 109 64 128 0.0287656
8 109 64 128 0.0452965
9 109 64 128 0.0464966
10 109 64 128 0.0540153
11 109 64 128 0.0463329
12 109 64 128 0.0424848
13 109 64 128 0.0426633
14 109 64 128 0.0508833
15 109 64 128 0.058805
16 109 64 128 0.0651528
17 109 64 128 0.0452102
18 109 64 128 0.0272603
19 109 64 128 0.0120021
27 109 64 128 0.0117839
28 109 64 128 0.0160581
29 109 64 128 0.0296687
30 109 64 128 0.0356251
31 109 64 128 0.0508514
32 109 64 128 0.0489142
33 109 64 128 0.0359203
34 109 64 128 0.0269776
35 109 64 128 0.0150493
123 109 64 128 0.024273
124 109 64 128 0.0395529
125 109 64 128 0.0743255
126 109 64 128 0.0642198
127 109 64 128 0.0504442
128 109 64 128 0.0376761
129 109 64 128 0.0214465
130 109 64 128 0.0106374
165 109 64 128 0.0119155
224 109 64 128 0.0138311
225 109 64 128 0.0186249
226 109 64 128 0.0210113
227 109 64 128 0.0167311
0 110 64 128 0.0222431
1 110 64 128 0.0303384
2 110 64 128 0.0393548
3 110 64 128 0.0386311
4 110 64 128 0.0432532
5 110 64 128 0.0431885
6 110 64 128 0.0474396
7 110 64 128 0.0489737
8 110 64 128 0.076155
9 110 64 128 0.0756334
10 110 64 128 0.0931101
11 110 64 128 0.0759666
12 110 64 128 0.0722061
13 110 64 128 0.0653052
14 110 64 128 0.071067
15 110 64 128 0.0822677
16 110 64 128 0.0859413
17 110 64 128 0.05286
18 110 64 128 0.0311058
19 110 64 128 0.0135353
25 110 64 128 0.0132493
26 110 64 128 0.0127601
27 110 64 128 0.0176627
28 110 64 128 0.0232918
29 110 64 128 0.0394372
30 110 64 128 0.051326
31 110 64 128 0.0760995
32 110 64 128 0.0737313
33 110 64 128 0.056545
34 110 64 128 0.0532009
35 110 64 128 0.0317236
123 110 64 128 0.0123036
124 110 64 128 0.0216532
125 110 64 128 0.038182
126 110 64 128 0.0317247
127 110 64 128 0.0219638
128 110 64 128 0.0152384
165 110 64 128 0.0102844
224 110 64 128 0.0123802
225 110 64 128 0.0155249
226 110 64 128 0.0196177
227 110 64 128 0.0160851
0 111 64 128 0.0262664
1 111 64 128 0.0345837
2 111 64 128 0.0361353
3 111 64 128 0.039945
4 111 64 128 0.041671
5 111 64 128 0.0387858
6 111 64 128 0.0374334
7 111 64 128 0.0452928
8 111 64 128 0.0688316
9 111 64 128 0.0714207
10 111 64 128 0.0764618
11 111 64 128 0.0655166
12 111 64 128 0.0564077
13 111 64 128 0.0509598
14 111 64 128 0.0513588
15 111 64 128 0.0470511
16 111 64 128 0.0451584
17 111 64 128 0.0296373
18 111 64 128 0.0167941
26 111 64 128 0.0102517
27 111 64 128 0.0123027
28 111 64 128 0.0164897
29 111 64 128 0.0298039
30 111 64 128 0.0453783
31 111 64 128 0.0682045
32 111 64 128 0.0687188
33 111 64 128 0.0554713
34 111 64 128 0.0644598
35 111 64 128 0.0493952
36 111 64 128 0.0114377
123 111 64 128 0.017818
124 111 64 128 0.0308266
125 111 64 128 0.0473104
126 111 64 128 0.0334022
127 111 64 128 0.0241152
128 111 64 128 0.0151661
129 111 64 128 0.0101844
162 111 64 128 0.0120502
163 111 64 128 0.0130877
164 111 64 128 0.0145715
165 111 64 128 0.0143209
166 111 64 128 0.0100975
224 111 64 128 0.011782
225 111 64 128 0.0135486
226 111 64 128 0.0177718
227 111 64 128 0.0133334
