0 0 93 275 0.0130806
7 0 93 275 0.0119436
8 0 93 275 0.0116887
9 0 93 275 0.0145295
10 0 93 275 0.0241919
11 0 93 275 0.0183139
12 0 93 275 0.0100836
13 0 93 275 0.0115524
14 0 93 275 0.0107537
15 0 93 275 0.0171861
16 0 93 275 0.0298521
17 0 93 275 0.03025
18 0 93 275 0.0221473
19 0 93 275 0.012808
0 1 93 275 0.0109652
8 1 93 275 0.0100678
9 1 93 275 0.0122013
10 1 93 275 0.0192407
11 1 93 275 0.0146695
15 1 93 275 0.0139891
16 1 93 275 0.0241924
17 1 93 275 0.0252947
18 1 93 275 0.0189371
19 1 93 275 0.0107682
10 2 93 275 0.0110667
16 2 93 275 0.0143064
17 2 93 275 0.0163088
18 2 93 275 0.0129585
17 3 93 275 0.0109789
0 4 93 275 0.0108024
0 5 93 275 0.0106266
6 87 93 275 0.0119375
6 88 93 275 0.0108267
6 90 93 275 0.0124701
5 91 93 275 0.0141773
6 91 93 275 0.0174393
5 92 93 275 0.0150631
6 92 93 275 0.0181482
5 93 93 275 0.0143656
6 93 93 275 0.0166394
4 94 93 275 0.0107605
5 94 93 275 0.0188581
6 94 93 275 0.0212409
7 94 93 275 0.0106462
4 95 93 275 0.0159839
5 95 93 275 0.029355
6 95 93 275 0.0331816
7 95 93 275 0.0158882
3 96 93 275 0.0112546
4 96 93 275 0.02069
5 96 93 275 0.0390271
6 96 93 275 0.0445646
7 96 93 275 0.0202749
3 97 93 275 0.0148255
4 97 93 275 0.0254756
5 97 93 275 0.0465481
6 97 93 275 0.0525327
7 97 93 275 0.0231833
3 98 93 275 0.0212597
4 98 93 275 0.0391021
5 98 93 275 0.0627115
6 98 93 275 0.0656033
7 98 93 275 0.0317764
8 98 93 275 0.0101807
2 99 93 275 0.0129595
3 99 93 275 0.0326437
4 99 93 275 0.0677055
5 99 93 275 0.0964449
6 99 93 275 0.0923855
7 99 93 275 0.0519915
8 99 93 275 0.0221357
9 99 93 275 0.0104695
2 100 93 275 0.019748
3 100 93 275 0.0500892
4 100 93 275 0.105309
5 100 93 275 0.145511
6 100 93 275 0.137193
7 100 93 275 0.0825014
8 100 93 275 0.037755
9 100 93 275 0.0165319
1 101 93 275 0.0118387
2 101 93 275 0.0322564
3 101 93 275 0.0744076
4 101 93 275 0.145766
5 101 93 275 0.206674
6 101 93 275 0.203014
7 101 93 275 0.122359
8 101 93 275 0.0541877
9 101 93 275 0.0227724
1 102 93 275 0.0180904
2 102 93 275 0.0492036
3 102 93 275 0.105864
4 102 93 275 0.196452
5 102 93 275 0.284333
6 102 93 275 0.290416
7 102 93 275 0.181477
8 102 93 275 0.0828014
9 102 93 275 0.03452
10 102 93 275 0.0155096
1 103 93 275 0.0257766
2 103 93 275 0.0683327
3 103 93 275 0.144231
4 103 93 275 0.267132
5 103 93 275 0.383013
6 103 93 275 0.397066
7 103 93 275 0.270396
8 103 93 275 0.137283
9 103 93 275 0.0583314
10 103 93 275 0.0260471
11 103 93 275 0.0136382
1 104 93 275 0.0354286
2 104 93 275 0.0904769
3 104 93 275 0.186276
4 104 93 275 0.34332
5 104 93 275 0.481104
6 104 93 275 0.499989
7 104 93 275 0.367132
8 104 93 275 0.203824
9 104 93 275 0.0898719
10 104 93 275 0.0406641
11 104 93 275 0.0215007
12 104 93 275 0.011754
0 105 93 275 0.0125454
1 105 93 275 0.04794
2 105 93 275 0.117935
3 105 93 275 0.226948
4 105 93 275 0.397427
5 105 93 275 0.543158
6 105 93 275 0.565523
7 105 93 275 0.432525
8 105 93 275 0.253829
9 105 93 275 0.11872
10 105 93 275 0.056503
11 105 93 275 0.0299453
12 105 93 275 0.0158454
0 106 93 275 0.0158928
1 106 93 275 0.0614175
2 106 93 275 0.146389
3 106 93 275 0.259799
4 106 93 275 0.421563
5 106 93 275 0.560459
6 106 93 275 0.585968
7 106 93 275 0.461665
8 106 93 275 0.282188
9 106 93 275 0.139168
10 106 93 275 0.0702188
11 106 93 275 0.0374895
12 106 93 275 0.0189527
0 107 93 275 0.0179612
1 107 93 275 0.071394
2 107 93 275 0.165444
3 107 93 275 0.277157
4 107 93 275 0.426052
5 107 93 275 0.549064
6 107 93 275 0.577667
7 107 93 275 0.481084
8 107 93 275 0.305374
9 107 93 275 0.149954
10 107 93 275 0.0780802
11 107 93 275 0.0427551
12 107 93 275 0.0212153
0 108 93 275 0.0179171
1 108 93 275 0.0739542
2 108 93 275 0.168112
3 108 93 275 0.273892
4 108 93 275 0.41239
5 108 93 275 0.517865
6 108 93 275 0.550403
7 108 93 275 0.492798
8 108 93 275 0.321997
9 108 93 275 0.150259
10 108 93 275 0.0786157
11 108 93 275 0.0446873
12 108 93 275 0.0224232
0 109 93 275 0.0161017
1 109 93 275 0.0661564
2 109 93 275 0.152779
3 109 93 275 0.248725
4 109 93 275 0.368134
5 109 93 275 0.463873
6 109 93 275 0.503021
7 109 93 275 0.461101
8 109 93 275 0.303273
9 109 93 275 0.139688
10 109 93 275 0.0737048
11 109 93 275 0.0427068
12 109 93 275 0.0218126
0 110 93 275 0.0134445
1 110 93 275 0.0503631
2 110 93 275 0.125685
3 110 93 275 0.21022
4 110 93 275 0.300072
5 110 93 275 0.397665
6 110 93 275 0.445558
7 110 93 275 0.382187
8 110 93 275 0.245583
9 110 93 275 0.122336
10 110 93 275 0.0665404
11 110 93 275 0.0378717
12 110 93 275 0.0195567
0 111 93 275 0.0120523
1 111 93 275 0.0414002
2 111 93 275 0.110761
3 111 93 275 0.189691
4 111 93 275 0.263519
5 111 93 275 0.364432
6 111 93 275 0.416842
7 111 93 275 0.335525
8 111 93 275 0.210546
9 111 93 275 0.112934
10 111 93 275 0.0628081
11 111 93 275 0.0350537
12 111 93 275 0.0181701
0 0 64 128 0.0159992
6 0 64 128 0.0118423
7 0 64 128 0.0312222
8 0 64 128 0.0523352
9 0 64 128 0.104266
10 0 64 128 0.223006
11 0 64 128 0.61129
12 0 64 128 0.842957
13 0 64 128 0.78521
14 0 64 128 0.485303
15 0 64 128 0.253863
16 0 64 128 0.215113
17 0 64 128 0.436504
18 0 64 128 0.536555
19 0 64 128 0.717078
20 0 64 128 0.790665
21 0 64 128 0.81177
22 0 64 128 0.737566
23 0 64 128 0.736568
24 0 64 128 0.791544
25 0 64 128 0.843806
26 0 64 128 0.815477
27 0 64 128 0.714354
28 0 64 128 0.453204
29 0 64 128 0.236825
30 0 64 128 0.129375
31 0 64 128 0.140964
32 0 64 128 0.142297
33 0 64 128 0.118092
34 0 64 128 0.0838366
35 0 64 128 0.0370096
36 0 64 128 0.0161113
50 0 64 128 0.0155201
51 0 64 128 0.0224288
52 0 64 128 0.0362804
53 0 64 128 0.050069
54 0 64 128 0.0634843
55 0 64 128 0.067386
56 0 64 128 0.078734
57 0 64 128 0.0937836
58 0 64 128 0.105175
59 0 64 128 0.106715
60 0 64 128 0.122054
61 0 64 128 0.133107
62 0 64 128 0.125876
63 0 64 128 0.108127
64 0 64 128 0.0959256
65 0 64 128 0.0773781
66 0 64 128 0.0664588
67 0 64 128 0.0526542
68 0 64 128 0.0456521
69 0 64 128 0.03223
70 0 64 128 0.0201357
71 0 64 128 0.0133208
97 0 64 128 0.0115024
98 0 64 128 0.0129034
99 0 64 128 0.0139528
100 0 64 128 0.0132787
101 0 64 128 0.0136173
102 0 64 128 0.0115537
103 0 64 128 0.0104874
126 0 64 128 0.010213
127 0 64 128 0.0120066
128 0 64 128 0.0131722
129 0 64 128 0.0125727
130 0 64 128 0.011569
131 0 64 128 0.0104573
160 0 64 128 0.0102421
161 0 64 128 0.0156831
162 0 64 128 0.0162241
163 0 64 128 0.024034
164 0 64 128 0.0340309
165 0 64 128 0.0541537
166 0 64 128 0.0518833
167 0 64 128 0.0453608
168 0 64 128 0.0301775
169 0 64 128 0.0227806
171 0 64 128 0.0106535
172 0 64 128 0.0112303
173 0 64 128 0.0109842
0 1 64 128 0.0168579
6 1 64 128 0.0174253
7 1 64 128 0.0570721
8 1 64 128 0.0963164
9 1 64 128 0.174326
10 1 64 128 0.322167
11 1 64 128 0.746127
12 1 64 128 0.893527
13 1 64 128 0.868284
14 1 64 128 0.555764
15 1 64 128 0.334136
16 1 64 128 0.242941
17 1 64 128 0.456616
18 1 64 128 0.526669
19 1 64 128 0.727834
20 1 64 128 0.744282
21 1 64 128 0.764019
22 1 64 128 0.59664
23 1 64 128 0.592107
24 1 64 128 0.623977
25 1 64 128 0.705353
26 1 64 128 0.655866
27 1 64 128 0.521095
28 1 64 128 0.298516
29 1 64 128 0.1396
30 1 64 128 0.0852415
31 1 64 128 0.111913
32 1 64 128 0.128589
33 1 64 128 0.123733
34 1 64 128 0.087379
35 1 64 128 0.0412076
36 1 64 128 0.0196879
50 1 64 128 0.0138804
51 1 64 128 0.0203116
52 1 64 128 0.0350447
53 1 64 128 0.0512006
54 1 64 128 0.0596553
55 1 64 128 0.0642577
56 1 64 128 0.0719289
57 1 64 128 0.0891857
58 1 64 128 0.102192
59 1 64 128 0.102852
60 1 64 128 0.119795
61 1 64 128 0.13872
62 1 64 128 0.132175
63 1 64 128 0.113274
64 1 64 128 0.105534
65 1 64 128 0.0850029
66 1 64 128 0.0775464
67 1 64 128 0.065966
68 1 64 128 0.0624831
69 1 64 128 0.0455256
70 1 64 128 0.030066
71 1 64 128 0.0188879
72 1 64 128 0.0149045
73 1 64 128 0.011124
98 1 64 128 0.0108969
99 1 64 128 0.0130205
100 1 64 128 0.0130354
101 1 64 128 0.0150931
102 1 64 128 0.0133582
103 1 64 128 0.0129912
104 1 64 128 0.0117324
105 1 64 128 0.0122994
106 1 64 128 0.011442
107 1 64 128 0.0103944
128 1 64 128 0.0117546
129 1 64 128 0.012433
130 1 64 128 0.0126273
131 1 64 128 0.0123597
132 1 64 128 0.0108178
160 1 64 128 0.0130396
161 1 64 128 0.017671
162 1 64 128 0.0183497
163 1 64 128 0.0238167
164 1 64 128 0.0363868
165 1 64 128 0.0608003
166 1 64 128 0.0568704
167 1 64 128 0.0451078
168 1 64 128 0.0307986
169 1 64 128 0.0218407
171 1 64 128 0.0100644
172 1 64 128 0.0116987
173 1 64 128 0.011793
0 2 64 128 0.0120669
6 2 64 128 0.0163999
7 2 64 128 0.041405
8 2 64 128 0.0772844
9 2 64 128 0.1388
10 2 64 128 0.295133
11 2 64 128 0.692919
12 2 64 128 0.86687
13 2 64 128 0.807641
14 2 64 128 0.461319
15 2 64 128 0.229953
16 2 64 128 0.198503
17 2 64 128 0.412351
18 2 64 128 0.532823
19 2 64 128 0.694704
20 2 64 128 0.719685
21 2 64 128 0.700794
22 2 64 128 0.498191
23 2 64 128 0.485641
24 2 64 128 0.531055
25 2 64 128 0.605469
26 2 64 128 0.545525
27 2 64 128 0.44968
28 2 64 128 0.253202
29 2 64 128 0.113006
30 2 64 128 0.0673833
31 2 64 128 0.0958165
32 2 64 128 0.119397
33 2 64 128 0.123233
34 2 64 128 0.0961715
35 2 64 128 0.0483021
36 2 64 128 0.0244203
37 2 64 128 0.0114536
50 2 64 128 0.0126916
51 2 64 128 0.0185499
52 2 64 128 0.0303661
53 2 64 128 0.04421
54 2 64 128 0.0538892
55 2 64 128 0.058465
56 2 64 128 0.0677723
57 2 64 128 0.081183
58 2 64 128 0.0882188
59 2 64 128 0.0917052
60 2 64 128 0.106798
61 2 64 128 0.120626
62 2 64 128 0.11815
63 2 64 128 0.100028
64 2 64 128 0.0927741
65 2 64 128 0.0783323
66 2 64 128 0.0782375
67 2 64 128 0.0657173
68 2 64 128 0.067059
69 2 64 128 0.0490191
70 2 64 128 0.0339852
71 2 64 128 0.0239372
72 2 64 128 0.0192293
73 2 64 128 0.0146467
74 2 64 128 0.0100208
98 2 64 128 0.0130428
99 2 64 128 0.0179487
100 2 64 128 0.0181585
101 2 64 128 0.023731
102 2 64 128 0.0224859
103 2 64 128 0.0224541
104 2 64 128 0.0206385
105 2 64 128 0.0228497
106 2 64 128 0.0211183
107 2 64 128 0.019286
108 2 64 128 0.0142531
109 2 64 128 0.0102591
127 2 64 128 0.0102154
128 2 64 128 0.0132015
129 2 64 128 0.0156643
130 2 64 128 0.0168019
131 2 64 128 0.0168199
132 2 64 128 0.016205
133 2 64 128 0.0156226
134 2 64 128 0.0133678
135 2 64 128 0.0135601
136 2 64 128 0.0126629
160 2 64 128 0.0140251
161 2 64 128 0.0211744
162 2 64 128 0.0190593
163 2 64 128 0.025024
164 2 64 128 0.0357396
165 2 64 128 0.0581697
166 2 64 128 0.0560272
167 2 64 128 0.0454831
168 2 64 128 0.0271993
169 2 64 128 0.0182093
173 2 64 128 0.0109908
5 3 64 128 0.0126511
6 3 64 128 0.0287954
7 3 64 128 0.0794982
8 3 64 128 0.154526
9 3 64 128 0.257434
10 3 64 128 0.471389
11 3 64 128 0.810176
12 3 64 128 0.937014
13 3 64 128 0.90395
14 3 64 128 0.649286
15 3 64 128 0.373984
16 3 64 128 0.332763
17 3 64 128 0.527593
18 3 64 128 0.666316
19 3 64 128 0.79802
20 3 64 128 0.759341
21 3 64 128 0.717712
22 3 64 128 0.457419
23 3 64 128 0.445174
24 3 64 128 0.449844
25 3 64 128 0.467604
26 3 64 128 0.41698
27 3 64 128 0.339308
28 3 64 128 0.187574
29 3 64 128 0.0716291
30 3 64 128 0.0460501
31 3 64 128 0.0678825
32 3 64 128 0.0964602
33 3 64 128 0.100999
34 3 64 128 0.0869585
35 3 64 128 0.046019
36 3 64 128 0.0271245
37 3 64 128 0.0124928
50 3 64 128 0.0108863
51 3 64 128 0.0150206
52 3 64 128 0.0263278
53 3 64 128 0.0350832
54 3 64 128 0.0477151
55 3 64 128 0.0509374
56 3 64 128 0.0621188
57 3 64 128 0.0693415
58 3 64 128 0.0790342
59 3 64 128 0.0886911
60 3 64 128 0.100201
61 3 64 128 0.109662
62 3 64 128 0.109751
63 3 64 128 0.0974789
64 3 64 128 0.0930766
65 3 64 128 0.079203
66 3 64 128 0.0821142
67 3 64 128 0.0765105
68 3 64 128 0.0868499
69 3 64 128 0.0639531
70 3 64 128 0.0494459
71 3 64 128 0.0364639
72 3 64 128 0.0303955
73 3 64 128 0.0239063
74 3 64 128 0.0182007
75 3 64 128 0.0158601
76 3 64 128 0.0135725
77 3 64 128 0.0124806
78 3 64 128 0.010181
98 3 64 128 0.010537
99 3 64 128 0.0150717
100 3 64 128 0.0171859
101 3 64 128 0.0251596
102 3 64 128 0.0271496
103 3 64 128 0.0296965
104 3 64 128 0.0281318
105 3 64 128 0.0344045
106 3 64 128 0.0326804
107 3 64 128 0.0280491
108 3 64 128 0.0185572
109 3 64 128 0.0126443
131 3 64 128 0.010051
132 3 64 128 0.0105524
133 3 64 128 0.0100788
160 3 64 128 0.0109587
161 3 64 128 0.015375
162 3 64 128 0.0147174
163 3 64 128 0.0183002
164 3 64 128 0.0273155
165 3 64 128 0.0493805
166 3 64 128 0.0539925
167 3 64 128 0.0423245
168 3 64 128 0.0234343
169 3 64 128 0.0167402
6 4 64 128 0.027744
7 4 64 128 0.0583332
8 4 64 128 0.121135
9 4 64 128 0.222384
10 4 64 128 0.478172
11 4 64 128 0.794664
12 4 64 128 0.932178
13 4 64 128 0.893841
14 4 64 128 0.619974
15 4 64 128 0.348759
16 4 64 128 0.304361
17 4 64 128 0.575108
18 4 64 128 0.725089
19 4 64 128 0.82867
20 4 64 128 0.772895
21 4 64 128 0.707477
22 4 64 128 0.415944
23 4 64 128 0.381459
24 4 64 128 0.427087
25 4 64 128 0.420748
26 4 64 128 0.374015
27 4 64 128 0.283405
28 4 64 128 0.161036
29 4 64 128 0.0546621
30 4 64 128 0.0389088
31 4 64 128 0.0530365
32 4 64 128 0.0893203
33 4 64 128 0.0939488
34 4 64 128 0.0938076
35 4 64 128 0.048089
36 4 64 128 0.0327097
37 4 64 128 0.0144247
51 4 64 128 0.0124912
52 4 64 128 0.0215711
53 4 64 128 0.028495
54 4 64 128 0.0400479
55 4 64 128 0.0437478
56 4 64 128 0.0532202
57 4 64 128 0.0612494
58 4 64 128 0.0739641
59 4 64 128 0.081124
60 4 64 128 0.0889885
61 4 64 128 0.0950161
62 4 64 128 0.0933364
63 4 64 128 0.0804842
64 4 64 128 0.0754588
65 4 64 128 0.0685594
66 4 64 128 0.0720719
67 4 64 128 0.0637625
68 4 64 128 0.0734564
69 4 64 128 0.061284
70 4 64 128 0.0473662
71 4 64 128 0.0364142
72 4 64 128 0.0307282
73 4 64 128 0.0266133
74 4 64 128 0.0198368
75 4 64 128 0.0176928
76 4 64 128 0.0137616
77 4 64 128 0.0131132
78 4 64 128 0.0106323
99 4 64 128 0.0118326
100 4 64 128 0.0149689
101 4 64 128 0.0246014
102 4 64 128 0.0250089
103 4 64 128 0.0282468
104 4 64 128 0.0265833
105 4 64 128 0.0308666
106 4 64 128 0.0299938
107 4 64 128 0.0264251
108 4 64 128 0.0173504
109 4 64 128 0.0106398
134 4 64 128 0.0106999
135 4 64 128 0.0112882
136 4 64 128 0.0106165
160 4 64 128 0.0126176
161 4 64 128 0.0180096
162 4 64 128 0.0147594
163 4 64 128 0.0209747
164 4 64 128 0.028907
165 4 64 128 0.0536087
166 4 64 128 0.0500897
167 4 64 128 0.0409718
168 4 64 128 0.0219184
169 4 64 128 0.014178
6 5 64 128 0.0146888
7 5 64 128 0.0423077
8 5 64 128 0.0906442
9 5 64 128 0.19318
10 5 64 128 0.394359
11 5 64 128 0.795668
12 5 64 128 0.924429
13 5 64 128 0.895144
14 5 64 128 0.62275
15 5 64 128 0.34828
16 5 64 128 0.312719
17 5 64 128 0.585214
18 5 64 128 0.736654
19 5 64 128 0.844714
20 5 64 128 0.750566
21 5 64 128 0.645625
22 5 64 128 0.336756
23 5 64 128 0.287119
24 5 64 128 0.29977
25 5 64 128 0.27231
26 5 64 128 0.248243
27 5 64 128 0.169382
28 5 64 128 0.097089
29 5 64 128 0.0279305
30 5 64 128 0.0220282
31 5 64 128 0.0341425
32 5 64 128 0.0597872
33 5 64 128 0.0673509
34 5 64 128 0.0689253
35 5 64 128 0.03825
36 5 64 128 0.0271487
37 5 64 128 0.0137629
52 5 64 128 0.016765
53 5 64 128 0.0214636
54 5 64 128 0.0325638
55 5 64 128 0.0323649
56 5 64 128 0.0443048
57 5 64 128 0.0513528
58 5 64 128 0.0624702
59 5 64 128 0.0665472
60 5 64 128 0.0746937
61 5 64 128 0.0820866
62 5 64 128 0.0780423
63 5 64 128 0.0670702
64 5 64 128 0.0565196
65 5 64 128 0.0503765
66 5 64 128 0.0549996
67 5 64 128 0.0531351
68 5 64 128 0.0627672
69 5 64 128 0.0557363
70 5 64 128 0.04634
71 5 64 128 0.0370225
72 5 64 128 0.0356393
73 5 64 128 0.0306874
74 5 64 128 0.0246916
75 5 64 128 0.0201518
76 5 64 128 0.016496
77 5 64 128 0.0145914
78 5 64 128 0.0117809
101 5 64 128 0.013203
102 5 64 128 0.015977
103 5 64 128 0.020348
104 5 64 128 0.0210168
105 5 64 128 0.0259534
106 5 64 128 0.0272991
107 5 64 128 0.0241289
108 5 64 128 0.0156463
135 5 64 128 0.010204
160 5 64 128 0.0112207
161 5 64 128 0.0141456
162 5 64 128 0.0125285
163 5 64 128 0.0155663
164 5 64 128 0.0218182
165 5 64 128 0.04222
166 5 64 128 0.0468972
167 5 64 128 0.0330531
168 5 64 128 0.0184567
169 5 64 128 0.0115612
7 6 64 128 0.0135699
8 6 64 128 0.0341593
9 6 64 128 0.0708427
10 6 64 128 0.191765
11 6 64 128 0.555422
12 6 64 128 0.800614
13 6 64 128 0.715867
14 6 64 128 0.361534
15 6 64 128 0.168053
16 6 64 128 0.174885
17 6 64 128 0.454946
18 6 64 128 0.677342
19 6 64 128 0.801875
20 6 64 128 0.710348
21 6 64 128 0.575595
22 6 64 128 0.314341
23 6 64 128 0.287199
24 6 64 128 0.322996
25 6 64 128 0.296453
26 6 64 128 0.266581
27 6 64 128 0.1746
28 6 64 128 0.101101
29 6 64 128 0.025995
30 6 64 128 0.0197036
31 6 64 128 0.0277729
32 6 64 128 0.0497187
33 6 64 128 0.057772
34 6 64 128 0.0641397
35 6 64 128 0.0360976
36 6 64 128 0.0256037
37 6 64 128 0.0136881
52 6 64 128 0.0158476
53 6 64 128 0.0199995
54 6 64 128 0.030206
55 6 64 128 0.033881
56 6 64 128 0.046748
57 6 64 128 0.0503319
58 6 64 128 0.062773
59 6 64 128 0.0711783
60 6 64 128 0.0781312
61 6 64 128 0.0838513
62 6 64 128 0.0745393
63 6 64 128 0.0594258
64 6 64 128 0.0474927
65 6 64 128 0.0387059
66 6 64 128 0.0400765
67 6 64 128 0.0398711
68 6 64 128 0.0467313
69 6 64 128 0.0425612
70 6 64 128 0.037153
71 6 64 128 0.0308467
72 6 64 128 0.0306465
73 6 64 128 0.0271912
74 6 64 128 0.0217475
75 6 64 128 0.020609
76 6 64 128 0.0167812
77 6 64 128 0.0162065
78 6 64 128 0.01265
79 6 64 128 0.0100508
101 6 64 128 0.0117331
102 6 64 128 0.0142766
103 6 64 128 0.0209636
104 6 64 128 0.0226781
105 6 64 128 0.029056
106 6 64 128 0.0291674
107 6 64 128 0.0255199
108 6 64 128 0.019211
109 6 64 128 0.0117199
135 6 64 128 0.010261
161 6 64 128 0.0101742
163 6 64 128 0.0106364
164 6 64 128 0.0151053
165 6 64 128 0.030966
166 6 64 128 0.0285254
167 6 64 128 0.0230977
168 6 64 128 0.0121728
255 6 64 128 0.0111568
8 7 64 128 0.0206777
9 7 64 128 0.0437901
10 7 64 128 0.133585
11 7 64 128 0.438285
12 7 64 128 0.711063
13 7 64 128 0.597189
14 7 64 128 0.29005
15 7 64 128 0.129999
16 7 64 128 0.144746
17 7 64 128 0.410959
18 7 64 128 0.626027
19 7 64 128 0.785605
20 7 64 128 0.680346
21 7 64 128 0.507253
22 7 64 128 0.267158
23 7 64 128 0.270769
24 7 64 128 0.301765
25 7 64 128 0.274621
26 7 64 128 0.238767
27 7 64 128 0.155427
28 7 64 128 0.08383
29 7 64 128 0.0203059
30 7 64 128 0.0147852
31 7 64 128 0.0207223
32 7 64 128 0.0380174
33 7 64 128 0.0438146
34 7 64 128 0.0492731
35 7 64 128 0.0293369
36 7 64 128 0.0233908
37 7 64 128 0.0118872
52 7 64 128 0.0138956
53 7 64 128 0.0169126
54 7 64 128 0.0278745
55 7 64 128 0.0318439
56 7 64 128 0.045341
57 7 64 128 0.0481988
58 7 64 128 0.0659877
59 7 64 128 0.0694725
60 7 64 128 0.0789402
61 7 64 128 0.0749319
62 7 64 128 0.067964
63 7 64 128 0.0527228
64 7 64 128 0.0431824
65 7 64 128 0.0336008
66 7 64 128 0.0366207
67 7 64 128 0.0347262
68 7 64 128 0.0456186
69 7 64 128 0.0409794
70 7 64 128 0.0375976
71 7 64 128 0.0327148
72 7 64 128 0.0338035
73 7 64 128 0.0296601
74 7 64 128 0.026037
75 7 64 128 0.0246489
76 7 64 128 0.0216132
77 7 64 128 0.0210254
78 7 64 128 0.0169356
79 7 64 128 0.0129844
103 7 64 128 0.0142831
104 7 64 128 0.0176798
105 7 64 128 0.0238301
106 7 64 128 0.0242502
107 7 64 128 0.0208548
108 7 64 128 0.015955
165 7 64 128 0.0229215
166 7 64 128 0.0257577
167 7 64 128 0.0222967
168 7 64 128 0.0120752
255 7 64 128 0.0128088
9 8 64 128 0.0173644
10 8 64 128 0.0634421
11 8 64 128 0.212934
12 8 64 128 0.470599
13 8 64 128 0.348232
14 8 64 128 0.106658
15 8 64 128 0.0491605
16 8 64 128 0.0686635
17 8 64 128 0.309157
18 8 64 128 0.521313
19 8 64 128 0.739855
20 8 64 128 0.640188
21 8 64 128 0.465733
22 8 64 128 0.242124
23 8 64 128 0.27918
24 8 64 128 0.327764
25 8 64 128 0.339904
26 8 64 128 0.285314
27 8 64 128 0.185841
28 8 64 128 0.0919575
29 8 64 128 0.0223571
30 8 64 128 0.0154906
31 8 64 128 0.0197089
32 8 64 128 0.0363783
33 8 64 128 0.0419907
34 8 64 128 0.0507028
35 8 64 128 0.0280315
36 8 64 128 0.0221342
37 8 64 128 0.0111041
52 8 64 128 0.0134227
53 8 64 128 0.0167789
54 8 64 128 0.02621
55 8 64 128 0.0311652
56 8 64 128 0.041336
57 8 64 128 0.0480052
58 8 64 128 0.0633903
59 8 64 128 0.0692717
60 8 64 128 0.0703825
61 8 64 128 0.0699871
62 8 64 128 0.0607275
63 8 64 128 0.0455815
64 8 64 128 0.035329
65 8 64 128 0.0289358
66 8 64 128 0.0249313
67 8 64 128 0.0241042
68 8 64 128 0.0272551
69 8 64 128 0.028334
70 8 64 128 0.0241664
71 8 64 128 0.0229279
72 8 64 128 0.021444
73 8 64 128 0.0214028
74 8 64 128 0.0179493
75 8 64 128 0.0183826
76 8 64 128 0.0153804
77 8 64 128 0.0178669
78 8 64 128 0.0145199
79 8 64 128 0.0120507
104 8 64 128 0.0145986
105 8 64 128 0.0187446
106 8 64 128 0.018593
107 8 64 128 0.0155376
108 8 64 128 0.0131609
165 8 64 128 0.0136271
166 8 64 128 0.0155484
167 8 64 128 0.0138651
255 8 64 128 0.0125551
10 9 64 128 0.0266644
11 9 64 128 0.11223
12 9 64 128 0.256837
13 9 64 128 0.209146
14 9 64 128 0.0532077
15 9 64 128 0.0270697
16 9 64 128 0.0437974
17 9 64 128 0.239871
18 9 64 128 0.457707
19 9 64 128 0.693139
20 9 64 128 0.580093
21 9 64 128 0.380083
22 9 64 128 0.195276
23 9 64 128 0.219615
24 9 64 128 0.266955
25 9 64 128 0.301902
26 9 64 128 0.262275
27 9 64 128 0.177554
28 9 64 128 0.0772989
29 9 64 128 0.0189497
30 9 64 128 0.0134117
31 9 64 128 0.0167991
32 9 64 128 0.0292013
33 9 64 128 0.0335024
34 9 64 128 0.0419203
35 9 64 128 0.0235588
36 9 64 128 0.0192322
52 9 64 128 0.0127068
53 9 64 128 0.0148969
54 9 64 128 0.0252001
55 9 64 128 0.0282439
56 9 64 128 0.0426834
57 9 64 128 0.0469943
58 9 64 128 0.0666096
59 9 64 128 0.0665032
60 9 64 128 0.0711215
61 9 64 128 0.0699924
62 9 64 128 0.0586095
63 9 64 128 0.0424018
64 9 64 128 0.0310778
65 9 64 128 0.0248416
66 9 64 128 0.022597
67 9 64 128 0.0204262
68 9 64 128 0.0222837
69 9 64 128 0.0225947
70 9 64 128 0.0217475
71 9 64 128 0.0180462
72 9 64 128 0.0176712
73 9 64 128 0.0174681
74 9 64 128 0.0166714
75 9 64 128 0.0166935
76 9 64 128 0.0156369
77 9 64 128 0.0180953
78 9 64 128 0.0157633
79 9 64 128 0.0119748
166 9 64 128 0.0141695
167 9 64 128 0.0132296
255 9 64 128 0.0111344
11 10 64 128 0.040618
12 10 64 128 0.0959197
13 10 64 128 0.0683113
14 10 64 128 0.015531
16 10 64 128 0.0180948
17 10 64 128 0.145803
18 10 64 128 0.355637
19 10 64 128 0.597368
20 10 64 128 0.518083
21 10 64 128 0.345758
22 10 64 128 0.189191
23 10 64 128 0.23799
24 10 64 128 0.311604
25 10 64 128 0.402767
26 10 64 128 0.370188
27 10 64 128 0.243335
28 10 64 128 0.0963562
29 10 64 128 0.0250425
30 10 64 128 0.0152159
31 10 64 128 0.0162651
32 10 64 128 0.027181
33 10 64 128 0.0308757
34 10 64 128 0.0386837
35 10 64 128 0.020309
36 10 64 128 0.0169121
52 10 64 128 0.0119627
53 10 64 128 0.0158071
54 10 64 128 0.0259737
55 10 64 128 0.0307621
56 10 64 128 0.04468
57 10 64 128 0.0558789
58 10 64 128 0.0721726
59 10 64 128 0.077133
60 10 64 128 0.0814098
61 10 64 128 0.0843419
62 10 64 128 0.0643361
63 10 64 128 0.0440044
64 10 64 128 0.0299193
65 10 64 128 0.0245518
66 10 64 128 0.0193336
67 10 64 128 0.0167535
68 10 64 128 0.0170312
69 10 64 128 0.017709
70 10 64 128 0.0156684
71 10 64 128 0.013729
72 10 64 128 0.0126583
73 10 64 128 0.0130663
74 10 64 128 0.0107076
75 10 64 128 0.0119918
77 10 64 128 0.0121519
78 10 64 128 0.0111849
166 10 64 128 0.0149222
167 10 64 128 0.0144714
255 10 64 128 0.0105364
11 11 64 128 0.0206785
12 11 64 128 0.0527738
13 11 64 128 0.033887
14 11 64 128 0.0111228
16 11 64 128 0.0146386
17 11 64 128 0.121306
18 11 64 128 0.325799
19 11 64 128 0.570472
20 11 64 128 0.513527
21 11 64 128 0.345604
22 11 64 128 0.195338
23 11 64 128 0.25802
24 11 64 128 0.359822
25 11 64 128 0.444503
26 11 64 128 0.44288
27 11 64 128 0.282403
28 11 64 128 0.105399
29 11 64 128 0.0258513
30 11 64 128 0.015681
31 11 64 128 0.0171064
32 11 64 128 0.0259868
33 11 64 128 0.0287548
34 11 64 128 0.0318867
35 11 64 128 0.0175744
36 11 64 128 0.0146006
52 11 64 128 0.0109901
53 11 64 128 0.0147129
54 11 64 128 0.0251811
55 11 64 128 0.032491
56 11 64 128 0.0497116
57 11 64 128 0.059949
58 11 64 128 0.0853722
59 11 64 128 0.0909044
60 11 64 128 0.0975506
61 11 64 128 0.0932703
62 11 64 128 0.078884
63 11 64 128 0.0444646
64 11 64 128 0.0326522
65 11 64 128 0.022213
66 11 64 128 0.0197467
67 11 64 128 0.0145797
68 11 64 128 0.0163918
69 11 64 128 0.0159417
70 11 64 128 0.0150226
71 11 64 128 0.0115677
72 11 64 128 0.011131
73 11 64 128 0.0103182
77 11 64 128 0.0104061
165 11 64 128 0.0103485
166 11 64 128 0.0180913
167 11 64 128 0.020325
168 11 64 128 0.0140297
169 11 64 128 0.0101684
11 12 64 128 0.0113348
12 12 64 128 0.0276999
13 12 64 128 0.0169864
16 12 64 128 0.0113765
17 12 64 128 0.101826
18 12 64 128 0.285644
19 12 64 128 0.540306
20 12 64 128 0.488513
21 12 64 128 0.368661
22 12 64 128 0.22335
23 12 64 128 0.315655
24 12 64 128 0.424533
25 12 64 128 0.561857
26 12 64 128 0.55713
27 12 64 128 0.347053
28 12 64 128 0.116934
29 12 64 128 0.0306574
30 12 64 128 0.0190886
31 12 64 128 0.0180272
32 12 64 128 0.0280786
33 12 64 128 0.0301539
34 12 64 128 0.03426
35 12 64 128 0.017708
36 12 64 128 0.0143742
52 12 64 128 0.0118814
53 12 64 128 0.0163072
54 12 64 128 0.0286297
55 12 64 128 0.0359655
56 12 64 128 0.051182
57 12 64 128 0.0742507
58 12 64 128 0.100061
59 12 64 128 0.109709
60 12 64 128 0.121324
61 12 64 128 0.11904
62 12 64 128 0.0929684
63 12 64 128 0.0577423
64 12 64 128 0.0351774
65 12 64 128 0.0253605
66 12 64 128 0.0177594
67 12 64 128 0.0134562
68 12 64 128 0.0142836
69 12 64 128 0.0152151
70 12 64 128 0.012666
71 12 64 128 0.0101662
166 12 64 128 0.0151131
167 12 64 128 0.0163698
168 12 64 128 0.0114914
169 12 64 128 0.0106116
173 12 64 128 0.0117635
255 12 64 128 0.0120827
12 13 64 128 0.0114639
17 13 64 128 0.0720429
18 13 64 128 0.233338
19 13 64 128 0.484214
20 13 64 128 0.447385
21 13 64 128 0.317646
22 13 64 128 0.206721
23 13 64 128 0.290524
24 13 64 128 0.433987
25 13 64 128 0.589403
26 13 64 128 0.581382
27 13 64 128 0.373117
28 13 64 128 0.10921
29 13 64 128 0.0291885
30 13 64 128 0.0204764
31 13 64 128 0.018357
32 13 64 128 0.0289334
33 13 64 128 0.0300141
34 13 64 128 0.0353716
35 13 64 128 0.017023
36 13 64 128 0.0132238
52 13 64 128 0.0112081
53 13 64 128 0.0141277
54 13 64 128 0.0267192
55 13 64 128 0.0327968
56 13 64 128 0.0524261
57 13 64 128 0.0703589
58 13 64 128 0.107418
59 13 64 128 0.112875
60 13 64 128 0.131577
61 13 64 128 0.115137
62 13 64 128 0.103269
63 13 64 128 0.0608322
64 13 64 128 0.0370343
65 13 64 128 0.0254997
66 13 64 128 0.021028
67 13 64 128 0.0146068
68 13 64 128 0.0151641
69 13 64 128 0.0138599
70 13 64 128 0.0126949
166 13 64 128 0.017873
167 13 64 128 0.0219416
168 13 64 128 0.0192487
169 13 64 128 0.0192585
170 13 64 128 0.0129675
171 13 64 128 0.0217319
172 13 64 128 0.0214553
173 13 64 128 0.0307511
174 13 64 128 0.01509
175 13 64 128 0.0144504
255 13 64 128 0.0159476
17 14 64 128 0.051844
18 14 64 128 0.177466
19 14 64 128 0.402703
20 14 64 128 0.408682
21 14 64 128 0.286471
22 14 64 128 0.219448
23 14 64 128 0.343353
24 14 64 128 0.525097
25 14 64 128 0.683889
26 14 64 128 0.68367
27 14 64 128 0.445073
28 14 64 128 0.136632
29 14 64 128 0.0411173
30 14 64 128 0.0281607
31 14 64 128 0.0237649
32 14 64 128 0.0331843
33 14 64 128 0.0381215
34 14 64 128 0.0378616
35 14 64 128 0.0177893
36 14 64 128 0.0132448
42 14 64 128 0.0117039
43 14 64 128 0.0103965
52 14 64 128 0.0113774
53 14 64 128 0.0158951
54 14 64 128 0.0285127
55 14 64 128 0.036021
56 14 64 128 0.0596678
57 14 64 128 0.0799981
58 14 64 128 0.127939
59 14 64 128 0.143465
60 14 64 128 0.169659
61 14 64 128 0.156188
62 14 64 128 0.135359
63 14 64 128 0.0893078
64 14 64 128 0.0548222
65 14 64 128 0.0361105
66 14 64 128 0.0262909
67 14 64 128 0.0185281
68 14 64 128 0.0162093
69 14 64 128 0.014644
70 14 64 128 0.0136135
166 14 64 128 0.0168998
167 14 64 128 0.0226642
168 14 64 128 0.0219512
169 14 64 128 0.0266616
170 14 64 128 0.0210708
171 14 64 128 0.0327101
172 14 64 128 0.0390246
173 14 64 128 0.0536853
174 14 64 128 0.0294292
175 14 64 128 0.027679
224 14 64 128 0.0109311
225 14 64 128 0.0144052
226 14 64 128 0.0151123
227 14 64 128 0.0128969
254 14 64 128 0.01199
255 14 64 128 0.0241671
17 15 64 128 0.0363785
18 15 64 128 0.128836
19 15 64 128 0.324161
20 15 64 128 0.348226
21 15 64 128 0.281475
22 15 64 128 0.20952
23 15 64 128 0.363211
24 15 64 128 0.563674
25 15 64 128 0.747352
26 15 64 128 0.735034
27 15 64 128 0.520132
28 15 64 128 0.176603
29 15 64 128 0.0572026
30 15 64 128 0.0389897
31 15 64 128 0.0310871
32 15 64 128 0.0417633
33 15 64 128 0.0443155
34 15 64 128 0.0366476
35 15 64 128 0.0174166
36 15 64 128 0.0141923
42 15 64 128 0.0130183
43 15 64 128 0.0113358
44 15 64 128 0.0103933
53 15 64 128 0.0141663
54 15 64 128 0.0260378
55 15 64 128 0.0373092
56 15 64 128 0.0625167
57 15 64 128 0.0832403
58 15 64 128 0.142118
59 15 64 128 0.15593
60 15 64 128 0.179353
61 15 64 128 0.165747
62 15 64 128 0.14653
63 15 64 128 0.0969436
64 15 64 128 0.0615734
65 15 64 128 0.0409473
66 15 64 128 0.0304816
67 15 64 128 0.0195252
68 15 64 128 0.018453
69 15 64 128 0.017588
70 15 64 128 0.0173367
71 15 64 128 0.0121329
72 15 64 128 0.0103055
165 15 64 128 0.0138149
166 15 64 128 0.026306
167 15 64 128 0.038178
168 15 64 128 0.0443021
169 15 64 128 0.0594387
170 15 64 128 0.0530755
171 15 64 128 0.0811235
172 15 64 128 0.0833878
173 15 64 128 0.111952
174 15 64 128 0.0540176
175 15 64 128 0.0475367
176 15 64 128 0.0142557
223 15 64 128 0.0123926
224 15 64 128 0.0171994
225 15 64 128 0.022386
226 15 64 128 0.030616
227 15 64 128 0.023752
228 15 64 128 0.0198582
229 15 64 128 0.0169555
230 15 64 128 0.0149153
231 15 64 128 0.0128273
232 15 64 128 0.0101193
253 15 64 128 0.0104956
254 15 64 128 0.0164722
255 15 64 128 0.0305202
17 16 64 128 0.0267854
18 16 64 128 0.11201
19 16 64 128 0.290062
20 16 64 128 0.301763
21 16 64 128 0.294603
22 16 64 128 0.24177
23 16 64 128 0.394048
24 16 64 128 0.596802
25 16 64 128 0.800498
26 16 64 128 0.789138
27 16 64 128 0.583442
28 16 64 128 0.20911
29 16 64 128 0.0784703
30 16 64 128 0.0520631
31 16 64 128 0.0390606
32 16 64 128 0.0477585
33 16 64 128 0.0479266
34 16 64 128 0.0391489
35 16 64 128 0.0180527
36 16 64 128 0.0143215
41 16 64 128 0.0101898
42 16 64 128 0.0151364
43 16 64 128 0.0128137
44 16 64 128 0.0118684
53 16 64 128 0.0127504
54 16 64 128 0.0229678
55 16 64 128 0.0325289
56 16 64 128 0.0510271
57 16 64 128 0.0757496
58 16 64 128 0.126157
59 16 64 128 0.1427
60 16 64 128 0.160846
61 16 64 128 0.154722
62 16 64 128 0.140016
63 16 64 128 0.0922887
64 16 64 128 0.0631661
65 16 64 128 0.0461682
66 16 64 128 0.0311005
67 16 64 128 0.0208652
68 16 64 128 0.0198753
69 16 64 128 0.0216836
70 16 64 128 0.0211506
71 16 64 128 0.0167338
72 16 64 128 0.0134406
73 16 64 128 0.0115563
165 16 64 128 0.0105075
166 16 64 128 0.0176226
167 16 64 128 0.0246109
168 16 64 128 0.0314214
169 16 64 128 0.0486844
170 16 64 128 0.0442724
171 16 64 128 0.0669515
172 16 64 128 0.0734095
173 16 64 128 0.105699
174 16 64 128 0.0567751
175 16 64 128 0.0497461
176 16 64 128 0.0171493
202 16 64 128 0.0111487
223 16 64 128 0.0154619
224 16 64 128 0.0211394
225 16 64 128 0.0330579
226 16 64 128 0.0457551
227 16 64 128 0.0379879
228 16 64 128 0.0328616
229 16 64 128 0.0277171
230 16 64 128 0.0245939
231 16 64 128 0.0197394
232 16 64 128 0.0141068
233 16 64 128 0.0145367
234 16 64 128 0.0103892
253 16 64 128 0.0137742
254 16 64 128 0.0207728
255 16 64 128 0.0455519
17 17 64 128 0.0197627
18 17 64 128 0.0842077
19 17 64 128 0.217467
20 17 64 128 0.23775
21 17 64 128 0.24331
22 17 64 128 0.202949
23 17 64 128 0.339449
24 17 64 128 0.558261
25 17 64 128 0.787698
26 17 64 128 0.783914
27 17 64 128 0.571686
28 17 64 128 0.205898
29 17 64 128 0.0852804
30 17 64 128 0.0534886
31 17 64 128 0.0369371
32 17 64 128 0.0482208
33 17 64 128 0.0459817
34 17 64 128 0.0338924
35 17 64 128 0.0149986
36 17 64 128 0.013017
41 17 64 128 0.0117871
42 17 64 128 0.0178558
43 17 64 128 0.0161133
44 17 64 128 0.0153684
45 17 64 128 0.0104475
53 17 64 128 0.0112408
54 17 64 128 0.0184872
55 17 64 128 0.0268645
56 17 64 128 0.0437244
57 17 64 128 0.0613047
58 17 64 128 0.104183
59 17 64 128 0.112264
60 17 64 128 0.141024
61 17 64 128 0.130858
62 17 64 128 0.111738
63 17 64 128 0.0720017
64 17 64 128 0.0539905
65 17 64 128 0.0396661
66 17 64 128 0.0291537
67 17 64 128 0.0207573
68 17 64 128 0.0210149
69 17 64 128 0.0231199
70 17 64 128 0.0252293
71 17 64 128 0.0200373
72 17 64 128 0.0181014
73 17 64 128 0.0141784
74 17 64 128 0.0111966
165 17 64 128 0.0127124
166 17 64 128 0.0235135
167 17 64 128 0.0327952
168 17 64 128 0.0469062
169 17 64 128 0.0700239
170 17 64 128 0.0683204
171 17 64 128 0.0948379
172 17 64 128 0.101418
173 17 64 128 0.130335
174 17 64 128 0.0769157
175 17 64 128 0.063022
176 17 64 128 0.0231499
177 17 64 128 0.0105987
202 17 64 128 0.010771
223 17 64 128 0.0125906
224 17 64 128 0.0188812
225 17 64 128 0.0310236
226 17 64 128 0.0469074
227 17 64 128 0.0434335
228 17 64 128 0.0371167
229 17 64 128 0.0314303
230 17 64 128 0.0280216
231 17 64 128 0.0263717
232 17 64 128 0.0182144
233 17 64 128 0.019004
234 17 64 128 0.0125581
253 17 64 128 0.0128954
254 17 64 128 0.0193531
255 17 64 128 0.0417051
17 18 64 128 0.0183374
18 18 64 128 0.0800775
19 18 64 128 0.209461
20 18 64 128 0.231156
21 18 64 128 0.241627
22 18 64 128 0.230538
23 18 64 128 0.391885
24 18 64 128 0.590149
25 18 64 128 0.817456
26 18 64 128 0.800858
27 18 64 128 0.599166
28 18 64 128 0.214547
29 18 64 128 0.0957624
30 18 64 128 0.0585419
31 18 64 128 0.0419541
32 18 64 128 0.0501511
33 18 64 128 0.0449245
34 18 64 128 0.029893
35 18 64 128 0.0137945
36 18 64 128 0.011615
41 18 64 128 0.012338
42 18 64 128 0.0194198
43 18 64 128 0.0201068
44 18 64 128 0.0186725
45 18 64 128 0.012789
53 18 64 128 0.011032
54 18 64 128 0.0191724
55 18 64 128 0.0242422
56 18 64 128 0.0386969
57 18 64 128 0.0562568
58 18 64 128 0.0981883
59 18 64 128 0.120151
60 18 64 128 0.154045
61 18 64 128 0.141402
62 18 64 128 0.134226
63 18 64 128 0.0940022
64 18 64 128 0.0701874
65 18 64 128 0.0507286
66 18 64 128 0.0395495
67 18 64 128 0.027821
68 18 64 128 0.029482
69 18 64 128 0.0312541
70 18 64 128 0.035441
71 18 64 128 0.0334928
72 18 64 128 0.0307823
73 18 64 128 0.0233439
74 18 64 128 0.018313
75 18 64 128 0.0161846
76 18 64 128 0.0155202
77 18 64 128 0.0143784
78 18 64 128 0.0141257
79 18 64 128 0.0100159
109 18 64 128 0.0112177
110 18 64 128 0.0108116
111 18 64 128 0.0119902
112 18 64 128 0.0106895
166 18 64 128 0.0143637
167 18 64 128 0.0196009
168 18 64 128 0.0295214
169 18 64 128 0.0465842
170 18 64 128 0.0523483
171 18 64 128 0.070316
172 18 64 128 0.0847443
173 18 64 128 0.109086
174 18 64 128 0.073189
175 18 64 128 0.0545165
176 18 64 128 0.0208939
223 18 64 128 0.0125978
224 18 64 128 0.0185624
225 18 64 128 0.0318099
226 18 64 128 0.0507988
227 18 64 128 0.0564623
228 18 64 128 0.0495444
229 18 64 128 0.0411329
230 18 64 128 0.029996
231 18 64 128 0.0271938
232 18 64 128 0.015378
233 18 64 128 0.015202
253 18 64 128 0.0131885
254 18 64 128 0.0216898
255 18 64 128 0.0477043
17 19 64 128 0.0110612
18 19 64 128 0.0484261
19 19 64 128 0.134847
20 19 64 128 0.169862
21 19 64 128 0.174073
22 19 64 128 0.172759
23 19 64 128 0.346795
24 19 64 128 0.51604
25 19 64 128 0.781912
26 19 64 128 0.749302
27 19 64 128 0.557115
28 19 64 128 0.205039
29 19 64 128 0.100517
30 19 64 128 0.0587609
31 19 64 128 0.0412849
32 19 64 128 0.0471869
33 19 64 128 0.0422649
34 19 64 128 0.0234594
35 19 64 128 0.0115383
41 19 64 128 0.0119461
42 19 64 128 0.0200506
43 19 64 128 0.0201298
44 19 64 128 0.0211083
45 19 64 128 0.0149526
46 19 64 128 0.0106218
53 19 64 128 0.0102621
54 19 64 128 0.0175462
55 19 64 128 0.0238042
56 19 64 128 0.0347979
57 19 64 128 0.0478128
58 19 64 128 0.0858147
59 19 64 128 0.122409
60 19 64 128 0.138828
61 19 64 128 0.127751
62 19 64 128 0.119045
63 19 64 128 0.0873051
64 19 64 128 0.0660439
65 19 64 128 0.0481793
66 19 64 128 0.0348589
67 19 64 128 0.0250953
68 19 64 128 0.0272534
69 19 64 128 0.0310933
70 19 64 128 0.0389958
71 19 64 128 0.0385159
72 19 64 128 0.03711
73 19 64 128 0.0286937
74 19 64 128 0.02556
75 19 64 128 0.0211361
76 19 64 128 0.0215069
77 19 64 128 0.0183433
78 19 64 128 0.0202943
79 19 64 128 0.0128976
80 19 64 128 0.0105019
86 19 64 128 0.0105228
109 19 64 128 0.0120559
110 19 64 128 0.0140734
111 19 64 128 0.0150313
112 19 64 128 0.0128415
113 19 64 128 0.0107612
166 19 64 128 0.0147957
167 19 64 128 0.0212807
168 19 64 128 0.036219
169 19 64 128 0.0553457
170 19 64 128 0.0557881
171 19 64 128 0.0669807
172 19 64 128 0.0862923
173 19 64 128 0.108833
174 19 64 128 0.0583501
175 19 64 128 0.040749
176 19 64 128 0.0147006
223 19 64 128 0.010208
224 19 64 128 0.0168195
225 19 64 128 0.0277121
226 19 64 128 0.0507764
227 19 64 128 0.0549382
228 19 64 128 0.0455057
229 19 64 128 0.0345867
230 19 64 128 0.0255852
231 19 64 128 0.0229446
232 19 64 128 0.0141246
233 19 64 128 0.0120968
253 19 64 128 0.0106027
254 19 64 128 0.0178838
255 19 64 128 0.0388236
17 20 64 128 0.0122948
18 20 64 128 0.0576585
19 20 64 128 0.135883
20 20 64 128 0.165987
21 20 64 128 0.195079
22 20 64 128 0.205075
23 20 64 128 0.395762
24 20 64 128 0.548843
25 20 64 128 0.800848
26 20 64 128 0.748018
27 20 64 128 0.544273
28 20 64 128 0.200915
29 20 64 128 0.112062
30 20 64 128 0.0586294
31 20 64 128 0.0414655
32 20 64 128 0.046672
33 20 64 128 0.0425163
34 20 64 128 0.0206874
35 20 64 128 0.0106474
41 20 64 128 0.011832
42 20 64 128 0.0205276
43 20 64 128 0.0226915
44 20 64 128 0.0237335
45 20 64 128 0.0180969
46 20 64 128 0.012847
47 20 64 128 0.0113493
48 20 64 128 0.0117639
54 20 64 128 0.0164881
55 20 64 128 0.0211521
56 20 64 128 0.0302339
57 20 64 128 0.0449206
58 20 64 128 0.0804156
59 20 64 128 0.106701
60 20 64 128 0.12141
61 20 64 128 0.11923
62 20 64 128 0.108245
63 20 64 128 0.0813865
64 20 64 128 0.0634976
65 20 64 128 0.0459346
66 20 64 128 0.0318227
67 20 64 128 0.0247009
68 20 64 128 0.0268002
69 20 64 128 0.0299868
70 20 64 128 0.0394311
71 20 64 128 0.0403544
72 20 64 128 0.0414138
73 20 64 128 0.0343058
74 20 64 128 0.0324547
75 20 64 128 0.0284661
76 20 64 128 0.0305363
77 20 64 128 0.025334
78 20 64 128 0.0296036
79 20 64 128 0.0198184
80 20 64 128 0.0168384
84 20 64 128 0.0128004
85 20 64 128 0.0141435
86 20 64 128 0.0138075
109 20 64 128 0.0146133
110 20 64 128 0.018174
111 20 64 128 0.0194831
112 20 64 128 0.0166254
113 20 64 128 0.0134521
114 20 64 128 0.0101338
167 20 64 128 0.0103279
168 20 64 128 0.0153145
169 20 64 128 0.0223824
170 20 64 128 0.0234114
171 20 64 128 0.029039
172 20 64 128 0.0418469
173 20 64 128 0.0544228
174 20 64 128 0.0281055
175 20 64 128 0.0209216
224 20 64 128 0.019122
225 20 64 128 0.0313345
226 20 64 128 0.0547073
227 20 64 128 0.0586235
228 20 64 128 0.0550751
229 20 64 128 0.0391685
230 20 64 128 0.0294651
231 20 64 128 0.0238075
232 20 64 128 0.0148142
233 20 64 128 0.0104391
254 20 64 128 0.0175223
255 20 64 128 0.0398831
17 21 64 128 0.010443
18 21 64 128 0.0447389
19 21 64 128 0.107231
20 21 64 128 0.112403
21 21 64 128 0.15226
22 21 64 128 0.130731
23 21 64 128 0.271627
24 21 64 128 0.414421
25 21 64 128 0.714571
26 21 64 128 0.645708
27 21 64 128 0.431674
28 21 64 128 0.157779
29 21 64 128 0.0875121
30 21 64 128 0.0417085
31 21 64 128 0.028542
32 21 64 128 0.0348655
33 21 64 128 0.0339282
34 21 64 128 0.0168236
41 21 64 128 0.0114767
42 21 64 128 0.0191539
43 21 64 128 0.0208392
44 21 64 128 0.0256489
45 21 64 128 0.0193463
46 21 64 128 0.0135877
47 21 64 128 0.0113477
48 21 64 128 0.0108752
54 21 64 128 0.0124408
55 21 64 128 0.017107
56 21 64 128 0.0248008
57 21 64 128 0.0334034
58 21 64 128 0.0569603
59 21 64 128 0.0784838
60 21 64 128 0.0930115
61 21 64 128 0.0893385
62 21 64 128 0.0731669
63 21 64 128 0.0566813
64 21 64 128 0.0413096
65 21 64 128 0.0284361
66 21 64 128 0.0183712
67 21 64 128 0.0155315
68 21 64 128 0.0184111
69 21 64 128 0.0199101
70 21 64 128 0.0263404
71 21 64 128 0.0275968
72 21 64 128 0.0309159
73 21 64 128 0.0263436
74 21 64 128 0.0276645
75 21 64 128 0.0231898
76 21 64 128 0.0269014
77 21 64 128 0.0206974
78 21 64 128 0.0244694
79 21 64 128 0.0174201
80 21 64 128 0.0147086
84 21 64 128 0.0131431
85 21 64 128 0.0147583
86 21 64 128 0.0135208
109 21 64 128 0.0131109
110 21 64 128 0.016898
111 21 64 128 0.0194577
112 21 64 128 0.016942
113 21 64 128 0.0132891
167 21 64 128 0.0126778
168 21 64 128 0.0191467
169 21 64 128 0.0239955
170 21 64 128 0.0248624
171 21 64 128 0.0291464
172 21 64 128 0.0342048
173 21 64 128 0.0395062
174 21 64 128 0.0190611
175 21 64 128 0.0122635
225 21 64 128 0.0127864
226 21 64 128 0.0221122
227 21 64 128 0.0265142
228 21 64 128 0.0255855
229 21 64 128 0.0199234
230 21 64 128 0.0183404
231 21 64 128 0.0163404
232 21 64 128 0.0108661
254 21 64 128 0.0110324
255 21 64 128 0.0266458
17 22 64 128 0.016867
18 22 64 128 0.071027
19 22 64 128 0.130704
20 22 64 128 0.156056
21 22 64 128 0.196992
22 22 64 128 0.177802
23 22 64 128 0.316422
24 22 64 128 0.441491
25 22 64 128 0.72797
26 22 64 128 0.62443
27 22 64 128 0.431362
28 22 64 128 0.157036
29 22 64 128 0.0892965
30 22 64 128 0.039041
31 22 64 128 0.0297446
32 22 64 128 0.0338457
33 22 64 128 0.0312668
34 22 64 128 0.0139559
41 22 64 128 0.010051
42 22 64 128 0.0154522
43 22 64 128 0.0194355
44 22 64 128 0.0238012
45 22 64 128 0.0206913
46 22 64 128 0.0142792
47 22 64 128 0.0122891
48 22 64 128 0.0106372
55 22 64 128 0.012005
56 22 64 128 0.0179743
57 22 64 128 0.0238532
58 22 64 128 0.043923
59 22 64 128 0.0603871
60 22 64 128 0.0774137
61 22 64 128 0.0648478
62 22 64 128 0.053261
63 22 64 128 0.0377915
64 22 64 128 0.0295966
65 22 64 128 0.0196918
66 22 64 128 0.0140709
67 22 64 128 0.0117059
68 22 64 128 0.013878
69 22 64 128 0.0142989
70 22 64 128 0.0188211
71 22 64 128 0.0224161
72 22 64 128 0.0272837
73 22 64 128 0.0235989
74 22 64 128 0.0236748
75 22 64 128 0.0244717
76 22 64 128 0.0270263
77 22 64 128 0.0231585
78 22 64 128 0.0251669
79 22 64 128 0.0195557
80 22 64 128 0.0160487
81 22 64 128 0.0100949
82 22 64 128 0.0113172
83 22 64 128 0.0121635
84 22 64 128 0.0175958
85 22 64 128 0.015389
86 22 64 128 0.0129683
109 22 64 128 0.0131134
110 22 64 128 0.0168764
111 22 64 128 0.0205899
112 22 64 128 0.017695
113 22 64 128 0.0145595
114 22 64 128 0.010371
168 22 64 128 0.0102843
169 22 64 128 0.0133417
170 22 64 128 0.014216
171 22 64 128 0.016303
172 22 64 128 0.0175924
173 22 64 128 0.0218832
174 22 64 128 0.0110289
226 22 64 128 0.0165861
227 22 64 128 0.0202828
228 22 64 128 0.0225686
229 22 64 128 0.0198927
230 22 64 128 0.0186784
231 22 64 128 0.0171261
232 22 64 128 0.011055
255 22 64 128 0.0240881
17 23 64 128 0.0191943
18 23 64 128 0.0655652
19 23 64 128 0.13925
20 23 64 128 0.156168
21 23 64 128 0.194048
22 23 64 128 0.149615
23 23 64 128 0.308059
24 23 64 128 0.415868
25 23 64 128 0.720931
26 23 64 128 0.588988
27 23 64 128 0.413865
28 23 64 128 0.152214
29 23 64 128 0.0917447
30 23 64 128 0.0351792
31 23 64 128 0.0291685
32 23 64 128 0.0307764
33 23 64 128 0.0267814
34 23 64 128 0.0109766
42 23 64 128 0.0115318
43 23 64 128 0.01601
44 23 64 128 0.0216492
45 23 64 128 0.019352
46 23 64 128 0.0132206
47 23 64 128 0.010946
57 23 64 128 0.0121414
58 23 64 128 0.0205467
59 23 64 128 0.0290237
60 23 64 128 0.0351284
61 23 64 128 0.0301205
62 23 64 128 0.0218438
63 23 64 128 0.0172158
64 23 64 128 0.0143181
65 23 64 128 0.0106397
70 23 64 128 0.0122586
71 23 64 128 0.0138685
72 23 64 128 0.0169093
73 23 64 128 0.0142477
74 23 64 128 0.0151885
75 23 64 128 0.014324
76 23 64 128 0.0150851
77 23 64 128 0.0120239
78 23 64 128 0.0135228
84 23 64 128 0.0103794
111 23 64 128 0.011247
169 23 64 128 0.0115649
170 23 64 128 0.0121235
171 23 64 128 0.0121489
172 23 64 128 0.0113628
173 23 64 128 0.0119691
17 24 64 128 0.0303307
18 24 64 128 0.105704
19 24 64 128 0.204114
20 24 64 128 0.237002
21 24 64 128 0.295352
22 24 64 128 0.235291
23 24 64 128 0.41745
24 24 64 128 0.537603
25 24 64 128 0.772464
26 24 64 128 0.629214
27 24 64 128 0.43531
28 24 64 128 0.167996
29 24 64 128 0.101808
30 24 64 128 0.0351135
31 24 64 128 0.0306895
32 24 64 128 0.0296551
33 24 64 128 0.0251178
42 24 64 128 0.0103874
43 24 64 128 0.0156313
44 24 64 128 0.0203673
45 24 64 128 0.0187189
46 24 64 128 0.012895
59 24 64 128 0.0142807
60 24 64 128 0.0182779
61 24 64 128 0.017108
62 24 64 128 0.0123973
63 24 64 128 0.0104041
64 24 64 128 0.0100503
71 24 64 128 0.0109937
72 24 64 128 0.0122571
73 24 64 128 0.0111449
74 24 64 128 0.0110495
75 24 64 128 0.0107923
76 24 64 128 0.0111334
78 24 64 128 0.0105398
17 25 64 128 0.0352646
18 25 64 128 0.106206
19 25 64 128 0.186784
20 25 64 128 0.240405
21 25 64 128 0.288993
22 25 64 128 0.229229
23 25 64 128 0.413452
24 25 64 128 0.555931
25 25 64 128 0.762134
26 25 64 128 0.588591
27 25 64 128 0.400697
28 25 64 128 0.155334
29 25 64 128 0.0909308
30 25 64 128 0.0302982
31 25 64 128 0.0252023
32 25 64 128 0.0273391
33 25 64 128 0.0211365
43 25 64 128 0.0137675
44 25 64 128 0.0187372
45 25 64 128 0.0174297
46 25 64 128 0.0110495
17 26 64 128 0.0710568
18 26 64 128 0.182718
19 26 64 128 0.317793
20 26 64 128 0.377904
21 26 64 128 0.418411
22 26 64 128 0.361073
23 26 64 128 0.591274
24 26 64 128 0.673473
25 26 64 128 0.80708
26 26 64 128 0.616633
27 26 64 128 0.446713
28 26 64 128 0.175607
29 26 64 128 0.102156
30 26 64 128 0.0333317
31 26 64 128 0.0276975
32 26 64 128 0.0306367
33 26 64 128 0.0218243
43 26 64 128 0.0118601
44 26 64 128 0.015474
45 26 64 128 0.0143457
17 27 64 128 0.100863
18 27 64 128 0.227394
19 27 64 128 0.383564
20 27 64 128 0.441132
21 27 64 128 0.453184
22 27 64 128 0.374176
23 27 64 128 0.608954
24 27 64 128 0.669971
25 27 64 128 0.785364
26 27 64 128 0.550261
27 27 64 128 0.384011
28 27 64 128 0.142663
29 27 64 128 0.0779959
30 27 64 128 0.0268525
31 27 64 128 0.0243753
32 27 64 128 0.0268375
33 27 64 128 0.0182944
43 27 64 128 0.0103539
44 27 64 128 0.0144017
45 27 64 128 0.013157
16 28 64 128 0.010963
17 28 64 128 0.162822
18 28 64 128 0.335815
19 28 64 128 0.505488
20 28 64 128 0.527074
21 28 64 128 0.533772
22 28 64 128 0.476671
23 28 64 128 0.68883
24 28 64 128 0.680983
25 28 64 128 0.780336
26 28 64 128 0.534047
27 28 64 128 0.345245
28 28 64 128 0.114695
29 28 64 128 0.0655565
30 28 64 128 0.0232854
31 28 64 128 0.0219294
32 28 64 128 0.0228891
33 28 64 128 0.0165422
10 29 64 128 0.0109264
16 29 64 128 0.0219161
17 29 64 128 0.28675
18 29 64 128 0.496552
19 29 64 128 0.61229
20 29 64 128 0.622749
21 29 64 128 0.579796
22 29 64 128 0.53422
23 29 64 128 0.677361
24 29 64 128 0.676632
25 29 64 128 0.71789
26 29 64 128 0.43237
27 29 64 128 0.216887
28 29 64 128 0.0705773
29 29 64 128 0.036844
30 29 64 128 0.013633
31 29 64 128 0.0119634
32 29 64 128 0.0128973
10 30 64 128 0.0101385
16 30 64 128 0.0357574
17 30 64 128 0.44107
18 30 64 128 0.624708
19 30 64 128 0.76708
20 30 64 128 0.755059
21 30 64 128 0.705798
22 30 64 128 0.627232
23 30 64 128 0.742766
24 30 64 128 0.701868
25 30 64 128 0.708
26 30 64 128 0.361713
27 30 64 128 0.149884
28 30 64 128 0.0413798
29 30 64 128 0.0234635
16 31 64 128 0.0622348
17 31 64 128 0.577471
18 31 64 128 0.724483
19 31 64 128 0.831487
20 31 64 128 0.795819
21 31 64 128 0.722445
22 31 64 128 0.595384
23 31 64 128 0.703928
24 31 64 128 0.654886
25 31 64 128 0.566943
26 31 64 128 0.213609
27 31 64 128 0.080004
28 31 64 128 0.0206979
29 31 64 128 0.0107019
16 32 64 128 0.0770707
17 32 64 128 0.658725
18 32 64 128 0.765633
19 32 64 128 0.856408
20 32 64 128 0.805702
21 32 64 128 0.769468
22 32 64 128 0.622731
23 32 64 128 0.706725
24 32 64 128 0.571554
25 32 64 128 0.453404
26 32 64 128 0.136013
27 32 64 128 0.0427546
28 32 64 128 0.0107293
16 33 64 128 0.117679
17 33 64 128 0.743093
18 33 64 128 0.846734
19 33 64 128 0.882908
20 33 64 128 0.841346
21 33 64 128 0.76497
22 33 64 128 0.599736
23 33 64 128 0.600631
24 33 64 128 0.464517
25 33 64 128 0.265157
26 33 64 128 0.0678858
27 33 64 128 0.0186279
16 34 64 128 0.136161
17 34 64 128 0.799659
18 34 64 128 0.864311
19 34 64 128 0.917012
20 34 64 128 0.888449
21 34 64 128 0.830384
22 34 64 128 0.63416
23 34 64 128 0.584088
24 34 64 128 0.416711
25 34 64 128 0.203733
26 34 64 128 0.0399781
16 35 64 128 0.144277
17 35 64 128 0.815041
18 35 64 128 0.878984
19 35 64 128 0.911208
20 35 64 128 0.882829
21 35 64 128 0.793359
22 35 64 128 0.551195
23 35 64 128 0.442665
24 35 64 128 0.29798
25 35 64 128 0.108137
26 35 64 128 0.018719
16 36 64 128 0.17482
17 36 64 128 0.837724
18 36 64 128 0.896605
19 36 64 128 0.94122
20 36 64 128 0.914646
21 36 64 128 0.832913
22 36 64 128 0.556593
23 36 64 128 0.428699
24 36 64 128 0.251894
25 36 64 128 0.0838327
26 36 64 128 0.0120721
16 37 64 128 0.140389
17 37 64 128 0.795449
18 37 64 128 0.878728
19 37 64 128 0.928215
20 37 64 128 0.890662
21 37 64 128 0.799388
22 37 64 128 0.49294
23 37 64 128 0.312784
24 37 64 128 0.176138
25 37 64 128 0.0515102
15 38 64 128 0.010378
16 38 64 128 0.19324
17 38 64 128 0.865141
18 38 64 128 0.913107
19 38 64 128 0.954582
20 38 64 128 0.916475
21 38 64 128 0.839205
22 38 64 128 0.542102
23 38 64 128 0.370484
24 38 64 128 0.169095
25 38 64 128 0.0421738
16 39 64 128 0.203914
17 39 64 128 0.858445
18 39 64 128 0.916203
19 39 64 128 0.941985
20 39 64 128 0.899476
21 39 64 128 0.801302
22 39 64 128 0.497769
23 39 64 128 0.298913
24 39 64 128 0.134826
25 39 64 128 0.0255522
15 40 64 128 0.0104427
16 40 64 128 0.214281
17 40 64 128 0.869778
18 40 64 128 0.91398
19 40 64 128 0.938419
20 40 64 128 0.896611
21 40 64 128 0.819128
22 40 64 128 0.527253
23 40 64 128 0.310074
24 40 64 128 0.148483
25 40 64 128 0.0286223
16 41 64 128 0.172679
17 41 64 128 0.816708
18 41 64 128 0.87404
19 41 64 128 0.89112
20 41 64 128 0.829471
21 41 64 128 0.735637
22 41 64 128 0.423888
23 41 64 128 0.237551
24 41 64 128 0.0993498
25 41 64 128 0.0206703
15 42 64 128 0.0113206
16 42 64 128 0.215594
17 42 64 128 0.826237
18 42 64 128 0.877802
19 42 64 128 0.902918
20 42 64 128 0.833509
21 42 64 128 0.730288
22 42 64 128 0.431294
23 42 64 128 0.249268
24 42 64 128 0.10129
25 42 64 128 0.0201775
16 43 64 128 0.173502
17 43 64 128 0.785843
18 43 64 128 0.826547
19 43 64 128 0.844002
20 43 64 128 0.7491
21 43 64 128 0.613809
22 43 64 128 0.319452
23 43 64 128 0.174546
24 43 64 128 0.0656949
25 43 64 128 0.0138641
16 44 64 128 0.157009
17 44 64 128 0.757566
18 44 64 128 0.805061
19 44 64 128 0.816562
20 44 64 128 0.689278
21 44 64 128 0.530248
22 44 64 128 0.253197
23 44 64 128 0.141277
24 44 64 128 0.0527511
25 44 64 128 0.0121362
15 45 64 128 0.0104088
16 45 64 128 0.164478
17 45 64 128 0.682189
18 45 64 128 0.75316
19 45 64 128 0.735887
20 45 64 128 0.575526
21 45 64 128 0.380331
22 45 64 128 0.168084
23 45 64 128 0.088888
24 45 64 128 0.0354976
16 46 64 128 0.140549
17 46 64 128 0.642565
18 46 64 128 0.70937
19 46 64 128 0.659501
20 46 64 128 0.495037
21 46 64 128 0.295407
22 46 64 128 0.128234
23 46 64 128 0.0708432
24 46 64 128 0.0309705
16 47 64 128 0.119487
17 47 64 128 0.546664
18 47 64 128 0.599967
19 47 64 128 0.534719
20 47 64 128 0.36012
21 47 64 128 0.182394
22 47 64 128 0.0646885
23 47 64 128 0.0403356
24 47 64 128 0.016261
15 48 64 128 0.0104977
16 48 64 128 0.115361
17 48 64 128 0.466443
18 48 64 128 0.528491
19 48 64 128 0.405164
20 48 64 128 0.267483
21 48 64 128 0.112702
22 48 64 128 0.0408105
23 48 64 128 0.023497
16 49 64 128 0.0880295
17 49 64 128 0.30688
18 49 64 128 0.381121
19 49 64 128 0.238239
20 49 64 128 0.141643
21 49 64 128 0.0566878
22 49 64 128 0.0232774
23 49 64 128 0.0152681
10 50 64 128 0.0119442
16 50 64 128 0.0820627
17 50 64 128 0.262446
18 50 64 128 0.312586
19 50 64 128 0.142927
20 50 64 128 0.0936496
21 50 64 128 0.0317491
22 50 64 128 0.0147116
16 51 64 128 0.0504501
17 51 64 128 0.148233
18 51 64 128 0.177833
19 51 64 128 0.0780148
20 51 64 128 0.0469243
21 51 64 128 0.01603
3 52 64 128 0.0103651
4 52 64 128 0.0152214
5 52 64 128 0.0104948
6 52 64 128 0.0122309
7 52 64 128 0.0140581
8 52 64 128 0.0219701
9 52 64 128 0.0182526
10 52 64 128 0.0199449
16 52 64 128 0.0633979
17 52 64 128 0.155447
18 52 64 128 0.178411
19 52 64 128 0.0618368
20 52 64 128 0.0362442
21 52 64 128 0.0100211
8 53 64 128 0.0123907
16 53 64 128 0.0266659
17 53 64 128 0.0661808
18 53 64 128 0.0695719
19 53 64 128 0.0277935
20 53 64 128 0.012244
1 54 64 128 0.0148048
2 54 64 128 0.0242896
3 54 64 128 0.0258619
4 54 64 128 0.0326177
5 54 64 128 0.0171921
6 54 64 128 0.0198042
7 54 64 128 0.0198826
8 54 64 128 0.0332332
9 54 64 128 0.0154171
10 54 64 128 0.0195087
16 54 64 128 0.0296294
17 54 64 128 0.0665632
18 54 64 128 0.071513
19 54 64 128 0.0223165
20 54 64 128 0.0110643
16 55 64 128 0.0109305
17 55 64 128 0.0258331
18 55 64 128 0.0275032
4 56 64 128 0.0124175
8 56 64 128 0.0118666
16 56 64 128 0.0126881
17 56 64 128 0.0298145
18 56 64 128 0.026364
17 57 64 128 0.0112767
18 57 64 128 0.0110088
17 58 64 128 0.0108475
18 58 64 128 0.0100912
17 62 64 128 0.0137264
16 63 64 128 0.0150665
17 63 64 128 0.0241105
14 64 64 128 0.0101498
15 64 64 128 0.0162302
16 64 64 128 0.0422478
17 64 64 128 0.0585754
18 64 64 128 0.0142365
13 65 64 128 0.0147632
14 65 64 128 0.0224512
15 65 64 128 0.0348586
16 65 64 128 0.0841695
17 65 64 128 0.123941
18 65 64 128 0.0288866
12 66 64 128 0.0119226
13 66 64 128 0.0331412
14 66 64 128 0.054223
15 66 64 128 0.0917395
16 66 64 128 0.191083
17 66 64 128 0.241921
18 66 64 128 0.0576262
12 67 64 128 0.0100545
13 67 64 128 0.0317369
14 67 64 128 0.0801265
15 67 64 128 0.125393
16 67 64 128 0.277409
17 67 64 128 0.309086
18 67 64 128 0.0824395
12 68 64 128 0.0114532
13 68 64 128 0.0512524
14 68 64 128 0.142263
15 68 64 128 0.244374
16 68 64 128 0.410656
17 68 64 128 0.406381
18 68 64 128 0.110429
19 68 64 128 0.0124891
12 69 64 128 0.0137713
13 69 64 128 0.0611936
14 69 64 128 0.19241
15 69 64 128 0.35194
16 69 64 128 0.584078
17 69 64 128 0.583641
18 69 64 128 0.183688
19 69 64 128 0.0217414
12 70 64 128 0.0100713
13 70 64 128 0.0639552
14 70 64 128 0.207362
15 70 64 128 0.409494
16 70 64 128 0.63182
17 70 64 128 0.624352
18 70 64 128 0.17971
19 70 64 128 0.0174273
13 71 64 128 0.0278675
14 71 64 128 0.124651
15 71 64 128 0.270915
16 71 64 128 0.515773
17 71 64 128 0.49881
18 71 64 128 0.1293
19 71 64 128 0.0112323
13 72 64 128 0.0125053
14 72 64 128 0.0563978
15 72 64 128 0.143482
16 72 64 128 0.314232
17 72 64 128 0.297088
18 72 64 128 0.0517079
14 73 64 128 0.0216574
15 73 64 128 0.0767351
16 73 64 128 0.192575
17 73 64 128 0.197187
18 73 64 128 0.0303974
15 74 64 128 0.0247639
16 74 64 128 0.0654884
17 74 64 128 0.0669153
15 75 64 128 0.0122652
16 75 64 128 0.0317352
17 75 64 128 0.0306713
16 76 64 128 0.0127258
17 76 64 128 0.0102997
16 77 64 128 0.0152414
17 77 64 128 0.0129523
0 78 64 128 0.0170403
16 78 64 128 0.0107021
0 79 64 128 0.0333058
1 79 64 128 0.0136243
0 80 64 128 0.0333032
1 80 64 128 0.0143799
0 81 64 128 0.0259247
1 81 64 128 0.0123021
16 81 64 128 0.0154015
0 82 64 128 0.0195126
16 82 64 128 0.0163139
0 83 64 128 0.0113634
16 83 64 128 0.023743
17 83 64 128 0.0137311
0 84 64 128 0.0116304
15 84 64 128 0.0135074
16 84 64 128 0.0337577
17 84 64 128 0.0177178
14 85 64 128 0.0143246
15 85 64 128 0.0228983
16 85 64 128 0.0599072
17 85 64 128 0.0341995
18 85 64 128 0.0139546
14 86 64 128 0.0162364
15 86 64 128 0.0264197
16 86 64 128 0.0688183
17 86 64 128 0.0391965
18 86 64 128 0.0172441
14 87 64 128 0.0178889
15 87 64 128 0.0326726
16 87 64 128 0.0987823
17 87 64 128 0.0567203
18 87 64 128 0.0311831
14 88 64 128 0.0126982
15 88 64 128 0.0262745
16 88 64 128 0.0784322
17 88 64 128 0.0489474
18 88 64 128 0.028429
14 89 64 128 0.0162891
15 89 64 128 0.0364705
16 89 64 128 0.120837
17 89 64 128 0.079551
18 89 64 128 0.053678
14 90 64 128 0.0118934
15 90 64 128 0.0326302
16 90 64 128 0.0886583
17 90 64 128 0.0762338
18 90 64 128 0.0497694
19 90 64 128 0.0117903
14 91 64 128 0.0166474
15 91 64 128 0.039015
16 91 64 128 0.102826
17 91 64 128 0.0985773
18 91 64 128 0.0865347
19 91 64 128 0.0226168
20 91 64 128 0.0123221
14 92 64 128 0.017271
15 92 64 128 0.0411198
16 92 64 128 0.100711
17 92 64 128 0.107084
18 92 64 128 0.0840238
19 92 64 128 0.0280384
20 92 64 128 0.0153665
14 93 64 128 0.0352854
15 93 64 128 0.0823462
16 93 64 128 0.192797
17 93 64 128 0.20152
18 93 64 128 0.182057
19 93 64 128 0.0662206
20 93 64 128 0.0394894
21 93 64 128 0.0181936
0 94 64 128 0.0168339
13 94 64 128 0.0138397
14 94 64 128 0.050019
15 94 64 128 0.115988
16 94 64 128 0.212375
17 94 64 128 0.273766
18 94 64 128 0.207418
19 94 64 128 0.100184
20 94 64 128 0.0610034
21 94 64 128 0.0347578
22 94 64 128 0.0116647
0 95 64 128 0.0196999
13 95 64 128 0.0196702
14 95 64 128 0.0641678
15 95 64 128 0.139506
16 95 64 128 0.235929
17 95 64 128 0.304275
18 95 64 128 0.269829
19 95 64 128 0.135796
20 95 64 128 0.0883309
21 95 64 128 0.0511845
22 95 64 128 0.0178496
0 96 64 128 0.105348
1 96 64 128 0.0408758
2 96 64 128 0.0368451
3 96 64 128 0.0291077
4 96 64 128 0.0264131
5 96 64 128 0.013072
13 96 64 128 0.0230279
14 96 64 128 0.0625809
15 96 64 128 0.141893
16 96 64 128 0.209859
17 96 64 128 0.269689
18 96 64 128 0.195437
19 96 64 128 0.104398
20 96 64 128 0.0613216
21 96 64 128 0.0366232
22 96 64 128 0.0123394
0 97 64 128 0.0885165
1 97 64 128 0.0323627
2 97 64 128 0.0327963
3 97 64 128 0.0306243
4 97 64 128 0.0269812
5 97 64 128 0.0136482
12 97 64 128 0.0104501
13 97 64 128 0.0384474
14 97 64 128 0.0881103
15 97 64 128 0.182071
16 97 64 128 0.245992
17 97 64 128 0.304449
18 97 64 128 0.22711
19 97 64 128 0.116452
20 97 64 128 0.0631717
21 97 64 128 0.0374401
22 97 64 128 0.0112126
0 98 64 128 0.285987
1 98 64 128 0.122011
2 98 64 128 0.104204
3 98 64 128 0.0855019
4 98 64 128 0.0716716
5 98 64 128 0.0315649
6 98 64 128 0.0106611
12 98 64 128 0.0159863
13 98 64 128 0.0577189
14 98 64 128 0.0977341
15 98 64 128 0.228375
16 98 64 128 0.257618
17 98 64 128 0.329788
18 98 64 128 0.192422
19 98 64 128 0.102663
20 98 64 128 0.0502477
21 98 64 128 0.0280643
0 99 64 128 0.233129
1 99 64 128 0.0995473
2 99 64 128 0.0995413
3 99 64 128 0.0893211
4 99 64 128 0.0699722
5 99 64 128 0.0345956
6 99 64 128 0.011774
12 99 64 128 0.0269256
13 99 64 128 0.0961314
14 99 64 128 0.155483
15 99 64 128 0.301375
16 99 64 128 0.305209
17 99 64 128 0.35908
18 99 64 128 0.211054
19 99 64 128 0.121625
20 99 64 128 0.0503486
21 99 64 128 0.0263651
255 99 64 128 0.015524
0 100 64 128 0.369419
1 100 64 128 0.220301
2 100 64 128 0.192639
3 100 64 128 0.17588
4 100 64 128 0.149211
5 100 64 128 0.0802334
6 100 64 128 0.0219837
11 100 64 128 0.010387
12 100 64 128 0.0542681
13 100 64 128 0.163059
14 100 64 128 0.223365
15 100 64 128 0.367924
16 100 64 128 0.348515
17 100 64 128 0.415578
18 100 64 128 0.211212
19 100 64 128 0.140824
20 100 64 128 0.0543905
21 100 64 128 0.0254728
75 100 64 128 0.010719
76 100 64 128 0.011365
106 100 64 128 0.022502
107 100 64 128 0.0189819
108 100 64 128 0.0195023
109 100 64 128 0.0129677
255 100 64 128 0.0114768
0 101 64 128 0.243052
1 101 64 128 0.119589
2 101 64 128 0.104863
3 101 64 128 0.101821
4 101 64 128 0.0836492
5 101 64 128 0.0404535
6 101 64 128 0.0113281
11 101 64 128 0.010249
12 101 64 128 0.0505359
13 101 64 128 0.156639
14 101 64 128 0.183173
15 101 64 128 0.339072
16 101 64 128 0.295158
17 101 64 128 0.359656
18 101 64 128 0.174949
19 101 64 128 0.115094
20 101 64 128 0.0383852
21 101 64 128 0.0186247
75 101 64 128 0.0103442
106 101 64 128 0.0139206
107 101 64 128 0.0147794
108 101 64 128 0.0163039
109 101 64 128 0.0144895
110 101 64 128 0.0105973
138 101 64 128 0.0130255
255 101 64 128 0.0261922
0 102 64 128 0.236043
1 102 64 128 0.112002
2 102 64 128 0.0882247
3 102 64 128 0.0782825
4 102 64 128 0.0641235
5 102 64 128 0.0279716
12 102 64 128 0.0330143
13 102 64 128 0.111753
14 102 64 128 0.134822
15 102 64 128 0.278637
16 102 64 128 0.220705
17 102 64 128 0.254327
18 102 64 128 0.0934938
19 102 64 128 0.0705854
20 102 64 128 0.0240685
21 102 64 128 0.0114781
74 102 64 128 0.0297538
75 102 64 128 0.0302747
76 102 64 128 0.0295893
105 102 64 128 0.0159928
106 102 64 128 0.0426941
107 102 64 128 0.0411157
108 102 64 128 0.0440876
109 102 64 128 0.0473284
110 102 64 128 0.0308567
111 102 64 128 0.0262319
137 102 64 128 0.0165038
138 102 64 128 0.0246146
139 102 64 128 0.016963
140 102 64 128 0.0101043
255 102 64 128 0.0104899
0 103 64 128 0.164496
1 103 64 128 0.0712892
2 103 64 128 0.0538434
3 103 64 128 0.0536227
4 103 64 128 0.0403616
5 103 64 128 0.0177454
12 103 64 128 0.0225142
13 103 64 128 0.0739728
14 103 64 128 0.0873397
15 103 64 128 0.190307
16 103 64 128 0.109823
17 103 64 128 0.130962
18 103 64 128 0.0484463
19 103 64 128 0.0321513
106 103 64 128 0.0102561
107 103 64 128 0.0112603
108 103 64 128 0.0155907
109 103 64 128 0.0198688
110 103 64 128 0.0170352
111 103 64 128 0.0109719
0 104 64 128 0.0906773
1 104 64 128 0.042591
2 104 64 128 0.028242
3 104 64 128 0.0289609
4 104 64 128 0.0189173
12 104 64 128 0.0129306
13 104 64 128 0.0412256
14 104 64 128 0.0502104
15 104 64 128 0.117411
16 104 64 128 0.0783124
17 104 64 128 0.0962513
18 104 64 128 0.0322529
19 104 64 128 0.0225853
106 104 64 128 0.0153204
107 104 64 128 0.0178031
108 104 64 128 0.0220304
109 104 64 128 0.0292472
110 104 64 128 0.021887
111 104 64 128 0.0179884
0 105 64 128 0.0661121
1 105 64 128 0.0304996
2 105 64 128 0.0218348
3 105 64 128 0.0215163
4 105 64 128 0.0150569
13 105 64 128 0.0297313
14 105 64 128 0.0282576
15 105 64 128 0.0686349
16 105 64 128 0.043093
17 105 64 128 0.0528066
18 105 64 128 0.0160747
19 105 64 128 0.0124257
109 105 64 128 0.011167
0 106 64 128 0.047711
1 106 64 128 0.0201972
2 106 64 128 0.0110954
3 106 64 128 0.0121245
13 106 64 128 0.0228517
14 106 64 128 0.0260988
15 106 64 128 0.0717851
16 106 64 128 0.0513118
17 106 64 128 0.0572019
18 106 64 128 0.0161913
19 106 64 128 0.0131271
0 107 64 128 0.0592921
1 107 64 128 0.0260699
2 107 64 128 0.0137808
3 107 64 128 0.0150725
13 107 64 128 0.0231048
14 107 64 128 0.0248151
15 107 64 128 0.0567467
16 107 64 128 0.0344062
17 107 64 128 0.0356474
18 107 64 128 0.010755
0 108 64 128 0.0396686
1 108 64 128 0.0194379
2 108 64 128 0.0101536
3 108 64 128 0.0103797
13 108 64 128 0.0159182
14 108 64 128 0.0207755
15 108 64 128 0.0454825
16 108 64 128 0.0323447
17 108 64 128 0.0311319
109 108 64 128 0.0107769
0 109 64 128 0.0422902
1 109 64 128 0.0182387
3 109 64 128 0.0124357
13 109 64 128 0.0168368
14 109 64 128 0.0215752
15 109 64 128 0.0403819
16 109 64 128 0.0295945
17 109 64 128 0.025178
0 110 64 128 0.0221481
1 110 64 128 0.0100468
13 110 64 128 0.0100655
14 110 64 128 0.0141093
15 110 64 128 0.0289872
16 110 64 128 0.0199324
17 110 64 128 0.0183286
0 111 64 128 0.0240941
1 111 64 128 0.0140636
3 111 64 128 0.010152
14 111 64 128 0.0102834
15 111 64 128 0.0150385
16 111 64 128 0.0101197
163 111 64 128 0.0135215
164 111 64 128 0.0159975
165 111 64 128 0.0163151
