127 0 64 128 0.0119378
128 0 64 128 0.0149134
129 0 64 128 0.0300509
130 0 64 128 0.0544719
131 0 64 128 0.119072
132 0 64 128 0.160674
133 0 64 128 0.170145
134 0 64 128 0.131841
135 0 64 128 0.0606647
136 0 64 128 0.0398862
137 0 64 128 0.0276284
138 0 64 128 0.034033
139 0 64 128 0.0323089
140 0 64 128 0.0383763
141 0 64 128 0.0330204
142 0 64 128 0.0286908
143 0 64 128 0.0296503
144 0 64 128 0.0399156
145 0 64 128 0.0522411
146 0 64 128 0.0532805
147 0 64 128 0.0395081
148 0 64 128 0.0329193
149 0 64 128 0.0181534
126 1 64 128 0.0136094
127 1 64 128 0.0181663
128 1 64 128 0.0222637
129 1 64 128 0.0436838
130 1 64 128 0.0780975
131 1 64 128 0.154236
132 1 64 128 0.20087
133 1 64 128 0.192782
134 1 64 128 0.147189
135 1 64 128 0.0782455
136 1 64 128 0.0565767
137 1 64 128 0.0398725
138 1 64 128 0.053247
139 1 64 128 0.0501987
140 1 64 128 0.0589849
141 1 64 128 0.0502814
142 1 64 128 0.0442696
143 1 64 128 0.0433695
144 1 64 128 0.050038
145 1 64 128 0.0523613
146 1 64 128 0.0381457
147 1 64 128 0.0268949
148 1 64 128 0.02075
149 1 64 128 0.0106924
125 2 64 128 0.0103937
126 2 64 128 0.0139971
127 2 64 128 0.0204023
128 2 64 128 0.0245924
129 2 64 128 0.0422516
130 2 64 128 0.0807763
131 2 64 128 0.161974
132 2 64 128 0.207177
133 2 64 128 0.18417
134 2 64 128 0.149905
135 2 64 128 0.0880064
136 2 64 128 0.071682
137 2 64 128 0.0609262
138 2 64 128 0.0694036
139 2 64 128 0.073688
140 2 64 128 0.0786082
141 2 64 128 0.0764615
142 2 64 128 0.064997
143 2 64 128 0.0631986
144 2 64 128 0.0694129
145 2 64 128 0.0617963
146 2 64 128 0.0438685
147 2 64 128 0.0292429
148 2 64 128 0.0205167
149 2 64 128 0.0107914
125 3 64 128 0.0111803
126 3 64 128 0.0143844
127 3 64 128 0.0189905
128 3 64 128 0.0239039
129 3 64 128 0.0428637
130 3 64 128 0.0789088
131 3 64 128 0.150036
132 3 64 128 0.167893
133 3 64 128 0.152873
134 3 64 128 0.140792
135 3 64 128 0.0989136
136 3 64 128 0.0975871
137 3 64 128 0.0914537
138 3 64 128 0.108581
139 3 64 128 0.102312
140 3 64 128 0.110161
141 3 64 128 0.099999
142 3 64 128 0.0877848
143 3 64 128 0.0887044
144 3 64 128 0.0884785
145 3 64 128 0.0758113
146 3 64 128 0.0518289
147 3 64 128 0.0384202
148 3 64 128 0.0271181
149 3 64 128 0.0141187
126 4 64 128 0.0100215
127 4 64 128 0.0126261
128 4 64 128 0.0147737
129 4 64 128 0.0240342
130 4 64 128 0.0461145
131 4 64 128 0.0833219
132 4 64 128 0.0939876
133 4 64 128 0.0844382
134 4 64 128 0.0879115
135 4 64 128 0.0737989
136 4 64 128 0.069453
137 4 64 128 0.0717601
138 4 64 128 0.0983084
139 4 64 128 0.0995093
140 4 64 128 0.121399
141 4 64 128 0.121874
142 4 64 128 0.112263
143 4 64 128 0.118513
144 4 64 128 0.0988125
145 4 64 128 0.0870826
146 4 64 128 0.0654235
147 4 64 128 0.0460903
148 4 64 128 0.0303883
149 4 64 128 0.0165411
129 5 64 128 0.013836
130 5 64 128 0.0259252
131 5 64 128 0.0484963
132 5 64 128 0.053158
133 5 64 128 0.055384
134 5 64 128 0.0605873
135 5 64 128 0.0509449
136 5 64 128 0.0526512
137 5 64 128 0.056848
138 5 64 128 0.0978381
139 5 64 128 0.104795
140 5 64 128 0.124344
141 5 64 128 0.117889
142 5 64 128 0.109616
143 5 64 128 0.106932
144 5 64 128 0.0847675
145 5 64 128 0.0699304
146 5 64 128 0.0501286
147 5 64 128 0.0334427
148 5 64 128 0.0240779
149 5 64 128 0.0132648
130 6 64 128 0.0152648
131 6 64 128 0.0257315
132 6 64 128 0.0306512
133 6 64 128 0.0290971
134 6 64 128 0.0375047
135 6 64 128 0.0316943
136 6 64 128 0.0373949
137 6 64 128 0.0461192
138 6 64 128 0.0838703
139 6 64 128 0.0883397
140 6 64 128 0.101839
141 6 64 128 0.0998389
142 6 64 128 0.0920781
143 6 64 128 0.0793159
144 6 64 128 0.0591064
145 6 64 128 0.0506342
146 6 64 128 0.0370275
147 6 64 128 0.0262637
148 6 64 128 0.0179507
149 6 64 128 0.0103454
131 7 64 128 0.0118885
132 7 64 128 0.0128264
133 7 64 128 0.0141496
134 7 64 128 0.0159877
135 7 64 128 0.0166047
136 7 64 128 0.0213612
137 7 64 128 0.0315156
138 7 64 128 0.0603414
139 7 64 128 0.0704202
140 7 64 128 0.0825975
141 7 64 128 0.082797
142 7 64 128 0.0835703
143 7 64 128 0.0604715
144 7 64 128 0.0482435
145 7 64 128 0.0380015
146 7 64 128 0.0302547
147 7 64 128 0.0226191
148 7 64 128 0.0164201
137 8 64 128 0.0168325
138 8 64 128 0.0313764
139 8 64 128 0.0347244
140 8 64 128 0.0399931
141 8 64 128 0.0373286
142 8 64 128 0.0414508
143 8 64 128 0.0353031
144 8 64 128 0.0278593
145 8 64 128 0.0263994
146 8 64 128 0.0201082
147 8 64 128 0.0149752
138 9 64 128 0.0120457
139 9 64 128 0.0148846
140 9 64 128 0.0179896
141 9 64 128 0.0169805
142 9 64 128 0.018176
143 9 64 128 0.0153664
144 9 64 128 0.0123511
145 9 64 128 0.0109669
126 37 64 128 0.0112357
127 37 64 128 0.0144226
128 37 64 128 0.0124027
120 38 64 128 0.0101369
121 38 64 128 0.0143936
122 38 64 128 0.0109652
125 38 64 128 0.0157267
126 38 64 128 0.0240246
127 38 64 128 0.028603
128 38 64 128 0.0220838
129 38 64 128 0.0127895
120 39 64 128 0.0159369
121 39 64 128 0.0207876
122 39 64 128 0.0164247
123 39 64 128 0.0136755
124 39 64 128 0.0143425
125 39 64 128 0.0246408
126 39 64 128 0.0384465
127 39 64 128 0.0406325
128 39 64 128 0.0347934
129 39 64 128 0.0215566
130 39 64 128 0.0136936
131 39 64 128 0.0123867
132 39 64 128 0.0126862
119 40 64 128 0.0114902
120 40 64 128 0.0182804
121 40 64 128 0.0242998
122 40 64 128 0.0197236
123 40 64 128 0.0157867
124 40 64 128 0.0185665
125 40 64 128 0.0317959
126 40 64 128 0.0526999
127 40 64 128 0.0533761
128 40 64 128 0.0449626
129 40 64 128 0.0248623
130 40 64 128 0.0153137
131 40 64 128 0.013336
132 40 64 128 0.0115702
119 41 64 128 0.0137195
120 41 64 128 0.0172231
121 41 64 128 0.0225979
122 41 64 128 0.0182341
123 41 64 128 0.0182233
124 41 64 128 0.0189264
125 41 64 128 0.0320677
126 41 64 128 0.0511129
127 41 64 128 0.056229
128 41 64 128 0.0498773
129 41 64 128 0.0278824
130 41 64 128 0.0207865
131 41 64 128 0.0189766
132 41 64 128 0.0176857
133 41 64 128 0.0108136
120 42 64 128 0.0128883
121 42 64 128 0.0157915
122 42 64 128 0.0131568
123 42 64 128 0.0111444
124 42 64 128 0.011411
125 42 64 128 0.0187852
126 42 64 128 0.0315433
127 42 64 128 0.0350186
128 42 64 128 0.033121
129 42 64 128 0.0206896
130 42 64 128 0.0170655
131 42 64 128 0.0160772
132 42 64 128 0.01577
125 43 64 128 0.0123205
126 43 64 128 0.0196069
127 43 64 128 0.0235895
128 43 64 128 0.0225383
129 43 64 128 0.0171958
130 43 64 128 0.0165829
131 43 64 128 0.017362
132 43 64 128 0.0167395
126 44 64 128 0.0127537
127 44 64 128 0.016163
128 44 64 128 0.0146812
129 44 64 128 0.011378
130 44 64 128 0.0134212
131 44 64 128 0.0154406
132 44 64 128 0.0159382
133 44 64 128 0.0105545
127 45 64 128 0.0113508
128 45 64 128 0.0109033
130 45 64 128 0.0136055
131 45 64 128 0.0185255
132 45 64 128 0.0177006
133 45 64 128 0.0124424
130 46 64 128 0.0115992
131 46 64 128 0.0163603
132 46 64 128 0.0158025
133 46 64 128 0.0103331
131 47 64 128 0.0142754
132 47 64 128 0.0162833
133 47 64 128 0.0110376
132 48 64 128 0.0104745
124 65 64 128 0.0104507
125 65 64 128 0.0124353
123 66 64 128 0.0180852
124 66 64 128 0.0203053
125 66 64 128 0.019876
122 67 64 128 0.017757
123 67 64 128 0.0352767
124 67 64 128 0.0446678
125 67 64 128 0.0374496
126 67 64 128 0.0141357
121 68 64 128 0.0149778
122 68 64 128 0.0319965
123 68 64 128 0.0516224
124 68 64 128 0.0589575
125 68 64 128 0.049155
126 68 64 128 0.0166665
120 69 64 128 0.0134228
121 69 64 128 0.0304382
122 69 64 128 0.0572005
123 69 64 128 0.0849126
124 69 64 128 0.0662337
125 69 64 128 0.0452311
126 69 64 128 0.01676
120 70 64 128 0.016968
121 70 64 128 0.03679
122 70 64 128 0.0676937
123 70 64 128 0.0861752
124 70 64 128 0.0599447
125 70 64 128 0.0369362
126 70 64 128 0.0141616
119 71 64 128 0.0109888
120 71 64 128 0.0209668
121 71 64 128 0.0444315
122 71 64 128 0.0643019
123 71 64 128 0.0760548
124 71 64 128 0.0513234
125 71 64 128 0.0304881
126 71 64 128 0.0105618
120 72 64 128 0.0184544
121 72 64 128 0.0364834
122 72 64 128 0.055368
123 72 64 128 0.0556227
124 72 64 128 0.0334238
125 72 64 128 0.0210328
119 73 64 128 0.0100393
120 73 64 128 0.0182862
121 73 64 128 0.0283211
122 73 64 128 0.0347662
123 73 64 128 0.0365663
124 73 64 128 0.0202336
125 73 64 128 0.0112934
121 74 64 128 0.0152663
122 74 64 128 0.0181811
123 74 64 128 0.0167195
11 90 64 128 0.0112161
11 92 64 128 0.0101298
11 93 64 128 0.0112539
11 94 64 128 0.0117403
12 94 64 128 0.0100928
