193 36 113 512 0.0120295
194 36 113 512 0.0121019
192 37 113 512 0.0109654
193 37 113 512 0.0134003
194 37 113 512 0.0120007
192 38 113 512 0.0116371
193 38 113 512 0.013751
192 39 113 512 0.0190605
193 39 113 512 0.0216197
194 39 113 512 0.0139523
190 40 113 512 0.0108068
191 40 113 512 0.0243243
192 40 113 512 0.0422041
193 40 113 512 0.0474836
194 40 113 512 0.0364726
195 40 113 512 0.0239114
196 40 113 512 0.0152246
190 41 113 512 0.0279135
191 41 113 512 0.0580452
192 41 113 512 0.0900365
193 41 113 512 0.10182
194 41 113 512 0.0884358
195 41 113 512 0.0678103
196 41 113 512 0.0468869
197 41 113 512 0.0248492
189 42 113 512 0.016229
190 42 113 512 0.0575069
191 42 113 512 0.115292
192 42 113 512 0.16902
193 42 113 512 0.192075
194 42 113 512 0.177966
195 42 113 512 0.145712
196 42 113 512 0.1036
197 42 113 512 0.0536663
198 42 113 512 0.0143265
189 43 113 512 0.027457
190 43 113 512 0.0983298
191 43 113 512 0.191539
192 43 113 512 0.271597
193 43 113 512 0.308743
194 43 113 512 0.295357
195 43 113 512 0.249913
196 43 113 512 0.181305
197 43 113 512 0.0949682
198 43 113 512 0.025459
189 44 113 512 0.0432821
190 44 113 512 0.147686
191 44 113 512 0.278907
192 44 113 512 0.385334
193 44 113 512 0.436423
194 44 113 512 0.424704
195 44 113 512 0.367373
196 44 113 512 0.272511
197 44 113 512 0.147523
198 44 113 512 0.0441884
188 45 113 512 0.0119471
189 45 113 512 0.0645215
190 45 113 512 0.202877
191 45 113 512 0.369512
192 45 113 512 0.497795
193 45 113 512 0.559708
194 45 113 512 0.550098
195 45 113 512 0.485049
196 45 113 512 0.369721
197 45 113 512 0.210099
198 45 113 512 0.0733272
199 45 113 512 0.0201721
200 45 113 512 0.0105543
188 46 113 512 0.0205116
189 46 113 512 0.0916188
190 46 113 512 0.261155
191 46 113 512 0.455986
192 46 113 512 0.597571
193 46 113 512 0.664568
194 46 113 512 0.657049
195 46 113 512 0.590901
196 46 113 512 0.465725
197 46 113 512 0.281081
198 46 113 512 0.114997
199 46 113 512 0.041835
200 46 113 512 0.0214844
201 46 113 512 0.0109992
188 47 113 512 0.0310886
189 47 113 512 0.122051
190 47 113 512 0.31936
191 47 113 512 0.53507
192 47 113 512 0.68144
193 47 113 512 0.7479
194 47 113 512 0.742369
195 47 113 512 0.680896
196 47 113 512 0.555569
197 47 113 512 0.355838
198 47 113 512 0.165825
199 47 113 512 0.0707753
200 47 113 512 0.0360311
201 47 113 512 0.0194011
188 48 113 512 0.0416795
189 48 113 512 0.151882
190 48 113 512 0.374138
191 48 113 512 0.605459
192 48 113 512 0.750084
193 48 113 512 0.811815
194 48 113 512 0.808252
195 48 113 512 0.754815
196 48 113 512 0.635376
197 48 113 512 0.428296
198 48 113 512 0.219823
199 48 113 512 0.102969
200 48 113 512 0.0521132
201 48 113 512 0.0286821
202 48 113 512 0.0153205
188 49 113 512 0.0502803
189 49 113 512 0.177166
190 49 113 512 0.422136
191 49 113 512 0.665863
192 49 113 512 0.804207
193 49 113 512 0.858454
194 49 113 512 0.856929
195 49 113 512 0.812463
196 49 113 512 0.701275
197 49 113 512 0.492371
198 49 113 512 0.270984
199 49 113 512 0.134381
200 49 113 512 0.0676431
201 49 113 512 0.0375248
202 49 113 512 0.0201835
188 50 113 512 0.0550587
189 50 113 512 0.194289
190 50 113 512 0.460273
191 50 113 512 0.715144
192 50 113 512 0.844627
193 50 113 512 0.890033
194 50 113 512 0.890686
195 50 113 512 0.853852
196 50 113 512 0.749851
197 50 113 512 0.542572
198 50 113 512 0.313875
199 50 113 512 0.161422
200 50 113 512 0.0808725
201 50 113 512 0.0449205
202 50 113 512 0.0237719
188 51 113 512 0.0561779
189 51 113 512 0.203504
190 51 113 512 0.488685
191 51 113 512 0.753958
192 51 113 512 0.873469
193 51 113 512 0.909652
194 51 113 512 0.912478
195 51 113 512 0.881393
196 51 113 512 0.782951
197 51 113 512 0.580267
198 51 113 512 0.349721
199 51 113 512 0.185692
200 51 113 512 0.0939958
201 51 113 512 0.0534493
202 51 113 512 0.0283969
188 52 113 512 0.0550887
189 52 113 512 0.207558
190 52 113 512 0.509576
191 52 113 512 0.784112
192 52 113 512 0.893705
193 52 113 512 0.920975
194 52 113 512 0.925688
195 52 113 512 0.899045
196 52 113 512 0.805821
197 52 113 512 0.611249
198 52 113 512 0.384045
199 52 113 512 0.212142
200 52 113 512 0.111751
201 52 113 512 0.0680071
202 52 113 512 0.0383231
188 53 113 512 0.0532633
189 53 113 512 0.209238
190 53 113 512 0.525189
191 53 113 512 0.807435
192 53 113 512 0.908319
193 53 113 512 0.927679
194 53 113 512 0.933707
195 53 113 512 0.910794
196 53 113 512 0.823765
197 53 113 512 0.641385
198 53 113 512 0.422441
199 53 113 512 0.245779
200 53 113 512 0.13892
201 53 113 512 0.093528
202 53 113 512 0.0578476
203 53 113 512 0.0182107
188 54 113 512 0.0521029
189 54 113 512 0.211193
190 54 113 512 0.537641
191 54 113 512 0.825656
192 54 113 512 0.920164
193 54 113 512 0.933293
194 54 113 512 0.939803
195 54 113 512 0.920469
196 54 113 512 0.841837
197 54 113 512 0.676191
198 54 113 512 0.470079
199 54 113 512 0.291169
200 54 113 512 0.179831
201 54 113 512 0.134486
202 54 113 512 0.0908899
203 54 113 512 0.0354325
188 55 113 512 0.0517352
189 55 113 512 0.21354
190 55 113 512 0.54683
191 55 113 512 0.838712
192 55 113 512 0.929722
193 55 113 512 0.938749
194 55 113 512 0.944997
195 55 113 512 0.929097
196 55 113 512 0.860648
197 55 113 512 0.714859
198 55 113 512 0.524515
199 55 113 512 0.344961
200 55 113 512 0.230718
201 55 113 512 0.18709
202 55 113 512 0.134593
203 55 113 512 0.0596954
204 55 113 512 0.0185474
205 55 113 512 0.0104418
188 56 113 512 0.0511863
189 56 113 512 0.21421
190 56 113 512 0.550736
191 56 113 512 0.844994
192 56 113 512 0.935427
193 56 113 512 0.942728
194 56 113 512 0.948372
195 56 113 512 0.935283
196 56 113 512 0.876962
197 56 113 512 0.751117
198 56 113 512 0.576718
199 56 113 512 0.39696
200 56 113 512 0.280812
201 56 113 512 0.2404
202 56 113 512 0.180238
203 56 113 512 0.0862823
204 56 113 512 0.0308502
205 56 113 512 0.0161753
188 57 113 512 0.0494458
189 57 113 512 0.211064
190 57 113 512 0.547273
191 57 113 512 0.842838
192 57 113 512 0.935642
193 57 113 512 0.94384
194 57 113 512 0.948947
195 57 113 512 0.93755
196 57 113 512 0.887419
197 57 113 512 0.778507
198 57 113 512 0.617443
199 57 113 512 0.436744
200 57 113 512 0.319114
201 57 113 512 0.28324
202 57 113 512 0.218912
203 57 113 512 0.110364
204 57 113 512 0.0425928
205 57 113 512 0.0212105
206 57 113 512 0.0100972
188 58 113 512 0.0455353
189 58 113 512 0.202032
190 58 113 512 0.534445
191 58 113 512 0.830666
192 58 113 512 0.928806
193 58 113 512 0.940751
194 58 113 512 0.945786
195 58 113 512 0.934486
196 58 113 512 0.888767
197 58 113 512 0.790759
198 58 113 512 0.6377
199 58 113 512 0.454207
200 58 113 512 0.334972
201 58 113 512 0.304779
202 58 113 512 0.241973
203 58 113 512 0.127259
204 58 113 512 0.0516848
205 58 113 512 0.0244021
206 58 113 512 0.010649
188 59 113 512 0.0394473
189 59 113 512 0.187246
190 59 113 512 0.512869
191 59 113 512 0.80938
192 59 113 512 0.915571
193 59 113 512 0.933903
194 59 113 512 0.939398
195 59 113 512 0.926578
196 59 113 512 0.881113
197 59 113 512 0.787178
198 59 113 512 0.636375
199 59 113 512 0.448809
200 59 113 512 0.328323
201 59 113 512 0.304704
202 59 113 512 0.248944
203 59 113 512 0.136731
204 59 113 512 0.0582025
205 59 113 512 0.0260285
206 59 113 512 0.0102555
188 60 113 512 0.0322959
189 60 113 512 0.169383
190 60 113 512 0.486192
191 60 113 512 0.782755
192 60 113 512 0.899148
193 60 113 512 0.925793
194 60 113 512 0.931958
195 60 113 512 0.91651
196 60 113 512 0.868443
197 60 113 512 0.773518
198 60 113 512 0.621455
199 60 113 512 0.431073
200 60 113 512 0.311344
201 60 113 512 0.294853
202 60 113 512 0.248785
203 60 113 512 0.143684
204 60 113 512 0.0647274
205 60 113 512 0.0280144
206 60 113 512 0.0103171
188 61 113 512 0.0252581
189 61 113 512 0.15126
190 61 113 512 0.458226
191 61 113 512 0.754726
192 61 113 512 0.882891
193 61 113 512 0.919033
194 61 113 512 0.925733
195 61 113 512 0.907091
196 61 113 512 0.854961
197 61 113 512 0.755892
198 61 113 512 0.601434
199 61 113 512 0.412133
200 61 113 512 0.296892
201 61 113 512 0.287742
202 61 113 512 0.250987
203 61 113 512 0.153308
204 61 113 512 0.0739805
205 61 113 512 0.0323759
206 61 113 512 0.0122947
188 62 113 512 0.0195002
189 62 113 512 0.135668
190 62 113 512 0.432741
191 62 113 512 0.729177
192 62 113 512 0.870105
193 62 113 512 0.916192
194 62 113 512 0.922951
195 62 113 512 0.901081
196 62 113 512 0.844807
197 62 113 512 0.74033
198 62 113 512 0.584704
199 62 113 512 0.402991
200 62 113 512 0.297662
201 62 113 512 0.295721
202 62 113 512 0.264901
203 62 113 512 0.170708
204 62 113 512 0.0886325
205 62 113 512 0.0410954
206 62 113 512 0.0176248
188 63 113 512 0.0155664
189 63 113 512 0.12377
190 63 113 512 0.410871
191 63 113 512 0.706848
192 63 113 512 0.861172
193 63 113 512 0.917343
194 63 113 512 0.923479
195 63 113 512 0.898386
196 63 113 512 0.838319
197 63 113 512 0.728066
198 63 113 512 0.57345
199 63 113 512 0.406374
200 63 113 512 0.316459
201 63 113 512 0.321161
202 63 113 512 0.291781
203 63 113 512 0.195864
204 63 113 512 0.108334
205 63 113 512 0.0541302
206 63 113 512 0.0262928
207 63 113 512 0.0145086
188 64 113 512 0.0130359
189 64 113 512 0.114211
190 64 113 512 0.389665
191 64 113 512 0.683618
192 64 113 512 0.85194
193 64 113 512 0.918692
194 64 113 512 0.923525
195 64 113 512 0.894489
196 64 113 512 0.829942
197 64 113 512 0.712897
198 64 113 512 0.560241
199 64 113 512 0.412191
200 64 113 512 0.340765
201 64 113 512 0.350961
202 64 113 512 0.320319
203 64 113 512 0.220809
204 64 113 512 0.128056
205 64 113 512 0.0682987
206 64 113 512 0.0360336
207 64 113 512 0.020994
208 64 113 512 0.0133629
188 65 113 512 0.0114051
189 65 113 512 0.10542
190 65 113 512 0.365822
191 65 113 512 0.654942
192 65 113 512 0.837871
193 65 113 512 0.916109
194 65 113 512 0.918984
195 65 113 512 0.884493
196 65 113 512 0.813614
197 65 113 512 0.687976
198 65 113 512 0.536821
199 65 113 512 0.409247
200 65 113 512 0.35674
201 65 113 512 0.370691
202 65 113 512 0.338129
203 65 113 512 0.236896
204 65 113 512 0.142364
205 65 113 512 0.0801492
206 65 113 512 0.0443892
207 65 113 512 0.0260782
208 65 113 512 0.0164864
188 66 113 512 0.0101711
189 66 113 512 0.0958287
190 66 113 512 0.336055
191 66 113 512 0.616301
192 66 113 512 0.814442
193 66 113 512 0.905482
194 66 113 512 0.90576
195 66 113 512 0.863518
196 66 113 512 0.783296
197 66 113 512 0.646489
198 66 113 512 0.494966
199 66 113 512 0.386392
200 66 113 512 0.3506
201 66 113 512 0.365976
202 66 113 512 0.332879
203 66 113 512 0.235517
204 66 113 512 0.145854
205 66 113 512 0.0862461
206 66 113 512 0.0489131
207 66 113 512 0.027922
208 66 113 512 0.0175152
209 66 113 512 0.0107143
189 67 113 512 0.0846799
190 67 113 512 0.29954
191 67 113 512 0.566692
192 67 113 512 0.780086
193 67 113 512 0.884843
194 67 113 512 0.881799
195 67 113 512 0.829262
196 67 113 512 0.736507
197 67 113 512 0.586322
198 67 113 512 0.432363
199 67 113 512 0.339615
200 67 113 512 0.316908
201 67 113 512 0.331595
202 67 113 512 0.300819
203 67 113 512 0.214708
204 67 113 512 0.137482
205 67 113 512 0.085773
206 67 113 512 0.0490981
207 67 113 512 0.0263228
208 67 113 512 0.0163312
209 67 113 512 0.0104271
189 68 113 512 0.0729158
190 68 113 512 0.260618
191 68 113 512 0.51249
192 68 113 512 0.739432
193 68 113 512 0.856734
194 68 113 512 0.849321
195 68 113 512 0.784839
196 68 113 512 0.678227
197 68 113 512 0.515222
198 68 113 512 0.359091
199 68 113 512 0.279877
200 68 113 512 0.267741
201 68 113 512 0.281521
202 68 113 512 0.256195
203 68 113 512 0.18644
204 68 113 512 0.125355
205 68 113 512 0.0834052
206 68 113 512 0.0485036
207 68 113 512 0.0245098
208 68 113 512 0.0149972
189 69 113 512 0.0616927
190 69 113 512 0.224277
191 69 113 512 0.461003
192 69 113 512 0.697889
193 69 113 512 0.824264
194 69 113 512 0.811086
195 69 113 512 0.734041
196 69 113 512 0.614378
197 69 113 512 0.442176
198 69 113 512 0.286786
199 69 113 512 0.220026
200 69 113 512 0.217383
201 69 113 512 0.232144
202 69 113 512 0.215523
203 69 113 512 0.164439
204 69 113 512 0.118731
205 69 113 512 0.0845096
206 69 113 512 0.0512008
207 69 113 512 0.0261446
208 69 113 512 0.0158509
209 69 113 512 0.0103072
189 70 113 512 0.052166
190 70 113 512 0.195506
191 70 113 512 0.41953
192 70 113 512 0.660863
193 70 113 512 0.79054
194 70 113 512 0.769852
195 70 113 512 0.680663
196 70 113 512 0.550878
197 70 113 512 0.37617
198 70 113 512 0.227079
199 70 113 512 0.172902
200 70 113 512 0.18011
201 70 113 512 0.199847
202 70 113 512 0.195309
203 70 113 512 0.162422
204 70 113 512 0.126863
205 70 113 512 0.0944499
206 70 113 512 0.0612585
207 70 113 512 0.0348861
208 70 113 512 0.0212286
209 70 113 512 0.0125568
189 71 113 512 0.0450238
190 71 113 512 0.176941
191 71 113 512 0.391723
192 71 113 512 0.630727
193 71 113 512 0.756628
194 71 113 512 0.726737
195 71 113 512 0.626893
196 71 113 512 0.491611
197 71 113 512 0.322994
198 71 113 512 0.187224
199 71 113 512 0.146388
200 71 113 512 0.164458
201 71 113 512 0.193993
202 71 113 512 0.204399
203 71 113 512 0.187102
204 71 113 512 0.153865
205 71 113 512 0.115366
206 71 113 512 0.0801823
207 71 113 512 0.0521083
208 71 113 512 0.032023
209 71 113 512 0.0171022
189 72 113 512 0.0396095
190 72 113 512 0.164463
191 72 113 512 0.370727
192 72 113 512 0.601128
193 72 113 512 0.717724
194 72 113 512 0.67814
195 72 113 512 0.570318
196 72 113 512 0.434611
197 72 113 512 0.279252
198 72 113 512 0.161865
199 72 113 512 0.134101
200 72 113 512 0.162454
201 72 113 512 0.203748
202 72 113 512 0.2296
203 72 113 512 0.225042
204 72 113 512 0.189063
205 72 113 512 0.140121
206 72 113 512 0.102105
207 72 113 512 0.0726112
208 72 113 512 0.0449752
209 72 113 512 0.0225357
189 73 113 512 0.0350259
190 73 113 512 0.15274
191 73 113 512 0.347811
192 73 113 512 0.564153
193 73 113 512 0.667977
194 73 113 512 0.619621
195 73 113 512 0.507698
196 73 113 512 0.376867
197 73 113 512 0.239905
198 73 113 512 0.143397
199 73 113 512 0.127109
200 73 113 512 0.163174
201 73 113 512 0.214671
202 73 113 512 0.25378
203 73 113 512 0.259205
204 73 113 512 0.219143
205 73 113 512 0.159925
206 73 113 512 0.11984
207 73 113 512 0.0900199
208 73 113 512 0.0560844
209 73 113 512 0.0271248
189 74 113 512 0.0303759
190 74 113 512 0.136444
191 74 113 512 0.314242
192 74 113 512 0.51189
193 74 113 512 0.601534
194 74 113 512 0.546736
195 74 113 512 0.435796
196 74 113 512 0.315366
197 74 113 512 0.199914
198 74 113 512 0.124216
199 74 113 512 0.116478
200 74 113 512 0.155694
201 74 113 512 0.21232
202 74 113 512 0.259808
203 74 113 512 0.272553
204 74 113 512 0.230789
205 74 113 512 0.165983
206 74 113 512 0.126204
207 74 113 512 0.0979598
208 74 113 512 0.0613495
209 74 113 512 0.0291372
210 74 113 512 0.0106181
189 75 113 512 0.0250179
190 75 113 512 0.11198
191 75 113 512 0.264322
192 75 113 512 0.439552
193 75 113 512 0.515355
194 75 113 512 0.457581
195 75 113 512 0.35342
196 75 113 512 0.248677
197 75 113 512 0.155885
198 75 113 512 0.0987652
199 75 113 512 0.0957667
200 75 113 512 0.132317
201 75 113 512 0.186576
202 75 113 512 0.235766
203 75 113 512 0.253404
204 75 113 512 0.215062
205 75 113 512 0.152558
206 75 113 512 0.1165
207 75 113 512 0.09218
208 75 113 512 0.0580953
209 75 113 512 0.0274282
189 76 113 512 0.0193321
190 76 113 512 0.0826988
191 76 113 512 0.204475
192 76 113 512 0.354857
193 76 113 512 0.417648
194 76 113 512 0.360404
195 76 113 512 0.267569
196 76 113 512 0.181683
197 76 113 512 0.111012
198 76 113 512 0.0696952
199 76 113 512 0.0684864
200 76 113 512 0.0982651
201 76 113 512 0.144602
202 76 113 512 0.190593
203 76 113 512 0.211498
204 76 113 512 0.180525
205 76 113 512 0.126129
206 76 113 512 0.0959896
207 76 113 512 0.0769254
208 76 113 512 0.0489488
209 76 113 512 0.0232041
189 77 113 512 0.0139542
190 77 113 512 0.0536845
191 77 113 512 0.144161
192 77 113 512 0.268651
193 77 113 512 0.319434
194 77 113 512 0.26599
195 77 113 512 0.187289
196 77 113 512 0.120848
197 77 113 512 0.0701306
198 77 113 512 0.0417063
199 77 113 512 0.0406391
200 77 113 512 0.0619866
201 77 113 512 0.0978843
202 77 113 512 0.138441
203 77 113 512 0.16193
204 77 113 512 0.140115
205 77 113 512 0.0962271
206 77 113 512 0.0724242
207 77 113 512 0.0585648
208 77 113 512 0.0378626
209 77 113 512 0.0182589
190 78 113 512 0.0300224
191 78 113 512 0.0928377
192 78 113 512 0.191779
193 78 113 512 0.231732
194 78 113 512 0.185122
195 78 113 512 0.121625
196 78 113 512 0.0726352
197 78 113 512 0.0380799
198 78 113 512 0.0194989
199 78 113 512 0.0182264
200 78 113 512 0.0319309
201 78 113 512 0.0579093
202 78 113 512 0.0934623
203 78 113 512 0.119798
204 78 113 512 0.106769
205 78 113 512 0.0723862
206 78 113 512 0.0535545
207 78 113 512 0.0434669
208 78 113 512 0.0287893
209 78 113 512 0.0143867
190 79 113 512 0.0158295
191 79 113 512 0.0582643
192 79 113 512 0.133315
193 79 113 512 0.163772
194 79 113 512 0.126629
195 79 113 512 0.0778051
196 79 113 512 0.042119
197 79 113 512 0.0186659
200 79 113 512 0.0149988
201 79 113 512 0.034127
202 79 113 512 0.067268
203 79 113 512 0.0973794
204 79 113 512 0.0909367
205 79 113 512 0.0622699
206 79 113 512 0.0456251
207 79 113 512 0.0367841
208 79 113 512 0.0249194
209 79 113 512 0.0130217
191 80 113 512 0.0386996
192 80 113 512 0.0924226
193 80 113 512 0.114768
194 80 113 512 0.0883695
195 80 113 512 0.05287
196 80 113 512 0.0265928
201 80 113 512 0.0245986
202 80 113 512 0.0572539
203 80 113 512 0.0911954
204 80 113 512 0.0891344
205 80 113 512 0.063083
206 80 113 512 0.0464518
207 80 113 512 0.0368621
208 80 113 512 0.0251784
209 80 113 512 0.0135856
191 81 113 512 0.029099
192 81 113 512 0.0648195
193 81 113 512 0.0804492
194 81 113 512 0.0643955
195 81 113 512 0.0403219
196 81 113 512 0.020646
200 81 113 512 0.0104401
201 81 113 512 0.0234258
202 81 113 512 0.055873
203 81 113 512 0.0922871
204 81 113 512 0.0930365
205 81 113 512 0.0683946
206 81 113 512 0.0509202
207 81 113 512 0.0396799
208 81 113 512 0.027009
209 81 113 512 0.0148003
191 82 113 512 0.0244144
192 82 113 512 0.046221
193 82 113 512 0.056543
194 82 113 512 0.0487526
195 82 113 512 0.0336589
196 82 113 512 0.0188653
200 82 113 512 0.0132599
201 82 113 512 0.0247062
202 82 113 512 0.0555738
203 82 113 512 0.0916905
204 82 113 512 0.0943122
205 82 113 512 0.0717701
206 82 113 512 0.0539127
207 82 113 512 0.0412146
208 82 113 512 0.0278527
209 82 113 512 0.0153873
191 83 113 512 0.0200514
192 83 113 512 0.0326352
193 83 113 512 0.0390481
194 83 113 512 0.0359896
195 83 113 512 0.0269853
196 83 113 512 0.0163467
200 83 113 512 0.0135994
201 83 113 512 0.0231483
202 83 113 512 0.0496778
203 83 113 512 0.0815981
204 83 113 512 0.0857415
205 83 113 512 0.0676272
206 83 113 512 0.0510046
207 83 113 512 0.0380091
208 83 113 512 0.0255178
209 83 113 512 0.0142525
191 84 113 512 0.0150166
192 84 113 512 0.0224004
193 84 113 512 0.0261224
194 84 113 512 0.0246473
195 84 113 512 0.0192179
196 84 113 512 0.012232
200 84 113 512 0.0110739
201 84 113 512 0.0183101
202 84 113 512 0.0384439
203 84 113 512 0.063387
204 84 113 512 0.068926
205 84 113 512 0.0571539
206 84 113 512 0.0432707
207 84 113 512 0.0311012
208 84 113 512 0.0207269
209 84 113 512 0.0117686
191 85 113 512 0.0100338
192 85 113 512 0.0149658
193 85 113 512 0.0169533
194 85 113 512 0.01517
195 85 113 512 0.0115685
201 85 113 512 0.0120624
202 85 113 512 0.0254389
203 85 113 512 0.0428147
204 85 113 512 0.0496741
205 85 113 512 0.0447665
206 85 113 512 0.0344084
207 85 113 512 0.0236723
208 85 113 512 0.0155925
193 86 113 512 0.0107347
202 86 113 512 0.0142503
203 86 113 512 0.0256652
204 86 113 512 0.0338203
205 86 113 512 0.0349013
206 86 113 512 0.0281314
207 86 113 512 0.0189173
208 86 113 512 0.0122358
203 87 113 512 0.0172338
204 87 113 512 0.0266927
205 87 113 512 0.0315911
206 87 113 512 0.0277905
207 87 113 512 0.0197057
208 87 113 512 0.0125635
203 88 113 512 0.0171316
204 88 113 512 0.0277355
205 88 113 512 0.0341785
206 88 113 512 0.0325194
207 88 113 512 0.0251299
208 88 113 512 0.0159932
203 89 113 512 0.0213024
204 89 113 512 0.0325966
205 89 113 512 0.0389804
206 89 113 512 0.0387308
207 89 113 512 0.031845
208 89 113 512 0.0203364
209 89 113 512 0.0100284
202 90 113 512 0.0110671
203 90 113 512 0.0256289
204 90 113 512 0.0368607
205 90 113 512 0.0422629
206 90 113 512 0.0427922
207 90 113 512 0.0364655
208 90 113 512 0.0233778
209 90 113 512 0.0113112
202 91 113 512 0.0115509
203 91 113 512 0.0261764
204 91 113 512 0.0363216
205 91 113 512 0.0404866
206 91 113 512 0.0412664
207 91 113 512 0.0357865
208 91 113 512 0.0230195
209 91 113 512 0.0110558
203 92 113 512 0.0222842
204 92 113 512 0.0305271
205 92 113 512 0.0335959
206 92 113 512 0.0342279
207 92 113 512 0.0298405
208 92 113 512 0.0192737
203 93 113 512 0.0161242
204 93 113 512 0.0222719
205 93 113 512 0.0245487
206 93 113 512 0.0247879
207 93 113 512 0.021461
208 93 113 512 0.0139776
204 94 113 512 0.0144577
205 94 113 512 0.0164024
206 94 113 512 0.0161581
207 94 113 512 0.0135735
205 95 113 512 0.0121377
206 95 113 512 0.011471
205 96 113 512 0.0124085
206 96 113 512 0.011464
204 97 113 512 0.0111842
205 97 113 512 0.0151794
206 97 113 512 0.0141055
207 97 113 512 0.0105402
204 98 113 512 0.0134862
205 98 113 512 0.0182647
206 98 113 512 0.0172094
207 98 113 512 0.0130587
204 99 113 512 0.0144921
205 99 113 512 0.0195024
206 99 113 512 0.0186129
207 99 113 512 0.0143313
208 99 113 512 0.010057
204 100 113 512 0.013507
205 100 113 512 0.0181385
206 100 113 512 0.0175373
207 100 113 512 0.0136742
204 101 113 512 0.0115515
205 101 113 512 0.0156006
206 101 113 512 0.0153492
207 101 113 512 0.0121527
205 102 113 512 0.0135045
206 102 113 512 0.0136
207 102 113 512 0.0109827
205 103 113 512 0.0134593
206 103 113 512 0.0138346
207 103 113 512 0.0113751
204 104 113 512 0.0108185
205 104 113 512 0.0160436
206 104 113 512 0.0165928
207 104 113 512 0.0137418
204 105 113 512 0.0130224
205 105 113 512 0.0196746
206 105 113 512 0.0203064
207 105 113 512 0.0168182
208 105 113 512 0.0124177
204 106 113 512 0.0147899
205 106 113 512 0.0224975
206 106 113 512 0.0231417
207 106 113 512 0.0191291
208 106 113 512 0.0143184
204 107 113 512 0.0149012
205 107 113 512 0.0226582
206 107 113 512 0.0232659
207 107 113 512 0.0191997
208 107 113 512 0.014394
204 108 113 512 0.0127405
205 108 113 512 0.0192378
206 108 113 512 0.019781
207 108 113 512 0.0163157
208 108 113 512 0.0120742
205 109 113 512 0.0140071
206 109 113 512 0.0144788
207 109 113 512 0.0119491
1 0 93 275 0.0134773
2 0 93 275 0.0125403
9 0 93 275 0.0147281
10 0 93 275 0.030149
11 0 93 275 0.032332
12 0 93 275 0.0213668
1 1 93 275 0.0122203
2 1 93 275 0.0116111
9 1 93 275 0.0145202
10 1 93 275 0.0298077
11 1 93 275 0.0322012
12 1 93 275 0.0214592
9 2 93 275 0.0135899
10 2 93 275 0.027985
11 2 93 275 0.0305299
12 2 93 275 0.0205685
9 3 93 275 0.0116443
10 3 93 275 0.0238521
11 3 93 275 0.0259181
12 3 93 275 0.0173832
10 4 93 275 0.019111
11 4 93 275 0.020519
12 4 93 275 0.0136089
10 5 93 275 0.0163057
11 5 93 275 0.0176794
12 5 93 275 0.0119675
10 6 93 275 0.015243
11 6 93 275 0.0170406
12 6 93 275 0.0120773
10 7 93 275 0.013926
11 7 93 275 0.0158084
12 7 93 275 0.0115191
10 8 93 275 0.0119056
11 8 93 275 0.0134243
10 9 93 275 0.010431
11 9 93 275 0.0117805
11 10 93 275 0.0116002
11 11 93 275 0.0113831
11 12 93 275 0.0101114
11 20 93 275 0.0102725
189 36 93 275 0.0123012
190 36 93 275 0.0149106
191 36 93 275 0.0136478
193 36 93 275 0.010108
194 36 93 275 0.0118356
189 37 93 275 0.0143865
190 37 93 275 0.045078
191 37 93 275 0.0719107
192 37 93 275 0.0626054
193 37 93 275 0.0288997
189 38 93 275 0.0142153
190 38 93 275 0.113837
191 38 93 275 0.211841
192 38 93 275 0.202419
193 38 93 275 0.075621
189 39 93 275 0.103906
190 39 93 275 0.277107
191 39 93 275 0.425526
192 39 93 275 0.418651
193 39 93 275 0.213262
186 40 93 275 0.0128
187 40 93 275 0.0413555
188 40 93 275 0.141687
189 40 93 275 0.36724
190 40 93 275 0.575852
191 40 93 275 0.686731
192 40 93 275 0.682998
193 40 93 275 0.492552
194 40 93 275 0.223802
195 40 93 275 0.0501546
186 41 93 275 0.0226816
187 41 93 275 0.110511
188 41 93 275 0.331714
189 41 93 275 0.682747
190 41 93 275 0.886909
191 41 93 275 0.914244
192 41 93 275 0.91191
193 41 93 275 0.8014
194 41 93 275 0.510854
195 41 93 275 0.129779
186 42 93 275 0.0232529
187 42 93 275 0.164774
188 42 93 275 0.474322
189 42 93 275 0.858233
190 42 93 275 1.03315
191 42 93 275 1.01304
192 42 93 275 1.00825
193 42 93 275 0.972568
194 42 93 275 0.701679
195 42 93 275 0.193209
186 43 93 275 0.0251929
187 43 93 275 0.215578
188 43 93 275 0.570376
189 43 93 275 0.893253
190 43 93 275 1.02297
191 43 93 275 1.00354
192 43 93 275 0.99456
193 43 93 275 1.00279
194 43 93 275 0.781
195 43 93 275 0.256935
186 44 93 275 0.0515291
187 44 93 275 0.304407
188 44 93 275 0.686821
189 44 93 275 0.914563
190 44 93 275 0.988205
191 44 93 275 0.98248
192 44 93 275 0.972385
193 44 93 275 0.998181
194 44 93 275 0.836085
195 44 93 275 0.373598
196 44 93 275 0.0764252
186 45 93 275 0.0912874
187 45 93 275 0.406486
188 45 93 275 0.81016
189 45 93 275 0.962772
190 45 93 275 0.987501
191 45 93 275 0.989065
192 45 93 275 0.981677
193 45 93 275 1.00736
194 45 93 275 0.897414
195 45 93 275 0.5266
196 45 93 275 0.171048
186 46 93 275 0.0969373
187 46 93 275 0.4258
188 46 93 275 0.839693
189 46 93 275 0.983288
190 46 93 275 0.997971
191 46 93 275 0.998953
192 46 93 275 0.994378
193 46 93 275 1.0147
194 46 93 275 0.932313
195 46 93 275 0.624623
196 46 93 275 0.230825
186 47 93 275 0.0546758
187 47 93 275 0.341926
188 47 93 275 0.758814
189 47 93 275 0.957922
190 47 93 275 1.00266
191 47 93 275 0.997927
192 47 93 275 0.994329
193 47 93 275 1.01105
194 47 93 275 0.931465
195 47 93 275 0.641195
196 47 93 275 0.24067
186 48 93 275 0.0119316
187 48 93 275 0.270745
188 48 93 275 0.703221
189 48 93 275 0.93935
190 48 93 275 1.00185
191 48 93 275 0.994668
192 48 93 275 0.991693
193 48 93 275 1.00393
194 48 93 275 0.931194
195 48 93 275 0.667935
196 48 93 275 0.268128
187 49 93 275 0.28557
188 49 93 275 0.750675
189 49 93 275 0.958921
190 49 93 275 0.998493
191 49 93 275 0.99612
192 49 93 275 0.994475
193 49 93 275 0.999864
194 49 93 275 0.954275
195 49 93 275 0.758509
196 49 93 275 0.34938
197 49 93 275 0.0278651
187 50 93 275 0.301517
188 50 93 275 0.772908
189 50 93 275 0.968003
190 50 93 275 0.998384
191 50 93 275 0.997939
192 50 93 275 0.997236
193 50 93 275 0.997983
194 50 93 275 0.972514
195 50 93 275 0.826488
196 50 93 275 0.409023
197 50 93 275 0.0472905
187 51 93 275 0.235165
188 51 93 275 0.651948
189 51 93 275 0.92191
190 51 93 275 1.00587
191 51 93 275 0.995433
192 51 93 275 0.99422
193 51 93 275 0.996527
194 51 93 275 0.95915
195 51 93 275 0.792537
196 51 93 275 0.380088
197 51 93 275 0.0370861
187 52 93 275 0.142343
188 52 93 275 0.491272
189 52 93 275 0.861643
190 52 93 275 1.01607
191 52 93 275 0.991683
192 52 93 275 0.989381
193 52 93 275 0.99571
194 52 93 275 0.936904
195 52 93 275 0.72832
196 52 93 275 0.32919
197 52 93 275 0.0245223
187 53 93 275 0.108169
188 53 93 275 0.437954
189 53 93 275 0.844209
190 53 93 275 1.02171
191 53 93 275 0.991266
192 53 93 275 0.988605
193 53 93 275 0.995782
194 53 93 275 0.937388
195 53 93 275 0.733909
196 53 93 275 0.347358
197 53 93 275 0.0447707
187 54 93 275 0.116492
188 54 93 275 0.453355
189 54 93 275 0.847578
190 54 93 275 1.01833
191 54 93 275 0.991965
192 54 93 275 0.989784
193 54 93 275 0.9924
194 54 93 275 0.943644
195 54 93 275 0.771773
196 54 93 275 0.397921
197 54 93 275 0.0790322
198 54 93 275 0.0141114
187 55 93 275 0.104752
188 55 93 275 0.414789
189 55 93 275 0.814796
190 55 93 275 1.00357
191 55 93 275 0.988634
192 55 93 275 0.987265
193 55 93 275 0.979649
194 55 93 275 0.917629
195 55 93 275 0.742995
196 55 93 275 0.387289
197 55 93 275 0.084713
198 55 93 275 0.0168915
187 56 93 275 0.0675648
188 56 93 275 0.320979
189 56 93 275 0.753877
190 56 93 275 0.98581
191 56 93 275 0.982914
192 56 93 275 0.981786
193 56 93 275 0.962528
194 56 93 275 0.867058
195 56 93 275 0.652585
196 56 93 275 0.319027
197 56 93 275 0.0643979
198 56 93 275 0.0148419
187 57 93 275 0.0443791
188 57 93 275 0.265423
189 57 93 275 0.723004
190 57 93 275 0.981239
191 57 93 275 0.981586
192 57 93 275 0.978955
193 57 93 275 0.95412
194 57 93 275 0.834793
195 57 93 275 0.586434
196 57 93 275 0.272457
197 57 93 275 0.0558606
198 57 93 275 0.014221
199 57 93 275 0.0105561
187 58 93 275 0.0451474
188 58 93 275 0.266486
189 58 93 275 0.722568
190 58 93 275 0.981055
191 58 93 275 0.982097
192 58 93 275 0.976414
193 58 93 275 0.946221
194 58 93 275 0.816599
195 58 93 275 0.559523
196 58 93 275 0.26594
197 58 93 275 0.0676522
198 58 93 275 0.0164991
199 58 93 275 0.0107175
187 59 93 275 0.0412108
188 59 93 275 0.244888
189 59 93 275 0.678701
190 59 93 275 0.944855
191 59 93 275 0.970013
192 59 93 275 0.961637
193 59 93 275 0.903705
194 59 93 275 0.748008
195 59 93 275 0.495016
196 59 93 275 0.238641
197 59 93 275 0.0703977
198 59 93 275 0.0169229
200 59 93 275 0.0102519
187 60 93 275 0.0184025
188 60 93 275 0.16311
189 60 93 275 0.558406
190 60 93 275 0.856158
191 60 93 275 0.939672
192 60 93 275 0.928923
193 60 93 275 0.815516
194 60 93 275 0.608779
195 60 93 275 0.362834
196 60 93 275 0.163664
197 60 93 275 0.0504107
198 60 93 275 0.0134538
188 61 93 275 0.0807201
189 61 93 275 0.420959
190 61 93 275 0.750963
191 61 93 275 0.904692
192 61 93 275 0.887687
193 61 93 275 0.722778
194 61 93 275 0.475939
195 61 93 275 0.239335
196 61 93 275 0.0929927
197 61 93 275 0.0306407
198 61 93 275 0.0103492
188 62 93 275 0.0474962
189 62 93 275 0.316672
190 62 93 275 0.655948
191 62 93 275 0.867738
192 62 93 275 0.83808
193 62 93 275 0.652169
194 62 93 275 0.406036
195 62 93 275 0.18406
196 62 93 275 0.068186
197 62 93 275 0.0292409
198 62 93 275 0.0107859
200 62 93 275 0.0130876
201 62 93 275 0.0113635
188 63 93 275 0.0410664
189 63 93 275 0.228421
190 63 93 275 0.545289
191 63 93 275 0.786917
192 63 93 275 0.743067
193 63 93 275 0.56078
194 63 93 275 0.347548
195 63 93 275 0.157034
196 63 93 275 0.0639112
197 63 93 275 0.0334453
198 63 93 275 0.0117661
199 63 93 275 0.0114287
200 63 93 275 0.0164704
201 63 93 275 0.0135934
202 63 93 275 0.0115818
188 64 93 275 0.0296319
189 64 93 275 0.132627
190 64 93 275 0.393434
191 64 93 275 0.625772
192 64 93 275 0.572163
193 64 93 275 0.406971
194 64 93 275 0.242691
195 64 93 275 0.108683
196 64 93 275 0.0475609
197 64 93 275 0.0275774
200 64 93 275 0.014809
201 64 93 275 0.013313
202 64 93 275 0.0115546
188 65 93 275 0.0138631
189 65 93 275 0.0495087
190 65 93 275 0.239176
191 65 93 275 0.432146
192 65 93 275 0.376725
193 65 93 275 0.239579
194 65 93 275 0.127185
195 65 93 275 0.0536339
196 65 93 275 0.0250013
197 65 93 275 0.0163239
200 65 93 275 0.0113605
201 65 93 275 0.0126947
202 65 93 275 0.0119187
189 66 93 275 0.0108109
190 66 93 275 0.138362
191 66 93 275 0.277829
192 66 93 275 0.230627
193 66 93 275 0.132196
194 66 93 275 0.0633081
195 66 93 275 0.0256438
196 66 93 275 0.0138931
197 66 93 275 0.0105095
200 66 93 275 0.0114677
201 66 93 275 0.0149468
202 66 93 275 0.0161821
203 66 93 275 0.0115419
190 67 93 275 0.0887857
191 67 93 275 0.174723
192 67 93 275 0.142203
193 67 93 275 0.0846194
194 67 93 275 0.0469909
195 67 93 275 0.0219349
196 67 93 275 0.0133338
197 67 93 275 0.0100773
200 67 93 275 0.013843
201 67 93 275 0.0184473
202 67 93 275 0.0219186
203 67 93 275 0.0163721
190 68 93 275 0.0556225
191 68 93 275 0.100606
192 68 93 275 0.0825334
193 68 93 275 0.0550843
194 68 93 275 0.0370001
195 68 93 275 0.0193079
196 68 93 275 0.0120497
200 68 93 275 0.0135737
201 68 93 275 0.0189672
202 68 93 275 0.0235355
203 68 93 275 0.0179709
190 69 93 275 0.0259694
191 69 93 275 0.0463949
192 69 93 275 0.038904
193 69 93 275 0.0275034
194 69 93 275 0.0195452
195 69 93 275 0.0105688
200 69 93 275 0.0102561
201 69 93 275 0.0162409
202 69 93 275 0.0210327
203 69 93 275 0.0165069
191 70 93 275 0.0154444
192 70 93 275 0.0139362
201 70 93 275 0.0136608
202 70 93 275 0.0195507
203 70 93 275 0.0164677
201 71 93 275 0.0124279
202 71 93 275 0.0203127
203 71 93 275 0.0185908
201 72 93 275 0.0103186
202 72 93 275 0.0185004
203 72 93 275 0.0178639
202 73 93 275 0.0118555
203 73 93 275 0.0119417
11 84 93 275 0.0112542
11 85 93 275 0.0120385
11 86 93 275 0.0112642
11 87 93 275 0.0105187
11 88 93 275 0.0113055
10 89 93 275 0.01023
11 89 93 275 0.0127727
10 90 93 275 0.0111589
11 90 93 275 0.0135541
10 91 93 275 0.01204
11 91 93 275 0.0138371
10 92 93 275 0.0134885
11 92 93 275 0.0145073
10 93 93 275 0.0150451
11 93 93 275 0.0153516
10 94 93 275 0.0154219
11 94 93 275 0.0153012
10 95 93 275 0.0142886
11 95 93 275 0.0140331
10 96 93 275 0.0125488
11 96 93 275 0.0121919
10 97 93 275 0.0109054
11 97 93 275 0.0103238
11 0 64 128 0.0149584
12 0 64 128 0.0121284
13 0 64 128 0.0162665
15 0 64 128 0.0115837
20 0 64 128 0.0124732
21 0 64 128 0.0151808
22 0 64 128 0.0332595
23 0 64 128 0.0568375
24 0 64 128 0.053243
25 0 64 128 0.0263388
26 0 64 128 0.0194883
27 0 64 128 0.0257457
28 0 64 128 0.039558
29 0 64 128 0.0298678
30 0 64 128 0.0199178
123 0 64 128 0.010947
124 0 64 128 0.0267183
125 0 64 128 0.0125337
126 0 64 128 0.0145541
11 1 64 128 0.0145576
12 1 64 128 0.0110467
13 1 64 128 0.0146926
15 1 64 128 0.0106479
20 1 64 128 0.0128107
21 1 64 128 0.0170529
22 1 64 128 0.0442675
23 1 64 128 0.0742787
24 1 64 128 0.0704138
25 1 64 128 0.0334884
26 1 64 128 0.0235208
27 1 64 128 0.0301354
28 1 64 128 0.0455522
29 1 64 128 0.0381743
30 1 64 128 0.024552
123 1 64 128 0.0102669
124 1 64 128 0.0212742
126 1 64 128 0.0111675
11 2 64 128 0.0161943
12 2 64 128 0.0108056
13 2 64 128 0.0146919
15 2 64 128 0.0105523
20 2 64 128 0.0132799
21 2 64 128 0.019578
22 2 64 128 0.0499626
23 2 64 128 0.0796354
24 2 64 128 0.0737549
25 2 64 128 0.0313277
26 2 64 128 0.0214278
27 2 64 128 0.029852
28 2 64 128 0.0487928
29 2 64 128 0.0415209
30 2 64 128 0.0269194
123 2 64 128 0.0103214
124 2 64 128 0.0196848
126 2 64 128 0.0141334
11 3 64 128 0.0218728
12 3 64 128 0.0138932
13 3 64 128 0.0164484
15 3 64 128 0.011514
20 3 64 128 0.0131522
21 3 64 128 0.0210508
22 3 64 128 0.0565535
23 3 64 128 0.0824983
24 3 64 128 0.0744394
25 3 64 128 0.0290758
26 3 64 128 0.0201223
27 3 64 128 0.0290625
28 3 64 128 0.0517694
29 3 64 128 0.0450968
30 3 64 128 0.0271735
124 3 64 128 0.0161431
126 3 64 128 0.0118067
10 4 64 128 0.0109061
11 4 64 128 0.0281254
12 4 64 128 0.019762
13 4 64 128 0.0213788
14 4 64 128 0.0105473
15 4 64 128 0.0122844
20 4 64 128 0.0119398
21 4 64 128 0.0186626
22 4 64 128 0.0491848
23 4 64 128 0.0745761
24 4 64 128 0.0596497
25 4 64 128 0.0212718
26 4 64 128 0.0147938
27 4 64 128 0.0221715
28 4 64 128 0.0452142
29 4 64 128 0.0389396
30 4 64 128 0.0254334
123 4 64 128 0.0121597
124 4 64 128 0.0191576
125 4 64 128 0.0113229
126 4 64 128 0.0198151
127 4 64 128 0.0118794
10 5 64 128 0.0129512
11 5 64 128 0.0322332
12 5 64 128 0.0218376
13 5 64 128 0.0221084
14 5 64 128 0.0107058
15 5 64 128 0.0113994
20 5 64 128 0.0101959
21 5 64 128 0.0158749
22 5 64 128 0.0406756
23 5 64 128 0.0572163
24 5 64 128 0.041781
25 5 64 128 0.0138439
27 5 64 128 0.0148299
28 5 64 128 0.0329224
29 5 64 128 0.0303097
30 5 64 128 0.0200772
123 5 64 128 0.0105393
124 5 64 128 0.0143995
126 5 64 128 0.0160169
127 5 64 128 0.0112355
10 6 64 128 0.0157273
11 6 64 128 0.0429355
12 6 64 128 0.033815
13 6 64 128 0.0293958
14 6 64 128 0.0133713
15 6 64 128 0.0116172
21 6 64 128 0.011334
22 6 64 128 0.029629
23 6 64 128 0.0355664
24 6 64 128 0.023903
28 6 64 128 0.023185
29 6 64 128 0.0201187
30 6 64 128 0.0134217
123 6 64 128 0.0138117
124 6 64 128 0.0178739
125 6 64 128 0.012248
126 6 64 128 0.0202308
127 6 64 128 0.011839
10 7 64 128 0.0192547
11 7 64 128 0.0517445
12 7 64 128 0.0529141
13 7 64 128 0.0378093
14 7 64 128 0.0180672
15 7 64 128 0.0123041
22 7 64 128 0.0227901
23 7 64 128 0.0236688
24 7 64 128 0.0145209
28 7 64 128 0.0132327
29 7 64 128 0.0118673
97 7 64 128 0.0228047
98 7 64 128 0.0225319
123 7 64 128 0.0114528
124 7 64 128 0.0133582
126 7 64 128 0.0141599
10 8 64 128 0.0198608
11 8 64 128 0.0581749
12 8 64 128 0.0656697
13 8 64 128 0.0502059
14 8 64 128 0.0225742
15 8 64 128 0.0134973
22 8 64 128 0.0176471
23 8 64 128 0.0157495
97 8 64 128 0.0290884
98 8 64 128 0.0284608
123 8 64 128 0.0105136
124 8 64 128 0.0127855
126 8 64 128 0.0106546
10 9 64 128 0.0206178
11 9 64 128 0.0571512
12 9 64 128 0.0704892
13 9 64 128 0.0531888
14 9 64 128 0.0239704
15 9 64 128 0.0141165
22 9 64 128 0.0147475
23 9 64 128 0.0115678
97 9 64 128 0.0278467
98 9 64 128 0.0347969
10 10 64 128 0.0209577
11 10 64 128 0.059921
12 10 64 128 0.078977
13 10 64 128 0.0595712
14 10 64 128 0.0284576
15 10 64 128 0.0171199
16 10 64 128 0.0108783
22 10 64 128 0.0165929
23 10 64 128 0.0110679
97 10 64 128 0.0302861
98 10 64 128 0.0245737
10 11 64 128 0.0251313
11 11 64 128 0.060393
12 11 64 128 0.103844
13 11 64 128 0.0782919
14 11 64 128 0.0357458
15 11 64 128 0.0208614
16 11 64 128 0.0149566
22 11 64 128 0.0202455
23 11 64 128 0.0117632
97 11 64 128 0.0337541
98 11 64 128 0.0269758
10 12 64 128 0.0240967
11 12 64 128 0.0591315
12 12 64 128 0.105421
13 12 64 128 0.08782
14 12 64 128 0.0404899
15 12 64 128 0.0231404
16 12 64 128 0.0177722
17 12 64 128 0.0104931
21 12 64 128 0.0114133
22 12 64 128 0.0268216
23 12 64 128 0.0143069
97 12 64 128 0.0146262
98 12 64 128 0.0111407
10 13 64 128 0.0205306
11 13 64 128 0.0484738
12 13 64 128 0.0863828
13 13 64 128 0.0818691
14 13 64 128 0.0375986
15 13 64 128 0.0219202
16 13 64 128 0.0174803
17 13 64 128 0.011944
20 13 64 128 0.0121928
21 13 64 128 0.0159355
22 13 64 128 0.0363317
23 13 64 128 0.0192753
10 14 64 128 0.0167008
11 14 64 128 0.0416086
12 14 64 128 0.0778842
13 14 64 128 0.0757283
14 14 64 128 0.0370461
15 14 64 128 0.0208225
16 14 64 128 0.0194664
17 14 64 128 0.0115968
18 14 64 128 0.0112508
19 14 64 128 0.0100102
20 14 64 128 0.0174935
21 14 64 128 0.0234097
22 14 64 128 0.0576603
23 14 64 128 0.0288533
24 14 64 128 0.0150641
10 15 64 128 0.0159447
11 15 64 128 0.0361152
12 15 64 128 0.0734328
13 15 64 128 0.0729858
14 15 64 128 0.0353047
15 15 64 128 0.0205114
16 15 64 128 0.0204263
17 15 64 128 0.0142637
18 15 64 128 0.0154753
19 15 64 128 0.0125881
20 15 64 128 0.0245641
21 15 64 128 0.0316319
22 15 64 128 0.0805007
23 15 64 128 0.045514
24 15 64 128 0.0226911
10 16 64 128 0.0128099
11 16 64 128 0.030412
12 16 64 128 0.05602
13 16 64 128 0.0541292
14 16 64 128 0.0272128
15 16 64 128 0.0196634
16 16 64 128 0.0198512
17 16 64 128 0.0138236
18 16 64 128 0.0152902
19 16 64 128 0.015473
20 16 64 128 0.0307861
21 16 64 128 0.0417979
22 16 64 128 0.0959449
23 16 64 128 0.0573689
24 16 64 128 0.0289144
28 16 64 128 0.0123975
11 17 64 128 0.0207291
12 17 64 128 0.0357395
13 17 64 128 0.0407
14 17 64 128 0.0205622
15 17 64 128 0.0166621
16 17 64 128 0.0174318
17 17 64 128 0.0162651
18 17 64 128 0.0177788
19 17 64 128 0.0187222
20 17 64 128 0.0387054
21 17 64 128 0.0558747
22 17 64 128 0.134478
23 17 64 128 0.0800119
24 17 64 128 0.0382167
25 17 64 128 0.0127058
26 17 64 128 0.0138663
27 17 64 128 0.0132007
28 17 64 128 0.0172273
11 18 64 128 0.0164304
12 18 64 128 0.0263956
13 18 64 128 0.0301711
14 18 64 128 0.0147564
15 18 64 128 0.0111717
16 18 64 128 0.0136677
17 18 64 128 0.0133422
18 18 64 128 0.0152823
19 18 64 128 0.0174044
20 18 64 128 0.042009
21 18 64 128 0.0624076
22 18 64 128 0.165643
23 18 64 128 0.0908982
24 18 64 128 0.0501832
25 18 64 128 0.0161166
26 18 64 128 0.017789
27 18 64 128 0.0166894
28 18 64 128 0.0218629
11 19 64 128 0.0116162
12 19 64 128 0.0182207
13 19 64 128 0.0213513
14 19 64 128 0.0110127
16 19 64 128 0.0105242
17 19 64 128 0.0118952
18 19 64 128 0.0144712
19 19 64 128 0.0161169
20 19 64 128 0.0396533
21 19 64 128 0.0646962
22 19 64 128 0.169256
23 19 64 128 0.0972311
24 19 64 128 0.0531008
25 19 64 128 0.0186679
26 19 64 128 0.0248095
27 19 64 128 0.0227482
28 19 64 128 0.0232271
12 20 64 128 0.0104614
13 20 64 128 0.0124011
19 20 64 128 0.0122032
20 20 64 128 0.0305013
21 20 64 128 0.0552133
22 20 64 128 0.126828
23 20 64 128 0.0794226
24 20 64 128 0.0448131
25 20 64 128 0.016133
26 20 64 128 0.0252407
27 20 64 128 0.0257417
28 20 64 128 0.0230841
20 21 64 128 0.0229123
21 21 64 128 0.0396778
22 21 64 128 0.0944762
23 21 64 128 0.0639701
24 21 64 128 0.0318717
25 21 64 128 0.0145868
26 21 64 128 0.0245587
27 21 64 128 0.0248585
28 21 64 128 0.0252384
153 21 64 128 0.0106016
20 22 64 128 0.0173629
21 22 64 128 0.0295559
22 22 64 128 0.0660954
23 22 64 128 0.0409069
24 22 64 128 0.0235885
25 22 64 128 0.0108687
26 22 64 128 0.0205776
27 22 64 128 0.0205972
28 22 64 128 0.0203729
153 22 64 128 0.0101466
20 23 64 128 0.0126835
21 23 64 128 0.0213798
22 23 64 128 0.0462233
23 23 64 128 0.0297388
24 23 64 128 0.0156558
26 23 64 128 0.0161152
27 23 64 128 0.0187272
28 23 64 128 0.0160698
153 23 64 128 0.0116322
21 24 64 128 0.0135398
22 24 64 128 0.0275268
23 24 64 128 0.0151301
27 24 64 128 0.0132324
28 24 64 128 0.0101971
153 24 64 128 0.0122255
22 25 64 128 0.0190608
23 25 64 128 0.0112671
27 25 64 128 0.0110326
153 25 64 128 0.0114694
22 26 64 128 0.0132918
153 26 64 128 0.0103495
153 27 64 128 0.0116454
154 27 64 128 0.0111875
97 28 64 128 0.0112761
98 28 64 128 0.0105782
152 28 64 128 0.0115122
153 28 64 128 0.012975
154 28 64 128 0.0131854
96 29 64 128 0.0103521
97 29 64 128 0.0143853
98 29 64 128 0.0140678
152 29 64 128 0.0105373
154 29 64 128 0.0102678
96 30 64 128 0.0138089
97 30 64 128 0.0214647
98 30 64 128 0.0171518
99 30 64 128 0.0104277
26 31 64 128 0.0101195
27 31 64 128 0.012708
96 31 64 128 0.0125085
97 31 64 128 0.0165243
98 31 64 128 0.0149227
26 32 64 128 0.0117901
27 32 64 128 0.0133273
96 32 64 128 0.0101696
97 32 64 128 0.0176895
98 32 64 128 0.014518
22 33 64 128 0.0107015
23 33 64 128 0.0109028
26 33 64 128 0.0155734
27 33 64 128 0.0157699
97 33 64 128 0.0150936
98 33 64 128 0.0149541
22 34 64 128 0.0120351
23 34 64 128 0.0133942
24 34 64 128 0.0115267
26 34 64 128 0.016409
27 34 64 128 0.0164525
97 34 64 128 0.0176289
98 34 64 128 0.0164119
23 35 64 128 0.0103449
26 35 64 128 0.0151667
27 35 64 128 0.0127452
97 35 64 128 0.0134019
98 35 64 128 0.0148137
26 36 64 128 0.0145774
27 36 64 128 0.0106644
97 36 64 128 0.0142758
98 36 64 128 0.0136278
26 37 64 128 0.012508
97 37 64 128 0.0139459
98 37 64 128 0.0133901
97 38 64 128 0.0108289
98 38 64 128 0.0126697
184 40 64 128 0.0221209
185 40 64 128 0.0406855
186 40 64 128 0.052075
187 40 64 128 0.0289487
185 41 64 128 0.0133954
186 41 64 128 0.0193042
187 41 64 128 0.0109184
183 42 64 128 0.0105184
184 42 64 128 0.0248294
185 42 64 128 0.0406178
186 42 64 128 0.0508688
187 42 64 128 0.0293123
188 42 64 128 0.0101533
186 43 64 128 0.0111638
184 44 64 128 0.0114444
185 44 64 128 0.0173908
186 44 64 128 0.0222147
187 44 64 128 0.0123349
8 61 64 128 0.010086
23 61 64 128 0.0123677
8 62 64 128 0.0156717
22 62 64 128 0.0123677
23 62 64 128 0.0141101
7 63 64 128 0.011868
8 63 64 128 0.0218438
22 63 64 128 0.0123308
23 63 64 128 0.0141185
7 64 64 128 0.0162808
8 64 64 128 0.0319391
9 64 64 128 0.0138382
22 64 64 128 0.0140398
23 64 64 128 0.0144232
7 65 64 128 0.026264
8 65 64 128 0.0438774
9 65 64 128 0.0201003
22 65 64 128 0.0126117
23 65 64 128 0.016019
7 66 64 128 0.035187
8 66 64 128 0.0584353
9 66 64 128 0.026385
22 66 64 128 0.0134139
23 66 64 128 0.0168524
6 67 64 128 0.0137961
7 67 64 128 0.0465045
8 67 64 128 0.0725106
9 67 64 128 0.0323572
22 67 64 128 0.015653
23 67 64 128 0.0190686
6 68 64 128 0.017401
7 68 64 128 0.0529688
8 68 64 128 0.0815131
9 68 64 128 0.0338385
21 68 64 128 0.0106189
22 68 64 128 0.0191423
23 68 64 128 0.0223858
24 68 64 128 0.0109266
6 69 64 128 0.024066
7 69 64 128 0.0813576
8 69 64 128 0.108889
9 69 64 128 0.0468953
21 69 64 128 0.0124678
22 69 64 128 0.0189971
23 69 64 128 0.0213574
3 70 64 128 0.010179
5 70 64 128 0.0112406
6 70 64 128 0.0299218
7 70 64 128 0.0967467
8 70 64 128 0.125686
9 70 64 128 0.0495285
21 70 64 128 0.0140684
22 70 64 128 0.0199898
23 70 64 128 0.0225751
2 71 64 128 0.0128008
3 71 64 128 0.012849
4 71 64 128 0.0103227
5 71 64 128 0.0158016
6 71 64 128 0.0370555
7 71 64 128 0.111912
8 71 64 128 0.141038
9 71 64 128 0.0588131
21 71 64 128 0.0119404
22 71 64 128 0.0185298
23 71 64 128 0.0180804
2 72 64 128 0.0131086
3 72 64 128 0.0120589
5 72 64 128 0.0129469
6 72 64 128 0.0292244
7 72 64 128 0.0860623
8 72 64 128 0.106767
9 72 64 128 0.0447126
21 72 64 128 0.0136088
22 72 64 128 0.0234629
23 72 64 128 0.0190108
2 73 64 128 0.0147423
3 73 64 128 0.0145137
5 73 64 128 0.0121385
6 73 64 128 0.0260085
7 73 64 128 0.081739
8 73 64 128 0.0952159
9 73 64 128 0.0431923
21 73 64 128 0.0102778
22 73 64 128 0.0217926
23 73 64 128 0.0166111
1 74 64 128 0.0102165
2 74 64 128 0.0157013
3 74 64 128 0.0125201
5 74 64 128 0.0104579
6 74 64 128 0.0219985
7 74 64 128 0.0624151
8 74 64 128 0.0802574
9 74 64 128 0.0339766
21 74 64 128 0.0143867
22 74 64 128 0.0283967
23 74 64 128 0.0201481
1 75 64 128 0.0110242
2 75 64 128 0.0152946
3 75 64 128 0.013478
5 75 64 128 0.0122755
6 75 64 128 0.0232897
7 75 64 128 0.0533633
8 75 64 128 0.0767384
9 75 64 128 0.034734
21 75 64 128 0.0146019
22 75 64 128 0.0306208
23 75 64 128 0.0197645
2 76 64 128 0.0130233
3 76 64 128 0.0122273
4 76 64 128 0.0104157
5 76 64 128 0.0111601
6 76 64 128 0.0218578
7 76 64 128 0.0467571
8 76 64 128 0.0673938
9 76 64 128 0.0280947
21 76 64 128 0.0179071
22 76 64 128 0.0406853
23 76 64 128 0.0291559
24 76 64 128 0.0118041
2 77 64 128 0.0121027
3 77 64 128 0.0126214
4 77 64 128 0.0127022
5 77 64 128 0.0129832
6 77 64 128 0.0212044
7 77 64 128 0.0475841
8 77 64 128 0.060746
9 77 64 128 0.0231746
21 77 64 128 0.0148791
22 77 64 128 0.0406875
23 77 64 128 0.029076
24 77 64 128 0.0117197
2 78 64 128 0.0120347
3 78 64 128 0.0123531
4 78 64 128 0.0143602
5 78 64 128 0.014723
6 78 64 128 0.0227023
7 78 64 128 0.0489485
8 78 64 128 0.0661416
9 78 64 128 0.0242218
20 78 64 128 0.0113945
21 78 64 128 0.0201654
22 78 64 128 0.0564759
23 78 64 128 0.039405
24 78 64 128 0.018224
2 79 64 128 0.0109123
3 79 64 128 0.0130076
4 79 64 128 0.0133855
5 79 64 128 0.0149192
6 79 64 128 0.023416
7 79 64 128 0.0452763
8 79 64 128 0.0591032
9 79 64 128 0.0239912
20 79 64 128 0.0106455
21 79 64 128 0.0207027
22 79 64 128 0.0475356
23 79 64 128 0.0378303
24 79 64 128 0.0168595
2 80 64 128 0.0113388
3 80 64 128 0.0114118
4 80 64 128 0.0135894
5 80 64 128 0.0128342
6 80 64 128 0.0211073
7 80 64 128 0.0422975
8 80 64 128 0.056017
9 80 64 128 0.0199959
20 80 64 128 0.0149725
21 80 64 128 0.0230942
22 80 64 128 0.0535277
23 80 64 128 0.041731
24 80 64 128 0.0189237
254 80 64 128 0.0106358
2 81 64 128 0.0101654
3 81 64 128 0.0121917
4 81 64 128 0.0138786
5 81 64 128 0.012912
6 81 64 128 0.0219301
7 81 64 128 0.0458504
8 81 64 128 0.053093
9 81 64 128 0.0179437
20 81 64 128 0.0101602
21 81 64 128 0.0181744
22 81 64 128 0.0501948
23 81 64 128 0.0367409
24 81 64 128 0.0162969
3 82 64 128 0.0106158
4 82 64 128 0.0109983
5 82 64 128 0.0118064
6 82 64 128 0.0208457
7 82 64 128 0.0401053
8 82 64 128 0.0495649
9 82 64 128 0.013061
20 82 64 128 0.0135396
21 82 64 128 0.0210421
22 82 64 128 0.0616113
23 82 64 128 0.0411442
24 82 64 128 0.0179815
254 82 64 128 0.0203191
255 82 64 128 0.0213645
5 83 64 128 0.0105833
6 83 64 128 0.0192638
7 83 64 128 0.0399681
8 83 64 128 0.0462883
9 83 64 128 0.0116782
20 83 64 128 0.0124013
21 83 64 128 0.0214539
22 83 64 128 0.049724
23 83 64 128 0.0417025
24 83 64 128 0.0149195
254 83 64 128 0.0183964
255 83 64 128 0.0183665
6 84 64 128 0.0180719
7 84 64 128 0.0361804
8 84 64 128 0.0468107
9 84 64 128 0.0109315
20 84 64 128 0.0121737
21 84 64 128 0.0202935
22 84 64 128 0.0536
23 84 64 128 0.0401654
24 84 64 128 0.0159269
252 84 64 128 0.0162561
253 84 64 128 0.0238121
254 84 64 128 0.0457831
255 84 64 128 0.0341318
6 85 64 128 0.0191706
7 85 64 128 0.0384956
8 85 64 128 0.0513787
9 85 64 128 0.0114601
21 85 64 128 0.0167204
22 85 64 128 0.041067
23 85 64 128 0.0318848
24 85 64 128 0.0141032
252 85 64 128 0.0138248
253 85 64 128 0.0218992
254 85 64 128 0.036647
255 85 64 128 0.0299436
6 86 64 128 0.0198103
7 86 64 128 0.038965
8 86 64 128 0.0518521
9 86 64 128 0.0121485
21 86 64 128 0.0125155
22 86 64 128 0.02819
23 86 64 128 0.0214853
252 86 64 128 0.0310055
253 86 64 128 0.037228
254 86 64 128 0.0730434
255 86 64 128 0.0428431
6 87 64 128 0.0212306
7 87 64 128 0.0437831
8 87 64 128 0.0660303
9 87 64 128 0.0159156
21 87 64 128 0.0128791
22 87 64 128 0.02381
23 87 64 128 0.0186268
252 87 64 128 0.0187411
253 87 64 128 0.0231812
254 87 64 128 0.0341034
255 87 64 128 0.0240122
5 88 64 128 0.0100221
6 88 64 128 0.0254086
7 88 64 128 0.0572795
8 88 64 128 0.0885661
9 88 64 128 0.0211953
21 88 64 128 0.0106887
22 88 64 128 0.018565
23 88 64 128 0.0129495
252 88 64 128 0.0210992
253 88 64 128 0.0210462
254 88 64 128 0.0363079
255 88 64 128 0.021383
4 89 64 128 0.0108071
5 89 64 128 0.0141228
6 89 64 128 0.036768
7 89 64 128 0.101005
8 89 64 128 0.160826
9 89 64 128 0.0378822
22 89 64 128 0.0161232
23 89 64 128 0.0111708
252 89 64 128 0.0103826
253 89 64 128 0.0122953
254 89 64 128 0.0181092
255 89 64 128 0.0124562
4 90 64 128 0.0125606
5 90 64 128 0.0179428
6 90 64 128 0.053681
7 90 64 128 0.143041
8 90 64 128 0.220301
9 90 64 128 0.0503058
22 90 64 128 0.0124719
254 90 64 128 0.0192985
255 90 64 128 0.011426
3 91 64 128 0.0108566
4 91 64 128 0.018424
5 91 64 128 0.0302789
6 91 64 128 0.0952502
7 91 64 128 0.232652
8 91 64 128 0.346457
9 91 64 128 0.0902294
22 91 64 128 0.0111927
3 92 64 128 0.0112568
4 92 64 128 0.0222119
5 92 64 128 0.0386794
6 92 64 128 0.132335
7 92 64 128 0.267785
8 92 64 128 0.405351
9 92 64 128 0.120704
10 92 64 128 0.0133889
16 92 64 128 0.0106654
254 92 64 128 0.0120545
3 93 64 128 0.0129339
4 93 64 128 0.0244
5 93 64 128 0.0537305
6 93 64 128 0.170405
7 93 64 128 0.360359
8 93 64 128 0.483533
9 93 64 128 0.168308
10 93 64 128 0.0189259
16 93 64 128 0.0157704
254 93 64 128 0.0105035
3 94 64 128 0.0139353
4 94 64 128 0.030195
5 94 64 128 0.0619391
6 94 64 128 0.212325
7 94 64 128 0.400492
8 94 64 128 0.574243
9 94 64 128 0.200923
10 94 64 128 0.0278607
16 94 64 128 0.0190334
254 94 64 128 0.0115422
3 95 64 128 0.0171581
4 95 64 128 0.0360877
5 95 64 128 0.0818272
6 95 64 128 0.289762
7 95 64 128 0.482703
8 95 64 128 0.649511
9 95 64 128 0.256004
10 95 64 128 0.0402426
15 95 64 128 0.0111929
16 95 64 128 0.0281038
2 96 64 128 0.0109549
3 96 64 128 0.0197336
4 96 64 128 0.0488877
5 96 64 128 0.0932808
6 96 64 128 0.36449
7 96 64 128 0.530938
8 96 64 128 0.694639
9 96 64 128 0.277524
10 96 64 128 0.0504031
15 96 64 128 0.0146178
16 96 64 128 0.0335162
17 96 64 128 0.0150476
18 96 64 128 0.0124259
19 96 64 128 0.0130331
20 96 64 128 0.0100908
254 96 64 128 0.01265
2 97 64 128 0.0109844
3 97 64 128 0.0245341
4 97 64 128 0.0521324
5 97 64 128 0.103963
6 97 64 128 0.369351
7 97 64 128 0.581617
8 97 64 128 0.690653
9 97 64 128 0.30571
10 97 64 128 0.0485274
15 97 64 128 0.0148437
16 97 64 128 0.0377805
17 97 64 128 0.0179652
18 97 64 128 0.0135499
19 97 64 128 0.0153544
20 97 64 128 0.0120709
2 98 64 128 0.0128532
3 98 64 128 0.0305694
4 98 64 128 0.067981
5 98 64 128 0.118017
6 98 64 128 0.425691
7 98 64 128 0.618106
8 98 64 128 0.705402
9 98 64 128 0.276671
10 98 64 128 0.0569481
15 98 64 128 0.0149835
16 98 64 128 0.0354502
17 98 64 128 0.0190662
18 98 64 128 0.0122916
19 98 64 128 0.0161935
20 98 64 128 0.0120782
254 98 64 128 0.010082
2 99 64 128 0.0153371
3 99 64 128 0.0429921
4 99 64 128 0.0870131
5 99 64 128 0.159308
6 99 64 128 0.47473
7 99 64 128 0.669335
8 99 64 128 0.739114
9 99 64 128 0.299974
10 99 64 128 0.0638097
15 99 64 128 0.0147974
16 99 64 128 0.0380293
17 99 64 128 0.0176289
18 99 64 128 0.0141794
19 99 64 128 0.0193118
20 99 64 128 0.0160198
2 100 64 128 0.0180301
3 100 64 128 0.0484359
4 100 64 128 0.111075
5 100 64 128 0.204206
6 100 64 128 0.523248
7 100 64 128 0.701708
8 100 64 128 0.746028
9 100 64 128 0.311269
10 100 64 128 0.0617649
15 100 64 128 0.0147885
16 100 64 128 0.0371651
17 100 64 128 0.0220426
18 100 64 128 0.0153633
19 100 64 128 0.0244275
20 100 64 128 0.0165384
21 100 64 128 0.0112913
2 101 64 128 0.0168017
3 101 64 128 0.0552412
4 101 64 128 0.115968
5 101 64 128 0.231875
6 101 64 128 0.514168
7 101 64 128 0.706115
8 101 64 128 0.719449
9 101 64 128 0.289426
10 101 64 128 0.0568584
15 101 64 128 0.0138393
16 101 64 128 0.0367935
17 101 64 128 0.0239955
18 101 64 128 0.0172987
19 101 64 128 0.0273038
20 101 64 128 0.0224462
21 101 64 128 0.0127676
2 102 64 128 0.0157603
3 102 64 128 0.0517593
4 102 64 128 0.122921
5 102 64 128 0.221917
6 102 64 128 0.514485
7 102 64 128 0.709703
8 102 64 128 0.705836
9 102 64 128 0.2564
10 102 64 128 0.0544042
15 102 64 128 0.0117717
16 102 64 128 0.0303871
17 102 64 128 0.0210746
18 102 64 128 0.0159439
19 102 64 128 0.0249354
20 102 64 128 0.0185596
21 102 64 128 0.01329
2 103 64 128 0.0131429
3 103 64 128 0.0442454
4 103 64 128 0.109011
5 103 64 128 0.205552
6 103 64 128 0.469516
7 103 64 128 0.682928
8 103 64 128 0.692264
9 103 64 128 0.278097
10 103 64 128 0.0598986
15 103 64 128 0.0111119
16 103 64 128 0.0295316
17 103 64 128 0.0186545
18 103 64 128 0.0148666
19 103 64 128 0.0242751
20 103 64 128 0.0211414
21 103 64 128 0.0124352
2 104 64 128 0.0103901
3 104 64 128 0.0305167
4 104 64 128 0.0810757
5 104 64 128 0.153122
6 104 64 128 0.37828
7 104 64 128 0.61106
8 104 64 128 0.632876
9 104 64 128 0.219951
10 104 64 128 0.040612
16 104 64 128 0.0225371
17 104 64 128 0.0151243
18 104 64 128 0.010415
19 104 64 128 0.0186944
20 104 64 128 0.0161514
21 104 64 128 0.011083
3 105 64 128 0.0188659
4 105 64 128 0.0481884
5 105 64 128 0.0843108
6 105 64 128 0.242253
7 105 64 128 0.478022
8 105 64 128 0.491159
9 105 64 128 0.150416
10 105 64 128 0.0288583
16 105 64 128 0.0168118
19 105 64 128 0.0120142
20 105 64 128 0.013167
4 106 64 128 0.021319
5 106 64 128 0.0357882
6 106 64 128 0.104979
7 106 64 128 0.228645
8 106 64 128 0.233776
9 106 64 128 0.0577726
10 106 64 128 0.0107614
4 107 64 128 0.012396
5 107 64 128 0.0186943
6 107 64 128 0.0519315
7 107 64 128 0.113314
8 107 64 128 0.114271
9 107 64 128 0.024345
6 108 64 128 0.0238626
7 108 64 128 0.0487424
8 108 64 128 0.0502076
6 109 64 128 0.0115493
7 109 64 128 0.0243067
8 109 64 128 0.0241897
7 110 64 128 0.0154135
8 110 64 128 0.0137455
7 111 64 128 0.0153064
8 111 64 128 0.0133123
