296 170 64 128 0.0106612
295 171 64 128 0.0119302
296 171 64 128 0.0113111
294 172 64 128 0.0126741
295 172 64 128 0.01477
296 172 64 128 0.0120518
293 173 64 128 0.0125209
294 173 64 128 0.0170527
295 173 64 128 0.0170417
296 173 64 128 0.0165396
297 173 64 128 0.0119889
293 174 64 128 0.0168321
294 174 64 128 0.0208756
295 174 64 128 0.0187646
296 174 64 128 0.0220953
297 174 64 128 0.0169783
293 175 64 128 0.0175065
294 175 64 128 0.020638
295 175 64 128 0.0201176
296 175 64 128 0.0231047
297 175 64 128 0.0172465
293 176 64 128 0.0145686
294 176 64 128 0.0166524
295 176 64 128 0.0200802
296 176 64 128 0.0192464
297 176 64 128 0.0129371
293 177 64 128 0.0109289
294 177 64 128 0.0121649
295 177 64 128 0.0167742
296 177 64 128 0.0142897
295 178 64 128 0.0107707
296 178 64 128 0.0101729
294 226 64 128 0.0104551
295 226 64 128 0.0127678
296 226 64 128 0.0204411
297 226 64 128 0.0174929
294 227 64 128 0.01839
295 227 64 128 0.026467
296 227 64 128 0.0456269
297 227 64 128 0.0454215
298 227 64 128 0.0255096
299 227 64 128 0.0145698
293 228 64 128 0.0128824
294 228 64 128 0.0285232
295 228 64 128 0.0429564
296 228 64 128 0.0763377
297 228 64 128 0.0796529
298 228 64 128 0.049443
299 228 64 128 0.0288225
293 229 64 128 0.0215816
294 229 64 128 0.0401953
295 229 64 128 0.0576729
296 229 64 128 0.104506
297 229 64 128 0.109685
298 229 64 128 0.0690312
299 229 64 128 0.0431092
300 229 64 128 0.0123646
292 230 64 128 0.0123194
293 230 64 128 0.0326252
294 230 64 128 0.0565267
295 230 64 128 0.0838151
296 230 64 128 0.152007
297 230 64 128 0.161225
298 230 64 128 0.10646
299 230 64 128 0.0692982
300 230 64 128 0.0200776
302 230 64 128 0.013993
303 230 64 128 0.0143563
304 230 64 128 0.016672
305 230 64 128 0.0132588
292 231 64 128 0.0154366
293 231 64 128 0.0435852
294 231 64 128 0.0825912
295 231 64 128 0.14153
296 231 64 128 0.252231
297 231 64 128 0.274115
298 231 64 128 0.196585
299 231 64 128 0.126211
300 231 64 128 0.035962
301 231 64 128 0.0103867
302 231 64 128 0.0200925
303 231 64 128 0.0216436
304 231 64 128 0.0217257
305 231 64 128 0.0160971
292 232 64 128 0.0206725
293 232 64 128 0.0617518
294 232 64 128 0.124758
295 232 64 128 0.225256
296 232 64 128 0.392486
297 232 64 128 0.435394
298 232 64 128 0.335009
299 232 64 128 0.22304
300 232 64 128 0.0682261
301 232 64 128 0.0235889
302 232 64 128 0.0396348
303 232 64 128 0.0400854
304 232 64 128 0.0370464
305 232 64 128 0.0278035
306 232 64 128 0.0164906
289 233 64 128 0.0112865
290 233 64 128 0.0211153
291 233 64 128 0.017656
292 233 64 128 0.0369463
293 233 64 128 0.100809
294 233 64 128 0.189611
295 233 64 128 0.310482
296 233 64 128 0.526344
297 233 64 128 0.59342
298 233 64 128 0.488259
299 233 64 128 0.36096
300 233 64 128 0.127009
301 233 64 128 0.0677732
302 233 64 128 0.0937422
303 233 64 128 0.0855159
304 233 64 128 0.0848072
305 233 64 128 0.0698307
306 233 64 128 0.045485
307 233 64 128 0.0204109
288 234 64 128 0.0150837
289 234 64 128 0.0239757
290 234 64 128 0.0386568
291 234 64 128 0.0325887
292 234 64 128 0.0592068
293 234 64 128 0.15073
294 234 64 128 0.263015
295 234 64 128 0.37888
296 234 64 128 0.625071
297 234 64 128 0.716213
298 234 64 128 0.628831
299 234 64 128 0.518298
300 234 64 128 0.207409
301 234 64 128 0.137548
302 234 64 128 0.17374
303 234 64 128 0.153754
304 234 64 128 0.161311
305 234 64 128 0.136834
306 234 64 128 0.0912302
307 234 64 128 0.0423087
288 235 64 128 0.0137991
289 235 64 128 0.0232123
290 235 64 128 0.0400573
291 235 64 128 0.0359386
292 235 64 128 0.0670252
293 235 64 128 0.175434
294 235 64 128 0.30827
295 235 64 128 0.419817
296 235 64 128 0.680777
297 235 64 128 0.79488
298 235 64 128 0.736836
299 235 64 128 0.648564
300 235 64 128 0.288009
301 235 64 128 0.199461
302 235 64 128 0.238127
303 235 64 128 0.218545
304 235 64 128 0.234196
305 235 64 128 0.193808
306 235 64 128 0.126391
307 235 64 128 0.0590059
308 235 64 128 0.0142341
289 236 64 128 0.0120035
290 236 64 128 0.0282371
291 236 64 128 0.0282042
292 236 64 128 0.0606615
293 236 64 128 0.173978
294 236 64 128 0.323754
295 236 64 128 0.446364
296 236 64 128 0.705916
297 236 64 128 0.83532
298 236 64 128 0.807553
299 236 64 128 0.733154
300 236 64 128 0.366692
301 236 64 128 0.253521
302 236 64 128 0.283957
303 236 64 128 0.279089
304 236 64 128 0.298005
305 236 64 128 0.234633
306 236 64 128 0.151079
307 236 64 128 0.0739866
308 236 64 128 0.0195775
224 237 64 128 0.0104043
267 237 64 128 0.0195911
268 237 64 128 0.021281
288 237 64 128 0.0179197
289 237 64 128 0.0288725
290 237 64 128 0.0480359
291 237 64 128 0.0391719
292 237 64 128 0.0761552
293 237 64 128 0.206179
294 237 64 128 0.368212
295 237 64 128 0.510344
296 237 64 128 0.744988
297 237 64 128 0.86605
298 237 64 128 0.860873
299 237 64 128 0.802078
300 237 64 128 0.474871
301 237 64 128 0.357845
302 237 64 128 0.375306
303 237 64 128 0.378854
304 237 64 128 0.394544
305 237 64 128 0.303865
306 237 64 128 0.213042
307 237 64 128 0.119939
308 237 64 128 0.0347426
224 238 64 128 0.0127634
225 238 64 128 0.0120647
226 238 64 128 0.0115809
227 238 64 128 0.0105665
265 238 64 128 0.0104051
266 238 64 128 0.0228223
267 238 64 128 0.045035
268 238 64 128 0.0487815
269 238 64 128 0.0226073
270 238 64 128 0.0140196
271 238 64 128 0.013954
272 238 64 128 0.0112669
287 238 64 128 0.0222273
288 238 64 128 0.0601419
289 238 64 128 0.086317
290 238 64 128 0.114302
291 238 64 128 0.0796462
292 238 64 128 0.126564
293 238 64 128 0.293787
294 238 64 128 0.462747
295 238 64 128 0.623694
296 238 64 128 0.814899
297 238 64 128 0.902485
298 238 64 128 0.907402
299 238 64 128 0.87028
300 238 64 128 0.610827
301 238 64 128 0.520721
302 238 64 128 0.526759
303 238 64 128 0.521255
304 238 64 128 0.528635
305 238 64 128 0.412107
306 238 64 128 0.322778
307 238 64 128 0.202003
308 238 64 128 0.0605205
309 238 64 128 0.0159202
224 239 64 128 0.0133915
225 239 64 128 0.0132884
226 239 64 128 0.013482
227 239 64 128 0.0129592
228 239 64 128 0.0104287
243 239 64 128 0.011106
265 239 64 128 0.0141783
266 239 64 128 0.0306455
267 239 64 128 0.0597252
268 239 64 128 0.0647377
269 239 64 128 0.0306155
270 239 64 128 0.0190346
271 239 64 128 0.0188278
272 239 64 128 0.0153494
287 239 64 128 0.0318654
288 239 64 128 0.0863006
289 239 64 128 0.121942
290 239 64 128 0.155341
291 239 64 128 0.10499
292 239 64 128 0.157742
293 239 64 128 0.346869
294 239 64 128 0.517975
295 239 64 128 0.68736
296 239 64 128 0.854512
297 239 64 128 0.921193
298 239 64 128 0.928162
299 239 64 128 0.902581
300 239 64 128 0.680316
301 239 64 128 0.609424
302 239 64 128 0.610589
303 239 64 128 0.596951
304 239 64 128 0.599427
305 239 64 128 0.471219
306 239 64 128 0.384381
307 239 64 128 0.248075
308 239 64 128 0.0748202
309 239 64 128 0.0195259
