153 203 85 170 0.0116455
154 203 85 170 0.0130358
155 203 85 170 0.0130903
156 203 85 170 0.0113577
151 204 85 170 0.011846
152 204 85 170 0.0162251
153 204 85 170 0.0199452
154 204 85 170 0.0223362
155 204 85 170 0.022454
156 204 85 170 0.0200604
157 204 85 170 0.0176153
158 204 85 170 0.0161685
159 204 85 170 0.0128388
150 205 85 170 0.0100979
151 205 85 170 0.0159575
152 205 85 170 0.0233189
153 205 85 170 0.0302538
154 205 85 170 0.03395
155 205 85 170 0.0342712
156 205 85 170 0.0320628
157 205 85 170 0.0282404
158 205 85 170 0.0232109
159 205 85 170 0.0163691
150 206 85 170 0.0119303
151 206 85 170 0.0188866
152 206 85 170 0.0304799
153 206 85 170 0.0424385
154 206 85 170 0.0477615
155 206 85 170 0.048491
156 206 85 170 0.0478542
157 206 85 170 0.0421601
158 206 85 170 0.02994
159 206 85 170 0.0171245
150 207 85 170 0.0128233
151 207 85 170 0.0203851
152 207 85 170 0.0377116
153 207 85 170 0.0568732
154 207 85 170 0.064203
155 207 85 170 0.0656274
156 207 85 170 0.0683422
157 207 85 170 0.0602036
158 207 85 170 0.0363128
159 207 85 170 0.0144537
150 208 85 170 0.0154872
151 208 85 170 0.0244543
152 208 85 170 0.0493
153 208 85 170 0.0776296
154 208 85 170 0.0877074
155 208 85 170 0.0903148
156 208 85 170 0.0974866
157 208 85 170 0.0863008
158 208 85 170 0.0474161
159 208 85 170 0.013437
149 209 85 170 0.0146217
150 209 85 170 0.0239015
151 209 85 170 0.0369794
152 209 85 170 0.0714297
153 209 85 170 0.110419
154 209 85 170 0.124481
155 209 85 170 0.129015
156 209 85 170 0.1406
157 209 85 170 0.125756
158 209 85 170 0.0706113
159 209 85 170 0.0216957
149 210 85 170 0.0248471
150 210 85 170 0.0420515
151 210 85 170 0.0638538
152 210 85 170 0.110294
153 210 85 170 0.160959
154 210 85 170 0.180738
155 210 85 170 0.188196
156 210 85 170 0.203001
157 210 85 170 0.183881
158 210 85 170 0.11327
159 210 85 170 0.0468624
160 210 85 170 0.0145816
148 211 85 170 0.012252
149 211 85 170 0.0422409
150 211 85 170 0.0739199
151 211 85 170 0.110967
152 211 85 170 0.17208
153 211 85 170 0.234963
154 211 85 170 0.262687
155 211 85 170 0.274323
156 211 85 170 0.290004
157 211 85 170 0.265981
158 211 85 170 0.182757
159 211 85 170 0.0965644
160 211 85 170 0.041997
161 211 85 170 0.0145229
148 212 85 170 0.021565
149 212 85 170 0.0679515
150 212 85 170 0.121559
151 212 85 170 0.180966
152 212 85 170 0.259043
153 212 85 170 0.33391
154 212 85 170 0.371716
155 212 85 170 0.388745
156 212 85 170 0.402329
157 212 85 170 0.372948
158 212 85 170 0.281435
159 212 85 170 0.173818
160 212 85 170 0.0867895
161 212 85 170 0.0341938
162 212 85 170 0.0118158
148 213 85 170 0.0334008
149 213 85 170 0.100631
150 213 85 170 0.181568
151 213 85 170 0.267338
152 213 85 170 0.362324
153 213 85 170 0.447324
154 213 85 170 0.495609
155 213 85 170 0.518378
156 213 85 170 0.527739
157 213 85 170 0.493215
158 213 85 170 0.397545
159 213 85 170 0.268627
160 213 85 170 0.143012
161 213 85 170 0.0590603
162 213 85 170 0.0206666
148 214 85 170 0.0467708
149 214 85 170 0.138492
150 214 85 170 0.249593
151 214 85 170 0.361971
152 214 85 170 0.471122
153 214 85 170 0.562633
154 214 85 170 0.619767
155 214 85 170 0.64761
156 214 85 170 0.651727
157 214 85 170 0.613035
158 214 85 170 0.516853
159 214 85 170 0.368716
160 214 85 170 0.203305
161 214 85 170 0.0856489
162 214 85 170 0.02942
193 214 85 170 0.0115505
194 214 85 170 0.0127228
195 214 85 170 0.011409
148 215 85 170 0.0606863
149 215 85 170 0.179751
150 215 85 170 0.32128
151 215 85 170 0.456748
152 215 85 170 0.574635
153 215 85 170 0.667268
154 215 85 170 0.729591
155 215 85 170 0.760831
156 215 85 170 0.759784
157 215 85 170 0.71866
158 215 85 170 0.625126
159 215 85 170 0.461808
160 215 85 170 0.260309
161 215 85 170 0.110486
162 215 85 170 0.0363771
193 215 85 170 0.0131721
194 215 85 170 0.0145314
195 215 85 170 0.0128622
148 216 85 170 0.0742139
149 216 85 170 0.222665
150 216 85 170 0.39234
151 216 85 170 0.543688
152 216 85 170 0.662263
153 216 85 170 0.748924
154 216 85 170 0.810804
155 216 85 170 0.842776
156 216 85 170 0.837733
157 216 85 170 0.796651
158 216 85 170 0.708439
159 216 85 170 0.535902
160 216 85 170 0.306862
161 216 85 170 0.130225
162 216 85 170 0.0399178
193 216 85 170 0.0121554
194 216 85 170 0.0133977
195 216 85 170 0.0114581
148 217 85 170 0.0882107
149 217 85 170 0.266936
150 217 85 170 0.460643
151 217 85 170 0.619054
152 217 85 170 0.729955
153 217 85 170 0.803952
154 217 85 170 0.859639
155 217 85 170 0.889528
156 217 85 170 0.882095
157 217 85 170 0.843615
158 217 85 170 0.762902
159 217 85 170 0.587918
160 217 85 170 0.342169
161 217 85 170 0.14562
162 217 85 170 0.0409851
193 217 85 170 0.0104745
194 217 85 170 0.0116356
148 218 85 170 0.105677
149 218 85 170 0.313991
150 218 85 170 0.526636
151 218 85 170 0.684198
152 218 85 170 0.781498
153 218 85 170 0.839053
154 218 85 170 0.8849
155 218 85 170 0.910739
156 218 85 170 0.902201
157 218 85 170 0.868175
158 218 85 170 0.796625
159 218 85 170 0.625444
160 218 85 170 0.373056
161 218 85 170 0.162331
162 218 85 170 0.0435884
193 218 85 170 0.0136496
194 218 85 170 0.015649
195 218 85 170 0.0129469
147 219 85 170 0.0128148
148 219 85 170 0.129739
149 219 85 170 0.365357
150 219 85 170 0.590923
151 219 85 170 0.740766
152 219 85 170 0.821138
153 219 85 170 0.861537
154 219 85 170 0.89613
155 219 85 170 0.916861
156 219 85 170 0.90813
157 219 85 170 0.879665
158 219 85 170 0.818429
159 219 85 170 0.6567
160 219 85 170 0.406796
161 219 85 170 0.186311
162 219 85 170 0.0519177
192 219 85 170 0.015593
193 219 85 170 0.0274094
194 219 85 170 0.0320821
195 219 85 170 0.0284068
196 219 85 170 0.0195485
197 219 85 170 0.0100559
0 220 85 170 0.0107556
147 220 85 170 0.0262227
148 220 85 170 0.163522
149 220 85 170 0.422563
150 220 85 170 0.654102
151 220 85 170 0.79041
152 220 85 170 0.853123
153 220 85 170 0.878715
154 220 85 170 0.902874
155 220 85 170 0.918346
156 220 85 170 0.909965
157 220 85 170 0.887416
158 220 85 170 0.837131
159 220 85 170 0.689904
160 220 85 170 0.450665
161 220 85 170 0.223509
162 220 85 170 0.0701628
191 220 85 170 0.0153278
192 220 85 170 0.0345353
193 220 85 170 0.0574829
194 220 85 170 0.0675793
195 220 85 170 0.0622093
196 220 85 170 0.0461838
197 220 85 170 0.0271698
198 220 85 170 0.0120702
0 221 85 170 0.0119866
1 221 85 170 0.0104966
146 221 85 170 0.011842
147 221 85 170 0.0489781
148 221 85 170 0.209465
149 221 85 170 0.486635
150 221 85 170 0.716525
151 221 85 170 0.83461
152 221 85 170 0.881353
153 221 85 170 0.897235
154 221 85 170 0.913802
155 221 85 170 0.924705
156 221 85 170 0.916872
157 221 85 170 0.899887
158 221 85 170 0.860661
159 221 85 170 0.732269
160 221 85 170 0.510791
161 221 85 170 0.278785
162 221 85 170 0.101712
163 221 85 170 0.0189495
190 221 85 170 0.0147344
191 221 85 170 0.0319748
192 221 85 170 0.0675494
193 221 85 170 0.108576
194 221 85 170 0.12762
195 221 85 170 0.119664
196 221 85 170 0.091827
197 221 85 170 0.0568583
198 221 85 170 0.0270242
0 222 85 170 0.0131998
1 222 85 170 0.0118816
146 222 85 170 0.018821
147 222 85 170 0.0787453
148 222 85 170 0.26391
149 222 85 170 0.554155
150 222 85 170 0.776328
151 222 85 170 0.873391
152 222 85 170 0.906642
153 222 85 170 0.917874
154 222 85 170 0.929866
155 222 85 170 0.937131
156 222 85 170 0.929935
157 222 85 170 0.917822
158 222 85 170 0.889089
159 222 85 170 0.78212
160 222 85 170 0.583189
161 222 85 170 0.347351
162 222 85 170 0.142862
163 222 85 170 0.0348387
189 222 85 170 0.0103474
190 222 85 170 0.0247638
191 222 85 170 0.054114
192 222 85 170 0.111361
193 222 85 170 0.176342
194 222 85 170 0.207371
195 222 85 170 0.196435
196 222 85 170 0.153755
197 222 85 170 0.0980614
198 222 85 170 0.0482048
199 222 85 170 0.0167105
0 223 85 170 0.0143727
1 223 85 170 0.0132846
2 223 85 170 0.0103873
146 223 85 170 0.0264007
147 223 85 170 0.110878
148 223 85 170 0.320018
149 223 85 170 0.619382
150 223 85 170 0.830494
151 223 85 170 0.906012
152 223 85 170 0.928199
153 223 85 170 0.938345
154 223 85 170 0.947988
155 223 85 170 0.952472
156 223 85 170 0.946015
157 223 85 170 0.937933
158 223 85 170 0.918383
159 223 85 170 0.833141
160 223 85 170 0.658591
161 223 85 170 0.419384
162 223 85 170 0.186207
163 223 85 170 0.0515873
189 223 85 170 0.0146472
190 223 85 170 0.035458
191 223 85 170 0.0777618
192 223 85 170 0.159316
193 223 85 170 0.251712
194 223 85 170 0.296621
195 223 85 170 0.283154
196 223 85 170 0.225568
197 223 85 170 0.147642
198 223 85 170 0.0743747
199 223 85 170 0.0265651
0 224 85 170 0.0154823
1 224 85 170 0.0145787
2 224 85 170 0.0117107
146 224 85 170 0.0335085
147 224 85 170 0.140709
148 224 85 170 0.370927
149 224 85 170 0.676559
150 224 85 170 0.875994
151 224 85 170 0.931727
152 224 85 170 0.945216
153 224 85 170 0.956334
154 224 85 170 0.965054
155 224 85 170 0.967542
156 224 85 170 0.961939
157 224 85 170 0.956901
158 224 85 170 0.944476
159 224 85 170 0.878976
160 224 85 170 0.727686
161 224 85 170 0.485018
162 224 85 170 0.224311
163 224 85 170 0.0655982
189 224 85 170 0.0187014
190 224 85 170 0.0449672
191 224 85 170 0.0989177
192 224 85 170 0.204734
193 224 85 170 0.325573
194 224 85 170 0.385111
195 224 85 170 0.370411
196 224 85 170 0.300832
197 224 85 170 0.202446
198 224 85 170 0.104289
199 224 85 170 0.038056
200 224 85 170 0.0141277
0 225 85 170 0.016506
1 225 85 170 0.015637
2 225 85 170 0.0127
146 225 85 170 0.0390719
147 225 85 170 0.163574
148 225 85 170 0.409769
149 225 85 170 0.719928
150 225 85 170 0.9098
151 225 85 170 0.949788
152 225 85 170 0.956887
153 225 85 170 0.969528
154 225 85 170 0.977953
155 225 85 170 0.979153
156 225 85 170 0.974534
157 225 85 170 0.971404
158 225 85 170 0.963298
159 225 85 170 0.913271
160 225 85 170 0.78116
161 225 85 170 0.534388
162 225 85 170 0.249737
163 225 85 170 0.0732742
189 225 85 170 0.0218914
190 225 85 170 0.0514419
191 225 85 170 0.113581
192 225 85 170 0.24093
193 225 85 170 0.388817
194 225 85 170 0.462581
195 225 85 170 0.448794
196 225 85 170 0.373115
197 225 85 170 0.259318
198 225 85 170 0.136701
199 225 85 170 0.0507869
200 225 85 170 0.0192793
0 226 85 170 0.0174248
1 226 85 170 0.0163781
2 226 85 170 0.0132245
146 226 85 170 0.0425376
147 226 85 170 0.176862
148 226 85 170 0.432619
149 226 85 170 0.746136
150 226 85 170 0.930266
151 226 85 170 0.960074
152 226 85 170 0.962946
153 226 85 170 0.976477
154 226 85 170 0.984595
155 226 85 170 0.985124
156 226 85 170 0.981605
157 226 85 170 0.97921
158 226 85 170 0.972256
159 226 85 170 0.93194
160 226 85 170 0.81298
161 226 85 170 0.561482
162 226 85 170 0.258535
163 226 85 170 0.0729487
189 226 85 170 0.0239747
190 226 85 170 0.0541268
191 226 85 170 0.119897
192 226 85 170 0.264128
193 226 85 170 0.435564
194 226 85 170 0.5221
195 226 85 170 0.511829
196 226 85 170 0.437807
197 226 85 170 0.315917
198 226 85 170 0.170949
199 226 85 170 0.0648881
200 226 85 170 0.0252507
201 226 85 170 0.0128745
0 227 85 170 0.0182332
1 227 85 170 0.0168738
2 227 85 170 0.0134124
146 227 85 170 0.0450961
147 227 85 170 0.184869
148 227 85 170 0.445402
149 227 85 170 0.759903
150 227 85 170 0.94039
151 227 85 170 0.964559
152 227 85 170 0.964946
153 227 85 170 0.978627
154 227 85 170 0.986327
155 227 85 170 0.986647
156 227 85 170 0.984242
157 227 85 170 0.981735
158 227 85 170 0.973691
159 227 85 170 0.938521
160 227 85 170 0.828112
161 227 85 170 0.573228
162 227 85 170 0.258453
163 227 85 170 0.0694319
189 227 85 170 0.0259703
190 227 85 170 0.0559378
191 227 85 170 0.123201
192 227 85 170 0.280288
193 227 85 170 0.470777
194 227 85 170 0.567898
195 227 85 170 0.562895
196 227 85 170 0.496411
197 227 85 170 0.372633
198 227 85 170 0.208318
199 227 85 170 0.0822579
200 227 85 170 0.033066
201 227 85 170 0.0164122
0 228 85 170 0.0189282
1 228 85 170 0.0172276
2 228 85 170 0.0134463
146 228 85 170 0.0483026
147 228 85 170 0.193338
148 228 85 170 0.456109
149 228 85 170 0.767641
150 228 85 170 0.944138
151 228 85 170 0.965655
152 228 85 170 0.964817
153 228 85 170 0.978031
154 228 85 170 0.985216
155 228 85 170 0.985619
156 228 85 170 0.984226
157 228 85 170 0.981158
158 228 85 170 0.970979
159 228 85 170 0.938144
160 228 85 170 0.833823
161 228 85 170 0.579261
162 228 85 170 0.259687
163 228 85 170 0.0688903
189 228 85 170 0.0291613
190 228 85 170 0.06056
191 228 85 170 0.130338
192 228 85 170 0.297412
193 228 85 170 0.50169
194 228 85 170 0.606543
195 228 85 170 0.607433
196 228 85 170 0.551709
197 228 85 170 0.430428
198 228 85 170 0.250506
199 228 85 170 0.105164
200 228 85 170 0.0439298
201 228 85 170 0.0208067
0 229 85 170 0.0195067
1 229 85 170 0.0175433
2 229 85 170 0.0135091
146 229 85 170 0.0537126
147 229 85 170 0.208008
148 229 85 170 0.47273
149 229 85 170 0.775761
150 229 85 170 0.94548
151 229 85 170 0.965776
152 229 85 170 0.964491
153 229 85 170 0.976742
154 229 85 170 0.983327
155 229 85 170 0.983942
156 229 85 170 0.983334
157 229 85 170 0.979662
158 229 85 170 0.967496
159 229 85 170 0.935942
160 229 85 170 0.837383
161 229 85 170 0.589217
162 229 85 170 0.272435
163 229 85 170 0.0774908
164 229 85 170 0.0115678
189 229 85 170 0.034831
190 229 85 170 0.0716784
191 229 85 170 0.148152
192 229 85 170 0.3235
193 229 85 170 0.535537
194 229 85 170 0.644605
195 229 85 170 0.650888
196 229 85 170 0.606485
197 229 85 170 0.490263
198 229 85 170 0.299208
199 229 85 170 0.135876
200 229 85 170 0.0590469
201 229 85 170 0.0263318
0 230 85 170 0.0199662
1 230 85 170 0.0179231
2 230 85 170 0.0137805
146 230 85 170 0.0628448
147 230 85 170 0.234499
148 230 85 170 0.503099
149 230 85 170 0.790571
150 230 85 170 0.948332
151 230 85 170 0.967303
152 230 85 170 0.965872
153 230 85 170 0.976786
154 230 85 170 0.982701
155 230 85 170 0.983488
156 230 85 170 0.983324
157 230 85 170 0.979398
158 230 85 170 0.966574
159 230 85 170 0.936981
160 230 85 170 0.845961
161 230 85 170 0.612571
162 230 85 170 0.306697
163 230 85 170 0.101271
164 230 85 170 0.0161204
188 230 85 170 0.0128816
189 230 85 170 0.0442315
190 230 85 170 0.0928933
191 230 85 170 0.183334
192 230 85 170 0.366389
193 230 85 170 0.579416
194 230 85 170 0.688536
195 230 85 170 0.698605
196 230 85 170 0.663459
197 230 85 170 0.553057
198 230 85 170 0.356058
199 230 85 170 0.176597
200 230 85 170 0.0795924
201 230 85 170 0.0332571
202 230 85 170 0.0113964
0 231 85 170 0.0203148
1 231 85 170 0.018402
2 231 85 170 0.0143171
3 231 85 170 0.0102616
146 231 85 170 0.0755326
147 231 85 170 0.272762
148 231 85 170 0.547826
149 231 85 170 0.813622
150 231 85 170 0.95432
151 231 85 170 0.971156
152 231 85 170 0.969594
153 231 85 170 0.978962
154 231 85 170 0.984183
155 231 85 170 0.985024
156 231 85 170 0.98494
157 231 85 170 0.981248
158 231 85 170 0.969484
159 231 85 170 0.943257
160 231 85 170 0.862181
161 231 85 170 0.651454
162 231 85 170 0.363335
163 231 85 170 0.140363
164 231 85 170 0.0231798
188 231 85 170 0.017032
189 231 85 170 0.057184
190 231 85 170 0.123904
191 231 85 170 0.235616
192 231 85 170 0.426239
193 231 85 170 0.634134
194 231 85 170 0.739507
195 231 85 170 0.751452
196 231 85 170 0.722439
197 231 85 170 0.617676
198 231 85 170 0.419857
199 231 85 170 0.226598
200 231 85 170 0.105379
201 231 85 170 0.0416665
202 231 85 170 0.0144823
0 232 85 170 0.0205759
1 232 85 170 0.0189216
2 232 85 170 0.0150025
3 232 85 170 0.0105834
146 232 85 170 0.0892558
147 232 85 170 0.314834
148 232 85 170 0.597432
149 232 85 170 0.839822
150 232 85 170 0.961869
151 232 85 170 0.976214
152 232 85 170 0.974513
153 232 85 170 0.982354
154 232 85 170 0.986946
155 232 85 170 0.987768
156 232 85 170 0.987512
157 232 85 170 0.984319
158 232 85 170 0.974616
159 232 85 170 0.95248
160 232 85 170 0.882309
161 232 85 170 0.697734
162 232 85 170 0.430459
163 232 85 170 0.186645
164 232 85 170 0.0314934
188 232 85 170 0.0216324
189 232 85 170 0.0715112
190 232 85 170 0.158962
191 232 85 170 0.295006
192 232 85 170 0.492496
193 232 85 170 0.691719
194 232 85 170 0.791308
195 232 85 170 0.804049
196 232 85 170 0.779168
197 232 85 170 0.680123
198 232 85 170 0.485451
199 232 85 170 0.281052
200 232 85 170 0.134316
201 232 85 170 0.0513842
202 232 85 170 0.0181596
0 233 85 170 0.0207742
1 233 85 170 0.0194165
2 233 85 170 0.0157079
3 233 85 170 0.0109143
146 233 85 170 0.101319
147 233 85 170 0.352161
148 233 85 170 0.641689
149 233 85 170 0.863587
150 233 85 170 0.969164
151 233 85 170 0.981206
152 233 85 170 0.979356
153 233 85 170 0.98592
154 233 85 170 0.99004
155 233 85 170 0.990822
156 233 85 170 0.990265
157 233 85 170 0.987586
158 233 85 170 0.980148
159 233 85 170 0.962044
160 233 85 170 0.902144
161 233 85 170 0.742518
162 233 85 170 0.495225
163 233 85 170 0.231385
164 233 85 170 0.0397155
188 233 85 170 0.0259261
189 233 85 170 0.0848874
190 233 85 170 0.191913
191 233 85 170 0.350788
192 233 85 170 0.553808
193 233 85 170 0.743543
194 233 85 170 0.837183
195 233 85 170 0.850549
196 233 85 170 0.829085
197 233 85 170 0.73619
198 233 85 170 0.547388
199 233 85 170 0.334825
200 233 85 170 0.164172
201 233 85 170 0.0622153
202 233 85 170 0.0223405
0 234 85 170 0.0209341
1 234 85 170 0.0198212
2 234 85 170 0.0163041
3 234 85 170 0.0112397
144 234 85 170 0.0102272
146 234 85 170 0.109027
147 234 85 170 0.376193
148 234 85 170 0.670368
149 234 85 170 0.87933
150 234 85 170 0.974392
151 234 85 170 0.984858
152 234 85 170 0.982847
153 234 85 170 0.988617
154 234 85 170 0.992515
155 234 85 170 0.99329
156 234 85 170 0.992424
157 234 85 170 0.990024
158 234 85 170 0.984256
159 234 85 170 0.969338
160 234 85 170 0.917483
161 234 85 170 0.776911
162 234 85 170 0.544794
163 234 85 170 0.265848
164 234 85 170 0.0465002
188 234 85 170 0.0291568
189 234 85 170 0.0949867
190 234 85 170 0.216603
191 234 85 170 0.392247
192 234 85 170 0.598823
193 234 85 170 0.780979
194 234 85 170 0.870373
195 234 85 170 0.885104
196 234 85 170 0.867629
197 234 85 170 0.781667
198 234 85 170 0.600221
199 234 85 170 0.382785
200 234 85 170 0.192715
201 234 85 170 0.0739647
202 234 85 170 0.0269372
203 234 85 170 0.010464
0 235 85 170 0.0210783
1 235 85 170 0.0200764
2 235 85 170 0.0166735
3 235 85 170 0.0115445
144 235 85 170 0.0102419
146 235 85 170 0.109999
147 235 85 170 0.379367
148 235 85 170 0.674416
149 235 85 170 0.882095
150 235 85 170 0.975927
151 235 85 170 0.986029
152 235 85 170 0.983844
153 235 85 170 0.989504
154 235 85 170 0.993509
155 235 85 170 0.994356
156 235 85 170 0.993287
157 235 85 170 0.990707
158 235 85 170 0.985296
159 235 85 170 0.97201
160 235 85 170 0.924535
161 235 85 170 0.79291
162 235 85 170 0.567614
163 235 85 170 0.282173
164 235 85 170 0.0506251
188 235 85 170 0.0306468
189 235 85 170 0.0997256
190 235 85 170 0.22752
191 235 85 170 0.409788
192 235 85 170 0.617401
193 235 85 170 0.79636
194 235 85 170 0.884893
195 235 85 170 0.902533
196 235 85 170 0.890759
197 235 85 170 0.812776
198 235 85 170 0.638961
199 235 85 170 0.420171
200 235 85 170 0.217805
201 235 85 170 0.0863719
202 235 85 170 0.031836
203 235 85 170 0.0121041
0 236 85 170 0.0212089
1 236 85 170 0.0201897
2 236 85 170 0.0168208
3 236 85 170 0.0118122
9 236 85 170 0.0100351
146 236 85 170 0.105276
147 236 85 170 0.364835
148 236 85 170 0.657504
149 236 85 170 0.873726
150 236 85 170 0.97419
151 236 85 170 0.984978
152 236 85 170 0.982621
153 236 85 170 0.988738
154 236 85 170 0.993108
155 236 85 170 0.994095
156 236 85 170 0.992945
157 236 85 170 0.989795
158 236 85 170 0.983548
159 236 85 170 0.970453
160 236 85 170 0.923996
161 236 85 170 0.792151
162 236 85 170 0.566115
163 236 85 170 0.281951
164 236 85 170 0.0522028
188 236 85 170 0.0305749
189 236 85 170 0.0996466
190 236 85 170 0.226084
191 236 85 170 0.405958
192 236 85 170 0.612535
193 236 85 170 0.792413
194 236 85 170 0.883104
195 236 85 170 0.904851
196 236 85 170 0.900028
197 236 85 170 0.830407
198 236 85 170 0.663642
199 236 85 170 0.446236
200 236 85 170 0.238282
201 236 85 170 0.0984685
202 236 85 170 0.0366402
203 236 85 170 0.013433
0 237 85 170 0.0213155
1 237 85 170 0.0202098
2 237 85 170 0.0168259
3 237 85 170 0.0120252
9 237 85 170 0.0104034
146 237 85 170 0.0979872
147 237 85 170 0.342313
148 237 85 170 0.631095
149 237 85 170 0.860233
150 237 85 170 0.970854
151 237 85 170 0.982826
152 237 85 170 0.980318
153 237 85 170 0.98715
154 237 85 170 0.991984
155 237 85 170 0.993131
156 237 85 170 0.991977
157 237 85 170 0.988112
158 237 85 170 0.980471
159 237 85 170 0.966741
160 237 85 170 0.919304
161 237 85 170 0.782171
162 237 85 170 0.551287
163 237 85 170 0.272557
164 237 85 170 0.0521636
188 237 85 170 0.0296441
189 237 85 170 0.0968997
190 237 85 170 0.217965
191 237 85 170 0.390735
192 237 85 170 0.595258
193 237 85 170 0.778226
194 237 85 170 0.872481
195 237 85 170 0.898478
196 237 85 170 0.900419
197 237 85 170 0.838309
198 237 85 170 0.677371
199 237 85 170 0.462692
200 237 85 170 0.253588
201 237 85 170 0.108853
202 237 85 170 0.0407802
203 237 85 170 0.0144197
0 238 85 170 0.0213873
1 238 85 170 0.0201858
2 238 85 170 0.0167696
3 238 85 170 0.0121659
9 238 85 170 0.0106934
146 238 85 170 0.0912955
147 238 85 170 0.321606
148 238 85 170 0.606762
149 238 85 170 0.847687
150 238 85 170 0.967613
151 238 85 170 0.980704
152 238 85 170 0.97809
153 238 85 170 0.985581
154 238 85 170 0.990812
155 238 85 170 0.99209
156 238 85 170 0.990968
157 238 85 170 0.986492
158 238 85 170 0.977542
159 238 85 170 0.962974
160 238 85 170 0.913938
161 238 85 170 0.770594
162 238 85 170 0.534241
163 238 85 170 0.26145
164 238 85 170 0.0514494
188 238 85 170 0.0285646
189 238 85 170 0.093658
190 238 85 170 0.208892
191 238 85 170 0.374205
192 238 85 170 0.576716
193 238 85 170 0.762981
194 238 85 170 0.860572
195 238 85 170 0.889899
196 238 85 170 0.896964
197 238 85 170 0.840271
198 238 85 170 0.683298
199 238 85 170 0.471284
200 238 85 170 0.263174
201 238 85 170 0.116116
202 238 85 170 0.0436838
203 238 85 170 0.0150339
0 239 85 170 0.0214136
1 239 85 170 0.0201669
2 239 85 170 0.0167329
3 239 85 170 0.0122167
9 239 85 170 0.0108111
146 239 85 170 0.0883624
147 239 85 170 0.312525
148 239 85 170 0.596078
149 239 85 170 0.842156
150 239 85 170 0.966156
151 239 85 170 0.979745
152 239 85 170 0.977091
153 239 85 170 0.984872
154 239 85 170 0.990271
155 239 85 170 0.991603
156 239 85 170 0.990501
157 239 85 170 0.985766
158 239 85 170 0.976238
159 239 85 170 0.961252
160 239 85 170 0.911376
161 239 85 170 0.765041
162 239 85 170 0.52609
163 239 85 170 0.25609
164 239 85 170 0.0510019
188 239 85 170 0.0280469
189 239 85 170 0.0920945
190 239 85 170 0.204594
191 239 85 170 0.366454
192 239 85 170 0.568059
193 239 85 170 0.755859
194 239 85 170 0.854925
195 239 85 170 0.885599
196 239 85 170 0.894694
197 239 85 170 0.840083
198 239 85 170 0.684574
199 239 85 170 0.47376
200 239 85 170 0.266492
201 239 85 170 0.11885
202 239 85 170 0.0447788
203 239 85 170 0.0152454
171 0 64 128 0.0148467
172 0 64 128 0.0140984
173 0 64 128 0.0122758
174 0 64 128 0.0154139
175 0 64 128 0.0150313
176 0 64 128 0.019768
177 0 64 128 0.0196317
178 0 64 128 0.014204
171 1 64 128 0.0134858
172 1 64 128 0.0126604
173 1 64 128 0.0117296
174 1 64 128 0.0156969
175 1 64 128 0.0145187
176 1 64 128 0.0212246
177 1 64 128 0.0177972
178 1 64 128 0.0102058
171 2 64 128 0.0110193
172 2 64 128 0.0113806
173 2 64 128 0.0134156
174 2 64 128 0.0205007
175 2 64 128 0.0228474
176 2 64 128 0.0362109
177 2 64 128 0.0353449
178 2 64 128 0.026213
179 2 64 128 0.0228412
180 2 64 128 0.0101447
172 3 64 128 0.0137511
173 3 64 128 0.0209159
174 3 64 128 0.0339705
175 3 64 128 0.0506779
176 3 64 128 0.0764868
177 3 64 128 0.098066
178 3 64 128 0.0935712
179 3 64 128 0.0619931
180 3 64 128 0.0301445
181 3 64 128 0.013768
172 4 64 128 0.0165132
173 4 64 128 0.0288602
174 4 64 128 0.048862
175 4 64 128 0.0822949
176 4 64 128 0.12727
177 4 64 128 0.175768
178 4 64 128 0.17571
179 4 64 128 0.112864
180 4 64 128 0.0564942
181 4 64 128 0.0265322
182 4 64 128 0.0107082
172 5 64 128 0.0143919
173 5 64 128 0.0292318
174 5 64 128 0.0544511
175 5 64 128 0.0940035
176 5 64 128 0.164774
177 5 64 128 0.220642
178 5 64 128 0.215381
179 5 64 128 0.15174
180 5 64 128 0.0768081
181 5 64 128 0.0334868
182 5 64 128 0.0127353
173 6 64 128 0.0231573
174 6 64 128 0.0504575
175 6 64 128 0.0871342
176 6 64 128 0.180086
177 6 64 128 0.230837
178 6 64 128 0.21838
179 6 64 128 0.174068
180 6 64 128 0.0894255
181 6 64 128 0.0359785
182 6 64 128 0.0127576
173 7 64 128 0.0170345
174 7 64 128 0.0427321
175 7 64 128 0.0774672
176 7 64 128 0.173499
177 7 64 128 0.230931
178 7 64 128 0.226138
179 7 64 128 0.186397
180 7 64 128 0.0988334
181 7 64 128 0.040755
182 7 64 128 0.014474
173 8 64 128 0.0131124
174 8 64 128 0.0344932
175 8 64 128 0.0698464
176 8 64 128 0.150403
177 8 64 128 0.22334
178 8 64 128 0.237871
179 8 64 128 0.18762
180 8 64 128 0.103923
181 8 64 128 0.0469005
182 8 64 128 0.0174398
174 9 64 128 0.0265141
175 9 64 128 0.0592083
176 9 64 128 0.120619
177 9 64 128 0.190721
178 9 64 128 0.215225
179 9 64 128 0.169856
180 9 64 128 0.0986172
181 9 64 128 0.0466861
182 9 64 128 0.0175308
174 10 64 128 0.0194911
175 10 64 128 0.0449193
176 10 64 128 0.0921141
177 10 64 128 0.136784
178 10 64 128 0.155204
179 10 64 128 0.135521
180 10 64 128 0.0827623
181 10 64 128 0.0385266
182 10 64 128 0.0139754
174 11 64 128 0.0141309
175 11 64 128 0.0327528
176 11 64 128 0.0701326
177 11 64 128 0.0943482
178 11 64 128 0.103962
179 11 64 128 0.101159
180 11 64 128 0.0643832
181 11 64 128 0.0294013
182 11 64 128 0.0106728
174 12 64 128 0.0106194
175 12 64 128 0.0258522
176 12 64 128 0.0569184
177 12 64 128 0.0805282
178 12 64 128 0.0872567
179 12 64 128 0.0779631
180 12 64 128 0.0496608
181 12 64 128 0.0241304
182 12 64 128 0.0101353
175 13 64 128 0.0211108
176 13 64 128 0.049015
177 13 64 128 0.0764159
178 13 64 128 0.0824484
179 13 64 128 0.0642574
180 13 64 128 0.0398668
181 13 64 128 0.0219328
182 13 64 128 0.0113952
175 14 64 128 0.0158527
176 14 64 128 0.0428449
177 14 64 128 0.0652338
178 14 64 128 0.0690352
179 14 64 128 0.0562904
180 14 64 128 0.0346441
181 14 64 128 0.0212337
182 14 64 128 0.0130955
175 15 64 128 0.0111325
176 15 64 128 0.0366182
177 15 64 128 0.0505972
178 15 64 128 0.0516277
179 15 64 128 0.0486851
180 15 64 128 0.0303868
181 15 64 128 0.0200964
182 15 64 128 0.0139791
176 16 64 128 0.0294299
177 16 64 128 0.0389874
178 16 64 128 0.0382856
179 16 64 128 0.037341
180 16 64 128 0.0239719
181 16 64 128 0.0171121
182 16 64 128 0.0131882
176 17 64 128 0.0230309
177 17 64 128 0.0312829
178 17 64 128 0.0297695
179 17 64 128 0.0260826
180 17 64 128 0.0178362
181 17 64 128 0.013849
182 17 64 128 0.0117522
176 18 64 128 0.0196641
177 18 64 128 0.026607
178 18 64 128 0.0245859
179 18 64 128 0.020319
180 18 64 128 0.0155212
181 18 64 128 0.0124491
182 18 64 128 0.0110989
176 19 64 128 0.0189158
177 19 64 128 0.0239371
178 19 64 128 0.0213142
179 19 64 128 0.0184634
180 19 64 128 0.0156029
181 19 64 128 0.0122552
182 19 64 128 0.0111633
176 20 64 128 0.019127
177 20 64 128 0.0221995
178 20 64 128 0.0186261
179 20 64 128 0.0158581
180 20 64 128 0.0144946
181 20 64 128 0.0113814
182 20 64 128 0.0111844
175 21 64 128 0.0109874
176 21 64 128 0.019078
177 21 64 128 0.0205878
178 21 64 128 0.0159851
179 21 64 128 0.0118636
180 21 64 128 0.0116904
182 21 64 128 0.0107001
183 21 64 128 0.0106538
175 22 64 128 0.0111578
176 22 64 128 0.0179093
177 22 64 128 0.0185073
178 22 64 128 0.0134293
183 22 64 128 0.010016
176 23 64 128 0.0157191
177 23 64 128 0.0158364
178 23 64 128 0.0109898
176 24 64 128 0.0136354
177 24 64 128 0.0129672
176 25 64 128 0.0126895
177 25 64 128 0.010637
175 26 64 128 0.0107748
176 26 64 128 0.0136706
177 26 64 128 0.0101006
175 27 64 128 0.0133218
176 27 64 128 0.0169559
177 27 64 128 0.0118333
174 28 64 128 0.0105441
175 28 64 128 0.018497
176 28 64 128 0.021956
177 28 64 128 0.0142556
172 29 64 128 0.0100539
173 29 64 128 0.0113185
174 29 64 128 0.0154476
175 29 64 128 0.0267915
176 29 64 128 0.0276484
177 29 64 128 0.0159277
171 30 64 128 0.0119077
172 30 64 128 0.0154345
173 30 64 128 0.0166842
174 30 64 128 0.0200586
175 30 64 128 0.0331789
176 30 64 128 0.0319009
177 30 64 128 0.0171734
171 31 64 128 0.0134746
172 31 64 128 0.0181631
173 31 64 128 0.020467
174 31 64 128 0.0229596
175 31 64 128 0.0329926
176 31 64 128 0.0329833
177 31 64 128 0.018581
170 32 64 128 0.0114659
171 32 64 128 0.0168635
172 32 64 128 0.0226801
173 32 64 128 0.0261121
174 32 64 128 0.0269942
175 32 64 128 0.0321168
176 32 64 128 0.0333292
177 32 64 128 0.0197174
170 33 64 128 0.0206458
171 33 64 128 0.0279085
172 33 64 128 0.0351253
173 33 64 128 0.0383168
174 33 64 128 0.0360289
175 33 64 128 0.039297
176 33 64 128 0.0364705
177 33 64 128 0.0198449
169 34 64 128 0.0141091
170 34 64 128 0.0330119
171 34 64 128 0.0421324
172 34 64 128 0.0508621
173 34 64 128 0.0535068
174 34 64 128 0.0477276
175 34 64 128 0.051277
176 34 64 128 0.0408842
177 34 64 128 0.0191085
168 35 64 128 0.0101422
169 35 64 128 0.0165098
170 35 64 128 0.0402083
171 35 64 128 0.0495785
172 35 64 128 0.0595496
173 35 64 128 0.0637082
174 35 64 128 0.0564103
175 35 64 128 0.0583057
176 35 64 128 0.0423491
177 35 64 128 0.0181529
168 36 64 128 0.0102071
169 36 64 128 0.0160912
170 36 64 128 0.041667
171 36 64 128 0.0505663
172 36 64 128 0.0620157
173 36 64 128 0.0691228
174 36 64 128 0.0617104
175 36 64 128 0.0604641
176 36 64 128 0.0414737
177 36 64 128 0.0173088
169 37 64 128 0.0155243
170 37 64 128 0.0435827
171 37 64 128 0.0543045
172 37 64 128 0.068716
173 37 64 128 0.0770041
174 37 64 128 0.0678852
175 37 64 128 0.0663632
176 37 64 128 0.0430368
177 37 64 128 0.0166244
169 38 64 128 0.0156692
170 38 64 128 0.0469286
171 38 64 128 0.062104
172 38 64 128 0.0802852
173 38 64 128 0.0874945
174 38 64 128 0.075969
175 38 64 128 0.0774657
176 38 64 128 0.0477337
177 38 64 128 0.0160986
169 39 64 128 0.0148861
170 39 64 128 0.0455541
171 39 64 128 0.0645538
172 39 64 128 0.0840965
173 39 64 128 0.0911334
174 39 64 128 0.0825683
175 39 64 128 0.0855056
176 39 64 128 0.0507366
177 39 64 128 0.0156788
169 40 64 128 0.0123364
170 40 64 128 0.0369148
171 40 64 128 0.0569808
172 40 64 128 0.0742988
173 40 64 128 0.0836993
174 40 64 128 0.0852686
175 40 64 128 0.0860872
176 40 64 128 0.049831
177 40 64 128 0.0154383
170 41 64 128 0.0265592
171 41 64 128 0.0455288
172 41 64 128 0.0602321
173 41 64 128 0.0726287
174 41 64 128 0.084186
175 41 64 128 0.0837813
176 41 64 128 0.0487147
177 41 64 128 0.0157057
170 42 64 128 0.0191305
171 42 64 128 0.0356122
172 42 64 128 0.049562
173 42 64 128 0.0638122
174 42 64 128 0.0795134
175 42 64 128 0.0817138
176 42 64 128 0.0496065
177 42 64 128 0.0164431
170 43 64 128 0.0135931
171 43 64 128 0.0265282
172 43 64 128 0.0393715
173 43 64 128 0.0542183
174 43 64 128 0.0707684
175 43 64 128 0.0753669
176 43 64 128 0.048074
177 43 64 128 0.0164006
171 44 64 128 0.0170287
172 44 64 128 0.0262051
173 44 64 128 0.0405341
174 44 64 128 0.0579053
175 44 64 128 0.0608522
176 44 64 128 0.0401387
177 44 64 128 0.014525
172 45 64 128 0.0137541
173 45 64 128 0.0263061
174 45 64 128 0.0436142
175 45 64 128 0.0443655
176 45 64 128 0.0301444
177 45 64 128 0.0118339
173 46 64 128 0.0164842
174 46 64 128 0.0311023
175 46 64 128 0.0339518
176 46 64 128 0.024054
173 47 64 128 0.0108236
174 47 64 128 0.0211759
175 47 64 128 0.0283524
176 47 64 128 0.0208802
174 48 64 128 0.0135272
175 48 64 128 0.0222886
176 48 64 128 0.0166556
175 49 64 128 0.0150195
176 49 64 128 0.0111121
158 73 64 128 0.0112809
157 77 64 128 0.013412
158 77 64 128 0.0147605
157 78 64 128 0.0133657
158 78 64 128 0.0146821
157 81 64 128 0.0165391
158 81 64 128 0.0184696
157 82 64 128 0.0203138
158 82 64 128 0.0228867
2 83 64 128 0.0102928
157 83 64 128 0.0145883
158 83 64 128 0.0161705
2 84 64 128 0.0113755
2 85 64 128 0.0118318
3 85 64 128 0.0106682
2 86 64 128 0.0125211
3 86 64 128 0.0120537
2 87 64 128 0.0143703
3 87 64 128 0.0144921
4 87 64 128 0.011683
5 87 64 128 0.010682
1 88 64 128 0.0112286
2 88 64 128 0.0172987
3 88 64 128 0.0177494
4 88 64 128 0.0147841
5 88 64 128 0.0136983
1 89 64 128 0.014144
2 89 64 128 0.0208302
3 89 64 128 0.0212847
4 89 64 128 0.0189599
5 89 64 128 0.0175458
0 90 64 128 0.0107365
1 90 64 128 0.0173186
2 90 64 128 0.0241988
3 90 64 128 0.0244067
4 90 64 128 0.0228545
5 90 64 128 0.0211378
6 90 64 128 0.0105456
0 91 64 128 0.0122375
1 91 64 128 0.0192874
2 91 64 128 0.0265191
3 91 64 128 0.0263815
4 91 64 128 0.0245237
5 91 64 128 0.0229625
6 91 64 128 0.0117939
0 92 64 128 0.0133391
1 92 64 128 0.0198581
2 92 64 128 0.0276046
3 92 64 128 0.0271722
4 92 64 128 0.0242263
5 92 64 128 0.0231649
6 92 64 128 0.012431
0 93 64 128 0.0134443
1 93 64 128 0.0198934
2 93 64 128 0.0278528
3 93 64 128 0.0273198
4 93 64 128 0.0240291
5 93 64 128 0.0232523
6 93 64 128 0.0131039
0 94 64 128 0.0126466
1 94 64 128 0.0196852
2 94 64 128 0.0275282
3 94 64 128 0.027115
4 94 64 128 0.024452
5 94 64 128 0.0236595
6 94 64 128 0.0137914
0 95 64 128 0.0119072
1 95 64 128 0.0187761
2 95 64 128 0.0267079
3 95 64 128 0.0265144
4 95 64 128 0.0240196
5 95 64 128 0.0234326
6 95 64 128 0.013619
0 96 64 128 0.0117548
1 96 64 128 0.0173458
2 96 64 128 0.0256299
3 96 64 128 0.0255988
4 96 64 128 0.0223244
5 96 64 128 0.0222255
6 96 64 128 0.0123638
0 97 64 128 0.0118001
1 97 64 128 0.0168618
2 97 64 128 0.0248579
3 97 64 128 0.0247226
4 97 64 128 0.0212069
5 97 64 128 0.0210027
6 97 64 128 0.0111318
0 98 64 128 0.0116592
1 98 64 128 0.0179488
2 98 64 128 0.0244587
3 98 64 128 0.0238708
4 98 64 128 0.0216136
5 98 64 128 0.0203443
6 98 64 128 0.0106463
0 99 64 128 0.0112569
1 99 64 128 0.0183713
2 99 64 128 0.0229544
3 99 64 128 0.0218677
4 99 64 128 0.0211734
5 99 64 128 0.0192954
6 99 64 128 0.0100942
0 100 64 128 0.0105665
1 100 64 128 0.0161135
2 100 64 128 0.0191596
3 100 64 128 0.0178423
4 100 64 128 0.0177737
5 100 64 128 0.0169487
1 101 64 128 0.0125264
2 101 64 128 0.0145071
3 101 64 128 0.0132756
4 101 64 128 0.0132234
5 101 64 128 0.0138827
2 102 64 128 0.0109256
3 102 64 128 0.0100464
4 102 64 128 0.0100874
5 102 64 128 0.0110069
10 149 64 128 0.0108898
10 150 64 128 0.014656
11 150 64 128 0.0107201
9 151 64 128 0.0117753
10 151 64 128 0.0204507
11 151 64 128 0.0152043
5 152 64 128 0.0124045
6 152 64 128 0.0114534
7 152 64 128 0.0104324
9 152 64 128 0.0165162
10 152 64 128 0.0285757
11 152 64 128 0.0219319
12 152 64 128 0.0109207
4 153 64 128 0.0126912
5 153 64 128 0.0153288
6 153 64 128 0.0140571
7 153 64 128 0.0126328
8 153 64 128 0.0123798
9 153 64 128 0.0219285
10 153 64 128 0.0381245
11 153 64 128 0.029122
12 153 64 128 0.014643
3 154 64 128 0.0123498
4 154 64 128 0.0155899
5 154 64 128 0.0176639
6 154 64 128 0.0166275
7 154 64 128 0.0150364
8 154 64 128 0.0147309
9 154 64 128 0.0275279
10 154 64 128 0.0483116
11 154 64 128 0.0357393
12 154 64 128 0.0187191
2 155 64 128 0.0102001
3 155 64 128 0.0143011
4 155 64 128 0.0179788
5 155 64 128 0.0194469
6 155 64 128 0.0185854
7 155 64 128 0.0171052
8 155 64 128 0.0172066
9 155 64 128 0.033494
10 155 64 128 0.0590301
11 155 64 128 0.0433885
12 155 64 128 0.0230354
13 155 64 128 0.0107502
157 155 64 128 0.0154483
158 155 64 128 0.0269515
159 155 64 128 0.017947
160 155 64 128 0.0109507
2 156 64 128 0.0101642
3 156 64 128 0.0150225
4 156 64 128 0.0193926
5 156 64 128 0.0207888
6 156 64 128 0.0195625
7 156 64 128 0.018442
8 156 64 128 0.0199113
9 156 64 128 0.0397845
10 156 64 128 0.0699872
11 156 64 128 0.0534553
12 156 64 128 0.0276276
13 156 64 128 0.0120742
157 156 64 128 0.0470833
158 156 64 128 0.0829517
159 156 64 128 0.0592834
160 156 64 128 0.0384689
161 156 64 128 0.0146593
3 157 64 128 0.0152365
4 157 64 128 0.0202072
5 157 64 128 0.0216105
6 157 64 128 0.0203264
7 157 64 128 0.019612
8 157 64 128 0.0221692
9 157 64 128 0.0449025
10 157 64 128 0.0795802
11 157 64 128 0.0644226
12 157 64 128 0.033028
13 157 64 128 0.0133935
157 157 64 128 0.0930319
158 157 64 128 0.16689
159 157 64 128 0.121631
160 157 64 128 0.0762961
161 157 64 128 0.0276782
3 158 64 128 0.0158536
4 158 64 128 0.0209105
5 158 64 128 0.0218286
6 158 64 128 0.0217245
7 158 64 128 0.0212343
8 158 64 128 0.0232389
9 158 64 128 0.0474339
10 158 64 128 0.0864652
11 158 64 128 0.0743889
12 158 64 128 0.0396996
13 158 64 128 0.0157927
157 158 64 128 0.146173
158 158 64 128 0.266577
159 158 64 128 0.196323
160 158 64 128 0.116279
161 158 64 128 0.0389345
2 159 64 128 0.0100834
3 159 64 128 0.0163298
4 159 64 128 0.0211894
5 159 64 128 0.0216847
6 159 64 128 0.0230218
7 159 64 128 0.0224914
8 159 64 128 0.0233897
9 159 64 128 0.0492764
10 159 64 128 0.0935549
11 159 64 128 0.0842453
12 159 64 128 0.0466917
13 159 64 128 0.01853
156 159 64 128 0.0106817
157 159 64 128 0.220764
158 159 64 128 0.388691
159 159 64 128 0.29251
160 159 64 128 0.180198
161 159 64 128 0.0645264
162 159 64 128 0.0106613
3 160 64 128 0.0156443
4 160 64 128 0.0204921
5 160 64 128 0.0215584
6 160 64 128 0.0229971
7 160 64 128 0.0221606
8 160 64 128 0.0233623
9 160 64 128 0.0535273
10 160 64 128 0.105161
11 160 64 128 0.0959568
12 160 64 128 0.0527061
13 160 64 128 0.020297
155 160 64 128 0.01084
156 160 64 128 0.0489101
157 160 64 128 0.335748
158 160 64 128 0.543811
159 160 64 128 0.423122
160 160 64 128 0.296768
161 160 64 128 0.125187
162 160 64 128 0.0274319
163 160 64 128 0.0120054
3 161 64 128 0.0144008
4 161 64 128 0.019441
5 161 64 128 0.0218273
6 161 64 128 0.0225757
7 161 64 128 0.0213912
8 161 64 128 0.0243981
9 161 64 128 0.0609161
10 161 64 128 0.120884
11 161 64 128 0.110213
12 161 64 128 0.059365
13 161 64 128 0.0221975
14 161 64 128 0.0100482
155 161 64 128 0.0165917
156 161 64 128 0.101583
157 161 64 128 0.459164
158 161 64 128 0.69486
159 161 64 128 0.557254
160 161 64 128 0.427884
161 161 64 128 0.195992
162 161 64 128 0.0471613
163 161 64 128 0.0181783
3 162 64 128 0.0141847
4 162 64 128 0.0193613
5 162 64 128 0.0228331
6 162 64 128 0.0239459
7 162 64 128 0.0227243
8 162 64 128 0.0279445
9 162 64 128 0.0705784
10 162 64 128 0.137294
11 162 64 128 0.126769
12 162 64 128 0.069943
13 162 64 128 0.0267374
14 162 64 128 0.0119772
155 162 64 128 0.0211217
156 162 64 128 0.139232
157 162 64 128 0.529199
158 162 64 128 0.777149
159 162 64 128 0.638425
160 162 64 128 0.496203
161 162 64 128 0.225434
162 162 64 128 0.0523271
163 162 64 128 0.0203334
3 163 64 128 0.0151283
4 163 64 128 0.0203991
5 163 64 128 0.0241615
6 163 64 128 0.0266589
7 163 64 128 0.0257093
8 163 64 128 0.0329466
9 163 64 128 0.0802461
10 163 64 128 0.15122
11 163 64 128 0.143041
12 163 64 128 0.0827109
13 163 64 128 0.0330814
14 163 64 128 0.0144033
155 163 64 128 0.0250386
156 163 64 128 0.162628
157 163 64 128 0.548413
158 163 64 128 0.79352
159 163 64 128 0.668532
160 163 64 128 0.508134
161 163 64 128 0.223942
162 163 64 128 0.0495492
163 163 64 128 0.0196564
3 164 64 128 0.0159621
4 164 64 128 0.0215619
5 164 64 128 0.0246897
6 164 64 128 0.0277451
7 164 64 128 0.027033
8 164 64 128 0.0359779
9 164 64 128 0.0863714
10 164 64 128 0.159835
11 164 64 128 0.154265
12 164 64 128 0.0911786
13 164 64 128 0.0372063
14 164 64 128 0.0166098
155 164 64 128 0.0318444
156 164 64 128 0.201474
157 164 64 128 0.581073
158 164 64 128 0.811599
159 164 64 128 0.705413
160 164 64 128 0.55022
161 164 64 128 0.260953
162 164 64 128 0.0683277
163 164 64 128 0.0230297
3 165 64 128 0.0162052
4 165 64 128 0.0223921
5 165 64 128 0.0242902
6 165 64 128 0.0264729
7 165 64 128 0.0257771
8 165 64 128 0.0359672
9 165 64 128 0.0878707
10 165 64 128 0.162536
11 165 64 128 0.159041
12 165 64 128 0.0936195
13 165 64 128 0.0380544
14 165 64 128 0.0181899
155 165 64 128 0.0419624
156 165 64 128 0.259235
157 165 64 128 0.646121
158 165 64 128 0.856761
159 165 64 128 0.765864
160 165 64 128 0.642337
161 165 64 128 0.345705
162 165 64 128 0.10987
163 165 64 128 0.0314117
164 165 64 128 0.0114643
3 166 64 128 0.0165954
4 166 64 128 0.0232698
5 166 64 128 0.0243096
6 166 64 128 0.0254822
7 166 64 128 0.0246403
8 166 64 128 0.035377
9 166 64 128 0.0872877
10 166 64 128 0.161908
11 166 64 128 0.160941
12 166 64 128 0.0954493
13 166 64 128 0.0390282
14 166 64 128 0.0192152
155 166 64 128 0.0512124
156 166 64 128 0.299907
157 166 64 128 0.693582
158 166 64 128 0.889686
159 166 64 128 0.804297
160 166 64 128 0.703649
161 166 64 128 0.397314
162 166 64 128 0.133325
163 166 64 128 0.0368988
164 166 64 128 0.0134912
192 166 64 128 0.0132624
193 166 64 128 0.0147569
194 166 64 128 0.0128899
3 167 64 128 0.0174141
4 167 64 128 0.0242482
5 167 64 128 0.0253384
6 167 64 128 0.0261501
7 167 64 128 0.0250735
8 167 64 128 0.0356528
9 167 64 128 0.0865172
10 167 64 128 0.160291
11 167 64 128 0.162557
12 167 64 128 0.0997983
13 167 64 128 0.0421333
14 167 64 128 0.020027
15 167 64 128 0.0100311
155 167 64 128 0.0571918
156 167 64 128 0.304797
157 167 64 128 0.695292
158 167 64 128 0.887895
159 167 64 128 0.79865
160 167 64 128 0.693893
161 167 64 128 0.377565
162 167 64 128 0.120397
163 167 64 128 0.0358672
164 167 64 128 0.0119237
191 167 64 128 0.014804
192 167 64 128 0.0223948
193 167 64 128 0.0259641
194 167 64 128 0.024988
195 167 64 128 0.0129944
2 168 64 128 0.0106387
3 168 64 128 0.0177368
4 168 64 128 0.0245237
5 168 64 128 0.026061
6 168 64 128 0.0265182
7 168 64 128 0.0251815
8 168 64 128 0.0354146
9 168 64 128 0.0854174
10 168 64 128 0.158939
11 168 64 128 0.16349
12 168 64 128 0.103581
13 168 64 128 0.0455599
14 168 64 128 0.0214747
15 168 64 128 0.0115017
155 168 64 128 0.0621703
156 168 64 128 0.299798
157 168 64 128 0.68254
158 168 64 128 0.876769
159 168 64 128 0.788957
160 168 64 128 0.678702
161 168 64 128 0.356927
162 168 64 128 0.109282
163 168 64 128 0.0355644
164 168 64 128 0.0108168
191 168 64 128 0.0203228
192 168 64 128 0.0307805
193 168 64 128 0.0367288
194 168 64 128 0.0379674
195 168 64 128 0.021717
2 169 64 128 0.0103074
3 169 64 128 0.0169377
4 169 64 128 0.0236036
5 169 64 128 0.0254775
6 169 64 128 0.0250567
7 169 64 128 0.0234916
8 169 64 128 0.0335515
9 169 64 128 0.0837819
10 169 64 128 0.15868
11 169 64 128 0.163178
12 169 64 128 0.104225
13 169 64 128 0.0478105
14 169 64 128 0.0241029
15 169 64 128 0.0131169
155 169 64 128 0.0671198
156 169 64 128 0.303363
157 169 64 128 0.679403
158 169 64 128 0.875901
159 169 64 128 0.804019
160 169 64 128 0.70775
161 169 64 128 0.388773
162 169 64 128 0.12846
163 169 64 128 0.0412093
164 169 64 128 0.0131687
191 169 64 128 0.0236665
192 169 64 128 0.0361253
193 169 64 128 0.0446737
194 169 64 128 0.0496373
195 169 64 128 0.0320919
196 169 64 128 0.0102344
3 170 64 128 0.0159494
4 170 64 128 0.0224402
5 170 64 128 0.0245185
6 170 64 128 0.0231973
7 170 64 128 0.0214763
8 170 64 128 0.0311398
9 170 64 128 0.0821002
10 170 64 128 0.159385
11 170 64 128 0.161855
12 170 64 128 0.103702
13 170 64 128 0.0501659
14 170 64 128 0.0271919
15 170 64 128 0.0148593
39 170 64 128 0.0107123
155 170 64 128 0.0664942
156 170 64 128 0.288559
157 170 64 128 0.658665
158 170 64 128 0.863657
159 170 64 128 0.806482
160 170 64 128 0.728763
161 170 64 128 0.419403
162 170 64 128 0.14792
163 170 64 128 0.0462276
164 170 64 128 0.015838
191 170 64 128 0.0267272
192 170 64 128 0.0420235
193 170 64 128 0.0556786
194 170 64 128 0.0658772
195 170 64 128 0.046556
196 170 64 128 0.0158822
3 171 64 128 0.0157716
4 171 64 128 0.022056
5 171 64 128 0.0242164
6 171 64 128 0.0225696
7 171 64 128 0.0207934
8 171 64 128 0.0295189
9 171 64 128 0.0809618
10 171 64 128 0.160591
11 171 64 128 0.16003
12 171 64 128 0.104433
13 171 64 128 0.0539757
14 171 64 128 0.0298948
15 171 64 128 0.016705
39 171 64 128 0.0101077
155 171 64 128 0.0557147
156 171 64 128 0.230566
157 171 64 128 0.594341
158 171 64 128 0.818732
159 171 64 128 0.758996
160 171 64 128 0.686481
161 171 64 128 0.391159
162 171 64 128 0.135894
163 171 64 128 0.0441601
164 171 64 128 0.0155965
190 171 64 128 0.0124689
191 171 64 128 0.0318675
192 171 64 128 0.0523754
193 171 64 128 0.0755091
194 171 64 128 0.0925451
195 171 64 128 0.0673715
196 171 64 128 0.0243268
3 172 64 128 0.0159811
4 172 64 128 0.0221967
5 172 64 128 0.0239371
6 172 64 128 0.0224773
7 172 64 128 0.0207251
8 172 64 128 0.0289375
9 172 64 128 0.0806977
10 172 64 128 0.161142
11 172 64 128 0.158768
12 172 64 128 0.106046
13 172 64 128 0.0577743
14 172 64 128 0.0321314
15 172 64 128 0.0182625
39 172 64 128 0.0106601
40 172 64 128 0.0102023
44 172 64 128 0.0100681
45 172 64 128 0.0108534
46 172 64 128 0.0110101
47 172 64 128 0.0105403
155 172 64 128 0.0428926
156 172 64 128 0.167981
157 172 64 128 0.525908
158 172 64 128 0.768871
159 172 64 128 0.700082
160 172 64 128 0.626384
161 172 64 128 0.34776
162 172 64 128 0.118173
163 172 64 128 0.0426884
164 172 64 128 0.0157869
189 172 64 128 0.0109724
190 172 64 128 0.0170092
191 172 64 128 0.0399246
192 172 64 128 0.0659819
193 172 64 128 0.0998523
194 172 64 128 0.126132
195 172 64 128 0.0926427
196 172 64 128 0.034878
3 173 64 128 0.0157581
4 173 64 128 0.0222013
5 173 64 128 0.0226463
6 173 64 128 0.021591
7 173 64 128 0.0199163
8 173 64 128 0.0292062
9 173 64 128 0.081398
10 173 64 128 0.159798
11 173 64 128 0.158963
12 173 64 128 0.107206
13 173 64 128 0.0593721
14 173 64 128 0.0339946
15 173 64 128 0.0190665
38 173 64 128 0.0121513
39 173 64 128 0.0185313
40 173 64 128 0.0154032
41 173 64 128 0.0132817
42 173 64 128 0.0125237
43 173 64 128 0.0136746
44 173 64 128 0.0162913
45 173 64 128 0.0176905
46 173 64 128 0.0176884
47 173 64 128 0.016081
48 173 64 128 0.0133204
155 173 64 128 0.0388737
156 173 64 128 0.15274
157 173 64 128 0.506246
158 173 64 128 0.751977
159 173 64 128 0.685324
160 173 64 128 0.617559
161 173 64 128 0.356813
162 173 64 128 0.133931
163 173 64 128 0.0525613
164 173 64 128 0.0211115
189 173 64 128 0.0139714
190 173 64 128 0.021542
191 173 64 128 0.0509092
192 173 64 128 0.0800436
193 173 64 128 0.121627
194 173 64 128 0.160286
195 173 64 128 0.119511
196 173 64 128 0.0467074
3 174 64 128 0.0149977
4 174 64 128 0.0216028
5 174 64 128 0.0207027
6 174 64 128 0.0198723
7 174 64 128 0.0184167
8 174 64 128 0.0295042
9 174 64 128 0.0818023
10 174 64 128 0.156636
11 174 64 128 0.158329
12 174 64 128 0.106382
13 174 64 128 0.0585132
14 174 64 128 0.034843
15 174 64 128 0.0190894
38 174 64 128 0.0189181
39 174 64 128 0.0289331
40 174 64 128 0.0220759
41 174 64 128 0.0196069
42 174 64 128 0.0189681
43 174 64 128 0.0207776
44 174 64 128 0.0250589
45 174 64 128 0.0269613
46 174 64 128 0.0269675
47 174 64 128 0.0235391
48 174 64 128 0.0192588
49 174 64 128 0.0143356
155 174 64 128 0.0411337
156 174 64 128 0.167076
157 174 64 128 0.513118
158 174 64 128 0.7507
159 174 64 128 0.696674
160 174 64 128 0.639602
161 174 64 128 0.396994
162 174 64 128 0.170229
163 174 64 128 0.0698058
164 174 64 128 0.0288579
165 174 64 128 0.0120914
189 174 64 128 0.0165717
190 174 64 128 0.0254018
191 174 64 128 0.0620719
192 174 64 128 0.0927357
193 174 64 128 0.139139
194 174 64 128 0.191303
195 174 64 128 0.148907
196 174 64 128 0.0624422
197 174 64 128 0.0119541
3 175 64 128 0.013963
4 175 64 128 0.020078
5 175 64 128 0.0191195
6 175 64 128 0.0179309
7 175 64 128 0.0169616
8 175 64 128 0.0287553
9 175 64 128 0.0800566
10 175 64 128 0.152314
11 175 64 128 0.153221
12 175 64 128 0.102108
13 175 64 128 0.0559419
14 175 64 128 0.0337526
15 175 64 128 0.0185358
37 175 64 128 0.0108348
38 175 64 128 0.022264
39 175 64 128 0.0322045
40 175 64 128 0.0251166
41 175 64 128 0.0220909
42 175 64 128 0.021918
43 175 64 128 0.0248283
44 175 64 128 0.029891
45 175 64 128 0.032301
46 175 64 128 0.0328992
47 175 64 128 0.0296378
48 175 64 128 0.0237173
49 175 64 128 0.0168693
50 175 64 128 0.0104138
155 175 64 128 0.0407014
156 175 64 128 0.160092
157 175 64 128 0.488946
158 175 64 128 0.721847
159 175 64 128 0.681136
160 175 64 128 0.629609
161 175 64 128 0.404952
162 175 64 128 0.189488
163 175 64 128 0.0834975
164 175 64 128 0.0330315
165 175 64 128 0.0140519
189 175 64 128 0.0183577
190 175 64 128 0.0282262
191 175 64 128 0.0693822
192 175 64 128 0.10263
193 175 64 128 0.153174
194 175 64 128 0.216621
195 175 64 128 0.182917
196 175 64 128 0.0857946
197 175 64 128 0.020074
3 176 64 128 0.0128903
4 176 64 128 0.017963
5 176 64 128 0.0178836
6 176 64 128 0.0160608
7 176 64 128 0.0156459
8 176 64 128 0.0269778
9 176 64 128 0.0759159
10 176 64 128 0.145929
11 176 64 128 0.144376
12 176 64 128 0.0955586
13 176 64 128 0.052376
14 176 64 128 0.0312964
15 176 64 128 0.0176896
37 176 64 128 0.0129456
38 176 64 128 0.0235318
39 176 64 128 0.0308906
40 176 64 128 0.0255292
41 176 64 128 0.0217789
42 176 64 128 0.0217869
43 176 64 128 0.0257558
44 176 64 128 0.0312062
45 176 64 128 0.0341298
46 176 64 128 0.0357768
47 176 64 128 0.0342162
48 176 64 128 0.0273982
49 176 64 128 0.0185681
50 176 64 128 0.0131753
155 176 64 128 0.0359118
156 176 64 128 0.126232
157 176 64 128 0.430562
158 176 64 128 0.664631
159 176 64 128 0.634509
160 176 64 128 0.583565
161 176 64 128 0.378946
162 176 64 128 0.189966
163 176 64 128 0.0930038
164 176 64 128 0.0361714
165 176 64 128 0.0158399
189 176 64 128 0.018757
190 176 64 128 0.0292111
191 176 64 128 0.071071
192 176 64 128 0.106634
193 176 64 128 0.159777
194 176 64 128 0.230167
195 176 64 128 0.211254
196 176 64 128 0.109697
197 176 64 128 0.0295458
3 177 64 128 0.0119866
4 177 64 128 0.0160897
5 177 64 128 0.0162025
6 177 64 128 0.014306
7 177 64 128 0.0140751
8 177 64 128 0.025024
9 177 64 128 0.0703863
10 177 64 128 0.135456
11 177 64 128 0.135841
12 177 64 128 0.0898694
13 177 64 128 0.0484978
14 177 64 128 0.0291745
15 177 64 128 0.0168842
35 177 64 128 0.0112039
36 177 64 128 0.0123853
37 177 64 128 0.0170395
38 177 64 128 0.0290915
39 177 64 128 0.0367135
40 177 64 128 0.0289338
41 177 64 128 0.0244937
42 177 64 128 0.0232267
43 177 64 128 0.0273637
44 177 64 128 0.0346421
45 177 64 128 0.0380037
46 177 64 128 0.0406076
47 177 64 128 0.0394649
48 177 64 128 0.0334321
49 177 64 128 0.024882
50 177 64 128 0.0177851
51 177 64 128 0.0145903
155 177 64 128 0.0307619
156 177 64 128 0.0949596
157 177 64 128 0.37655
158 177 64 128 0.610524
159 177 64 128 0.589837
160 177 64 128 0.54248
161 177 64 128 0.364217
162 177 64 128 0.197203
163 177 64 128 0.105444
164 177 64 128 0.0471334
165 177 64 128 0.0218556
189 177 64 128 0.0171172
190 177 64 128 0.0272745
191 177 64 128 0.0672268
192 177 64 128 0.100606
193 177 64 128 0.151654
194 177 64 128 0.223585
195 177 64 128 0.214776
196 177 64 128 0.119251
197 177 64 128 0.03532
3 178 64 128 0.0112872
4 178 64 128 0.0147207
5 178 64 128 0.0140809
6 178 64 128 0.0127439
7 178 64 128 0.0123103
8 178 64 128 0.0230716
9 178 64 128 0.0641955
10 178 64 128 0.122001
11 178 64 128 0.12808
12 178 64 128 0.0852252
13 178 64 128 0.04472
14 178 64 128 0.027762
15 178 64 128 0.0161028
33 178 64 128 0.0118095
34 178 64 128 0.01374
35 178 64 128 0.0155555
36 178 64 128 0.0183676
37 178 64 128 0.0228449
38 178 64 128 0.0387204
39 178 64 128 0.0495866
40 178 64 128 0.0357365
41 178 64 128 0.0305709
42 178 64 128 0.0270346
43 178 64 128 0.0302751
44 178 64 128 0.0400322
45 178 64 128 0.0438389
46 178 64 128 0.0468947
47 178 64 128 0.0447076
48 178 64 128 0.0407928
49 178 64 128 0.0345158
50 178 64 128 0.0235009
51 178 64 128 0.0205807
52 178 64 128 0.0135526
155 178 64 128 0.0266661
156 178 64 128 0.0772862
157 178 64 128 0.336127
158 178 64 128 0.559795
159 178 64 128 0.546981
160 178 64 128 0.509805
161 178 64 128 0.363262
162 178 64 128 0.210189
163 178 64 128 0.117843
164 178 64 128 0.063487
165 178 64 128 0.0311605
166 178 64 128 0.0128
189 178 64 128 0.0141068
190 178 64 128 0.0234689
191 178 64 128 0.060533
192 178 64 128 0.0881462
193 178 64 128 0.133234
194 178 64 128 0.202966
195 178 64 128 0.199386
196 178 64 128 0.117702
197 178 64 128 0.0386358
3 179 64 128 0.0106294
4 179 64 128 0.0134429
5 179 64 128 0.0124695
6 179 64 128 0.0114975
7 179 64 128 0.0109544
8 179 64 128 0.0204953
9 179 64 128 0.0577143
10 179 64 128 0.110333
11 179 64 128 0.117317
12 179 64 128 0.0783436
13 179 64 128 0.0411442
14 179 64 128 0.0258661
15 179 64 128 0.0149237
31 179 64 128 0.0103087
32 179 64 128 0.0125461
33 179 64 128 0.0151749
34 179 64 128 0.0174363
35 179 64 128 0.0193291
36 179 64 128 0.0221321
37 179 64 128 0.0273244
38 179 64 128 0.0444172
39 179 64 128 0.0554852
40 179 64 128 0.040163
41 179 64 128 0.0338469
42 179 64 128 0.0294088
43 179 64 128 0.0313106
44 179 64 128 0.0403448
45 179 64 128 0.0448779
46 179 64 128 0.0476408
47 179 64 128 0.04589
48 179 64 128 0.0435834
49 179 64 128 0.0382715
50 179 64 128 0.026696
51 179 64 128 0.0237342
52 179 64 128 0.0161897
155 179 64 128 0.0218698
156 179 64 128 0.0617109
157 179 64 128 0.28321
158 179 64 128 0.475717
159 179 64 128 0.466385
160 179 64 128 0.444209
161 179 64 128 0.327727
162 179 64 128 0.196427
163 179 64 128 0.115356
164 179 64 128 0.0695789
165 179 64 128 0.0365588
166 179 64 128 0.0154945
189 179 64 128 0.0119217
190 179 64 128 0.0213142
191 179 64 128 0.0565919
192 179 64 128 0.081801
193 179 64 128 0.122563
194 179 64 128 0.19113
195 179 64 128 0.200157
196 179 64 128 0.129473
197 179 64 128 0.0480698
4 180 64 128 0.0120911
5 180 64 128 0.0117514
6 180 64 128 0.0106299
7 180 64 128 0.0102463
8 180 64 128 0.017467
9 180 64 128 0.0518976
10 180 64 128 0.103122
11 180 64 128 0.103578
12 180 64 128 0.0688753
13 180 64 128 0.0379853
14 180 64 128 0.02323
15 180 64 128 0.0133739
31 180 64 128 0.0106925
32 180 64 128 0.0142894
33 180 64 128 0.017742
34 180 64 128 0.0195608
35 180 64 128 0.021838
36 180 64 128 0.0223464
37 180 64 128 0.0294702
38 180 64 128 0.0433338
39 180 64 128 0.0495588
40 180 64 128 0.0396939
41 180 64 128 0.0318289
42 180 64 128 0.0285975
43 180 64 128 0.0293419
44 180 64 128 0.0338311
45 180 64 128 0.0392718
46 180 64 128 0.0410677
47 180 64 128 0.042054
48 180 64 128 0.0400737
49 180 64 128 0.033357
50 180 64 128 0.026282
51 180 64 128 0.0229426
52 180 64 128 0.0165811
53 180 64 128 0.0102054
155 180 64 128 0.0159472
156 180 64 128 0.0427462
157 180 64 128 0.210605
158 180 64 128 0.353063
159 180 64 128 0.342967
160 180 64 128 0.337864
161 180 64 128 0.245651
162 180 64 128 0.148225
163 180 64 128 0.0948507
164 180 64 128 0.060514
165 180 64 128 0.035634
166 180 64 128 0.0164448
189 180 64 128 0.0114496
190 180 64 128 0.021911
191 180 64 128 0.0568883
192 180 64 128 0.0849486
193 180 64 128 0.125308
194 180 64 128 0.195925
195 180 64 128 0.227376
196 180 64 128 0.160946
197 180 64 128 0.0653924
198 180 64 128 0.012008
4 181 64 128 0.0110006
5 181 64 128 0.0112232
6 181 64 128 0.0100953
8 181 64 128 0.0156321
9 181 64 128 0.0487552
10 181 64 128 0.0989998
11 181 64 128 0.0939552
12 181 64 128 0.0619439
13 181 64 128 0.0356876
14 181 64 128 0.0213891
15 181 64 128 0.0123049
30 181 64 128 0.0118451
31 181 64 128 0.0121423
32 181 64 128 0.0167157
33 181 64 128 0.020983
34 181 64 128 0.0225732
35 181 64 128 0.0248958
36 181 64 128 0.024193
37 181 64 128 0.032099
38 181 64 128 0.0424066
39 181 64 128 0.0443849
40 181 64 128 0.0381164
41 181 64 128 0.0290896
42 181 64 128 0.0268904
43 181 64 128 0.0272041
44 181 64 128 0.0286614
45 181 64 128 0.0344187
46 181 64 128 0.0351697
47 181 64 128 0.0379916
48 181 64 128 0.0363046
49 181 64 128 0.0289678
50 181 64 128 0.0258962
51 181 64 128 0.0228385
52 181 64 128 0.0175922
53 181 64 128 0.0123262
155 181 64 128 0.0111093
156 181 64 128 0.0276508
157 181 64 128 0.147649
158 181 64 128 0.245368
159 181 64 128 0.235847
160 181 64 128 0.245975
161 181 64 128 0.173763
162 181 64 128 0.104408
163 181 64 128 0.0748524
164 181 64 128 0.0515262
165 181 64 128 0.0349494
166 181 64 128 0.0178384
167 181 64 128 0.0100716
189 181 64 128 0.0111393
190 181 64 128 0.021883
191 181 64 128 0.0554155
192 181 64 128 0.0840442
193 181 64 128 0.124128
194 181 64 128 0.197344
195 181 64 128 0.245088
196 181 64 128 0.184843
197 181 64 128 0.0797447
198 181 64 128 0.0153687
4 182 64 128 0.0103391
5 182 64 128 0.0103491
8 182 64 128 0.0157565
9 182 64 128 0.0487886
10 182 64 128 0.0960471
11 182 64 128 0.0922042
12 182 64 128 0.0604074
13 182 64 128 0.0343545
14 182 64 128 0.0212281
15 182 64 128 0.0121472
29 182 64 128 0.0105839
30 182 64 128 0.0147742
31 182 64 128 0.0159032
32 182 64 128 0.0204995
33 182 64 128 0.0255365
34 182 64 128 0.0276959
35 182 64 128 0.0292587
36 182 64 128 0.0302857
37 182 64 128 0.0365659
38 182 64 128 0.0459643
39 182 64 128 0.0479069
40 182 64 128 0.0378246
41 182 64 128 0.0286234
42 182 64 128 0.0257848
43 182 64 128 0.0265394
44 182 64 128 0.0297122
45 182 64 128 0.0347384
46 182 64 128 0.034872
47 182 64 128 0.0366618
48 182 64 128 0.0360395
49 182 64 128 0.0308127
50 182 64 128 0.0275673
51 182 64 128 0.0260153
52 182 64 128 0.0207283
53 182 64 128 0.0148053
54 182 64 128 0.010685
156 182 64 128 0.0212447
157 182 64 128 0.113767
158 182 64 128 0.187996
159 182 64 128 0.183559
160 182 64 128 0.2035
161 182 64 128 0.148815
162 182 64 128 0.0908121
163 182 64 128 0.0678002
164 182 64 128 0.0525383
165 182 64 128 0.0384385
166 182 64 128 0.0208025
167 182 64 128 0.0130525
190 182 64 128 0.0191254
191 182 64 128 0.0486097
192 182 64 128 0.0712118
193 182 64 128 0.108867
194 182 64 128 0.183436
195 182 64 128 0.232004
196 182 64 128 0.185243
197 182 64 128 0.0856897
198 182 64 128 0.0169018
8 183 64 128 0.0158485
9 183 64 128 0.0481662
10 183 64 128 0.091963
11 183 64 128 0.0912042
12 183 64 128 0.0595613
13 183 64 128 0.0331141
14 183 64 128 0.0213994
15 183 64 128 0.0119786
29 183 64 128 0.0121072
30 183 64 128 0.0169556
31 183 64 128 0.0189922
32 183 64 128 0.0234995
33 183 64 128 0.0292651
34 183 64 128 0.0319499
35 183 64 128 0.0321681
36 183 64 128 0.0345805
37 183 64 128 0.0392696
38 183 64 128 0.04869
39 183 64 128 0.0509151
40 183 64 128 0.0357676
41 183 64 128 0.0272763
42 183 64 128 0.0235567
43 183 64 128 0.0247164
44 183 64 128 0.0303342
45 183 64 128 0.0341571
46 183 64 128 0.0342192
47 183 64 128 0.0345488
48 183 64 128 0.0348265
49 183 64 128 0.0319978
50 183 64 128 0.0277276
51 183 64 128 0.0280425
52 183 64 128 0.0228829
53 183 64 128 0.0163654
54 183 64 128 0.0125068
156 183 64 128 0.0183529
157 183 64 128 0.0918868
158 183 64 128 0.151637
159 183 64 128 0.152015
160 183 64 128 0.174007
161 183 64 128 0.135358
162 183 64 128 0.0858247
163 183 64 128 0.0639347
164 183 64 128 0.0537714
165 183 64 128 0.0405473
166 183 64 128 0.0228521
167 183 64 128 0.0159039
168 183 64 128 0.0124129
190 183 64 128 0.0161567
191 183 64 128 0.0414895
192 183 64 128 0.0583682
193 183 64 128 0.0948759
194 183 64 128 0.171397
195 183 64 128 0.218715
196 183 64 128 0.185806
197 183 64 128 0.0957588
198 183 64 128 0.0234289
8 184 64 128 0.0141873
9 184 64 128 0.0437498
10 184 64 128 0.0851373
11 184 64 128 0.0843406
12 184 64 128 0.0549593
13 184 64 128 0.0311849
14 184 64 128 0.0206318
15 184 64 128 0.0110003
29 184 64 128 0.0122019
30 184 64 128 0.0169174
31 184 64 128 0.0188612
32 184 64 128 0.0238943
33 184 64 128 0.0302872
34 184 64 128 0.0327058
35 184 64 128 0.0313694
36 184 64 128 0.0319312
37 184 64 128 0.0371764
38 184 64 128 0.0456461
39 184 64 128 0.0448802
40 184 64 128 0.0294515
41 184 64 128 0.0222501
42 184 64 128 0.0188519
43 184 64 128 0.0196037
44 184 64 128 0.0244964
45 184 64 128 0.0272675
46 184 64 128 0.0277326
47 184 64 128 0.0284611
48 184 64 128 0.0286025
49 184 64 128 0.0261557
50 184 64 128 0.0233367
51 184 64 128 0.0249569
52 184 64 128 0.0213113
53 184 64 128 0.0159885
54 184 64 128 0.0124247
156 184 64 128 0.013668
157 184 64 128 0.0644399
158 184 64 128 0.105822
159 184 64 128 0.106312
160 184 64 128 0.122088
161 184 64 128 0.0983296
162 184 64 128 0.0672586
163 184 64 128 0.0532346
164 184 64 128 0.0458812
165 184 64 128 0.036363
166 184 64 128 0.0218773
167 184 64 128 0.0174716
168 184 64 128 0.0144097
190 184 64 128 0.0152695
191 184 64 128 0.0384917
192 184 64 128 0.0560788
193 184 64 128 0.0951556
194 184 64 128 0.174943
195 184 64 128 0.231076
196 184 64 128 0.205842
197 184 64 128 0.1187
198 184 64 128 0.03919
8 185 64 128 0.0121296
9 185 64 128 0.0383651
10 185 64 128 0.0771482
11 185 64 128 0.0747524
12 185 64 128 0.0485421
13 185 64 128 0.0288508
14 185 64 128 0.0195394
29 185 64 128 0.0120879
30 185 64 128 0.0161214
31 185 64 128 0.0177604
32 185 64 128 0.0231856
33 185 64 128 0.0297481
34 185 64 128 0.0317538
35 185 64 128 0.029201
36 185 64 128 0.0270475
37 185 64 128 0.0331211
38 185 64 128 0.040255
39 185 64 128 0.0361658
40 185 64 128 0.0225484
41 185 64 128 0.0165557
42 185 64 128 0.0141355
43 185 64 128 0.014176
44 185 64 128 0.0168531
45 185 64 128 0.0188309
46 185 64 128 0.0195737
47 185 64 128 0.0211152
48 185 64 128 0.0207038
49 185 64 128 0.0179745
50 185 64 128 0.0175
51 185 64 128 0.019692
52 185 64 128 0.0180263
53 185 64 128 0.0146694
54 185 64 128 0.0113964
157 185 64 128 0.0373227
158 185 64 128 0.0605036
159 185 64 128 0.0589807
160 185 64 128 0.0666816
161 185 64 128 0.0548904
162 185 64 128 0.0437424
163 185 64 128 0.040128
164 185 64 128 0.0351643
165 185 64 128 0.0303291
166 185 64 128 0.0198825
167 185 64 128 0.0181557
168 185 64 128 0.0158966
190 185 64 128 0.0145606
191 185 64 128 0.0355811
192 185 64 128 0.0553319
193 185 64 128 0.0948987
194 185 64 128 0.172661
195 185 64 128 0.238588
196 185 64 128 0.218557
197 185 64 128 0.1347
198 185 64 128 0.052187
199 185 64 128 0.0107988
8 186 64 128 0.011508
9 186 64 128 0.0357698
10 186 64 128 0.0702351
11 186 64 128 0.067436
12 186 64 128 0.0434788
13 186 64 128 0.0266137
14 186 64 128 0.019016
28 186 64 128 0.0100256
29 186 64 128 0.0131801
30 186 64 128 0.0163706
31 186 64 128 0.0185335
32 186 64 128 0.0232917
33 186 64 128 0.0292277
34 186 64 128 0.0314996
35 186 64 128 0.0285761
36 186 64 128 0.0260124
37 186 64 128 0.0308001
38 186 64 128 0.0372444
39 186 64 128 0.0333447
40 186 64 128 0.0194898
41 186 64 128 0.0140101
42 186 64 128 0.0122778
43 186 64 128 0.0120324
44 186 64 128 0.0137172
45 186 64 128 0.0151309
46 186 64 128 0.0154245
47 186 64 128 0.0161803
48 186 64 128 0.0156683
49 186 64 128 0.013924
50 186 64 128 0.0142403
51 186 64 128 0.0163308
52 186 64 128 0.0158239
53 186 64 128 0.0136918
54 186 64 128 0.0107436
157 186 64 128 0.0208257
158 186 64 128 0.0332344
159 186 64 128 0.0314015
160 186 64 128 0.0361248
161 186 64 128 0.0314505
162 186 64 128 0.0296278
163 186 64 128 0.0315867
164 186 64 128 0.0303254
165 186 64 128 0.0281615
166 186 64 128 0.0193745
167 186 64 128 0.0186001
168 186 64 128 0.0169591
190 186 64 128 0.0115811
191 186 64 128 0.0277239
192 186 64 128 0.0444929
193 186 64 128 0.0762338
194 186 64 128 0.140377
195 186 64 128 0.204945
196 186 64 128 0.193226
197 186 64 128 0.122378
198 186 64 128 0.0494871
199 186 64 128 0.0104062
8 187 64 128 0.0118878
9 187 64 128 0.0353938
10 187 64 128 0.0654254
11 187 64 128 0.0625538
12 187 64 128 0.0398558
13 187 64 128 0.0245499
14 187 64 128 0.018486
28 187 64 128 0.0106212
29 187 64 128 0.0141036
30 187 64 128 0.0165503
31 187 64 128 0.0194885
32 187 64 128 0.0230237
33 187 64 128 0.0278519
34 187 64 128 0.0306336
35 187 64 128 0.0281129
36 187 64 128 0.0266297
37 187 64 128 0.0292784
38 187 64 128 0.0352647
39 187 64 128 0.033383
40 187 64 128 0.0188547
41 187 64 128 0.0135295
42 187 64 128 0.0120862
43 187 64 128 0.0118982
44 187 64 128 0.0135736
45 187 64 128 0.0146227
46 187 64 128 0.0140669
47 187 64 128 0.0132367
48 187 64 128 0.0129695
49 187 64 128 0.0128182
50 187 64 128 0.0128297
51 187 64 128 0.0144329
52 187 64 128 0.0143145
53 187 64 128 0.0127086
54 187 64 128 0.0101342
157 187 64 128 0.0131122
158 187 64 128 0.0208619
159 187 64 128 0.0201963
160 187 64 128 0.0254345
161 187 64 128 0.0238813
162 187 64 128 0.0230247
163 187 64 128 0.0260255
164 187 64 128 0.0284753
165 187 64 128 0.0275101
166 187 64 128 0.0189286
167 187 64 128 0.0183242
168 187 64 128 0.0174284
191 187 64 128 0.0182221
192 187 64 128 0.0290753
193 187 64 128 0.0501045
194 187 64 128 0.0978077
195 187 64 128 0.154915
196 187 64 128 0.154657
197 187 64 128 0.100622
198 187 64 128 0.0407464
8 188 64 128 0.0120074
9 188 64 128 0.0350582
10 188 64 128 0.0631418
11 188 64 128 0.0584496
12 188 64 128 0.0366279
13 188 64 128 0.0226088
14 188 64 128 0.0169213
29 188 64 128 0.0126087
30 188 64 128 0.0145982
31 188 64 128 0.0174372
32 188 64 128 0.0202083
33 188 64 128 0.0239969
34 188 64 128 0.0266566
35 188 64 128 0.0249962
36 188 64 128 0.023817
37 188 64 128 0.0259784
38 188 64 128 0.0308274
39 188 64 128 0.0291649
40 188 64 128 0.0170946
41 188 64 128 0.0122397
42 188 64 128 0.0109166
43 188 64 128 0.010742
44 188 64 128 0.0120459
45 188 64 128 0.0128889
46 188 64 128 0.0117471
47 188 64 128 0.0103314
48 188 64 128 0.010182
49 188 64 128 0.0106456
50 188 64 128 0.010781
51 188 64 128 0.0118782
52 188 64 128 0.0119463
53 188 64 128 0.0108042
158 188 64 128 0.0124095
159 188 64 128 0.0126103
160 188 64 128 0.0171023
161 188 64 128 0.0166117
162 188 64 128 0.0159901
163 188 64 128 0.0187923
164 188 64 128 0.0226333
165 188 64 128 0.0232119
166 188 64 128 0.0158079
167 188 64 128 0.0164914
168 188 64 128 0.017044
191 188 64 128 0.0132216
192 188 64 128 0.0206228
193 188 64 128 0.0373529
194 188 64 128 0.0792592
195 188 64 128 0.133767
196 188 64 128 0.14573
197 188 64 128 0.101257
198 188 64 128 0.0430534
199 188 64 128 0.0125696
8 189 64 128 0.0118395
9 189 64 128 0.0345979
10 189 64 128 0.0626395
11 189 64 128 0.0554711
12 189 64 128 0.0343435
13 189 64 128 0.0212919
14 189 64 128 0.0150275
30 189 64 128 0.0113484
31 189 64 128 0.0134423
32 189 64 128 0.016035
33 189 64 128 0.0190089
34 189 64 128 0.0209515
35 189 64 128 0.0202379
36 189 64 128 0.0184942
37 189 64 128 0.0213704
38 189 64 128 0.0246213
39 189 64 128 0.0215902
40 189 64 128 0.013926
163 189 64 128 0.0105054
164 189 64 128 0.0136656
165 189 64 128 0.0159452
166 189 64 128 0.010789
167 189 64 128 0.0134828
168 189 64 128 0.0156907
191 189 64 128 0.0121189
192 189 64 128 0.0188262
193 189 64 128 0.0362651
194 189 64 128 0.0791727
195 189 64 128 0.133485
196 189 64 128 0.154555
197 189 64 128 0.114532
198 189 64 128 0.0521332
199 189 64 128 0.0170188
8 190 64 128 0.0121074
9 190 64 128 0.0350676
10 190 64 128 0.0624886
11 190 64 128 0.0551337
12 190 64 128 0.0344595
13 190 64 128 0.0213904
14 190 64 128 0.0145165
31 190 64 128 0.0110903
32 190 64 128 0.0136637
33 190 64 128 0.015961
34 190 64 128 0.0171853
35 190 64 128 0.017111
36 190 64 128 0.0151728
37 190 64 128 0.0177526
38 190 64 128 0.019843
39 190 64 128 0.0163883
40 190 64 128 0.011066
167 190 64 128 0.0104244
168 190 64 128 0.0133725
191 190 64 128 0.0102336
192 190 64 128 0.0161775
193 190 64 128 0.0315086
194 190 64 128 0.068115
195 190 64 128 0.11428
196 190 64 128 0.13685
197 190 64 128 0.106161
198 190 64 128 0.0510806
199 190 64 128 0.0171417
8 191 64 128 0.0129568
9 191 64 128 0.0364683
10 191 64 128 0.0622679
11 191 64 128 0.05694
12 191 64 128 0.0364129
13 191 64 128 0.0224786
14 191 64 128 0.0153141
31 191 64 128 0.0107437
32 191 64 128 0.0131803
33 191 64 128 0.0149277
34 191 64 128 0.0156712
35 191 64 128 0.0157545
36 191 64 128 0.0143604
37 191 64 128 0.015488
38 191 64 128 0.0170845
39 191 64 128 0.0146262
168 191 64 128 0.0106603
192 191 64 128 0.0108766
193 191 64 128 0.0201941
194 191 64 128 0.0425345
195 191 64 128 0.0739362
196 191 64 128 0.0924119
197 191 64 128 0.0764366
198 191 64 128 0.0402609
199 191 64 128 0.0139445
8 192 64 128 0.0139827
9 192 64 128 0.0378069
10 192 64 128 0.0625126
11 192 64 128 0.0585091
12 192 64 128 0.0377583
13 192 64 128 0.0230062
14 192 64 128 0.0156751
32 192 64 128 0.0117864
33 192 64 128 0.0131718
34 192 64 128 0.013568
35 192 64 128 0.0133636
36 192 64 128 0.0127839
37 192 64 128 0.0131082
38 192 64 128 0.014469
39 192 64 128 0.0129451
193 192 64 128 0.0112527
194 192 64 128 0.0233579
195 192 64 128 0.0456567
196 192 64 128 0.0624678
197 192 64 128 0.0581107
198 192 64 128 0.0362278
199 192 64 128 0.0147988
8 193 64 128 0.0150345
9 193 64 128 0.0388953
10 193 64 128 0.0635135
11 193 64 128 0.0589174
12 193 64 128 0.0376855
13 193 64 128 0.02265
14 193 64 128 0.0151695
37 193 64 128 0.0101374
38 193 64 128 0.0112458
194 193 64 128 0.018564
195 193 64 128 0.040619
196 193 64 128 0.0599482
197 193 64 128 0.060392
198 193 64 128 0.0423126
199 193 64 128 0.0205027
8 194 64 128 0.0163491
9 194 64 128 0.040731
10 194 64 128 0.0651644
11 194 64 128 0.0593946
12 194 64 128 0.0377864
13 194 64 128 0.0228718
14 194 64 128 0.0153067
194 194 64 128 0.016567
195 194 64 128 0.0370714
196 194 64 128 0.0557099
197 194 64 128 0.0576025
198 194 64 128 0.0423754
199 194 64 128 0.0222691
8 195 64 128 0.0179106
9 195 64 128 0.0436001
10 195 64 128 0.0671552
11 195 64 128 0.0604202
12 195 64 128 0.0386803
13 195 64 128 0.0241275
14 195 64 128 0.0166092
195 195 64 128 0.0221982
196 195 64 128 0.0335877
197 195 64 128 0.0363755
198 195 64 128 0.0286816
199 195 64 128 0.0160554
8 196 64 128 0.019101
9 196 64 128 0.0460819
10 196 64 128 0.068806
11 196 64 128 0.0605291
12 196 64 128 0.0385257
13 196 64 128 0.0244401
14 196 64 128 0.0171827
196 196 64 128 0.0118547
197 196 64 128 0.0152055
198 196 64 128 0.0145519
8 197 64 128 0.0196527
9 197 64 128 0.047525
10 197 64 128 0.0704142
11 197 64 128 0.0592476
12 197 64 128 0.0363657
13 197 64 128 0.0226862
14 197 64 128 0.015845
198 197 64 128 0.0109268
8 198 64 128 0.0207145
9 198 64 128 0.050554
10 198 64 128 0.0756722
11 198 64 128 0.060215
12 198 64 128 0.0352208
13 198 64 128 0.0216046
14 198 64 128 0.0148011
197 198 64 128 0.0111872
198 198 64 128 0.0119042
8 199 64 128 0.023433
9 199 64 128 0.0576364
10 199 64 128 0.0874939
11 199 64 128 0.0667077
12 199 64 128 0.0379664
13 199 64 128 0.0238036
14 199 64 128 0.0162602
7 200 64 128 0.0112789
8 200 64 128 0.0274052
9 200 64 128 0.0668599
10 200 64 128 0.101021
11 200 64 128 0.0756333
12 200 64 128 0.0424001
13 200 64 128 0.0270138
14 200 64 128 0.018776
6 201 64 128 0.0100658
7 201 64 128 0.0127463
8 201 64 128 0.031719
9 201 64 128 0.0751423
10 201 64 128 0.10977
11 201 64 128 0.0822878
12 201 64 128 0.0450426
13 201 64 128 0.0278709
14 201 64 128 0.0200217
6 202 64 128 0.0110319
7 202 64 128 0.0138843
8 202 64 128 0.0354443
9 202 64 128 0.0816285
10 202 64 128 0.115032
11 202 64 128 0.0859728
12 202 64 128 0.0456736
13 202 64 128 0.0272591
14 202 64 128 0.0203449
6 203 64 128 0.0114161
7 203 64 128 0.0148499
8 203 64 128 0.0377163
9 203 64 128 0.0865651
10 203 64 128 0.121616
11 203 64 128 0.0879519
12 203 64 128 0.045641
13 203 64 128 0.0279723
14 203 64 128 0.0213063
15 203 64 128 0.0107929
4 204 64 128 0.0100501
6 204 64 128 0.0115057
7 204 64 128 0.0156855
8 204 64 128 0.0387685
9 204 64 128 0.089843
10 204 64 128 0.128226
11 204 64 128 0.088582
12 204 64 128 0.0451254
13 204 64 128 0.0293114
14 204 64 128 0.0224265
15 204 64 128 0.0120158
4 205 64 128 0.0106009
6 205 64 128 0.0120825
7 205 64 128 0.0163466
8 205 64 128 0.0396511
9 205 64 128 0.0911117
10 205 64 128 0.129096
11 205 64 128 0.0875506
12 205 64 128 0.0434476
13 205 64 128 0.0280203
14 205 64 128 0.0217392
15 205 64 128 0.0121428
3 206 64 128 0.0106329
4 206 64 128 0.0116333
5 206 64 128 0.010658
6 206 64 128 0.0132058
7 206 64 128 0.0168327
8 206 64 128 0.040819
9 206 64 128 0.0910902
10 206 64 128 0.12444
11 206 64 128 0.085526
12 206 64 128 0.0410786
13 206 64 128 0.0242778
14 206 64 128 0.0194829
15 206 64 128 0.0111795
3 207 64 128 0.0114561
4 207 64 128 0.012707
5 207 64 128 0.0115539
6 207 64 128 0.0141031
7 207 64 128 0.0171962
8 207 64 128 0.0420262
9 207 64 128 0.0917006
10 207 64 128 0.12134
11 207 64 128 0.0842885
12 207 64 128 0.0398054
13 207 64 128 0.0222124
14 207 64 128 0.0184261
15 207 64 128 0.0108282
1 208 64 128 0.0102986
2 208 64 128 0.0102377
3 208 64 128 0.0120915
4 208 64 128 0.0135953
5 208 64 128 0.0122152
6 208 64 128 0.0144504
7 208 64 128 0.0174879
8 208 64 128 0.0430519
9 208 64 128 0.0932334
10 208 64 128 0.121836
11 208 64 128 0.0837392
12 208 64 128 0.0399491
13 208 64 128 0.0233318
14 208 64 128 0.0194988
15 208 64 128 0.0116808
0 209 64 128 0.011056
1 209 64 128 0.0114106
2 209 64 128 0.0111171
3 209 64 128 0.0129131
4 209 64 128 0.0144942
5 209 64 128 0.0127903
6 209 64 128 0.0147667
7 209 64 128 0.0177511
8 209 64 128 0.0437838
9 209 64 128 0.0930836
10 209 64 128 0.118719
11 209 64 128 0.0804698
12 209 64 128 0.0392061
13 209 64 128 0.0243021
14 209 64 128 0.0202587
15 209 64 128 0.012276
16 209 64 128 0.0106076
17 209 64 128 0.010534
0 210 64 128 0.0128415
1 210 64 128 0.0129318
2 210 64 128 0.0123614
3 210 64 128 0.0141322
4 210 64 128 0.0155474
5 210 64 128 0.0134304
6 210 64 128 0.0154613
7 210 64 128 0.0181459
8 210 64 128 0.0446035
9 210 64 128 0.0903915
10 210 64 128 0.108146
11 210 64 128 0.0728546
12 210 64 128 0.0361892
13 210 64 128 0.0228794
14 210 64 128 0.019198
15 210 64 128 0.0117632
16 210 64 128 0.0108262
17 210 64 128 0.0107622
0 211 64 128 0.0144813
1 211 64 128 0.0143599
2 211 64 128 0.0136249
3 211 64 128 0.0154151
4 211 64 128 0.0166551
5 211 64 128 0.0141934
6 211 64 128 0.016442
7 211 64 128 0.019139
8 211 64 128 0.0471552
9 211 64 128 0.0896023
10 211 64 128 0.0974469
11 211 64 128 0.0647755
12 211 64 128 0.032578
13 211 64 128 0.0209078
14 211 64 128 0.0181164
15 211 64 128 0.0114131
16 211 64 128 0.0109328
17 211 64 128 0.0111825
0 212 64 128 0.0152352
1 212 64 128 0.0152632
2 212 64 128 0.0145787
3 212 64 128 0.016432
4 212 64 128 0.0177005
5 212 64 128 0.0150754
6 212 64 128 0.0175004
7 212 64 128 0.0209139
8 212 64 128 0.0521553
9 212 64 128 0.0937764
10 212 64 128 0.09305
11 212 64 128 0.0595934
12 212 64 128 0.02992
13 212 64 128 0.0201656
14 212 64 128 0.0185432
15 212 64 128 0.0122797
16 212 64 128 0.0116435
17 212 64 128 0.0126665
18 212 64 128 0.0113646
0 213 64 128 0.0157086
1 213 64 128 0.0159826
2 213 64 128 0.0153164
3 213 64 128 0.0172286
4 213 64 128 0.0186595
5 213 64 128 0.0158804
6 213 64 128 0.0182824
7 213 64 128 0.0222849
8 213 64 128 0.055668
9 213 64 128 0.0967663
10 213 64 128 0.0902704
11 213 64 128 0.0548743
12 213 64 128 0.0271867
13 213 64 128 0.0194505
14 213 64 128 0.0187034
15 213 64 128 0.013121
16 213 64 128 0.0121258
17 213 64 128 0.0139116
18 213 64 128 0.0130281
0 214 64 128 0.0167381
1 214 64 128 0.0169956
2 214 64 128 0.0160243
3 214 64 128 0.0179409
4 214 64 128 0.0195438
5 214 64 128 0.016417
6 214 64 128 0.0185187
7 214 64 128 0.0220934
8 214 64 128 0.0536677
9 214 64 128 0.0917271
10 214 64 128 0.0828805
11 214 64 128 0.0474887
12 214 64 128 0.0230682
13 214 64 128 0.0171774
14 214 64 128 0.0165027
15 214 64 128 0.0124514
16 214 64 128 0.0114205
17 214 64 128 0.0134257
18 214 64 128 0.0130109
0 215 64 128 0.0184094
1 215 64 128 0.018374
2 215 64 128 0.0167857
3 215 64 128 0.0186673
4 215 64 128 0.020444
5 215 64 128 0.0168487
6 215 64 128 0.0187377
7 215 64 128 0.0216635
8 215 64 128 0.0493742
9 215 64 128 0.0827471
10 215 64 128 0.0732474
11 215 64 128 0.039501
12 215 64 128 0.0187471
13 215 64 128 0.0142708
14 215 64 128 0.0133187
15 215 64 128 0.0110567
16 215 64 128 0.0103443
17 215 64 128 0.0121316
18 215 64 128 0.0120771
0 216 64 128 0.0204966
1 216 64 128 0.0200176
2 216 64 128 0.0176489
3 216 64 128 0.0194845
4 216 64 128 0.0214532
5 216 64 128 0.0174493
6 216 64 128 0.0196775
7 216 64 128 0.0230525
8 216 64 128 0.048354
9 216 64 128 0.0775639
10 216 64 128 0.0666428
11 216 64 128 0.0346581
12 216 64 128 0.0162045
13 216 64 128 0.0124965
14 216 64 128 0.0116802
15 216 64 128 0.0104792
16 216 64 128 0.0102675
17 216 64 128 0.0117522
18 216 64 128 0.0118218
0 217 64 128 0.0226653
1 217 64 128 0.0217319
2 217 64 128 0.0187352
3 217 64 128 0.0204036
4 217 64 128 0.0223486
5 217 64 128 0.0181413
6 217 64 128 0.0208567
7 217 64 128 0.0254207
8 217 64 128 0.0499582
9 217 64 128 0.0757115
10 217 64 128 0.0622759
11 217 64 128 0.0322512
12 217 64 128 0.0151816
13 217 64 128 0.0117824
14 217 64 128 0.0114247
15 217 64 128 0.0105376
16 217 64 128 0.010802
17 217 64 128 0.0121249
18 217 64 128 0.0121661
19 217 64 128 0.0106091
23 217 64 128 0.0107788
24 217 64 128 0.0101494
25 217 64 128 0.0100687
26 217 64 128 0.0101154
0 218 64 128 0.0245143
1 218 64 128 0.0232569
2 218 64 128 0.0201752
3 218 64 128 0.0213716
4 218 64 128 0.0227165
5 218 64 128 0.0186253
6 218 64 128 0.0210845
7 218 64 128 0.0262455
8 218 64 128 0.0498638
9 218 64 128 0.0718661
10 218 64 128 0.0558194
11 218 64 128 0.0289675
12 218 64 128 0.0140975
13 218 64 128 0.0109657
14 218 64 128 0.0108005
15 218 64 128 0.0100406
16 218 64 128 0.0105377
17 218 64 128 0.0119782
18 218 64 128 0.0120433
19 218 64 128 0.0106156
22 218 64 128 0.010065
23 218 64 128 0.0113197
24 218 64 128 0.010551
25 218 64 128 0.0105428
26 218 64 128 0.0106193
0 219 64 128 0.0256081
1 219 64 128 0.0241679
2 219 64 128 0.0214001
3 219 64 128 0.0218628
4 219 64 128 0.0222014
5 219 64 128 0.0184816
6 219 64 128 0.0199653
7 219 64 128 0.024967
8 219 64 128 0.0467172
9 219 64 128 0.0644631
10 219 64 128 0.0467914
11 219 64 128 0.0242261
12 219 64 128 0.0124696
17 219 64 128 0.0110434
18 219 64 128 0.0112322
23 219 64 128 0.0109816
24 219 64 128 0.0102804
25 219 64 128 0.0102208
26 219 64 128 0.0103464
0 220 64 128 0.0254963
1 220 64 128 0.0239058
2 220 64 128 0.0212226
3 220 64 128 0.0209408
4 220 64 128 0.0205182
5 220 64 128 0.0171985
6 220 64 128 0.0178523
7 220 64 128 0.0228463
8 220 64 128 0.0419433
9 220 64 128 0.0554594
10 220 64 128 0.0382654
11 220 64 128 0.0199702
12 220 64 128 0.0108376
18 220 64 128 0.0102959
23 220 64 128 0.0106023
25 220 64 128 0.0101056
26 220 64 128 0.0105707
0 221 64 128 0.0243925
1 221 64 128 0.0226292
2 221 64 128 0.0196045
3 221 64 128 0.0187239
4 221 64 128 0.0180038
5 221 64 128 0.0149704
6 221 64 128 0.0153757
7 221 64 128 0.0207392
8 221 64 128 0.0367231
9 221 64 128 0.0465343
10 221 64 128 0.0318113
11 221 64 128 0.0169984
23 221 64 128 0.0103989
25 221 64 128 0.0103993
26 221 64 128 0.011425
0 222 64 128 0.0234211
1 222 64 128 0.0214889
2 222 64 128 0.0181161
3 222 64 128 0.0167979
4 222 64 128 0.0158434
5 222 64 128 0.0129646
6 222 64 128 0.0135053
7 222 64 128 0.0188495
8 222 64 128 0.0317579
9 222 64 128 0.0388004
10 222 64 128 0.0267487
11 222 64 128 0.0144076
25 222 64 128 0.0101572
26 222 64 128 0.0114201
0 223 64 128 0.0232267
1 223 64 128 0.0211261
2 223 64 128 0.0176697
3 223 64 128 0.0160558
4 223 64 128 0.0146735
5 223 64 128 0.0118573
6 223 64 128 0.0126665
7 223 64 128 0.0172509
8 223 64 128 0.0275008
9 223 64 128 0.0327997
10 223 64 128 0.022477
11 223 64 128 0.0116731
0 224 64 128 0.0233169
1 224 64 128 0.0209734
2 224 64 128 0.0175653
3 224 64 128 0.0157272
4 224 64 128 0.0138605
5 224 64 128 0.011156
6 224 64 128 0.0121018
7 224 64 128 0.0158449
8 224 64 128 0.0239615
9 224 64 128 0.0279728
10 224 64 128 0.0189027
0 225 64 128 0.0232517
1 225 64 128 0.0205571
2 225 64 128 0.0171904
3 225 64 128 0.0151558
4 225 64 128 0.0128997
5 225 64 128 0.0104404
6 225 64 128 0.0112462
7 225 64 128 0.014621
8 225 64 128 0.0211582
9 225 64 128 0.023865
10 225 64 128 0.0160075
0 226 64 128 0.0232165
1 226 64 128 0.020193
2 226 64 128 0.0168657
3 226 64 128 0.0147227
4 226 64 128 0.0122131
6 226 64 128 0.0106341
7 226 64 128 0.0139217
8 226 64 128 0.0193161
9 226 64 128 0.0208021
10 226 64 128 0.0138114
0 227 64 128 0.0234051
1 227 64 128 0.0202059
2 227 64 128 0.0169427
3 227 64 128 0.0148343
4 227 64 128 0.0122129
5 227 64 128 0.0100839
6 227 64 128 0.0107966
7 227 64 128 0.0139902
8 227 64 128 0.0185359
9 227 64 128 0.0190655
10 227 64 128 0.0122881
0 228 64 128 0.0234094
1 228 64 128 0.0201544
2 228 64 128 0.0169724
3 228 64 128 0.0149592
4 228 64 128 0.0123106
5 228 64 128 0.0102074
6 228 64 128 0.0111192
7 228 64 128 0.0142
8 228 64 128 0.0180707
9 228 64 128 0.0179051
10 228 64 128 0.0111375
0 229 64 128 0.0227519
1 229 64 128 0.0194742
2 229 64 128 0.0163763
3 229 64 128 0.0144095
4 229 64 128 0.0117423
6 229 64 128 0.0107673
7 229 64 128 0.0137905
8 229 64 128 0.0170618
9 229 64 128 0.0163906
10 229 64 128 0.0100213
26 229 64 128 0.010136
0 230 64 128 0.0219643
1 230 64 128 0.0185988
2 230 64 128 0.0156083
3 230 64 128 0.0136698
4 230 64 128 0.0109277
6 230 64 128 0.0100999
7 230 64 128 0.0131825
8 230 64 128 0.0159566
9 230 64 128 0.014813
25 230 64 128 0.0100999
26 230 64 128 0.0106029
68 230 64 128 0.0100715
69 230 64 128 0.0104979
70 230 64 128 0.0112079
71 230 64 128 0.0108869
0 231 64 128 0.0219913
1 231 64 128 0.0183867
2 231 64 128 0.0155608
3 231 64 128 0.0137223
4 231 64 128 0.0107979
7 231 64 128 0.0132984
8 231 64 128 0.0157528
9 231 64 128 0.0139918
25 231 64 128 0.0102155
26 231 64 128 0.0110009
68 231 64 128 0.0108823
69 231 64 128 0.0116437
70 231 64 128 0.0121315
71 231 64 128 0.0118338
0 232 64 128 0.0225875
1 232 64 128 0.0187535
2 232 64 128 0.0161251
3 232 64 128 0.0144036
4 232 64 128 0.0112583
6 232 64 128 0.0104225
7 232 64 128 0.0139114
8 232 64 128 0.0161137
9 232 64 128 0.0137008
25 232 64 128 0.0103327
26 232 64 128 0.0113204
68 232 64 128 0.0104272
69 232 64 128 0.011657
70 232 64 128 0.012028
71 232 64 128 0.011271
199 232 64 128 0.0104063
0 233 64 128 0.0226581
1 233 64 128 0.018934
2 233 64 128 0.0164686
3 233 64 128 0.0147238
4 233 64 128 0.0114719
6 233 64 128 0.010657
7 233 64 128 0.0139717
8 233 64 128 0.0157523
9 233 64 128 0.012968
25 233 64 128 0.0107685
26 233 64 128 0.0117635
69 233 64 128 0.0115277
70 233 64 128 0.012101
71 233 64 128 0.0108711
198 233 64 128 0.0120975
199 233 64 128 0.0129498
253 233 64 128 0.0116094
254 233 64 128 0.0122775
0 234 64 128 0.0221962
1 234 64 128 0.0188244
2 234 64 128 0.0164211
3 234 64 128 0.0144994
4 234 64 128 0.0112708
6 234 64 128 0.0105802
7 234 64 128 0.0134171
8 234 64 128 0.0146637
9 234 64 128 0.0118119
25 234 64 128 0.0115082
26 234 64 128 0.0122844
27 234 64 128 0.0107142
69 234 64 128 0.0115078
70 234 64 128 0.0124808
71 234 64 128 0.0110689
198 234 64 128 0.0149442
199 234 64 128 0.015894
200 234 64 128 0.0117456
251 234 64 128 0.0103728
252 234 64 128 0.011936
253 234 64 128 0.0143319
254 234 64 128 0.0157452
0 235 64 128 0.0224142
1 235 64 128 0.0190674
2 235 64 128 0.016562
3 235 64 128 0.0144578
4 235 64 128 0.0112448
6 235 64 128 0.0107374
7 235 64 128 0.0132945
8 235 64 128 0.0142787
9 235 64 128 0.01136
25 235 64 128 0.0121628
26 235 64 128 0.0125575
27 235 64 128 0.010974
69 235 64 128 0.0110071
70 235 64 128 0.012086
71 235 64 128 0.0108903
197 235 64 128 0.0103207
198 235 64 128 0.0178766
199 235 64 128 0.0185112
200 235 64 128 0.0139365
251 235 64 128 0.0106375
252 235 64 128 0.0122967
253 235 64 128 0.0149806
254 235 64 128 0.0164931
0 236 64 128 0.0235667
1 236 64 128 0.0197798
2 236 64 128 0.01703
3 236 64 128 0.014794
4 236 64 128 0.0115334
5 236 64 128 0.0103668
6 236 64 128 0.0112489
7 236 64 128 0.0138685
8 236 64 128 0.0149247
9 236 64 128 0.0118048
25 236 64 128 0.0123012
26 236 64 128 0.0123033
27 236 64 128 0.0104648
70 236 64 128 0.0107071
71 236 64 128 0.0101208
197 236 64 128 0.0122552
198 236 64 128 0.020221
199 236 64 128 0.0202407
200 236 64 128 0.0157528
250 236 64 128 0.0104517
251 236 64 128 0.0106605
252 236 64 128 0.0114514
253 236 64 128 0.0144881
254 236 64 128 0.015207
255 236 64 128 0.0103491
0 237 64 128 0.0242066
1 237 64 128 0.0201369
2 237 64 128 0.0171641
3 237 64 128 0.0147364
4 237 64 128 0.0114607
5 237 64 128 0.0106439
6 237 64 128 0.011469
7 237 64 128 0.0140041
8 237 64 128 0.0149654
9 237 64 128 0.0116853
25 237 64 128 0.0114562
26 237 64 128 0.0113447
197 237 64 128 0.0127288
198 237 64 128 0.0207889
199 237 64 128 0.0208471
200 237 64 128 0.0167548
250 237 64 128 0.0128624
251 237 64 128 0.0131874
252 237 64 128 0.0145084
253 237 64 128 0.0185369
254 237 64 128 0.0192119
255 237 64 128 0.0142559
0 238 64 128 0.0235585
1 238 64 128 0.0197165
2 238 64 128 0.0166537
3 238 64 128 0.0139453
4 238 64 128 0.0107374
5 238 64 128 0.010256
6 238 64 128 0.0110757
7 238 64 128 0.01314
8 238 64 128 0.013604
9 238 64 128 0.0103185
71 238 64 128 0.0108758
197 238 64 128 0.0113108
198 238 64 128 0.0193537
199 238 64 128 0.0204637
200 238 64 128 0.0168193
250 238 64 128 0.0147668
251 238 64 128 0.0187912
252 238 64 128 0.0229633
253 238 64 128 0.0286665
254 238 64 128 0.0308041
255 238 64 128 0.0222242
256 238 64 128 0.0103912
0 239 64 128 0.0229691
1 239 64 128 0.0193483
2 239 64 128 0.0162735
3 239 64 128 0.0134143
4 239 64 128 0.0102565
6 239 64 128 0.0107566
7 239 64 128 0.012514
8 239 64 128 0.0126557
70 239 64 128 0.01017
71 239 64 128 0.0115646
197 239 64 128 0.0102459
198 239 64 128 0.0182636
199 239 64 128 0.0200849
200 239 64 128 0.0166544
249 239 64 128 0.0103217
250 239 64 128 0.0155291
251 239 64 128 0.0220684
252 239 64 128 0.0280798
253 239 64 128 0.0347103
254 239 64 128 0.0378641
255 239 64 128 0.0268143
256 239 64 128 0.0125303
272 239 64 128 0.0105793
