131 0 64 128 0.0114298
132 0 64 128 0.0186657
133 0 64 128 0.0191464
134 0 64 128 0.0142397
135 0 64 128 0.0139214
131 1 64 128 0.0122223
132 1 64 128 0.0196965
133 1 64 128 0.0201825
134 1 64 128 0.0152656
135 1 64 128 0.0148789
131 2 64 128 0.0145496
132 2 64 128 0.0225903
133 2 64 128 0.0230986
134 2 64 128 0.0183724
135 2 64 128 0.018276
136 2 64 128 0.0114874
131 3 64 128 0.0180905
132 3 64 128 0.026863
133 3 64 128 0.0275031
134 3 64 128 0.0234627
135 3 64 128 0.0246115
136 3 64 128 0.0162106
130 4 64 128 0.0108588
131 4 64 128 0.0209558
132 4 64 128 0.0308407
133 4 64 128 0.0323438
134 4 64 128 0.0295372
135 4 64 128 0.0325488
136 4 64 128 0.022034
137 4 64 128 0.0101977
130 5 64 128 0.0109434
131 5 64 128 0.0209042
132 5 64 128 0.0325434
133 5 64 128 0.0362958
134 5 64 128 0.0352046
135 5 64 128 0.0400939
136 5 64 128 0.027876
137 5 64 128 0.0131956
131 6 64 128 0.0184745
132 6 64 128 0.031686
133 6 64 128 0.0378955
134 6 64 128 0.0386723
135 6 64 128 0.0459133
136 6 64 128 0.0327868
137 6 64 128 0.0158623
131 7 64 128 0.0158033
132 7 64 128 0.0289989
133 7 64 128 0.0357109
134 7 64 128 0.0380418
135 7 64 128 0.0490834
136 7 64 128 0.0359147
137 7 64 128 0.0181182
131 8 64 128 0.0136889
132 8 64 128 0.0251795
133 8 64 128 0.0305061
134 8 64 128 0.0339815
135 8 64 128 0.0489113
136 8 64 128 0.0367712
137 8 64 128 0.019911
138 8 64 128 0.010481
131 9 64 128 0.0117161
132 9 64 128 0.0208872
133 9 64 128 0.0249961
134 9 64 128 0.0294493
135 9 64 128 0.0449795
136 9 64 128 0.0352526
137 9 64 128 0.0212358
138 9 64 128 0.0123539
132 10 64 128 0.0169715
133 10 64 128 0.0208871
134 10 64 128 0.026541
135 10 64 128 0.0399236
136 10 64 128 0.0337466
137 10 64 128 0.0231112
138 10 64 128 0.0141387
132 11 64 128 0.0145317
133 11 64 128 0.018432
134 11 64 128 0.0260741
135 11 64 128 0.0404297
136 11 64 128 0.0379343
137 11 64 128 0.0279113
138 11 64 128 0.0169302
132 12 64 128 0.0137072
133 12 64 128 0.0172641
134 12 64 128 0.0274482
135 12 64 128 0.0478971
136 12 64 128 0.0484164
137 12 64 128 0.0354932
138 12 64 128 0.0207636
132 13 64 128 0.0126532
133 13 64 128 0.0159675
134 13 64 128 0.0273689
135 13 64 128 0.0524204
136 13 64 128 0.0550151
137 13 64 128 0.0404143
138 13 64 128 0.0233814
139 13 64 128 0.0115133
132 14 64 128 0.0100621
133 14 64 128 0.0135134
134 14 64 128 0.023617
135 14 64 128 0.0468779
136 14 64 128 0.0504873
137 14 64 128 0.0389492
138 14 64 128 0.0234133
139 14 64 128 0.0109704
133 15 64 128 0.0104885
134 15 64 128 0.0183761
135 15 64 128 0.0371902
136 15 64 128 0.040907
137 15 64 128 0.0347822
138 15 64 128 0.0231466
139 15 64 128 0.0104872
134 16 64 128 0.0141879
135 16 64 128 0.0302997
136 16 64 128 0.0334471
137 16 64 128 0.0319514
138 16 64 128 0.024639
139 16 64 128 0.0122284
319 16 64 128 0.0112858
134 17 64 128 0.0110908
135 17 64 128 0.0255341
136 17 64 128 0.0277821
137 17 64 128 0.0290425
138 17 64 128 0.0252489
139 17 64 128 0.0139729
140 17 64 128 0.0101009
318 17 64 128 0.0101926
319 17 64 128 0.0160237
135 18 64 128 0.0202256
136 18 64 128 0.0216111
137 18 64 128 0.0234504
138 18 64 128 0.0215283
139 18 64 128 0.0126455
318 18 64 128 0.0143672
319 18 64 128 0.0221822
135 19 64 128 0.0146351
136 19 64 128 0.015432
137 19 64 128 0.0165772
138 19 64 128 0.0152442
318 19 64 128 0.0196826
319 19 64 128 0.030192
135 20 64 128 0.010326
136 20 64 128 0.0109595
137 20 64 128 0.0115478
138 20 64 128 0.0104318
317 20 64 128 0.0113346
318 20 64 128 0.0259498
319 20 64 128 0.0404132
317 21 64 128 0.014015
318 21 64 128 0.0323473
319 21 64 128 0.0508857
317 22 64 128 0.0168193
318 22 64 128 0.0376089
319 22 64 128 0.0580682
317 23 64 128 0.0191943
318 23 64 128 0.0408412
319 23 64 128 0.0612301
317 24 64 128 0.0199601
318 24 64 128 0.041578
319 24 64 128 0.062709
317 25 64 128 0.018995
318 25 64 128 0.0401022
319 25 64 128 0.063322
317 26 64 128 0.0179484
318 26 64 128 0.03788
319 26 64 128 0.0611636
317 27 64 128 0.0177773
318 27 64 128 0.0358403
319 27 64 128 0.055463
317 28 64 128 0.0173158
318 28 64 128 0.0333081
319 28 64 128 0.0488876
317 29 64 128 0.015503
318 29 64 128 0.0296188
319 29 64 128 0.0436762
317 30 64 128 0.0129493
318 30 64 128 0.025101
319 30 64 128 0.0383554
317 31 64 128 0.0105648
318 31 64 128 0.0203293
319 31 64 128 0.0310955
318 32 64 128 0.0159064
319 32 64 128 0.0234556
318 33 64 128 0.012381
319 33 64 128 0.0180125
319 34 64 128 0.014498
319 35 64 128 0.0110622
291 85 64 128 0.0100735
289 86 64 128 0.0104438
290 86 64 128 0.0116156
291 86 64 128 0.0128194
292 86 64 128 0.0112656
263 87 64 128 0.0101384
264 87 64 128 0.0162729
265 87 64 128 0.0130156
266 87 64 128 0.0113556
290 87 64 128 0.0110598
291 87 64 128 0.0131335
292 87 64 128 0.0120104
262 88 64 128 0.0113251
263 88 64 128 0.0166194
264 88 64 128 0.027438
265 88 64 128 0.0197682
266 88 64 128 0.0159633
267 88 64 128 0.0112528
291 88 64 128 0.0127766
292 88 64 128 0.0124502
261 89 64 128 0.016886
262 89 64 128 0.0174703
263 89 64 128 0.0236222
264 89 64 128 0.0410411
265 89 64 128 0.0272421
266 89 64 128 0.0222348
267 89 64 128 0.0157855
290 89 64 128 0.0104489
291 89 64 128 0.0144763
292 89 64 128 0.0154036
293 89 64 128 0.0122793
259 90 64 128 0.0106656
260 90 64 128 0.0127056
261 90 64 128 0.025152
262 90 64 128 0.0253244
263 90 64 128 0.0323034
264 90 64 128 0.0559458
265 90 64 128 0.0364396
266 90 64 128 0.030386
267 90 64 128 0.0214966
290 90 64 128 0.0122428
291 90 64 128 0.0174154
292 90 64 128 0.0198264
293 90 64 128 0.0171468
294 90 64 128 0.0130354
259 91 64 128 0.0172951
260 91 64 128 0.0188927
261 91 64 128 0.0322828
262 91 64 128 0.0348313
263 91 64 128 0.0450372
264 91 64 128 0.0712875
265 91 64 128 0.0493958
266 91 64 128 0.0405471
267 91 64 128 0.028007
290 91 64 128 0.0119106
291 91 64 128 0.0189311
292 91 64 128 0.0226813
293 91 64 128 0.0198774
294 91 64 128 0.0152882
295 91 64 128 0.0115012
258 92 64 128 0.0142976
259 92 64 128 0.0274609
260 92 64 128 0.0280702
261 92 64 128 0.0410276
262 92 64 128 0.0469634
263 92 64 128 0.0608696
264 92 64 128 0.0880192
265 92 64 128 0.0656919
266 92 64 128 0.0521976
267 92 64 128 0.0348209
268 92 64 128 0.0118928
291 92 64 128 0.0185939
292 92 64 128 0.0236765
293 92 64 128 0.0210139
294 92 64 128 0.0168166
295 92 64 128 0.0118393
258 93 64 128 0.0203982
259 93 64 128 0.0400864
260 93 64 128 0.0413563
261 93 64 128 0.0582481
262 93 64 128 0.0634238
263 93 64 128 0.0760635
264 93 64 128 0.10844
265 93 64 128 0.0828075
266 93 64 128 0.0642206
267 93 64 128 0.0413154
268 93 64 128 0.0137991
291 93 64 128 0.0178424
292 93 64 128 0.0247975
293 93 64 128 0.0243767
294 93 64 128 0.0210356
295 93 64 128 0.0148532
256 94 64 128 0.0113134
257 94 64 128 0.0131128
258 94 64 128 0.0265622
259 94 64 128 0.0530341
260 94 64 128 0.0564857
261 94 64 128 0.081141
262 94 64 128 0.0812059
263 94 64 128 0.0874719
264 94 64 128 0.128602
265 94 64 128 0.0969235
266 94 64 128 0.0736618
267 94 64 128 0.0457454
268 94 64 128 0.0132942
291 94 64 128 0.0173785
292 94 64 128 0.0265348
293 94 64 128 0.0301595
294 94 64 128 0.0278667
295 94 64 128 0.0205811
256 95 64 128 0.0136864
257 95 64 128 0.0158363
258 95 64 128 0.0315047
259 95 64 128 0.062913
260 95 64 128 0.0669934
261 95 64 128 0.0947382
262 95 64 128 0.0914342
263 95 64 128 0.0928169
264 95 64 128 0.136782
265 95 64 128 0.102729
266 95 64 128 0.0753434
267 95 64 128 0.0450012
268 95 64 128 0.0122772
291 95 64 128 0.0169099
292 95 64 128 0.0274271
293 95 64 128 0.0339153
294 95 64 128 0.032782
295 95 64 128 0.0241886
296 95 64 128 0.0112864
256 96 64 128 0.013962
257 96 64 128 0.0167019
258 96 64 128 0.0345733
259 96 64 128 0.0685654
260 96 64 128 0.0705023
261 96 64 128 0.0934543
262 96 64 128 0.0908463
263 96 64 128 0.0922746
264 96 64 128 0.131165
265 96 64 128 0.100468
266 96 64 128 0.069797
267 96 64 128 0.0398273
268 96 64 128 0.0121069
291 96 64 128 0.0161626
292 96 64 128 0.0267709
293 96 64 128 0.0336991
294 96 64 128 0.0337349
295 96 64 128 0.023853
296 96 64 128 0.0109203
256 97 64 128 0.0133412
257 97 64 128 0.0163479
258 97 64 128 0.0363464
259 97 64 128 0.0731874
260 97 64 128 0.0728341
261 97 64 128 0.0908224
262 97 64 128 0.0874514
263 97 64 128 0.0905394
264 97 64 128 0.129518
265 97 64 128 0.101026
266 97 64 128 0.0685701
267 97 64 128 0.0383884
268 97 64 128 0.0128137
291 97 64 128 0.0150152
292 97 64 128 0.0255224
293 97 64 128 0.0328308
294 97 64 128 0.0338816
295 97 64 128 0.0240035
296 97 64 128 0.0111823
312 97 64 128 0.0106114
313 97 64 128 0.0133828
314 97 64 128 0.0184529
315 97 64 128 0.0133622
316 97 64 128 0.0113104
317 97 64 128 0.010457
319 97 64 128 0.0109607
256 98 64 128 0.0128067
257 98 64 128 0.0153789
258 98 64 128 0.0371197
259 98 64 128 0.0783516
260 98 64 128 0.0774149
261 98 64 128 0.0959425
262 98 64 128 0.0871794
263 98 64 128 0.0905093
264 98 64 128 0.1418
265 98 64 128 0.110359
266 98 64 128 0.0783846
267 98 64 128 0.0455886
268 98 64 128 0.0144317
291 98 64 128 0.0135094
292 98 64 128 0.024489
293 98 64 128 0.0336865
294 98 64 128 0.0354339
295 98 64 128 0.0273519
296 98 64 128 0.0134956
311 98 64 128 0.0147389
312 98 64 128 0.0202137
313 98 64 128 0.0232677
314 98 64 128 0.0346806
315 98 64 128 0.0235256
316 98 64 128 0.0197339
317 98 64 128 0.0174323
318 98 64 128 0.0139686
319 98 64 128 0.0184482
256 99 64 128 0.0120096
257 99 64 128 0.0138038
258 99 64 128 0.0359759
259 99 64 128 0.0795207
260 99 64 128 0.0780875
261 99 64 128 0.0989103
262 99 64 128 0.086307
263 99 64 128 0.0884178
264 99 64 128 0.149018
265 99 64 128 0.116694
266 99 64 128 0.0884202
267 99 64 128 0.0544882
268 99 64 128 0.0174313
269 99 64 128 0.0126219
291 99 64 128 0.0121128
292 99 64 128 0.0235143
293 99 64 128 0.0342127
294 99 64 128 0.0361913
295 99 64 128 0.0296178
296 99 64 128 0.0151742
311 99 64 128 0.0210954
312 99 64 128 0.0284061
313 99 64 128 0.0317174
314 99 64 128 0.0473319
315 99 64 128 0.0317065
316 99 64 128 0.0271822
317 99 64 128 0.0239385
318 99 64 128 0.0190757
319 99 64 128 0.026441
256 100 64 128 0.010489
257 100 64 128 0.0115917
258 100 64 128 0.0320799
259 100 64 128 0.0724015
260 100 64 128 0.069116
261 100 64 128 0.089604
262 100 64 128 0.0803154
263 100 64 128 0.0803625
264 100 64 128 0.133113
265 100 64 128 0.108545
266 100 64 128 0.0875385
267 100 64 128 0.0575689
268 100 64 128 0.0217486
269 100 64 128 0.0143288
291 100 64 128 0.0111915
292 100 64 128 0.0222816
293 100 64 128 0.0322928
294 100 64 128 0.0340322
295 100 64 128 0.0268318
296 100 64 128 0.0137587
311 100 64 128 0.0216756
312 100 64 128 0.0303565
313 100 64 128 0.0343397
314 100 64 128 0.0470492
315 100 64 128 0.032519
316 100 64 128 0.0293029
317 100 64 128 0.0266952
318 100 64 128 0.0233334
319 100 64 128 0.0321162
258 101 64 128 0.0259765
259 101 64 128 0.058863
260 101 64 128 0.0546096
261 101 64 128 0.0726033
262 101 64 128 0.0690154
263 101 64 128 0.0673236
264 101 64 128 0.104232
265 101 64 128 0.0903692
266 101 64 128 0.0776304
267 101 64 128 0.0544437
268 101 64 128 0.0245115
269 101 64 128 0.0147635
291 101 64 128 0.0102959
292 101 64 128 0.0205362
293 101 64 128 0.0291801
294 101 64 128 0.0308381
295 101 64 128 0.0222249
296 101 64 128 0.0112195
311 101 64 128 0.0209841
312 101 64 128 0.0313524
313 101 64 128 0.0362571
314 101 64 128 0.043599
315 101 64 128 0.0319441
316 101 64 128 0.0302168
317 101 64 128 0.0279208
318 101 64 128 0.0266684
319 101 64 128 0.0366715
258 102 64 128 0.018656
259 102 64 128 0.0424902
260 102 64 128 0.0407828
261 102 64 128 0.0557711
262 102 64 128 0.053627
263 102 64 128 0.0516543
264 102 64 128 0.078582
265 102 64 128 0.0704234
266 102 64 128 0.0638976
267 102 64 128 0.0467721
268 102 64 128 0.0226554
269 102 64 128 0.0141179
292 102 64 128 0.01812
293 102 64 128 0.0267627
294 102 64 128 0.0291332
295 102 64 128 0.0203362
296 102 64 128 0.0103315
311 102 64 128 0.0250047
312 102 64 128 0.0383123
313 102 64 128 0.0441372
314 102 64 128 0.0499627
315 102 64 128 0.037766
316 102 64 128 0.0354447
317 102 64 128 0.0309803
318 102 64 128 0.0295513
319 102 64 128 0.0422876
258 103 64 128 0.0114813
259 103 64 128 0.0265219
260 103 64 128 0.0286245
261 103 64 128 0.0401879
262 103 64 128 0.0366246
263 103 64 128 0.0355345
264 103 64 128 0.057618
265 103 64 128 0.0513418
266 103 64 128 0.0484786
267 103 64 128 0.0362583
268 103 64 128 0.0176025
269 103 64 128 0.0123502
292 103 64 128 0.0154505
293 103 64 128 0.0245109
294 103 64 128 0.0277474
295 103 64 128 0.020181
296 103 64 128 0.0104683
310 103 64 128 0.0111031
311 103 64 128 0.0317551
312 103 64 128 0.0488669
313 103 64 128 0.0559986
314 103 64 128 0.0625425
315 103 64 128 0.0471244
316 103 64 128 0.0429827
317 103 64 128 0.0361006
318 103 64 128 0.0339876
319 103 64 128 0.0499189
259 104 64 128 0.0138913
260 104 64 128 0.0169836
261 104 64 128 0.0242165
262 104 64 128 0.0209902
263 104 64 128 0.0210434
264 104 64 128 0.0367384
265 104 64 128 0.0333817
266 104 64 128 0.0322858
267 104 64 128 0.0246721
268 104 64 128 0.0126111
292 104 64 128 0.0131555
293 104 64 128 0.0209834
294 104 64 128 0.0241432
295 104 64 128 0.0185789
310 104 64 128 0.0128124
311 104 64 128 0.0363083
312 104 64 128 0.057142
313 104 64 128 0.0664073
314 104 64 128 0.0712373
315 104 64 128 0.0531555
316 104 64 128 0.0480068
317 104 64 128 0.0421591
318 104 64 128 0.0422954
319 104 64 128 0.0597779
261 105 64 128 0.0100135
264 105 64 128 0.0177685
265 105 64 128 0.0183943
266 105 64 128 0.017966
267 105 64 128 0.0143564
292 105 64 128 0.0112841
293 105 64 128 0.0167982
294 105 64 128 0.0192541
295 105 64 128 0.0156636
310 105 64 128 0.0146166
311 105 64 128 0.0412713
312 105 64 128 0.0651565
313 105 64 128 0.0749315
314 105 64 128 0.0769709
315 105 64 128 0.0582012
316 105 64 128 0.0523258
317 105 64 128 0.0486407
318 105 64 128 0.0521734
319 105 64 128 0.06965
293 106 64 128 0.0138923
294 106 64 128 0.0162388
295 106 64 128 0.013727
309 106 64 128 0.011144
310 106 64 128 0.0182678
311 106 64 128 0.0539075
312 106 64 128 0.079859
313 106 64 128 0.0843898
314 106 64 128 0.08773
315 106 64 128 0.070376
316 106 64 128 0.0619306
317 106 64 128 0.0554457
318 106 64 128 0.058422
319 106 64 128 0.0758723
293 107 64 128 0.0123883
294 107 64 128 0.0152669
295 107 64 128 0.0129117
308 107 64 128 0.0110565
309 107 64 128 0.0156041
310 107 64 128 0.0229538
311 107 64 128 0.0708926
312 107 64 128 0.0982954
313 107 64 128 0.094187
314 107 64 128 0.101716
315 107 64 128 0.0867747
316 107 64 128 0.0754218
317 107 64 128 0.0624784
318 107 64 128 0.0612118
319 107 64 128 0.0792759
293 108 64 128 0.0105671
294 108 64 128 0.0134741
295 108 64 128 0.0111711
308 108 64 128 0.0122585
309 108 64 128 0.0178898
310 108 64 128 0.0252933
311 108 64 128 0.0782801
312 108 64 128 0.107563
313 108 64 128 0.100269
314 108 64 128 0.107253
315 108 64 128 0.093415
316 108 64 128 0.083933
317 108 64 128 0.0696204
318 108 64 128 0.0661276
319 108 64 128 0.0851815
308 109 64 128 0.0109191
309 109 64 128 0.0167064
310 109 64 128 0.0244331
311 109 64 128 0.0722078
312 109 64 128 0.104037
313 109 64 128 0.10179
314 109 64 128 0.101725
315 109 64 128 0.0866138
316 109 64 128 0.0837041
317 109 64 128 0.0757398
318 109 64 128 0.0745203
319 109 64 128 0.0940983
309 110 64 128 0.0157288
310 110 64 128 0.0235142
311 110 64 128 0.064776
312 110 64 128 0.0987936
313 110 64 128 0.102981
314 110 64 128 0.0968638
315 110 64 128 0.079003
316 110 64 128 0.0792027
317 110 64 128 0.0781751
318 110 64 128 0.0809725
319 110 64 128 0.0989593
308 111 64 128 0.0106956
309 111 64 128 0.0169623
310 111 64 128 0.024357
311 111 64 128 0.0636009
312 111 64 128 0.0985033
313 111 64 128 0.105362
314 111 64 128 0.0983928
315 111 64 128 0.0778723
316 111 64 128 0.0738338
317 111 64 128 0.0753525
318 111 64 128 0.0812344
319 111 64 128 0.0949076
308 112 64 128 0.0111624
309 112 64 128 0.0176209
310 112 64 128 0.024978
311 112 64 128 0.0629242
312 112 64 128 0.0968922
313 112 64 128 0.103244
314 112 64 128 0.095467
315 112 64 128 0.0750975
316 112 64 128 0.0669822
317 112 64 128 0.0684925
318 112 64 128 0.0750397
319 112 64 128 0.0836224
309 113 64 128 0.015568
310 113 64 128 0.0236971
311 113 64 128 0.0575661
312 113 64 128 0.088511
313 113 64 128 0.0923881
314 113 64 128 0.0798507
315 113 64 128 0.0638913
316 113 64 128 0.0580127
317 113 64 128 0.0592792
318 113 64 128 0.0635637
319 113 64 128 0.068087
309 114 64 128 0.01341
310 114 64 128 0.0218371
311 114 64 128 0.0511499
312 114 64 128 0.0773848
313 114 64 128 0.0773889
314 114 64 128 0.0610136
315 114 64 128 0.0500204
316 114 64 128 0.0482424
317 114 64 128 0.049654
318 114 64 128 0.0511554
319 114 64 128 0.0526792
309 115 64 128 0.013902
310 115 64 128 0.0208638
311 115 64 128 0.047845
312 115 64 128 0.0682825
313 115 64 128 0.0637086
314 115 64 128 0.0498222
315 115 64 128 0.0404928
316 115 64 128 0.0391248
317 115 64 128 0.0411986
318 115 64 128 0.0419157
319 115 64 128 0.0412392
309 116 64 128 0.0145813
310 116 64 128 0.0192187
311 116 64 128 0.0436756
312 116 64 128 0.0581002
313 116 64 128 0.0504629
314 116 64 128 0.0424647
315 116 64 128 0.0333375
316 116 64 128 0.0303977
317 116 64 128 0.0331139
318 116 64 128 0.0344737
319 116 64 128 0.0327587
309 117 64 128 0.0117186
310 117 64 128 0.0146986
311 117 64 128 0.03283
312 117 64 128 0.0419642
313 117 64 128 0.03511
314 117 64 128 0.031023
315 117 64 128 0.0240523
316 117 64 128 0.0213908
317 117 64 128 0.0240483
318 117 64 128 0.0259385
319 117 64 128 0.0247912
311 118 64 128 0.019236
312 118 64 128 0.0244597
313 118 64 128 0.0205803
314 118 64 128 0.0177025
315 118 64 128 0.0141457
316 118 64 128 0.0132942
317 118 64 128 0.0153519
318 118 64 128 0.017298
319 118 64 128 0.0174729
311 119 64 128 0.0116194
312 119 64 128 0.0147626
313 119 64 128 0.0124194
318 119 64 128 0.0114795
319 119 64 128 0.0122514
311 120 64 128 0.0104658
312 120 64 128 0.0129041
313 120 64 128 0.0101946
312 121 64 128 0.011526
307 133 64 128 0.0102965
309 133 64 128 0.0119811
307 134 64 128 0.01155
308 134 64 128 0.0113737
309 134 64 128 0.0127069
307 135 64 128 0.0115784
308 135 64 128 0.0114357
309 135 64 128 0.0113865
306 136 64 128 0.0144207
307 136 64 128 0.0170363
308 136 64 128 0.0147479
309 136 64 128 0.0148042
304 137 64 128 0.013242
305 137 64 128 0.0128494
306 137 64 128 0.0252177
307 137 64 128 0.0282307
308 137 64 128 0.0216328
309 137 64 128 0.0233777
310 137 64 128 0.0106474
304 138 64 128 0.0173068
305 138 64 128 0.0168273
306 138 64 128 0.0328912
307 138 64 128 0.0357915
308 138 64 128 0.0257516
309 138 64 128 0.0277946
310 138 64 128 0.0121293
101 139 64 128 0.0111776
304 139 64 128 0.0178868
305 139 64 128 0.0185808
306 139 64 128 0.0336474
307 139 64 128 0.035632
308 139 64 128 0.0243483
309 139 64 128 0.0238948
310 139 64 128 0.0105955
100 140 64 128 0.0131221
101 140 64 128 0.0162874
102 140 64 128 0.0125868
303 140 64 128 0.0100711
304 140 64 128 0.0205036
305 140 64 128 0.0221548
306 140 64 128 0.0364538
307 140 64 128 0.0372649
308 140 64 128 0.0239072
309 140 64 128 0.0208341
99 141 64 128 0.0106636
100 141 64 128 0.0188113
101 141 64 128 0.0202888
102 141 64 128 0.0164492
303 141 64 128 0.0135294
304 141 64 128 0.0287257
305 141 64 128 0.0300201
306 141 64 128 0.0472822
307 141 64 128 0.0471304
308 141 64 128 0.0290196
309 141 64 128 0.025415
310 141 64 128 0.0111041
99 142 64 128 0.0142703
100 142 64 128 0.0237885
101 142 64 128 0.0236739
102 142 64 128 0.0198576
103 142 64 128 0.0129606
303 142 64 128 0.0164559
304 142 64 128 0.0359008
305 142 64 128 0.0366464
306 142 64 128 0.0555613
307 142 64 128 0.054458
308 142 64 128 0.0332647
309 142 64 128 0.029881
310 142 64 128 0.0126862
99 143 64 128 0.0153894
100 143 64 128 0.0268724
101 143 64 128 0.0270484
102 143 64 128 0.022389
103 143 64 128 0.0147282
302 143 64 128 0.0100714
303 143 64 128 0.0165682
304 143 64 128 0.0354616
305 143 64 128 0.0365814
306 143 64 128 0.0506855
307 143 64 128 0.0483921
308 143 64 128 0.029964
309 143 64 128 0.0259282
310 143 64 128 0.0110465
99 144 64 128 0.016237
100 144 64 128 0.028969
101 144 64 128 0.0294693
102 144 64 128 0.0232013
103 144 64 128 0.014853
303 144 64 128 0.0163692
304 144 64 128 0.033688
305 144 64 128 0.0344911
306 144 64 128 0.0418893
307 144 64 128 0.0384433
308 144 64 128 0.0243429
309 144 64 128 0.0198451
98 145 64 128 0.0106089
99 145 64 128 0.0197914
100 145 64 128 0.0313521
101 145 64 128 0.0295665
102 145 64 128 0.0214626
103 145 64 128 0.0133826
131 145 64 128 0.0116644
301 145 64 128 0.0103549
302 145 64 128 0.0117207
303 145 64 128 0.0193985
304 145 64 128 0.0397722
305 145 64 128 0.0374631
306 145 64 128 0.0432163
307 145 64 128 0.0390654
308 145 64 128 0.0245889
309 145 64 128 0.0215108
98 146 64 128 0.014522
99 146 64 128 0.0234096
100 146 64 128 0.0321156
101 146 64 128 0.0269301
102 146 64 128 0.0177381
103 146 64 128 0.0108212
131 146 64 128 0.0130003
132 146 64 128 0.0108124
301 146 64 128 0.0126565
302 146 64 128 0.014319
303 146 64 128 0.0236653
304 146 64 128 0.0492204
305 146 64 128 0.042957
306 146 64 128 0.0503898
307 146 64 128 0.0459618
308 146 64 128 0.0285881
309 146 64 128 0.0278102
310 146 64 128 0.0122306
98 147 64 128 0.0142582
99 147 64 128 0.0218446
100 147 64 128 0.0279523
101 147 64 128 0.0217334
102 147 64 128 0.0133142
131 147 64 128 0.0129254
132 147 64 128 0.0111712
301 147 64 128 0.0134606
302 147 64 128 0.0149409
303 147 64 128 0.0245378
304 147 64 128 0.0509611
305 147 64 128 0.0437723
306 147 64 128 0.0502258
307 147 64 128 0.0457165
308 147 64 128 0.0291937
309 147 64 128 0.0292852
310 147 64 128 0.0129396
98 148 64 128 0.0102973
99 148 64 128 0.0158686
100 148 64 128 0.0200938
101 148 64 128 0.0153152
131 148 64 128 0.0117608
132 148 64 128 0.0106108
301 148 64 128 0.0128935
302 148 64 128 0.0138764
303 148 64 128 0.0220598
304 148 64 128 0.044836
305 148 64 128 0.039859
306 148 64 128 0.0425274
307 148 64 128 0.0381469
308 148 64 128 0.0261784
309 148 64 128 0.0252976
310 148 64 128 0.0114181
99 149 64 128 0.0109742
100 149 64 128 0.0133213
131 149 64 128 0.0105778
301 149 64 128 0.0130038
302 149 64 128 0.0137956
303 149 64 128 0.0199454
304 149 64 128 0.0392759
305 149 64 128 0.0367847
306 149 64 128 0.0373105
307 149 64 128 0.0334689
308 149 64 128 0.0247459
309 149 64 128 0.0221659
310 149 64 128 0.0102653
301 150 64 128 0.0139511
302 150 64 128 0.0149109
303 150 64 128 0.0191221
304 150 64 128 0.0368313
305 150 64 128 0.0358529
306 150 64 128 0.0370318
307 150 64 128 0.0339401
308 150 64 128 0.0256629
309 150 64 128 0.0216971
310 150 64 128 0.0102113
301 151 64 128 0.0135909
302 151 64 128 0.0144424
303 151 64 128 0.0170881
304 151 64 128 0.0327812
305 151 64 128 0.0331172
306 151 64 128 0.0348299
307 151 64 128 0.0320234
308 151 64 128 0.0242531
309 151 64 128 0.0201072
301 152 64 128 0.0111123
302 152 64 128 0.0113914
303 152 64 128 0.0130688
304 152 64 128 0.0254309
305 152 64 128 0.0270388
306 152 64 128 0.0277778
307 152 64 128 0.024679
308 152 64 128 0.0188603
309 152 64 128 0.0159128
304 153 64 128 0.0192751
305 153 64 128 0.0209478
306 153 64 128 0.0209834
307 153 64 128 0.0179615
308 153 64 128 0.013816
309 153 64 128 0.0123426
304 154 64 128 0.0171903
305 154 64 128 0.017286
306 154 64 128 0.0180995
307 154 64 128 0.0160894
308 154 64 128 0.012179
309 154 64 128 0.0115655
304 155 64 128 0.0158217
305 155 64 128 0.014654
306 155 64 128 0.016469
307 155 64 128 0.0156182
308 155 64 128 0.0117869
309 155 64 128 0.0114814
304 156 64 128 0.0119654
305 156 64 128 0.0115504
306 156 64 128 0.0133227
307 156 64 128 0.0129919
308 156 64 128 0.0103166
306 157 64 128 0.0100776
210 206 64 128 0.0112911
211 206 64 128 0.0103531
207 207 64 128 0.0130161
208 207 64 128 0.0140908
209 207 64 128 0.0130346
210 207 64 128 0.0164251
211 207 64 128 0.0154036
212 207 64 128 0.0139024
213 207 64 128 0.0116982
314 207 64 128 0.01137
319 207 64 128 0.0121415
17 208 64 128 0.0106898
18 208 64 128 0.0116863
19 208 64 128 0.0106949
20 208 64 128 0.0100747
21 208 64 128 0.0101995
206 208 64 128 0.0121196
207 208 64 128 0.0175748
208 208 64 128 0.0188722
209 208 64 128 0.0166146
210 208 64 128 0.0209781
211 208 64 128 0.0205914
212 208 64 128 0.0190069
213 208 64 128 0.0160134
314 208 64 128 0.0119647
315 208 64 128 0.0104761
316 208 64 128 0.0103579
318 208 64 128 0.010749
319 208 64 128 0.0159912
17 209 64 128 0.0122391
18 209 64 128 0.0135432
19 209 64 128 0.0126378
20 209 64 128 0.0125554
21 209 64 128 0.0124947
22 209 64 128 0.0107156
205 209 64 128 0.0146586
206 209 64 128 0.0192377
207 209 64 128 0.0280617
208 209 64 128 0.0311148
209 209 64 128 0.0248676
210 209 64 128 0.0309956
211 209 64 128 0.0297418
212 209 64 128 0.0277369
213 209 64 128 0.0239611
214 209 64 128 0.0143117
215 209 64 128 0.0108447
314 209 64 128 0.0128835
315 209 64 128 0.0112224
316 209 64 128 0.0114608
317 209 64 128 0.0112963
318 209 64 128 0.0139121
319 209 64 128 0.0209118
16 210 64 128 0.0109544
17 210 64 128 0.0137506
18 210 64 128 0.0149949
19 210 64 128 0.0151947
20 210 64 128 0.0165149
21 210 64 128 0.0167896
22 210 64 128 0.0148721
23 210 64 128 0.0117603
204 210 64 128 0.0131754
205 210 64 128 0.0294851
206 210 64 128 0.0322474
207 210 64 128 0.0453747
208 210 64 128 0.0519184
209 210 64 128 0.038702
210 210 64 128 0.0475779
211 210 64 128 0.0431107
212 210 64 128 0.0400832
213 210 64 128 0.0357325
214 210 64 128 0.0202968
215 210 64 128 0.0162619
314 210 64 128 0.0146753
315 210 64 128 0.0128571
316 210 64 128 0.0134907
317 210 64 128 0.0143524
318 210 64 128 0.0185247
319 210 64 128 0.0268924
16 211 64 128 0.0120198
17 211 64 128 0.0141199
18 211 64 128 0.0150125
19 211 64 128 0.0162011
20 211 64 128 0.0187709
21 211 64 128 0.0189615
22 211 64 128 0.0169027
23 211 64 128 0.0131241
139 211 64 128 0.0101478
203 211 64 128 0.0129106
204 211 64 128 0.018279
205 211 64 128 0.0398233
206 211 64 128 0.041376
207 211 64 128 0.0568882
208 211 64 128 0.0652676
209 211 64 128 0.0473629
210 211 64 128 0.0573075
211 211 64 128 0.0506101
212 211 64 128 0.0472112
213 211 64 128 0.0430551
214 211 64 128 0.0245715
215 211 64 128 0.0203994
216 211 64 128 0.012181
314 211 64 128 0.0153817
315 211 64 128 0.0138162
316 211 64 128 0.0146137
317 211 64 128 0.0164081
318 211 64 128 0.0222638
319 211 64 128 0.0316052
16 212 64 128 0.011268
17 212 64 128 0.0128692
18 212 64 128 0.0132988
19 212 64 128 0.0143383
20 212 64 128 0.0171159
21 212 64 128 0.01613
22 212 64 128 0.0139336
23 212 64 128 0.0106201
123 212 64 128 0.0108394
124 212 64 128 0.0112385
203 212 64 128 0.0131304
204 212 64 128 0.0185871
205 212 64 128 0.0363808
206 212 64 128 0.0393527
207 212 64 128 0.053113
208 212 64 128 0.058968
209 212 64 128 0.0426283
210 212 64 128 0.049986
211 212 64 128 0.0447055
212 212 64 128 0.0424926
213 212 64 128 0.0395401
214 212 64 128 0.024449
215 212 64 128 0.0205144
216 212 64 128 0.013101
314 212 64 128 0.0135336
315 212 64 128 0.0128786
316 212 64 128 0.0134927
317 212 64 128 0.0156916
318 212 64 128 0.0233522
319 212 64 128 0.0335114
16 213 64 128 0.0108962
17 213 64 128 0.0126376
18 213 64 128 0.0128808
19 213 64 128 0.0130784
20 213 64 128 0.0154156
21 213 64 128 0.0134792
22 213 64 128 0.0110863
121 213 64 128 0.0112756
122 213 64 128 0.012964
123 213 64 128 0.014982
124 213 64 128 0.0168133
125 213 64 128 0.0126218
126 213 64 128 0.0111581
202 213 64 128 0.0104296
203 213 64 128 0.0140446
204 213 64 128 0.0189926
205 213 64 128 0.0316584
206 213 64 128 0.0364887
207 213 64 128 0.0464195
208 213 64 128 0.0478793
209 213 64 128 0.0344202
210 213 64 128 0.0382726
211 213 64 128 0.0352179
212 213 64 128 0.0342179
213 213 64 128 0.0321536
214 213 64 128 0.0217384
215 213 64 128 0.0184627
216 213 64 128 0.0126546
314 213 64 128 0.0113345
315 213 64 128 0.0117214
316 213 64 128 0.0124679
317 213 64 128 0.0146649
318 213 64 128 0.0240058
319 213 64 128 0.0358488
15 214 64 128 0.0114503
16 214 64 128 0.0132322
17 214 64 128 0.0160111
18 214 64 128 0.016669
19 214 64 128 0.0160635
20 214 64 128 0.0179571
21 214 64 128 0.0167284
22 214 64 128 0.014035
23 214 64 128 0.0105224
120 214 64 128 0.0118422
121 214 64 128 0.0202951
122 214 64 128 0.0224759
123 214 64 128 0.0259596
124 214 64 128 0.0300971
125 214 64 128 0.022151
126 214 64 128 0.0220908
127 214 64 128 0.0185221
128 214 64 128 0.0138039
129 214 64 128 0.0129341
185 214 64 128 0.0113586
186 214 64 128 0.0128415
187 214 64 128 0.0168559
188 214 64 128 0.0196565
189 214 64 128 0.0167756
190 214 64 128 0.0176632
191 214 64 128 0.0175448
192 214 64 128 0.0132626
200 214 64 128 0.0123213
201 214 64 128 0.0117721
202 214 64 128 0.0156969
203 214 64 128 0.020413
204 214 64 128 0.0248415
205 214 64 128 0.0399151
206 214 64 128 0.0443567
207 214 64 128 0.0511912
208 214 64 128 0.049745
209 214 64 128 0.0346584
210 214 64 128 0.0374116
211 214 64 128 0.0339169
212 214 64 128 0.032424
213 214 64 128 0.0296011
214 214 64 128 0.0190719
215 214 64 128 0.016846
216 214 64 128 0.0113272
314 214 64 128 0.0113405
315 214 64 128 0.0122835
316 214 64 128 0.0141163
317 214 64 128 0.0161253
318 214 64 128 0.0267008
319 214 64 128 0.0419004
15 215 64 128 0.0136082
16 215 64 128 0.0160291
17 215 64 128 0.0199826
18 215 64 128 0.0212146
19 215 64 128 0.0199855
20 215 64 128 0.0215644
21 215 64 128 0.0215283
22 215 64 128 0.018618
23 215 64 128 0.0142435
103 215 64 128 0.0102327
104 215 64 128 0.0112527
105 215 64 128 0.0120583
106 215 64 128 0.0105433
120 215 64 128 0.0170901
121 215 64 128 0.0295815
122 215 64 128 0.0325308
123 215 64 128 0.0379522
124 215 64 128 0.0445254
125 215 64 128 0.032292
126 215 64 128 0.0343585
127 215 64 128 0.0297507
128 215 64 128 0.0214225
129 215 64 128 0.0194231
130 215 64 128 0.012089
185 215 64 128 0.0146781
186 215 64 128 0.0159861
187 215 64 128 0.0233276
188 215 64 128 0.029344
189 215 64 128 0.0247906
190 215 64 128 0.0250929
191 215 64 128 0.025598
192 215 64 128 0.01979
193 215 64 128 0.0125684
198 215 64 128 0.011578
199 215 64 128 0.0136932
200 215 64 128 0.018011
201 215 64 128 0.0158392
202 215 64 128 0.02097
203 215 64 128 0.0268281
204 215 64 128 0.0304594
205 215 64 128 0.0502439
206 215 64 128 0.0531983
207 215 64 128 0.0582033
208 215 64 128 0.0556629
209 215 64 128 0.037812
210 215 64 128 0.0411093
211 215 64 128 0.0361283
212 215 64 128 0.0334783
213 215 64 128 0.0295068
214 215 64 128 0.0169069
215 215 64 128 0.0154149
314 215 64 128 0.0122367
315 215 64 128 0.0133368
316 215 64 128 0.0163765
317 215 64 128 0.0179374
318 215 64 128 0.0288939
319 215 64 128 0.0472021
15 216 64 128 0.0136021
16 216 64 128 0.0156107
17 216 64 128 0.0198154
18 216 64 128 0.021101
19 216 64 128 0.0193548
20 216 64 128 0.0206879
21 216 64 128 0.0203412
22 216 64 128 0.0175519
23 216 64 128 0.01387
101 216 64 128 0.0106399
102 216 64 128 0.011677
103 216 64 128 0.0130784
104 216 64 128 0.0148952
105 216 64 128 0.0166128
106 216 64 128 0.0144186
107 216 64 128 0.0105786
119 216 64 128 0.0111032
120 216 64 128 0.0186299
121 216 64 128 0.031881
122 216 64 128 0.0351142
123 216 64 128 0.0420313
124 216 64 128 0.050206
125 216 64 128 0.0359848
126 216 64 128 0.0391369
127 216 64 128 0.0345541
128 216 64 128 0.0245526
129 216 64 128 0.0212728
130 216 64 128 0.0125603
185 216 64 128 0.0130971
186 216 64 128 0.0140522
187 216 64 128 0.021167
188 216 64 128 0.0267663
189 216 64 128 0.0219641
190 216 64 128 0.0220216
191 216 64 128 0.022688
192 216 64 128 0.0181892
193 216 64 128 0.0119421
198 216 64 128 0.0107045
199 216 64 128 0.0128959
200 216 64 128 0.0166537
201 216 64 128 0.0144821
202 216 64 128 0.0195755
203 216 64 128 0.0249044
204 216 64 128 0.0269719
205 216 64 128 0.0439899
206 216 64 128 0.046789
207 216 64 128 0.0508265
208 216 64 128 0.0481195
209 216 64 128 0.032681
210 216 64 128 0.0359261
211 216 64 128 0.0316962
212 216 64 128 0.0291764
213 216 64 128 0.0257256
214 216 64 128 0.0148667
215 216 64 128 0.0129474
314 216 64 128 0.0114079
315 216 64 128 0.0126067
316 216 64 128 0.0156945
317 216 64 128 0.0164074
318 216 64 128 0.0265333
319 216 64 128 0.0449829
15 217 64 128 0.0117666
16 217 64 128 0.0127925
17 217 64 128 0.0164641
18 217 64 128 0.0173752
19 217 64 128 0.0154037
20 217 64 128 0.0166569
21 217 64 128 0.0150587
22 217 64 128 0.0126948
23 217 64 128 0.0106633
102 217 64 128 0.0119225
103 217 64 128 0.0147215
104 217 64 128 0.017473
105 217 64 128 0.0202343
106 217 64 128 0.0174069
107 217 64 128 0.0133859
108 217 64 128 0.011638
119 217 64 128 0.0114692
120 217 64 128 0.0170146
121 217 64 128 0.0284713
122 217 64 128 0.0317885
123 217 64 128 0.039948
124 217 64 128 0.0490785
125 217 64 128 0.0352397
126 217 64 128 0.0386868
127 217 64 128 0.0353082
128 217 64 128 0.0259288
129 217 64 128 0.0214739
130 217 64 128 0.0112995
187 217 64 128 0.0135575
188 217 64 128 0.0162836
189 217 64 128 0.01267
190 217 64 128 0.0129345
191 217 64 128 0.0132286
192 217 64 128 0.011743
200 217 64 128 0.0117166
201 217 64 128 0.0107013
202 217 64 128 0.0146775
203 217 64 128 0.0184136
204 217 64 128 0.0189884
205 217 64 128 0.0284858
206 217 64 128 0.0320368
207 217 64 128 0.0353225
208 217 64 128 0.0326767
209 217 64 128 0.0228567
210 217 64 128 0.0250565
211 217 64 128 0.0228844
212 217 64 128 0.0214756
213 217 64 128 0.0196587
214 217 64 128 0.0130231
215 217 64 128 0.0101362
315 217 64 128 0.0103118
316 217 64 128 0.0125994
317 217 64 128 0.012501
318 217 64 128 0.0211495
319 217 64 128 0.0373236
15 218 64 128 0.0100268
16 218 64 128 0.0110046
17 218 64 128 0.0142039
18 218 64 128 0.0148587
19 218 64 128 0.0132712
20 218 64 128 0.0147917
21 218 64 128 0.0130369
22 218 64 128 0.011196
73 218 64 128 0.0112213
102 218 64 128 0.010841
103 218 64 128 0.0136847
104 218 64 128 0.0167182
105 218 64 128 0.0197523
106 218 64 128 0.0175855
107 218 64 128 0.0142506
108 218 64 128 0.0125698
109 218 64 128 0.0104583
119 218 64 128 0.0106437
120 218 64 128 0.0154121
121 218 64 128 0.0256196
122 218 64 128 0.0296795
123 218 64 128 0.0396188
124 218 64 128 0.049904
125 218 64 128 0.0372446
126 218 64 128 0.0416088
127 218 64 128 0.040286
128 218 64 128 0.032798
129 218 64 128 0.0274102
130 218 64 128 0.0138071
188 218 64 128 0.0112357
190 218 64 128 0.0101838
199 218 64 128 0.0106083
200 218 64 128 0.0124939
201 218 64 128 0.0119182
202 218 64 128 0.0150194
203 218 64 128 0.0180424
204 218 64 128 0.0187475
205 218 64 128 0.0259004
206 218 64 128 0.029034
207 218 64 128 0.031048
208 218 64 128 0.0281481
209 218 64 128 0.0204107
210 218 64 128 0.0212936
211 218 64 128 0.0191392
212 218 64 128 0.0181966
213 218 64 128 0.0170527
214 218 64 128 0.0116977
316 218 64 128 0.0100233
318 218 64 128 0.0175033
319 218 64 128 0.0314604
16 219 64 128 0.0107161
17 219 64 128 0.0137329
18 219 64 128 0.0143745
19 219 64 128 0.0135628
20 219 64 128 0.0156342
21 219 64 128 0.0149612
22 219 64 128 0.0136128
23 219 64 128 0.0117385
72 219 64 128 0.0121909
73 219 64 128 0.0126542
103 219 64 128 0.0105396
104 219 64 128 0.0131025
105 219 64 128 0.0155619
106 219 64 128 0.0150553
107 219 64 128 0.0129817
108 219 64 128 0.0107653
120 219 64 128 0.0144895
121 219 64 128 0.024482
122 219 64 128 0.0294193
123 219 64 128 0.0409441
124 219 64 128 0.0523911
125 219 64 128 0.0412317
126 219 64 128 0.0470136
127 219 64 128 0.0477196
128 219 64 128 0.0424625
129 219 64 128 0.0367606
130 219 64 128 0.0189942
131 219 64 128 0.0100465
187 219 64 128 0.0107881
188 219 64 128 0.0131999
189 219 64 128 0.0130178
190 219 64 128 0.0141694
191 219 64 128 0.0132853
192 219 64 128 0.012967
193 219 64 128 0.012251
197 219 64 128 0.0106499
198 219 64 128 0.0130544
199 219 64 128 0.0153371
200 219 64 128 0.0181591
201 219 64 128 0.017148
202 219 64 128 0.019991
203 219 64 128 0.0233214
204 219 64 128 0.0253171
205 219 64 128 0.0355826
206 219 64 128 0.0371434
207 219 64 128 0.0377608
208 219 64 128 0.034578
209 219 64 128 0.0251019
210 219 64 128 0.0247975
211 219 64 128 0.020784
212 219 64 128 0.0194225
213 219 64 128 0.0177296
214 219 64 128 0.0106654
318 219 64 128 0.0163188
319 219 64 128 0.0289048
17 220 64 128 0.0124541
18 220 64 128 0.0130613
19 220 64 128 0.0127166
20 220 64 128 0.0153361
21 220 64 128 0.0153881
22 220 64 128 0.0144471
23 220 64 128 0.0122408
64 220 64 128 0.0106863
65 220 64 128 0.0103195
71 220 64 128 0.0110315
72 220 64 128 0.0154735
73 220 64 128 0.0156096
74 220 64 128 0.0106104
105 220 64 128 0.0113159
106 220 64 128 0.0117701
107 220 64 128 0.0106685
120 220 64 128 0.012605
121 220 64 128 0.0215011
122 220 64 128 0.0256839
123 220 64 128 0.0365013
124 220 64 128 0.0479792
125 220 64 128 0.0391811
126 220 64 128 0.0453636
127 220 64 128 0.0467173
128 220 64 128 0.0432174
129 220 64 128 0.0384045
130 220 64 128 0.0197843
131 220 64 128 0.0103029
187 220 64 128 0.0104278
188 220 64 128 0.0129516
189 220 64 128 0.0133388
190 220 64 128 0.0143588
191 220 64 128 0.0133353
192 220 64 128 0.0125173
193 220 64 128 0.0116781
197 220 64 128 0.0108322
198 220 64 128 0.0134606
199 220 64 128 0.015846
200 220 64 128 0.0186658
201 220 64 128 0.0177602
202 220 64 128 0.0204563
203 220 64 128 0.023603
204 220 64 128 0.0257624
205 220 64 128 0.0360335
206 220 64 128 0.0367965
207 220 64 128 0.0373006
208 220 64 128 0.0348297
209 220 64 128 0.0254255
210 220 64 128 0.0241531
211 220 64 128 0.0197742
212 220 64 128 0.0181465
213 220 64 128 0.0160919
318 220 64 128 0.0146098
319 220 64 128 0.0258899
18 221 64 128 0.0101884
20 221 64 128 0.0128826
21 221 64 128 0.0127684
22 221 64 128 0.0120579
23 221 64 128 0.0101433
63 221 64 128 0.0118016
64 221 64 128 0.0131714
65 221 64 128 0.0128232
66 221 64 128 0.0109982
67 221 64 128 0.0114168
68 221 64 128 0.0113999
69 221 64 128 0.0102337
70 221 64 128 0.0114033
71 221 64 128 0.0130391
72 221 64 128 0.0193212
73 221 64 128 0.0200256
74 221 64 128 0.0137889
75 221 64 128 0.0119843
121 221 64 128 0.0158219
122 221 64 128 0.0175182
123 221 64 128 0.0251453
124 221 64 128 0.0351822
125 221 64 128 0.0294976
126 221 64 128 0.0349413
127 221 64 128 0.0353787
128 221 64 128 0.0327589
129 221 64 128 0.0299437
130 221 64 128 0.0146906
199 221 64 128 0.0105118
200 221 64 128 0.0118785
201 221 64 128 0.0120088
202 221 64 128 0.0144971
203 221 64 128 0.016641
204 221 64 128 0.0173036
205 221 64 128 0.0220188
206 221 64 128 0.0233314
207 221 64 128 0.0251069
208 221 64 128 0.024254
209 221 64 128 0.0182913
210 221 64 128 0.0162654
211 221 64 128 0.0138128
212 221 64 128 0.0124485
213 221 64 128 0.010769
318 221 64 128 0.0116176
319 221 64 128 0.0214543
20 222 64 128 0.0113718
21 222 64 128 0.0112111
22 222 64 128 0.0104093
62 222 64 128 0.0109533
63 222 64 128 0.0145506
64 222 64 128 0.0161972
65 222 64 128 0.016038
66 222 64 128 0.0133081
67 222 64 128 0.0131365
68 222 64 128 0.0128643
69 222 64 128 0.0114566
70 222 64 128 0.0125861
71 222 64 128 0.0136993
72 222 64 128 0.0201266
73 222 64 128 0.0213066
74 222 64 128 0.0152152
75 222 64 128 0.0134246
121 222 64 128 0.0105426
122 222 64 128 0.0102712
123 222 64 128 0.0147257
124 222 64 128 0.0226527
125 222 64 128 0.0197802
126 222 64 128 0.0252074
127 222 64 128 0.0246137
128 222 64 128 0.0221539
129 222 64 128 0.0214072
130 222 64 128 0.0102065
202 222 64 128 0.0105352
203 222 64 128 0.0122368
204 222 64 128 0.0117096
205 222 64 128 0.0116966
206 222 64 128 0.0135151
207 222 64 128 0.0162028
208 222 64 128 0.0162237
209 222 64 128 0.0127353
210 222 64 128 0.0100529
319 222 64 128 0.0187564
20 223 64 128 0.0122493
21 223 64 128 0.0126566
22 223 64 128 0.0115431
62 223 64 128 0.0136731
63 223 64 128 0.0181208
64 223 64 128 0.0200169
65 223 64 128 0.0203211
66 223 64 128 0.0166433
67 223 64 128 0.0154442
68 223 64 128 0.014704
69 223 64 128 0.0129559
70 223 64 128 0.0134233
71 223 64 128 0.0131493
72 223 64 128 0.0171734
73 223 64 128 0.018149
74 223 64 128 0.0137325
75 223 64 128 0.0117281
123 223 64 128 0.0102298
124 223 64 128 0.016167
125 223 64 128 0.0150488
126 223 64 128 0.0219359
127 223 64 128 0.0210731
128 223 64 128 0.0183749
129 223 64 128 0.0190573
130 223 64 128 0.0100724
202 223 64 128 0.0126827
203 223 64 128 0.0151158
204 223 64 128 0.0148006
205 223 64 128 0.0146947
206 223 64 128 0.0161253
207 223 64 128 0.0184338
208 223 64 128 0.0178441
209 223 64 128 0.0134855
210 223 64 128 0.0103
318 223 64 128 0.0103942
319 223 64 128 0.0191667
20 224 64 128 0.0129003
21 224 64 128 0.0136776
22 224 64 128 0.0126546
23 224 64 128 0.0100267
62 224 64 128 0.0150596
63 224 64 128 0.0201172
64 224 64 128 0.0225553
65 224 64 128 0.023991
66 224 64 128 0.0200143
67 224 64 128 0.0181835
68 224 64 128 0.0170902
69 224 64 128 0.0150358
70 224 64 128 0.0151294
71 224 64 128 0.0141423
72 224 64 128 0.0162434
73 224 64 128 0.0167832
74 224 64 128 0.0134039
75 224 64 128 0.0107801
124 224 64 128 0.0139837
125 224 64 128 0.0135663
126 224 64 128 0.021539
127 224 64 128 0.0206082
128 224 64 128 0.0178541
129 224 64 128 0.01944
130 224 64 128 0.0110934
188 224 64 128 0.0105948
189 224 64 128 0.0107825
190 224 64 128 0.0108683
191 224 64 128 0.0112805
192 224 64 128 0.0112217
200 224 64 128 0.0107144
201 224 64 128 0.0113389
202 224 64 128 0.0145214
203 224 64 128 0.0176203
204 224 64 128 0.0178192
205 224 64 128 0.0193561
206 224 64 128 0.0200774
207 224 64 128 0.0217496
208 224 64 128 0.0204545
209 224 64 128 0.0144721
210 224 64 128 0.0113721
318 224 64 128 0.0111679
319 224 64 128 0.0197142
20 225 64 128 0.0112902
21 225 64 128 0.0116838
22 225 64 128 0.0115043
23 225 64 128 0.0100464
62 225 64 128 0.013937
63 225 64 128 0.0189389
64 225 64 128 0.0223198
65 225 64 128 0.0255391
66 225 64 128 0.0222609
67 225 64 128 0.0207291
68 225 64 128 0.019612
69 225 64 128 0.0174008
70 225 64 128 0.0180346
71 225 64 128 0.017962
72 225 64 128 0.0207635
73 225 64 128 0.0210548
74 225 64 128 0.0166605
75 225 64 128 0.0130773
124 225 64 128 0.0136346
125 225 64 128 0.0131189
126 225 64 128 0.0204547
127 225 64 128 0.0192651
128 225 64 128 0.0171259
129 225 64 128 0.0193241
130 225 64 128 0.010699
202 225 64 128 0.0113741
203 225 64 128 0.0141231
204 225 64 128 0.0141337
205 225 64 128 0.0161578
206 225 64 128 0.0164319
207 225 64 128 0.0180121
208 225 64 128 0.0169399
209 225 64 128 0.010928
318 225 64 128 0.0104089
319 225 64 128 0.0180888
62 226 64 128 0.0119487
63 226 64 128 0.0165949
64 226 64 128 0.0206323
65 226 64 128 0.0248327
66 226 64 128 0.0222943
67 226 64 128 0.0212543
68 226 64 128 0.0201494
69 226 64 128 0.0178928
70 226 64 128 0.0192245
71 226 64 128 0.0200993
72 226 64 128 0.0239484
73 226 64 128 0.0240849
74 226 64 128 0.0185677
75 226 64 128 0.0145616
124 226 64 128 0.0133313
125 226 64 128 0.0126728
126 226 64 128 0.0189686
127 226 64 128 0.018062
128 226 64 128 0.0172945
129 226 64 128 0.0201064
130 226 64 128 0.0111212
203 226 64 128 0.0105281
205 226 64 128 0.0110238
206 226 64 128 0.0111576
207 226 64 128 0.0124496
208 226 64 128 0.0115119
319 226 64 128 0.0158588
62 227 64 128 0.0107893
63 227 64 128 0.0151708
64 227 64 128 0.0189204
65 227 64 128 0.0220514
66 227 64 128 0.0193949
67 227 64 128 0.0182977
68 227 64 128 0.0169805
69 227 64 128 0.0147515
70 227 64 128 0.0161069
71 227 64 128 0.0163622
72 227 64 128 0.0191682
73 227 64 128 0.0191067
74 227 64 128 0.0144038
75 227 64 128 0.0112551
124 227 64 128 0.011814
125 227 64 128 0.0116183
126 227 64 128 0.0179431
127 227 64 128 0.0185062
128 227 64 128 0.0197682
129 227 64 128 0.0234201
130 227 64 128 0.0146043
202 227 64 128 0.0108899
203 227 64 128 0.0128972
204 227 64 128 0.011408
205 227 64 128 0.0109495
206 227 64 128 0.0111614
207 227 64 128 0.0112381
319 227 64 128 0.0148932
63 228 64 128 0.0134339
64 228 64 128 0.016257
65 228 64 128 0.0175553
66 228 64 128 0.0146527
67 228 64 128 0.0134974
68 228 64 128 0.0121753
69 228 64 128 0.0101609
70 228 64 128 0.0110694
71 228 64 128 0.0101306
72 228 64 128 0.0110775
73 228 64 128 0.0109438
125 228 64 128 0.0103003
126 228 64 128 0.0172304
127 228 64 128 0.0194922
128 228 64 128 0.022813
129 228 64 128 0.0273495
130 228 64 128 0.0185217
131 228 64 128 0.0131572
198 228 64 128 0.0119238
199 228 64 128 0.0134262
200 228 64 128 0.0125201
201 228 64 128 0.0118147
202 228 64 128 0.0142596
203 228 64 128 0.01625
204 228 64 128 0.014339
205 228 64 128 0.012527
206 228 64 128 0.0128192
207 228 64 128 0.011659
319 228 64 128 0.0146126
64 229 64 128 0.0113638
65 229 64 128 0.0119203
126 229 64 128 0.0163849
127 229 64 128 0.0192792
128 229 64 128 0.0239596
129 229 64 128 0.0291559
130 229 64 128 0.0192703
131 229 64 128 0.0142207
198 229 64 128 0.0101489
199 229 64 128 0.0115555
200 229 64 128 0.0107214
201 229 64 128 0.0101812
202 229 64 128 0.0119248
203 229 64 128 0.0132633
204 229 64 128 0.0116833
206 229 64 128 0.0100795
319 229 64 128 0.0137964
126 230 64 128 0.0151574
127 230 64 128 0.017745
128 230 64 128 0.0229237
129 230 64 128 0.0286307
130 230 64 128 0.0179927
131 230 64 128 0.0136663
319 230 64 128 0.0123711
126 231 64 128 0.0134231
127 231 64 128 0.0155621
128 231 64 128 0.0205089
129 231 64 128 0.0267876
130 231 64 128 0.0179289
131 231 64 128 0.0143173
319 231 64 128 0.0108093
126 232 64 128 0.0114512
127 232 64 128 0.0133515
128 232 64 128 0.0176692
129 232 64 128 0.0242887
130 232 64 128 0.018878
131 232 64 128 0.0159438
132 232 64 128 0.0100478
127 233 64 128 0.011665
128 233 64 128 0.0154262
129 233 64 128 0.0215153
130 233 64 128 0.0181415
131 233 64 128 0.0160958
132 233 64 128 0.0101398
127 234 64 128 0.0103009
128 234 64 128 0.0137184
129 234 64 128 0.0184821
130 234 64 128 0.0151225
131 234 64 128 0.0140896
128 235 64 128 0.0112906
129 235 64 128 0.014811
130 235 64 128 0.0116167
131 235 64 128 0.011258
129 236 64 128 0.0105786
