263 0 64 128 0.0691201
264 0 64 128 0.287561
265 0 64 128 0.662465
266 0 64 128 0.88471
267 0 64 128 0.544616
268 0 64 128 0.062861
263 1 64 128 0.0586137
264 1 64 128 0.25819
265 1 64 128 0.63803
266 1 64 128 0.863099
267 1 64 128 0.525656
268 1 64 128 0.0536008
263 2 64 128 0.0399543
264 2 64 128 0.204035
265 2 64 128 0.584931
266 2 64 128 0.819043
267 2 64 128 0.490769
268 2 64 128 0.0354459
263 3 64 128 0.0296437
264 3 64 128 0.168783
265 3 64 128 0.529953
266 3 64 128 0.779313
267 3 64 128 0.468029
268 3 64 128 0.021069
263 4 64 128 0.0264222
264 4 64 128 0.149908
265 4 64 128 0.477416
266 4 64 128 0.742667
267 4 64 128 0.454157
268 4 64 128 0.0118889
263 5 64 128 0.0226974
264 5 64 128 0.128501
265 5 64 128 0.42351
266 5 64 128 0.698396
267 5 64 128 0.435089
263 6 64 128 0.0176128
264 6 64 128 0.104118
265 6 64 128 0.371684
266 6 64 128 0.651834
267 6 64 128 0.412753
263 7 64 128 0.014221
264 7 64 128 0.0869063
265 7 64 128 0.32925
266 7 64 128 0.617
267 7 64 128 0.397989
263 8 64 128 0.0129066
264 8 64 128 0.0773526
265 8 64 128 0.293972
266 8 64 128 0.58969
267 8 64 128 0.388324
263 9 64 128 0.0116379
264 9 64 128 0.0672587
265 9 64 128 0.25523
266 9 64 128 0.54967
267 9 64 128 0.369515
264 10 64 128 0.0542283
265 10 64 128 0.212766
266 10 64 128 0.496389
267 10 64 128 0.340654
264 11 64 128 0.0440536
265 11 64 128 0.180582
266 11 64 128 0.456389
267 11 64 128 0.319234
264 12 64 128 0.0394986
265 12 64 128 0.164052
266 12 64 128 0.439224
267 12 64 128 0.311503
264 13 64 128 0.0360142
265 13 64 128 0.149008
266 13 64 128 0.416122
267 13 64 128 0.29828
264 14 64 128 0.0300778
265 14 64 128 0.12458
266 14 64 128 0.367126
267 14 64 128 0.266655
264 15 64 128 0.024171
265 15 64 128 0.0976913
266 15 64 128 0.314538
267 15 64 128 0.233079
264 16 64 128 0.021092
265 16 64 128 0.0769237
266 16 64 128 0.282413
267 16 64 128 0.214783
264 17 64 128 0.019368
265 17 64 128 0.0617822
266 17 64 128 0.262387
267 17 64 128 0.2043
264 18 64 128 0.0165479
265 18 64 128 0.0492386
266 18 64 128 0.2381
267 18 64 128 0.188275
264 19 64 128 0.0129527
265 19 64 128 0.0385139
266 19 64 128 0.209657
267 19 64 128 0.167565
264 20 64 128 0.0101461
265 20 64 128 0.0299092
266 20 64 128 0.184708
267 20 64 128 0.14947
265 21 64 128 0.0237126
266 21 64 128 0.165729
267 21 64 128 0.135956
265 22 64 128 0.0201576
266 22 64 128 0.151382
267 22 64 128 0.125098
265 23 64 128 0.0184112
266 23 64 128 0.139615
267 23 64 128 0.11539
265 24 64 128 0.0164987
266 24 64 128 0.127723
267 24 64 128 0.105883
265 25 64 128 0.0134858
266 25 64 128 0.114693
267 25 64 128 0.0962689
265 26 64 128 0.010224
266 26 64 128 0.102315
267 26 64 128 0.0872284
266 27 64 128 0.0918763
267 27 64 128 0.0792185
266 28 64 128 0.0827793
267 28 64 128 0.0719131
266 29 64 128 0.0744992
267 29 64 128 0.0651379
266 30 64 128 0.0679178
267 30 64 128 0.0597765
266 31 64 128 0.0638423
267 31 64 128 0.056594
266 32 64 128 0.060498
267 32 64 128 0.0540275
266 33 64 128 0.0553938
267 33 64 128 0.049863
266 34 64 128 0.04881
267 34 64 128 0.044329
266 35 64 128 0.0425863
267 35 64 128 0.0390322
266 36 64 128 0.0373964
267 36 64 128 0.0346126
266 37 64 128 0.0328697
267 37 64 128 0.0308406
266 38 64 128 0.0285612
267 38 64 128 0.0273074
266 39 64 128 0.0239783
267 39 64 128 0.0234114
266 40 64 128 0.0191484
267 40 64 128 0.0190992
266 41 64 128 0.0151341
267 41 64 128 0.0154285
266 42 64 128 0.0126488
267 42 64 128 0.0131391
266 43 64 128 0.0109663
267 43 64 128 0.0115983
267 44 64 128 0.0100608
268 68 64 128 0.0103583
268 69 64 128 0.0115962
268 70 64 128 0.0122315
268 71 64 128 0.0125324
268 72 64 128 0.0127692
268 73 64 128 0.0126399
268 74 64 128 0.0117979
268 75 64 128 0.0108341
268 76 64 128 0.0106751
268 77 64 128 0.0110549
268 78 64 128 0.0109223
268 79 64 128 0.0102638
268 80 64 128 0.01014
268 81 64 128 0.0106088
268 82 64 128 0.0100996
