0 100 85 170 0.0109784
0 101 85 170 0.0134473
0 102 85 170 0.01548
0 103 85 170 0.016479
1 103 85 170 0.0103704
0 104 85 170 0.0160067
1 104 85 170 0.0101034
0 105 85 170 0.014483
0 106 85 170 0.0126147
0 107 85 170 0.0111089
0 108 85 170 0.0106705
0 109 85 170 0.0115896
0 110 85 170 0.0132716
0 111 85 170 0.0150079
0 112 85 170 0.01609
1 112 85 170 0.0102425
0 113 85 170 0.0158421
1 113 85 170 0.0100549
0 114 85 170 0.0142514
0 115 85 170 0.0119187
10 5 64 128 0.0120496
11 5 64 128 0.0233309
12 5 64 128 0.0207916
13 5 64 128 0.0112514
9 6 64 128 0.013281
10 6 64 128 0.0257035
11 6 64 128 0.0608596
12 6 64 128 0.0599931
13 6 64 128 0.0343715
14 6 64 128 0.0138971
10 7 64 128 0.0236762
11 7 64 128 0.0999297
12 7 64 128 0.120182
13 7 64 128 0.0761815
14 7 64 128 0.0260611
9 8 64 128 0.0118894
10 8 64 128 0.0421742
11 8 64 128 0.175224
12 8 64 128 0.227284
13 8 64 128 0.1646
14 8 64 128 0.0667284
7 9 64 128 0.0105744
8 9 64 128 0.0343581
9 9 64 128 0.0785388
10 9 64 128 0.163086
11 9 64 128 0.36227
12 9 64 128 0.427893
13 9 64 128 0.345926
14 9 64 128 0.183049
6 10 64 128 0.0243073
7 10 64 128 0.0306089
8 10 64 128 0.0828453
9 10 64 128 0.198916
10 10 64 128 0.372813
11 10 64 128 0.633184
12 10 64 128 0.688735
13 10 64 128 0.593347
14 10 64 128 0.361422
15 10 64 128 0.0190169
6 11 64 128 0.0298284
7 11 64 128 0.041824
8 11 64 128 0.113817
9 11 64 128 0.282338
10 11 64 128 0.527855
11 11 64 128 0.819844
12 11 64 128 0.868775
13 11 64 128 0.781402
14 11 64 128 0.505938
15 11 64 128 0.0289474
17 11 64 128 0.0105687
6 12 64 128 0.0252439
7 12 64 128 0.0419135
8 12 64 128 0.119146
9 12 64 128 0.300146
10 12 64 128 0.564767
11 12 64 128 0.844831
12 12 64 128 0.902151
13 12 64 128 0.848966
14 12 64 128 0.571608
15 12 64 128 0.0393362
17 12 64 128 0.0112835
6 13 64 128 0.0448793
7 13 64 128 0.0631436
8 13 64 128 0.157388
9 13 64 128 0.36123
10 13 64 128 0.601048
11 13 64 128 0.834772
12 13 64 128 0.890893
13 13 64 128 0.879518
14 13 64 128 0.628497
15 13 64 128 0.0736332
5 14 64 128 0.0205469
6 14 64 128 0.103986
7 14 64 128 0.120277
8 14 64 128 0.258212
9 14 64 128 0.526777
10 14 64 128 0.717893
11 14 64 128 0.889582
12 14 64 128 0.9195
13 14 64 128 0.939933
14 14 64 128 0.725755
15 14 64 128 0.14071
5 15 64 128 0.0287759
6 15 64 128 0.144695
7 15 64 128 0.159942
8 15 64 128 0.335168
9 15 64 128 0.655808
10 15 64 128 0.813641
11 15 64 128 0.947673
12 15 64 128 0.953557
13 15 64 128 0.989935
14 15 64 128 0.803084
15 15 64 128 0.195651
5 16 64 128 0.0236907
6 16 64 128 0.115873
7 16 64 128 0.135072
8 16 64 128 0.310047
9 16 64 128 0.618108
10 16 64 128 0.78817
11 16 64 128 0.93868
12 16 64 128 0.948998
13 16 64 128 0.984127
14 16 64 128 0.800148
15 16 64 128 0.197355
5 17 64 128 0.0161128
6 17 64 128 0.0710094
7 17 64 128 0.0962026
8 17 64 128 0.258559
9 17 64 128 0.533672
10 17 64 128 0.726926
11 17 64 128 0.905766
12 17 64 128 0.929498
13 17 64 128 0.95594
14 17 64 128 0.762906
15 17 64 128 0.176022
5 18 64 128 0.0206532
6 18 64 128 0.0830768
7 18 64 128 0.111579
8 18 64 128 0.284502
9 18 64 128 0.569294
10 18 64 128 0.751249
11 18 64 128 0.915753
12 18 64 128 0.932853
13 18 64 128 0.95385
14 18 64 128 0.758078
15 18 64 128 0.17671
5 19 64 128 0.0299693
6 19 64 128 0.12119
7 19 64 128 0.148799
8 19 64 128 0.334268
9 19 64 128 0.645081
10 19 64 128 0.809015
11 19 64 128 0.942946
12 19 64 128 0.941687
13 19 64 128 0.951027
14 19 64 128 0.754595
15 19 64 128 0.186415
5 20 64 128 0.0275527
6 20 64 128 0.110575
7 20 64 128 0.133143
8 20 64 128 0.2888
9 20 64 128 0.57826
10 20 64 128 0.775208
11 20 64 128 0.922845
12 20 64 128 0.916071
13 20 64 128 0.890789
14 20 64 128 0.682238
15 20 64 128 0.167852
5 21 64 128 0.0159735
6 21 64 128 0.0594238
7 21 64 128 0.0732666
8 21 64 128 0.169438
9 21 64 128 0.401984
10 21 64 128 0.669045
11 21 64 128 0.868871
12 21 64 128 0.870636
13 21 64 128 0.803715
14 21 64 128 0.578807
15 21 64 128 0.133703
5 22 64 128 0.0112192
6 22 64 128 0.0344619
7 22 64 128 0.0367525
8 22 64 128 0.0965127
9 22 64 128 0.301479
10 22 64 128 0.611363
11 22 64 128 0.849081
12 22 64 128 0.857964
13 22 64 128 0.780707
14 22 64 128 0.556797
15 22 64 128 0.131501
5 23 64 128 0.0160728
6 23 64 128 0.0493585
7 23 64 128 0.0410041
8 23 64 128 0.100146
9 23 64 128 0.318363
10 23 64 128 0.627506
11 23 64 128 0.873117
12 23 64 128 0.882041
13 23 64 128 0.825707
14 23 64 128 0.621401
15 23 64 128 0.166435
16 23 64 128 0.0197165
5 24 64 128 0.0187508
6 24 64 128 0.0591006
7 24 64 128 0.0477742
8 24 64 128 0.11058
9 24 64 128 0.335465
10 24 64 128 0.637278
11 24 64 128 0.886313
12 24 64 128 0.893609
13 24 64 128 0.847554
14 24 64 128 0.660402
15 24 64 128 0.197203
16 24 64 128 0.0285051
5 25 64 128 0.0143215
6 25 64 128 0.0434369
7 25 64 128 0.0380413
8 25 64 128 0.0922269
9 25 64 128 0.2959
10 25 64 128 0.603866
11 25 64 128 0.866114
12 25 64 128 0.874748
13 25 64 128 0.809647
14 25 64 128 0.625752
15 25 64 128 0.206375
16 25 64 128 0.0332447
5 26 64 128 0.0101867
6 26 64 128 0.0271845
7 26 64 128 0.0286024
8 26 64 128 0.0732431
9 26 64 128 0.253796
10 26 64 128 0.56964
11 26 64 128 0.84743
12 26 64 128 0.862832
13 26 64 128 0.77187
14 26 64 128 0.583358
15 26 64 128 0.21913
16 26 64 128 0.0435959
5 27 64 128 0.0110469
6 27 64 128 0.027217
7 27 64 128 0.0306575
8 27 64 128 0.0726176
9 27 64 128 0.244449
10 27 64 128 0.558816
11 27 64 128 0.850251
12 27 64 128 0.874867
13 27 64 128 0.767744
14 27 64 128 0.57622
15 27 64 128 0.247479
16 27 64 128 0.0629092
5 28 64 128 0.012082
6 28 64 128 0.0304054
7 28 64 128 0.0333434
8 28 64 128 0.0720452
9 28 64 128 0.231059
10 28 64 128 0.532484
11 28 64 128 0.844417
12 28 64 128 0.864667
13 28 64 128 0.743319
14 28 64 128 0.564478
15 28 64 128 0.261016
16 28 64 128 0.0761877
17 28 64 128 0.0122554
21 28 64 128 0.0134628
6 29 64 128 0.0240303
7 29 64 128 0.0265604
8 29 64 128 0.0550183
9 29 64 128 0.181186
10 29 64 128 0.458059
11 29 64 128 0.803118
12 29 64 128 0.796496
13 29 64 128 0.655168
14 29 64 128 0.51162
15 29 64 128 0.235825
16 29 64 128 0.0720738
17 29 64 128 0.0136975
21 29 64 128 0.0146803
6 30 64 128 0.0147885
7 30 64 128 0.0162874
8 30 64 128 0.0341814
9 30 64 128 0.122156
10 30 64 128 0.365076
11 30 64 128 0.742373
12 30 64 128 0.712851
13 30 64 128 0.552776
14 30 64 128 0.443385
15 30 64 128 0.19846
16 30 64 128 0.0642758
17 30 64 128 0.0154273
21 30 64 128 0.0216504
22 30 64 128 0.0137877
6 31 64 128 0.0121102
7 31 64 128 0.0108753
8 31 64 128 0.025865
9 31 64 128 0.0888581
10 31 64 128 0.291317
11 31 64 128 0.682793
12 31 64 128 0.662019
13 31 64 128 0.49356
14 31 64 128 0.392426
15 31 64 128 0.180628
16 31 64 128 0.0685173
17 31 64 128 0.0202933
20 31 64 128 0.0143258
21 31 64 128 0.0425209
22 31 64 128 0.0267283
6 32 64 128 0.0130892
8 32 64 128 0.0252854
9 32 64 128 0.0729153
10 32 64 128 0.23198
11 32 64 128 0.608857
12 32 64 128 0.610237
13 32 64 128 0.443964
14 32 64 128 0.340367
15 32 64 128 0.169873
16 32 64 128 0.075216
17 32 64 128 0.0244941
19 32 64 128 0.0111802
20 32 64 128 0.0207803
21 32 64 128 0.0626797
22 32 64 128 0.039613
6 33 64 128 0.0108484
8 33 64 128 0.0207454
9 33 64 128 0.0517607
10 33 64 128 0.168531
11 33 64 128 0.495902
12 33 64 128 0.500366
13 33 64 128 0.343728
14 33 64 128 0.254389
15 33 64 128 0.139998
16 33 64 128 0.0671937
17 33 64 128 0.0224465
19 33 64 128 0.0114684
20 33 64 128 0.0213452
21 33 64 128 0.0616157
22 33 64 128 0.0398411
8 34 64 128 0.0124305
9 34 64 128 0.0269441
10 34 64 128 0.10851
11 34 64 128 0.367049
12 34 64 128 0.357094
13 34 64 128 0.215273
14 34 64 128 0.153535
15 34 64 128 0.0970119
16 34 64 128 0.0485616
17 34 64 128 0.0163525
19 34 64 128 0.0100718
20 34 64 128 0.0179102
21 34 64 128 0.0475022
22 34 64 128 0.0322895
9 35 64 128 0.0133859
10 35 64 128 0.0734365
11 35 64 128 0.270935
12 35 64 128 0.249815
13 35 64 128 0.126358
14 35 64 128 0.0850459
15 35 64 128 0.0647376
16 35 64 128 0.0351811
17 35 64 128 0.0126609
20 35 64 128 0.0166043
21 35 64 128 0.044017
22 35 64 128 0.0312629
9 36 64 128 0.0119598
10 36 64 128 0.0608233
11 36 64 128 0.210697
12 36 64 128 0.188568
13 36 64 128 0.0878068
14 36 64 128 0.0561102
15 36 64 128 0.0475739
16 36 64 128 0.0296345
17 36 64 128 0.0120593
20 36 64 128 0.017439
21 36 64 128 0.0510096
22 36 64 128 0.0361944
9 37 64 128 0.011219
10 37 64 128 0.0473294
11 37 64 128 0.149909
12 37 64 128 0.131483
13 37 64 128 0.0604885
14 37 64 128 0.0387836
15 37 64 128 0.0328643
16 37 64 128 0.0228683
17 37 64 128 0.010206
20 37 64 128 0.0151143
21 37 64 128 0.0476275
22 37 64 128 0.0336144
10 38 64 128 0.0252015
11 38 64 128 0.0795748
12 38 64 128 0.0658037
13 38 64 128 0.0278106
14 38 64 128 0.0196496
15 38 64 128 0.0161371
16 38 64 128 0.0122244
21 38 64 128 0.0290428
22 38 64 128 0.0206721
11 39 64 128 0.0283377
12 39 64 128 0.0191782
21 39 64 128 0.0123184
11 40 64 128 0.0107667
12 115 64 128 0.0116666
13 115 64 128 0.0111385
12 116 64 128 0.0211321
13 116 64 128 0.0192692
6 117 64 128 0.0132806
7 117 64 128 0.0307773
8 117 64 128 0.0317288
9 117 64 128 0.0203307
10 117 64 128 0.0244258
11 117 64 128 0.0321081
12 117 64 128 0.0509233
13 117 64 128 0.0414096
5 118 64 128 0.0103145
6 118 64 128 0.0284756
7 118 64 128 0.0679169
8 118 64 128 0.0699928
9 118 64 128 0.0448398
10 118 64 128 0.0559872
11 118 64 128 0.0726181
12 118 64 128 0.109701
13 118 64 128 0.0873262
14 118 64 128 0.0193247
5 119 64 128 0.0118813
6 119 64 128 0.0354904
7 119 64 128 0.103116
8 119 64 128 0.10964
9 119 64 128 0.0713326
10 119 64 128 0.0977616
11 119 64 128 0.125738
12 119 64 128 0.203536
13 119 64 128 0.16685
14 119 64 128 0.035346
45 119 64 128 0.011448
46 119 64 128 0.0105886
5 120 64 128 0.0158212
6 120 64 128 0.0476889
7 120 64 128 0.151116
8 120 64 128 0.16499
9 120 64 128 0.116398
10 120 64 128 0.16813
11 120 64 128 0.205167
12 120 64 128 0.332211
13 120 64 128 0.280252
14 120 64 128 0.0666519
15 120 64 128 0.0124014
45 120 64 128 0.0134639
46 120 64 128 0.0128281
5 121 64 128 0.0369474
6 121 64 128 0.097886
7 121 64 128 0.249645
8 121 64 128 0.271261
9 121 64 128 0.214865
10 121 64 128 0.302114
11 121 64 128 0.33892
12 121 64 128 0.489812
13 121 64 128 0.419499
14 121 64 128 0.128496
15 121 64 128 0.0259804
45 121 64 128 0.0168981
46 121 64 128 0.0163944
47 121 64 128 0.010836
5 122 64 128 0.070332
6 122 64 128 0.175975
7 122 64 128 0.382207
8 122 64 128 0.411329
9 122 64 128 0.350686
10 122 64 128 0.479888
11 122 64 128 0.509387
12 122 64 128 0.65079
13 122 64 128 0.560294
14 122 64 128 0.211828
15 122 64 128 0.0451414
45 122 64 128 0.0213404
46 122 64 128 0.0211348
47 122 64 128 0.0154906
4 123 64 128 0.0115259
5 123 64 128 0.0868453
6 123 64 128 0.219167
7 123 64 128 0.465784
8 123 64 128 0.503911
9 123 64 128 0.445515
10 123 64 128 0.614507
11 123 64 128 0.643107
12 123 64 128 0.766133
13 123 64 128 0.659076
14 123 64 128 0.277969
15 123 64 128 0.0614456
45 123 64 128 0.023676
46 123 64 128 0.0250126
47 123 64 128 0.0184368
4 124 64 128 0.0103924
5 124 64 128 0.0799699
6 124 64 128 0.210727
7 124 64 128 0.473156
8 124 64 128 0.521822
9 124 64 128 0.472409
10 124 64 128 0.668398
11 124 64 128 0.70767
12 124 64 128 0.817747
13 124 64 128 0.703307
14 124 64 128 0.316313
15 124 64 128 0.0742946
45 124 64 128 0.0247456
46 124 64 128 0.0290136
47 124 64 128 0.0201215
4 125 64 128 0.0113734
5 125 64 128 0.0874419
6 125 64 128 0.224427
7 125 64 128 0.487085
8 125 64 128 0.54447
9 125 64 128 0.505847
10 125 64 128 0.702228
11 125 64 128 0.752363
12 125 64 128 0.846991
13 125 64 128 0.739616
14 125 64 128 0.371151
15 125 64 128 0.098247
44 125 64 128 0.0100669
45 125 64 128 0.0329569
46 125 64 128 0.0398853
47 125 64 128 0.0283191
48 125 64 128 0.011281
4 126 64 128 0.0172436
5 126 64 128 0.12917
6 126 64 128 0.301329
7 126 64 128 0.560633
8 126 64 128 0.623044
9 126 64 128 0.591942
10 126 64 128 0.761486
11 126 64 128 0.813924
12 126 64 128 0.88576
13 126 64 128 0.798621
14 126 64 128 0.464776
15 126 64 128 0.140361
16 126 64 128 0.013583
32 126 64 128 0.0102217
34 126 64 128 0.0104437
35 126 64 128 0.0103056
36 126 64 128 0.0103296
44 126 64 128 0.0154705
45 126 64 128 0.0514719
46 126 64 128 0.0595923
47 126 64 128 0.0458919
48 126 64 128 0.021862
4 127 64 128 0.0217495
5 127 64 128 0.161238
6 127 64 128 0.36256
7 127 64 128 0.62954
8 127 64 128 0.696628
9 127 64 128 0.665844
10 127 64 128 0.818938
11 127 64 128 0.868834
12 127 64 128 0.921152
13 127 64 128 0.84773
14 127 64 128 0.540642
15 127 64 128 0.181896
16 127 64 128 0.0205146
31 127 64 128 0.0100028
32 127 64 128 0.011693
33 127 64 128 0.0106284
34 127 64 128 0.0123744
35 127 64 128 0.0136786
36 127 64 128 0.0137059
44 127 64 128 0.0196607
45 127 64 128 0.0663252
46 127 64 128 0.0748304
47 127 64 128 0.059592
48 127 64 128 0.0304928
4 128 64 128 0.0196857
5 128 64 128 0.14676
6 128 64 128 0.340528
7 128 64 128 0.633939
8 128 64 128 0.707791
9 128 64 128 0.668805
10 128 64 128 0.845074
11 128 64 128 0.89224
12 128 64 128 0.937774
13 128 64 128 0.856485
14 128 64 128 0.550689
15 128 64 128 0.206472
16 128 64 128 0.0269158
34 128 64 128 0.0105929
35 128 64 128 0.0120969
36 128 64 128 0.0124554
44 128 64 128 0.0184985
45 128 64 128 0.0649339
46 128 64 128 0.0740004
47 128 64 128 0.0578634
48 128 64 128 0.0291516
4 129 64 128 0.0175769
5 129 64 128 0.130097
6 129 64 128 0.311685
7 129 64 128 0.625283
8 129 64 128 0.702301
9 129 64 128 0.656052
10 129 64 128 0.857119
11 129 64 128 0.900471
12 129 64 128 0.944146
13 129 64 128 0.85337
14 129 64 128 0.546342
15 129 64 128 0.228432
16 129 64 128 0.0343224
44 129 64 128 0.0146073
45 129 64 128 0.0542687
46 129 64 128 0.065042
47 129 64 128 0.0492903
48 129 64 128 0.0235652
4 130 64 128 0.0234184
5 130 64 128 0.165984
6 130 64 128 0.370971
7 130 64 128 0.670784
8 130 64 128 0.741368
9 130 64 128 0.699134
10 130 64 128 0.880179
11 130 64 128 0.917061
12 130 64 128 0.953235
13 130 64 128 0.875719
14 130 64 128 0.592896
15 130 64 128 0.265945
16 130 64 128 0.0444015
44 130 64 128 0.0118968
45 130 64 128 0.0451696
46 130 64 128 0.0593091
47 130 64 128 0.0458622
48 130 64 128 0.0218367
4 131 64 128 0.0323794
5 131 64 128 0.221715
6 131 64 128 0.458887
7 131 64 128 0.728842
8 131 64 128 0.791247
9 131 64 128 0.759509
10 131 64 128 0.902709
11 131 64 128 0.935121
12 131 64 128 0.962221
13 131 64 128 0.906845
14 131 64 128 0.65685
15 131 64 128 0.303472
16 131 64 128 0.053567
36 131 64 128 0.0102219
44 131 64 128 0.0100149
45 131 64 128 0.0372223
46 131 64 128 0.0536775
47 131 64 128 0.0438371
48 131 64 128 0.0216936
4 132 64 128 0.0350191
5 132 64 128 0.232957
6 132 64 128 0.460223
7 132 64 128 0.718932
8 132 64 128 0.783925
9 132 64 128 0.758518
10 132 64 128 0.899987
11 132 64 128 0.936376
12 132 64 128 0.96231
13 132 64 128 0.909822
14 132 64 128 0.667879
15 132 64 128 0.313406
16 132 64 128 0.0565381
45 132 64 128 0.0256991
46 132 64 128 0.039733
47 132 64 128 0.0336613
48 132 64 128 0.0169729
4 133 64 128 0.0334848
5 133 64 128 0.212041
6 133 64 128 0.396868
7 133 64 128 0.661057
8 133 64 128 0.735521
9 133 64 128 0.710401
10 133 64 128 0.880295
11 133 64 128 0.924638
12 133 64 128 0.9554
13 133 64 128 0.886659
14 133 64 128 0.629104
15 133 64 128 0.299224
16 133 64 128 0.0551001
45 133 64 128 0.0128143
46 133 64 128 0.0211062
47 133 64 128 0.0181004
4 134 64 128 0.0371752
5 134 64 128 0.219514
6 134 64 128 0.377268
7 134 64 128 0.638409
8 134 64 128 0.715018
9 134 64 128 0.688085
10 134 64 128 0.872582
11 134 64 128 0.917662
12 134 64 128 0.95017
13 134 64 128 0.864176
14 134 64 128 0.590476
15 134 64 128 0.284186
16 134 64 128 0.0554687
4 135 64 128 0.0461204
5 135 64 128 0.259548
6 135 64 128 0.416175
7 135 64 128 0.659274
8 135 64 128 0.728074
9 135 64 128 0.701605
10 135 64 128 0.879371
11 135 64 128 0.918002
12 135 64 128 0.948636
13 135 64 128 0.847477
14 135 64 128 0.56174
15 135 64 128 0.273929
16 135 64 128 0.0584125
4 136 64 128 0.0510954
5 136 64 128 0.280449
6 136 64 128 0.435212
7 136 64 128 0.657729
8 136 64 128 0.71769
9 136 64 128 0.698516
10 136 64 128 0.877052
11 136 64 128 0.913122
12 136 64 128 0.946181
13 136 64 128 0.82003
14 136 64 128 0.512544
15 136 64 128 0.256504
16 136 64 128 0.0592938
4 137 64 128 0.0498154
5 137 64 128 0.267394
6 137 64 128 0.408463
7 137 64 128 0.616985
8 137 64 128 0.67155
9 137 64 128 0.663718
10 137 64 128 0.860448
11 137 64 128 0.900218
12 137 64 128 0.941694
13 137 64 128 0.779133
14 137 64 128 0.437291
15 137 64 128 0.229399
16 137 64 128 0.0563729
4 138 64 128 0.0508158
5 138 64 128 0.263486
6 138 64 128 0.393286
7 138 64 128 0.597394
8 138 64 128 0.647178
9 138 64 128 0.641131
10 138 64 128 0.853211
11 138 64 128 0.891772
12 138 64 128 0.939646
13 138 64 128 0.743827
14 138 64 128 0.369414
15 138 64 128 0.205115
16 138 64 128 0.0525257
4 139 64 128 0.0585323
5 139 64 128 0.291646
6 139 64 128 0.420155
7 139 64 128 0.626725
8 139 64 128 0.670783
9 139 64 128 0.653235
10 139 64 128 0.865606
11 139 64 128 0.892109
12 139 64 128 0.939409
13 139 64 128 0.721258
14 139 64 128 0.324372
15 139 64 128 0.187764
16 139 64 128 0.0490549
4 140 64 128 0.06625
5 140 64 128 0.319062
6 140 64 128 0.444201
7 140 64 128 0.645736
8 140 64 128 0.685712
9 140 64 128 0.663751
10 140 64 128 0.872663
11 140 64 128 0.884493
12 140 64 128 0.92791
13 140 64 128 0.687963
14 140 64 128 0.270261
15 140 64 128 0.15993
16 140 64 128 0.0428994
4 141 64 128 0.0681304
5 141 64 128 0.317117
6 141 64 128 0.428962
7 141 64 128 0.609253
8 141 64 128 0.648456
9 141 64 128 0.643058
10 141 64 128 0.853729
11 141 64 128 0.856383
12 141 64 128 0.893954
13 141 64 128 0.624806
14 141 64 128 0.1844
15 141 64 128 0.11048
16 141 64 128 0.0321861
4 142 64 128 0.0667029
5 142 64 128 0.298369
6 142 64 128 0.403221
7 142 64 128 0.562693
8 142 64 128 0.600855
9 142 64 128 0.612743
10 142 64 128 0.820011
11 142 64 128 0.819924
12 142 64 128 0.838815
13 142 64 128 0.542344
14 142 64 128 0.0988863
15 142 64 128 0.0604986
16 142 64 128 0.0212685
4 143 64 128 0.0670348
5 143 64 128 0.285167
6 143 64 128 0.403994
7 143 64 128 0.560291
8 143 64 128 0.593221
9 143 64 128 0.600453
10 143 64 128 0.788958
11 143 64 128 0.790272
12 143 64 128 0.767603
13 143 64 128 0.456601
14 143 64 128 0.0498145
15 143 64 128 0.0330631
16 143 64 128 0.014841
4 144 64 128 0.078134
5 144 64 128 0.304292
6 144 64 128 0.43497
7 144 64 128 0.595512
8 144 64 128 0.619494
9 144 64 128 0.605422
10 144 64 128 0.774077
11 144 64 128 0.769385
12 144 64 128 0.691569
13 144 64 128 0.377966
14 144 64 128 0.0291208
15 144 64 128 0.0233136
16 144 64 128 0.0119459
2 145 64 128 0.0127751
4 145 64 128 0.108242
5 145 64 128 0.377775
6 145 64 128 0.487548
7 145 64 128 0.642089
8 145 64 128 0.655437
9 145 64 128 0.617707
10 145 64 128 0.784656
11 145 64 128 0.754396
12 145 64 128 0.622582
13 145 64 128 0.31355
14 145 64 128 0.0153967
15 145 64 128 0.0178091
2 146 64 128 0.0184117
3 146 64 128 0.0134597
4 146 64 128 0.146404
5 146 64 128 0.470904
6 146 64 128 0.545853
7 146 64 128 0.684649
8 146 64 128 0.688098
9 146 64 128 0.632869
10 146 64 128 0.804148
11 146 64 128 0.739915
12 146 64 128 0.558984
13 146 64 128 0.258402
15 146 64 128 0.01256
2 147 64 128 0.0222806
3 147 64 128 0.0230805
4 147 64 128 0.172803
5 147 64 128 0.522808
6 147 64 128 0.591116
7 147 64 128 0.714066
8 147 64 128 0.710818
9 147 64 128 0.649181
10 147 64 128 0.803856
11 147 64 128 0.719118
12 147 64 128 0.492222
13 147 64 128 0.201864
2 148 64 128 0.0244007
3 148 64 128 0.0344668
4 148 64 128 0.188702
5 148 64 128 0.535458
6 148 64 128 0.619753
7 148 64 128 0.728387
8 148 64 128 0.721671
9 148 64 128 0.661437
10 148 64 128 0.779711
11 148 64 128 0.683612
12 148 64 128 0.418263
13 148 64 128 0.14421
2 149 64 128 0.0273493
3 149 64 128 0.0473775
4 149 64 128 0.211602
5 149 64 128 0.559712
6 149 64 128 0.63996
7 149 64 128 0.731192
8 149 64 128 0.72228
9 149 64 128 0.661549
10 149 64 128 0.74689
11 149 64 128 0.624084
12 149 64 128 0.33693
13 149 64 128 0.0943528
2 150 64 128 0.0306746
3 150 64 128 0.0577067
4 150 64 128 0.237266
5 150 64 128 0.596971
6 150 64 128 0.647651
7 150 64 128 0.720963
8 150 64 128 0.708154
9 150 64 128 0.638829
10 150 64 128 0.703298
11 150 64 128 0.541584
12 150 64 128 0.254169
13 150 64 128 0.056501
2 151 64 128 0.0302622
3 151 64 128 0.056828
4 151 64 128 0.235252
5 151 64 128 0.588494
6 151 64 128 0.623907
7 151 64 128 0.690038
8 151 64 128 0.667568
9 151 64 128 0.579804
10 151 64 128 0.625884
11 151 64 128 0.449563
12 151 64 128 0.183038
13 151 64 128 0.0289667
2 152 64 128 0.0254072
3 152 64 128 0.0437762
4 152 64 128 0.200057
5 152 64 128 0.522871
6 152 64 128 0.569563
7 152 64 128 0.641582
8 152 64 128 0.604801
9 152 64 128 0.492019
10 152 64 128 0.519331
11 152 64 128 0.362218
12 152 64 128 0.130746
13 152 64 128 0.0104468
70 152 64 128 0.0104816
2 153 64 128 0.021902
3 153 64 128 0.0317976
4 153 64 128 0.173654
5 153 64 128 0.479861
6 153 64 128 0.522421
7 153 64 128 0.598809
8 153 64 128 0.553576
9 153 64 128 0.420982
10 153 64 128 0.440237
11 153 64 128 0.293763
12 153 64 128 0.0932568
70 153 64 128 0.0111335
2 154 64 128 0.0231984
3 154 64 128 0.0298277
4 154 64 128 0.181366
5 154 64 128 0.504457
6 154 64 128 0.505335
7 154 64 128 0.572796
8 154 64 128 0.530217
9 154 64 128 0.392536
10 154 64 128 0.41843
11 154 64 128 0.249236
12 154 64 128 0.0658341
2 155 64 128 0.0244398
3 155 64 128 0.0308553
4 155 64 128 0.189057
5 155 64 128 0.519771
6 155 64 128 0.489374
7 155 64 128 0.53544
8 155 64 128 0.494687
9 155 64 128 0.367482
10 155 64 128 0.395148
11 155 64 128 0.20839
12 155 64 128 0.0450365
2 156 64 128 0.0211964
3 156 64 128 0.0275203
4 156 64 128 0.165537
5 156 64 128 0.458798
6 156 64 128 0.449125
7 156 64 128 0.466121
8 156 64 128 0.416186
9 156 64 128 0.310956
10 156 64 128 0.318091
11 156 64 128 0.1545
12 156 64 128 0.0284929
2 157 64 128 0.0170417
3 157 64 128 0.0227555
4 157 64 128 0.136414
5 157 64 128 0.387635
6 157 64 128 0.412764
7 157 64 128 0.405682
8 157 64 128 0.345687
9 157 64 128 0.255039
10 157 64 128 0.22859
11 157 64 128 0.104836
12 157 64 128 0.0175143
2 158 64 128 0.0167484
3 158 64 128 0.0214331
4 158 64 128 0.135633
5 158 64 128 0.390185
6 158 64 128 0.414498
7 158 64 128 0.400531
8 158 64 128 0.342373
9 158 64 128 0.240739
10 158 64 128 0.183018
11 158 64 128 0.0812046
12 158 64 128 0.0136562
2 159 64 128 0.0183581
3 159 64 128 0.0225244
4 159 64 128 0.14812
5 159 64 128 0.423577
6 159 64 128 0.429566
7 159 64 128 0.420089
8 159 64 128 0.368575
9 159 64 128 0.245096
10 159 64 128 0.166002
11 159 64 128 0.072954
12 159 64 128 0.0132426
2 160 64 128 0.0175127
3 160 64 128 0.0228753
4 160 64 128 0.141564
5 160 64 128 0.400701
6 160 64 128 0.413557
7 160 64 128 0.407099
8 160 64 128 0.35265
9 160 64 128 0.222617
10 160 64 128 0.135688
11 160 64 128 0.0577139
12 160 64 128 0.01085
2 161 64 128 0.0151217
3 161 64 128 0.0236886
4 161 64 128 0.124638
5 161 64 128 0.344676
6 161 64 128 0.38406
7 161 64 128 0.373404
8 161 64 128 0.305116
9 161 64 128 0.181009
10 161 64 128 0.0957837
11 161 64 128 0.0368083
2 162 64 128 0.0153292
3 162 64 128 0.0287437
4 162 64 128 0.130814
5 162 64 128 0.345554
6 162 64 128 0.395711
7 162 64 128 0.372728
8 162 64 128 0.286804
9 162 64 128 0.160487
10 162 64 128 0.0779513
11 162 64 128 0.0261744
2 163 64 128 0.0186608
3 163 64 128 0.0366707
4 163 64 128 0.157456
5 163 64 128 0.401473
6 163 64 128 0.438769
7 163 64 128 0.399634
8 163 64 128 0.298991
9 163 64 128 0.161294
10 163 64 128 0.0817576
11 163 64 128 0.0267775
2 164 64 128 0.022126
3 164 64 128 0.0411829
4 164 64 128 0.167195
5 164 64 128 0.421976
6 164 64 128 0.441773
7 164 64 128 0.391785
8 164 64 128 0.285451
9 164 64 128 0.145123
10 164 64 128 0.0757563
11 164 64 128 0.0250642
2 165 64 128 0.0241639
3 165 64 128 0.0407102
4 165 64 128 0.148971
5 165 64 128 0.376893
6 165 64 128 0.383974
7 165 64 128 0.331074
8 165 64 128 0.229366
9 165 64 128 0.101475
10 165 64 128 0.04945
11 165 64 128 0.0159022
2 166 64 128 0.0254811
3 166 64 128 0.0407626
4 166 64 128 0.131669
5 166 64 128 0.328128
6 166 64 128 0.32133
7 166 64 128 0.266474
8 166 64 128 0.174073
9 166 64 128 0.0621825
10 166 64 128 0.0243568
2 167 64 128 0.0263314
3 167 64 128 0.0437819
4 167 64 128 0.13096
5 167 64 128 0.311585
6 167 64 128 0.288119
7 167 64 128 0.228893
8 167 64 128 0.146157
9 167 64 128 0.0464338
10 167 64 128 0.0144096
2 168 64 128 0.0255919
3 168 64 128 0.0442923
4 168 64 128 0.126812
5 168 64 128 0.290612
6 168 64 128 0.258147
7 168 64 128 0.198301
8 168 64 128 0.125309
9 168 64 128 0.0385544
10 168 64 128 0.0114965
2 169 64 128 0.0225968
3 169 64 128 0.0384591
4 169 64 128 0.103678
5 169 64 128 0.235573
6 169 64 128 0.208737
7 169 64 128 0.156375
8 169 64 128 0.0933791
9 169 64 128 0.0243475
2 170 64 128 0.0188561
3 170 64 128 0.0315936
4 170 64 128 0.0773299
5 170 64 128 0.173342
6 170 64 128 0.15638
7 170 64 128 0.113504
8 170 64 128 0.0606572
9 170 64 128 0.0103292
2 171 64 128 0.016042
3 171 64 128 0.0294173
4 171 64 128 0.0656273
5 171 64 128 0.135518
6 171 64 128 0.121094
7 171 64 128 0.0830837
8 171 64 128 0.0404312
2 172 64 128 0.0142097
3 172 64 128 0.0293814
4 172 64 128 0.0618035
5 172 64 128 0.114413
6 172 64 128 0.0970168
7 172 64 128 0.0618019
8 172 64 128 0.0295565
2 173 64 128 0.0129115
3 173 64 128 0.0268318
4 173 64 128 0.0525931
5 173 64 128 0.0914015
6 173 64 128 0.0713668
7 173 64 128 0.0417991
8 173 64 128 0.0202034
2 174 64 128 0.0120522
3 174 64 128 0.0229956
4 174 64 128 0.0402314
5 174 64 128 0.0675771
6 174 64 128 0.0468598
7 174 64 128 0.024522
8 174 64 128 0.0118201
2 175 64 128 0.0116955
3 175 64 128 0.0218571
4 175 64 128 0.034318
5 175 64 128 0.053486
6 175 64 128 0.0334992
7 175 64 128 0.0157692
2 176 64 128 0.0115408
3 176 64 128 0.0229792
4 176 64 128 0.034284
5 176 64 128 0.047963
6 176 64 128 0.0299716
7 176 64 128 0.0141732
2 177 64 128 0.0110137
3 177 64 128 0.0225399
4 177 64 128 0.0317691
5 177 64 128 0.040876
6 177 64 128 0.0262931
7 177 64 128 0.0128825
3 178 64 128 0.0193262
4 178 64 128 0.0244067
5 178 64 128 0.0293809
6 178 64 128 0.0189992
3 179 64 128 0.0152645
4 179 64 128 0.0170341
5 179 64 128 0.019373
6 179 64 128 0.0124687
3 180 64 128 0.0117394
4 180 64 128 0.0125352
5 180 64 128 0.0140241
5 181 64 128 0.0108768
