156 0 85 170 0.0231879
157 0 85 170 0.0418045
158 0 85 170 0.0596911
159 0 85 170 0.0749656
160 0 85 170 0.0820619
161 0 85 170 0.0713484
162 0 85 170 0.0503398
163 0 85 170 0.0379762
164 0 85 170 0.0334266
165 0 85 170 0.0279251
166 0 85 170 0.0221407
167 0 85 170 0.0182607
168 0 85 170 0.0148383
169 0 85 170 0.0107576
156 1 85 170 0.021964
157 1 85 170 0.039966
158 1 85 170 0.0578079
159 1 85 170 0.0724066
160 1 85 170 0.078323
161 1 85 170 0.0678193
162 1 85 170 0.0481147
163 1 85 170 0.0362762
164 1 85 170 0.0316655
165 1 85 170 0.0264832
166 1 85 170 0.0210933
167 1 85 170 0.0172667
168 1 85 170 0.0138879
169 1 85 170 0.0100651
156 2 85 170 0.0188802
157 2 85 170 0.0352766
158 2 85 170 0.0528709
159 2 85 170 0.0657476
160 2 85 170 0.068813
161 2 85 170 0.0588974
162 2 85 170 0.0424562
163 2 85 170 0.0319587
164 2 85 170 0.0272334
165 2 85 170 0.0228489
166 2 85 170 0.018439
167 2 85 170 0.0147671
168 2 85 170 0.0115173
156 3 85 170 0.0148185
157 3 85 170 0.0289756
158 3 85 170 0.0459495
159 3 85 170 0.0565154
160 3 85 170 0.0560917
161 3 85 170 0.0470805
162 3 85 170 0.0348893
163 3 85 170 0.0261972
164 3 85 170 0.0214069
165 3 85 170 0.0180588
166 3 85 170 0.0149091
167 3 85 170 0.0114861
156 4 85 170 0.010661
157 4 85 170 0.0223024
158 4 85 170 0.0381127
159 4 85 170 0.0462371
160 4 85 170 0.0427189
161 4 85 170 0.0348665
162 4 85 170 0.0269389
163 4 85 170 0.0201651
164 4 85 170 0.0154625
165 4 85 170 0.0131496
166 4 85 170 0.0112352
157 5 85 170 0.0164882
158 5 85 170 0.0304249
159 5 85 170 0.0364316
160 5 85 170 0.0312376
161 5 85 170 0.0247362
162 5 85 170 0.0201201
163 5 85 170 0.015028
164 5 85 170 0.010668
157 6 85 170 0.0122108
158 6 85 170 0.0236072
159 6 85 170 0.028072
160 6 85 170 0.0230288
161 6 85 170 0.0179803
162 6 85 170 0.0152497
163 6 85 170 0.0114085
158 7 85 170 0.0178199
159 7 85 170 0.0212393
160 7 85 170 0.0175743
161 7 85 170 0.0139464
162 7 85 170 0.0120042
158 8 85 170 0.013172
159 8 85 170 0.0159324
160 8 85 170 0.0141811
161 8 85 170 0.0118024
159 9 85 170 0.0121501
160 9 85 170 0.0121559
161 9 85 170 0.0107162
160 10 85 170 0.0108283
69 0 64 128 0.0149396
70 0 64 128 0.0256768
71 0 64 128 0.0365627
72 0 64 128 0.0549907
73 0 64 128 0.0601734
74 0 64 128 0.0442071
75 0 64 128 0.028838
76 0 64 128 0.0171772
92 0 64 128 0.0190494
93 0 64 128 0.0276551
94 0 64 128 0.0289996
95 0 64 128 0.0222428
96 0 64 128 0.0132086
103 0 64 128 0.01053
172 0 64 128 0.0130849
173 0 64 128 0.022435
174 0 64 128 0.0485226
175 0 64 128 0.095437
176 0 64 128 0.162543
177 0 64 128 0.230027
178 0 64 128 0.283822
179 0 64 128 0.313605
180 0 64 128 0.301097
181 0 64 128 0.235121
182 0 64 128 0.140704
183 0 64 128 0.0744056
184 0 64 128 0.054201
185 0 64 128 0.0387738
186 0 64 128 0.0305266
187 0 64 128 0.0252266
188 0 64 128 0.020367
189 0 64 128 0.0176151
190 0 64 128 0.0156201
191 0 64 128 0.0127162
225 0 64 128 0.011857
226 0 64 128 0.0208033
227 0 64 128 0.0363242
228 0 64 128 0.0470071
229 0 64 128 0.041002
230 0 64 128 0.0273562
231 0 64 128 0.019172
232 0 64 128 0.0138434
69 1 64 128 0.0148707
70 1 64 128 0.0244274
71 1 64 128 0.0330602
72 1 64 128 0.0503801
73 1 64 128 0.059733
74 1 64 128 0.0480802
75 1 64 128 0.0300071
76 1 64 128 0.0193806
77 1 64 128 0.0100578
91 1 64 128 0.0102014
92 1 64 128 0.0212639
93 1 64 128 0.0307897
94 1 64 128 0.0330004
95 1 64 128 0.0266572
96 1 64 128 0.0156354
103 1 64 128 0.0112695
171 1 64 128 0.0106366
172 1 64 128 0.014439
173 1 64 128 0.0248896
174 1 64 128 0.0532464
175 1 64 128 0.10258
176 1 64 128 0.177957
177 1 64 128 0.242627
178 1 64 128 0.291388
179 1 64 128 0.321166
180 1 64 128 0.296123
181 1 64 128 0.226101
182 1 64 128 0.135328
183 1 64 128 0.0714472
184 1 64 128 0.0506821
185 1 64 128 0.0354308
186 1 64 128 0.0281093
187 1 64 128 0.0230205
188 1 64 128 0.018426
189 1 64 128 0.0164514
190 1 64 128 0.0141232
191 1 64 128 0.0112391
225 1 64 128 0.0102925
226 1 64 128 0.0183981
227 1 64 128 0.0327936
228 1 64 128 0.0430749
229 1 64 128 0.0381187
230 1 64 128 0.0255409
231 1 64 128 0.0180634
232 1 64 128 0.0130871
68 2 64 128 0.0105263
69 2 64 128 0.0170564
70 2 64 128 0.0275734
71 2 64 128 0.0358428
72 2 64 128 0.0525938
73 2 64 128 0.0703674
74 2 64 128 0.067133
75 2 64 128 0.0414725
76 2 64 128 0.0279845
77 2 64 128 0.0150411
91 2 64 128 0.0124708
92 2 64 128 0.0248206
93 2 64 128 0.0355863
94 2 64 128 0.0394051
95 2 64 128 0.0343045
96 2 64 128 0.0201024
97 2 64 128 0.0119304
103 2 64 128 0.0129676
171 2 64 128 0.0117068
172 2 64 128 0.0157594
173 2 64 128 0.0272729
174 2 64 128 0.05787
175 2 64 128 0.110032
176 2 64 128 0.193881
177 2 64 128 0.25403
178 2 64 128 0.296064
179 2 64 128 0.325382
180 2 64 128 0.286068
181 2 64 128 0.210935
182 2 64 128 0.125891
183 2 64 128 0.0663662
184 2 64 128 0.04444
185 2 64 128 0.0296723
186 2 64 128 0.0234712
187 2 64 128 0.0186522
188 2 64 128 0.0146174
189 2 64 128 0.0137331
190 2 64 128 0.0110593
226 2 64 128 0.0132681
227 2 64 128 0.0247768
228 2 64 128 0.0337231
229 2 64 128 0.0309367
230 2 64 128 0.0210746
231 2 64 128 0.0152833
232 2 64 128 0.0112398
67 3 64 128 0.0124136
68 3 64 128 0.0153725
69 3 64 128 0.0243296
70 3 64 128 0.0433364
71 3 64 128 0.0606419
72 3 64 128 0.0807914
73 3 64 128 0.106034
74 3 64 128 0.109503
75 3 64 128 0.0727093
76 3 64 128 0.0458176
77 3 64 128 0.0229546
91 3 64 128 0.0138075
92 3 64 128 0.025783
93 3 64 128 0.0361071
94 3 64 128 0.0409194
95 3 64 128 0.0378725
96 3 64 128 0.0228532
97 3 64 128 0.013432
102 3 64 128 0.0117103
103 3 64 128 0.014791
104 3 64 128 0.0111923
122 3 64 128 0.0136112
123 3 64 128 0.0140326
124 3 64 128 0.0128136
125 3 64 128 0.0124217
126 3 64 128 0.0117214
172 3 64 128 0.0137472
173 3 64 128 0.0236229
174 3 64 128 0.0510369
175 3 64 128 0.101146
176 3 64 128 0.174145
177 3 64 128 0.232881
178 3 64 128 0.276747
179 3 64 128 0.30469
180 3 64 128 0.277111
181 3 64 128 0.204385
182 3 64 128 0.120704
183 3 64 128 0.0637439
184 3 64 128 0.040904
185 3 64 128 0.026853
186 3 64 128 0.0199898
187 3 64 128 0.0150798
188 3 64 128 0.0115735
189 3 64 128 0.0105657
227 3 64 128 0.0159599
228 3 64 128 0.022588
229 3 64 128 0.0217604
230 3 64 128 0.0154558
231 3 64 128 0.0116758
260 3 64 128 0.0101309
53 4 64 128 0.0113412
66 4 64 128 0.0136085
67 4 64 128 0.0181872
68 4 64 128 0.0217054
69 4 64 128 0.0347062
70 4 64 128 0.0664325
71 4 64 128 0.0964013
72 4 64 128 0.122851
73 4 64 128 0.155354
74 4 64 128 0.164127
75 4 64 128 0.117504
76 4 64 128 0.074676
77 4 64 128 0.0363996
78 4 64 128 0.0134678
79 4 64 128 0.0100913
91 4 64 128 0.0145989
92 4 64 128 0.0246371
93 4 64 128 0.0326116
94 4 64 128 0.0372748
95 4 64 128 0.0369424
96 4 64 128 0.0230907
97 4 64 128 0.0134505
102 4 64 128 0.0125009
103 4 64 128 0.0155686
104 4 64 128 0.0124395
121 4 64 128 0.014411
122 4 64 128 0.020558
123 4 64 128 0.0212857
124 4 64 128 0.0193676
125 4 64 128 0.0189136
126 4 64 128 0.0168153
127 4 64 128 0.0123165
172 4 64 128 0.0102883
173 4 64 128 0.0175893
174 4 64 128 0.0402855
175 4 64 128 0.086815
176 4 64 128 0.14187
177 4 64 128 0.200377
178 4 64 128 0.250103
179 4 64 128 0.276647
180 4 64 128 0.268277
181 4 64 128 0.201612
182 4 64 128 0.117095
183 4 64 128 0.061087
184 4 64 128 0.0388573
185 4 64 128 0.0256269
186 4 64 128 0.017584
187 4 64 128 0.0126028
228 4 64 128 0.0131103
229 4 64 128 0.0135482
230 4 64 128 0.0103697
260 4 64 128 0.0109415
261 4 64 128 0.0107244
53 5 64 128 0.0111197
62 5 64 128 0.01019
65 5 64 128 0.0114667
66 5 64 128 0.0156183
67 5 64 128 0.0209708
68 5 64 128 0.0263401
69 5 64 128 0.0450247
70 5 64 128 0.087624
71 5 64 128 0.123942
72 5 64 128 0.157048
73 5 64 128 0.199378
74 5 64 128 0.214398
75 5 64 128 0.164637
76 5 64 128 0.115596
77 5 64 128 0.0588064
78 5 64 128 0.0224053
79 5 64 128 0.0176244
80 5 64 128 0.0108452
81 5 64 128 0.0107904
91 5 64 128 0.0159813
92 5 64 128 0.0234856
93 5 64 128 0.0277755
94 5 64 128 0.0309847
95 5 64 128 0.0337325
96 5 64 128 0.0212441
97 5 64 128 0.012395
102 5 64 128 0.0116724
103 5 64 128 0.0143023
104 5 64 128 0.0113666
121 5 64 128 0.017737
122 5 64 128 0.0240872
123 5 64 128 0.0264404
124 5 64 128 0.0271586
125 5 64 128 0.0243174
126 5 64 128 0.0201621
127 5 64 128 0.0139982
173 5 64 128 0.0158247
174 5 64 128 0.0389033
175 5 64 128 0.086159
176 5 64 128 0.13819
177 5 64 128 0.193364
178 5 64 128 0.243452
179 5 64 128 0.269809
180 5 64 128 0.255516
181 5 64 128 0.190845
182 5 64 128 0.108552
183 5 64 128 0.0536551
184 5 64 128 0.0347846
185 5 64 128 0.0223681
186 5 64 128 0.0149196
187 5 64 128 0.0105134
260 5 64 128 0.0102903
261 5 64 128 0.0102051
52 6 64 128 0.0108852
53 6 64 128 0.0124375
54 6 64 128 0.011441
55 6 64 128 0.0128992
61 6 64 128 0.0104231
62 6 64 128 0.0154411
63 6 64 128 0.0146525
64 6 64 128 0.0104214
65 6 64 128 0.0147113
66 6 64 128 0.0183495
67 6 64 128 0.0245167
68 6 64 128 0.0333602
69 6 64 128 0.0596513
70 6 64 128 0.11188
71 6 64 128 0.149301
72 6 64 128 0.189874
73 6 64 128 0.244145
74 6 64 128 0.264716
75 6 64 128 0.215015
76 6 64 128 0.16587
77 6 64 128 0.0905903
78 6 64 128 0.0378578
79 6 64 128 0.0307115
80 6 64 128 0.0182233
81 6 64 128 0.0192604
82 6 64 128 0.0141835
90 6 64 128 0.0112432
91 6 64 128 0.0173799
92 6 64 128 0.0231809
93 6 64 128 0.0241091
94 6 64 128 0.0248267
95 6 64 128 0.0297427
96 6 64 128 0.0184321
97 6 64 128 0.0111767
102 6 64 128 0.0110329
103 6 64 128 0.0132186
120 6 64 128 0.0109444
121 6 64 128 0.022396
122 6 64 128 0.0283104
123 6 64 128 0.0323742
124 6 64 128 0.0368356
125 6 64 128 0.0308332
126 6 64 128 0.0252998
127 6 64 128 0.0169161
173 6 64 128 0.0168671
174 6 64 128 0.0425986
175 6 64 128 0.0910529
176 6 64 128 0.148814
177 6 64 128 0.196218
178 6 64 128 0.240146
179 6 64 128 0.266805
180 6 64 128 0.231866
181 6 64 128 0.168355
182 6 64 128 0.0935339
183 6 64 128 0.0422873
184 6 64 128 0.0284357
185 6 64 128 0.0171402
186 6 64 128 0.0117676
17 7 64 128 0.0107997
50 7 64 128 0.0126272
51 7 64 128 0.0131042
52 7 64 128 0.0194393
53 7 64 128 0.0232287
54 7 64 128 0.0218584
55 7 64 128 0.0232948
56 7 64 128 0.0186435
57 7 64 128 0.0165071
58 7 64 128 0.0171266
59 7 64 128 0.0185779
60 7 64 128 0.0235247
61 7 64 128 0.0296334
62 7 64 128 0.0345033
63 7 64 128 0.0297354
64 7 64 128 0.0213621
65 7 64 128 0.0237765
66 7 64 128 0.027782
67 7 64 128 0.0367161
68 7 64 128 0.0505387
69 7 64 128 0.0865425
70 7 64 128 0.151356
71 7 64 128 0.191912
72 7 64 128 0.242665
73 7 64 128 0.308591
74 7 64 128 0.330297
75 7 64 128 0.275488
76 7 64 128 0.220025
77 7 64 128 0.129871
78 7 64 128 0.063148
79 7 64 128 0.0517433
80 7 64 128 0.0385853
81 7 64 128 0.0375951
82 7 64 128 0.0257179
83 7 64 128 0.0105215
90 7 64 128 0.0119265
91 7 64 128 0.0172997
92 7 64 128 0.0237842
93 7 64 128 0.0238466
94 7 64 128 0.0216122
95 7 64 128 0.0260545
96 7 64 128 0.0161591
97 7 64 128 0.0109634
102 7 64 128 0.0136845
103 7 64 128 0.0162207
104 7 64 128 0.0119174
119 7 64 128 0.0123914
120 7 64 128 0.0160165
121 7 64 128 0.033174
122 7 64 128 0.0417005
123 7 64 128 0.0451702
124 7 64 128 0.0495944
125 7 64 128 0.0431356
126 7 64 128 0.0388715
127 7 64 128 0.0265542
128 7 64 128 0.0126117
173 7 64 128 0.0146912
174 7 64 128 0.0372769
175 7 64 128 0.0783344
176 7 64 128 0.128653
177 7 64 128 0.164444
178 7 64 128 0.199697
179 7 64 128 0.225289
180 7 64 128 0.189458
181 7 64 128 0.135511
182 7 64 128 0.0736096
183 7 64 128 0.0310733
184 7 64 128 0.0215009
185 7 64 128 0.0121592
16 8 64 128 0.0103317
17 8 64 128 0.0118678
46 8 64 128 0.0103326
47 8 64 128 0.0139987
48 8 64 128 0.0156377
49 8 64 128 0.0148183
50 8 64 128 0.0175028
51 8 64 128 0.0203109
52 8 64 128 0.0318406
53 8 64 128 0.0389466
54 8 64 128 0.0365755
55 8 64 128 0.0358407
56 8 64 128 0.0310493
57 8 64 128 0.0300878
58 8 64 128 0.0324807
59 8 64 128 0.036594
60 8 64 128 0.0459778
61 8 64 128 0.0577498
62 8 64 128 0.061412
63 8 64 128 0.0509026
64 8 64 128 0.0375101
65 8 64 128 0.0365952
66 8 64 128 0.0413668
67 8 64 128 0.0545603
68 8 64 128 0.0728017
69 8 64 128 0.115926
70 8 64 128 0.19251
71 8 64 128 0.237811
72 8 64 128 0.296762
73 8 64 128 0.37132
74 8 64 128 0.39197
75 8 64 128 0.327305
76 8 64 128 0.262612
77 8 64 128 0.165478
78 8 64 128 0.0911784
79 8 64 128 0.0751928
80 8 64 128 0.064073
81 8 64 128 0.0588634
82 8 64 128 0.0383874
83 8 64 128 0.0159955
90 8 64 128 0.0114329
91 8 64 128 0.0163007
92 8 64 128 0.0246059
93 8 64 128 0.025913
94 8 64 128 0.0218393
95 8 64 128 0.0240536
96 8 64 128 0.0154361
97 8 64 128 0.0120895
98 8 64 128 0.0112028
100 8 64 128 0.0104151
101 8 64 128 0.0117825
102 8 64 128 0.018723
103 8 64 128 0.0222854
104 8 64 128 0.016809
105 8 64 128 0.0127595
106 8 64 128 0.0100986
107 8 64 128 0.0115069
108 8 64 128 0.0136314
109 8 64 128 0.0125742
110 8 64 128 0.0102235
112 8 64 128 0.0100428
117 8 64 128 0.010018
118 8 64 128 0.0154916
119 8 64 128 0.0195733
120 8 64 128 0.0235953
121 8 64 128 0.0482276
122 8 64 128 0.0617519
123 8 64 128 0.0637042
124 8 64 128 0.0656782
125 8 64 128 0.0604998
126 8 64 128 0.0577352
127 8 64 128 0.0400881
128 8 64 128 0.0186038
174 8 64 128 0.0231816
175 8 64 128 0.050001
176 8 64 128 0.0800266
177 8 64 128 0.10372
178 8 64 128 0.130475
179 8 64 128 0.152455
180 8 64 128 0.136236
181 8 64 128 0.0988183
182 8 64 128 0.0527569
183 8 64 128 0.022202
184 8 64 128 0.0152661
16 9 64 128 0.0111636
17 9 64 128 0.0123258
45 9 64 128 0.0111133
46 9 64 128 0.0116535
47 9 64 128 0.0157809
48 9 64 128 0.0174345
49 9 64 128 0.0163896
50 9 64 128 0.0197535
51 9 64 128 0.0234136
52 9 64 128 0.0359417
53 9 64 128 0.0441356
54 9 64 128 0.0419212
55 9 64 128 0.0401256
56 9 64 128 0.0354197
57 9 64 128 0.0348241
58 9 64 128 0.0384814
59 9 64 128 0.0454567
60 9 64 128 0.0580344
61 9 64 128 0.0717628
62 9 64 128 0.0765435
63 9 64 128 0.0637758
64 9 64 128 0.0467449
65 9 64 128 0.0454096
66 9 64 128 0.0490929
67 9 64 128 0.0654501
68 9 64 128 0.0838163
69 9 64 128 0.122635
70 9 64 128 0.199446
71 9 64 128 0.243833
72 9 64 128 0.298581
73 9 64 128 0.375789
74 9 64 128 0.400661
75 9 64 128 0.329691
76 9 64 128 0.269935
77 9 64 128 0.17838
78 9 64 128 0.105824
79 9 64 128 0.0886997
80 9 64 128 0.0726565
81 9 64 128 0.06558
82 9 64 128 0.0430443
83 9 64 128 0.0183874
90 9 64 128 0.0119387
91 9 64 128 0.0167557
92 9 64 128 0.0243305
93 9 64 128 0.0263398
94 9 64 128 0.0239307
95 9 64 128 0.025358
96 9 64 128 0.016806
97 9 64 128 0.0141443
98 9 64 128 0.013049
100 9 64 128 0.0122168
101 9 64 128 0.0136109
102 9 64 128 0.0217239
103 9 64 128 0.0260526
104 9 64 128 0.0198906
105 9 64 128 0.0154017
106 9 64 128 0.0117945
107 9 64 128 0.0140587
108 9 64 128 0.0169341
109 9 64 128 0.0156485
110 9 64 128 0.013988
111 9 64 128 0.0111628
112 9 64 128 0.0122818
113 9 64 128 0.0121815
117 9 64 128 0.0119718
118 9 64 128 0.0193463
119 9 64 128 0.0250247
120 9 64 128 0.0310087
121 9 64 128 0.0599401
122 9 64 128 0.0763365
123 9 64 128 0.0805107
124 9 64 128 0.0844847
125 9 64 128 0.0773995
126 9 64 128 0.0701523
127 9 64 128 0.0474116
128 9 64 128 0.0223016
129 9 64 128 0.0111788
174 9 64 128 0.0133692
175 9 64 128 0.0304744
176 9 64 128 0.0475459
177 9 64 128 0.0643678
178 9 64 128 0.0842132
179 9 64 128 0.0995364
180 9 64 128 0.094044
181 9 64 128 0.069165
182 9 64 128 0.0369768
183 9 64 128 0.0160908
184 9 64 128 0.0106109
16 10 64 128 0.0123232
17 10 64 128 0.0130851
18 10 64 128 0.0105266
47 10 64 128 0.0134797
48 10 64 128 0.0143719
49 10 64 128 0.0136927
50 10 64 128 0.019112
51 10 64 128 0.0216264
52 10 64 128 0.0313182
53 10 64 128 0.0384705
54 10 64 128 0.0380924
55 10 64 128 0.0385104
56 10 64 128 0.0333846
57 10 64 128 0.0332984
58 10 64 128 0.038305
59 10 64 128 0.0473376
60 10 64 128 0.0625884
61 10 64 128 0.0749889
62 10 64 128 0.082901
63 10 64 128 0.0709537
64 10 64 128 0.0507608
65 10 64 128 0.0504123
66 10 64 128 0.051317
67 10 64 128 0.067879
68 10 64 128 0.0815831
69 10 64 128 0.106509
70 10 64 128 0.171506
71 10 64 128 0.208704
72 10 64 128 0.246118
73 10 64 128 0.319435
74 10 64 128 0.355922
75 10 64 128 0.287232
76 10 64 128 0.247232
77 10 64 128 0.169368
78 10 64 128 0.105631
79 10 64 128 0.0920674
80 10 64 128 0.0635836
81 10 64 128 0.0579941
82 10 64 128 0.0399405
83 10 64 128 0.0174883
84 10 64 128 0.0104827
90 10 64 128 0.0138406
91 10 64 128 0.0190987
92 10 64 128 0.0232911
93 10 64 128 0.0245285
94 10 64 128 0.026518
95 10 64 128 0.0296358
96 10 64 128 0.0199813
97 10 64 128 0.0170069
98 10 64 128 0.0154346
99 10 64 128 0.0103324
100 10 64 128 0.0134957
101 10 64 128 0.0138735
102 10 64 128 0.0224331
103 10 64 128 0.0269379
104 10 64 128 0.0204329
105 10 64 128 0.017426
106 10 64 128 0.0120956
107 10 64 128 0.0146703
108 10 64 128 0.0176927
109 10 64 128 0.0162247
110 10 64 128 0.0180025
111 10 64 128 0.0123132
112 10 64 128 0.0137577
113 10 64 128 0.0151607
117 10 64 128 0.012717
118 10 64 128 0.0219365
119 10 64 128 0.0303519
120 10 64 128 0.0393467
121 10 64 128 0.0698202
122 10 64 128 0.0861319
123 10 64 128 0.0957146
124 10 64 128 0.106146
125 10 64 128 0.091914
126 10 64 128 0.0745725
127 10 64 128 0.0477456
128 10 64 128 0.0231331
129 10 64 128 0.0121294
174 10 64 128 0.0123615
175 10 64 128 0.0278102
176 10 64 128 0.0455443
177 10 64 128 0.0613179
178 10 64 128 0.0761673
179 10 64 128 0.0833372
180 10 64 128 0.0703796
181 10 64 128 0.0502967
182 10 64 128 0.027837
183 10 64 128 0.0122555
15 11 64 128 0.0112106
16 11 64 128 0.0148079
17 11 64 128 0.016285
18 11 64 128 0.0136697
19 11 64 128 0.0104061
47 11 64 128 0.0122555
48 11 64 128 0.0130393
49 11 64 128 0.0129228
50 11 64 128 0.0196077
51 11 64 128 0.0216468
52 11 64 128 0.0336322
53 11 64 128 0.0423782
54 11 64 128 0.0442763
55 11 64 128 0.0507189
56 11 64 128 0.0433902
57 11 64 128 0.0484857
58 11 64 128 0.0579364
59 11 64 128 0.0672431
60 11 64 128 0.0902338
61 11 64 128 0.106699
62 11 64 128 0.114382
63 11 64 128 0.098208
64 11 64 128 0.0701411
65 11 64 128 0.06271
66 11 64 128 0.0626201
67 11 64 128 0.0756513
68 11 64 128 0.0838395
69 11 64 128 0.101591
70 11 64 128 0.156275
71 11 64 128 0.188617
72 11 64 128 0.208096
73 11 64 128 0.27364
74 11 64 128 0.323797
75 11 64 128 0.266223
76 11 64 128 0.238816
77 11 64 128 0.166126
78 11 64 128 0.10921
79 11 64 128 0.101688
80 11 64 128 0.0652461
81 11 64 128 0.0605822
82 11 64 128 0.0421499
83 11 64 128 0.0180435
84 11 64 128 0.0119937
89 11 64 128 0.0106406
90 11 64 128 0.0150682
91 11 64 128 0.0210791
92 11 64 128 0.0240534
93 11 64 128 0.0245293
94 11 64 128 0.0286177
95 11 64 128 0.033933
96 11 64 128 0.0235857
97 11 64 128 0.0209766
98 11 64 128 0.0194274
99 11 64 128 0.013366
100 11 64 128 0.0174456
101 11 64 128 0.0171028
102 11 64 128 0.0263374
103 11 64 128 0.0309489
104 11 64 128 0.0231726
105 11 64 128 0.0206711
106 11 64 128 0.0140979
107 11 64 128 0.0164205
108 11 64 128 0.0202941
109 11 64 128 0.0196535
110 11 64 128 0.0224496
111 11 64 128 0.0160517
112 11 64 128 0.0169444
113 11 64 128 0.0192417
114 11 64 128 0.0144989
115 11 64 128 0.0133316
116 11 64 128 0.014236
117 11 64 128 0.0182384
118 11 64 128 0.0310357
119 11 64 128 0.0450362
120 11 64 128 0.054832
121 11 64 128 0.09185
122 11 64 128 0.109416
123 11 64 128 0.119924
124 11 64 128 0.131844
125 11 64 128 0.107219
126 11 64 128 0.0835187
127 11 64 128 0.0531563
128 11 64 128 0.0258124
129 11 64 128 0.0136218
174 11 64 128 0.0126215
175 11 64 128 0.0270463
176 11 64 128 0.0457345
177 11 64 128 0.0599202
178 11 64 128 0.0706165
179 11 64 128 0.0723845
180 11 64 128 0.0528422
181 11 64 128 0.0361684
182 11 64 128 0.0208653
13 12 64 128 0.0102019
14 12 64 128 0.0111871
15 12 64 128 0.0155311
16 12 64 128 0.0190564
17 12 64 128 0.0225151
18 12 64 128 0.0193695
19 12 64 128 0.0138793
20 12 64 128 0.0142762
37 12 64 128 0.0125016
38 12 64 128 0.0122961
39 12 64 128 0.0105391
45 12 64 128 0.0103548
46 12 64 128 0.0103264
47 12 64 128 0.0146237
48 12 64 128 0.0164874
49 12 64 128 0.0167494
50 12 64 128 0.0228876
51 12 64 128 0.0262253
52 12 64 128 0.048115
53 12 64 128 0.0625299
54 12 64 128 0.0663998
55 12 64 128 0.0814989
56 12 64 128 0.0713576
57 12 64 128 0.0869655
58 12 64 128 0.104199
59 12 64 128 0.1132
60 12 64 128 0.151115
61 12 64 128 0.179563
62 12 64 128 0.182423
63 12 64 128 0.154827
64 12 64 128 0.112818
65 12 64 128 0.0878513
66 12 64 128 0.0888971
67 12 64 128 0.0955832
68 12 64 128 0.100166
69 12 64 128 0.123893
70 12 64 128 0.176695
71 12 64 128 0.209678
72 12 64 128 0.217966
73 12 64 128 0.273715
74 12 64 128 0.333807
75 12 64 128 0.293302
76 12 64 128 0.262056
77 12 64 128 0.180767
78 12 64 128 0.124266
79 12 64 128 0.122607
80 12 64 128 0.0891364
81 12 64 128 0.0833144
82 12 64 128 0.0553576
83 12 64 128 0.0225451
84 12 64 128 0.0145093
89 12 64 128 0.0107994
90 12 64 128 0.0148979
91 12 64 128 0.0215283
92 12 64 128 0.027394
93 12 64 128 0.0280136
94 12 64 128 0.0297922
95 12 64 128 0.0366215
96 12 64 128 0.0267748
97 12 64 128 0.025636
98 12 64 128 0.0247486
99 12 64 128 0.0184113
100 12 64 128 0.0244808
101 12 64 128 0.0243147
102 12 64 128 0.0346779
103 12 64 128 0.0395005
104 12 64 128 0.0292642
105 12 64 128 0.0250464
106 12 64 128 0.0184557
107 12 64 128 0.02013
108 12 64 128 0.0259178
109 12 64 128 0.0273131
110 12 64 128 0.0266478
111 12 64 128 0.0228459
112 12 64 128 0.0225833
113 12 64 128 0.0245807
114 12 64 128 0.0238469
115 12 64 128 0.0223059
116 12 64 128 0.0260865
117 12 64 128 0.0311918
118 12 64 128 0.0498242
119 12 64 128 0.0713339
120 12 64 128 0.0796567
121 12 64 128 0.131228
122 12 64 128 0.155322
123 12 64 128 0.161223
124 12 64 128 0.16589
125 12 64 128 0.129843
126 12 64 128 0.105927
127 12 64 128 0.0708674
128 12 64 128 0.0340122
129 12 64 128 0.0173454
175 12 64 128 0.0192289
176 12 64 128 0.0314509
177 12 64 128 0.0402006
178 12 64 128 0.0470006
179 12 64 128 0.0480375
180 12 64 128 0.0338983
181 12 64 128 0.0229976
182 12 64 128 0.013404
12 13 64 128 0.010485
13 13 64 128 0.0135925
14 13 64 128 0.0146155
15 13 64 128 0.0204091
16 13 64 128 0.024313
17 13 64 128 0.0290453
18 13 64 128 0.0247457
19 13 64 128 0.0168324
20 13 64 128 0.0176385
21 13 64 128 0.0110122
36 13 64 128 0.0117533
37 13 64 128 0.0149549
38 13 64 128 0.014191
39 13 64 128 0.0118525
40 13 64 128 0.0103903
45 13 64 128 0.0119676
46 13 64 128 0.0119931
47 13 64 128 0.0168801
48 13 64 128 0.0195363
49 13 64 128 0.0197344
50 13 64 128 0.0251539
51 13 64 128 0.029038
52 13 64 128 0.0565422
53 13 64 128 0.0747301
54 13 64 128 0.0807777
55 13 64 128 0.102739
56 13 64 128 0.0953984
57 13 64 128 0.119146
58 13 64 128 0.141787
59 13 64 128 0.155531
60 13 64 128 0.209939
61 13 64 128 0.247144
62 13 64 128 0.248487
63 13 64 128 0.213353
64 13 64 128 0.158361
65 13 64 128 0.118551
66 13 64 128 0.116392
67 13 64 128 0.118128
68 13 64 128 0.120775
69 13 64 128 0.147964
70 13 64 128 0.198827
71 13 64 128 0.22876
72 13 64 128 0.227525
73 13 64 128 0.271234
74 13 64 128 0.331893
75 13 64 128 0.305843
76 13 64 128 0.274086
77 13 64 128 0.189971
78 13 64 128 0.133511
79 13 64 128 0.134485
80 13 64 128 0.108302
81 13 64 128 0.103274
82 13 64 128 0.0684292
83 13 64 128 0.0282059
84 13 64 128 0.0170659
85 13 64 128 0.0108267
86 13 64 128 0.0108209
87 13 64 128 0.0107181
89 13 64 128 0.0114485
90 13 64 128 0.0156904
91 13 64 128 0.0218558
92 13 64 128 0.0301419
93 13 64 128 0.0311628
94 13 64 128 0.030657
95 13 64 128 0.0391369
96 13 64 128 0.0299387
97 13 64 128 0.029054
98 13 64 128 0.0282567
99 13 64 128 0.0219938
100 13 64 128 0.0289496
101 13 64 128 0.0287455
102 13 64 128 0.0392633
103 13 64 128 0.0437494
104 13 64 128 0.0318164
105 13 64 128 0.0262356
106 13 64 128 0.0203929
107 13 64 128 0.0215177
108 13 64 128 0.0285148
109 13 64 128 0.0316878
110 13 64 128 0.0280573
111 13 64 128 0.0265188
112 13 64 128 0.0275332
113 13 64 128 0.0297639
114 13 64 128 0.0308597
115 13 64 128 0.0303833
116 13 64 128 0.0365095
117 13 64 128 0.0467159
118 13 64 128 0.0711711
119 13 64 128 0.0957184
120 13 64 128 0.107102
121 13 64 128 0.173553
122 13 64 128 0.211909
123 13 64 128 0.221075
124 13 64 128 0.218794
125 13 64 128 0.17238
126 13 64 128 0.14145
127 13 64 128 0.0964452
128 13 64 128 0.0485382
129 13 64 128 0.025127
130 13 64 128 0.0116604
175 13 64 128 0.0108754
176 13 64 128 0.0156836
177 13 64 128 0.0190302
178 13 64 128 0.0227871
179 13 64 128 0.0245725
180 13 64 128 0.0187263
181 13 64 128 0.0129893
12 14 64 128 0.0126593
13 14 64 128 0.0176161
14 14 64 128 0.0196115
15 14 64 128 0.0243955
16 14 64 128 0.0300198
17 14 64 128 0.0340904
18 14 64 128 0.0280791
19 14 64 128 0.0188333
20 14 64 128 0.0176145
21 14 64 128 0.011079
36 14 64 128 0.0105438
37 14 64 128 0.0136939
38 14 64 128 0.0130332
39 14 64 128 0.0108278
45 14 64 128 0.0111582
46 14 64 128 0.0112829
47 14 64 128 0.0163779
48 14 64 128 0.0186322
49 14 64 128 0.018289
50 14 64 128 0.0239708
51 14 64 128 0.0259732
52 14 64 128 0.047019
53 14 64 128 0.0630647
54 14 64 128 0.0719043
55 14 64 128 0.0962524
56 14 64 128 0.100491
57 14 64 128 0.125703
58 14 64 128 0.148451
59 14 64 128 0.17443
60 14 64 128 0.241683
61 14 64 128 0.277504
62 14 64 128 0.285047
63 14 64 128 0.252911
64 14 64 128 0.191379
65 14 64 128 0.148553
66 14 64 128 0.134698
67 14 64 128 0.135168
68 14 64 128 0.136769
69 14 64 128 0.153969
70 14 64 128 0.196445
71 14 64 128 0.213218
72 14 64 128 0.199596
73 14 64 128 0.229398
74 14 64 128 0.279067
75 14 64 128 0.258182
76 14 64 128 0.242851
77 14 64 128 0.17533
78 14 64 128 0.123735
79 14 64 128 0.122768
80 14 64 128 0.101906
81 14 64 128 0.102005
82 14 64 128 0.0715269
83 14 64 128 0.0318507
84 14 64 128 0.0185737
85 14 64 128 0.0129636
86 14 64 128 0.012327
87 14 64 128 0.0121841
88 14 64 128 0.0113934
89 14 64 128 0.0131566
90 14 64 128 0.0186377
91 14 64 128 0.0228012
92 14 64 128 0.0296536
93 14 64 128 0.0307651
94 14 64 128 0.0313451
95 14 64 128 0.0421146
96 14 64 128 0.0330185
97 14 64 128 0.029964
98 14 64 128 0.0280115
99 14 64 128 0.0218708
100 14 64 128 0.0274372
101 14 64 128 0.0262072
102 14 64 128 0.0348592
103 14 64 128 0.0379524
104 14 64 128 0.0263775
105 14 64 128 0.0216329
106 14 64 128 0.0167619
107 14 64 128 0.0178245
108 14 64 128 0.0241362
109 14 64 128 0.0277155
110 14 64 128 0.0253628
111 14 64 128 0.0232723
112 14 64 128 0.0294764
113 14 64 128 0.0335762
114 14 64 128 0.0311006
115 14 64 128 0.0338291
116 14 64 128 0.040242
117 14 64 128 0.0602292
118 14 64 128 0.0885101
119 14 64 128 0.107909
120 14 64 128 0.129485
121 14 64 128 0.204888
122 14 64 128 0.263487
123 14 64 128 0.290526
124 14 64 128 0.288954
125 14 64 128 0.235483
126 14 64 128 0.184937
127 14 64 128 0.124025
128 14 64 128 0.0680848
129 14 64 128 0.0376073
130 14 64 128 0.0171039
177 14 64 128 0.0110884
178 14 64 128 0.0131116
179 14 64 128 0.0144217
180 14 64 128 0.0115584
12 15 64 128 0.0143365
13 15 64 128 0.0207658
14 15 64 128 0.0241556
15 15 64 128 0.0289272
16 15 64 128 0.0366941
17 15 64 128 0.0400964
18 15 64 128 0.0324654
19 15 64 128 0.0223359
20 15 64 128 0.0193436
21 15 64 128 0.0119956
36 15 64 128 0.0106
37 15 64 128 0.0143368
38 15 64 128 0.0153963
39 15 64 128 0.0139093
40 15 64 128 0.0113198
45 15 64 128 0.0103742
46 15 64 128 0.0105899
47 15 64 128 0.0161577
48 15 64 128 0.0184593
49 15 64 128 0.0177156
50 15 64 128 0.0232534
51 15 64 128 0.0233204
52 15 64 128 0.0364536
53 15 64 128 0.0493723
54 15 64 128 0.0612284
55 15 64 128 0.0875318
56 15 64 128 0.103765
57 15 64 128 0.133326
58 15 64 128 0.158976
59 15 64 128 0.195441
60 15 64 128 0.270881
61 15 64 128 0.306715
62 15 64 128 0.318169
63 15 64 128 0.28729
64 15 64 128 0.223092
65 15 64 128 0.179709
66 15 64 128 0.15141
67 15 64 128 0.149295
68 15 64 128 0.149389
69 15 64 128 0.155481
70 15 64 128 0.189166
71 15 64 128 0.189658
72 15 64 128 0.162677
73 15 64 128 0.179778
74 15 64 128 0.215478
75 15 64 128 0.191877
76 15 64 128 0.193158
77 15 64 128 0.147321
78 15 64 128 0.104039
79 15 64 128 0.10073
80 15 64 128 0.0829325
81 15 64 128 0.0875714
82 15 64 128 0.0652829
83 15 64 128 0.0310913
84 15 64 128 0.0180779
85 15 64 128 0.0135842
86 15 64 128 0.0123858
87 15 64 128 0.0122704
88 15 64 128 0.0117596
89 15 64 128 0.013759
90 15 64 128 0.020087
91 15 64 128 0.0220204
92 15 64 128 0.0264449
93 15 64 128 0.0276015
94 15 64 128 0.0300751
95 15 64 128 0.0425109
96 15 64 128 0.0340755
97 15 64 128 0.0297624
98 15 64 128 0.0269357
99 15 64 128 0.0210677
100 15 64 128 0.0258609
101 15 64 128 0.0235607
102 15 64 128 0.0291083
103 15 64 128 0.0300042
104 15 64 128 0.0192207
105 15 64 128 0.0156127
106 15 64 128 0.0115944
107 15 64 128 0.0130128
108 15 64 128 0.0181785
109 15 64 128 0.0214236
110 15 64 128 0.0218005
111 15 64 128 0.0193071
112 15 64 128 0.0301582
113 15 64 128 0.0360226
114 15 64 128 0.0297451
115 15 64 128 0.0351577
116 15 64 128 0.0431178
117 15 64 128 0.0708883
118 15 64 128 0.10097
119 15 64 128 0.113824
120 15 64 128 0.139491
121 15 64 128 0.220216
122 15 64 128 0.290588
123 15 64 128 0.330418
124 15 64 128 0.334362
125 15 64 128 0.279972
126 15 64 128 0.219688
127 15 64 128 0.147676
128 15 64 128 0.0858056
129 15 64 128 0.0516497
130 15 64 128 0.0242377
131 15 64 128 0.0114994
177 15 64 128 0.0101583
178 15 64 128 0.0113235
179 15 64 128 0.0117074
12 16 64 128 0.0156485
13 16 64 128 0.02182
14 16 64 128 0.0263911
15 16 64 128 0.0351456
16 16 64 128 0.0442804
17 16 64 128 0.0488093
18 16 64 128 0.0403558
19 16 64 128 0.0291162
20 16 64 128 0.0270954
21 16 64 128 0.0159303
35 16 64 128 0.0100911
36 16 64 128 0.015885
37 16 64 128 0.0218099
38 16 64 128 0.0266672
39 16 64 128 0.026194
40 16 64 128 0.0187504
41 16 64 128 0.0122212
42 16 64 128 0.0104692
45 16 64 128 0.0121725
46 16 64 128 0.012418
47 16 64 128 0.019282
48 16 64 128 0.0235143
49 16 64 128 0.0229729
50 16 64 128 0.0266457
51 16 64 128 0.0270486
52 16 64 128 0.0415576
53 16 64 128 0.0553994
54 16 64 128 0.0697938
55 16 64 128 0.101169
56 16 64 128 0.121269
57 16 64 128 0.165876
58 16 64 128 0.204024
59 16 64 128 0.240534
60 16 64 128 0.318677
61 16 64 128 0.366578
62 16 64 128 0.371133
63 16 64 128 0.328958
64 16 64 128 0.262738
65 16 64 128 0.211632
66 16 64 128 0.172998
67 16 64 128 0.162553
68 16 64 128 0.159608
69 16 64 128 0.166162
70 16 64 128 0.196669
71 16 64 128 0.185775
72 16 64 128 0.147911
73 16 64 128 0.156474
74 16 64 128 0.18369
75 16 64 128 0.153266
76 16 64 128 0.153974
77 16 64 128 0.11922
78 16 64 128 0.0853649
79 16 64 128 0.0833448
80 16 64 128 0.0673738
81 16 64 128 0.0711798
82 16 64 128 0.0525532
83 16 64 128 0.0246463
84 16 64 128 0.0150473
85 16 64 128 0.0112861
89 16 64 128 0.0113386
90 16 64 128 0.0166988
91 16 64 128 0.0175636
92 16 64 128 0.0217901
93 16 64 128 0.0232694
94 16 64 128 0.0255642
95 16 64 128 0.0378055
96 16 64 128 0.0315281
97 16 64 128 0.0298583
98 16 64 128 0.0279027
99 16 64 128 0.0225808
100 16 64 128 0.0297144
101 16 64 128 0.0272863
102 16 64 128 0.0295854
103 16 64 128 0.02798
104 16 64 128 0.0168538
105 16 64 128 0.012732
107 16 64 128 0.0112266
108 16 64 128 0.0162886
109 16 64 128 0.0192773
110 16 64 128 0.0205854
111 16 64 128 0.0207614
112 16 64 128 0.0313813
113 16 64 128 0.0371817
114 16 64 128 0.0321869
115 16 64 128 0.0372909
116 16 64 128 0.0508805
117 16 64 128 0.0783941
118 16 64 128 0.108605
119 16 64 128 0.120425
120 16 64 128 0.132736
121 16 64 128 0.217238
122 16 64 128 0.27881
123 16 64 128 0.308551
124 16 64 128 0.318611
125 16 64 128 0.271412
126 16 64 128 0.230789
127 16 64 128 0.162366
128 16 64 128 0.0959353
129 16 64 128 0.0641142
130 16 64 128 0.0330319
131 16 64 128 0.0175768
132 16 64 128 0.0115361
12 17 64 128 0.0166823
13 17 64 128 0.0220893
14 17 64 128 0.027362
15 17 64 128 0.0399175
16 17 64 128 0.0488315
17 17 64 128 0.0543805
18 17 64 128 0.0463146
19 17 64 128 0.0347734
20 17 64 128 0.0339852
21 17 64 128 0.0196125
35 17 64 128 0.0138255
36 17 64 128 0.0218731
37 17 64 128 0.0303906
38 17 64 128 0.0387404
39 17 64 128 0.0390093
40 17 64 128 0.0268695
41 17 64 128 0.0170958
42 17 64 128 0.013646
43 17 64 128 0.0125324
44 17 64 128 0.0128075
45 17 64 128 0.015179
46 17 64 128 0.0153165
47 17 64 128 0.0233903
48 17 64 128 0.0293461
49 17 64 128 0.0286571
50 17 64 128 0.0302658
51 17 64 128 0.0314154
52 17 64 128 0.0500354
53 17 64 128 0.0656973
54 17 64 128 0.0806719
55 17 64 128 0.114789
56 17 64 128 0.132409
57 17 64 128 0.188371
58 17 64 128 0.238268
59 17 64 128 0.269788
60 17 64 128 0.341157
61 17 64 128 0.401508
62 17 64 128 0.401236
63 17 64 128 0.350088
64 17 64 128 0.283808
65 17 64 128 0.224921
66 17 64 128 0.182847
67 17 64 128 0.163827
68 17 64 128 0.157174
69 17 64 128 0.16761
70 17 64 128 0.19432
71 17 64 128 0.177003
72 17 64 128 0.135668
73 17 64 128 0.139645
74 17 64 128 0.161266
75 17 64 128 0.127561
76 17 64 128 0.119585
77 17 64 128 0.0900898
78 17 64 128 0.06609
79 17 64 128 0.0669614
80 17 64 128 0.0532342
81 17 64 128 0.0538541
82 17 64 128 0.0370537
83 17 64 128 0.0159648
84 17 64 128 0.0109239
90 17 64 128 0.0114035
91 17 64 128 0.0124401
92 17 64 128 0.0176583
93 17 64 128 0.0195365
94 17 64 128 0.0208718
95 17 64 128 0.0316573
96 17 64 128 0.0273971
97 17 64 128 0.0291336
98 17 64 128 0.0288076
99 17 64 128 0.0241348
100 17 64 128 0.0333044
101 17 64 128 0.0312207
102 17 64 128 0.0309975
103 17 64 128 0.0275804
104 17 64 128 0.0165156
105 17 64 128 0.0116619
107 17 64 128 0.010971
108 17 64 128 0.0162651
109 17 64 128 0.0191283
110 17 64 128 0.0203991
111 17 64 128 0.0237329
112 17 64 128 0.0312773
113 17 64 128 0.0363104
114 17 64 128 0.0355515
115 17 64 128 0.0390953
116 17 64 128 0.058028
117 17 64 128 0.0815149
118 17 64 128 0.110537
119 17 64 128 0.124101
120 17 64 128 0.119045
121 17 64 128 0.198486
122 17 64 128 0.242592
123 17 64 128 0.256692
124 17 64 128 0.272447
125 17 64 128 0.237681
126 17 64 128 0.223438
127 17 64 128 0.167589
128 17 64 128 0.103473
129 17 64 128 0.0755182
130 17 64 128 0.0409517
131 17 64 128 0.0237088
132 17 64 128 0.0170845
133 17 64 128 0.0118294
12 18 64 128 0.0173895
13 18 64 128 0.0232242
14 18 64 128 0.0285929
15 18 64 128 0.0393545
16 18 64 128 0.0460269
17 18 64 128 0.0500089
18 18 64 128 0.0437441
19 18 64 128 0.0339814
20 18 64 128 0.0313643
21 18 64 128 0.0189027
35 18 64 128 0.0130423
36 18 64 128 0.0226911
37 18 64 128 0.0326246
38 18 64 128 0.0413185
39 18 64 128 0.0413715
40 18 64 128 0.0289477
41 18 64 128 0.0195246
42 18 64 128 0.0161188
43 18 64 128 0.0146613
44 18 64 128 0.0147293
45 18 64 128 0.0170512
46 18 64 128 0.0168773
47 18 64 128 0.0248601
48 18 64 128 0.0296338
49 18 64 128 0.0273514
50 18 64 128 0.0287706
51 18 64 128 0.0283814
52 18 64 128 0.0435905
53 18 64 128 0.0570731
54 18 64 128 0.0693354
55 18 64 128 0.0970979
56 18 64 128 0.110501
57 18 64 128 0.156393
58 18 64 128 0.203907
59 18 64 128 0.233947
60 18 64 128 0.285953
61 18 64 128 0.343192
62 18 64 128 0.356208
63 18 64 128 0.317418
64 18 64 128 0.255274
65 18 64 128 0.199203
66 18 64 128 0.16152
67 18 64 128 0.141139
68 18 64 128 0.131703
69 18 64 128 0.137071
70 18 64 128 0.150938
71 18 64 128 0.129837
72 18 64 128 0.0964195
73 18 64 128 0.0984794
74 18 64 128 0.112203
75 18 64 128 0.0859751
76 18 64 128 0.0764612
77 18 64 128 0.0560653
78 18 64 128 0.0419716
79 18 64 128 0.043874
80 18 64 128 0.034306
81 18 64 128 0.034172
82 18 64 128 0.0226044
91 18 64 128 0.0105538
92 18 64 128 0.0158563
93 18 64 128 0.0178919
94 18 64 128 0.0197015
95 18 64 128 0.028822
96 18 64 128 0.0244067
97 18 64 128 0.0260336
98 18 64 128 0.0265887
99 18 64 128 0.0224471
100 18 64 128 0.0289169
101 18 64 128 0.0267987
102 18 64 128 0.025431
103 18 64 128 0.0218437
104 18 64 128 0.0133134
108 18 64 128 0.0140358
109 18 64 128 0.0167275
110 18 64 128 0.0187934
111 18 64 128 0.0221
112 18 64 128 0.0273435
113 18 64 128 0.0326247
114 18 64 128 0.0350275
115 18 64 128 0.0384368
116 18 64 128 0.0567943
117 18 64 128 0.0789726
118 18 64 128 0.105785
119 18 64 128 0.11881
120 18 64 128 0.110703
121 18 64 128 0.168496
122 18 64 128 0.203416
123 18 64 128 0.22026
124 18 64 128 0.240915
125 18 64 128 0.21953
126 18 64 128 0.207694
127 18 64 128 0.163917
128 18 64 128 0.11482
129 18 64 128 0.0867016
130 18 64 128 0.0450423
131 18 64 128 0.027334
132 18 64 128 0.0207021
133 18 64 128 0.0143556
12 19 64 128 0.0167515
13 19 64 128 0.0233053
14 19 64 128 0.0282495
15 19 64 128 0.0341404
16 19 64 128 0.0382297
17 19 64 128 0.0401355
18 19 64 128 0.036339
19 19 64 128 0.0293481
20 19 64 128 0.0241686
21 19 64 128 0.0162163
35 19 64 128 0.0117699
36 19 64 128 0.0227648
37 19 64 128 0.0336453
38 19 64 128 0.0400673
39 19 64 128 0.037987
40 19 64 128 0.0277403
41 19 64 128 0.0202848
42 19 64 128 0.0176834
43 19 64 128 0.0157899
44 19 64 128 0.0151075
45 19 64 128 0.0174587
46 19 64 128 0.016849
47 19 64 128 0.0234304
48 19 64 128 0.025301
49 19 64 128 0.0212559
50 19 64 128 0.0238068
51 19 64 128 0.0205982
52 19 64 128 0.0279104
53 19 64 128 0.0366911
54 19 64 128 0.0447166
55 19 64 128 0.0620536
56 19 64 128 0.0710847
57 19 64 128 0.0961056
58 19 64 128 0.131971
59 19 64 128 0.16276
60 19 64 128 0.194592
61 19 64 128 0.238539
62 19 64 128 0.27109
63 19 64 128 0.254273
64 19 64 128 0.198736
65 19 64 128 0.153607
66 19 64 128 0.124351
67 19 64 128 0.108294
68 19 64 128 0.0996505
69 19 64 128 0.096573
70 19 64 128 0.09298
71 19 64 128 0.0690127
72 19 64 128 0.0474674
73 19 64 128 0.0482857
74 19 64 128 0.053348
75 19 64 128 0.0394438
76 19 64 128 0.0346094
77 19 64 128 0.0251263
78 19 64 128 0.0189861
79 19 64 128 0.0201752
80 19 64 128 0.015309
81 19 64 128 0.0164174
82 19 64 128 0.0117189
91 19 64 128 0.0106513
92 19 64 128 0.0151612
93 19 64 128 0.0171676
94 19 64 128 0.0201305
95 19 64 128 0.0274889
96 19 64 128 0.0219672
97 19 64 128 0.0217842
98 19 64 128 0.0228864
99 19 64 128 0.0192618
100 19 64 128 0.0204433
101 19 64 128 0.0176244
102 19 64 128 0.0159449
103 19 64 128 0.0132227
108 19 64 128 0.0100385
109 19 64 128 0.0123968
110 19 64 128 0.0155357
111 19 64 128 0.0169045
112 19 64 128 0.0211159
113 19 64 128 0.0270561
114 19 64 128 0.0308245
115 19 64 128 0.0352396
116 19 64 128 0.0492111
117 19 64 128 0.0714355
118 19 64 128 0.0948778
119 19 64 128 0.105312
120 19 64 128 0.104413
121 19 64 128 0.135866
122 19 64 128 0.16755
123 19 64 128 0.195132
124 19 64 128 0.216804
125 19 64 128 0.206021
126 19 64 128 0.182599
127 19 64 128 0.149332
128 19 64 128 0.120883
129 19 64 128 0.0919949
130 19 64 128 0.0452058
131 19 64 128 0.0286163
132 19 64 128 0.0220893
133 19 64 128 0.0150212
134 19 64 128 0.011526
12 20 64 128 0.0134622
13 20 64 128 0.0190483
14 20 64 128 0.0232339
15 20 64 128 0.0270886
16 20 64 128 0.0307294
17 20 64 128 0.0339565
18 20 64 128 0.0321491
19 20 64 128 0.0268415
20 20 64 128 0.0229971
21 20 64 128 0.0166524
22 20 64 128 0.0107498
35 20 64 128 0.0172849
36 20 64 128 0.0305354
37 20 64 128 0.0434895
38 20 64 128 0.0471162
39 20 64 128 0.0401587
40 20 64 128 0.029974
41 20 64 128 0.0219794
42 20 64 128 0.0188576
43 20 64 128 0.0161997
44 20 64 128 0.014588
45 20 64 128 0.0169945
46 20 64 128 0.0159744
47 20 64 128 0.0204262
48 20 64 128 0.020547
49 20 64 128 0.016793
50 20 64 128 0.0200726
51 20 64 128 0.015402
52 20 64 128 0.0191377
53 20 64 128 0.0249536
54 20 64 128 0.0302794
55 20 64 128 0.0430624
56 20 64 128 0.0477654
57 20 64 128 0.0637773
58 20 64 128 0.0915474
59 20 64 128 0.119736
60 20 64 128 0.148053
61 20 64 128 0.183229
62 20 64 128 0.218175
63 20 64 128 0.208286
64 20 64 128 0.158396
65 20 64 128 0.124083
66 20 64 128 0.101515
67 20 64 128 0.0898785
68 20 64 128 0.0882633
69 20 64 128 0.0863755
70 20 64 128 0.0707638
71 20 64 128 0.0435828
72 20 64 128 0.0258519
73 20 64 128 0.0239622
74 20 64 128 0.0240494
75 20 64 128 0.0159214
76 20 64 128 0.0137741
92 20 64 128 0.0130638
93 20 64 128 0.0150648
94 20 64 128 0.0178314
95 20 64 128 0.0230353
96 20 64 128 0.0180484
97 20 64 128 0.0187379
98 20 64 128 0.0212548
99 20 64 128 0.0183739
100 20 64 128 0.0166837
101 20 64 128 0.0125408
102 20 64 128 0.0103478
110 20 64 128 0.0114699
111 20 64 128 0.0124099
112 20 64 128 0.0159078
113 20 64 128 0.0213371
114 20 64 128 0.0255228
115 20 64 128 0.0304558
116 20 64 128 0.0417063
117 20 64 128 0.0605978
118 20 64 128 0.0792484
119 20 64 128 0.0876344
120 20 64 128 0.0902094
121 20 64 128 0.110413
122 20 64 128 0.134047
123 20 64 128 0.155512
124 20 64 128 0.170486
125 20 64 128 0.1644
126 20 64 128 0.142984
127 20 64 128 0.121407
128 20 64 128 0.106774
129 20 64 128 0.0836208
130 20 64 128 0.0428089
131 20 64 128 0.0290792
132 20 64 128 0.022125
133 20 64 128 0.0150232
134 20 64 128 0.0128908
13 21 64 128 0.0120015
14 21 64 128 0.0152757
15 21 64 128 0.020074
16 21 64 128 0.0248834
17 21 64 128 0.0317509
18 21 64 128 0.0310824
19 21 64 128 0.026184
20 21 64 128 0.0265233
21 21 64 128 0.0188914
22 21 64 128 0.0122584
34 21 64 128 0.0139439
35 21 64 128 0.0262078
36 21 64 128 0.0415901
37 21 64 128 0.0564183
38 21 64 128 0.0579516
39 21 64 128 0.0461761
40 21 64 128 0.0342916
41 21 64 128 0.0237923
42 21 64 128 0.019183
43 21 64 128 0.0157565
44 21 64 128 0.0133418
45 21 64 128 0.0156515
46 21 64 128 0.0144172
47 21 64 128 0.0167579
48 21 64 128 0.01672
49 21 64 128 0.0148867
50 21 64 128 0.0180263
51 21 64 128 0.0138723
52 21 64 128 0.0186525
53 21 64 128 0.0236354
54 21 64 128 0.0281431
55 21 64 128 0.0418767
56 21 64 128 0.0433878
57 21 64 128 0.0631141
58 21 64 128 0.0878666
59 21 64 128 0.11042
60 21 64 128 0.149158
61 21 64 128 0.18208
62 21 64 128 0.204867
63 21 64 128 0.187282
64 21 64 128 0.141364
65 21 64 128 0.11681
66 21 64 128 0.0974708
67 21 64 128 0.0883421
68 21 64 128 0.0957593
69 21 64 128 0.101442
70 21 64 128 0.0817359
71 21 64 128 0.0519983
72 21 64 128 0.0304973
73 21 64 128 0.0249087
74 21 64 128 0.0238283
75 21 64 128 0.0148145
76 21 64 128 0.011998
93 21 64 128 0.0112997
94 21 64 128 0.0126053
95 21 64 128 0.0155778
96 21 64 128 0.0127147
97 21 64 128 0.016351
98 21 64 128 0.020483
99 21 64 128 0.0185585
100 21 64 128 0.0172259
101 21 64 128 0.0119971
112 21 64 128 0.0127783
113 21 64 128 0.0168773
114 21 64 128 0.0211087
115 21 64 128 0.0255719
116 21 64 128 0.0363873
117 21 64 128 0.0493996
118 21 64 128 0.0627801
119 21 64 128 0.0696991
120 21 64 128 0.0694807
121 21 64 128 0.091838
122 21 64 128 0.103256
123 21 64 128 0.105091
124 21 64 128 0.109509
125 21 64 128 0.103599
126 21 64 128 0.0986006
127 21 64 128 0.0891668
128 21 64 128 0.0803955
129 21 64 128 0.0678459
130 21 64 128 0.0404721
131 21 64 128 0.0309261
132 21 64 128 0.023898
133 21 64 128 0.0173547
134 21 64 128 0.0159094
135 21 64 128 0.0103374
15 22 64 128 0.0142503
16 22 64 128 0.0192234
17 22 64 128 0.0274701
18 22 64 128 0.0272885
19 22 64 128 0.0227043
20 22 64 128 0.0250381
21 22 64 128 0.017145
22 22 64 128 0.0109452
34 22 64 128 0.0144699
35 22 64 128 0.027768
36 22 64 128 0.0426125
37 22 64 128 0.0557934
38 22 64 128 0.0564967
39 22 64 128 0.0451947
40 22 64 128 0.0336674
41 22 64 128 0.0225239
42 22 64 128 0.017535
43 22 64 128 0.0140429
44 22 64 128 0.0112077
45 22 64 128 0.0130133
46 22 64 128 0.0119377
47 22 64 128 0.0130232
48 22 64 128 0.0131047
49 22 64 128 0.0125317
50 22 64 128 0.0151162
51 22 64 128 0.0125994
52 22 64 128 0.0172952
53 22 64 128 0.0212151
54 22 64 128 0.0251848
55 22 64 128 0.0377174
56 22 64 128 0.03884
57 22 64 128 0.0603256
58 22 64 128 0.0806152
59 22 64 128 0.09899
60 22 64 128 0.14505
61 22 64 128 0.175137
62 22 64 128 0.192112
63 22 64 128 0.170442
64 22 64 128 0.128092
65 22 64 128 0.116429
66 22 64 128 0.0981133
67 22 64 128 0.0901913
68 22 64 128 0.0997037
69 22 64 128 0.104717
70 22 64 128 0.0858004
71 22 64 128 0.0567259
72 22 64 128 0.0332138
73 22 64 128 0.0252618
74 22 64 128 0.0238484
75 22 64 128 0.0151863
76 22 64 128 0.0119046
97 22 64 128 0.0120754
98 22 64 128 0.0160653
99 22 64 128 0.0151107
100 22 64 128 0.0151489
101 22 64 128 0.01047
112 22 64 128 0.0111284
113 22 64 128 0.0147755
114 22 64 128 0.0190382
115 22 64 128 0.0223787
116 22 64 128 0.0321971
117 22 64 128 0.0415315
118 22 64 128 0.0509304
119 22 64 128 0.055213
120 22 64 128 0.05166
121 22 64 128 0.0727029
122 22 64 128 0.076473
123 22 64 128 0.0683899
124 22 64 128 0.0675706
125 22 64 128 0.0618626
126 22 64 128 0.0694049
127 22 64 128 0.0693643
128 22 64 128 0.0654548
129 22 64 128 0.0605769
130 22 64 128 0.0415224
131 22 64 128 0.0366462
132 22 64 128 0.0318124
133 22 64 128 0.0260445
134 22 64 128 0.0233633
135 22 64 128 0.0149459
16 23 64 128 0.0135179
17 23 64 128 0.0197935
18 23 64 128 0.0197476
19 23 64 128 0.016055
20 23 64 128 0.0171698
21 23 64 128 0.0112265
34 23 64 128 0.0107684
35 23 64 128 0.0210998
36 23 64 128 0.0325576
37 23 64 128 0.0408073
38 23 64 128 0.0417778
39 23 64 128 0.0358742
40 23 64 128 0.0271305
41 23 64 128 0.0179353
42 23 64 128 0.0140305
43 23 64 128 0.0112395
50 23 64 128 0.011091
51 23 64 128 0.0103333
52 23 64 128 0.0123251
53 23 64 128 0.0143504
54 23 64 128 0.0173972
55 23 64 128 0.0249824
56 23 64 128 0.0279827
57 23 64 128 0.0444043
58 23 64 128 0.0575742
59 23 64 128 0.0744145
60 23 64 128 0.117999
61 23 64 128 0.142697
62 23 64 128 0.164472
63 23 64 128 0.147732
64 23 64 128 0.109972
65 23 64 128 0.11244
66 23 64 128 0.094726
67 23 64 128 0.087249
68 23 64 128 0.0910144
69 23 64 128 0.0857171
70 23 64 128 0.069665
71 23 64 128 0.0445759
72 23 64 128 0.0241207
73 23 64 128 0.0160366
74 23 64 128 0.0139763
112 23 64 128 0.0100472
113 23 64 128 0.0142046
114 23 64 128 0.0184189
115 23 64 128 0.0205378
116 23 64 128 0.0279923
117 23 64 128 0.0366619
118 23 64 128 0.0437174
119 23 64 128 0.0445006
120 23 64 128 0.0397813
121 23 64 128 0.0514606
122 23 64 128 0.0541386
123 23 64 128 0.0512056
124 23 64 128 0.0521391
125 23 64 128 0.0482646
126 23 64 128 0.0577062
127 23 64 128 0.0626774
128 23 64 128 0.0645812
129 23 64 128 0.0622378
130 23 64 128 0.0439894
131 23 64 128 0.0432991
132 23 64 128 0.0426139
133 23 64 128 0.0380599
134 23 64 128 0.0331298
135 23 64 128 0.0200974
136 23 64 128 0.0126926
17 24 64 128 0.0126639
18 24 64 128 0.0127968
19 24 64 128 0.0106551
20 24 64 128 0.0107439
35 24 64 128 0.0161894
36 24 64 128 0.0238301
37 24 64 128 0.0279854
38 24 64 128 0.029386
39 24 64 128 0.0273533
40 24 64 128 0.0203871
41 24 64 128 0.0130451
42 24 64 128 0.0101477
54 24 64 128 0.0109961
55 24 64 128 0.0150111
56 24 64 128 0.0192323
57 24 64 128 0.0298937
58 24 64 128 0.0379983
59 24 64 128 0.0534538
60 24 64 128 0.0896417
61 24 64 128 0.110166
62 24 64 128 0.133236
63 24 64 128 0.121535
64 24 64 128 0.0908977
65 24 64 128 0.100216
66 24 64 128 0.0849352
67 24 64 128 0.0775404
68 24 64 128 0.0756011
69 24 64 128 0.0634751
70 24 64 128 0.0499655
71 24 64 128 0.029594
72 24 64 128 0.0138193
113 24 64 128 0.0122857
114 24 64 128 0.0158612
115 24 64 128 0.017423
116 24 64 128 0.0226332
117 24 64 128 0.0301252
118 24 64 128 0.0352773
119 24 64 128 0.0342562
120 24 64 128 0.0297695
121 24 64 128 0.0331075
122 24 64 128 0.0357486
123 24 64 128 0.038599
124 24 64 128 0.0417202
125 24 64 128 0.0396488
126 24 64 128 0.0465427
127 24 64 128 0.0522985
128 24 64 128 0.0573217
129 24 64 128 0.0563708
130 24 64 128 0.0402241
131 24 64 128 0.0421475
132 24 64 128 0.0448257
133 24 64 128 0.0427866
134 24 64 128 0.0378213
135 24 64 128 0.0229872
136 24 64 128 0.0142023
35 25 64 128 0.0172092
36 25 64 128 0.0223925
37 25 64 128 0.0253876
38 25 64 128 0.0268234
39 25 64 128 0.0242721
40 25 64 128 0.016648
55 25 64 128 0.0128852
56 25 64 128 0.0163073
57 25 64 128 0.0240178
58 25 64 128 0.0308979
59 25 64 128 0.0436476
60 25 64 128 0.0714811
61 25 64 128 0.0901381
62 25 64 128 0.105696
63 25 64 128 0.0950403
64 25 64 128 0.0732239
65 25 64 128 0.0795598
66 25 64 128 0.0689231
67 25 64 128 0.0617456
68 25 64 128 0.0584856
69 25 64 128 0.0488918
70 25 64 128 0.0367323
71 25 64 128 0.020372
114 25 64 128 0.0106991
115 25 64 128 0.0125457
116 25 64 128 0.0163805
117 25 64 128 0.0208394
118 25 64 128 0.0241031
119 25 64 128 0.0237795
120 25 64 128 0.0200414
121 25 64 128 0.020758
122 25 64 128 0.0214872
123 25 64 128 0.0231959
124 25 64 128 0.0255018
125 25 64 128 0.0242848
126 25 64 128 0.0286749
127 25 64 128 0.0322345
128 25 64 128 0.0365093
129 25 64 128 0.0379738
130 25 64 128 0.0288561
131 25 64 128 0.0316999
132 25 64 128 0.0356018
133 25 64 128 0.0372598
134 25 64 128 0.0356069
135 25 64 128 0.0232908
136 25 64 128 0.0145793
34 26 64 128 0.0104727
35 26 64 128 0.0179901
36 26 64 128 0.0226294
37 26 64 128 0.025885
38 26 64 128 0.0270788
39 26 64 128 0.0230948
40 26 64 128 0.0145182
55 26 64 128 0.012124
56 26 64 128 0.0140961
57 26 64 128 0.0200074
58 26 64 128 0.0260496
59 26 64 128 0.0352676
60 26 64 128 0.0553183
61 26 64 128 0.0706859
62 26 64 128 0.080463
63 26 64 128 0.0717247
64 26 64 128 0.0557807
65 26 64 128 0.0570129
66 26 64 128 0.050514
67 26 64 128 0.0443582
68 26 64 128 0.0420202
69 26 64 128 0.037225
70 26 64 128 0.0268036
71 26 64 128 0.0144016
116 26 64 128 0.0117699
117 26 64 128 0.0139022
118 26 64 128 0.0162499
119 26 64 128 0.0168999
120 26 64 128 0.0136455
121 26 64 128 0.0139259
122 26 64 128 0.012731
123 26 64 128 0.0116205
124 26 64 128 0.0124141
125 26 64 128 0.0116608
126 26 64 128 0.0142495
127 26 64 128 0.0155072
128 26 64 128 0.0184683
129 26 64 128 0.0220517
130 26 64 128 0.019186
131 26 64 128 0.0227178
132 26 64 128 0.0268005
133 26 64 128 0.031572
134 26 64 128 0.0341183
135 26 64 128 0.0248441
136 26 64 128 0.0162495
35 27 64 128 0.0148121
36 27 64 128 0.0204887
37 27 64 128 0.0240319
38 27 64 128 0.0247645
39 27 64 128 0.0208215
40 27 64 128 0.012664
57 27 64 128 0.0130802
58 27 64 128 0.0164246
59 27 64 128 0.0220152
60 27 64 128 0.0358069
61 27 64 128 0.0446603
62 27 64 128 0.0569246
63 27 64 128 0.0538739
64 27 64 128 0.0386694
65 27 64 128 0.0384338
66 27 64 128 0.0336971
67 27 64 128 0.0296346
68 27 64 128 0.0284907
69 27 64 128 0.0252866
70 27 64 128 0.0177872
116 27 64 128 0.0100548
117 27 64 128 0.0121384
118 27 64 128 0.0148943
119 27 64 128 0.0152628
120 27 64 128 0.0119147
121 27 64 128 0.0111336
127 27 64 128 0.010543
128 27 64 128 0.0138153
129 27 64 128 0.0181057
130 27 64 128 0.0168468
131 27 64 128 0.0216097
132 27 64 128 0.0256988
133 27 64 128 0.0317486
134 27 64 128 0.037252
135 27 64 128 0.0290376
136 27 64 128 0.0198944
137 27 64 128 0.0119002
35 28 64 128 0.0123947
36 28 64 128 0.018441
37 28 64 128 0.0220261
38 28 64 128 0.0218326
39 28 64 128 0.0176461
40 28 64 128 0.0109545
59 28 64 128 0.0100468
60 28 64 128 0.0191749
61 28 64 128 0.0223651
62 28 64 128 0.038369
63 28 64 128 0.0407472
64 28 64 128 0.0259513
65 28 64 128 0.0264519
66 28 64 128 0.0220419
67 28 64 128 0.0203729
68 28 64 128 0.0206279
69 28 64 128 0.0173136
70 28 64 128 0.0122104
117 28 64 128 0.0113211
118 28 64 128 0.0143394
119 28 64 128 0.0140563
120 28 64 128 0.0108652
127 28 64 128 0.0100199
128 28 64 128 0.0136363
129 28 64 128 0.0174087
130 28 64 128 0.0159314
131 28 64 128 0.0211788
132 28 64 128 0.0248432
133 28 64 128 0.0307382
134 28 64 128 0.0374701
135 28 64 128 0.0302405
136 28 64 128 0.0213558
137 28 64 128 0.0128052
35 29 64 128 0.0145842
36 29 64 128 0.0187033
37 29 64 128 0.0220017
38 29 64 128 0.0203686
39 29 64 128 0.0142109
60 29 64 128 0.0111271
61 29 64 128 0.0129898
62 29 64 128 0.0272814
63 29 64 128 0.0310791
64 29 64 128 0.0204372
65 29 64 128 0.0217662
66 29 64 128 0.0174507
67 29 64 128 0.0176545
68 29 64 128 0.0195304
69 29 64 128 0.0164813
70 29 64 128 0.0118635
129 29 64 128 0.0115728
130 29 64 128 0.0109511
131 29 64 128 0.0149267
132 29 64 128 0.0175296
133 29 64 128 0.0224936
134 29 64 128 0.0287494
135 29 64 128 0.0241785
136 29 64 128 0.0175036
137 29 64 128 0.0107159
34 30 64 128 0.0105653
35 30 64 128 0.0168157
36 30 64 128 0.018633
37 30 64 128 0.0213072
38 30 64 128 0.0186185
39 30 64 128 0.0110084
61 30 64 128 0.0110189
62 30 64 128 0.020701
63 30 64 128 0.0233564
64 30 64 128 0.0177158
65 30 64 128 0.0194765
66 30 64 128 0.0155841
67 30 64 128 0.0167443
68 30 64 128 0.0196808
69 30 64 128 0.0174213
70 30 64 128 0.0127458
133 30 64 128 0.0126449
134 30 64 128 0.0177562
135 30 64 128 0.0160288
136 30 64 128 0.0120855
35 31 64 128 0.0138263
36 31 64 128 0.0152272
37 31 64 128 0.016968
38 31 64 128 0.0144926
62 31 64 128 0.014931
63 31 64 128 0.0163023
64 31 64 128 0.0126939
65 31 64 128 0.0144273
66 31 64 128 0.0115679
67 31 64 128 0.012606
68 31 64 128 0.0152943
69 31 64 128 0.0140278
70 31 64 128 0.0104272
134 31 64 128 0.0126348
135 31 64 128 0.0120534
36 32 64 128 0.0105793
37 32 64 128 0.0112234
63 32 64 128 0.0104756
134 32 64 128 0.0115544
135 32 64 128 0.0109861
168 33 64 128 0.0106329
169 33 64 128 0.010002
170 33 64 128 0.0116143
168 34 64 128 0.0117889
169 34 64 128 0.0118729
170 34 64 128 0.0152151
171 34 64 128 0.0112366
167 35 64 128 0.0106084
168 35 64 128 0.0151375
169 35 64 128 0.017251
170 35 64 128 0.0227436
171 35 64 128 0.0177056
167 36 64 128 0.0136121
168 36 64 128 0.0206174
169 36 64 128 0.0254996
170 36 64 128 0.0342844
171 36 64 128 0.0282376
172 36 64 128 0.015077
167 37 64 128 0.0173929
168 37 64 128 0.026268
169 37 64 128 0.0330206
170 37 64 128 0.04799
171 37 64 128 0.0402611
172 37 64 128 0.022355
173 37 64 128 0.0102748
167 38 64 128 0.0211434
168 38 64 128 0.0314834
169 38 64 128 0.0396807
170 38 64 128 0.0629939
171 38 64 128 0.0540442
172 38 64 128 0.0317187
173 38 64 128 0.0159488
167 39 64 128 0.0243997
168 39 64 128 0.0375083
169 39 64 128 0.049991
170 39 64 128 0.0797949
171 39 64 128 0.0736623
172 39 64 128 0.0448237
173 39 64 128 0.0208908
166 40 64 128 0.0108815
167 40 64 128 0.0268396
168 40 64 128 0.0442343
169 40 64 128 0.0643095
170 40 64 128 0.0979006
171 40 64 128 0.0990381
172 40 64 128 0.0616243
173 40 64 128 0.0247971
174 40 64 128 0.0122655
166 41 64 128 0.0112324
167 41 64 128 0.0283752
168 41 64 128 0.0486255
169 41 64 128 0.0741521
170 41 64 128 0.114675
171 41 64 128 0.121366
172 41 64 128 0.0785351
173 41 64 128 0.0321378
174 41 64 128 0.0157661
167 42 64 128 0.0291501
168 42 64 128 0.049284
169 42 64 128 0.0753585
170 42 64 128 0.130038
171 42 64 128 0.136682
172 42 64 128 0.0938589
173 42 64 128 0.0456299
174 42 64 128 0.0195512
167 43 64 128 0.0299318
168 43 64 128 0.0508739
169 43 64 128 0.0801747
170 43 64 128 0.152499
171 43 64 128 0.15896
172 43 64 128 0.112945
173 43 64 128 0.0609121
174 43 64 128 0.025251
175 43 64 128 0.0114643
167 44 64 128 0.0311064
168 44 64 128 0.0570086
169 44 64 128 0.0983944
170 44 64 128 0.186647
171 44 64 128 0.198703
172 44 64 128 0.139368
173 44 64 128 0.0728653
174 44 64 128 0.0337926
175 44 64 128 0.0144953
167 45 64 128 0.0306423
168 45 64 128 0.060636
169 45 64 128 0.112838
170 45 64 128 0.210182
171 45 64 128 0.233079
172 45 64 128 0.161625
173 45 64 128 0.079227
174 45 64 128 0.0412051
175 45 64 128 0.0168343
167 46 64 128 0.026266
168 46 64 128 0.0530965
169 46 64 128 0.101983
170 46 64 128 0.197199
171 46 64 128 0.233235
172 46 64 128 0.165321
173 46 64 128 0.0786976
174 46 64 128 0.0426827
175 46 64 128 0.0176184
167 47 64 128 0.0195086
168 47 64 128 0.0382836
169 47 64 128 0.0738887
170 47 64 128 0.156925
171 47 64 128 0.201772
172 47 64 128 0.148966
173 47 64 128 0.0707621
174 47 64 128 0.0384335
175 47 64 128 0.0165148
167 48 64 128 0.0135134
168 48 64 128 0.0254605
169 48 64 128 0.0493286
170 48 64 128 0.113942
171 48 64 128 0.155681
172 48 64 128 0.117436
173 48 64 128 0.0555735
174 48 64 128 0.0309883
175 48 64 128 0.0135096
168 49 64 128 0.0170446
169 49 64 128 0.0337018
170 49 64 128 0.0780544
171 49 64 128 0.107235
172 49 64 128 0.079764
173 49 64 128 0.0372829
174 49 64 128 0.0225167
168 50 64 128 0.0106337
169 50 64 128 0.0215863
170 50 64 128 0.048564
171 50 64 128 0.0651589
172 50 64 128 0.047652
173 50 64 128 0.0226977
174 50 64 128 0.0148876
169 51 64 128 0.0111531
170 51 64 128 0.0259379
171 51 64 128 0.0344765
172 51 64 128 0.0262718
173 51 64 128 0.0140604
170 52 64 128 0.0120788
171 52 64 128 0.0163213
172 52 64 128 0.013796
239 84 64 128 0.0103923
240 84 64 128 0.0110878
241 84 64 128 0.0118559
242 84 64 128 0.0103218
240 87 64 128 0.0101148
241 87 64 128 0.0103442
240 88 64 128 0.0118553
241 88 64 128 0.0134267
242 88 64 128 0.0122199
241 89 64 128 0.011448
242 89 64 128 0.0105295
317 105 64 128 0.0117995
318 105 64 128 0.0102426
317 106 64 128 0.0131715
318 106 64 128 0.0110228
317 107 64 128 0.0131205
318 107 64 128 0.010284
316 108 64 128 0.0117093
317 108 64 128 0.0159098
318 108 64 128 0.011364
316 109 64 128 0.0166166
317 109 64 128 0.0218217
318 109 64 128 0.0148016
319 109 64 128 0.0130683
316 110 64 128 0.0190447
317 110 64 128 0.024876
318 110 64 128 0.0167017
319 110 64 128 0.0146769
316 111 64 128 0.0164991
317 111 64 128 0.0219007
318 111 64 128 0.014908
319 111 64 128 0.0130256
316 112 64 128 0.0128454
317 112 64 128 0.017385
318 112 64 128 0.0121132
319 112 64 128 0.0106182
316 113 64 128 0.0114443
317 113 64 128 0.015297
318 113 64 128 0.0107284
316 114 64 128 0.0106449
317 114 64 128 0.0138817
317 115 64 128 0.0107243
316 136 64 128 0.010358
316 137 64 128 0.0130899
315 138 64 128 0.0110743
316 138 64 128 0.0172104
317 138 64 128 0.0123393
315 139 64 128 0.0145729
316 139 64 128 0.0229895
317 139 64 128 0.0164272
315 140 64 128 0.0161413
316 140 64 128 0.0259715
317 140 64 128 0.0187702
315 141 64 128 0.0137961
316 141 64 128 0.0234071
317 141 64 128 0.0176861
315 142 64 128 0.0104791
316 142 64 128 0.0207576
317 142 64 128 0.016985
316 143 64 128 0.0234716
317 143 64 128 0.0203489
316 144 64 128 0.0269841
317 144 64 128 0.0240996
316 145 64 128 0.0242289
317 145 64 128 0.0227323
316 146 64 128 0.0167196
317 146 64 128 0.0171564
316 147 64 128 0.0102652
317 147 64 128 0.0115253
