277 158 64 128 0.0111732
278 158 64 128 0.0150684
279 158 64 128 0.0178114
280 158 64 128 0.0269871
281 158 64 128 0.0314716
282 158 64 128 0.0277003
283 158 64 128 0.0202751
284 158 64 128 0.015186
285 158 64 128 0.0139802
301 158 64 128 0.0107824
302 158 64 128 0.0131953
303 158 64 128 0.0137007
304 158 64 128 0.0103327
305 158 64 128 0.0107137
276 159 64 128 0.0117222
277 159 64 128 0.0198375
278 159 64 128 0.0273386
279 159 64 128 0.0327459
280 159 64 128 0.0520438
281 159 64 128 0.0625382
282 159 64 128 0.0552638
283 159 64 128 0.0390167
284 159 64 128 0.0276425
285 159 64 128 0.0257961
286 159 64 128 0.0153255
300 159 64 128 0.0139986
301 159 64 128 0.0180744
302 159 64 128 0.02195
303 159 64 128 0.0227109
304 159 64 128 0.0174779
305 159 64 128 0.0185243
306 159 64 128 0.0139885
277 160 64 128 0.0171647
278 160 64 128 0.0250875
279 160 64 128 0.0311299
280 160 64 128 0.0583887
281 160 64 128 0.0715277
282 160 64 128 0.0607626
283 160 64 128 0.0376849
284 160 64 128 0.019904
285 160 64 128 0.0197181
300 160 64 128 0.0109823
301 160 64 128 0.0149
302 160 64 128 0.0200552
303 160 64 128 0.0223022
304 160 64 128 0.0170724
305 160 64 128 0.0188163
306 160 64 128 0.0141726
276 161 64 128 0.0122727
277 161 64 128 0.0265615
278 161 64 128 0.0379426
279 161 64 128 0.0444365
280 161 64 128 0.0853563
281 161 64 128 0.105078
282 161 64 128 0.0940608
283 161 64 128 0.0640108
284 161 64 128 0.0341988
285 161 64 128 0.0342606
286 161 64 128 0.0188483
300 161 64 128 0.0154466
301 161 64 128 0.019076
302 161 64 128 0.0250825
303 161 64 128 0.0284767
304 161 64 128 0.0207116
305 161 64 128 0.0231904
306 161 64 128 0.017955
307 161 64 128 0.0115218
273 162 64 128 0.0114317
274 162 64 128 0.0156631
275 162 64 128 0.0271404
276 162 64 128 0.0476954
277 162 64 128 0.0906205
278 162 64 128 0.120207
279 162 64 128 0.131248
280 162 64 128 0.20661
281 162 64 128 0.250779
282 162 64 128 0.246925
283 162 64 128 0.20373
284 162 64 128 0.146627
285 162 64 128 0.138794
286 162 64 128 0.0916825
287 162 64 128 0.0513825
288 162 64 128 0.0431227
289 162 64 128 0.0319046
290 162 64 128 0.036796
291 162 64 128 0.0310304
292 162 64 128 0.0229705
293 162 64 128 0.0217909
294 162 64 128 0.0213714
295 162 64 128 0.0240149
296 162 64 128 0.0232918
297 162 64 128 0.0254792
298 162 64 128 0.0273174
299 162 64 128 0.030575
300 162 64 128 0.0566923
301 162 64 128 0.0637067
302 162 64 128 0.0701258
303 162 64 128 0.0714204
304 162 64 128 0.0507259
305 162 64 128 0.054062
306 162 64 128 0.0432107
307 162 64 128 0.0292143
308 162 64 128 0.0243368
309 162 64 128 0.0178386
310 162 64 128 0.0164957
311 162 64 128 0.0122697
272 163 64 128 0.0156029
273 163 64 128 0.0220961
274 163 64 128 0.0315517
275 163 64 128 0.0557758
276 163 64 128 0.102805
277 163 64 128 0.189591
278 163 64 128 0.24774
279 163 64 128 0.265549
280 163 64 128 0.387666
281 163 64 128 0.466534
282 163 64 128 0.474782
283 163 64 128 0.415409
284 163 64 128 0.322171
285 163 64 128 0.303373
286 163 64 128 0.204476
287 163 64 128 0.121601
288 163 64 128 0.100608
289 163 64 128 0.075349
290 163 64 128 0.0886525
291 163 64 128 0.0744644
292 163 64 128 0.0535711
293 163 64 128 0.0495724
294 163 64 128 0.0481892
295 163 64 128 0.053985
296 163 64 128 0.0527872
297 163 64 128 0.0561274
298 163 64 128 0.0590197
299 163 64 128 0.0657223
300 163 64 128 0.116131
301 163 64 128 0.128552
302 163 64 128 0.135538
303 163 64 128 0.133184
304 163 64 128 0.0935608
305 163 64 128 0.09745
306 163 64 128 0.0781497
307 163 64 128 0.0533647
308 163 64 128 0.0442411
309 163 64 128 0.032432
310 163 64 128 0.0285839
311 163 64 128 0.0207803
312 163 64 128 0.0110687
271 164 64 128 0.0105692
272 164 64 128 0.0197225
273 164 64 128 0.027945
274 164 64 128 0.0390373
275 164 64 128 0.0685663
276 164 64 128 0.1293
277 164 64 128 0.244687
278 164 64 128 0.322032
279 164 64 128 0.341128
280 164 64 128 0.491359
281 164 64 128 0.587052
282 164 64 128 0.603541
283 164 64 128 0.536874
284 164 64 128 0.420414
285 164 64 128 0.403831
286 164 64 128 0.265342
287 164 64 128 0.146122
288 164 64 128 0.11682
289 164 64 128 0.0833904
290 164 64 128 0.102782
291 164 64 128 0.0844567
292 164 64 128 0.0576945
293 164 64 128 0.0537597
294 164 64 128 0.051353
295 164 64 128 0.0579717
296 164 64 128 0.0569126
297 164 64 128 0.0615362
298 164 64 128 0.0649207
299 164 64 128 0.0715784
300 164 64 128 0.130029
301 164 64 128 0.143036
302 164 64 128 0.151867
303 164 64 128 0.150357
304 164 64 128 0.101821
305 164 64 128 0.105091
306 164 64 128 0.0830947
307 164 64 128 0.0564887
308 164 64 128 0.0483627
309 164 64 128 0.0357215
310 164 64 128 0.0322151
311 164 64 128 0.0235538
312 164 64 128 0.012409
317 164 64 128 0.0103978
318 164 64 128 0.0101783
271 165 64 128 0.0105826
272 165 64 128 0.0200357
273 165 64 128 0.028064
274 165 64 128 0.0376363
275 165 64 128 0.0661765
276 165 64 128 0.127471
277 165 64 128 0.249708
278 165 64 128 0.331964
279 165 64 128 0.346476
280 165 64 128 0.493611
281 165 64 128 0.579356
282 165 64 128 0.596959
283 165 64 128 0.53669
284 165 64 128 0.421124
285 165 64 128 0.422544
286 165 64 128 0.27401
287 165 64 128 0.137768
288 165 64 128 0.104774
289 165 64 128 0.0702573
290 165 64 128 0.0916574
291 165 64 128 0.0706043
292 165 64 128 0.0435467
293 165 64 128 0.0423087
294 165 64 128 0.0386888
295 165 64 128 0.0443499
296 165 64 128 0.0418933
297 165 64 128 0.0456491
298 165 64 128 0.0486631
299 165 64 128 0.0513078
300 165 64 128 0.0991748
301 165 64 128 0.106553
302 165 64 128 0.117139
303 165 64 128 0.120899
304 165 64 128 0.0764556
305 165 64 128 0.0797591
306 165 64 128 0.0624658
307 165 64 128 0.0433987
308 165 64 128 0.0407132
309 165 64 128 0.0316743
310 165 64 128 0.0317274
311 165 64 128 0.0238999
312 165 64 128 0.0126208
316 165 64 128 0.0123447
317 165 64 128 0.014657
318 165 64 128 0.0153947
319 165 64 128 0.0151169
271 166 64 128 0.0116766
272 166 64 128 0.0228821
273 166 64 128 0.0330959
274 166 64 128 0.0472044
275 166 64 128 0.0889378
276 166 64 128 0.16959
277 166 64 128 0.306325
278 166 64 128 0.396516
279 166 64 128 0.411048
280 166 64 128 0.539151
281 166 64 128 0.608213
282 166 64 128 0.62489
283 166 64 128 0.578751
284 166 64 128 0.483227
285 166 64 128 0.500749
286 166 64 128 0.365971
287 166 64 128 0.230137
288 166 64 128 0.184862
289 166 64 128 0.14319
290 166 64 128 0.167044
291 166 64 128 0.12681
292 166 64 128 0.0842755
293 166 64 128 0.0821712
294 166 64 128 0.0763583
295 166 64 128 0.0854946
296 166 64 128 0.073764
297 166 64 128 0.0690676
298 166 64 128 0.0713479
299 166 64 128 0.0718527
300 166 64 128 0.119819
301 166 64 128 0.122108
302 166 64 128 0.129402
303 166 64 128 0.133743
304 166 64 128 0.0899498
305 166 64 128 0.0996554
306 166 64 128 0.0857388
307 166 64 128 0.0664685
308 166 64 128 0.0624234
309 166 64 128 0.0525875
310 166 64 128 0.0547149
311 166 64 128 0.0413293
312 166 64 128 0.0228234
313 166 64 128 0.0148499
314 166 64 128 0.0131989
315 166 64 128 0.0151216
316 166 64 128 0.0189493
317 166 64 128 0.0221113
318 166 64 128 0.0228684
319 166 64 128 0.0223009
271 167 64 128 0.0150897
272 167 64 128 0.0305764
273 167 64 128 0.0468132
274 167 64 128 0.0742701
275 167 64 128 0.148804
276 167 64 128 0.278187
277 167 64 128 0.451071
278 167 64 128 0.561125
279 167 64 128 0.584671
280 167 64 128 0.69361
281 167 64 128 0.754233
282 167 64 128 0.771855
283 167 64 128 0.741524
284 167 64 128 0.675376
285 167 64 128 0.696363
286 167 64 128 0.587658
287 167 64 128 0.462972
288 167 64 128 0.392533
289 167 64 128 0.332717
290 167 64 128 0.361541
291 167 64 128 0.281681
292 167 64 128 0.202856
293 167 64 128 0.193744
294 167 64 128 0.183446
295 167 64 128 0.202856
296 167 64 128 0.173341
297 167 64 128 0.152478
298 167 64 128 0.154095
299 167 64 128 0.156687
300 167 64 128 0.230246
301 167 64 128 0.232175
302 167 64 128 0.230501
303 167 64 128 0.227784
304 167 64 128 0.172501
305 167 64 128 0.19646
306 167 64 128 0.17997
307 167 64 128 0.145552
308 167 64 128 0.129609
309 167 64 128 0.111321
310 167 64 128 0.112217
311 167 64 128 0.0839636
312 167 64 128 0.0475677
313 167 64 128 0.0297634
314 167 64 128 0.0224963
315 167 64 128 0.0246881
316 167 64 128 0.030139
317 167 64 128 0.0342233
318 167 64 128 0.033521
319 167 64 128 0.0302889
271 168 64 128 0.0170987
272 168 64 128 0.035417
273 168 64 128 0.0559916
274 168 64 128 0.0927467
275 168 64 128 0.188901
276 168 64 128 0.354733
277 168 64 128 0.559627
278 168 64 128 0.688205
279 168 64 128 0.718984
280 168 64 128 0.82085
281 168 64 128 0.880264
282 168 64 128 0.90063
283 168 64 128 0.883356
284 168 64 128 0.838259
285 168 64 128 0.858002
286 168 64 128 0.767577
287 168 64 128 0.650146
288 168 64 128 0.559152
289 168 64 128 0.485736
290 168 64 128 0.517682
291 168 64 128 0.406651
292 168 64 128 0.301457
293 168 64 128 0.28554
294 168 64 128 0.26613
295 168 64 128 0.295596
296 168 64 128 0.252347
297 168 64 128 0.219609
298 168 64 128 0.220788
299 168 64 128 0.223342
300 168 64 128 0.325696
301 168 64 128 0.329171
302 168 64 128 0.322315
303 168 64 128 0.316974
304 168 64 128 0.249627
305 168 64 128 0.28725
306 168 64 128 0.268352
307 168 64 128 0.221268
308 168 64 128 0.197346
309 168 64 128 0.173394
310 168 64 128 0.175099
311 168 64 128 0.132255
312 168 64 128 0.0754884
313 168 64 128 0.0455104
314 168 64 128 0.0338811
315 168 64 128 0.0388276
316 168 64 128 0.0469437
317 168 64 128 0.0511819
318 168 64 128 0.0492579
319 168 64 128 0.0451034
271 169 64 128 0.0154468
272 169 64 128 0.0326139
273 169 64 128 0.0521959
274 169 64 128 0.0857297
275 169 64 128 0.172058
276 169 64 128 0.333004
277 169 64 128 0.544469
278 169 64 128 0.678119
279 169 64 128 0.706512
280 169 64 128 0.817564
281 169 64 128 0.8789
282 169 64 128 0.902581
283 169 64 128 0.892898
284 169 64 128 0.849748
285 169 64 128 0.870454
286 169 64 128 0.778829
287 169 64 128 0.656924
288 169 64 128 0.564344
289 169 64 128 0.494393
290 169 64 128 0.524268
291 169 64 128 0.412945
292 169 64 128 0.314132
293 169 64 128 0.29658
294 169 64 128 0.263685
295 169 64 128 0.296395
296 169 64 128 0.251874
297 169 64 128 0.2194
298 169 64 128 0.220367
299 169 64 128 0.217369
300 169 64 128 0.33206
301 169 64 128 0.336223
302 169 64 128 0.333453
303 169 64 128 0.33717
304 169 64 128 0.267844
305 169 64 128 0.311648
306 169 64 128 0.295431
307 169 64 128 0.251621
308 169 64 128 0.233873
309 169 64 128 0.214346
310 169 64 128 0.221867
311 169 64 128 0.172024
312 169 64 128 0.0990578
313 169 64 128 0.0574756
314 169 64 128 0.0457583
315 169 64 128 0.0573057
316 169 64 128 0.0692098
317 169 64 128 0.072283
318 169 64 128 0.0704463
319 169 64 128 0.0693961
271 170 64 128 0.0150998
272 170 64 128 0.031789
273 170 64 128 0.0509332
274 170 64 128 0.0822365
275 170 64 128 0.159119
276 170 64 128 0.311165
277 170 64 128 0.515652
278 170 64 128 0.642711
279 170 64 128 0.668077
280 170 64 128 0.782953
281 170 64 128 0.841946
282 170 64 128 0.866129
283 170 64 128 0.860952
284 170 64 128 0.816839
285 170 64 128 0.835783
286 170 64 128 0.744291
287 170 64 128 0.62507
288 170 64 128 0.543781
289 170 64 128 0.487436
290 170 64 128 0.51306
291 170 64 128 0.417921
292 170 64 128 0.33778
293 170 64 128 0.320015
294 170 64 128 0.278819
295 170 64 128 0.307006
296 170 64 128 0.26204
297 170 64 128 0.230191
298 170 64 128 0.230785
299 170 64 128 0.227332
300 170 64 128 0.343897
301 170 64 128 0.348471
302 170 64 128 0.34644
303 170 64 128 0.35499
304 170 64 128 0.292227
305 170 64 128 0.337553
306 170 64 128 0.325157
307 170 64 128 0.289403
308 170 64 128 0.279681
309 170 64 128 0.265122
310 170 64 128 0.275083
311 170 64 128 0.219801
312 170 64 128 0.130966
313 170 64 128 0.0742771
314 170 64 128 0.0612263
315 170 64 128 0.0788346
316 170 64 128 0.0930166
317 170 64 128 0.0943575
318 170 64 128 0.0917769
319 170 64 128 0.0917161
271 171 64 128 0.0206768
272 171 64 128 0.0420059
273 171 64 128 0.0669769
274 171 64 128 0.110279
275 171 64 128 0.209826
276 171 64 128 0.387488
277 171 64 128 0.587588
278 171 64 128 0.701825
279 171 64 128 0.73289
280 171 64 128 0.827432
281 171 64 128 0.874789
282 171 64 128 0.894249
283 171 64 128 0.893531
284 171 64 128 0.862494
285 171 64 128 0.872248
286 171 64 128 0.802594
287 171 64 128 0.710275
288 171 64 128 0.643219
289 171 64 128 0.600568
290 171 64 128 0.62395
291 171 64 128 0.542019
292 171 64 128 0.468409
293 171 64 128 0.44783
294 171 64 128 0.411947
295 171 64 128 0.429637
296 171 64 128 0.37242
297 171 64 128 0.32989
298 171 64 128 0.330451
299 171 64 128 0.340517
300 171 64 128 0.458543
301 171 64 128 0.464396
302 171 64 128 0.44844
303 171 64 128 0.442865
304 171 64 128 0.390281
305 171 64 128 0.436878
306 171 64 128 0.424822
307 171 64 128 0.388864
308 171 64 128 0.375907
309 171 64 128 0.356679
310 171 64 128 0.358135
311 171 64 128 0.29175
312 171 64 128 0.182662
313 171 64 128 0.103988
314 171 64 128 0.0831337
315 171 64 128 0.102312
316 171 64 128 0.115272
317 171 64 128 0.115485
318 171 64 128 0.109451
319 171 64 128 0.102393
271 172 64 128 0.0266484
272 172 64 128 0.0527962
273 172 64 128 0.0836975
274 172 64 128 0.139809
275 172 64 128 0.265634
276 172 64 128 0.472381
277 172 64 128 0.671721
278 172 64 128 0.776019
279 172 64 128 0.813732
280 172 64 128 0.889774
281 172 64 128 0.927739
282 172 64 128 0.942524
283 172 64 128 0.946941
284 172 64 128 0.933181
285 172 64 128 0.936436
286 172 64 128 0.891017
287 172 64 128 0.826419
288 172 64 128 0.769297
289 172 64 128 0.735799
290 172 64 128 0.762163
291 172 64 128 0.685985
292 172 64 128 0.610552
293 172 64 128 0.58902
294 172 64 128 0.563769
295 172 64 128 0.575108
296 172 64 128 0.498856
297 172 64 128 0.44574
298 172 64 128 0.452328
299 172 64 128 0.473408
300 172 64 128 0.594989
301 172 64 128 0.603326
302 172 64 128 0.575181
303 172 64 128 0.554686
304 172 64 128 0.506704
305 172 64 128 0.556139
306 172 64 128 0.542901
307 172 64 128 0.503433
308 172 64 128 0.484344
309 172 64 128 0.45656
310 172 64 128 0.448332
311 172 64 128 0.366821
312 172 64 128 0.235714
313 172 64 128 0.136577
314 172 64 128 0.107602
315 172 64 128 0.128844
316 172 64 128 0.141667
317 172 64 128 0.143304
318 172 64 128 0.134319
319 172 64 128 0.117525
271 173 64 128 0.0254126
272 173 64 128 0.0497124
273 173 64 128 0.0780817
274 173 64 128 0.128862
275 173 64 128 0.243028
276 173 64 128 0.435928
277 173 64 128 0.634433
278 173 64 128 0.740233
279 173 64 128 0.773929
280 173 64 128 0.867788
281 173 64 128 0.912906
282 173 64 128 0.929712
283 173 64 128 0.93964
284 173 64 128 0.930796
285 173 64 128 0.94283
286 173 64 128 0.896059
287 173 64 128 0.82854
288 173 64 128 0.772108
289 173 64 128 0.741061
290 173 64 128 0.777452
291 173 64 128 0.700862
292 173 64 128 0.627293
293 173 64 128 0.612676
294 173 64 128 0.591255
295 173 64 128 0.611033
296 173 64 128 0.519528
297 173 64 128 0.472184
298 173 64 128 0.496207
299 173 64 128 0.504888
300 173 64 128 0.63126
301 173 64 128 0.643125
302 173 64 128 0.626397
303 173 64 128 0.61519
304 173 64 128 0.557921
305 173 64 128 0.612311
306 173 64 128 0.600283
307 173 64 128 0.56388
308 173 64 128 0.54932
309 173 64 128 0.519061
310 173 64 128 0.513467
311 173 64 128 0.417686
312 173 64 128 0.267905
313 173 64 128 0.160298
314 173 64 128 0.131161
315 173 64 128 0.161709
316 173 64 128 0.181435
317 173 64 128 0.188779
318 173 64 128 0.181504
319 173 64 128 0.160324
271 174 64 128 0.0210637
272 174 64 128 0.0408978
273 174 64 128 0.0635657
274 174 64 128 0.101876
275 174 64 128 0.187667
276 174 64 128 0.347551
277 174 64 128 0.54436
278 174 64 128 0.655893
279 174 64 128 0.680131
280 174 64 128 0.80529
281 174 64 128 0.863857
282 174 64 128 0.885464
283 174 64 128 0.898822
284 174 64 128 0.885845
285 174 64 128 0.912584
286 174 64 128 0.851535
287 174 64 128 0.767397
288 174 64 128 0.709656
289 174 64 128 0.677884
290 174 64 128 0.723798
291 174 64 128 0.648398
292 174 64 128 0.581815
293 174 64 128 0.576544
294 174 64 128 0.555739
295 174 64 128 0.589414
296 174 64 128 0.49373
297 174 64 128 0.459468
298 174 64 128 0.49903
299 174 64 128 0.486866
300 174 64 128 0.61105
301 174 64 128 0.625379
302 174 64 128 0.631888
303 174 64 128 0.642331
304 174 64 128 0.573871
305 174 64 128 0.63238
306 174 64 128 0.625678
307 174 64 128 0.598969
308 174 64 128 0.595495
309 174 64 128 0.569027
310 174 64 128 0.573469
311 174 64 128 0.471457
312 174 64 128 0.311719
313 174 64 128 0.201679
314 174 64 128 0.173723
315 174 64 128 0.216735
316 174 64 128 0.249001
317 174 64 128 0.263894
318 174 64 128 0.260444
319 174 64 128 0.24051
271 175 64 128 0.0230447
272 175 64 128 0.0448179
273 175 64 128 0.0702109
274 175 64 128 0.113573
275 175 64 128 0.204426
276 175 64 128 0.368195
277 175 64 128 0.563141
278 175 64 128 0.670307
279 175 64 128 0.692577
280 175 64 128 0.813514
281 175 64 128 0.870447
282 175 64 128 0.89092
283 175 64 128 0.902439
284 175 64 128 0.889184
285 175 64 128 0.917148
286 175 64 128 0.860383
287 175 64 128 0.785019
288 175 64 128 0.73637
289 175 64 128 0.70679
290 175 64 128 0.750449
291 175 64 128 0.688021
292 175 64 128 0.629646
293 175 64 128 0.62563
294 175 64 128 0.613015
295 175 64 128 0.647683
296 175 64 128 0.563589
297 175 64 128 0.529018
298 175 64 128 0.561128
299 175 64 128 0.550852
300 175 64 128 0.655148
301 175 64 128 0.668107
302 175 64 128 0.682273
303 175 64 128 0.69769
304 175 64 128 0.636937
305 175 64 128 0.694351
306 175 64 128 0.697477
307 175 64 128 0.68222
308 175 64 128 0.683904
309 175 64 128 0.662672
310 175 64 128 0.671009
311 175 64 128 0.57824
312 175 64 128 0.422126
313 175 64 128 0.302348
314 175 64 128 0.263741
315 175 64 128 0.313232
316 175 64 128 0.358572
317 175 64 128 0.378512
318 175 64 128 0.375392
319 175 64 128 0.358696
271 176 64 128 0.0299565
272 176 64 128 0.0588731
273 176 64 128 0.0936515
274 176 64 128 0.155893
275 176 64 128 0.28068
276 176 64 128 0.479617
277 176 64 128 0.672841
278 176 64 128 0.767088
279 176 64 128 0.792288
280 176 64 128 0.878286
281 176 64 128 0.921291
282 176 64 128 0.936223
283 176 64 128 0.943441
284 176 64 128 0.935888
285 176 64 128 0.952194
286 176 64 128 0.915677
287 176 64 128 0.868937
288 176 64 128 0.834552
289 176 64 128 0.810401
290 176 64 128 0.845933
291 176 64 128 0.803996
292 176 64 128 0.753677
293 176 64 128 0.745187
294 176 64 128 0.744841
295 176 64 128 0.769348
296 176 64 128 0.703524
297 176 64 128 0.656742
298 176 64 128 0.665921
299 176 64 128 0.675285
300 176 64 128 0.751086
301 176 64 128 0.761506
302 176 64 128 0.767989
303 176 64 128 0.771706
304 176 64 128 0.732359
305 176 64 128 0.785074
306 176 64 128 0.799803
307 176 64 128 0.795469
308 176 64 128 0.79558
309 176 64 128 0.777244
310 176 64 128 0.78363
311 176 64 128 0.708623
312 176 64 128 0.564728
313 176 64 128 0.431766
314 176 64 128 0.375155
315 176 64 128 0.424407
316 176 64 128 0.479893
317 176 64 128 0.501999
318 176 64 128 0.496344
319 176 64 128 0.482989
270 177 64 128 0.010364
271 177 64 128 0.0321673
272 177 64 128 0.0644628
273 177 64 128 0.103356
274 177 64 128 0.173025
275 177 64 128 0.314321
276 177 64 128 0.527088
277 177 64 128 0.718713
278 177 64 128 0.805161
279 177 64 128 0.823917
280 177 64 128 0.890145
281 177 64 128 0.928098
282 177 64 128 0.94237
283 177 64 128 0.950088
284 177 64 128 0.947962
285 177 64 128 0.955684
286 177 64 128 0.926799
287 177 64 128 0.889042
288 177 64 128 0.855618
289 177 64 128 0.835998
290 177 64 128 0.87628
291 177 64 128 0.847142
292 177 64 128 0.805282
293 177 64 128 0.798701
294 177 64 128 0.800455
295 177 64 128 0.820671
296 177 64 128 0.760519
297 177 64 128 0.708057
298 177 64 128 0.707935
299 177 64 128 0.722246
300 177 64 128 0.784904
301 177 64 128 0.798291
302 177 64 128 0.803087
303 177 64 128 0.80064
304 177 64 128 0.771523
305 177 64 128 0.822122
306 177 64 128 0.845214
307 177 64 128 0.851006
308 177 64 128 0.851001
309 177 64 128 0.830436
310 177 64 128 0.839858
311 177 64 128 0.773398
312 177 64 128 0.637935
313 177 64 128 0.505161
314 177 64 128 0.441011
315 177 64 128 0.489067
316 177 64 128 0.549733
317 177 64 128 0.573801
318 177 64 128 0.568102
319 177 64 128 0.557681
271 178 64 128 0.02822
272 178 64 128 0.0587159
273 178 64 128 0.0940118
274 178 64 128 0.153917
275 178 64 128 0.284167
276 178 64 128 0.478731
277 178 64 128 0.668548
278 178 64 128 0.755944
279 178 64 128 0.759688
280 178 64 128 0.833607
281 178 64 128 0.87915
282 178 64 128 0.898798
283 178 64 128 0.912252
284 178 64 128 0.91215
285 178 64 128 0.920147
286 178 64 128 0.880693
287 178 64 128 0.825027
288 178 64 128 0.777548
289 178 64 128 0.75949
290 178 64 128 0.817795
291 178 64 128 0.789241
292 178 64 128 0.754458
293 178 64 128 0.757867
294 178 64 128 0.750938
295 178 64 128 0.774886
296 178 64 128 0.705231
297 178 64 128 0.658336
298 178 64 128 0.66768
299 178 64 128 0.666303
300 178 64 128 0.735995
301 178 64 128 0.757527
302 178 64 128 0.769738
303 178 64 128 0.771382
304 178 64 128 0.737198
305 178 64 128 0.791118
306 178 64 128 0.81864
307 178 64 128 0.832595
308 178 64 128 0.836281
309 178 64 128 0.810587
310 178 64 128 0.829046
311 178 64 128 0.757973
312 178 64 128 0.623659
313 178 64 128 0.505537
314 178 64 128 0.447404
315 178 64 128 0.495655
316 178 64 128 0.557988
317 178 64 128 0.585104
318 178 64 128 0.582015
319 178 64 128 0.573093
271 179 64 128 0.0263788
272 179 64 128 0.0574643
273 179 64 128 0.0903175
274 179 64 128 0.140871
275 179 64 128 0.265593
276 179 64 128 0.449252
277 179 64 128 0.636372
278 179 64 128 0.725068
279 179 64 128 0.723819
280 179 64 128 0.804933
281 179 64 128 0.853737
282 179 64 128 0.876284
283 179 64 128 0.893107
284 179 64 128 0.892397
285 179 64 128 0.903036
286 179 64 128 0.856674
287 179 64 128 0.78738
288 179 64 128 0.728956
289 179 64 128 0.709961
290 179 64 128 0.778343
291 179 64 128 0.746385
292 179 64 128 0.712784
293 179 64 128 0.723597
294 179 64 128 0.712682
295 179 64 128 0.732895
296 179 64 128 0.655647
297 179 64 128 0.613837
298 179 64 128 0.628121
299 179 64 128 0.616052
300 179 64 128 0.695096
301 179 64 128 0.721379
302 179 64 128 0.731458
303 179 64 128 0.731224
304 179 64 128 0.697202
305 179 64 128 0.758693
306 179 64 128 0.791084
307 179 64 128 0.808995
308 179 64 128 0.815482
309 179 64 128 0.789716
310 179 64 128 0.812523
311 179 64 128 0.736073
312 179 64 128 0.602675
313 179 64 128 0.496148
314 179 64 128 0.443213
315 179 64 128 0.491219
316 179 64 128 0.557137
317 179 64 128 0.58796
318 179 64 128 0.584183
319 179 64 128 0.573709
270 180 64 128 0.0105985
271 180 64 128 0.0297144
272 180 64 128 0.0659866
273 180 64 128 0.101167
274 180 64 128 0.151585
275 180 64 128 0.289324
276 180 64 128 0.483836
277 180 64 128 0.666866
278 180 64 128 0.753726
279 180 64 128 0.76309
280 180 64 128 0.837766
281 180 64 128 0.878106
282 180 64 128 0.897684
283 180 64 128 0.912691
284 180 64 128 0.909577
285 180 64 128 0.922627
286 180 64 128 0.881978
287 180 64 128 0.81784
288 180 64 128 0.760522
289 180 64 128 0.737838
290 180 64 128 0.801282
291 180 64 128 0.767119
292 180 64 128 0.72916
293 180 64 128 0.740513
294 180 64 128 0.734787
295 180 64 128 0.741236
296 180 64 128 0.665483
297 180 64 128 0.622706
298 180 64 128 0.629484
299 180 64 128 0.622219
300 180 64 128 0.70196
301 180 64 128 0.724567
302 180 64 128 0.71683
303 180 64 128 0.703981
304 180 64 128 0.683272
305 180 64 128 0.75259
306 180 64 128 0.791933
307 180 64 128 0.810363
308 180 64 128 0.816892
309 180 64 128 0.797996
310 180 64 128 0.815005
311 180 64 128 0.738443
312 180 64 128 0.609597
313 180 64 128 0.504908
314 180 64 128 0.45134
315 180 64 128 0.497165
316 180 64 128 0.569287
317 180 64 128 0.603853
318 180 64 128 0.596837
319 180 64 128 0.585188
270 181 64 128 0.0112251
271 181 64 128 0.0312506
272 181 64 128 0.0692511
273 181 64 128 0.104839
274 181 64 128 0.155439
275 181 64 128 0.29842
276 181 64 128 0.491554
277 181 64 128 0.668944
278 181 64 128 0.75712
279 181 64 128 0.773797
280 181 64 128 0.845165
281 181 64 128 0.876737
282 181 64 128 0.893993
283 181 64 128 0.908347
284 181 64 128 0.901593
285 181 64 128 0.922245
286 181 64 128 0.883607
287 181 64 128 0.824949
288 181 64 128 0.771696
289 181 64 128 0.740797
290 181 64 128 0.804126
291 181 64 128 0.767559
292 181 64 128 0.728841
293 181 64 128 0.741993
294 181 64 128 0.734272
295 181 64 128 0.73873
296 181 64 128 0.661444
297 181 64 128 0.618488
298 181 64 128 0.627091
299 181 64 128 0.621037
300 181 64 128 0.696135
301 181 64 128 0.70862
302 181 64 128 0.685277
303 181 64 128 0.666424
304 181 64 128 0.655606
305 181 64 128 0.724522
306 181 64 128 0.769282
307 181 64 128 0.790926
308 181 64 128 0.798509
309 181 64 128 0.784123
310 181 64 128 0.790046
311 181 64 128 0.711932
312 181 64 128 0.588515
313 181 64 128 0.489976
314 181 64 128 0.443045
315 181 64 128 0.484254
316 181 64 128 0.557238
317 181 64 128 0.594783
318 181 64 128 0.595044
319 181 64 128 0.594899
271 182 64 128 0.0266543
272 182 64 128 0.0582519
273 182 64 128 0.0883081
274 182 64 128 0.133254
275 182 64 128 0.257373
276 182 64 128 0.419016
277 182 64 128 0.590105
278 182 64 128 0.685583
279 182 64 128 0.695334
280 182 64 128 0.776619
281 182 64 128 0.807857
282 182 64 128 0.828017
283 182 64 128 0.846652
284 182 64 128 0.836576
285 182 64 128 0.871746
286 182 64 128 0.821087
287 182 64 128 0.755716
288 182 64 128 0.703335
289 182 64 128 0.661196
290 182 64 128 0.741128
291 182 64 128 0.700799
292 182 64 128 0.669181
293 182 64 128 0.689814
294 182 64 128 0.664338
295 182 64 128 0.689386
296 182 64 128 0.600241
297 182 64 128 0.560979
298 182 64 128 0.591234
299 182 64 128 0.57124
300 182 64 128 0.638953
301 182 64 128 0.638328
302 182 64 128 0.614188
303 182 64 128 0.605741
304 182 64 128 0.590391
305 182 64 128 0.647671
306 182 64 128 0.694604
307 182 64 128 0.725541
308 182 64 128 0.73775
309 182 64 128 0.720824
310 182 64 128 0.716572
311 182 64 128 0.631819
312 182 64 128 0.511941
313 182 64 128 0.431463
314 182 64 128 0.405327
315 182 64 128 0.44029
316 182 64 128 0.506323
317 182 64 128 0.546811
318 182 64 128 0.569858
319 182 64 128 0.597173
271 183 64 128 0.0214053
272 183 64 128 0.0456517
273 183 64 128 0.0701843
274 183 64 128 0.109621
275 183 64 128 0.211911
276 183 64 128 0.350422
277 183 64 128 0.518137
278 183 64 128 0.617829
279 183 64 128 0.623497
280 183 64 128 0.712008
281 183 64 128 0.747821
282 183 64 128 0.77281
283 183 64 128 0.795018
284 183 64 128 0.786236
285 183 64 128 0.832451
286 183 64 128 0.768347
287 183 64 128 0.696435
288 183 64 128 0.648361
289 183 64 128 0.602626
290 183 64 128 0.699189
291 183 64 128 0.655011
292 183 64 128 0.627141
293 183 64 128 0.652075
294 183 64 128 0.611043
295 183 64 128 0.65396
296 183 64 128 0.553482
297 183 64 128 0.511449
298 183 64 128 0.555371
299 183 64 128 0.522943
300 183 64 128 0.57732
301 183 64 128 0.566127
302 183 64 128 0.547882
303 183 64 128 0.549823
304 183 64 128 0.526085
305 183 64 128 0.573417
306 183 64 128 0.624122
307 183 64 128 0.664985
308 183 64 128 0.683157
309 183 64 128 0.667381
310 183 64 128 0.660849
311 183 64 128 0.572384
312 183 64 128 0.453145
313 183 64 128 0.38727
314 183 64 128 0.381397
315 183 64 128 0.412528
316 183 64 128 0.478397
317 183 64 128 0.526677
318 183 64 128 0.567985
319 183 64 128 0.615386
271 184 64 128 0.0207711
272 184 64 128 0.0435294
273 184 64 128 0.0681707
274 184 64 128 0.108202
275 184 64 128 0.206039
276 184 64 128 0.362337
277 184 64 128 0.531782
278 184 64 128 0.624845
279 184 64 128 0.643732
280 184 64 128 0.723098
281 184 64 128 0.763154
282 184 64 128 0.790772
283 184 64 128 0.810749
284 184 64 128 0.810181
285 184 64 128 0.855247
286 184 64 128 0.78828
287 184 64 128 0.721627
288 184 64 128 0.686643
289 184 64 128 0.652314
290 184 64 128 0.74991
291 184 64 128 0.703144
292 184 64 128 0.666443
293 184 64 128 0.684783
294 184 64 128 0.645552
295 184 64 128 0.681127
296 184 64 128 0.579701
297 184 64 128 0.52048
298 184 64 128 0.54665
299 184 64 128 0.518314
300 184 64 128 0.551702
301 184 64 128 0.53669
302 184 64 128 0.52146
303 184 64 128 0.518644
304 184 64 128 0.493787
305 184 64 128 0.543303
306 184 64 128 0.602884
307 184 64 128 0.64883
308 184 64 128 0.671425
309 184 64 128 0.668994
310 184 64 128 0.67162
311 184 64 128 0.589559
312 184 64 128 0.469035
313 184 64 128 0.401465
314 184 64 128 0.401799
315 184 64 128 0.43439
316 184 64 128 0.51767
317 184 64 128 0.581678
318 184 64 128 0.620472
319 184 64 128 0.661613
271 185 64 128 0.0222472
272 185 64 128 0.0463136
273 185 64 128 0.0739785
274 185 64 128 0.118033
275 185 64 128 0.219557
276 185 64 128 0.402672
277 185 64 128 0.573273
278 185 64 128 0.655052
279 185 64 128 0.688198
280 185 64 128 0.756027
281 185 64 128 0.796097
282 185 64 128 0.822054
283 185 64 128 0.837815
284 185 64 128 0.844344
285 185 64 128 0.882845
286 185 64 128 0.816997
287 185 64 128 0.758506
288 185 64 128 0.736392
289 185 64 128 0.715387
290 185 64 128 0.807318
291 185 64 128 0.759218
292 185 64 128 0.711084
293 185 64 128 0.718365
294 185 64 128 0.683041
295 185 64 128 0.700738
296 185 64 128 0.601728
297 185 64 128 0.522419
298 185 64 128 0.521313
299 185 64 128 0.501931
300 185 64 128 0.515383
301 185 64 128 0.500508
302 185 64 128 0.484215
303 185 64 128 0.470249
304 185 64 128 0.449888
305 185 64 128 0.502549
306 185 64 128 0.569367
307 185 64 128 0.616125
308 185 64 128 0.639383
309 185 64 128 0.650745
310 185 64 128 0.662431
311 185 64 128 0.592422
312 185 64 128 0.476818
313 185 64 128 0.405208
314 185 64 128 0.404194
315 185 64 128 0.43923
316 185 64 128 0.540222
317 185 64 128 0.620514
318 185 64 128 0.653231
319 185 64 128 0.67987
271 186 64 128 0.0218371
272 186 64 128 0.0450818
273 186 64 128 0.0742556
274 186 64 128 0.121155
275 186 64 128 0.219743
276 186 64 128 0.397471
277 186 64 128 0.562074
278 186 64 128 0.636612
279 186 64 128 0.665308
280 186 64 128 0.736761
281 186 64 128 0.770217
282 186 64 128 0.789671
283 186 64 128 0.804881
284 186 64 128 0.809172
285 186 64 128 0.845333
286 186 64 128 0.774459
287 186 64 128 0.714936
288 186 64 128 0.695092
289 186 64 128 0.673749
290 186 64 128 0.766471
291 186 64 128 0.717361
292 186 64 128 0.667049
293 186 64 128 0.66743
294 186 64 128 0.619162
295 186 64 128 0.629164
296 186 64 128 0.526516
297 186 64 128 0.4387
298 186 64 128 0.429668
299 186 64 128 0.408497
300 186 64 128 0.41258
301 186 64 128 0.397784
302 186 64 128 0.377644
303 186 64 128 0.35909
304 186 64 128 0.344233
305 186 64 128 0.38717
306 186 64 128 0.45157
307 186 64 128 0.49669
308 186 64 128 0.515451
309 186 64 128 0.526898
310 186 64 128 0.534938
311 186 64 128 0.475783
312 186 64 128 0.378995
313 186 64 128 0.318651
314 186 64 128 0.318974
315 186 64 128 0.35223
316 186 64 128 0.450327
317 186 64 128 0.538499
318 186 64 128 0.583152
319 186 64 128 0.610614
271 187 64 128 0.0193131
272 187 64 128 0.0397168
273 187 64 128 0.0677576
274 187 64 128 0.114041
275 187 64 128 0.203711
276 187 64 128 0.354228
277 187 64 128 0.507038
278 187 64 128 0.579212
279 187 64 128 0.596109
280 187 64 128 0.678815
281 187 64 128 0.704303
282 187 64 128 0.71856
283 187 64 128 0.739056
284 187 64 128 0.740748
285 187 64 128 0.780151
286 187 64 128 0.697308
287 187 64 128 0.630439
288 187 64 128 0.608133
289 187 64 128 0.576703
290 187 64 128 0.674884
291 187 64 128 0.620367
292 187 64 128 0.567486
293 187 64 128 0.563334
294 187 64 128 0.495455
295 187 64 128 0.503302
296 187 64 128 0.395418
297 187 64 128 0.310488
298 187 64 128 0.308182
299 187 64 128 0.279765
300 187 64 128 0.28149
301 187 64 128 0.26695
302 187 64 128 0.243375
303 187 64 128 0.225618
304 187 64 128 0.21546
305 187 64 128 0.242509
306 187 64 128 0.296487
307 187 64 128 0.336962
308 187 64 128 0.349076
309 187 64 128 0.352487
310 187 64 128 0.351171
311 187 64 128 0.299514
312 187 64 128 0.227471
313 187 64 128 0.188618
314 187 64 128 0.192806
315 187 64 128 0.221517
316 187 64 128 0.30062
317 187 64 128 0.387338
318 187 64 128 0.453369
319 187 64 128 0.491432
271 188 64 128 0.0159942
272 188 64 128 0.0336086
273 188 64 128 0.0582137
274 188 64 128 0.0993834
275 188 64 128 0.180623
276 188 64 128 0.311275
277 188 64 128 0.450725
278 188 64 128 0.522842
279 188 64 128 0.542303
280 188 64 128 0.627265
281 188 64 128 0.650704
282 188 64 128 0.668801
283 188 64 128 0.700627
284 188 64 128 0.713358
285 188 64 128 0.759315
286 188 64 128 0.661026
287 188 64 128 0.589057
288 188 64 128 0.571019
289 188 64 128 0.531185
290 188 64 128 0.631973
291 188 64 128 0.562598
292 188 64 128 0.490785
293 188 64 128 0.479214
294 188 64 128 0.405448
295 188 64 128 0.403164
296 188 64 128 0.297944
297 188 64 128 0.221351
298 188 64 128 0.223206
299 188 64 128 0.194916
300 188 64 128 0.193096
301 188 64 128 0.180743
302 188 64 128 0.157772
303 188 64 128 0.139807
304 188 64 128 0.13293
305 188 64 128 0.151816
306 188 64 128 0.192761
307 188 64 128 0.224329
308 188 64 128 0.232103
309 188 64 128 0.232039
310 188 64 128 0.229388
311 188 64 128 0.181958
312 188 64 128 0.127377
313 188 64 128 0.106639
314 188 64 128 0.113061
315 188 64 128 0.138287
316 188 64 128 0.196492
317 188 64 128 0.274707
318 188 64 128 0.351818
319 188 64 128 0.393944
271 189 64 128 0.0130901
272 189 64 128 0.02868
273 189 64 128 0.0490442
274 189 64 128 0.0827407
275 189 64 128 0.156579
276 189 64 128 0.275331
277 189 64 128 0.399489
278 189 64 128 0.469557
279 189 64 128 0.49956
280 189 64 128 0.575397
281 189 64 128 0.59684
282 189 64 128 0.622107
283 189 64 128 0.665617
284 189 64 128 0.69365
285 189 64 128 0.744867
286 189 64 128 0.635749
287 189 64 128 0.563849
288 189 64 128 0.555651
289 189 64 128 0.514497
290 189 64 128 0.612511
291 189 64 128 0.52767
292 189 64 128 0.433348
293 189 64 128 0.415612
294 189 64 128 0.349538
295 189 64 128 0.333693
296 189 64 128 0.240675
297 189 64 128 0.175457
298 189 64 128 0.176949
299 189 64 128 0.156721
300 189 64 128 0.15052
301 189 64 128 0.141284
302 189 64 128 0.122614
303 189 64 128 0.104152
304 189 64 128 0.098972
305 189 64 128 0.116646
306 189 64 128 0.144576
307 189 64 128 0.164919
308 189 64 128 0.17095
309 189 64 128 0.172708
310 189 64 128 0.175073
311 189 64 128 0.132115
312 189 64 128 0.0882823
313 189 64 128 0.0784088
314 189 64 128 0.0846442
315 189 64 128 0.1069
316 189 64 128 0.147382
317 189 64 128 0.211134
318 189 64 128 0.283767
319 189 64 128 0.32133
271 190 64 128 0.0116663
272 190 64 128 0.0258277
273 190 64 128 0.043269
274 190 64 128 0.07112
275 190 64 128 0.135509
276 190 64 128 0.23379
277 190 64 128 0.337706
278 190 64 128 0.398633
279 190 64 128 0.424177
280 190 64 128 0.486013
281 190 64 128 0.492243
282 190 64 128 0.514472
283 190 64 128 0.56101
284 190 64 128 0.585809
285 190 64 128 0.635268
286 190 64 128 0.530271
287 190 64 128 0.462859
288 190 64 128 0.461259
289 190 64 128 0.427244
290 190 64 128 0.517796
291 190 64 128 0.433659
292 190 64 128 0.342675
293 190 64 128 0.329524
294 190 64 128 0.272066
295 190 64 128 0.254448
296 190 64 128 0.179787
297 190 64 128 0.128678
298 190 64 128 0.13261
299 190 64 128 0.121376
300 190 64 128 0.115419
301 190 64 128 0.107617
302 190 64 128 0.0941499
303 190 64 128 0.079808
304 190 64 128 0.0748928
305 190 64 128 0.0886907
306 190 64 128 0.104528
307 190 64 128 0.115193
308 190 64 128 0.119815
309 190 64 128 0.122124
310 190 64 128 0.124944
311 190 64 128 0.0920406
312 190 64 128 0.0610858
313 190 64 128 0.0570743
314 190 64 128 0.0620199
315 190 64 128 0.078701
316 190 64 128 0.104031
317 190 64 128 0.147904
318 190 64 128 0.204543
319 190 64 128 0.23565
245 191 64 128 0.0106285
271 191 64 128 0.0112894
272 191 64 128 0.0239632
273 191 64 128 0.0398518
274 191 64 128 0.0643797
275 191 64 128 0.116852
276 191 64 128 0.187195
277 191 64 128 0.268009
278 191 64 128 0.313294
279 191 64 128 0.319656
280 191 64 128 0.367255
281 191 64 128 0.349802
282 191 64 128 0.358286
283 191 64 128 0.398223
284 191 64 128 0.40531
285 191 64 128 0.447411
286 191 64 128 0.35805
287 191 64 128 0.296516
288 191 64 128 0.295721
289 191 64 128 0.274107
290 191 64 128 0.354721
291 191 64 128 0.287354
292 191 64 128 0.224228
293 191 64 128 0.224275
294 191 64 128 0.172924
295 191 64 128 0.165621
296 191 64 128 0.110668
297 191 64 128 0.0737282
298 191 64 128 0.0830572
299 191 64 128 0.0783332
300 191 64 128 0.0768817
301 191 64 128 0.068733
302 191 64 128 0.0594852
303 191 64 128 0.0528186
304 191 64 128 0.047589
305 191 64 128 0.0534633
306 191 64 128 0.0597295
307 191 64 128 0.0641585
308 191 64 128 0.0669141
309 191 64 128 0.0668609
310 191 64 128 0.0642207
311 191 64 128 0.0453279
312 191 64 128 0.0296499
313 191 64 128 0.0283281
314 191 64 128 0.031787
315 191 64 128 0.0411038
316 191 64 128 0.0547808
317 191 64 128 0.0781322
318 191 64 128 0.11486
319 191 64 128 0.141266
243 192 64 128 0.0101631
244 192 64 128 0.0101095
245 192 64 128 0.0109623
246 192 64 128 0.0102053
271 192 64 128 0.0101487
272 192 64 128 0.0202091
273 192 64 128 0.0340417
274 192 64 128 0.0557511
275 192 64 128 0.0959893
276 192 64 128 0.148675
277 192 64 128 0.210418
278 192 64 128 0.239513
279 192 64 128 0.234089
280 192 64 128 0.269918
281 192 64 128 0.241804
282 192 64 128 0.237623
283 192 64 128 0.267945
284 192 64 128 0.271926
285 192 64 128 0.309091
286 192 64 128 0.230665
287 192 64 128 0.171381
288 192 64 128 0.169042
289 192 64 128 0.157717
290 192 64 128 0.229441
291 192 64 128 0.178953
292 192 64 128 0.138018
293 192 64 128 0.146859
294 192 64 128 0.104446
295 192 64 128 0.105801
296 192 64 128 0.0659195
297 192 64 128 0.0383566
298 192 64 128 0.049396
299 192 64 128 0.0487765
300 192 64 128 0.0502406
301 192 64 128 0.0422364
302 192 64 128 0.0352594
303 192 64 128 0.0331658
304 192 64 128 0.0285287
305 192 64 128 0.0288588
306 192 64 128 0.030297
307 192 64 128 0.0319217
308 192 64 128 0.0329907
309 192 64 128 0.0307319
310 192 64 128 0.0244127
311 192 64 128 0.0153793
314 192 64 128 0.0113466
315 192 64 128 0.016
316 192 64 128 0.0239185
317 192 64 128 0.0347359
318 192 64 128 0.0582743
319 192 64 128 0.082312
243 193 64 128 0.0109
244 193 64 128 0.0107646
245 193 64 128 0.0106004
246 193 64 128 0.0103837
272 193 64 128 0.014831
273 193 64 128 0.0259812
274 193 64 128 0.0447731
275 193 64 128 0.0754455
276 193 64 128 0.126814
277 193 64 128 0.177752
278 193 64 128 0.19493
279 193 64 128 0.192113
280 193 64 128 0.219452
281 193 64 128 0.198638
282 193 64 128 0.188717
283 193 64 128 0.210977
284 193 64 128 0.232161
285 193 64 128 0.268298
286 193 64 128 0.190757
287 193 64 128 0.130185
288 193 64 128 0.12651
289 193 64 128 0.119366
290 193 64 128 0.183221
291 193 64 128 0.141992
292 193 64 128 0.105434
293 193 64 128 0.11346
294 193 64 128 0.083575
295 193 64 128 0.0860808
296 193 64 128 0.0548087
297 193 64 128 0.0308525
298 193 64 128 0.0380259
299 193 64 128 0.0394383
300 193 64 128 0.0401748
301 193 64 128 0.0338073
302 193 64 128 0.0272891
303 193 64 128 0.0244738
304 193 64 128 0.0216273
305 193 64 128 0.0212805
306 193 64 128 0.0224142
307 193 64 128 0.0237176
308 193 64 128 0.023664
309 193 64 128 0.0209295
310 193 64 128 0.0158424
315 193 64 128 0.0109086
316 193 64 128 0.01832
317 193 64 128 0.0265424
318 193 64 128 0.0463987
319 193 64 128 0.0691778
243 194 64 128 0.0111695
244 194 64 128 0.010794
245 194 64 128 0.0101921
246 194 64 128 0.0101832
272 194 64 128 0.012605
273 194 64 128 0.0228846
274 194 64 128 0.0402026
275 194 64 128 0.0679706
276 194 64 128 0.123068
277 194 64 128 0.171673
278 194 64 128 0.184128
279 194 64 128 0.18283
280 194 64 128 0.203226
281 194 64 128 0.188416
282 194 64 128 0.176482
283 194 64 128 0.193492
284 194 64 128 0.223657
285 194 64 128 0.254614
286 194 64 128 0.178548
287 194 64 128 0.120518
288 194 64 128 0.116683
289 194 64 128 0.108618
290 194 64 128 0.160549
291 194 64 128 0.125688
292 194 64 128 0.090518
293 194 64 128 0.0945116
294 194 64 128 0.0745791
295 194 64 128 0.0767589
296 194 64 128 0.0517329
297 194 64 128 0.0302049
298 194 64 128 0.0331062
299 194 64 128 0.0349755
300 194 64 128 0.0349306
301 194 64 128 0.0307759
302 194 64 128 0.0245386
303 194 64 128 0.0201043
304 194 64 128 0.0188237
305 194 64 128 0.0191818
306 194 64 128 0.0208474
307 194 64 128 0.0221524
308 194 64 128 0.0214918
309 194 64 128 0.0192152
310 194 64 128 0.0164775
311 194 64 128 0.0109581
315 194 64 128 0.01123
316 194 64 128 0.0183951
317 194 64 128 0.026305
318 194 64 128 0.0435539
319 194 64 128 0.062613
243 195 64 128 0.0109791
244 195 64 128 0.01022
245 195 64 128 0.0103818
272 195 64 128 0.0153086
273 195 64 128 0.0272764
274 195 64 128 0.0450074
275 195 64 128 0.0768411
276 195 64 128 0.131821
277 195 64 128 0.183902
278 195 64 128 0.199025
279 195 64 128 0.190114
280 195 64 128 0.204366
281 195 64 128 0.18374
282 195 64 128 0.17086
283 195 64 128 0.185229
284 195 64 128 0.201663
285 195 64 128 0.221224
286 195 64 128 0.153206
287 195 64 128 0.104235
288 195 64 128 0.101485
289 195 64 128 0.0891146
290 195 64 128 0.12384
291 195 64 128 0.0958594
292 195 64 128 0.0685796
293 195 64 128 0.0702018
294 195 64 128 0.0542968
295 195 64 128 0.0584013
296 195 64 128 0.0399074
297 195 64 128 0.0225779
298 195 64 128 0.0241573
299 195 64 128 0.0255436
300 195 64 128 0.0267938
301 195 64 128 0.0245853
302 195 64 128 0.0194163
303 195 64 128 0.0153581
304 195 64 128 0.0145453
305 195 64 128 0.0145481
306 195 64 128 0.015267
307 195 64 128 0.0156402
308 195 64 128 0.0147759
309 195 64 128 0.0131358
310 195 64 128 0.0111994
316 195 64 128 0.0114355
317 195 64 128 0.0163748
318 195 64 128 0.0271005
319 195 64 128 0.0388048
243 196 64 128 0.0112468
244 196 64 128 0.0103332
245 196 64 128 0.0117054
272 196 64 128 0.0175985
273 196 64 128 0.0305429
274 196 64 128 0.048326
275 196 64 128 0.0834844
276 196 64 128 0.133515
277 196 64 128 0.186737
278 196 64 128 0.206609
279 196 64 128 0.192386
280 196 64 128 0.203059
281 196 64 128 0.17679
282 196 64 128 0.163975
283 196 64 128 0.175516
284 196 64 128 0.176463
285 196 64 128 0.190669
286 196 64 128 0.130754
287 196 64 128 0.0888927
288 196 64 128 0.0868724
289 196 64 128 0.0692594
290 196 64 128 0.0892835
291 196 64 128 0.0672745
292 196 64 128 0.0481781
293 196 64 128 0.0488719
294 196 64 128 0.0348406
295 196 64 128 0.0400254
296 196 64 128 0.0269578
297 196 64 128 0.0141448
298 196 64 128 0.0157055
299 196 64 128 0.0165712
300 196 64 128 0.0193058
301 196 64 128 0.0183985
302 196 64 128 0.0143824
303 196 64 128 0.0113189
304 196 64 128 0.0104525
319 196 64 128 0.0148399
243 197 64 128 0.0123976
244 197 64 128 0.0118019
245 197 64 128 0.014065
246 197 64 128 0.0109214
272 197 64 128 0.0153094
273 197 64 128 0.0260827
274 197 64 128 0.0417911
275 197 64 128 0.0736991
276 197 64 128 0.114858
277 197 64 128 0.161244
278 197 64 128 0.183278
279 197 64 128 0.174991
280 197 64 128 0.185922
281 197 64 128 0.164007
282 197 64 128 0.15216
283 197 64 128 0.158899
284 197 64 128 0.160143
285 197 64 128 0.182949
286 197 64 128 0.12604
287 197 64 128 0.0832978
288 197 64 128 0.0804826
289 197 64 128 0.0590562
290 197 64 128 0.0727721
291 197 64 128 0.0543221
292 197 64 128 0.0379872
293 197 64 128 0.0384136
294 197 64 128 0.0274487
295 197 64 128 0.0304736
296 197 64 128 0.0204926
297 197 64 128 0.010984
298 197 64 128 0.0121356
299 197 64 128 0.0130673
300 197 64 128 0.01583
301 197 64 128 0.0154424
302 197 64 128 0.012049
243 198 64 128 0.0128364
244 198 64 128 0.0126944
245 198 64 128 0.0153096
246 198 64 128 0.0114195
272 198 64 128 0.0112073
273 198 64 128 0.0187006
274 198 64 128 0.031182
275 198 64 128 0.0570622
276 198 64 128 0.0892402
277 198 64 128 0.125787
278 198 64 128 0.147196
279 198 64 128 0.148537
280 198 64 128 0.162117
281 198 64 128 0.147634
282 198 64 128 0.136251
283 198 64 128 0.138876
284 198 64 128 0.147358
285 198 64 128 0.180135
286 198 64 128 0.125848
287 198 64 128 0.0809588
288 198 64 128 0.0767833
289 198 64 128 0.0547719
290 198 64 128 0.0663287
291 198 64 128 0.0493052
292 198 64 128 0.0329141
293 198 64 128 0.0332512
294 198 64 128 0.0254565
295 198 64 128 0.0259061
296 198 64 128 0.017681
297 198 64 128 0.0103465
298 198 64 128 0.0109781
299 198 64 128 0.0121528
300 198 64 128 0.0143519
301 198 64 128 0.0141692
302 198 64 128 0.0112524
243 199 64 128 0.0110795
244 199 64 128 0.0111686
245 199 64 128 0.0135351
273 199 64 128 0.0142981
274 199 64 128 0.0237586
275 199 64 128 0.0455605
276 199 64 128 0.0721759
277 199 64 128 0.101791
278 199 64 128 0.120619
279 199 64 128 0.126422
280 199 64 128 0.143084
281 199 64 128 0.130795
282 199 64 128 0.118193
283 199 64 128 0.120104
284 199 64 128 0.131084
285 199 64 128 0.162117
286 199 64 128 0.115192
287 199 64 128 0.0741974
288 199 64 128 0.0692395
289 199 64 128 0.0507448
290 199 64 128 0.0590799
291 199 64 128 0.0421166
292 199 64 128 0.0264599
293 199 64 128 0.0265237
294 199 64 128 0.0204193
295 199 64 128 0.0209436
296 199 64 128 0.0143725
299 199 64 128 0.0101091
300 199 64 128 0.012273
301 199 64 128 0.0124533
302 199 64 128 0.0103151
245 200 64 128 0.0103628
273 200 64 128 0.0121515
274 200 64 128 0.0191986
275 200 64 128 0.0380177
276 200 64 128 0.0613786
277 200 64 128 0.0862753
278 200 64 128 0.101957
279 200 64 128 0.109267
280 200 64 128 0.127768
281 200 64 128 0.114939
282 200 64 128 0.100853
283 200 64 128 0.103596
284 200 64 128 0.114405
285 200 64 128 0.138518
286 200 64 128 0.10024
287 200 64 128 0.0657146
288 200 64 128 0.0603467
289 200 64 128 0.0461026
290 200 64 128 0.0508556
291 200 64 128 0.0339696
292 200 64 128 0.019687
293 200 64 128 0.0192424
294 200 64 128 0.013982
295 200 64 128 0.015893
296 200 64 128 0.0108231
301 200 64 128 0.0103191
274 201 64 128 0.0150345
275 201 64 128 0.0296771
276 201 64 128 0.0497197
277 201 64 128 0.0696276
278 201 64 128 0.0830528
279 201 64 128 0.0940266
280 201 64 128 0.111933
281 201 64 128 0.101199
282 201 64 128 0.0873816
283 201 64 128 0.0896342
284 201 64 128 0.103358
285 201 64 128 0.126721
286 201 64 128 0.092758
287 201 64 128 0.0609969
288 201 64 128 0.0549789
289 201 64 128 0.0415626
290 201 64 128 0.0446959
291 201 64 128 0.0292486
292 201 64 128 0.0157577
293 201 64 128 0.0146433
294 201 64 128 0.0105544
295 201 64 128 0.012686
274 202 64 128 0.0116395
275 202 64 128 0.0219269
276 202 64 128 0.0383884
277 202 64 128 0.0537277
278 202 64 128 0.0662029
279 202 64 128 0.0819824
280 202 64 128 0.0990473
281 202 64 128 0.0926679
282 202 64 128 0.0808137
283 202 64 128 0.082442
284 202 64 128 0.100995
285 202 64 128 0.127465
286 202 64 128 0.0932442
287 202 64 128 0.0603623
288 202 64 128 0.0531343
289 202 64 128 0.0380436
290 202 64 128 0.0411823
291 202 64 128 0.0278286
292 202 64 128 0.0146702
293 202 64 128 0.0129967
294 202 64 128 0.0100049
295 202 64 128 0.011265
274 203 64 128 0.0106511
275 203 64 128 0.0188978
276 203 64 128 0.0323707
277 203 64 128 0.045672
278 203 64 128 0.058342
279 203 64 128 0.0761923
280 203 64 128 0.0957301
281 203 64 128 0.0928767
282 203 64 128 0.0836285
283 203 64 128 0.0874706
284 203 64 128 0.10834
285 203 64 128 0.133187
286 203 64 128 0.0966221
287 203 64 128 0.0615589
288 203 64 128 0.052433
289 203 64 128 0.0364666
290 203 64 128 0.0396169
291 203 64 128 0.0273846
292 203 64 128 0.0148624
293 203 64 128 0.0130792
294 203 64 128 0.010006
295 203 64 128 0.0105952
274 204 64 128 0.0111806
275 204 64 128 0.0193634
276 204 64 128 0.0306523
277 204 64 128 0.0438464
278 204 64 128 0.0568784
279 204 64 128 0.0736256
280 204 64 128 0.097677
281 204 64 128 0.0971871
282 204 64 128 0.0910153
283 204 64 128 0.0989591
284 204 64 128 0.118765
285 204 64 128 0.137927
286 204 64 128 0.0995212
287 204 64 128 0.0629561
288 204 64 128 0.0517699
289 204 64 128 0.036283
290 204 64 128 0.0387671
291 204 64 128 0.0267541
292 204 64 128 0.0153425
293 204 64 128 0.0137494
295 204 64 128 0.0100554
274 205 64 128 0.0104807
275 205 64 128 0.0181295
276 205 64 128 0.0277529
277 205 64 128 0.0401575
278 205 64 128 0.0521725
279 205 64 128 0.0668039
280 205 64 128 0.0925522
281 205 64 128 0.094988
282 205 64 128 0.0928264
283 205 64 128 0.102902
284 205 64 128 0.120115
285 205 64 128 0.137079
286 205 64 128 0.0999113
287 205 64 128 0.0634026
288 205 64 128 0.0509948
289 205 64 128 0.0358381
290 205 64 128 0.037031
291 205 64 128 0.0256747
292 205 64 128 0.0155663
293 205 64 128 0.0139554
275 206 64 128 0.0138807
276 206 64 128 0.0220199
277 206 64 128 0.0321294
278 206 64 128 0.0416578
279 206 64 128 0.0542267
280 206 64 128 0.0772953
281 206 64 128 0.0831948
282 206 64 128 0.0852739
283 206 64 128 0.0943946
284 206 64 128 0.108903
285 206 64 128 0.12849
286 206 64 128 0.0959637
287 206 64 128 0.0614706
288 206 64 128 0.0490496
289 206 64 128 0.0338882
290 206 64 128 0.0337285
291 206 64 128 0.0239203
292 206 64 128 0.0151019
293 206 64 128 0.0131917
276 207 64 128 0.0162715
277 207 64 128 0.0238461
278 207 64 128 0.0309917
279 207 64 128 0.0412997
280 207 64 128 0.0596039
281 207 64 128 0.0674475
282 207 64 128 0.0719654
283 207 64 128 0.0791259
284 207 64 128 0.0916503
285 207 64 128 0.112775
286 207 64 128 0.0860724
287 207 64 128 0.0554309
288 207 64 128 0.0438411
289 207 64 128 0.0297044
290 207 64 128 0.0292416
291 207 64 128 0.021284
292 207 64 128 0.0136379
293 207 64 128 0.0115749
276 208 64 128 0.0122087
277 208 64 128 0.0178243
278 208 64 128 0.0235257
279 208 64 128 0.0313772
280 208 64 128 0.0448325
281 208 64 128 0.0523194
282 208 64 128 0.056723
283 208 64 128 0.0622817
284 208 64 128 0.073701
285 208 64 128 0.0922078
286 208 64 128 0.0711082
287 208 64 128 0.0456774
288 208 64 128 0.0353106
289 208 64 128 0.0237182
290 208 64 128 0.0241591
291 208 64 128 0.0178914
292 208 64 128 0.0113072
277 209 64 128 0.0132954
278 209 64 128 0.0179101
279 209 64 128 0.0236687
280 209 64 128 0.0333328
281 209 64 128 0.0397498
282 209 64 128 0.0430473
283 209 64 128 0.0472081
284 209 64 128 0.0574564
285 209 64 128 0.0716329
286 209 64 128 0.0561501
287 209 64 128 0.0362564
288 209 64 128 0.0269685
289 209 64 128 0.0182949
290 209 64 128 0.0193238
291 209 64 128 0.0144343
58 210 64 128 0.010373
59 210 64 128 0.0119153
83 210 64 128 0.012828
84 210 64 128 0.0134541
86 210 64 128 0.0120428
278 210 64 128 0.0130672
279 210 64 128 0.0174968
280 210 64 128 0.0250148
281 210 64 128 0.030825
282 210 64 128 0.0333918
283 210 64 128 0.036363
284 210 64 128 0.0447976
285 210 64 128 0.0550872
286 210 64 128 0.0449838
287 210 64 128 0.0299907
288 210 64 128 0.021408
289 210 64 128 0.0150063
290 210 64 128 0.0153957
291 210 64 128 0.0115225
57 211 64 128 0.0114671
58 211 64 128 0.015755
59 211 64 128 0.0168596
82 211 64 128 0.0121386
83 211 64 128 0.0198689
84 211 64 128 0.0201498
85 211 64 128 0.0138691
86 211 64 128 0.0166967
87 211 64 128 0.0125287
89 211 64 128 0.0105591
91 211 64 128 0.0123055
279 211 64 128 0.0135387
280 211 64 128 0.0199117
281 211 64 128 0.0250738
282 211 64 128 0.0275539
283 211 64 128 0.0303532
284 211 64 128 0.0369972
285 211 64 128 0.0438409
286 211 64 128 0.0369382
287 211 64 128 0.0255698
288 211 64 128 0.017911
289 211 64 128 0.0128553
290 211 64 128 0.012491
56 212 64 128 0.0121941
57 212 64 128 0.0168702
58 212 64 128 0.020131
59 212 64 128 0.0182382
80 212 64 128 0.0119566
81 212 64 128 0.0121374
82 212 64 128 0.0162273
83 212 64 128 0.0230869
84 212 64 128 0.0220945
85 212 64 128 0.013837
86 212 64 128 0.0143366
87 212 64 128 0.0114093
91 212 64 128 0.0111314
279 212 64 128 0.0122348
280 212 64 128 0.017766
281 212 64 128 0.0217306
282 212 64 128 0.0247485
283 212 64 128 0.0289125
284 212 64 128 0.0344836
285 212 64 128 0.0381963
286 212 64 128 0.030965
287 212 64 128 0.0215304
288 212 64 128 0.0154231
289 212 64 128 0.0107777
290 212 64 128 0.0105857
304 212 64 128 0.0107484
56 213 64 128 0.0239829
57 213 64 128 0.0312909
58 213 64 128 0.0348385
59 213 64 128 0.0307353
60 213 64 128 0.0105916
79 213 64 128 0.0108772
80 213 64 128 0.0226068
81 213 64 128 0.0246933
82 213 64 128 0.0313159
83 213 64 128 0.0455315
84 213 64 128 0.0478904
85 213 64 128 0.032934
86 213 64 128 0.0372722
87 213 64 128 0.0292377
88 213 64 128 0.0196789
89 213 64 128 0.0196735
90 213 64 128 0.0133554
91 213 64 128 0.023102
92 213 64 128 0.0163941
94 213 64 128 0.0127482
279 213 64 128 0.0121541
280 213 64 128 0.0170432
281 213 64 128 0.0198516
282 213 64 128 0.0235565
283 213 64 128 0.0294157
284 213 64 128 0.0346179
285 213 64 128 0.0363128
286 213 64 128 0.0274228
287 213 64 128 0.0185226
288 213 64 128 0.0137041
303 213 64 128 0.0112329
304 213 64 128 0.0137077
305 213 64 128 0.0119908
55 214 64 128 0.0189322
56 214 64 128 0.0521241
57 214 64 128 0.0640002
58 214 64 128 0.0720203
59 214 64 128 0.0692938
60 214 64 128 0.025188
78 214 64 128 0.0103149
79 214 64 128 0.0242676
80 214 64 128 0.0495452
81 214 64 128 0.0527736
82 214 64 128 0.0683055
83 214 64 128 0.108961
84 214 64 128 0.123931
85 214 64 128 0.0930381
86 214 64 128 0.116247
87 214 64 128 0.0885866
88 214 64 128 0.0552801
89 214 64 128 0.0571941
90 214 64 128 0.0370363
91 214 64 128 0.0648018
92 214 64 128 0.0452158
93 214 64 128 0.0196943
94 214 64 128 0.0274504
96 214 64 128 0.0148055
99 214 64 128 0.0109347
109 214 64 128 0.0109744
279 214 64 128 0.0116182
280 214 64 128 0.0160857
281 214 64 128 0.01851
282 214 64 128 0.0225462
283 214 64 128 0.0290063
284 214 64 128 0.0342847
285 214 64 128 0.0358349
286 214 64 128 0.0266735
287 214 64 128 0.0174571
288 214 64 128 0.012682
302 214 64 128 0.010304
303 214 64 128 0.0117456
304 214 64 128 0.0141762
305 214 64 128 0.0124647
54 215 64 128 0.0120077
55 215 64 128 0.0369037
56 215 64 128 0.101577
57 215 64 128 0.120143
58 215 64 128 0.128576
59 215 64 128 0.122493
60 215 64 128 0.0448834
61 215 64 128 0.0123361
78 215 64 128 0.0168342
79 215 64 128 0.0390932
80 215 64 128 0.0797323
81 215 64 128 0.0846268
82 215 64 128 0.113492
83 215 64 128 0.184327
84 215 64 128 0.210409
85 215 64 128 0.163395
86 215 64 128 0.212703
87 215 64 128 0.163054
88 215 64 128 0.0984529
89 215 64 128 0.0990773
90 215 64 128 0.0635903
91 215 64 128 0.111922
92 215 64 128 0.0780756
93 215 64 128 0.0313605
94 215 64 128 0.0429506
95 215 64 128 0.0151748
96 215 64 128 0.0230106
97 215 64 128 0.0150932
99 215 64 128 0.0159558
106 215 64 128 0.0123561
107 215 64 128 0.0130883
108 215 64 128 0.0149148
109 215 64 128 0.0188609
279 215 64 128 0.0104788
280 215 64 128 0.0145781
281 215 64 128 0.0171888
282 215 64 128 0.0212669
283 215 64 128 0.0272826
284 215 64 128 0.0324089
285 215 64 128 0.034642
286 215 64 128 0.0267351
287 215 64 128 0.0173916
288 215 64 128 0.0120186
302 215 64 128 0.0106816
303 215 64 128 0.0119645
304 215 64 128 0.0143775
305 215 64 128 0.0130066
54 216 64 128 0.0211517
55 216 64 128 0.0658028
56 216 64 128 0.173591
57 216 64 128 0.200655
58 216 64 128 0.194404
59 216 64 128 0.169272
60 216 64 128 0.0599228
61 216 64 128 0.0160067
78 216 64 128 0.0192246
79 216 64 128 0.0457594
80 216 64 128 0.0944107
81 216 64 128 0.103459
82 216 64 128 0.145738
83 216 64 128 0.227294
84 216 64 128 0.248238
85 216 64 128 0.197815
86 216 64 128 0.266995
87 216 64 128 0.211072
88 216 64 128 0.123173
89 216 64 128 0.112124
90 216 64 128 0.0730088
91 216 64 128 0.128198
92 216 64 128 0.0895702
93 216 64 128 0.0347896
94 216 64 128 0.0461079
95 216 64 128 0.0167066
96 216 64 128 0.0249545
97 216 64 128 0.0164138
99 216 64 128 0.0158662
104 216 64 128 0.0103415
106 216 64 128 0.0137213
107 216 64 128 0.0143439
108 216 64 128 0.0166303
109 216 64 128 0.0214784
241 216 64 128 0.0103885
242 216 64 128 0.0110968
243 216 64 128 0.0109076
280 216 64 128 0.0127652
281 216 64 128 0.0155981
282 216 64 128 0.0197065
283 216 64 128 0.0248713
284 216 64 128 0.028917
285 216 64 128 0.031026
286 216 64 128 0.0249915
287 216 64 128 0.0167927
288 216 64 128 0.0113261
301 216 64 128 0.0108065
302 216 64 128 0.0126699
303 216 64 128 0.0145426
304 216 64 128 0.0179031
305 216 64 128 0.0167704
306 216 64 128 0.0127899
54 217 64 128 0.0313816
55 217 64 128 0.0953381
56 217 64 128 0.244026
57 217 64 128 0.278693
58 217 64 128 0.250005
59 217 64 128 0.199156
60 217 64 128 0.0678112
61 217 64 128 0.017917
77 217 64 128 0.0100286
78 217 64 128 0.0214749
79 217 64 128 0.0513411
80 217 64 128 0.105862
81 217 64 128 0.1195
82 217 64 128 0.170837
83 217 64 128 0.249885
84 217 64 128 0.258701
85 217 64 128 0.212851
86 217 64 128 0.293817
87 217 64 128 0.240689
88 217 64 128 0.140068
89 217 64 128 0.11444
90 217 64 128 0.0740846
91 217 64 128 0.126504
92 217 64 128 0.0882915
93 217 64 128 0.0337063
94 217 64 128 0.0431906
95 217 64 128 0.0155363
96 217 64 128 0.0223468
97 217 64 128 0.0150383
99 217 64 128 0.012468
106 217 64 128 0.0129346
107 217 64 128 0.0131229
108 217 64 128 0.0156506
109 217 64 128 0.021021
240 217 64 128 0.0102699
241 217 64 128 0.0117796
242 217 64 128 0.012546
243 217 64 128 0.0118403
244 217 64 128 0.010133
280 217 64 128 0.011107
281 217 64 128 0.0141286
282 217 64 128 0.0183264
283 217 64 128 0.0228335
284 217 64 128 0.0256939
285 217 64 128 0.0267506
286 217 64 128 0.0221984
287 217 64 128 0.0158129
288 217 64 128 0.0108462
301 217 64 128 0.0128712
302 217 64 128 0.0153248
303 217 64 128 0.0181844
304 217 64 128 0.0230092
305 217 64 128 0.0220379
306 217 64 128 0.0171667
307 217 64 128 0.012667
308 217 64 128 0.010925
309 217 64 128 0.0104124
53 218 64 128 0.0127377
54 218 64 128 0.0384363
55 218 64 128 0.108291
56 218 64 128 0.275118
57 218 64 128 0.312562
58 218 64 128 0.271524
59 218 64 128 0.208591
60 218 64 128 0.0704603
61 218 64 128 0.0198566
77 218 64 128 0.0154456
78 218 64 128 0.0322906
79 218 64 128 0.0720001
80 218 64 128 0.143378
81 218 64 128 0.157675
82 218 64 128 0.209494
83 218 64 128 0.295899
84 218 64 128 0.308358
85 218 64 128 0.260322
86 218 64 128 0.349994
87 218 64 128 0.288047
88 218 64 128 0.180093
89 218 64 128 0.152632
90 218 64 128 0.0917819
91 218 64 128 0.147515
92 218 64 128 0.102083
93 218 64 128 0.0391928
94 218 64 128 0.0513436
95 218 64 128 0.0161845
96 218 64 128 0.0219573
97 218 64 128 0.0155598
99 218 64 128 0.0117644
104 218 64 128 0.0106133
106 218 64 128 0.0140005
107 218 64 128 0.0141977
108 218 64 128 0.0178657
109 218 64 128 0.0246339
238 218 64 128 0.0103346
239 218 64 128 0.0121564
240 218 64 128 0.0132188
241 218 64 128 0.0154521
242 218 64 128 0.0159288
243 218 64 128 0.0143611
244 218 64 128 0.0121787
280 218 64 128 0.0101517
281 218 64 128 0.0135261
282 218 64 128 0.0178138
283 218 64 128 0.02239
284 218 64 128 0.0256189
285 218 64 128 0.0254947
286 218 64 128 0.0210398
287 218 64 128 0.0155702
288 218 64 128 0.0111566
301 218 64 128 0.0134676
302 218 64 128 0.0160938
303 218 64 128 0.0193378
304 218 64 128 0.0249004
305 218 64 128 0.0243081
306 218 64 128 0.0194694
307 218 64 128 0.0147196
308 218 64 128 0.0128317
309 218 64 128 0.0123789
53 219 64 128 0.0149023
54 219 64 128 0.0422098
55 219 64 128 0.106207
56 219 64 128 0.268425
57 219 64 128 0.304497
58 219 64 128 0.263205
59 219 64 128 0.201809
60 219 64 128 0.0685555
61 219 64 128 0.0212821
62 219 64 128 0.0110746
77 219 64 128 0.0238298
78 219 64 128 0.048076
79 219 64 128 0.100784
80 219 64 128 0.194983
81 219 64 128 0.204563
82 219 64 128 0.249518
83 219 64 128 0.351814
84 219 64 128 0.381315
85 219 64 128 0.326016
86 219 64 128 0.421068
87 219 64 128 0.341136
88 219 64 128 0.230284
89 219 64 128 0.212681
90 219 64 128 0.120449
91 219 64 128 0.183892
92 219 64 128 0.125888
93 219 64 128 0.0487763
94 219 64 128 0.0666617
95 219 64 128 0.0183601
96 219 64 128 0.0237472
97 219 64 128 0.0175982
99 219 64 128 0.0138339
104 219 64 128 0.0129441
106 219 64 128 0.0165519
107 219 64 128 0.0172832
108 219 64 128 0.0226156
109 219 64 128 0.0310831
237 219 64 128 0.0101993
238 219 64 128 0.0131808
239 219 64 128 0.0154783
240 219 64 128 0.0176694
241 219 64 128 0.0208527
242 219 64 128 0.020751
243 219 64 128 0.0180307
244 219 64 128 0.0152133
281 219 64 128 0.0133009
282 219 64 128 0.0175747
283 219 64 128 0.0226645
284 219 64 128 0.0274275
285 219 64 128 0.0266088
286 219 64 128 0.0213089
287 219 64 128 0.0157688
288 219 64 128 0.0118291
301 219 64 128 0.012397
302 219 64 128 0.0148398
303 219 64 128 0.0178774
304 219 64 128 0.023341
305 219 64 128 0.0233188
306 219 64 128 0.0193666
307 219 64 128 0.0152554
308 219 64 128 0.0136612
309 219 64 128 0.0133994
53 220 64 128 0.0164657
54 220 64 128 0.0463471
55 220 64 128 0.107649
56 220 64 128 0.261274
57 220 64 128 0.296669
58 220 64 128 0.254696
59 220 64 128 0.189937
60 220 64 128 0.0616316
61 220 64 128 0.019539
62 220 64 128 0.010964
77 220 64 128 0.0280272
78 220 64 128 0.0540951
79 220 64 128 0.109819
80 220 64 128 0.211324
81 220 64 128 0.212136
82 220 64 128 0.249045
83 220 64 128 0.35215
84 220 64 128 0.38685
85 220 64 128 0.335819
86 220 64 128 0.427904
87 220 64 128 0.344334
88 220 64 128 0.23797
89 220 64 128 0.22563
90 220 64 128 0.126641
91 220 64 128 0.184668
92 220 64 128 0.124762
93 220 64 128 0.0476863
94 220 64 128 0.0661421
95 220 64 128 0.0173874
96 220 64 128 0.0214602
97 220 64 128 0.0162446
99 220 64 128 0.0133357
104 220 64 128 0.012863
106 220 64 128 0.0162401
107 220 64 128 0.0174858
108 220 64 128 0.0232813
109 220 64 128 0.0315222
110 220 64 128 0.0106723
237 220 64 128 0.0122055
238 220 64 128 0.015881
239 220 64 128 0.0180244
240 220 64 128 0.0210781
241 220 64 128 0.025064
242 220 64 128 0.0243146
243 220 64 128 0.0202956
244 220 64 128 0.0168861
245 220 64 128 0.0110493
281 220 64 128 0.0118535
282 220 64 128 0.015868
283 220 64 128 0.0209005
284 220 64 128 0.0261168
285 220 64 128 0.0255086
286 220 64 128 0.0201608
287 220 64 128 0.0148295
288 220 64 128 0.0115289
301 220 64 128 0.0111588
302 220 64 128 0.0136403
303 220 64 128 0.0168145
304 220 64 128 0.0222692
305 220 64 128 0.0226873
306 220 64 128 0.0193608
307 220 64 128 0.0157145
308 220 64 128 0.0145651
309 220 64 128 0.0147684
310 220 64 128 0.0110947
53 221 64 128 0.0169189
54 221 64 128 0.0500664
55 221 64 128 0.1154
56 221 64 128 0.263313
57 221 64 128 0.299209
58 221 64 128 0.251982
59 221 64 128 0.1759
60 221 64 128 0.0509186
61 221 64 128 0.0147093
77 221 64 128 0.0259336
78 221 64 128 0.0467563
79 221 64 128 0.0928364
80 221 64 128 0.180891
81 221 64 128 0.172022
82 221 64 128 0.202714
83 221 64 128 0.287301
84 221 64 128 0.310118
85 221 64 128 0.276837
86 221 64 128 0.359314
87 221 64 128 0.291484
88 221 64 128 0.195459
89 221 64 128 0.179025
90 221 64 128 0.10431
91 221 64 128 0.141855
92 221 64 128 0.0935497
93 221 64 128 0.0337495
94 221 64 128 0.0460036
95 221 64 128 0.0125676
96 221 64 128 0.0141591
97 221 64 128 0.0107907
106 221 64 128 0.0124227
107 221 64 128 0.0141023
108 221 64 128 0.0188956
109 221 64 128 0.0246672
110 221 64 128 0.0100844
237 221 64 128 0.0136284
238 221 64 128 0.0180283
239 221 64 128 0.0197884
240 221 64 128 0.0232401
241 221 64 128 0.0276442
242 221 64 128 0.0262995
243 221 64 128 0.0211355
244 221 64 128 0.0173204
245 221 64 128 0.0119578
282 221 64 128 0.0125611
283 221 64 128 0.0167219
284 221 64 128 0.0207151
285 221 64 128 0.0210331
286 221 64 128 0.0169801
287 221 64 128 0.0125871
288 221 64 128 0.0100343
301 221 64 128 0.010411
302 221 64 128 0.0132122
303 221 64 128 0.0169669
304 221 64 128 0.0226623
305 221 64 128 0.0233288
306 221 64 128 0.0200202
307 221 64 128 0.0163438
308 221 64 128 0.0156317
309 221 64 128 0.0164587
310 221 64 128 0.0123748
53 222 64 128 0.0150228
54 222 64 128 0.0463344
55 222 64 128 0.109736
56 222 64 128 0.24438
57 222 64 128 0.276251
58 222 64 128 0.227298
59 222 64 128 0.151023
60 222 64 128 0.0400281
61 222 64 128 0.0107368
77 222 64 128 0.0226653
78 222 64 128 0.0383373
79 222 64 128 0.0742959
80 222 64 128 0.146047
81 222 64 128 0.132055
82 222 64 128 0.156778
83 222 64 128 0.226986
84 222 64 128 0.244215
85 222 64 128 0.223239
86 222 64 128 0.300622
87 222 64 128 0.246507
88 222 64 128 0.158803
89 222 64 128 0.140753
90 222 64 128 0.086416
91 222 64 128 0.108655
92 222 64 128 0.06949
93 222 64 128 0.0227065
94 222 64 128 0.0298167
107 222 64 128 0.0124127
108 222 64 128 0.0165477
109 222 64 128 0.0199976
110 222 64 128 0.010209
237 222 64 128 0.0143679
238 222 64 128 0.0197797
239 222 64 128 0.0230369
240 222 64 128 0.0272584
241 222 64 128 0.0316638
242 222 64 128 0.029755
243 222 64 128 0.0241071
244 222 64 128 0.0201257
245 222 64 128 0.0141255
283 222 64 128 0.0131151
284 222 64 128 0.0159756
285 222 64 128 0.0169231
286 222 64 128 0.0143464
287 222 64 128 0.010882
302 222 64 128 0.0122914
303 222 64 128 0.0159831
304 222 64 128 0.0212231
305 222 64 128 0.022253
306 222 64 128 0.0191161
307 222 64 128 0.0156645
308 222 64 128 0.0154231
309 222 64 128 0.0165614
310 222 64 128 0.0127502
53 223 64 128 0.0107525
54 223 64 128 0.0330419
55 223 64 128 0.0821531
56 223 64 128 0.191489
57 223 64 128 0.212538
58 223 64 128 0.16965
59 223 64 128 0.113168
60 223 64 128 0.0311644
77 223 64 128 0.0211409
78 223 64 128 0.0356851
79 223 64 128 0.0678498
80 223 64 128 0.130914
81 223 64 128 0.118552
82 223 64 128 0.136748
83 223 64 128 0.207514
84 223 64 128 0.235772
85 223 64 128 0.212979
86 223 64 128 0.293068
87 223 64 128 0.239747
88 223 64 128 0.155932
89 223 64 128 0.144692
90 223 64 128 0.0887797
91 223 64 128 0.111279
92 223 64 128 0.0710683
93 223 64 128 0.0226608
94 223 64 128 0.0298861
106 223 64 128 0.0105831
107 223 64 128 0.0148007
108 223 64 128 0.0194153
109 223 64 128 0.0220951
110 223 64 128 0.0117585
237 223 64 128 0.0144054
238 223 64 128 0.0210397
239 223 64 128 0.0280885
240 223 64 128 0.0337695
241 223 64 128 0.037881
242 223 64 128 0.0354481
243 223 64 128 0.0301253
244 223 64 128 0.0262613
245 223 64 128 0.0178342
246 223 64 128 0.0103221
283 223 64 128 0.0117583
284 223 64 128 0.0145794
285 223 64 128 0.0153937
286 223 64 128 0.0136827
287 223 64 128 0.0106596
302 223 64 128 0.0103623
303 223 64 128 0.0129628
304 223 64 128 0.0167132
305 223 64 128 0.0183137
306 223 64 128 0.0158833
307 223 64 128 0.0132588
308 223 64 128 0.0134941
309 223 64 128 0.0144117
310 223 64 128 0.0118962
54 224 64 128 0.0192697
55 224 64 128 0.0508958
56 224 64 128 0.133399
57 224 64 128 0.142648
58 224 64 128 0.108038
59 224 64 128 0.0755563
60 224 64 128 0.0232427
77 224 64 128 0.0186145
78 224 64 128 0.0319487
79 224 64 128 0.0600192
80 224 64 128 0.113527
81 224 64 128 0.104571
82 224 64 128 0.117178
83 224 64 128 0.183696
84 224 64 128 0.218422
85 224 64 128 0.195498
86 224 64 128 0.271568
87 224 64 128 0.221103
88 224 64 128 0.146629
89 224 64 128 0.141811
90 224 64 128 0.0856642
91 224 64 128 0.110532
92 224 64 128 0.0713435
93 224 64 128 0.0231188
94 224 64 128 0.0309398
106 224 64 128 0.0117859
107 224 64 128 0.0167196
108 224 64 128 0.0213205
109 224 64 128 0.0237243
110 224 64 128 0.0123792
237 224 64 128 0.0138477
238 224 64 128 0.0211022
239 224 64 128 0.030866
240 224 64 128 0.0377782
241 224 64 128 0.0417125
242 224 64 128 0.0388878
243 224 64 128 0.0340686
244 224 64 128 0.0306453
245 224 64 128 0.020295
246 224 64 128 0.011465
283 224 64 128 0.0110986
284 224 64 128 0.0140308
285 224 64 128 0.0147438
286 224 64 128 0.0135218
287 224 64 128 0.0106991
303 224 64 128 0.0105042
304 224 64 128 0.0128234
305 224 64 128 0.0147918
306 224 64 128 0.0130252
307 224 64 128 0.0111782
308 224 64 128 0.011696
309 224 64 128 0.0122174
310 224 64 128 0.0108954
54 225 64 128 0.0123044
55 225 64 128 0.0315556
56 225 64 128 0.0941669
57 225 64 128 0.0958498
58 225 64 128 0.0671675
59 225 64 128 0.0491211
60 225 64 128 0.0153867
77 225 64 128 0.0130556
78 225 64 128 0.0218776
79 225 64 128 0.0404108
80 225 64 128 0.07685
81 225 64 128 0.0689996
82 225 64 128 0.0780675
83 225 64 128 0.121429
84 225 64 128 0.142667
85 225 64 128 0.132758
86 225 64 128 0.188271
87 225 64 128 0.154065
88 225 64 128 0.100764
89 225 64 128 0.0951263
90 225 64 128 0.0580926
91 225 64 128 0.0763023
92 225 64 128 0.0493983
93 225 64 128 0.0157179
94 225 64 128 0.0207292
106 225 64 128 0.0107461
107 225 64 128 0.0146407
108 225 64 128 0.017558
109 225 64 128 0.019236
110 225 64 128 0.0103813
237 225 64 128 0.0128505
238 225 64 128 0.0195728
239 225 64 128 0.0285062
240 225 64 128 0.0357142
241 225 64 128 0.0398582
242 225 64 128 0.0368816
243 225 64 128 0.0322657
244 225 64 128 0.029527
245 225 64 128 0.0194871
246 225 64 128 0.0110097
284 225 64 128 0.0121911
285 225 64 128 0.0134232
286 225 64 128 0.012589
303 225 64 128 0.0104668
304 225 64 128 0.0122837
305 225 64 128 0.0141073
306 225 64 128 0.0125002
307 225 64 128 0.0108721
308 225 64 128 0.0113565
309 225 64 128 0.0116417
310 225 64 128 0.01057
55 226 64 128 0.0204003
56 226 64 128 0.0658756
57 226 64 128 0.0642558
58 226 64 128 0.0418047
59 226 64 128 0.0312445
78 226 64 128 0.0108962
79 226 64 128 0.0194997
80 226 64 128 0.0382866
81 226 64 128 0.0309647
82 226 64 128 0.0374767
83 226 64 128 0.0551583
84 226 64 128 0.0588634
85 226 64 128 0.0627355
86 226 64 128 0.0936791
87 226 64 128 0.0783188
88 226 64 128 0.0481542
89 226 64 128 0.0398667
90 226 64 128 0.025614
91 226 64 128 0.0341021
92 226 64 128 0.0220196
107 226 64 128 0.0111071
108 226 64 128 0.011938
109 226 64 128 0.0128514
237 226 64 128 0.0116755
238 226 64 128 0.0173085
239 226 64 128 0.0238302
240 226 64 128 0.0308701
241 226 64 128 0.0353062
242 226 64 128 0.0325413
243 226 64 128 0.0281516
244 226 64 128 0.025879
245 226 64 128 0.017102
284 226 64 128 0.0101551
285 226 64 128 0.0119421
286 226 64 128 0.0113922
303 226 64 128 0.0109209
304 226 64 128 0.0127424
305 226 64 128 0.014123
306 226 64 128 0.0124682
307 226 64 128 0.0108552
308 226 64 128 0.01119
309 226 64 128 0.0114358
310 226 64 128 0.0103362
55 227 64 128 0.0111114
56 227 64 128 0.0373549
57 227 64 128 0.0355458
58 227 64 128 0.0224787
59 227 64 128 0.0174511
80 227 64 128 0.0175312
81 227 64 128 0.0123984
82 227 64 128 0.0161691
83 227 64 128 0.0236177
84 227 64 128 0.0234246
85 227 64 128 0.0284337
86 227 64 128 0.0447569
87 227 64 128 0.0384684
88 227 64 128 0.0226217
89 227 64 128 0.0160875
90 227 64 128 0.0103234
91 227 64 128 0.0137541
237 227 64 128 0.0105546
238 227 64 128 0.0152549
239 227 64 128 0.0201768
240 227 64 128 0.0271524
241 227 64 128 0.0316381
242 227 64 128 0.0295105
243 227 64 128 0.0257151
244 227 64 128 0.0232874
245 227 64 128 0.0151995
285 227 64 128 0.0110319
286 227 64 128 0.010629
304 227 64 128 0.011511
305 227 64 128 0.0124401
306 227 64 128 0.0109031
309 227 64 128 0.0101846
56 228 64 128 0.0136659
57 228 64 128 0.0129673
80 228 64 128 0.0105823
83 228 64 128 0.0169948
84 228 64 128 0.0210531
85 228 64 128 0.0204228
86 228 64 128 0.0303773
87 228 64 128 0.0259129
88 228 64 128 0.0168284
89 228 64 128 0.0142776
238 228 64 128 0.0135237
239 228 64 128 0.0176854
240 228 64 128 0.0245509
241 228 64 128 0.0290017
242 228 64 128 0.0276711
243 228 64 128 0.024467
244 228 64 128 0.0215603
245 228 64 128 0.0139034
285 228 64 128 0.0104354
286 228 64 128 0.010131
305 228 64 128 0.010008
83 229 64 128 0.0123127
84 229 64 128 0.017257
85 229 64 128 0.0149287
86 229 64 128 0.0206696
87 229 64 128 0.0173927
88 229 64 128 0.0122263
89 229 64 128 0.0115693
238 229 64 128 0.0119926
239 229 64 128 0.0155899
240 229 64 128 0.021993
241 229 64 128 0.0265811
242 229 64 128 0.0258618
243 229 64 128 0.0227418
244 229 64 128 0.019514
245 229 64 128 0.0127995
238 230 64 128 0.0108007
239 230 64 128 0.0140592
240 230 64 128 0.0199334
241 230 64 128 0.0246255
242 230 64 128 0.024198
243 230 64 128 0.0209308
244 230 64 128 0.0177028
245 230 64 128 0.0121205
238 231 64 128 0.010183
239 231 64 128 0.0136479
240 231 64 128 0.0194508
241 231 64 128 0.0238165
242 231 64 128 0.023343
243 231 64 128 0.020312
244 231 64 128 0.0174052
245 231 64 128 0.0123416
239 232 64 128 0.0138408
240 232 64 128 0.0197939
241 232 64 128 0.0235117
242 232 64 128 0.0227981
243 232 64 128 0.0203556
244 232 64 128 0.0180005
245 232 64 128 0.0128487
239 233 64 128 0.0133608
240 233 64 128 0.0189087
241 233 64 128 0.0221306
242 233 64 128 0.0212411
243 233 64 128 0.0192367
244 233 64 128 0.0175071
245 233 64 128 0.0122615
239 234 64 128 0.0119617
240 234 64 128 0.0164958
241 234 64 128 0.0194854
242 234 64 128 0.018573
243 234 64 128 0.0166971
244 234 64 128 0.0155018
245 234 64 128 0.0104895
239 235 64 128 0.0105572
240 235 64 128 0.0142294
241 235 64 128 0.0169516
242 235 64 128 0.0160679
243 235 64 128 0.0142444
244 235 64 128 0.0133234
240 236 64 128 0.0128711
241 236 64 128 0.0151539
242 236 64 128 0.0143328
243 236 64 128 0.0126659
244 236 64 128 0.0117239
240 237 64 128 0.0114901
241 237 64 128 0.0133302
242 237 64 128 0.0127434
243 237 64 128 0.0113941
244 237 64 128 0.010325
241 238 64 128 0.0112177
242 238 64 128 0.0110441
243 238 64 128 0.0101185
241 239 64 128 0.0101591
242 239 64 128 0.0102165
286 239 64 128 0.0100224
