86 0 85 170 0.0389686
87 0 85 170 0.104564
88 0 85 170 0.116935
89 0 85 170 0.0689125
90 0 85 170 0.0315862
91 0 85 170 0.0189314
92 0 85 170 0.0102229
86 1 85 170 0.0373443
87 1 85 170 0.100124
88 1 85 170 0.112149
89 1 85 170 0.066475
90 1 85 170 0.0308005
91 1 85 170 0.0185118
86 2 85 170 0.0332977
87 2 85 170 0.0890594
88 2 85 170 0.1002
89 2 85 170 0.0603565
90 2 85 170 0.0288028
91 2 85 170 0.0174499
86 3 85 170 0.0280683
87 3 85 170 0.0747487
88 3 85 170 0.084705
89 3 85 170 0.0523479
90 3 85 170 0.0261321
91 3 85 170 0.0160408
86 4 85 170 0.0228957
87 4 85 170 0.0605719
88 4 85 170 0.0692809
89 4 85 170 0.04424
90 4 85 170 0.0233274
91 4 85 170 0.0145796
86 5 85 170 0.0190095
87 5 85 170 0.049882
88 5 85 170 0.0575158
89 5 85 170 0.0378098
90 5 85 170 0.0209236
91 5 85 170 0.013359
86 6 85 170 0.0169516
87 6 85 170 0.0441744
88 6 85 170 0.0510181
89 6 85 170 0.033863
90 6 85 170 0.0191646
91 6 85 170 0.0125033
86 7 85 170 0.0161402
87 7 85 170 0.0419095
88 7 85 170 0.0481628
89 7 85 170 0.0316186
90 7 85 170 0.0178192
91 7 85 170 0.0118615
86 8 85 170 0.0158895
87 8 85 170 0.0412681
88 8 85 170 0.0470267
89 8 85 170 0.0301494
90 8 85 170 0.0166127
91 8 85 170 0.0112574
86 9 85 170 0.0155142
87 9 85 170 0.0404308
88 9 85 170 0.0456861
89 9 85 170 0.0285279
90 9 85 170 0.0152699
91 9 85 170 0.0105147
86 10 85 170 0.0143725
87 10 85 170 0.0376912
88 10 85 170 0.0423381
89 10 85 170 0.0258874
90 10 85 170 0.0135364
86 11 85 170 0.0124116
87 11 85 170 0.0328654
88 11 85 170 0.0367967
89 11 85 170 0.0221727
90 11 85 170 0.0114334
86 12 85 170 0.0100005
87 12 85 170 0.0268594
88 12 85 170 0.0300339
89 12 85 170 0.0179105
87 13 85 170 0.0206029
88 13 85 170 0.0230469
89 13 85 170 0.0136396
87 14 85 170 0.0150254
88 14 85 170 0.0168329
87 15 85 170 0.0108779
88 15 85 170 0.0121966
1 0 64 128 0.0128795
2 0 64 128 0.130003
3 0 64 128 0.391375
4 0 64 128 0.634481
5 0 64 128 0.679091
6 0 64 128 0.595097
7 0 64 128 0.490087
8 0 64 128 0.401005
9 0 64 128 0.448819
10 0 64 128 0.567828
11 0 64 128 0.317606
12 0 64 128 0.123274
13 0 64 128 0.0498982
32 0 64 128 0.0214162
33 0 64 128 0.0247241
34 0 64 128 0.036894
35 0 64 128 0.0813972
36 0 64 128 0.0580247
37 0 64 128 0.0517659
38 0 64 128 0.0425808
39 0 64 128 0.0139751
40 0 64 128 0.0112292
83 0 64 128 0.0102023
84 0 64 128 0.0318353
85 0 64 128 0.0911648
86 0 64 128 0.172764
87 0 64 128 0.342482
88 0 64 128 0.473586
89 0 64 128 0.522617
90 0 64 128 0.622395
91 0 64 128 0.715263
92 0 64 128 0.788355
93 0 64 128 0.822751
94 0 64 128 0.845445
95 0 64 128 0.9008
96 0 64 128 0.910019
97 0 64 128 0.862873
98 0 64 128 0.592962
99 0 64 128 0.238299
100 0 64 128 0.164784
101 0 64 128 0.124255
102 0 64 128 0.128654
103 0 64 128 0.127119
104 0 64 128 0.0740278
105 0 64 128 0.038844
106 0 64 128 0.0146224
223 0 64 128 0.0149149
224 0 64 128 0.0219332
225 0 64 128 0.0283397
226 0 64 128 0.0362144
227 0 64 128 0.0421332
228 0 64 128 0.0415513
229 0 64 128 0.0358729
230 0 64 128 0.0310814
231 0 64 128 0.0246552
232 0 64 128 0.0159674
1 1 64 128 0.0124094
2 1 64 128 0.118853
3 1 64 128 0.3858
4 1 64 128 0.62991
5 1 64 128 0.64492
6 1 64 128 0.566117
7 1 64 128 0.441152
8 1 64 128 0.356558
9 1 64 128 0.421253
10 1 64 128 0.514012
11 1 64 128 0.287491
12 1 64 128 0.106954
13 1 64 128 0.0392573
32 1 64 128 0.0218981
33 1 64 128 0.0297718
34 1 64 128 0.047122
35 1 64 128 0.0880352
36 1 64 128 0.0659297
37 1 64 128 0.0553144
38 1 64 128 0.04353
39 1 64 128 0.017008
40 1 64 128 0.0119521
84 1 64 128 0.0311493
85 1 64 128 0.093955
86 1 64 128 0.177456
87 1 64 128 0.355895
88 1 64 128 0.496511
89 1 64 128 0.549201
90 1 64 128 0.64841
91 1 64 128 0.730924
92 1 64 128 0.7971
93 1 64 128 0.829526
94 1 64 128 0.850529
95 1 64 128 0.905006
96 1 64 128 0.911587
97 1 64 128 0.85593
98 1 64 128 0.572968
99 1 64 128 0.212096
100 1 64 128 0.14637
101 1 64 128 0.109476
102 1 64 128 0.109786
103 1 64 128 0.108094
104 1 64 128 0.0621607
105 1 64 128 0.0320302
106 1 64 128 0.0119271
223 1 64 128 0.0121773
224 1 64 128 0.018113
225 1 64 128 0.0240992
226 1 64 128 0.0297464
227 1 64 128 0.0356049
228 1 64 128 0.0366066
229 1 64 128 0.0320147
230 1 64 128 0.0302265
231 1 64 128 0.0236339
232 1 64 128 0.0149785
1 2 64 128 0.0117558
2 2 64 128 0.104569
3 2 64 128 0.384167
4 2 64 128 0.628328
5 2 64 128 0.591039
6 2 64 128 0.523334
7 2 64 128 0.378097
8 2 64 128 0.307435
9 2 64 128 0.397845
10 2 64 128 0.445936
11 2 64 128 0.249404
12 2 64 128 0.0877008
13 2 64 128 0.0259984
32 2 64 128 0.0233124
33 2 64 128 0.0374923
34 2 64 128 0.0618319
35 2 64 128 0.0994117
36 2 64 128 0.077958
37 2 64 128 0.0617832
38 2 64 128 0.0468793
39 2 64 128 0.022176
40 2 64 128 0.0135306
84 2 64 128 0.0337689
85 2 64 128 0.10694
86 2 64 128 0.202461
87 2 64 128 0.393903
88 2 64 128 0.544409
89 2 64 128 0.601736
90 2 64 128 0.699122
91 2 64 128 0.765537
92 2 64 128 0.819822
93 2 64 128 0.848119
94 2 64 128 0.865408
95 2 64 128 0.915479
96 2 64 128 0.917726
97 2 64 128 0.852791
98 2 64 128 0.551941
99 2 64 128 0.179844
100 2 64 128 0.124549
101 2 64 128 0.0906648
102 2 64 128 0.0818269
103 2 64 128 0.0781155
104 2 64 128 0.0429105
105 2 64 128 0.0210365
224 2 64 128 0.0111819
225 2 64 128 0.0161806
226 2 64 128 0.0181484
227 2 64 128 0.023608
228 2 64 128 0.027057
229 2 64 128 0.0245253
230 2 64 128 0.027392
231 2 64 128 0.0209911
232 2 64 128 0.01295
1 3 64 128 0.0117996
2 3 64 128 0.111
3 3 64 128 0.403708
4 3 64 128 0.642288
5 3 64 128 0.577324
6 3 64 128 0.520481
7 3 64 128 0.402363
8 3 64 128 0.354731
9 3 64 128 0.448229
10 3 64 128 0.475938
11 3 64 128 0.266701
12 3 64 128 0.101388
13 3 64 128 0.0325882
32 3 64 128 0.0253141
33 3 64 128 0.0384756
34 3 64 128 0.0610896
35 3 64 128 0.104029
36 3 64 128 0.079133
37 3 64 128 0.0654669
38 3 64 128 0.0526544
39 3 64 128 0.0243969
40 3 64 128 0.0150684
83 3 64 128 0.0124808
84 3 64 128 0.0445716
85 3 64 128 0.133487
86 3 64 128 0.25678
87 3 64 128 0.449357
88 3 64 128 0.58838
89 3 64 128 0.643872
90 3 64 128 0.738135
91 3 64 128 0.801757
92 3 64 128 0.850371
93 3 64 128 0.874681
94 3 64 128 0.888301
95 3 64 128 0.928686
96 3 64 128 0.929471
97 3 64 128 0.873657
98 3 64 128 0.575919
99 3 64 128 0.197334
100 3 64 128 0.139316
101 3 64 128 0.098586
102 3 64 128 0.0800988
103 3 64 128 0.0709776
104 3 64 128 0.0367677
105 3 64 128 0.017699
225 3 64 128 0.0108275
226 3 64 128 0.0114821
227 3 64 128 0.0159718
228 3 64 128 0.0198133
229 3 64 128 0.0187388
230 3 64 128 0.0224506
231 3 64 128 0.0174032
232 3 64 128 0.0111116
1 4 64 128 0.011804
2 4 64 128 0.130786
3 4 64 128 0.427181
4 4 64 128 0.648352
5 4 64 128 0.580359
6 4 64 128 0.531589
7 4 64 128 0.461311
8 4 64 128 0.438793
9 4 64 128 0.51903
10 4 64 128 0.53971
11 4 64 128 0.306954
12 4 64 128 0.128529
13 4 64 128 0.0462583
32 4 64 128 0.0256609
33 4 64 128 0.034297
34 4 64 128 0.050621
35 4 64 128 0.098729
36 4 64 128 0.0707506
37 4 64 128 0.064228
38 4 64 128 0.0562457
39 4 64 128 0.0237738
40 4 64 128 0.015596
83 4 64 128 0.0177507
84 4 64 128 0.0548083
85 4 64 128 0.154309
86 4 64 128 0.302355
87 4 64 128 0.490865
88 4 64 128 0.614922
89 4 64 128 0.667796
90 4 64 128 0.758334
91 4 64 128 0.829918
92 4 64 128 0.877008
93 4 64 128 0.897374
94 4 64 128 0.909638
95 4 64 128 0.939101
96 4 64 128 0.940748
97 4 64 128 0.898398
98 4 64 128 0.611963
99 4 64 128 0.232764
100 4 64 128 0.166061
101 4 64 128 0.116072
102 4 64 128 0.0912249
103 4 64 128 0.0768069
104 4 64 128 0.0385013
105 4 64 128 0.0189743
227 4 64 128 0.0126312
228 4 64 128 0.0153132
229 4 64 128 0.0149292
230 4 64 128 0.0170469
231 4 64 128 0.0138306
1 5 64 128 0.0106
2 5 64 128 0.145928
3 5 64 128 0.427647
4 5 64 128 0.614838
5 5 64 128 0.550905
6 5 64 128 0.506414
7 5 64 128 0.453946
8 5 64 128 0.44948
9 5 64 128 0.519977
10 5 64 128 0.519262
11 5 64 128 0.307939
12 5 64 128 0.132395
13 5 64 128 0.0434901
32 5 64 128 0.0218329
33 5 64 128 0.0304226
34 5 64 128 0.0449033
35 5 64 128 0.0843212
36 5 64 128 0.060187
37 5 64 128 0.0577403
38 5 64 128 0.0521521
39 5 64 128 0.0223477
40 5 64 128 0.0143197
83 5 64 128 0.0169417
84 5 64 128 0.0520872
85 5 64 128 0.145111
86 5 64 128 0.290008
87 5 64 128 0.483396
88 5 64 128 0.618621
89 5 64 128 0.677504
90 5 64 128 0.764761
91 5 64 128 0.844547
92 5 64 128 0.887597
93 5 64 128 0.903207
94 5 64 128 0.918329
95 5 64 128 0.941393
96 5 64 128 0.943798
97 5 64 128 0.895403
98 5 64 128 0.603718
99 5 64 128 0.227431
100 5 64 128 0.160402
101 5 64 128 0.111064
102 5 64 128 0.0860051
103 5 64 128 0.0711728
104 5 64 128 0.0342003
105 5 64 128 0.0167868
200 5 64 128 0.0104603
228 5 64 128 0.0116277
229 5 64 128 0.0115471
230 5 64 128 0.0133265
231 5 64 128 0.0112609
2 6 64 128 0.155466
3 6 64 128 0.418583
4 6 64 128 0.572089
5 6 64 128 0.51215
6 6 64 128 0.468616
7 6 64 128 0.40709
8 6 64 128 0.409572
9 6 64 128 0.480833
10 6 64 128 0.461628
11 6 64 128 0.289642
12 6 64 128 0.123598
13 6 64 128 0.0332397
32 6 64 128 0.0162389
33 6 64 128 0.0278822
34 6 64 128 0.0445042
35 6 64 128 0.0689509
36 6 64 128 0.0515947
37 6 64 128 0.0500252
38 6 64 128 0.0446556
39 6 64 128 0.0211387
40 6 64 128 0.0126004
83 6 64 128 0.012047
84 6 64 128 0.0420131
85 6 64 128 0.122573
86 6 64 128 0.248168
87 6 64 128 0.453901
88 6 64 128 0.615666
89 6 64 128 0.683424
90 6 64 128 0.769444
91 6 64 128 0.852589
92 6 64 128 0.889019
93 6 64 128 0.900112
94 6 64 128 0.919503
95 6 64 128 0.940533
96 6 64 128 0.942496
97 6 64 128 0.878994
98 6 64 128 0.574798
99 6 64 128 0.2015
100 6 64 128 0.136854
101 6 64 128 0.0928692
102 6 64 128 0.0699411
103 6 64 128 0.0568694
104 6 64 128 0.0248782
105 6 64 128 0.0115821
200 6 64 128 0.0116526
201 6 64 128 0.0122507
202 6 64 128 0.0108517
230 6 64 128 0.0113866
2 7 64 128 0.16794
3 7 64 128 0.435206
4 7 64 128 0.583598
5 7 64 128 0.526811
6 7 64 128 0.482158
7 7 64 128 0.418605
8 7 64 128 0.416392
9 7 64 128 0.49803
10 7 64 128 0.504552
11 7 64 128 0.317388
12 7 64 128 0.138924
13 7 64 128 0.0423085
32 7 64 128 0.0139814
33 7 64 128 0.0251267
34 7 64 128 0.0419841
35 7 64 128 0.0644406
36 7 64 128 0.0470503
37 7 64 128 0.0473376
38 7 64 128 0.0433521
39 7 64 128 0.0205239
40 7 64 128 0.0129237
83 7 64 128 0.0100551
84 7 64 128 0.04014
85 7 64 128 0.125583
86 7 64 128 0.247656
87 7 64 128 0.462569
88 7 64 128 0.632942
89 7 64 128 0.698615
90 7 64 128 0.787308
91 7 64 128 0.867482
92 7 64 128 0.898556
93 7 64 128 0.907505
94 7 64 128 0.92728
95 7 64 128 0.947054
96 7 64 128 0.947136
97 7 64 128 0.8888
98 7 64 128 0.592871
99 7 64 128 0.21877
100 7 64 128 0.142637
101 7 64 128 0.0938646
102 7 64 128 0.0680267
103 7 64 128 0.0520916
104 7 64 128 0.0200655
200 7 64 128 0.01475
201 7 64 128 0.0150478
202 7 64 128 0.0136943
203 7 64 128 0.012927
204 7 64 128 0.0102335
230 7 64 128 0.0101431
1 8 64 128 0.0128717
2 8 64 128 0.177872
3 8 64 128 0.464506
4 8 64 128 0.635045
5 8 64 128 0.58203
6 8 64 128 0.533269
7 8 64 128 0.477381
8 8 64 128 0.466689
9 8 64 128 0.56499
10 8 64 128 0.625986
11 8 64 128 0.379738
12 8 64 128 0.17223
13 8 64 128 0.0659658
32 8 64 128 0.0151281
33 8 64 128 0.0222732
34 8 64 128 0.0365706
35 8 64 128 0.0688881
36 8 64 128 0.0460815
37 8 64 128 0.0488222
38 8 64 128 0.0471984
39 8 64 128 0.0203459
40 8 64 128 0.0145708
83 8 64 128 0.0114964
84 8 64 128 0.0457517
85 8 64 128 0.147454
86 8 64 128 0.279431
87 8 64 128 0.49415
88 8 64 128 0.654312
89 8 64 128 0.713046
90 8 64 128 0.80887
91 8 64 128 0.884532
92 8 64 128 0.914255
93 8 64 128 0.924379
94 8 64 128 0.9416
95 8 64 128 0.959624
96 8 64 128 0.957226
97 8 64 128 0.921189
98 8 64 128 0.650154
99 8 64 128 0.272125
100 8 64 128 0.174203
101 8 64 128 0.112698
102 8 64 128 0.0795377
103 8 64 128 0.0568878
104 8 64 128 0.020745
199 8 64 128 0.0100812
200 8 64 128 0.018991
201 8 64 128 0.0177201
202 8 64 128 0.0163292
203 8 64 128 0.0168139
204 8 64 128 0.0128247
1 9 64 128 0.0182445
2 9 64 128 0.167532
3 9 64 128 0.451041
4 9 64 128 0.643185
5 9 64 128 0.597839
6 9 64 128 0.539229
7 9 64 128 0.475491
8 9 64 128 0.467597
9 9 64 128 0.583465
10 9 64 128 0.662192
11 9 64 128 0.397184
12 9 64 128 0.179329
13 9 64 128 0.0715694
32 9 64 128 0.0152609
33 9 64 128 0.0209368
34 9 64 128 0.0335023
35 9 64 128 0.0682723
36 9 64 128 0.0459904
37 9 64 128 0.0473487
38 9 64 128 0.0457339
39 9 64 128 0.0199922
40 9 64 128 0.0140089
83 9 64 128 0.0111237
84 9 64 128 0.0436596
85 9 64 128 0.141151
86 9 64 128 0.263666
87 9 64 128 0.466868
88 9 64 128 0.626053
89 9 64 128 0.696573
90 9 64 128 0.803344
91 9 64 128 0.883112
92 9 64 128 0.917123
93 9 64 128 0.931578
94 9 64 128 0.949771
95 9 64 128 0.966379
96 9 64 128 0.962673
97 9 64 128 0.934079
98 9 64 128 0.671878
99 9 64 128 0.291538
100 9 64 128 0.182913
101 9 64 128 0.11801
102 9 64 128 0.080843
103 9 64 128 0.0551038
104 9 64 128 0.0202174
199 9 64 128 0.0107727
200 9 64 128 0.0208583
201 9 64 128 0.0193419
202 9 64 128 0.0177553
203 9 64 128 0.0184761
204 9 64 128 0.0142492
1 10 64 128 0.0234466
2 10 64 128 0.138926
3 10 64 128 0.389759
4 10 64 128 0.586827
5 10 64 128 0.551106
6 10 64 128 0.478652
7 10 64 128 0.391638
8 10 64 128 0.399994
9 10 64 128 0.530633
10 10 64 128 0.58146
11 10 64 128 0.354345
12 10 64 128 0.153264
13 10 64 128 0.0545498
32 10 64 128 0.0131422
33 10 64 128 0.0213599
34 10 64 128 0.0344923
35 10 64 128 0.0599544
36 10 64 128 0.0458604
37 10 64 128 0.0419548
38 10 64 128 0.0376097
39 10 64 128 0.0195858
40 10 64 128 0.0111645
84 10 64 128 0.030581
85 10 64 128 0.0977255
86 10 64 128 0.186122
87 10 64 128 0.371824
88 10 64 128 0.546689
89 10 64 128 0.648093
90 10 64 128 0.768405
91 10 64 128 0.861812
92 10 64 128 0.904345
93 10 64 128 0.925025
94 10 64 128 0.948606
95 10 64 128 0.964248
96 10 64 128 0.960868
97 10 64 128 0.917337
98 10 64 128 0.642861
99 10 64 128 0.265908
100 10 64 128 0.160613
101 10 64 128 0.104192
102 10 64 128 0.0677855
103 10 64 128 0.0435098
104 10 64 128 0.0164276
199 10 64 128 0.0106398
200 10 64 128 0.018892
201 10 64 128 0.018987
202 10 64 128 0.0171805
203 10 64 128 0.0168513
204 10 64 128 0.0139057
230 10 64 128 0.0112805
1 11 64 128 0.0238513
2 11 64 128 0.121037
3 11 64 128 0.345101
4 11 64 128 0.531223
5 11 64 128 0.498077
6 11 64 128 0.41565
7 11 64 128 0.325188
8 11 64 128 0.347814
9 11 64 128 0.489091
10 11 64 128 0.535629
11 11 64 128 0.324979
12 11 64 128 0.138752
13 11 64 128 0.0492479
32 11 64 128 0.0120091
33 11 64 128 0.0218743
34 11 64 128 0.0362362
35 11 64 128 0.0571082
36 11 64 128 0.0472615
37 11 64 128 0.0402278
38 11 64 128 0.0341171
39 11 64 128 0.0202516
40 11 64 128 0.0107232
84 11 64 128 0.0198757
85 11 64 128 0.0611902
86 11 64 128 0.123802
87 11 64 128 0.30086
88 11 64 128 0.486449
89 11 64 128 0.606326
90 11 64 128 0.740859
91 11 64 128 0.845702
92 11 64 128 0.895585
93 11 64 128 0.921704
94 11 64 128 0.948258
95 11 64 128 0.962447
96 11 64 128 0.95968
97 11 64 128 0.905483
98 11 64 128 0.63093
99 11 64 128 0.266023
100 11 64 128 0.155513
101 11 64 128 0.101543
102 11 64 128 0.0633763
103 11 64 128 0.0369597
104 11 64 128 0.0139117
200 11 64 128 0.0145298
201 11 64 128 0.0157612
202 11 64 128 0.0141215
203 11 64 128 0.0131432
204 11 64 128 0.0116264
230 11 64 128 0.0117353
231 11 64 128 0.0100618
1 12 64 128 0.0184493
2 12 64 128 0.125628
3 12 64 128 0.34709
4 12 64 128 0.511318
5 12 64 128 0.467998
6 12 64 128 0.386194
7 12 64 128 0.324915
8 12 64 128 0.351854
9 12 64 128 0.499205
10 12 64 128 0.590289
11 12 64 128 0.343921
12 12 64 128 0.15703
13 12 64 128 0.0703028
32 12 64 128 0.0133899
33 12 64 128 0.02149
34 12 64 128 0.0363771
35 12 64 128 0.0646215
36 12 64 128 0.0498174
37 12 64 128 0.0444517
38 12 64 128 0.0394039
39 12 64 128 0.0218408
40 12 64 128 0.0142227
84 12 64 128 0.0185794
85 12 64 128 0.0551879
86 12 64 128 0.116647
87 12 64 128 0.296481
88 12 64 128 0.474845
89 12 64 128 0.588102
90 12 64 128 0.737843
91 12 64 128 0.846941
92 12 64 128 0.899989
93 12 64 128 0.929256
94 12 64 128 0.953875
95 12 64 128 0.966111
96 12 64 128 0.96348
97 12 64 128 0.916734
98 12 64 128 0.667956
99 12 64 128 0.321412
100 12 64 128 0.188826
101 12 64 128 0.123435
102 12 64 128 0.0778285
103 12 64 128 0.0424908
104 12 64 128 0.0149541
201 12 64 128 0.0100177
230 12 64 128 0.0105752
1 13 64 128 0.0138982
2 13 64 128 0.125675
3 13 64 128 0.346014
4 13 64 128 0.488232
5 13 64 128 0.424029
6 13 64 128 0.35697
7 13 64 128 0.319736
8 13 64 128 0.350687
9 13 64 128 0.500628
10 13 64 128 0.609869
11 13 64 128 0.354334
12 13 64 128 0.174332
13 13 64 128 0.0868318
32 13 64 128 0.014708
33 13 64 128 0.0208664
34 13 64 128 0.035195
35 13 64 128 0.0683148
36 13 64 128 0.0488499
37 13 64 128 0.0449314
38 13 64 128 0.0413223
39 13 64 128 0.021479
40 13 64 128 0.0161349
84 13 64 128 0.0185237
85 13 64 128 0.0544818
86 13 64 128 0.116385
87 13 64 128 0.286725
88 13 64 128 0.448567
89 13 64 128 0.560162
90 13 64 128 0.731011
91 13 64 128 0.847706
92 13 64 128 0.902155
93 13 64 128 0.933354
94 13 64 128 0.958536
95 13 64 128 0.970345
96 13 64 128 0.968038
97 13 64 128 0.929864
98 13 64 128 0.701019
99 13 64 128 0.366226
100 13 64 128 0.218955
101 13 64 128 0.143769
102 13 64 128 0.0915148
103 13 64 128 0.0487026
104 13 64 128 0.0163307
1 14 64 128 0.014994
2 14 64 128 0.10152
3 14 64 128 0.303623
4 14 64 128 0.431557
5 14 64 128 0.340906
6 14 64 128 0.301086
7 14 64 128 0.25537
8 14 64 128 0.296833
9 14 64 128 0.447363
10 14 64 128 0.499647
11 14 64 128 0.313323
12 14 64 128 0.163361
13 14 64 128 0.0758462
14 14 64 128 0.0119976
32 14 64 128 0.0138957
33 14 64 128 0.0204057
34 14 64 128 0.0328865
35 14 64 128 0.0576846
36 14 64 128 0.0412238
37 14 64 128 0.0349104
38 14 64 128 0.0312062
39 14 64 128 0.0173091
40 14 64 128 0.0125251
84 14 64 128 0.0132521
85 14 64 128 0.0387362
86 14 64 128 0.0850129
87 14 64 128 0.219727
88 14 64 128 0.365005
89 14 64 128 0.50062
90 14 64 128 0.700362
91 14 64 128 0.835183
92 14 64 128 0.891723
93 14 64 128 0.92454
94 14 64 128 0.957253
95 14 64 128 0.971152
96 14 64 128 0.96985
97 14 64 128 0.928002
98 14 64 128 0.691378
99 14 64 128 0.354615
100 14 64 128 0.216053
101 14 64 128 0.143951
102 14 64 128 0.0904644
103 14 64 128 0.047151
104 14 64 128 0.0156169
1 15 64 128 0.0177685
2 15 64 128 0.0713809
3 15 64 128 0.247984
4 15 64 128 0.365557
5 15 64 128 0.254859
6 15 64 128 0.238187
7 15 64 128 0.175891
8 15 64 128 0.225493
9 15 64 128 0.376806
10 15 64 128 0.369709
11 15 64 128 0.25666
12 15 64 128 0.138053
13 15 64 128 0.0564674
14 15 64 128 0.0165137
32 15 64 128 0.012046
33 15 64 128 0.0190753
34 15 64 128 0.0283827
35 15 64 128 0.0410248
36 15 64 128 0.0302862
37 15 64 128 0.021418
38 15 64 128 0.0175256
39 15 64 128 0.011706
85 15 64 128 0.021598
86 15 64 128 0.0503326
87 15 64 128 0.150276
88 15 64 128 0.281886
89 15 64 128 0.442361
90 15 64 128 0.669394
91 15 64 128 0.823699
92 15 64 128 0.883488
93 15 64 128 0.91699
94 15 64 128 0.955685
95 15 64 128 0.971173
96 15 64 128 0.97096
97 15 64 128 0.922958
98 15 64 128 0.677067
99 15 64 128 0.339829
100 15 64 128 0.211051
101 15 64 128 0.143955
102 15 64 128 0.0898225
103 15 64 128 0.0456908
104 15 64 128 0.0149938
1 16 64 128 0.0176667
2 16 64 128 0.0557135
3 16 64 128 0.211548
4 16 64 128 0.3173
5 16 64 128 0.203615
6 16 64 128 0.191268
7 16 64 128 0.131948
8 16 64 128 0.178118
9 16 64 128 0.33066
10 16 64 128 0.33533
11 16 64 128 0.224559
12 16 64 128 0.116666
13 16 64 128 0.0503087
14 16 64 128 0.0174725
32 16 64 128 0.010526
33 16 64 128 0.0159478
34 16 64 128 0.0210358
35 16 64 128 0.0283257
36 16 64 128 0.0201383
37 16 64 128 0.0125093
85 16 64 128 0.0186393
86 16 64 128 0.0435038
87 16 64 128 0.13563
88 16 64 128 0.25687
89 16 64 128 0.416734
90 16 64 128 0.660347
91 16 64 128 0.825801
92 16 64 128 0.890517
93 16 64 128 0.923962
94 16 64 128 0.959338
95 16 64 128 0.97335
96 16 64 128 0.973603
97 16 64 128 0.927679
98 16 64 128 0.697541
99 16 64 128 0.375642
100 16 64 128 0.235395
101 16 64 128 0.163456
102 16 64 128 0.104487
103 16 64 128 0.0523751
104 16 64 128 0.0167089
232 16 64 128 0.0100461
1 17 64 128 0.0157484
2 17 64 128 0.0492285
3 17 64 128 0.183998
4 17 64 128 0.274576
5 17 64 128 0.172495
6 17 64 128 0.154696
7 17 64 128 0.111168
8 17 64 128 0.146751
9 17 64 128 0.290898
10 17 64 128 0.338296
11 17 64 128 0.202747
12 17 64 128 0.0987852
13 17 64 128 0.0503909
14 17 64 128 0.0156065
33 17 64 128 0.0120136
34 17 64 128 0.0135236
35 17 64 128 0.019713
36 17 64 128 0.012317
85 17 64 128 0.0219302
86 17 64 128 0.0483447
87 17 64 128 0.14151
88 17 64 128 0.249667
89 17 64 128 0.39418
90 17 64 128 0.646851
91 17 64 128 0.818802
92 17 64 128 0.892792
93 17 64 128 0.931125
94 17 64 128 0.962586
95 17 64 128 0.975642
96 17 64 128 0.975555
97 17 64 128 0.932862
98 17 64 128 0.724623
99 17 64 128 0.42198
100 17 64 128 0.263917
101 17 64 128 0.183092
102 17 64 128 0.119798
103 17 64 128 0.0603844
104 17 64 128 0.0188607
232 17 64 128 0.0102306
233 17 64 128 0.0103735
1 18 64 128 0.0144829
2 18 64 128 0.0403627
3 18 64 128 0.145296
4 18 64 128 0.21681
5 18 64 128 0.134385
6 18 64 128 0.115924
7 18 64 128 0.0853058
8 18 64 128 0.111037
9 18 64 128 0.226587
10 18 64 128 0.281334
11 18 64 128 0.164276
12 18 64 128 0.0790841
13 18 64 128 0.0429394
14 18 64 128 0.0129031
35 18 64 128 0.0125701
85 18 64 128 0.0181926
86 18 64 128 0.0380355
87 18 64 128 0.113738
88 18 64 128 0.199716
89 18 64 128 0.333802
90 18 64 128 0.593934
91 18 64 128 0.774931
92 18 64 128 0.865054
93 18 64 128 0.918954
94 18 64 128 0.957704
95 18 64 128 0.974907
96 18 64 128 0.973731
97 18 64 128 0.924521
98 18 64 128 0.715769
99 18 64 128 0.419027
100 18 64 128 0.259804
101 18 64 128 0.17608
102 18 64 128 0.115476
103 18 64 128 0.0598947
104 18 64 128 0.0187119
232 18 64 128 0.0100183
233 18 64 128 0.0100667
1 19 64 128 0.0136865
2 19 64 128 0.0312382
3 19 64 128 0.103759
4 19 64 128 0.153981
5 19 64 128 0.0927458
6 19 64 128 0.0781028
7 19 64 128 0.0555448
8 19 64 128 0.0740372
9 19 64 128 0.151826
10 19 64 128 0.185253
11 19 64 128 0.115949
12 19 64 128 0.059219
13 19 64 128 0.0307672
14 19 64 128 0.0103089
86 19 64 128 0.0181322
87 19 64 128 0.0660832
88 19 64 128 0.127405
89 19 64 128 0.255237
90 19 64 128 0.518462
91 19 64 128 0.713275
92 19 64 128 0.822269
93 19 64 128 0.894818
94 19 64 128 0.947805
95 19 64 128 0.971521
96 19 64 128 0.969215
97 19 64 128 0.906431
98 19 64 128 0.681351
99 19 64 128 0.381904
100 19 64 128 0.233567
101 19 64 128 0.153172
102 19 64 128 0.0996683
103 19 64 128 0.0539639
104 19 64 128 0.0171342
1 20 64 128 0.0120202
2 20 64 128 0.0298132
3 20 64 128 0.0797738
4 20 64 128 0.109244
5 20 64 128 0.06455
6 20 64 128 0.0512542
7 20 64 128 0.0362209
8 20 64 128 0.0490951
9 20 64 128 0.100082
10 20 64 128 0.12279
11 20 64 128 0.0794508
12 20 64 128 0.0438797
13 20 64 128 0.0239196
87 20 64 128 0.0419257
88 20 64 128 0.0880558
89 20 64 128 0.203895
90 20 64 128 0.45922
91 20 64 128 0.671983
92 20 64 128 0.795819
93 20 64 128 0.877346
94 20 64 128 0.94044
95 20 64 128 0.967313
96 20 64 128 0.964776
97 20 64 128 0.889793
98 20 64 128 0.654485
99 20 64 128 0.35824
100 20 64 128 0.216216
101 20 64 128 0.141183
102 20 64 128 0.0926852
103 20 64 128 0.0511988
104 20 64 128 0.0165413
2 21 64 128 0.0338253
3 21 64 128 0.0722363
4 21 64 128 0.0850122
5 21 64 128 0.05052
6 21 64 128 0.0360519
7 21 64 128 0.0280166
8 21 64 128 0.0362331
9 21 64 128 0.0735188
10 21 64 128 0.100249
11 21 64 128 0.0579405
12 21 64 128 0.0332836
13 21 64 128 0.0222449
87 21 64 128 0.042623
88 21 64 128 0.0823201
89 21 64 128 0.179466
90 21 64 128 0.413774
91 21 64 128 0.641641
92 21 64 128 0.776992
93 21 64 128 0.862275
94 21 64 128 0.932588
95 21 64 128 0.960827
96 21 64 128 0.958783
97 21 64 128 0.870512
98 21 64 128 0.631191
99 21 64 128 0.347285
100 21 64 128 0.207822
101 21 64 128 0.139777
102 21 64 128 0.0941427
103 21 64 128 0.0513598
104 21 64 128 0.0166906
2 22 64 128 0.0338585
3 22 64 128 0.0647969
4 22 64 128 0.0688015
5 22 64 128 0.0397593
6 22 64 128 0.0264418
7 22 64 128 0.0218403
8 22 64 128 0.025975
9 22 64 128 0.0519624
10 22 64 128 0.0765144
11 22 64 128 0.041273
12 22 64 128 0.0244515
13 22 64 128 0.0183658
86 22 64 128 0.0107157
87 22 64 128 0.0396331
88 22 64 128 0.0720061
89 22 64 128 0.14932
90 22 64 128 0.350961
91 22 64 128 0.579905
92 22 64 128 0.729356
93 22 64 128 0.829553
94 22 64 128 0.913997
95 22 64 128 0.948441
96 22 64 128 0.94665
97 22 64 128 0.834046
98 22 64 128 0.581674
99 22 64 128 0.314262
100 22 64 128 0.186663
101 22 64 128 0.129444
102 22 64 128 0.089023
103 22 64 128 0.0479616
104 22 64 128 0.0154772
2 23 64 128 0.0285925
3 23 64 128 0.0525799
4 23 64 128 0.0545582
5 23 64 128 0.0282612
6 23 64 128 0.0189881
7 23 64 128 0.0142669
8 23 64 128 0.0151058
9 23 64 128 0.0288061
10 23 64 128 0.0403215
11 23 64 128 0.0255339
12 23 64 128 0.0162468
13 23 64 128 0.0107791
87 23 64 128 0.0253502
88 23 64 128 0.0473232
89 23 64 128 0.108436
90 23 64 128 0.275459
91 23 64 128 0.490931
92 23 64 128 0.656747
93 23 64 128 0.78354
94 23 64 128 0.887351
95 23 64 128 0.932661
96 23 64 128 0.930315
97 23 64 128 0.784649
98 23 64 128 0.50963
99 23 64 128 0.258818
100 23 64 128 0.152356
101 23 64 128 0.10773
102 23 64 128 0.0747117
103 23 64 128 0.0401477
104 23 64 128 0.0128425
2 24 64 128 0.0255978
3 24 64 128 0.0434642
4 24 64 128 0.0435573
5 24 64 128 0.0197502
6 24 64 128 0.0132655
9 24 64 128 0.0126474
10 24 64 128 0.0137989
11 24 64 128 0.0138725
87 24 64 128 0.0154998
88 24 64 128 0.0300836
89 24 64 128 0.0823197
90 24 64 128 0.231078
91 24 64 128 0.429607
92 24 64 128 0.606867
93 24 64 128 0.75509
94 24 64 128 0.869348
95 24 64 128 0.922586
96 24 64 128 0.918774
97 24 64 128 0.746971
98 24 64 128 0.455341
99 24 64 128 0.218472
100 24 64 128 0.127997
101 24 64 128 0.0910305
102 24 64 128 0.0623306
103 24 64 128 0.0332836
104 24 64 128 0.0109735
1 25 64 128 0.0108342
2 25 64 128 0.0272181
3 25 64 128 0.0399007
4 25 64 128 0.0356225
5 25 64 128 0.0155361
87 25 64 128 0.0165621
88 25 64 128 0.0291634
89 25 64 128 0.0792406
90 25 64 128 0.228477
91 25 64 128 0.412262
92 25 64 128 0.590489
93 25 64 128 0.747614
94 25 64 128 0.862855
95 25 64 128 0.919128
96 25 64 128 0.913912
97 25 64 128 0.726942
98 25 64 128 0.430558
99 25 64 128 0.206807
100 25 64 128 0.121359
101 25 64 128 0.0854834
102 25 64 128 0.056761
103 25 64 128 0.0297203
104 25 64 128 0.0106142
1 26 64 128 0.0109687
2 26 64 128 0.026574
3 26 64 128 0.0344741
4 26 64 128 0.0276219
5 26 64 128 0.0123705
87 26 64 128 0.0180749
88 26 64 128 0.0298193
89 26 64 128 0.0769539
90 26 64 128 0.221225
91 26 64 128 0.3884
92 26 64 128 0.554784
93 26 64 128 0.717774
94 26 64 128 0.847107
95 26 64 128 0.909362
96 26 64 128 0.905467
97 26 64 128 0.698386
98 26 64 128 0.397657
99 26 64 128 0.19539
100 26 64 128 0.113384
101 26 64 128 0.0790169
102 26 64 128 0.051613
103 26 64 128 0.0263983
2 27 64 128 0.0198021
3 27 64 128 0.0231763
4 27 64 128 0.0180173
87 27 64 128 0.0132529
88 27 64 128 0.0223559
89 27 64 128 0.0616252
90 27 64 128 0.182562
91 27 64 128 0.330494
92 27 64 128 0.475755
93 27 64 128 0.647712
94 27 64 128 0.812818
95 27 64 128 0.88769
96 27 64 128 0.887252
97 27 64 128 0.647419
98 27 64 128 0.33617
99 27 64 128 0.165965
100 27 64 128 0.0923905
101 27 64 128 0.0641503
102 27 64 128 0.0426179
103 27 64 128 0.0213281
2 28 64 128 0.0126323
3 28 64 128 0.0127094
88 28 64 128 0.0149984
89 28 64 128 0.0472625
90 28 64 128 0.147604
91 28 64 128 0.283311
92 28 64 128 0.415518
93 28 64 128 0.593515
94 28 64 128 0.784578
95 28 64 128 0.86987
96 28 64 128 0.865953
97 28 64 128 0.597992
98 28 64 128 0.27949
99 28 64 128 0.135125
100 28 64 128 0.0711433
101 28 64 128 0.048958
102 28 64 128 0.0333444
103 28 64 128 0.0164108
2 29 64 128 0.0102285
88 29 64 128 0.0155003
89 29 64 128 0.0467717
90 29 64 128 0.147383
91 29 64 128 0.284558
92 29 64 128 0.423826
93 29 64 128 0.599921
94 29 64 128 0.782509
95 29 64 128 0.868581
96 29 64 128 0.848691
97 29 64 128 0.571371
98 29 64 128 0.25658
99 29 64 128 0.119167
100 29 64 128 0.0617193
101 29 64 128 0.0411634
102 29 64 128 0.0274
103 29 64 128 0.0134709
87 30 64 128 0.0117161
88 30 64 128 0.0191325
89 30 64 128 0.0522276
90 30 64 128 0.160287
91 30 64 128 0.301526
92 30 64 128 0.451149
93 30 64 128 0.62357
94 30 64 128 0.789187
95 30 64 128 0.871828
96 30 64 128 0.836613
97 30 64 128 0.555894
98 30 64 128 0.247164
99 30 64 128 0.112536
100 30 64 128 0.0590063
101 30 64 128 0.0378833
102 30 64 128 0.0238885
103 30 64 128 0.0117253
87 31 64 128 0.011664
88 31 64 128 0.0195646
89 31 64 128 0.0530571
90 31 64 128 0.158709
91 31 64 128 0.294086
92 31 64 128 0.438067
93 31 64 128 0.611978
94 31 64 128 0.782771
95 31 64 128 0.864966
96 31 64 128 0.8289
97 31 64 128 0.535094
98 31 64 128 0.224656
99 31 64 128 0.105597
100 31 64 128 0.0548868
101 31 64 128 0.0343481
102 31 64 128 0.021027
87 32 64 128 0.0112108
88 32 64 128 0.0193651
89 32 64 128 0.0536862
90 32 64 128 0.1573
91 32 64 128 0.282319
92 32 64 128 0.413553
93 32 64 128 0.588923
94 32 64 128 0.770643
95 32 64 128 0.854147
96 32 64 128 0.82153
97 32 64 128 0.512396
98 32 64 128 0.197617
99 32 64 128 0.0963795
100 32 64 128 0.048538
101 32 64 128 0.0300902
102 32 64 128 0.01833
87 33 64 128 0.0147513
88 33 64 128 0.0236764
89 33 64 128 0.0628293
90 33 64 128 0.182569
91 33 64 128 0.303826
92 33 64 128 0.432996
93 33 64 128 0.601323
94 33 64 128 0.769266
95 33 64 128 0.851652
96 33 64 128 0.809783
97 33 64 128 0.497259
98 33 64 128 0.185245
99 33 64 128 0.0859389
100 33 64 128 0.0418229
101 33 64 128 0.0261761
102 33 64 128 0.0158132
87 34 64 128 0.0195573
88 34 64 128 0.0291628
89 34 64 128 0.0743921
90 34 64 128 0.217052
91 34 64 128 0.339907
92 34 64 128 0.476234
93 34 64 128 0.634422
94 34 64 128 0.77373
95 34 64 128 0.85111
96 34 64 128 0.7943
97 34 64 128 0.483062
98 34 64 128 0.178116
99 34 64 128 0.0763335
100 34 64 128 0.0355395
101 34 64 128 0.0225298
102 34 64 128 0.0135382
87 35 64 128 0.0191546
88 35 64 128 0.0280382
89 35 64 128 0.0744801
90 35 64 128 0.220055
91 35 64 128 0.34178
92 35 64 128 0.482228
93 35 64 128 0.639853
94 35 64 128 0.767446
95 35 64 128 0.836346
96 35 64 128 0.778697
97 35 64 128 0.454765
98 35 64 128 0.151618
99 35 64 128 0.0700155
100 35 64 128 0.0298664
101 35 64 128 0.018464
102 35 64 128 0.0115879
87 36 64 128 0.0149168
88 36 64 128 0.0220168
89 36 64 128 0.0652868
90 36 64 128 0.19734
91 36 64 128 0.313937
92 36 64 128 0.452069
93 36 64 128 0.615592
94 36 64 128 0.749457
95 36 64 128 0.811807
96 36 64 128 0.763546
97 36 64 128 0.415673
98 36 64 128 0.110368
99 36 64 128 0.0659655
100 36 64 128 0.0251071
101 36 64 128 0.0143811
87 37 64 128 0.014984
88 37 64 128 0.0210105
89 37 64 128 0.0629411
90 37 64 128 0.194896
91 37 64 128 0.307082
92 37 64 128 0.440899
93 37 64 128 0.600073
94 37 64 128 0.732519
95 37 64 128 0.799722
96 37 64 128 0.746767
97 37 64 128 0.38498
98 37 64 128 0.0842618
99 37 64 128 0.0601937
100 37 64 128 0.0216691
101 37 64 128 0.0116199
87 38 64 128 0.0207519
88 38 64 128 0.0270809
89 38 64 128 0.0722865
90 38 64 128 0.225145
91 38 64 128 0.335501
92 38 64 128 0.464462
93 38 64 128 0.606624
94 38 64 128 0.723655
95 38 64 128 0.804637
96 38 64 128 0.728694
97 38 64 128 0.368804
98 38 64 128 0.0808569
99 38 64 128 0.0520396
100 38 64 128 0.0194423
101 38 64 128 0.0104406
87 39 64 128 0.024513
88 39 64 128 0.0316816
89 39 64 128 0.0828056
90 39 64 128 0.25486
91 39 64 128 0.363805
92 39 64 128 0.484595
93 39 64 128 0.613944
94 39 64 128 0.721755
95 39 64 128 0.807182
96 39 64 128 0.71292
97 39 64 128 0.355438
98 39 64 128 0.0773526
99 39 64 128 0.0453262
100 39 64 128 0.0176352
87 40 64 128 0.0246274
88 40 64 128 0.0336599
89 40 64 128 0.0926544
90 40 64 128 0.273921
91 40 64 128 0.379127
92 40 64 128 0.48779
93 40 64 128 0.615491
94 40 64 128 0.725855
95 40 64 128 0.798283
96 40 64 128 0.700539
97 40 64 128 0.337309
98 40 64 128 0.0613741
99 40 64 128 0.041757
100 40 64 128 0.015654
87 41 64 128 0.0326835
88 41 64 128 0.0479168
89 41 64 128 0.119213
90 41 64 128 0.324054
91 41 64 128 0.419838
92 41 64 128 0.516559
93 41 64 128 0.638578
94 41 64 128 0.736371
95 41 64 128 0.792437
96 41 64 128 0.687259
97 41 64 128 0.317423
98 41 64 128 0.0452556
99 41 64 128 0.0382379
100 41 64 128 0.013388
87 42 64 128 0.0540786
88 42 64 128 0.0804848
89 42 64 128 0.168801
90 42 64 128 0.424109
91 42 64 128 0.504725
92 42 64 128 0.591246
93 42 64 128 0.693121
94 42 64 128 0.749505
95 42 64 128 0.796082
96 42 64 128 0.66699
97 42 64 128 0.297374
98 42 64 128 0.0383169
99 42 64 128 0.0324559
100 42 64 128 0.0108905
85 43 64 128 0.0113272
86 43 64 128 0.0124109
87 43 64 128 0.0705156
88 43 64 128 0.104494
89 43 64 128 0.207002
90 43 64 128 0.50431
91 43 64 128 0.574248
92 43 64 128 0.644235
93 43 64 128 0.723648
94 43 64 128 0.748078
95 43 64 128 0.782517
96 43 64 128 0.630074
97 43 64 128 0.270659
98 43 64 128 0.0317731
99 43 64 128 0.026211
85 44 64 128 0.0109899
86 44 64 128 0.0141587
87 44 64 128 0.0667184
88 44 64 128 0.0978702
89 44 64 128 0.204907
90 44 64 128 0.503754
91 44 64 128 0.575594
92 44 64 128 0.616493
93 44 64 128 0.683738
94 44 64 128 0.720101
95 44 64 128 0.731044
96 44 64 128 0.5719
97 44 64 128 0.232708
98 44 64 128 0.0169873
99 44 64 128 0.0215881
85 45 64 128 0.0115814
86 45 64 128 0.0169782
87 45 64 128 0.0638479
88 45 64 128 0.0920306
89 45 64 128 0.197798
90 45 64 128 0.4861
91 45 64 128 0.560634
92 45 64 128 0.571544
93 45 64 128 0.630976
94 45 64 128 0.691025
95 45 64 128 0.680532
96 45 64 128 0.515549
97 45 64 128 0.195788
99 45 64 128 0.0182588
85 46 64 128 0.0181493
86 46 64 128 0.0240244
87 46 64 128 0.0885559
88 46 64 128 0.126799
89 46 64 128 0.232196
90 46 64 128 0.536964
91 46 64 128 0.600296
92 46 64 128 0.594815
93 46 64 128 0.640858
94 46 64 128 0.691892
95 46 64 128 0.678471
96 46 64 128 0.487758
97 46 64 128 0.174882
99 46 64 128 0.0153148
85 47 64 128 0.026066
86 47 64 128 0.0328492
87 47 64 128 0.124604
88 47 64 128 0.181708
89 47 64 128 0.291291
90 47 64 128 0.620157
91 47 64 128 0.667847
92 47 64 128 0.65423
93 47 64 128 0.683883
94 47 64 128 0.709278
95 47 64 128 0.69947
96 47 64 128 0.478621
97 47 64 128 0.166524
99 47 64 128 0.0130018
85 48 64 128 0.0269914
86 48 64 128 0.0387042
87 48 64 128 0.13855
88 48 64 128 0.21149
89 48 64 128 0.331308
90 48 64 128 0.649374
91 48 64 128 0.695732
92 48 64 128 0.668981
93 48 64 128 0.687172
94 48 64 128 0.710849
95 48 64 128 0.688171
96 48 64 128 0.462356
97 48 64 128 0.158955
99 48 64 128 0.0120007
85 49 64 128 0.0235255
86 49 64 128 0.0411805
87 49 64 128 0.135548
88 49 64 128 0.216869
89 49 64 128 0.344722
90 49 64 128 0.631132
91 49 64 128 0.682335
92 49 64 128 0.64264
93 49 64 128 0.655458
94 49 64 128 0.690005
95 49 64 128 0.644981
96 49 64 128 0.430485
97 49 64 128 0.145137
99 49 64 128 0.0115896
85 50 64 128 0.0256312
86 50 64 128 0.0428387
87 50 64 128 0.146854
88 50 64 128 0.229921
89 50 64 128 0.349125
90 50 64 128 0.635202
91 50 64 128 0.671387
92 50 64 128 0.636465
93 50 64 128 0.646433
94 50 64 128 0.658221
95 50 64 128 0.608679
96 50 64 128 0.386963
97 50 64 128 0.121725
99 50 64 128 0.0101157
85 51 64 128 0.0325992
86 51 64 128 0.04317
87 51 64 128 0.168894
88 51 64 128 0.247093
89 51 64 128 0.343655
90 51 64 128 0.658881
91 51 64 128 0.665009
92 51 64 128 0.650175
93 51 64 128 0.658801
94 51 64 128 0.620063
95 51 64 128 0.583943
96 51 64 128 0.337906
97 51 64 128 0.0933439
85 52 64 128 0.0323702
86 52 64 128 0.0384032
87 52 64 128 0.161066
88 52 64 128 0.226898
89 52 64 128 0.307688
90 52 64 128 0.622221
91 52 64 128 0.620763
92 52 64 128 0.617784
93 52 64 128 0.628357
94 52 64 128 0.572507
95 52 64 128 0.538875
96 52 64 128 0.291431
97 52 64 128 0.0728665
85 53 64 128 0.0215793
86 53 64 128 0.0286052
87 53 64 128 0.114962
88 53 64 128 0.164009
89 53 64 128 0.245075
90 53 64 128 0.51237
91 53 64 128 0.534421
92 53 64 128 0.52883
93 53 64 128 0.54539
94 53 64 128 0.521529
95 53 64 128 0.470943
96 53 64 128 0.255076
97 53 64 128 0.0653468
85 54 64 128 0.0115302
86 54 64 128 0.0201827
87 54 64 128 0.0760992
88 54 64 128 0.113374
89 54 64 128 0.19999
90 54 64 128 0.428841
91 54 64 128 0.465789
92 54 64 128 0.465969
93 54 64 128 0.491458
94 54 64 128 0.487957
95 54 64 128 0.426989
96 54 64 128 0.235285
97 54 64 128 0.0627944
86 55 64 128 0.017056
87 55 64 128 0.0718727
88 55 64 128 0.107183
89 55 64 128 0.195684
90 55 64 128 0.427307
91 55 64 128 0.44997
92 55 64 128 0.475291
93 55 64 128 0.511333
94 55 64 128 0.484033
95 55 64 128 0.432455
96 55 64 128 0.234137
97 55 64 128 0.060129
86 56 64 128 0.0157626
87 56 64 128 0.0742122
88 56 64 128 0.109559
89 56 64 128 0.196082
90 56 64 128 0.433146
91 56 64 128 0.448482
92 56 64 128 0.49433
93 56 64 128 0.541092
94 56 64 128 0.498023
95 56 64 128 0.450339
96 56 64 128 0.243384
97 56 64 128 0.0621219
86 57 64 128 0.0128487
87 57 64 128 0.0572085
88 57 64 128 0.0874306
89 57 64 128 0.169372
90 57 64 128 0.380645
91 57 64 128 0.423517
92 57 64 128 0.467086
93 57 64 128 0.523716
94 57 64 128 0.514525
95 57 64 128 0.446829
96 57 64 128 0.253314
97 57 64 128 0.0713587
38 58 64 128 0.010852
39 58 64 128 0.0112631
87 58 64 128 0.0343143
88 58 64 128 0.0566217
89 58 64 128 0.133244
90 58 64 128 0.311077
91 58 64 128 0.381184
92 58 64 128 0.423063
93 58 64 128 0.489416
94 58 64 128 0.517705
95 58 64 128 0.435292
96 58 64 128 0.254471
97 58 64 128 0.076606
37 59 64 128 0.0118318
38 59 64 128 0.0149916
39 59 64 128 0.0159562
40 59 64 128 0.010542
87 59 64 128 0.0244187
88 59 64 128 0.0400988
89 59 64 128 0.111952
90 59 64 128 0.27827
91 59 64 128 0.335676
92 59 64 128 0.402155
93 59 64 128 0.479038
94 59 64 128 0.495857
95 59 64 128 0.435175
96 59 64 128 0.240152
97 59 64 128 0.0668498
36 60 64 128 0.0103157
37 60 64 128 0.0140563
38 60 64 128 0.0181456
39 60 64 128 0.0195133
40 60 64 128 0.0144426
87 60 64 128 0.0229964
88 60 64 128 0.0341016
89 60 64 128 0.0986534
90 60 64 128 0.259038
91 60 64 128 0.287237
92 60 64 128 0.384844
93 60 64 128 0.472977
94 60 64 128 0.462725
95 60 64 128 0.435259
96 60 64 128 0.219863
97 60 64 128 0.0521171
36 61 64 128 0.0105159
37 61 64 128 0.0144186
38 61 64 128 0.0185544
39 61 64 128 0.0201831
40 61 64 128 0.0152941
41 61 64 128 0.0104625
87 61 64 128 0.0180233
88 61 64 128 0.0261176
89 61 64 128 0.0769642
90 61 64 128 0.207523
91 61 64 128 0.231968
92 61 64 128 0.33479
93 61 64 128 0.434329
94 61 64 128 0.439303
95 61 64 128 0.415972
96 61 64 128 0.207883
97 61 64 128 0.0484925
36 62 64 128 0.0102703
37 62 64 128 0.0137251
38 62 64 128 0.0172689
39 62 64 128 0.018894
40 62 64 128 0.0141816
41 62 64 128 0.010829
88 62 64 128 0.0156099
89 62 64 128 0.050752
90 62 64 128 0.137621
91 62 64 128 0.176452
92 62 64 128 0.268357
93 62 64 128 0.377954
94 62 64 128 0.424368
95 62 64 128 0.388206
96 62 64 128 0.205916
97 62 64 128 0.0543857
37 63 64 128 0.013761
38 63 64 128 0.0168003
39 63 64 128 0.0179809
40 63 64 128 0.0142065
41 63 64 128 0.0108011
89 63 64 128 0.0346852
90 63 64 128 0.0950205
91 63 64 128 0.132697
92 63 64 128 0.229503
93 63 64 128 0.345881
94 63 64 128 0.404785
95 63 64 128 0.378742
96 63 64 128 0.208577
97 63 64 128 0.0586036
37 64 64 128 0.0142275
38 64 64 128 0.0170886
39 64 64 128 0.0175818
40 64 64 128 0.0150444
41 64 64 128 0.0103171
89 64 64 128 0.0296322
90 64 64 128 0.0834637
91 64 64 128 0.102715
92 64 64 128 0.217301
93 64 64 128 0.337233
94 64 64 128 0.38134
95 64 64 128 0.387312
96 64 64 128 0.212145
97 64 64 128 0.0588295
98 64 64 128 0.0117882
37 65 64 128 0.0130746
38 65 64 128 0.0158983
39 65 64 128 0.015971
40 65 64 128 0.013486
89 65 64 128 0.0246972
90 65 64 128 0.0709348
91 65 64 128 0.0799526
92 65 64 128 0.192822
93 65 64 128 0.314776
94 65 64 128 0.366535
95 65 64 128 0.390689
96 65 64 128 0.214404
97 65 64 128 0.0603265
98 65 64 128 0.0150283
38 66 64 128 0.0127304
39 66 64 128 0.0127656
89 66 64 128 0.0159607
90 66 64 128 0.046161
91 66 64 128 0.0603917
92 66 64 128 0.146871
93 66 64 128 0.268664
94 66 64 128 0.359806
95 66 64 128 0.38124
96 66 64 128 0.213244
97 66 64 128 0.0633755
98 66 64 128 0.0159074
90 67 64 128 0.0258659
91 67 64 128 0.0436221
92 67 64 128 0.109795
93 67 64 128 0.225547
94 67 64 128 0.343452
95 67 64 128 0.372179
96 67 64 128 0.206645
97 67 64 128 0.0615948
98 67 64 128 0.0172343
99 67 64 128 0.0100181
90 68 64 128 0.0191991
91 68 64 128 0.0299097
92 68 64 128 0.0963896
93 68 64 128 0.199791
94 68 64 128 0.310116
95 68 64 128 0.36759
96 68 64 128 0.194118
97 68 64 128 0.0529049
98 68 64 128 0.0199915
230 68 64 128 0.0105115
231 68 64 128 0.0130992
232 68 64 128 0.0141581
233 68 64 128 0.0123068
90 69 64 128 0.0171487
91 69 64 128 0.0203692
92 69 64 128 0.086426
93 69 64 128 0.17744
94 69 64 128 0.274584
95 69 64 128 0.351293
96 69 64 128 0.178122
97 69 64 128 0.0443737
98 69 64 128 0.0211001
230 69 64 128 0.0157084
231 69 64 128 0.0195425
232 69 64 128 0.0206273
233 69 64 128 0.0174016
90 70 64 128 0.0121041
91 70 64 128 0.0153312
92 70 64 128 0.0650091
93 70 64 128 0.148192
94 70 64 128 0.248609
95 70 64 128 0.313899
96 70 64 128 0.160998
97 70 64 128 0.0411327
98 70 64 128 0.0187049
230 70 64 128 0.0203736
231 70 64 128 0.0254765
232 70 64 128 0.0244229
233 70 64 128 0.0182577
91 71 64 128 0.0125014
92 71 64 128 0.0450324
93 71 64 128 0.122263
94 71 64 128 0.227378
95 71 64 128 0.27313
96 71 64 128 0.14374
97 71 64 128 0.0394355
98 71 64 128 0.0159768
229 71 64 128 0.0108615
230 71 64 128 0.024384
231 71 64 128 0.0311354
232 71 64 128 0.0278935
233 71 64 128 0.018857
92 72 64 128 0.0399078
93 72 64 128 0.110196
94 72 64 128 0.205617
95 72 64 128 0.247808
96 72 64 128 0.127983
97 72 64 128 0.0354288
98 72 64 128 0.0160221
229 72 64 128 0.0111897
230 72 64 128 0.0276181
231 72 64 128 0.0365871
232 72 64 128 0.0331334
233 72 64 128 0.0228712
234 72 64 128 0.0123181
92 73 64 128 0.0412468
93 73 64 128 0.106187
94 73 64 128 0.190321
95 73 64 128 0.238246
96 73 64 128 0.119554
97 73 64 128 0.0324991
98 73 64 128 0.0172571
229 73 64 128 0.0102826
230 73 64 128 0.0289221
231 73 64 128 0.0395825
232 73 64 128 0.0366982
233 73 64 128 0.0262863
234 73 64 128 0.0148987
92 74 64 128 0.036279
93 74 64 128 0.100724
94 74 64 128 0.189634
95 74 64 128 0.238885
96 74 64 128 0.12356
97 74 64 128 0.0349944
98 74 64 128 0.0171043
230 74 64 128 0.0270858
231 74 64 128 0.0376288
232 74 64 128 0.0342835
233 74 64 128 0.0237987
234 74 64 128 0.0135393
92 75 64 128 0.0275498
93 75 64 128 0.0926233
94 75 64 128 0.193113
95 75 64 128 0.240852
96 75 64 128 0.130325
97 75 64 128 0.0384426
98 75 64 128 0.0158915
230 75 64 128 0.0227645
231 75 64 128 0.03154
232 75 64 128 0.0273898
233 75 64 128 0.0174371
92 76 64 128 0.0238678
93 76 64 128 0.0844561
94 76 64 128 0.183564
95 76 64 128 0.234651
96 76 64 128 0.124853
97 76 64 128 0.035128
98 76 64 128 0.0151636
230 76 64 128 0.017446
231 76 64 128 0.0236291
232 76 64 128 0.0200055
233 76 64 128 0.0122713
92 77 64 128 0.0245516
93 77 64 128 0.0781087
94 77 64 128 0.1662
95 77 64 128 0.222296
96 77 64 128 0.110559
97 77 64 128 0.0274696
98 77 64 128 0.0150376
230 77 64 128 0.0123572
231 77 64 128 0.0160487
232 77 64 128 0.0139926
92 78 64 128 0.0225708
93 78 64 128 0.0748725
94 78 64 128 0.160933
95 78 64 128 0.213329
96 78 64 128 0.103057
97 78 64 128 0.024596
98 78 64 128 0.0146572
231 78 64 128 0.0107597
92 79 64 128 0.0170184
93 79 64 128 0.0733807
94 79 64 128 0.166848
95 79 64 128 0.206379
96 79 64 128 0.10381
97 79 64 128 0.0276496
98 79 64 128 0.0136729
92 80 64 128 0.0134044
93 80 64 128 0.0695692
94 80 64 128 0.161408
95 80 64 128 0.18879
96 80 64 128 0.0995069
97 80 64 128 0.0294218
98 80 64 128 0.0122804
92 81 64 128 0.0136778
93 81 64 128 0.0619883
94 81 64 128 0.137469
95 81 64 128 0.158805
96 81 64 128 0.0852325
97 81 64 128 0.0263564
98 81 64 128 0.0106513
92 82 64 128 0.0138114
93 82 64 128 0.0534335
94 82 64 128 0.113293
95 82 64 128 0.132339
96 82 64 128 0.0701448
97 82 64 128 0.0211591
92 83 64 128 0.0112332
93 83 64 128 0.0458936
94 83 64 128 0.100269
95 83 64 128 0.117726
96 83 64 128 0.0599983
97 83 64 128 0.0162047
93 84 64 128 0.0385917
94 84 64 128 0.0884131
95 84 64 128 0.101805
96 84 64 128 0.0496592
97 84 64 128 0.011815
93 85 64 128 0.0308186
94 85 64 128 0.0688656
95 85 64 128 0.0741253
96 85 64 128 0.0349298
93 86 64 128 0.0235872
94 86 64 128 0.0482848
95 86 64 128 0.0456447
96 86 64 128 0.0208547
93 87 64 128 0.0180687
94 87 64 128 0.0351644
95 87 64 128 0.0294899
96 87 64 128 0.0132845
93 88 64 128 0.0140391
94 88 64 128 0.0277941
95 88 64 128 0.0225755
96 88 64 128 0.0103076
93 89 64 128 0.0108094
94 89 64 128 0.0212055
95 89 64 128 0.0166595
94 90 64 128 0.0147252
95 90 64 128 0.0105191
