117 48 64 128 0.0129247
116 49 64 128 0.012711
117 49 64 128 0.0169421
118 49 64 128 0.0121868
112 50 64 128 0.0119421
113 50 64 128 0.0135112
114 50 64 128 0.0105574
116 50 64 128 0.0173452
117 50 64 128 0.0220344
118 50 64 128 0.0156941
107 51 64 128 0.0100206
108 51 64 128 0.0127174
109 51 64 128 0.0164658
110 51 64 128 0.0182659
111 51 64 128 0.0167968
112 51 64 128 0.0203065
113 51 64 128 0.0229047
114 51 64 128 0.0174616
115 51 64 128 0.0136377
116 51 64 128 0.0243022
117 51 64 128 0.0289558
118 51 64 128 0.0199803
106 52 64 128 0.0103774
107 52 64 128 0.0148747
108 52 64 128 0.0197849
109 52 64 128 0.0259256
110 52 64 128 0.026069
111 52 64 128 0.0256295
112 52 64 128 0.0310698
113 52 64 128 0.0332062
114 52 64 128 0.0247666
115 52 64 128 0.0192506
116 52 64 128 0.0342218
117 52 64 128 0.0389777
118 52 64 128 0.0255471
119 52 64 128 0.0101248
106 53 64 128 0.0147949
107 53 64 128 0.0216799
108 53 64 128 0.0307327
109 53 64 128 0.0395443
110 53 64 128 0.0342358
111 53 64 128 0.0368966
112 53 64 128 0.0458358
113 53 64 128 0.0463939
114 53 64 128 0.0339908
115 53 64 128 0.0271302
116 53 64 128 0.0493083
117 53 64 128 0.0548551
118 53 64 128 0.0344519
119 53 64 128 0.0131664
106 54 64 128 0.0192984
107 54 64 128 0.0313028
108 54 64 128 0.046876
109 54 64 128 0.0597354
110 54 64 128 0.051971
111 54 64 128 0.055314
112 54 64 128 0.069751
113 54 64 128 0.0714626
114 54 64 128 0.0523039
115 54 64 128 0.0422098
116 54 64 128 0.0742489
117 54 64 128 0.0816479
118 54 64 128 0.0511921
119 54 64 128 0.0196204
106 55 64 128 0.0232134
107 55 64 128 0.0429867
108 55 64 128 0.0671751
109 55 64 128 0.086031
110 55 64 128 0.0815477
111 55 64 128 0.0814158
112 55 64 128 0.102617
113 55 64 128 0.109347
114 55 64 128 0.0810339
115 55 64 128 0.0658419
116 55 64 128 0.110116
117 55 64 128 0.120801
118 55 64 128 0.0778124
119 55 64 128 0.0311179
106 56 64 128 0.0264813
107 56 64 128 0.0519798
108 56 64 128 0.0848753
109 56 64 128 0.110734
110 56 64 128 0.106718
111 56 64 128 0.104812
112 56 64 128 0.130536
113 56 64 128 0.139959
114 56 64 128 0.106151
115 56 64 128 0.0899647
116 56 64 128 0.1487
117 56 64 128 0.164511
118 56 64 128 0.109896
119 56 64 128 0.0465355
120 56 64 128 0.0104333
106 57 64 128 0.0290637
107 57 64 128 0.0550998
108 57 64 128 0.0953316
109 57 64 128 0.128636
110 57 64 128 0.117234
111 57 64 128 0.120055
112 57 64 128 0.146436
113 57 64 128 0.151904
114 57 64 128 0.119339
115 57 64 128 0.109352
116 57 64 128 0.183488
117 57 64 128 0.206874
118 57 64 128 0.144767
119 57 64 128 0.0655372
120 57 64 128 0.0156314
106 58 64 128 0.030654
107 58 64 128 0.0573573
108 58 64 128 0.105106
109 58 64 128 0.148026
110 58 64 128 0.135981
111 58 64 128 0.146571
112 58 64 128 0.176822
113 58 64 128 0.178548
114 58 64 128 0.142574
115 58 64 128 0.134818
116 58 64 128 0.219626
117 58 64 128 0.254379
118 58 64 128 0.189978
119 58 64 128 0.0923171
120 58 64 128 0.023733
106 59 64 128 0.030922
107 59 64 128 0.0638672
108 59 64 128 0.120749
109 59 64 128 0.176726
110 59 64 128 0.184829
111 59 64 128 0.201698
112 59 64 128 0.246163
113 59 64 128 0.252511
114 59 64 128 0.198077
115 59 64 128 0.177628
116 59 64 128 0.263831
117 59 64 128 0.314503
118 59 64 128 0.252979
119 59 64 128 0.131178
120 59 64 128 0.0362609
106 60 64 128 0.0297807
107 60 64 128 0.0686771
108 60 64 128 0.132758
109 60 64 128 0.200488
110 60 64 128 0.232214
111 60 64 128 0.254716
112 60 64 128 0.318759
113 60 64 128 0.338051
114 60 64 128 0.26633
115 60 64 128 0.228876
116 60 64 128 0.315648
117 60 64 128 0.382996
118 60 64 128 0.325991
119 60 64 128 0.180613
120 60 64 128 0.0550347
121 60 64 128 0.0137587
106 61 64 128 0.0272656
107 61 64 128 0.0629681
108 61 64 128 0.127549
109 61 64 128 0.199477
110 61 64 128 0.232584
111 61 64 128 0.262324
112 61 64 128 0.342409
113 61 64 128 0.379747
114 61 64 128 0.314964
115 61 64 128 0.272971
116 61 64 128 0.371037
117 61 64 128 0.450836
118 61 64 128 0.395752
119 61 64 128 0.236165
120 61 64 128 0.0810896
121 61 64 128 0.0245486
122 61 64 128 0.0115005
106 62 64 128 0.0237304
107 62 64 128 0.0503809
108 62 64 128 0.110388
109 62 64 128 0.180045
110 62 64 128 0.199089
111 62 64 128 0.234097
112 62 64 128 0.323652
113 62 64 128 0.379614
114 62 64 128 0.338421
115 62 64 128 0.302552
116 62 64 128 0.416891
117 62 64 128 0.504975
118 62 64 128 0.4509
119 62 64 128 0.285617
120 62 64 128 0.106592
121 62 64 128 0.0369886
122 62 64 128 0.0174349
106 63 64 128 0.0197332
107 63 64 128 0.0412042
108 63 64 128 0.0966407
109 63 64 128 0.162659
110 63 64 128 0.176306
111 63 64 128 0.208224
112 63 64 128 0.300959
113 63 64 128 0.370927
114 63 64 128 0.346027
115 63 64 128 0.315126
116 63 64 128 0.436062
117 63 64 128 0.531053
118 63 64 128 0.481689
119 63 64 128 0.313086
120 63 64 128 0.119305
121 63 64 128 0.042598
122 63 64 128 0.0206295
106 64 64 128 0.0162394
107 64 64 128 0.0373438
108 64 64 128 0.0897801
109 64 64 128 0.152739
110 64 64 128 0.171212
111 64 64 128 0.194515
112 64 64 128 0.283733
113 64 64 128 0.359092
114 64 64 128 0.33918
115 64 64 128 0.31103
116 64 64 128 0.431558
117 64 64 128 0.532055
118 64 64 128 0.487666
119 64 64 128 0.316252
120 64 64 128 0.118769
121 64 64 128 0.0415475
122 64 64 128 0.020906
106 65 64 128 0.0145205
107 65 64 128 0.0335318
108 65 64 128 0.0830727
109 65 64 128 0.142764
110 65 64 128 0.158692
111 65 64 128 0.178394
112 65 64 128 0.256477
113 65 64 128 0.325811
114 65 64 128 0.312584
115 65 64 128 0.293024
116 65 64 128 0.423247
117 65 64 128 0.525489
118 65 64 128 0.476308
119 65 64 128 0.304392
120 65 64 128 0.114508
121 65 64 128 0.0413121
122 65 64 128 0.0212638
106 66 64 128 0.0143125
107 66 64 128 0.0277274
108 66 64 128 0.0736318
109 66 64 128 0.129323
110 66 64 128 0.131784
111 66 64 128 0.154648
112 66 64 128 0.217302
113 66 64 128 0.272426
114 66 64 128 0.270515
115 66 64 128 0.265286
116 66 64 128 0.413263
117 66 64 128 0.514758
118 66 64 128 0.454048
119 66 64 128 0.283921
120 66 64 128 0.109836
121 66 64 128 0.0433431
122 66 64 128 0.0222005
106 67 64 128 0.0133815
107 67 64 128 0.0223132
108 67 64 128 0.0639112
109 67 64 128 0.114805
110 67 64 128 0.108033
111 67 64 128 0.13105
112 67 64 128 0.182706
113 67 64 128 0.226295
114 67 64 128 0.229721
115 67 64 128 0.23368
116 67 64 128 0.380441
117 67 64 128 0.484661
118 67 64 128 0.42561
119 67 64 128 0.257105
120 67 64 128 0.0997282
121 67 64 128 0.0411057
122 67 64 128 0.0208924
106 68 64 128 0.0107216
107 68 64 128 0.0185357
108 68 64 128 0.0550606
109 68 64 128 0.100133
110 68 64 128 0.0957038
111 68 64 128 0.111434
112 68 64 128 0.159485
113 68 64 128 0.19949
114 68 64 128 0.198494
115 68 64 128 0.200848
116 68 64 128 0.317611
117 68 64 128 0.428402
118 68 64 128 0.391351
119 68 64 128 0.226023
120 68 64 128 0.0828772
121 68 64 128 0.0322371
122 68 64 128 0.0164752
107 69 64 128 0.0148895
108 69 64 128 0.0450373
109 69 64 128 0.0826806
110 69 64 128 0.0820336
111 69 64 128 0.0903969
112 69 64 128 0.13338
113 69 64 128 0.171278
114 69 64 128 0.167224
115 69 64 128 0.162985
116 69 64 128 0.247572
117 69 64 128 0.357776
118 69 64 128 0.343414
119 69 64 128 0.19292
120 69 64 128 0.0662078
121 69 64 128 0.0234384
122 69 64 128 0.0122866
107 70 64 128 0.0103906
108 70 64 128 0.0328755
109 70 64 128 0.0614929
110 70 64 128 0.0582647
111 70 64 128 0.0648434
112 70 64 128 0.0952959
113 70 64 128 0.12704
114 70 64 128 0.128837
115 70 64 128 0.119216
116 70 64 128 0.189549
117 70 64 128 0.284614
118 70 64 128 0.278323
119 70 64 128 0.159338
120 70 64 128 0.0547191
121 70 64 128 0.0196505
122 70 64 128 0.0106863
108 71 64 128 0.0219035
109 71 64 128 0.0418069
110 71 64 128 0.0347087
111 71 64 128 0.0416942
112 71 64 128 0.0586825
113 71 64 128 0.0815059
114 71 64 128 0.0898861
115 71 64 128 0.0795625
116 71 64 128 0.141943
117 71 64 128 0.214554
118 71 64 128 0.208461
119 71 64 128 0.124658
120 71 64 128 0.0448782
121 71 64 128 0.0174912
108 72 64 128 0.0152838
109 72 64 128 0.0286318
110 72 64 128 0.0221532
111 72 64 128 0.0276864
112 72 64 128 0.0372983
113 72 64 128 0.0509442
114 72 64 128 0.058183
115 72 64 128 0.0533553
116 72 64 128 0.100452
117 72 64 128 0.151988
118 72 64 128 0.147176
119 72 64 128 0.0889444
120 72 64 128 0.0328811
121 72 64 128 0.0131623
108 73 64 128 0.0116536
109 73 64 128 0.0205033
110 73 64 128 0.0169896
111 73 64 128 0.0199563
112 73 64 128 0.0266921
113 73 64 128 0.0332499
114 73 64 128 0.0355664
115 73 64 128 0.0371571
116 73 64 128 0.0662021
117 73 64 128 0.100862
118 73 64 128 0.0985508
119 73 64 128 0.0573486
120 73 64 128 0.0210929
109 74 64 128 0.0143701
110 74 64 128 0.0122255
111 74 64 128 0.0134323
112 74 64 128 0.0180781
113 74 64 128 0.0215142
114 74 64 128 0.0218069
115 74 64 128 0.0245017
116 74 64 128 0.0414931
117 74 64 128 0.0643245
118 74 64 128 0.0635401
119 74 64 128 0.0356078
120 74 64 128 0.0131642
112 75 64 128 0.0103563
113 75 64 128 0.0133327
114 75 64 128 0.014302
115 75 64 128 0.0143963
116 75 64 128 0.0254021
117 75 64 128 0.0404793
118 75 64 128 0.040057
119 75 64 128 0.0225703
116 76 64 128 0.015549
117 76 64 128 0.0252123
118 76 64 128 0.0246894
119 76 64 128 0.014102
117 77 64 128 0.0155328
118 77 64 128 0.0148695
302 96 64 128 0.0105665
303 96 64 128 0.0140271
304 96 64 128 0.0134616
305 96 64 128 0.0132403
301 97 64 128 0.0105045
302 97 64 128 0.0145117
303 97 64 128 0.0192553
304 97 64 128 0.0192298
305 97 64 128 0.0183732
306 97 64 128 0.0114801
300 98 64 128 0.010563
301 98 64 128 0.0142299
302 98 64 128 0.0186567
303 98 64 128 0.023261
304 98 64 128 0.0248644
305 98 64 128 0.0233914
306 98 64 128 0.0154987
300 99 64 128 0.0129769
301 99 64 128 0.0184351
302 99 64 128 0.0236668
303 99 64 128 0.0283164
304 99 64 128 0.030986
305 99 64 128 0.030318
306 99 64 128 0.0206767
307 99 64 128 0.0116992
300 100 64 128 0.0171637
301 100 64 128 0.0227256
302 100 64 128 0.0295693
303 100 64 128 0.0358585
304 100 64 128 0.0376094
305 100 64 128 0.0399458
306 100 64 128 0.0264935
307 100 64 128 0.0146574
308 100 64 128 0.0112827
299 101 64 128 0.010208
300 101 64 128 0.019829
301 101 64 128 0.0245353
302 101 64 128 0.0326263
303 101 64 128 0.0405764
304 101 64 128 0.0406651
305 101 64 128 0.0451369
306 101 64 128 0.0294552
307 101 64 128 0.0164855
308 101 64 128 0.0140486
300 102 64 128 0.0173349
301 102 64 128 0.0214856
302 102 64 128 0.0291753
303 102 64 128 0.036836
304 102 64 128 0.0363453
305 102 64 128 0.038814
306 102 64 128 0.0264274
307 102 64 128 0.016348
308 102 64 128 0.0134133
300 103 64 128 0.0128587
301 103 64 128 0.0171398
302 103 64 128 0.0240219
303 103 64 128 0.0308102
304 103 64 128 0.0313505
305 103 64 128 0.0310166
306 103 64 128 0.0231658
307 103 64 128 0.0165607
308 103 64 128 0.0123445
300 104 64 128 0.0121229
301 104 64 128 0.0171803
302 104 64 128 0.0249835
303 104 64 128 0.0328954
304 104 64 128 0.035929
305 104 64 128 0.0376961
306 104 64 128 0.0284072
307 104 64 128 0.0204258
308 104 64 128 0.0157494
300 105 64 128 0.0147347
301 105 64 128 0.0207194
302 105 64 128 0.030398
303 105 64 128 0.0405762
304 105 64 128 0.0462145
305 105 64 128 0.0534624
306 105 64 128 0.0386865
307 105 64 128 0.0260543
308 105 64 128 0.0217478
300 106 64 128 0.0163173
301 106 64 128 0.0226165
302 106 64 128 0.0324943
303 106 64 128 0.0430487
304 106 64 128 0.04938
305 106 64 128 0.0593436
306 106 64 128 0.0428258
307 106 64 128 0.0283249
308 106 64 128 0.0241619
309 106 64 128 0.0100027
300 107 64 128 0.0162916
301 107 64 128 0.0224111
302 107 64 128 0.030881
303 107 64 128 0.0403273
304 107 64 128 0.0467046
305 107 64 128 0.0569446
306 107 64 128 0.0426103
307 107 64 128 0.0287693
308 107 64 128 0.0238853
309 107 64 128 0.0106669
300 108 64 128 0.0179421
301 108 64 128 0.0243899
302 108 64 128 0.0326455
303 108 64 128 0.043365
304 108 64 128 0.0536581
305 108 64 128 0.068574
306 108 64 128 0.0528255
307 108 64 128 0.0355643
308 108 64 128 0.0289171
309 108 64 128 0.0142152
300 109 64 128 0.0214244
301 109 64 128 0.0289096
302 109 64 128 0.0389147
303 109 64 128 0.0537193
304 109 64 128 0.0714475
305 109 64 128 0.0953498
306 109 64 128 0.073382
307 109 64 128 0.0485312
308 109 64 128 0.0398342
309 109 64 128 0.0205467
310 109 64 128 0.0137499
300 110 64 128 0.0219089
301 110 64 128 0.0300709
302 110 64 128 0.0413062
303 110 64 128 0.0580154
304 110 64 128 0.0787764
305 110 64 128 0.104986
306 110 64 128 0.0808494
307 110 64 128 0.0544249
308 110 64 128 0.0455227
309 110 64 128 0.023946
310 110 64 128 0.0163687
300 111 64 128 0.0172566
301 111 64 128 0.025094
302 111 64 128 0.0355174
303 111 64 128 0.0493735
304 111 64 128 0.0650355
305 111 64 128 0.0820256
306 111 64 128 0.0642794
307 111 64 128 0.0469855
308 111 64 128 0.040553
309 111 64 128 0.0217459
310 111 64 128 0.0146315
300 112 64 128 0.0124729
301 112 64 128 0.0195735
302 112 64 128 0.0284525
303 112 64 128 0.0387168
304 112 64 128 0.048512
305 112 64 128 0.0561203
306 112 64 128 0.0459122
307 112 64 128 0.0385275
308 112 64 128 0.0348112
309 112 64 128 0.0193683
310 112 64 128 0.0123107
300 113 64 128 0.0116738
301 113 64 128 0.0181478
302 113 64 128 0.0260134
303 113 64 128 0.0354326
304 113 64 128 0.0447572
305 113 64 128 0.052193
306 113 64 128 0.0441637
307 113 64 128 0.0390134
308 113 64 128 0.0362784
309 113 64 128 0.0211515
310 113 64 128 0.0126415
300 114 64 128 0.012188
301 114 64 128 0.0178087
302 114 64 128 0.0248651
303 114 64 128 0.0344397
304 114 64 128 0.0449641
305 114 64 128 0.0554933
306 114 64 128 0.0470259
307 114 64 128 0.0406201
308 114 64 128 0.0383916
309 114 64 128 0.0234755
310 114 64 128 0.0139955
300 115 64 128 0.0105913
301 115 64 128 0.0147666
302 115 64 128 0.0207038
303 115 64 128 0.0290674
304 115 64 128 0.0376429
305 115 64 128 0.0468948
306 115 64 128 0.0393584
307 115 64 128 0.0340262
308 115 64 128 0.0334615
309 115 64 128 0.0221177
310 115 64 128 0.0142182
301 116 64 128 0.0105557
302 116 64 128 0.015515
303 116 64 128 0.0220896
304 116 64 128 0.0271584
305 116 64 128 0.0330663
306 116 64 128 0.0270708
307 116 64 128 0.0241181
308 116 64 128 0.0259761
309 116 64 128 0.0195995
310 116 64 128 0.0143763
302 117 64 128 0.0130209
303 117 64 128 0.0189088
304 117 64 128 0.0223683
305 117 64 128 0.0280137
306 117 64 128 0.0220622
307 117 64 128 0.01975
308 117 64 128 0.023721
309 117 64 128 0.0202014
310 117 64 128 0.0163365
302 118 64 128 0.0123978
303 118 64 128 0.0182916
304 118 64 128 0.0217345
305 118 64 128 0.0290904
306 118 64 128 0.022657
307 118 64 128 0.0199197
308 118 64 128 0.0250671
309 118 64 128 0.0223695
310 118 64 128 0.0188033
311 118 64 128 0.0117896
302 119 64 128 0.0105323
303 119 64 128 0.0156636
304 119 64 128 0.0184513
305 119 64 128 0.0252379
306 119 64 128 0.0202737
307 119 64 128 0.0185848
308 119 64 128 0.0236443
309 119 64 128 0.0216787
310 119 64 128 0.0189639
311 119 64 128 0.0125514
303 120 64 128 0.0108956
304 120 64 128 0.0121403
305 120 64 128 0.016116
306 120 64 128 0.0142696
307 120 64 128 0.0150392
308 120 64 128 0.0193699
309 120 64 128 0.0187067
310 120 64 128 0.0173571
311 120 64 128 0.0123686
305 121 64 128 0.0100622
306 121 64 128 0.0104373
307 121 64 128 0.0129067
308 121 64 128 0.0172364
309 121 64 128 0.0180409
310 121 64 128 0.0172046
311 121 64 128 0.0131139
306 122 64 128 0.0105497
307 122 64 128 0.0131489
308 122 64 128 0.0184969
309 122 64 128 0.0205979
310 122 64 128 0.0192853
311 122 64 128 0.0151733
312 122 64 128 0.011521
305 123 64 128 0.0112149
306 123 64 128 0.0112535
307 123 64 128 0.0133344
308 123 64 128 0.0196758
309 123 64 128 0.0226942
310 123 64 128 0.0213191
311 123 64 128 0.0170766
312 123 64 128 0.0137267
313 123 64 128 0.0105867
305 124 64 128 0.0115945
306 124 64 128 0.0109233
307 124 64 128 0.0126007
308 124 64 128 0.0195782
309 124 64 128 0.0235417
310 124 64 128 0.023314
311 124 64 128 0.0190637
312 124 64 128 0.015662
313 124 64 128 0.0130433
305 125 64 128 0.0125032
306 125 64 128 0.0116817
307 125 64 128 0.0133482
308 125 64 128 0.0217282
309 125 64 128 0.0281867
310 125 64 128 0.0298219
311 125 64 128 0.0247236
312 125 64 128 0.0214294
313 125 64 128 0.0194743
314 125 64 128 0.012352
305 126 64 128 0.014846
306 126 64 128 0.0147242
307 126 64 128 0.0168749
308 126 64 128 0.0279743
309 126 64 128 0.0390338
310 126 64 128 0.0425831
311 126 64 128 0.035892
312 126 64 128 0.0332192
313 126 64 128 0.0315077
314 126 64 128 0.0190312
315 126 64 128 0.011066
305 127 64 128 0.0166109
306 127 64 128 0.0174887
307 127 64 128 0.0203722
308 127 64 128 0.0339972
309 127 64 128 0.0492494
310 127 64 128 0.0540088
311 127 64 128 0.0484333
312 127 64 128 0.0466437
313 127 64 128 0.0436141
314 127 64 128 0.0274976
315 127 64 128 0.0156587
316 127 64 128 0.0104235
305 128 64 128 0.015962
306 128 64 128 0.0175834
307 128 64 128 0.0212381
308 128 64 128 0.0357313
309 128 64 128 0.052361
310 128 64 128 0.0573368
311 128 64 128 0.0580299
312 128 64 128 0.0570213
313 128 64 128 0.0505798
314 128 64 128 0.0366573
315 128 64 128 0.0204532
316 128 64 128 0.0134747
305 129 64 128 0.014132
306 129 64 128 0.0163126
307 129 64 128 0.0210015
308 129 64 128 0.0350655
309 129 64 128 0.0507293
310 129 64 128 0.0567827
311 129 64 128 0.0642247
312 129 64 128 0.0635028
313 129 64 128 0.0541943
314 129 64 128 0.044389
315 129 64 128 0.0249566
316 129 64 128 0.0167853
317 129 64 128 0.0118514
305 130 64 128 0.0129018
306 130 64 128 0.0156429
307 130 64 128 0.0218204
308 130 64 128 0.0349758
309 130 64 128 0.0486224
310 130 64 128 0.0584117
311 130 64 128 0.067446
312 130 64 128 0.0662253
313 130 64 128 0.0575074
314 130 64 128 0.0486028
315 130 64 128 0.028663
316 130 64 128 0.0203194
317 130 64 128 0.0145583
305 131 64 128 0.0118672
306 131 64 128 0.0149171
307 131 64 128 0.0221282
308 131 64 128 0.0343591
309 131 64 128 0.0463609
310 131 64 128 0.0596698
311 131 64 128 0.0667689
312 131 64 128 0.0647442
313 131 64 128 0.0586405
314 131 64 128 0.0494736
315 131 64 128 0.0307655
316 131 64 128 0.0231451
317 131 64 128 0.0168348
306 132 64 128 0.0125517
307 132 64 128 0.0191115
308 132 64 128 0.0307028
309 132 64 128 0.042785
310 132 64 128 0.0550389
311 132 64 128 0.0611686
312 132 64 128 0.0588141
313 132 64 128 0.0542762
314 132 64 128 0.0483325
315 132 64 128 0.0305505
316 132 64 128 0.0241462
317 132 64 128 0.0179052
307 133 64 128 0.0144241
308 133 64 128 0.0258549
309 133 64 128 0.0395565
310 133 64 128 0.0483972
311 133 64 128 0.0554877
312 133 64 128 0.05362
313 133 64 128 0.0495416
314 133 64 128 0.0485696
315 133 64 128 0.0299951
316 133 64 128 0.0246706
317 133 64 128 0.0186945
307 134 64 128 0.0124865
308 134 64 128 0.0243416
309 134 64 128 0.0400049
310 134 64 128 0.0493434
311 134 64 128 0.0579551
312 134 64 128 0.0574304
313 134 64 128 0.0545865
314 134 64 128 0.0546235
315 134 64 128 0.032648
316 134 64 128 0.0275255
317 134 64 128 0.0211344
307 135 64 128 0.0135018
308 135 64 128 0.0260393
309 135 64 128 0.0429599
310 135 64 128 0.0563319
311 135 64 128 0.0657657
312 135 64 128 0.0671866
313 135 64 128 0.0669589
314 135 64 128 0.0639682
315 135 64 128 0.0374194
316 135 64 128 0.0317164
317 135 64 128 0.024521
307 136 64 128 0.0135046
308 136 64 128 0.0262349
309 136 64 128 0.0428394
310 136 64 128 0.0568596
311 136 64 128 0.0653313
312 136 64 128 0.068759
313 136 64 128 0.0718335
314 136 64 128 0.0672854
315 136 64 128 0.0386792
316 136 64 128 0.0325293
317 136 64 128 0.0255694
307 137 64 128 0.0110731
308 137 64 128 0.0229985
309 137 64 128 0.0375457
310 137 64 128 0.0467313
311 137 64 128 0.0526427
312 137 64 128 0.0574296
313 137 64 128 0.0633287
314 137 64 128 0.060995
315 137 64 128 0.0345509
316 137 64 128 0.0286137
317 137 64 128 0.0231672
308 138 64 128 0.0187988
309 138 64 128 0.0304047
310 138 64 128 0.0347081
311 138 64 128 0.0385111
312 138 64 128 0.0430752
313 138 64 128 0.0495538
314 138 64 128 0.050421
315 138 64 128 0.028985
316 138 64 128 0.0238184
317 138 64 128 0.0195721
308 139 64 128 0.0153788
309 139 64 128 0.0239973
310 139 64 128 0.0269188
311 139 64 128 0.030263
312 139 64 128 0.0328881
313 139 64 128 0.0371881
314 139 64 128 0.0400666
315 139 64 128 0.0247188
316 139 64 128 0.0206557
317 139 64 128 0.016436
308 140 64 128 0.0120578
309 140 64 128 0.0182532
310 140 64 128 0.0212469
311 140 64 128 0.0247306
312 140 64 128 0.0254029
313 140 64 128 0.0271756
314 140 64 128 0.0309853
315 140 64 128 0.0207141
316 140 64 128 0.0177013
317 140 64 128 0.0134433
309 141 64 128 0.0130679
310 141 64 128 0.015447
311 141 64 128 0.0186227
312 141 64 128 0.0186983
313 141 64 128 0.0195748
314 141 64 128 0.0235644
315 141 64 128 0.0159529
316 141 64 128 0.0136418
317 141 64 128 0.0102212
310 142 64 128 0.0107454
311 142 64 128 0.0132094
312 142 64 128 0.0133794
313 142 64 128 0.0140777
314 142 64 128 0.017504
315 142 64 128 0.0112835
311 143 64 128 0.0102259
312 143 64 128 0.0102578
313 143 64 128 0.0102531
314 143 64 128 0.0124219
52 199 64 128 0.010956
53 199 64 128 0.0130514
54 199 64 128 0.013657
55 199 64 128 0.0131048
52 200 64 128 0.0142198
53 200 64 128 0.0172477
54 200 64 128 0.0179358
55 200 64 128 0.016878
56 200 64 128 0.0111877
51 201 64 128 0.0104409
52 201 64 128 0.0158901
53 201 64 128 0.0192355
54 201 64 128 0.0194956
55 201 64 128 0.0186836
56 201 64 128 0.0115482
51 202 64 128 0.0120558
52 202 64 128 0.0170772
53 202 64 128 0.0201188
54 202 64 128 0.0201177
55 202 64 128 0.0200891
56 202 64 128 0.0114225
31 203 64 128 0.0146053
32 203 64 128 0.0116768
50 203 64 128 0.0130163
51 203 64 128 0.0163404
52 203 64 128 0.0200524
53 203 64 128 0.0224435
54 203 64 128 0.0233846
55 203 64 128 0.0240867
56 203 64 128 0.0137309
30 204 64 128 0.0115615
31 204 64 128 0.0234496
32 204 64 128 0.0182941
33 204 64 128 0.0110387
34 204 64 128 0.0120098
50 204 64 128 0.0170718
51 204 64 128 0.0216221
52 204 64 128 0.023753
53 204 64 128 0.0252605
54 204 64 128 0.0274606
55 204 64 128 0.0285746
56 204 64 128 0.017103
57 204 64 128 0.0120465
29 205 64 128 0.0144494
30 205 64 128 0.0188973
31 205 64 128 0.0416688
32 205 64 128 0.0327465
33 205 64 128 0.0219322
34 205 64 128 0.0255689
35 205 64 128 0.0137275
50 205 64 128 0.0189294
51 205 64 128 0.0233833
52 205 64 128 0.0246569
53 205 64 128 0.0250443
54 205 64 128 0.0265492
55 205 64 128 0.0277405
56 205 64 128 0.0170228
57 205 64 128 0.01219
28 206 64 128 0.0125939
29 206 64 128 0.0216201
30 206 64 128 0.0288134
31 206 64 128 0.0655582
32 206 64 128 0.0520353
33 206 64 128 0.0376332
34 206 64 128 0.0454222
35 206 64 128 0.0239403
36 206 64 128 0.012612
50 206 64 128 0.0179247
51 206 64 128 0.0207106
52 206 64 128 0.0218443
53 206 64 128 0.0210936
54 206 64 128 0.0201514
55 206 64 128 0.02109
56 206 64 128 0.0128755
28 207 64 128 0.0153445
29 207 64 128 0.0272588
30 207 64 128 0.0369294
31 207 64 128 0.0806872
32 207 64 128 0.0639736
33 207 64 128 0.0459798
34 207 64 128 0.0550918
35 207 64 128 0.0301915
36 207 64 128 0.0159286
50 207 64 128 0.0153826
51 207 64 128 0.0168611
52 207 64 128 0.0174245
53 207 64 128 0.0159891
54 207 64 128 0.0138794
55 207 64 128 0.0142586
28 208 64 128 0.0164287
29 208 64 128 0.0310264
30 208 64 128 0.0435381
31 208 64 128 0.0853951
32 208 64 128 0.0677478
33 208 64 128 0.0465262
34 208 64 128 0.0527345
35 208 64 128 0.0314114
36 208 64 128 0.0165997
50 208 64 128 0.0127803
51 208 64 128 0.0140136
52 208 64 128 0.0132179
53 208 64 128 0.0117536
54 208 64 128 0.0108532
55 208 64 128 0.0105746
28 209 64 128 0.0197498
29 209 64 128 0.0384557
30 209 64 128 0.0572297
31 209 64 128 0.100812
32 209 64 128 0.0828051
33 209 64 128 0.0597003
34 209 64 128 0.0626776
35 209 64 128 0.037957
36 209 64 128 0.0189164
50 209 64 128 0.0116677
51 209 64 128 0.0121175
52 209 64 128 0.0102687
27 210 64 128 0.0107613
28 210 64 128 0.0271917
29 210 64 128 0.0521772
30 210 64 128 0.0816425
31 210 64 128 0.138204
32 210 64 128 0.118295
33 210 64 128 0.0946352
34 210 64 128 0.0973196
35 210 64 128 0.0546754
36 210 64 128 0.0250727
50 210 64 128 0.012562
51 210 64 128 0.0108717
24 211 64 128 0.0104631
25 211 64 128 0.0102407
26 211 64 128 0.0112966
27 211 64 128 0.0141354
28 211 64 128 0.0342854
29 211 64 128 0.0657301
30 211 64 128 0.105343
31 211 64 128 0.17722
32 211 64 128 0.151258
33 211 64 128 0.125594
34 211 64 128 0.131177
35 211 64 128 0.0690861
36 211 64 128 0.030491
50 211 64 128 0.0132603
13 212 64 128 0.01017
23 212 64 128 0.0109704
24 212 64 128 0.0115268
25 212 64 128 0.0117711
26 212 64 128 0.0132563
27 212 64 128 0.0151289
28 212 64 128 0.0374729
29 212 64 128 0.0740413
30 212 64 128 0.119372
31 212 64 128 0.200434
32 212 64 128 0.162924
33 212 64 128 0.131548
34 212 64 128 0.14237
35 212 64 128 0.071004
36 212 64 128 0.0315003
50 212 64 128 0.0119281
12 213 64 128 0.012026
13 213 64 128 0.012697
14 213 64 128 0.0115563
15 213 64 128 0.0131733
23 213 64 128 0.0121226
24 213 64 128 0.0122358
25 213 64 128 0.0132467
26 213 64 128 0.0151634
27 213 64 128 0.0160746
28 213 64 128 0.0411536
29 213 64 128 0.0837702
30 213 64 128 0.134926
31 213 64 128 0.22341
32 213 64 128 0.173036
33 213 64 128 0.133949
34 213 64 128 0.148964
35 213 64 128 0.0711711
36 213 64 128 0.0326484
37 213 64 128 0.0108709
50 213 64 128 0.0100477
12 214 64 128 0.0135127
13 214 64 128 0.0145075
14 214 64 128 0.0133091
15 214 64 128 0.0149123
16 214 64 128 0.0106506
23 214 64 128 0.0134702
24 214 64 128 0.013605
25 214 64 128 0.0155963
26 214 64 128 0.0177673
27 214 64 128 0.0198891
28 214 64 128 0.0506075
29 214 64 128 0.102783
30 214 64 128 0.165246
31 214 64 128 0.265023
32 214 64 128 0.205353
33 214 64 128 0.159013
34 214 64 128 0.173605
35 214 64 128 0.0825221
36 214 64 128 0.0391668
37 214 64 128 0.0134596
12 215 64 128 0.0153202
13 215 64 128 0.0169062
14 215 64 128 0.0161188
15 215 64 128 0.0186288
16 215 64 128 0.0131394
22 215 64 128 0.0114102
23 215 64 128 0.0159107
24 215 64 128 0.0160881
25 215 64 128 0.0192631
26 215 64 128 0.0215195
27 215 64 128 0.0260019
28 215 64 128 0.0634935
29 215 64 128 0.127102
30 215 64 128 0.203052
31 215 64 128 0.310319
32 215 64 128 0.245118
33 215 64 128 0.192675
34 215 64 128 0.201733
35 215 64 128 0.0971339
36 215 64 128 0.0469342
37 215 64 128 0.0160574
12 216 64 128 0.0187209
13 216 64 128 0.0217267
14 216 64 128 0.0229349
15 216 64 128 0.0290853
16 216 64 128 0.0190857
22 216 64 128 0.0150919
23 216 64 128 0.0203687
24 216 64 128 0.0198413
25 216 64 128 0.0244454
26 216 64 128 0.0266268
27 216 64 128 0.032601
28 216 64 128 0.0749491
29 216 64 128 0.148762
30 216 64 128 0.234211
31 216 64 128 0.333668
32 216 64 128 0.26552
33 216 64 128 0.208437
34 216 64 128 0.207586
35 216 64 128 0.100772
36 216 64 128 0.0490524
37 216 64 128 0.0165352
11 217 64 128 0.0112819
12 217 64 128 0.0230947
13 217 64 128 0.0281465
14 217 64 128 0.0324324
15 217 64 128 0.0437799
16 217 64 128 0.0270222
17 217 64 128 0.010388
22 217 64 128 0.0201157
23 217 64 128 0.0260061
24 217 64 128 0.0242417
25 217 64 128 0.0308002
26 217 64 128 0.0319412
27 217 64 128 0.039645
28 217 64 128 0.0860788
29 217 64 128 0.168289
30 217 64 128 0.26
31 217 64 128 0.341593
32 217 64 128 0.277368
33 217 64 128 0.221097
34 217 64 128 0.206576
35 217 64 128 0.101944
36 217 64 128 0.0494029
37 217 64 128 0.016082
11 218 64 128 0.0123801
12 218 64 128 0.0266988
13 218 64 128 0.033767
14 218 64 128 0.0407716
15 218 64 128 0.0559628
16 218 64 128 0.0332033
17 218 64 128 0.0123706
21 218 64 128 0.0104121
22 218 64 128 0.025344
23 218 64 128 0.0309992
24 218 64 128 0.0282792
25 218 64 128 0.0377184
26 218 64 128 0.0357265
27 218 64 128 0.0482226
28 218 64 128 0.101579
29 218 64 128 0.191473
30 218 64 128 0.290975
31 218 64 128 0.359703
32 218 64 128 0.313197
33 218 64 128 0.268919
34 218 64 128 0.237685
35 218 64 128 0.122172
36 218 64 128 0.0581442
37 218 64 128 0.0178527
46 218 64 128 0.0125012
47 218 64 128 0.0101451
49 218 64 128 0.0128266
50 218 64 128 0.0103259
11 219 64 128 0.0129828
12 219 64 128 0.0286048
13 219 64 128 0.0373215
14 219 64 128 0.0463554
15 219 64 128 0.063234
16 219 64 128 0.0364876
17 219 64 128 0.0133288
20 219 64 128 0.0106764
21 219 64 128 0.0134375
22 219 64 128 0.0302976
23 219 64 128 0.0354684
24 219 64 128 0.0327561
25 219 64 128 0.0459024
26 219 64 128 0.0411033
27 219 64 128 0.0602107
28 219 64 128 0.124568
29 219 64 128 0.224836
30 219 64 128 0.333761
31 219 64 128 0.399947
32 219 64 128 0.377411
33 219 64 128 0.351633
34 219 64 128 0.305006
35 219 64 128 0.163647
36 219 64 128 0.0784268
37 219 64 128 0.0235206
45 219 64 128 0.0151685
46 219 64 128 0.0210089
47 219 64 128 0.0178443
48 219 64 128 0.0170252
49 219 64 128 0.0207993
50 219 64 128 0.0167523
51 219 64 128 0.0111567
11 220 64 128 0.0129902
12 220 64 128 0.0286659
13 220 64 128 0.0386204
14 220 64 128 0.0496834
15 220 64 128 0.0672485
16 220 64 128 0.0381508
17 220 64 128 0.0136657
20 220 64 128 0.012923
21 220 64 128 0.0166606
22 220 64 128 0.0350987
23 220 64 128 0.0412834
24 220 64 128 0.0400759
25 220 64 128 0.0571949
26 220 64 128 0.0554603
27 220 64 128 0.0780827
28 220 64 128 0.156507
29 220 64 128 0.275143
30 220 64 128 0.39093
31 220 64 128 0.461131
32 220 64 128 0.448277
33 220 64 128 0.433469
34 220 64 128 0.380336
35 220 64 128 0.210646
36 220 64 128 0.106775
37 220 64 128 0.0333073
44 220 64 128 0.0116958
45 220 64 128 0.019745
46 220 64 128 0.0282047
47 220 64 128 0.0241894
48 220 64 128 0.0224073
49 220 64 128 0.0275365
50 220 64 128 0.0234753
51 220 64 128 0.0154781
11 221 64 128 0.01254
12 221 64 128 0.0274555
13 221 64 128 0.0380992
14 221 64 128 0.0511502
15 221 64 128 0.0693286
16 221 64 128 0.0389499
17 221 64 128 0.0136026
20 221 64 128 0.0149131
21 221 64 128 0.0194947
22 221 64 128 0.0392059
23 221 64 128 0.0479183
24 221 64 128 0.0494096
25 221 64 128 0.0702992
26 221 64 128 0.0767566
27 221 64 128 0.0992513
28 221 64 128 0.191966
29 221 64 128 0.333059
30 221 64 128 0.451286
31 221 64 128 0.528557
32 221 64 128 0.506846
33 221 64 128 0.49165
34 221 64 128 0.442199
35 221 64 128 0.25009
36 221 64 128 0.13576
37 221 64 128 0.0447346
44 221 64 128 0.0136878
45 221 64 128 0.0222398
46 221 64 128 0.0342433
47 221 64 128 0.0293813
48 221 64 128 0.0266867
49 221 64 128 0.0339498
50 221 64 128 0.0299903
51 221 64 128 0.0204464
52 221 64 128 0.0114029
11 222 64 128 0.0120852
12 222 64 128 0.0264889
13 222 64 128 0.0369905
14 222 64 128 0.0508941
15 222 64 128 0.0701221
16 222 64 128 0.0388012
17 222 64 128 0.0130702
20 222 64 128 0.0160726
21 222 64 128 0.0208004
22 222 64 128 0.0411373
23 222 64 128 0.0514723
24 222 64 128 0.0554116
25 222 64 128 0.0795526
26 222 64 128 0.0898026
27 222 64 128 0.114154
28 222 64 128 0.216151
29 222 64 128 0.367178
30 222 64 128 0.484989
31 222 64 128 0.569711
32 222 64 128 0.539377
33 222 64 128 0.523111
34 222 64 128 0.480059
35 222 64 128 0.273492
36 222 64 128 0.152901
37 222 64 128 0.0517016
44 222 64 128 0.0187263
45 222 64 128 0.0286587
46 222 64 128 0.0464631
47 222 64 128 0.0406918
48 222 64 128 0.0384999
49 222 64 128 0.0487537
50 222 64 128 0.0397433
51 222 64 128 0.0277627
52 222 64 128 0.0161098
53 222 64 128 0.0110647
54 222 64 128 0.0114386
11 223 64 128 0.011641
12 223 64 128 0.025986
13 223 64 128 0.0354307
14 223 64 128 0.0485416
15 223 64 128 0.0689271
16 223 64 128 0.0372026
17 223 64 128 0.0119782
20 223 64 128 0.016047
21 223 64 128 0.0199947
22 223 64 128 0.0400793
23 223 64 128 0.0498253
24 223 64 128 0.0548777
25 223 64 128 0.0810986
26 223 64 128 0.0862781
27 223 64 128 0.11619
28 223 64 128 0.218663
29 223 64 128 0.359648
30 223 64 128 0.47622
31 223 64 128 0.565919
32 223 64 128 0.53874
33 223 64 128 0.526645
34 223 64 128 0.487179
35 223 64 128 0.27687
36 223 64 128 0.15177
37 223 64 128 0.0508592
43 223 64 128 0.0132817
44 223 64 128 0.0275196
45 223 64 128 0.040764
46 223 64 128 0.0660628
47 223 64 128 0.0592387
48 223 64 128 0.0589479
49 223 64 128 0.0722746
50 223 64 128 0.0523744
51 223 64 128 0.0368036
52 223 64 128 0.0235261
53 223 64 128 0.0155166
54 223 64 128 0.0139275
55 223 64 128 0.0100589
11 224 64 128 0.0102643
12 224 64 128 0.0233282
13 224 64 128 0.0311546
14 224 64 128 0.0426924
15 224 64 128 0.062337
16 224 64 128 0.0329089
17 224 64 128 0.0102374
20 224 64 128 0.0149884
21 224 64 128 0.0177366
22 224 64 128 0.0367498
23 224 64 128 0.0450714
24 224 64 128 0.0497421
25 224 64 128 0.0754993
26 224 64 128 0.0741437
27 224 64 128 0.105976
28 224 64 128 0.199669
29 224 64 128 0.324161
30 224 64 128 0.441158
31 224 64 128 0.530011
32 224 64 128 0.510773
33 224 64 128 0.501921
34 224 64 128 0.463085
35 224 64 128 0.264928
36 224 64 128 0.13931
37 224 64 128 0.0451312
43 224 64 128 0.0156933
44 224 64 128 0.0333557
45 224 64 128 0.0505621
46 224 64 128 0.0803823
47 224 64 128 0.0722683
48 224 64 128 0.0722635
49 224 64 128 0.0862081
50 224 64 128 0.0590078
51 224 64 128 0.0418394
52 224 64 128 0.0277073
53 224 64 128 0.0174851
54 224 64 128 0.0145534
55 224 64 128 0.0104926
12 225 64 128 0.0170413
13 225 64 128 0.0230821
14 225 64 128 0.0330484
15 225 64 128 0.0488957
16 225 64 128 0.0255517
20 225 64 128 0.0131527
21 225 64 128 0.0147905
22 225 64 128 0.0319784
23 225 64 128 0.0392312
24 225 64 128 0.0422805
25 225 64 128 0.0644173
26 225 64 128 0.0611975
27 225 64 128 0.0864101
28 225 64 128 0.163368
29 225 64 128 0.276004
30 225 64 128 0.395637
31 225 64 128 0.475814
32 225 64 128 0.463401
33 225 64 128 0.452658
34 225 64 128 0.41163
35 225 64 128 0.242353
36 225 64 128 0.122363
37 225 64 128 0.037658
43 225 64 128 0.0140877
44 225 64 128 0.031401
45 225 64 128 0.0518672
46 225 64 128 0.0800002
47 225 64 128 0.0704908
48 225 64 128 0.0674996
49 225 64 128 0.0783
50 225 64 128 0.0538945
51 225 64 128 0.0391107
52 225 64 128 0.0247172
53 225 64 128 0.0143905
54 225 64 128 0.0123564
12 226 64 128 0.0104835
13 226 64 128 0.0149223
14 226 64 128 0.0232792
15 226 64 128 0.0345276
16 226 64 128 0.0178895
20 226 64 128 0.010927
21 226 64 128 0.0117617
22 226 64 128 0.0263377
23 226 64 128 0.0323928
24 226 64 128 0.0338043
25 226 64 128 0.0512896
26 226 64 128 0.0481631
27 226 64 128 0.0648566
28 226 64 128 0.122704
29 226 64 128 0.222921
30 226 64 128 0.341504
31 226 64 128 0.407712
32 226 64 128 0.406062
33 226 64 128 0.395267
34 226 64 128 0.348112
35 226 64 128 0.210279
36 226 64 128 0.102074
37 226 64 128 0.029755
43 226 64 128 0.0107676
44 226 64 128 0.0258651
45 226 64 128 0.0482504
46 226 64 128 0.0715185
47 226 64 128 0.0613711
48 226 64 128 0.0560431
49 226 64 128 0.0633059
50 226 64 128 0.0447973
51 226 64 128 0.0332678
52 226 64 128 0.0195031
53 226 64 128 0.0103617
13 227 64 128 0.010397
14 227 64 128 0.0169762
15 227 64 128 0.0252044
16 227 64 128 0.0126733
22 227 64 128 0.0203547
23 227 64 128 0.0244989
24 227 64 128 0.0253638
25 227 64 128 0.039312
26 227 64 128 0.0347331
27 227 64 128 0.0480586
28 227 64 128 0.089845
29 227 64 128 0.170607
30 227 64 128 0.278584
31 227 64 128 0.32888
32 227 64 128 0.3458
33 227 64 128 0.343317
34 227 64 128 0.286776
35 227 64 128 0.169857
36 227 64 128 0.0789253
37 227 64 128 0.022283
44 227 64 128 0.0217612
45 227 64 128 0.0443337
46 227 64 128 0.0633658
47 227 64 128 0.0540512
48 227 64 128 0.0507602
49 227 64 128 0.0575587
50 227 64 128 0.0404659
51 227 64 128 0.0297719
52 227 64 128 0.0175769
14 228 64 128 0.0132545
15 228 64 128 0.0195545
22 228 64 128 0.0145839
23 228 64 128 0.0167366
24 228 64 128 0.017668
25 228 64 128 0.0286277
26 228 64 128 0.0226029
27 228 64 128 0.0350135
28 228 64 128 0.06399
29 228 64 128 0.122051
30 228 64 128 0.210724
31 228 64 128 0.246023
32 228 64 128 0.275875
33 228 64 128 0.282818
34 228 64 128 0.22474
35 228 64 128 0.12597
36 228 64 128 0.0558891
37 228 64 128 0.0156577
44 228 64 128 0.0189133
45 228 64 128 0.0400796
46 228 64 128 0.0568323
47 228 64 128 0.0490184
48 228 64 128 0.0491198
49 228 64 128 0.0576848
50 228 64 128 0.0408057
51 228 64 128 0.0295815
52 228 64 128 0.0182045
53 228 64 128 0.0109627
14 229 64 128 0.0100217
15 229 64 128 0.0142602
23 229 64 128 0.0105593
24 229 64 128 0.0112953
25 229 64 128 0.0186152
26 229 64 128 0.0138456
27 229 64 128 0.0227321
28 229 64 128 0.0408948
29 229 64 128 0.07949
30 229 64 128 0.14346
31 229 64 128 0.167112
32 229 64 128 0.188481
33 229 64 128 0.195926
34 229 64 128 0.155851
35 229 64 128 0.084616
36 229 64 128 0.0364751
37 229 64 128 0.0101496
44 229 64 128 0.0157149
45 229 64 128 0.0342195
46 229 64 128 0.0509766
47 229 64 128 0.0442607
48 229 64 128 0.044764
49 229 64 128 0.0553005
50 229 64 128 0.0430231
51 229 64 128 0.0320569
52 229 64 128 0.0189262
53 229 64 128 0.0110492
54 229 64 128 0.0105845
25 230 64 128 0.0103672
27 230 64 128 0.0121889
28 230 64 128 0.0219706
29 230 64 128 0.0460851
30 230 64 128 0.0856864
31 230 64 128 0.101278
32 230 64 128 0.10325
33 230 64 128 0.105469
34 230 64 128 0.0919818
35 230 64 128 0.0511925
36 230 64 128 0.0221059
44 230 64 128 0.0123917
45 230 64 128 0.0275727
46 230 64 128 0.045195
47 230 64 128 0.0398766
48 230 64 128 0.0402125
49 230 64 128 0.0524532
50 230 64 128 0.0452863
51 230 64 128 0.0351957
52 230 64 128 0.0194516
53 230 64 128 0.0101691
54 230 64 128 0.0104377
28 231 64 128 0.0110622
29 231 64 128 0.0250849
30 231 64 128 0.0471804
31 231 64 128 0.0574514
32 231 64 128 0.051141
33 231 64 128 0.0515317
34 231 64 128 0.0524272
35 231 64 128 0.0303273
36 231 64 128 0.0130681
45 231 64 128 0.0218843
46 231 64 128 0.0390585
47 231 64 128 0.036844
48 231 64 128 0.0416767
49 231 64 128 0.0555716
50 231 64 128 0.0462193
51 231 64 128 0.036402
52 231 64 128 0.0204229
29 232 64 128 0.0144971
30 232 64 128 0.0267706
31 232 64 128 0.0335805
32 232 64 128 0.0318297
33 232 64 128 0.0345608
34 232 64 128 0.0356392
35 232 64 128 0.0199269
45 232 64 128 0.0174299
46 232 64 128 0.0322558
47 232 64 128 0.0338422
48 232 64 128 0.045633
49 232 64 128 0.0602563
50 232 64 128 0.0441799
51 232 64 128 0.0341772
52 232 64 128 0.0205314
30 233 64 128 0.0152752
31 233 64 128 0.0196039
32 233 64 128 0.0221017
33 233 64 128 0.0259946
34 233 64 128 0.0248696
35 233 64 128 0.0130429
45 233 64 128 0.0134077
46 233 64 128 0.024597
47 233 64 128 0.0279491
48 233 64 128 0.0416331
49 233 64 128 0.05444
50 233 64 128 0.0374299
51 233 64 128 0.0279193
52 233 64 128 0.0171256
32 234 64 128 0.0114755
33 234 64 128 0.0137595
34 234 64 128 0.0132612
46 234 64 128 0.0168644
47 234 64 128 0.0194422
48 234 64 128 0.0288155
49 234 64 128 0.0376961
50 234 64 128 0.0271707
51 234 64 128 0.019168
52 234 64 128 0.0107577
46 235 64 128 0.0109041
47 235 64 128 0.0121732
48 235 64 128 0.0170976
49 235 64 128 0.0226626
50 235 64 128 0.0178503
51 235 64 128 0.0117955
48 236 64 128 0.0117981
49 236 64 128 0.0160685
50 236 64 128 0.0121033
49 237 64 128 0.0136546
49 238 64 128 0.0117544
49 239 64 128 0.0108653
