38 169 64 128 0.0100613
38 170 64 128 0.0138295
39 170 64 128 0.0117445
37 171 64 128 0.0110058
38 171 64 128 0.0163711
39 171 64 128 0.0151593
37 172 64 128 0.0119665
38 172 64 128 0.0174938
39 172 64 128 0.0171145
40 172 64 128 0.0123453
37 173 64 128 0.0123419
38 173 64 128 0.0175817
39 173 64 128 0.0164445
40 173 64 128 0.0120459
37 174 64 128 0.0130303
38 174 64 128 0.0179222
39 174 64 128 0.0149163
40 174 64 128 0.0107001
37 175 64 128 0.0152061
38 175 64 128 0.020122
39 175 64 128 0.0156002
40 175 64 128 0.0122682
37 176 64 128 0.0182079
38 176 64 128 0.0235271
39 176 64 128 0.0182804
40 176 64 128 0.016079
41 176 64 128 0.0105654
37 177 64 128 0.0199853
38 177 64 128 0.0257635
39 177 64 128 0.020229
40 177 64 128 0.0179589
41 177 64 128 0.0121355
43 177 64 128 0.0112452
44 177 64 128 0.0121043
45 177 64 128 0.0108679
37 178 64 128 0.0199322
38 178 64 128 0.0259171
39 178 64 128 0.020641
40 178 64 128 0.0176137
41 178 64 128 0.0128686
42 178 64 128 0.0110724
43 178 64 128 0.0125817
44 178 64 128 0.0135799
45 178 64 128 0.0118828
37 179 64 128 0.0191629
38 179 64 128 0.0248278
39 179 64 128 0.0210185
40 179 64 128 0.0193384
41 179 64 128 0.0148988
42 179 64 128 0.0125957
43 179 64 128 0.0141026
44 179 64 128 0.0156512
45 179 64 128 0.0137268
37 180 64 128 0.0183658
38 180 64 128 0.0232747
39 180 64 128 0.0219047
40 180 64 128 0.0239589
41 180 64 128 0.0183953
42 180 64 128 0.0142787
43 180 64 128 0.0158473
44 180 64 128 0.0183902
45 180 64 128 0.0166474
46 180 64 128 0.010928
37 181 64 128 0.0173143
38 181 64 128 0.0217576
39 181 64 128 0.0219374
40 181 64 128 0.0257811
41 181 64 128 0.019849
42 181 64 128 0.0145783
43 181 64 128 0.0158358
44 181 64 128 0.018976
45 181 64 128 0.0176639
46 181 64 128 0.0115573
37 182 64 128 0.0162681
38 182 64 128 0.0208727
39 182 64 128 0.0204563
40 182 64 128 0.0217489
41 182 64 128 0.0173567
42 182 64 128 0.0128163
43 182 64 128 0.0132285
44 182 64 128 0.0159768
45 182 64 128 0.0151604
46 182 64 128 0.010477
37 183 64 128 0.0170393
38 183 64 128 0.02155
39 183 64 128 0.0192005
40 183 64 128 0.0176505
41 183 64 128 0.0143197
42 183 64 128 0.0110324
43 183 64 128 0.0107928
44 183 64 128 0.0124728
45 183 64 128 0.0120556
37 184 64 128 0.0204788
38 184 64 128 0.0238716
39 184 64 128 0.0194369
40 184 64 128 0.0185354
41 184 64 128 0.0138021
42 184 64 128 0.0109508
43 184 64 128 0.0108642
44 184 64 128 0.0112889
45 184 64 128 0.0111195
36 185 64 128 0.0104718
37 185 64 128 0.022291
38 185 64 128 0.0241057
39 185 64 128 0.018758
40 185 64 128 0.0201371
41 185 64 128 0.0137267
42 185 64 128 0.0110598
43 185 64 128 0.0114284
44 185 64 128 0.011013
45 185 64 128 0.0113155
37 186 64 128 0.0180527
38 186 64 128 0.0186346
39 186 64 128 0.0145476
40 186 64 128 0.0169467
41 186 64 128 0.0112945
45 186 64 128 0.0108538
37 187 64 128 0.0116357
38 187 64 128 0.011398
40 187 64 128 0.0116549
37 189 64 128 0.0113443
38 189 64 128 0.0100644
40 189 64 128 0.0105356
37 190 64 128 0.011321
86 198 64 128 0.0119332
85 199 64 128 0.0110844
86 199 64 128 0.0129021
7 200 64 128 0.0107613
8 200 64 128 0.012221
9 200 64 128 0.0102387
84 200 64 128 0.0144225
85 200 64 128 0.0151475
86 200 64 128 0.0163207
87 200 64 128 0.0105587
7 201 64 128 0.0102439
8 201 64 128 0.01163
84 201 64 128 0.0224168
85 201 64 128 0.0251329
86 201 64 128 0.0270527
87 201 64 128 0.0172655
75 202 64 128 0.0111725
76 202 64 128 0.0135057
83 202 64 128 0.0133773
84 202 64 128 0.0302677
85 202 64 128 0.0351226
86 202 64 128 0.0377537
87 202 64 128 0.0237202
88 202 64 128 0.0101178
89 202 64 128 0.0103085
75 203 64 128 0.0138466
76 203 64 128 0.0159337
77 203 64 128 0.0115099
83 203 64 128 0.014391
84 203 64 128 0.0321027
85 203 64 128 0.0353451
86 203 64 128 0.0359963
87 203 64 128 0.0220882
7 204 64 128 0.0135935
8 204 64 128 0.0135448
9 204 64 128 0.0109324
74 204 64 128 0.0100062
75 204 64 128 0.0158582
76 204 64 128 0.0171718
77 204 64 128 0.0119493
83 204 64 128 0.0127571
84 204 64 128 0.0280402
85 204 64 128 0.0277819
86 204 64 128 0.0253434
87 204 64 128 0.0148078
7 205 64 128 0.0133635
8 205 64 128 0.0131738
9 205 64 128 0.0109964
74 205 64 128 0.0119528
75 205 64 128 0.0173261
76 205 64 128 0.018905
77 205 64 128 0.0129051
83 205 64 128 0.0105888
84 205 64 128 0.0227088
85 205 64 128 0.0231338
86 205 64 128 0.0211534
87 205 64 128 0.0118889
7 206 64 128 0.0102789
74 206 64 128 0.0142698
75 206 64 128 0.0181389
76 206 64 128 0.0207446
77 206 64 128 0.0141424
84 206 64 128 0.0186898
85 206 64 128 0.0244133
86 206 64 128 0.0263472
87 206 64 128 0.0151905
6 207 64 128 0.0107966
7 207 64 128 0.0143521
8 207 64 128 0.0130774
74 207 64 128 0.0141447
75 207 64 128 0.0179128
76 207 64 128 0.0199255
77 207 64 128 0.0132523
84 207 64 128 0.0161008
85 207 64 128 0.0256652
86 207 64 128 0.0294255
87 207 64 128 0.0171264
5 208 64 128 0.0100352
6 208 64 128 0.018872
7 208 64 128 0.0275345
8 208 64 128 0.0249691
9 208 64 128 0.0160384
10 208 64 128 0.0139716
11 208 64 128 0.010478
74 208 64 128 0.0108398
75 208 64 128 0.01638
76 208 64 128 0.0157214
84 208 64 128 0.0146995
85 208 64 128 0.0236289
86 208 64 128 0.0248801
87 208 64 128 0.0140803
5 209 64 128 0.0132874
6 209 64 128 0.0250872
7 209 64 128 0.0372063
8 209 64 128 0.0337386
9 209 64 128 0.021411
10 209 64 128 0.0189259
11 209 64 128 0.0138724
75 209 64 128 0.0134968
76 209 64 128 0.0111086
84 209 64 128 0.0138587
85 209 64 128 0.0204779
86 209 64 128 0.0187717
87 209 64 128 0.0100912
5 210 64 128 0.0122242
6 210 64 128 0.025104
7 210 64 128 0.0359666
8 210 64 128 0.0324482
9 210 64 128 0.0217946
10 210 64 128 0.0187115
11 210 64 128 0.0134051
84 210 64 128 0.0130335
85 210 64 128 0.0179662
86 210 64 128 0.0157337
5 211 64 128 0.0116142
6 211 64 128 0.0246208
7 211 64 128 0.0337881
8 211 64 128 0.0302684
9 211 64 128 0.0209246
10 211 64 128 0.0166943
11 211 64 128 0.011408
84 211 64 128 0.0119925
85 211 64 128 0.0153618
86 211 64 128 0.0137082
5 212 64 128 0.0153599
6 212 64 128 0.0286872
7 212 64 128 0.0396003
8 212 64 128 0.0353469
9 212 64 128 0.022291
10 212 64 128 0.0162969
11 212 64 128 0.0103635
84 212 64 128 0.0105435
85 212 64 128 0.0118855
86 212 64 128 0.0103599
5 213 64 128 0.018896
6 213 64 128 0.03303
7 213 64 128 0.0465221
8 213 64 128 0.0409431
9 213 64 128 0.0232337
10 213 64 128 0.0162749
5 214 64 128 0.0168244
6 214 64 128 0.0321593
7 214 64 128 0.0454708
8 214 64 128 0.038409
9 214 64 128 0.0204099
10 214 64 128 0.0146804
5 215 64 128 0.0125422
6 215 64 128 0.0283055
7 215 64 128 0.0395515
8 215 64 128 0.031659
9 215 64 128 0.0163565
10 215 64 128 0.0128102
5 216 64 128 0.0122844
6 216 64 128 0.0262838
7 216 64 128 0.0360288
8 216 64 128 0.0288024
9 216 64 128 0.0154519
10 216 64 128 0.0129472
5 217 64 128 0.014617
6 217 64 128 0.0252022
7 217 64 128 0.0340208
8 217 64 128 0.0285415
9 217 64 128 0.0163432
10 217 64 128 0.0138911
5 218 64 128 0.0136601
6 218 64 128 0.0208815
7 218 64 128 0.0279306
8 218 64 128 0.0241251
9 218 64 128 0.0143755
10 218 64 128 0.0124547
6 219 64 128 0.0136081
7 219 64 128 0.0181011
8 219 64 128 0.0154523
7 220 64 128 0.0103337
