89 11 64 128 0.012795
88 12 64 128 0.0117626
89 12 64 128 0.013907
87 13 64 128 0.0102837
88 13 64 128 0.0226957
89 13 64 128 0.0287348
90 13 64 128 0.0111054
86 14 64 128 0.0128563
87 14 64 128 0.0192218
88 14 64 128 0.0459193
89 14 64 128 0.0633772
90 14 64 128 0.022324
86 15 64 128 0.0187219
87 15 64 128 0.0266155
88 15 64 128 0.0633537
89 15 64 128 0.0884951
90 15 64 128 0.0307569
86 16 64 128 0.0183479
87 16 64 128 0.0279186
88 16 64 128 0.0595781
89 16 64 128 0.0783585
90 16 64 128 0.0287658
86 17 64 128 0.0184883
87 17 64 128 0.0311796
88 17 64 128 0.0534158
89 17 64 128 0.0596552
90 17 64 128 0.0237089
85 18 64 128 0.015004
86 18 64 128 0.0276194
87 18 64 128 0.0460321
88 18 64 128 0.0695139
89 18 64 128 0.0689554
90 18 64 128 0.0258532
84 19 64 128 0.0118695
85 19 64 128 0.0218791
86 19 64 128 0.0393736
87 19 64 128 0.0635085
88 19 64 128 0.0940952
89 19 64 128 0.0917749
90 19 64 128 0.0315122
84 20 64 128 0.0134419
85 20 64 128 0.0238459
86 20 64 128 0.0412357
87 20 64 128 0.0669442
88 20 64 128 0.0970713
89 20 64 128 0.091704
90 20 64 128 0.0309674
84 21 64 128 0.0127106
85 21 64 128 0.0213252
86 21 64 128 0.0342745
87 21 64 128 0.0567834
88 21 64 128 0.0780401
89 21 64 128 0.0683154
90 21 64 128 0.0237948
84 22 64 128 0.0116224
85 22 64 128 0.019134
86 22 64 128 0.0291592
87 22 64 128 0.0456472
88 22 64 128 0.0577922
89 22 64 128 0.0468372
90 22 64 128 0.0162271
84 23 64 128 0.0108439
85 23 64 128 0.0184824
86 23 64 128 0.028483
87 23 64 128 0.038263
88 23 64 128 0.0447477
89 23 64 128 0.0363937
90 23 64 128 0.0110956
85 24 64 128 0.0165844
86 24 64 128 0.0258914
87 24 64 128 0.0305279
88 24 64 128 0.0334208
89 24 64 128 0.0280603
85 25 64 128 0.0125689
86 25 64 128 0.0190001
87 25 64 128 0.0210933
88 25 64 128 0.0214474
89 25 64 128 0.0174283
86 26 64 128 0.0126109
87 26 64 128 0.0138099
88 26 64 128 0.0126753
87 27 64 128 0.0109482
86 45 64 128 0.0120646
84 46 64 128 0.014745
85 46 64 128 0.0190674
86 46 64 128 0.0231806
87 46 64 128 0.0146075
84 47 64 128 0.0229365
85 47 64 128 0.0298417
86 47 64 128 0.0354932
87 47 64 128 0.0219395
84 48 64 128 0.0247769
85 48 64 128 0.0345025
86 48 64 128 0.0393659
87 48 64 128 0.0238684
84 49 64 128 0.021385
85 49 64 128 0.0336643
86 49 64 128 0.0362577
87 49 64 128 0.0214441
84 50 64 128 0.0193481
85 50 64 128 0.0334979
86 50 64 128 0.0351972
87 50 64 128 0.0205238
84 51 64 128 0.0198789
85 51 64 128 0.0343864
86 51 64 128 0.0369845
87 51 64 128 0.0217011
84 52 64 128 0.0184187
85 52 64 128 0.0305293
86 52 64 128 0.0336223
87 52 64 128 0.0199384
84 53 64 128 0.0138004
85 53 64 128 0.0213381
86 53 64 128 0.0236081
87 53 64 128 0.0140835
84 54 64 128 0.0106798
85 54 64 128 0.0149648
86 54 64 128 0.0164167
84 55 64 128 0.0114866
85 55 64 128 0.0157391
86 55 64 128 0.0171975
84 56 64 128 0.012009
85 56 64 128 0.0168575
86 56 64 128 0.0182679
85 57 64 128 0.0124496
86 57 64 128 0.0130069
21 89 64 128 0.013995
22 89 64 128 0.0124606
21 90 64 128 0.0201543
22 90 64 128 0.0175283
21 91 64 128 0.0189458
22 91 64 128 0.0160816
21 92 64 128 0.0122987
22 92 64 128 0.010281
21 93 64 128 0.0103091
21 94 64 128 0.0146926
22 94 64 128 0.015011
21 95 64 128 0.0164106
22 95 64 128 0.0175671
23 95 64 128 0.010474
21 96 64 128 0.011474
22 96 64 128 0.0131223
22 99 64 128 0.0101268
20 118 64 128 0.0103934
20 119 64 128 0.0112154
20 120 64 128 0.0111023
20 121 64 128 0.0101094
