50 7 64 128 0.0109341
50 8 64 128 0.0107955
19 89 64 128 0.0103531
19 90 64 128 0.0136566
20 90 64 128 0.011468
21 90 64 128 0.010446
61 90 64 128 0.0104344
19 91 64 128 0.0146915
20 91 64 128 0.0133334
21 91 64 128 0.0128625
18 92 64 128 0.0101678
19 92 64 128 0.0141784
20 92 64 128 0.0134186
21 92 64 128 0.0147877
24 92 64 128 0.0102996
60 92 64 128 0.0148791
61 92 64 128 0.0116343
62 92 64 128 0.0129707
63 92 64 128 0.0103634
18 93 64 128 0.0116638
19 93 64 128 0.0151169
20 93 64 128 0.0146518
21 93 64 128 0.0172752
24 93 64 128 0.0113955
59 93 64 128 0.0131505
60 93 64 128 0.0447822
61 93 64 128 0.0586466
62 93 64 128 0.0428704
63 93 64 128 0.0175398
18 94 64 128 0.014217
19 94 64 128 0.0180199
20 94 64 128 0.0178446
21 94 64 128 0.0205098
22 94 64 128 0.0104669
24 94 64 128 0.0106391
59 94 64 128 0.0286904
60 94 64 128 0.0955917
61 94 64 128 0.140125
62 94 64 128 0.0937399
63 94 64 128 0.0283706
17 95 64 128 0.0105246
18 95 64 128 0.0160029
19 95 64 128 0.0202158
20 95 64 128 0.0210711
21 95 64 128 0.0235528
22 95 64 128 0.0120303
24 95 64 128 0.0100944
59 95 64 128 0.0414293
60 95 64 128 0.141576
61 95 64 128 0.194543
62 95 64 128 0.128679
63 95 64 128 0.0402196
17 96 64 128 0.0110137
18 96 64 128 0.0162604
19 96 64 128 0.0206749
20 96 64 128 0.0235901
21 96 64 128 0.0257019
22 96 64 128 0.013635
24 96 64 128 0.0107835
25 96 64 128 0.0101694
26 96 64 128 0.0114535
59 96 64 128 0.0535445
60 96 64 128 0.183467
61 96 64 128 0.210931
62 96 64 128 0.141383
63 96 64 128 0.0546224
17 97 64 128 0.0114389
18 97 64 128 0.0164513
19 97 64 128 0.0218365
20 97 64 128 0.0272153
21 97 64 128 0.0268344
22 97 64 128 0.014211
24 97 64 128 0.0115023
25 97 64 128 0.0110197
26 97 64 128 0.0124786
59 97 64 128 0.0895161
60 97 64 128 0.27465
61 97 64 128 0.279887
62 97 64 128 0.186995
63 97 64 128 0.081297
17 98 64 128 0.0119833
18 98 64 128 0.0172021
19 98 64 128 0.0245622
20 98 64 128 0.0319182
21 98 64 128 0.0265192
22 98 64 128 0.012998
24 98 64 128 0.0111689
25 98 64 128 0.0109267
26 98 64 128 0.0120819
57 98 64 128 0.0106915
58 98 64 128 0.0245344
59 98 64 128 0.158762
60 98 64 128 0.434543
61 98 64 128 0.44644
62 98 64 128 0.291848
63 98 64 128 0.121522
64 98 64 128 0.0167191
17 99 64 128 0.0111062
18 99 64 128 0.0160016
19 99 64 128 0.0240194
20 99 64 128 0.0315025
21 99 64 128 0.0232449
22 99 64 128 0.0104173
25 99 64 128 0.0100224
26 99 64 128 0.0108827
57 99 64 128 0.0139045
58 99 64 128 0.0404136
59 99 64 128 0.219828
60 99 64 128 0.567088
61 99 64 128 0.590762
62 99 64 128 0.37895
63 99 64 128 0.149457
64 99 64 128 0.0230931
18 100 64 128 0.0108894
19 100 64 128 0.016373
20 100 64 128 0.0213037
21 100 64 128 0.0162076
57 100 64 128 0.0159505
58 100 64 128 0.0494725
59 100 64 128 0.237266
60 100 64 128 0.587453
61 100 64 128 0.604913
62 100 64 128 0.379188
63 100 64 128 0.142545
64 100 64 128 0.0199703
57 101 64 128 0.0176106
58 101 64 128 0.061681
59 101 64 128 0.245161
60 101 64 128 0.557598
61 101 64 128 0.571561
62 101 64 128 0.344888
63 101 64 128 0.115662
64 101 64 128 0.0135433
57 102 64 128 0.0200021
58 102 64 128 0.0883095
59 102 64 128 0.286486
60 102 64 128 0.564273
61 102 64 128 0.603553
62 102 64 128 0.348361
63 102 64 128 0.0914193
64 102 64 128 0.0124703
57 103 64 128 0.0233223
58 103 64 128 0.113765
59 103 64 128 0.323379
60 103 64 128 0.567807
61 103 64 128 0.634807
62 103 64 128 0.353485
63 103 64 128 0.0705779
64 103 64 128 0.0142015
57 104 64 128 0.027309
58 104 64 128 0.112957
59 104 64 128 0.288996
60 104 64 128 0.481762
61 104 64 128 0.533478
62 104 64 128 0.283975
63 104 64 128 0.0451731
64 104 64 128 0.0118064
57 105 64 128 0.0310861
58 105 64 128 0.0915574
59 105 64 128 0.204097
60 105 64 128 0.338837
61 105 64 128 0.341609
62 105 64 128 0.165077
63 105 64 128 0.0198278
57 106 64 128 0.0334083
58 106 64 128 0.075275
59 106 64 128 0.14622
60 106 64 128 0.248594
61 106 64 128 0.213929
62 106 64 128 0.0878047
26 107 64 128 0.0102751
57 107 64 128 0.0340804
58 107 64 128 0.070913
59 107 64 128 0.132156
60 107 64 128 0.229192
61 107 64 128 0.183598
62 107 64 128 0.0715019
26 108 64 128 0.0129194
57 108 64 128 0.0339617
58 108 64 128 0.0658798
59 108 64 128 0.116593
60 108 64 128 0.205583
61 108 64 128 0.159494
62 108 64 128 0.0622343
26 109 64 128 0.01564
27 109 64 128 0.010582
57 109 64 128 0.0330784
58 109 64 128 0.0543574
59 109 64 128 0.0799621
60 109 64 128 0.14504
61 109 64 128 0.0997507
62 109 64 128 0.0343037
26 110 64 128 0.0159649
27 110 64 128 0.0108185
57 110 64 128 0.0301275
58 110 64 128 0.042079
59 110 64 128 0.0458033
60 110 64 128 0.0851179
61 110 64 128 0.0453753
26 111 64 128 0.0128606
57 111 64 128 0.0246662
58 111 64 128 0.0331703
59 111 64 128 0.0300534
60 111 64 128 0.0525346
61 111 64 128 0.0244503
57 112 64 128 0.0184849
58 112 64 128 0.0258461
59 112 64 128 0.0228987
60 112 64 128 0.0356124
61 112 64 128 0.0194519
57 113 64 128 0.0132292
58 113 64 128 0.0182493
59 113 64 128 0.0142539
60 113 64 128 0.0211019
61 113 64 128 0.0120592
58 114 64 128 0.0112378
17 169 64 128 0.0102878
15 170 64 128 0.0103386
16 170 64 128 0.0129171
17 170 64 128 0.0141783
18 170 64 128 0.010625
15 171 64 128 0.0100465
16 171 64 128 0.0123626
17 171 64 128 0.014715
18 171 64 128 0.011301
16 172 64 128 0.0105092
17 172 64 128 0.0139974
18 172 64 128 0.0112359
16 173 64 128 0.0115389
17 173 64 128 0.0152997
18 173 64 128 0.0124711
15 174 64 128 0.0121691
16 174 64 128 0.0143203
17 174 64 128 0.0173713
18 174 64 128 0.0139844
15 175 64 128 0.013458
16 175 64 128 0.0152141
17 175 64 128 0.0168629
18 175 64 128 0.0133405
15 176 64 128 0.0132207
16 176 64 128 0.0143222
17 176 64 128 0.0141681
18 176 64 128 0.0107643
15 177 64 128 0.0124206
16 177 64 128 0.014593
17 177 64 128 0.0125366
15 178 64 128 0.0115563
16 178 64 128 0.0161921
17 178 64 128 0.0127815
15 179 64 128 0.0105411
16 179 64 128 0.0159796
17 179 64 128 0.0128002
16 180 64 128 0.0129526
17 180 64 128 0.0115377
16 181 64 128 0.0101736
17 181 64 128 0.0100606
16 183 64 128 0.0103855
16 184 64 128 0.0102442
