90 139 85 170 0.0103626
91 139 85 170 0.0117967
92 139 85 170 0.0116359
90 140 85 170 0.0133118
91 140 85 170 0.0155565
92 140 85 170 0.0152937
93 140 85 170 0.012186
89 141 85 170 0.0105136
90 141 85 170 0.0165804
91 141 85 170 0.0205096
92 141 85 170 0.0201453
93 141 85 170 0.0156695
89 142 85 170 0.0117078
90 142 85 170 0.0201572
91 142 85 170 0.0265175
92 142 85 170 0.026042
93 142 85 170 0.019765
94 142 85 170 0.0111396
89 143 85 170 0.0130811
90 143 85 170 0.024081
91 143 85 170 0.0329954
92 143 85 170 0.0323689
93 143 85 170 0.0241465
94 143 85 170 0.0136785
89 144 85 170 0.0150907
90 144 85 170 0.0283939
91 144 85 170 0.0393302
92 144 85 170 0.038481
93 144 85 170 0.0284735
94 144 85 170 0.0161218
89 145 85 170 0.0181934
90 145 85 170 0.0331382
91 145 85 170 0.0449087
92 145 85 170 0.0437332
93 145 85 170 0.032405
94 145 85 170 0.0182268
89 146 85 170 0.0228076
90 146 85 170 0.0384162
91 146 85 170 0.0493132
92 146 85 170 0.0476823
93 146 85 170 0.0357314
94 146 85 170 0.0198397
88 147 85 170 0.0125637
89 147 85 170 0.0289863
90 147 85 170 0.0448991
91 147 85 170 0.0539771
92 147 85 170 0.0517896
93 147 85 170 0.0394813
94 147 85 170 0.0216492
88 148 85 170 0.0160773
89 148 85 170 0.0365811
90 148 85 170 0.0535719
91 148 85 170 0.0613522
92 148 85 170 0.0585656
93 148 85 170 0.045365
94 148 85 170 0.0248078
88 149 85 170 0.0202278
89 149 85 170 0.0454418
90 149 85 170 0.0654223
91 149 85 170 0.0739014
92 149 85 170 0.0705315
93 149 85 170 0.0551001
94 149 85 170 0.0304726
95 149 85 170 0.0105205
88 150 85 170 0.0249472
89 150 85 170 0.0554178
90 150 85 170 0.0814385
91 150 85 170 0.0940871
92 150 85 170 0.0902086
93 150 85 170 0.0704041
94 150 85 170 0.0398009
95 150 85 170 0.0147588
88 151 85 170 0.0301393
89 151 85 170 0.0663041
90 151 85 170 0.101964
91 151 85 170 0.123013
92 151 85 170 0.118755
93 151 85 170 0.0920536
94 151 85 170 0.0533094
95 151 85 170 0.0214602
87 152 85 170 0.0115823
88 152 85 170 0.0356071
89 152 85 170 0.0777009
90 152 85 170 0.125048
91 152 85 170 0.156949
92 152 85 170 0.152483
93 152 85 170 0.11748
94 152 85 170 0.0692381
95 152 85 170 0.0295099
96 152 85 170 0.0109355
87 153 85 170 0.0143147
88 153 85 170 0.0411315
89 153 85 170 0.089165
90 153 85 170 0.148233
91 153 85 170 0.191093
92 153 85 170 0.186625
93 153 85 170 0.143369
94 153 85 170 0.0853204
95 153 85 170 0.037471
96 153 85 170 0.0139918
87 154 85 170 0.0167803
88 154 85 170 0.0464932
89 154 85 170 0.100253
90 154 85 170 0.16906
91 154 85 170 0.220639
92 154 85 170 0.216417
93 154 85 170 0.16641
94 154 85 170 0.09929
95 154 85 170 0.0439064
96 154 85 170 0.0165292
87 155 85 170 0.0186568
88 155 85 170 0.051473
89 155 85 170 0.110523
90 155 85 170 0.185097
91 155 85 170 0.240844
92 155 85 170 0.237151
93 155 85 170 0.183329
94 155 85 170 0.10891
95 155 85 170 0.0473998
96 155 85 170 0.0180217
87 156 85 170 0.0198177
88 156 85 170 0.0558627
89 156 85 170 0.119547
90 156 85 170 0.195345
91 156 85 170 0.250132
92 156 85 170 0.247244
93 156 85 170 0.192955
94 156 85 170 0.113475
95 156 85 170 0.0476119
96 156 85 170 0.0183371
87 157 85 170 0.0204245
88 157 85 170 0.0594695
89 157 85 170 0.126916
90 157 85 170 0.200911
91 157 85 170 0.251583
92 157 85 170 0.2497
93 157 85 170 0.197205
94 157 85 170 0.114533
95 157 85 170 0.0457885
96 157 85 170 0.0179224
87 158 85 170 0.0206614
88 158 85 170 0.0621017
89 158 85 170 0.132226
90 158 85 170 0.203072
91 158 85 170 0.24865
92 158 85 170 0.247895
93 158 85 170 0.198247
94 158 85 170 0.113812
95 158 85 170 0.0433022
96 158 85 170 0.0172713
97 158 85 170 0.0104519
86 159 85 170 0.01005
87 159 85 170 0.0207131
88 159 85 170 0.0635678
89 159 85 170 0.135072
90 159 85 170 0.203103
91 159 85 170 0.244787
92 159 85 170 0.245202
93 159 85 170 0.198246
94 159 85 170 0.113042
95 159 85 170 0.0415255
96 159 85 170 0.0168772
97 159 85 170 0.0112038
86 160 85 170 0.0100916
87 160 85 170 0.0207455
88 160 85 170 0.0636937
89 160 85 170 0.135087
90 160 85 170 0.202168
91 160 85 170 0.243129
92 160 85 170 0.244676
93 160 85 170 0.199153
94 160 85 170 0.113779
95 160 85 170 0.0416987
96 160 85 170 0.0171841
97 160 85 170 0.0116757
87 161 85 170 0.0207123
88 161 85 170 0.0625067
89 161 85 170 0.132362
90 161 85 170 0.200103
91 161 85 170 0.243129
92 161 85 170 0.245662
93 161 85 170 0.200418
94 161 85 170 0.11559
95 161 85 170 0.0435258
96 161 85 170 0.0180621
97 161 85 170 0.0118378
87 162 85 170 0.0204301
88 162 85 170 0.0601645
89 162 85 170 0.127282
90 162 85 170 0.195892
91 162 85 170 0.24186
92 162 85 170 0.245112
93 162 85 170 0.199875
94 162 85 170 0.116756
95 162 85 170 0.0457191
96 162 85 170 0.0190109
97 162 85 170 0.0116916
87 163 85 170 0.019713
88 163 85 170 0.0568267
89 163 85 170 0.120237
90 163 85 170 0.188504
91 163 85 170 0.236357
92 163 85 170 0.239938
93 163 85 170 0.195334
94 163 85 170 0.115537
95 163 85 170 0.0469747
96 163 85 170 0.0195241
97 163 85 170 0.0112391
87 164 85 170 0.0183753
88 164 85 170 0.0526531
89 164 85 170 0.111617
90 164 85 170 0.176907
91 164 85 170 0.223655
92 164 85 170 0.227053
93 164 85 170 0.184603
94 164 85 170 0.110193
95 164 85 170 0.0459885
96 164 85 170 0.0190951
97 164 85 170 0.0104825
87 165 85 170 0.0163137
88 165 85 170 0.047822
89 165 85 170 0.101827
90 165 85 170 0.160571
91 165 85 170 0.201909
92 165 85 170 0.204547
93 165 85 170 0.166369
94 165 85 170 0.0996218
95 165 85 170 0.0418773
96 165 85 170 0.0173866
87 166 85 170 0.0137747
88 166 85 170 0.0425906
89 166 85 170 0.0913354
90 166 85 170 0.141086
91 166 85 170 0.174034
92 166 85 170 0.175513
93 166 85 170 0.143036
94 166 85 170 0.0854299
95 166 85 170 0.0355438
96 166 85 170 0.0147781
87 167 85 170 0.0110976
88 167 85 170 0.0372368
89 167 85 170 0.0806276
90 167 85 170 0.120608
91 167 85 170 0.144206
92 167 85 170 0.14437
93 167 85 170 0.117997
94 167 85 170 0.0699409
95 167 85 170 0.028364
96 167 85 170 0.0118397
88 168 85 170 0.0320389
89 168 85 170 0.0701894
90 168 85 170 0.101289
91 168 85 170 0.1166
92 168 85 170 0.115536
93 168 85 170 0.0946441
94 168 85 170 0.0554785
95 168 85 170 0.021714
88 169 85 170 0.0272733
89 169 85 170 0.0605035
90 169 85 170 0.0852699
91 169 85 170 0.0953633
92 169 85 170 0.0933996
93 169 85 170 0.0763456
94 169 85 170 0.0443506
95 169 85 170 0.0169602
88 170 85 170 0.0230942
89 170 85 170 0.0518425
90 170 85 170 0.0734891
91 170 85 170 0.0822317
92 170 85 170 0.0798253
93 170 85 170 0.0645814
94 170 85 170 0.0375717
95 170 85 170 0.014685
88 171 85 170 0.019445
89 171 85 170 0.0441168
90 171 85 170 0.0648191
91 171 85 170 0.0747933
92 171 85 170 0.0723343
93 171 85 170 0.0575783
94 171 85 170 0.0339294
95 171 85 170 0.0141203
88 172 85 170 0.0162483
89 172 85 170 0.0372007
90 172 85 170 0.0579277
91 172 85 170 0.0702255
92 172 85 170 0.0680183
93 172 85 170 0.0532412
94 172 85 170 0.0319912
95 172 85 170 0.0143648
88 173 85 170 0.0134266
89 173 85 170 0.0309688
90 173 85 170 0.0514826
91 173 85 170 0.0657058
92 173 85 170 0.0639688
93 173 85 170 0.0494753
94 173 85 170 0.0303244
95 173 85 170 0.014517
88 174 85 170 0.0109059
89 174 85 170 0.0253027
90 174 85 170 0.0442311
91 174 85 170 0.0585774
92 174 85 170 0.0574433
93 174 85 170 0.0443001
94 174 85 170 0.0275749
95 174 85 170 0.013727
89 175 85 170 0.0201883
90 175 85 170 0.0360678
91 175 85 170 0.0485882
92 175 85 170 0.0481077
93 175 85 170 0.037399
94 175 85 170 0.0235276
95 175 85 170 0.0118905
89 176 85 170 0.0156901
90 176 85 170 0.0277532
91 176 85 170 0.0372996
92 176 85 170 0.0374439
93 176 85 170 0.0297097
94 176 85 170 0.0188262
89 177 85 170 0.0118748
90 177 85 170 0.020069
91 177 85 170 0.0263175
92 177 85 170 0.0269784
93 177 85 170 0.0222006
94 177 85 170 0.0141358
90 178 85 170 0.0137969
91 178 85 170 0.0172476
92 178 85 170 0.0182378
93 178 85 170 0.0158402
94 178 85 170 0.0101212
91 179 85 170 0.0113661
92 179 85 170 0.0124398
93 179 85 170 0.0114027
252 126 64 128 0.0100738
253 126 64 128 0.0113334
254 126 64 128 0.010923
290 126 64 128 0.0108923
291 126 64 128 0.0103302
252 127 64 128 0.0122161
253 127 64 128 0.0143219
254 127 64 128 0.0141102
255 127 64 128 0.0106894
289 127 64 128 0.0118251
290 127 64 128 0.0135442
291 127 64 128 0.0126063
292 127 64 128 0.011566
293 127 64 128 0.0103766
252 128 64 128 0.0103794
253 128 64 128 0.0126537
254 128 64 128 0.0121897
290 128 64 128 0.0111283
291 128 64 128 0.0105419
99 138 64 128 0.0101764
99 140 64 128 0.0102499
98 141 64 128 0.0119403
99 141 64 128 0.0128921
97 142 64 128 0.0104384
98 142 64 128 0.0152143
99 142 64 128 0.0152344
97 143 64 128 0.0105929
98 143 64 128 0.0149688
99 143 64 128 0.0146134
98 144 64 128 0.0130551
99 144 64 128 0.0125332
97 145 64 128 0.0103951
98 145 64 128 0.0126234
99 145 64 128 0.011598
97 146 64 128 0.0118449
98 146 64 128 0.0130625
99 146 64 128 0.0113789
97 147 64 128 0.0115601
98 147 64 128 0.0119323
94 169 64 128 0.0107803
96 169 64 128 0.0121112
97 169 64 128 0.0105509
94 170 64 128 0.0165517
95 170 64 128 0.0130568
96 170 64 128 0.0178071
97 170 64 128 0.0147962
93 171 64 128 0.010459
94 171 64 128 0.0250604
95 171 64 128 0.0226866
96 171 64 128 0.0236162
97 171 64 128 0.0179182
93 172 64 128 0.0141115
94 172 64 128 0.0340572
95 172 64 128 0.032716
96 172 64 128 0.0308144
97 172 64 128 0.0219422
93 173 64 128 0.0175574
94 173 64 128 0.0409656
95 173 64 128 0.0382832
96 173 64 128 0.041307
97 173 64 128 0.0297929
98 173 64 128 0.0101535
93 174 64 128 0.0218024
94 174 64 128 0.0489222
95 174 64 128 0.0442869
96 174 64 128 0.0562156
97 174 64 128 0.0426475
98 174 64 128 0.0140013
93 175 64 128 0.0284857
94 175 64 128 0.0634679
95 175 64 128 0.0598115
96 175 64 128 0.0760342
97 175 64 128 0.0606033
98 175 64 128 0.0226388
93 176 64 128 0.0361571
94 176 64 128 0.0816697
95 176 64 128 0.080665
96 176 64 128 0.0978729
97 176 64 128 0.0810856
98 176 64 128 0.0341653
93 177 64 128 0.0410555
94 177 64 128 0.0942137
95 177 64 128 0.0926584
96 177 64 128 0.116302
97 177 64 128 0.0994624
98 177 64 128 0.0431922
93 178 64 128 0.0426639
94 178 64 128 0.0994688
95 178 64 128 0.093742
96 178 64 128 0.128866
97 178 64 128 0.111762
98 178 64 128 0.0465621
93 179 64 128 0.0442832
94 179 64 128 0.104873
95 179 64 128 0.0962118
96 179 64 128 0.136624
97 179 64 128 0.114868
98 179 64 128 0.0438457
93 180 64 128 0.0462689
94 180 64 128 0.110809
95 180 64 128 0.102839
96 180 64 128 0.137585
97 180 64 128 0.107512
98 180 64 128 0.0363836
93 181 64 128 0.0434487
94 181 64 128 0.104428
95 181 64 128 0.0983162
96 181 64 128 0.124087
97 181 64 128 0.0915769
98 181 64 128 0.0283417
93 182 64 128 0.033243
94 182 64 128 0.079497
95 182 64 128 0.0746172
96 182 64 128 0.0944998
97 182 64 128 0.0705625
98 182 64 128 0.0227173
93 183 64 128 0.0215277
94 183 64 128 0.0511161
95 183 64 128 0.0481435
96 183 64 128 0.0649095
97 183 64 128 0.0514465
98 183 64 128 0.0186065
93 184 64 128 0.0140279
94 184 64 128 0.0338269
95 184 64 128 0.034538
96 184 64 128 0.0496135
97 184 64 128 0.0397972
98 184 64 128 0.0147477
94 185 64 128 0.024859
95 185 64 128 0.0291211
96 185 64 128 0.0429384
97 185 64 128 0.0327927
98 185 64 128 0.0111027
94 186 64 128 0.0177032
95 186 64 128 0.0230925
96 186 64 128 0.0352918
97 186 64 128 0.0260047
94 187 64 128 0.0114469
95 187 64 128 0.0160237
96 187 64 128 0.0261899
97 187 64 128 0.0191002
95 188 64 128 0.0107321
96 188 64 128 0.0187076
97 188 64 128 0.0133655
96 189 64 128 0.0136291
96 190 64 128 0.0102875
233 197 64 128 0.0105934
234 197 64 128 0.0111423
235 197 64 128 0.0103525
233 198 64 128 0.0118811
234 198 64 128 0.0120931
235 198 64 128 0.0112421
233 199 64 128 0.0103397
234 199 64 128 0.0108713
235 199 64 128 0.0104719
319 203 64 128 0.0101195
319 204 64 128 0.0116633
319 205 64 128 0.0105983
21 209 64 128 0.0177523
22 209 64 128 0.0237849
23 209 64 128 0.0199211
24 209 64 128 0.0118586
26 209 64 128 0.0110961
27 209 64 128 0.0112151
28 209 64 128 0.0136457
29 209 64 128 0.0157799
30 209 64 128 0.0100098
18 210 64 128 0.0108005
19 210 64 128 0.0140431
20 210 64 128 0.0176214
21 210 64 128 0.0349432
22 210 64 128 0.0518753
23 210 64 128 0.0423406
24 210 64 128 0.0198444
25 210 64 128 0.0183019
26 210 64 128 0.0249486
27 210 64 128 0.0284723
28 210 64 128 0.0314616
29 210 64 128 0.0306509
30 210 64 128 0.0214049
31 210 64 128 0.0178446
32 210 64 128 0.0140056
33 210 64 128 0.0120312
34 210 64 128 0.0113409
18 211 64 128 0.0177121
19 211 64 128 0.0236978
20 211 64 128 0.0287872
21 211 64 128 0.0551366
22 211 64 128 0.0833246
23 211 64 128 0.06857
24 211 64 128 0.0312233
25 211 64 128 0.0286508
26 211 64 128 0.0403409
27 211 64 128 0.0469663
28 211 64 128 0.0511682
29 211 64 128 0.0494015
30 211 64 128 0.0353602
31 211 64 128 0.0273433
32 211 64 128 0.0215587
33 211 64 128 0.0191502
34 211 64 128 0.017397
35 211 64 128 0.0120988
36 211 64 128 0.0136222
37 211 64 128 0.0109926
17 212 64 128 0.0102368
18 212 64 128 0.025252
19 212 64 128 0.0363135
20 212 64 128 0.0404292
21 212 64 128 0.0776325
22 212 64 128 0.112336
23 212 64 128 0.0937254
24 212 64 128 0.046764
25 212 64 128 0.0370298
26 212 64 128 0.0534655
27 212 64 128 0.0606315
28 212 64 128 0.067239
29 212 64 128 0.0694149
30 212 64 128 0.0486589
31 212 64 128 0.0339314
32 212 64 128 0.0255328
33 212 64 128 0.0230387
34 212 64 128 0.0212452
35 212 64 128 0.0148251
36 212 64 128 0.0145815
37 212 64 128 0.0116871
17 213 64 128 0.0127399
18 213 64 128 0.0357922
19 213 64 128 0.0545343
20 213 64 128 0.0616938
21 213 64 128 0.123886
22 213 64 128 0.163914
23 213 64 128 0.131222
24 213 64 128 0.070237
25 213 64 128 0.0526956
26 213 64 128 0.0722712
27 213 64 128 0.0792645
28 213 64 128 0.0887975
29 213 64 128 0.0932186
30 213 64 128 0.0616149
31 213 64 128 0.0406584
32 213 64 128 0.028687
33 213 64 128 0.0252185
34 213 64 128 0.0243799
35 213 64 128 0.0169369
36 213 64 128 0.0150135
37 213 64 128 0.0117342
17 214 64 128 0.0184129
18 214 64 128 0.0513258
19 214 64 128 0.0800473
20 214 64 128 0.100694
21 214 64 128 0.212958
22 214 64 128 0.261667
23 214 64 128 0.193912
24 214 64 128 0.104297
25 214 64 128 0.0843176
26 214 64 128 0.104484
27 214 64 128 0.113325
28 214 64 128 0.125733
29 214 64 128 0.123771
30 214 64 128 0.0756329
31 214 64 128 0.0512534
32 214 64 128 0.0345927
33 214 64 128 0.0281425
34 214 64 128 0.0287901
35 214 64 128 0.0197515
36 214 64 128 0.0178828
37 214 64 128 0.0128439
16 215 64 128 0.0114388
17 215 64 128 0.0240892
18 215 64 128 0.06591
19 215 64 128 0.103923
20 215 64 128 0.141329
21 215 64 128 0.31091
22 215 64 128 0.368182
23 215 64 128 0.260135
24 215 64 128 0.139236
25 215 64 128 0.116985
26 215 64 128 0.136581
27 215 64 128 0.150916
28 215 64 128 0.168298
29 215 64 128 0.158195
30 215 64 128 0.0933237
31 215 64 128 0.0631316
32 215 64 128 0.0416832
33 215 64 128 0.0321275
34 215 64 128 0.0330301
35 215 64 128 0.0232401
36 215 64 128 0.0221587
37 215 64 128 0.0146122
16 216 64 128 0.0124933
17 216 64 128 0.0250772
18 216 64 128 0.0715019
19 216 64 128 0.114704
20 216 64 128 0.161023
21 216 64 128 0.367614
22 216 64 128 0.427955
23 216 64 128 0.298843
24 216 64 128 0.162412
25 216 64 128 0.129587
26 216 64 128 0.149649
27 216 64 128 0.17392
28 216 64 128 0.200857
29 216 64 128 0.19168
30 216 64 128 0.117309
31 216 64 128 0.0717771
32 216 64 128 0.046721
33 216 64 128 0.0366934
34 216 64 128 0.0346974
35 216 64 128 0.0268817
36 216 64 128 0.0253764
37 216 64 128 0.0158596
16 217 64 128 0.012116
17 217 64 128 0.0239643
18 217 64 128 0.0719907
19 217 64 128 0.119969
20 217 64 128 0.17284
21 217 64 128 0.389046
22 217 64 128 0.456049
23 217 64 128 0.328113
24 217 64 128 0.18347
25 217 64 128 0.13689
26 217 64 128 0.159281
27 217 64 128 0.19457
28 217 64 128 0.229813
29 217 64 128 0.223972
30 217 64 128 0.145033
31 217 64 128 0.079337
32 217 64 128 0.0507992
33 217 64 128 0.0420498
34 217 64 128 0.0360331
35 217 64 128 0.0307014
36 217 64 128 0.0269737
37 217 64 128 0.0162325
16 218 64 128 0.012123
17 218 64 128 0.0273967
18 218 64 128 0.0779284
19 218 64 128 0.13778
20 218 64 128 0.209636
21 218 64 128 0.413754
22 218 64 128 0.507683
23 218 64 128 0.393278
24 218 64 128 0.224481
25 218 64 128 0.17364
26 218 64 128 0.2
27 218 64 128 0.241728
28 218 64 128 0.273794
29 218 64 128 0.257314
30 218 64 128 0.170854
31 218 64 128 0.0915751
32 218 64 128 0.0573895
33 218 64 128 0.048704
34 218 64 128 0.0417644
35 218 64 128 0.0350077
36 218 64 128 0.0275369
37 218 64 128 0.0158785
0 219 64 128 0.0105545
16 219 64 128 0.0124245
17 219 64 128 0.033719
18 219 64 128 0.0864722
19 219 64 128 0.16197
20 219 64 128 0.261992
21 219 64 128 0.441893
22 219 64 128 0.573527
23 219 64 128 0.481038
24 219 64 128 0.282126
25 219 64 128 0.233157
26 219 64 128 0.260841
27 219 64 128 0.30396
28 219 64 128 0.325051
29 219 64 128 0.287831
30 219 64 128 0.190957
31 219 64 128 0.104674
32 219 64 128 0.0642757
33 219 64 128 0.0546297
34 219 64 128 0.049286
35 219 64 128 0.0390532
36 219 64 128 0.0271924
37 219 64 128 0.014794
0 220 64 128 0.0109127
16 220 64 128 0.011197
17 220 64 128 0.0337444
18 220 64 128 0.0826494
19 220 64 128 0.164446
20 220 64 128 0.282143
21 220 64 128 0.438584
22 220 64 128 0.585578
23 220 64 128 0.524803
24 220 64 128 0.329796
25 220 64 128 0.271045
26 220 64 128 0.289626
27 220 64 128 0.333331
28 220 64 128 0.351935
29 220 64 128 0.30616
30 220 64 128 0.203276
31 220 64 128 0.106208
32 220 64 128 0.0641314
33 220 64 128 0.055553
34 220 64 128 0.0493996
35 220 64 128 0.0411506
36 220 64 128 0.0256535
37 220 64 128 0.0128497
17 221 64 128 0.0257382
18 221 64 128 0.0645864
19 221 64 128 0.140583
20 221 64 128 0.260076
21 221 64 128 0.402722
22 221 64 128 0.53396
23 221 64 128 0.505527
24 221 64 128 0.352515
25 221 64 128 0.273854
26 221 64 128 0.275475
27 221 64 128 0.319271
28 221 64 128 0.347245
29 221 64 128 0.310691
30 221 64 128 0.206677
31 221 64 128 0.0953543
32 221 64 128 0.0567266
33 221 64 128 0.0511907
34 221 64 128 0.0415159
35 221 64 128 0.0412179
36 221 64 128 0.0237974
37 221 64 128 0.0108114
0 222 64 128 0.0102717
17 222 64 128 0.0185804
18 222 64 128 0.0490079
19 222 64 128 0.119088
20 222 64 128 0.239545
21 222 64 128 0.3813
22 222 64 128 0.491554
23 222 64 128 0.472213
24 222 64 128 0.352558
25 222 64 128 0.272581
26 222 64 128 0.266323
27 222 64 128 0.304387
28 222 64 128 0.338592
29 222 64 128 0.310765
30 222 64 128 0.201255
31 222 64 128 0.0876552
32 222 64 128 0.0518263
33 222 64 128 0.0468511
34 222 64 128 0.0371872
35 222 64 128 0.0414258
36 222 64 128 0.0241133
37 222 64 128 0.0106742
0 223 64 128 0.0148429
17 223 64 128 0.0173531
18 223 64 128 0.0455695
19 223 64 128 0.115965
20 223 64 128 0.243474
21 223 64 128 0.395889
22 223 64 128 0.496952
23 223 64 128 0.458341
24 223 64 128 0.340387
25 223 64 128 0.287276
26 223 64 128 0.291118
27 223 64 128 0.316555
28 223 64 128 0.345371
29 223 64 128 0.315884
30 223 64 128 0.19254
31 223 64 128 0.0918776
32 223 64 128 0.054515
33 223 64 128 0.0456361
34 223 64 128 0.0416423
35 223 64 128 0.0433996
36 223 64 128 0.0275596
37 223 64 128 0.0130573
0 224 64 128 0.0185658
17 224 64 128 0.0176307
18 224 64 128 0.0464075
19 224 64 128 0.115757
20 224 64 128 0.243311
21 224 64 128 0.407893
22 224 64 128 0.504889
23 224 64 128 0.454818
24 224 64 128 0.340881
25 224 64 128 0.308491
26 224 64 128 0.330417
27 224 64 128 0.344951
28 224 64 128 0.364616
29 224 64 128 0.334215
30 224 64 128 0.197191
31 224 64 128 0.100217
32 224 64 128 0.0586287
33 224 64 128 0.0452128
34 224 64 128 0.045119
35 224 64 128 0.0472889
36 224 64 128 0.031666
37 224 64 128 0.015531
0 225 64 128 0.01927
17 225 64 128 0.0161349
18 225 64 128 0.0450197
19 225 64 128 0.106895
20 225 64 128 0.219488
21 225 64 128 0.387014
22 225 64 128 0.479687
23 225 64 128 0.452293
24 225 64 128 0.368347
25 225 64 128 0.326253
26 225 64 128 0.36575
27 225 64 128 0.379064
28 225 64 128 0.394021
29 225 64 128 0.370911
30 225 64 128 0.224963
31 225 64 128 0.106999
32 225 64 128 0.0610585
33 225 64 128 0.0464546
34 225 64 128 0.0438412
35 225 64 128 0.0545062
36 225 64 128 0.0357364
37 225 64 128 0.0170381
0 226 64 128 0.0250617
1 226 64 128 0.0130402
17 226 64 128 0.0171128
18 226 64 128 0.046345
19 226 64 128 0.103024
20 226 64 128 0.202114
21 226 64 128 0.35393
22 226 64 128 0.450307
23 226 64 128 0.457716
24 226 64 128 0.397179
25 226 64 128 0.340764
26 226 64 128 0.401258
27 226 64 128 0.424952
28 226 64 128 0.44242
29 226 64 128 0.421919
30 226 64 128 0.258877
31 226 64 128 0.12009
32 226 64 128 0.0730755
33 226 64 128 0.0627635
34 226 64 128 0.059374
35 226 64 128 0.0711317
36 226 64 128 0.046177
37 226 64 128 0.0221749
0 227 64 128 0.0424298
1 227 64 128 0.0242075
17 227 64 128 0.0244035
18 227 64 128 0.0551556
19 227 64 128 0.117364
20 227 64 128 0.220739
21 227 64 128 0.333806
22 227 64 128 0.448441
23 227 64 128 0.476418
24 227 64 128 0.400989
25 227 64 128 0.354178
26 227 64 128 0.441402
27 227 64 128 0.486789
28 227 64 128 0.514949
29 227 64 128 0.480048
30 227 64 128 0.28239
31 227 64 128 0.146636
32 227 64 128 0.103886
33 227 64 128 0.103844
34 227 64 128 0.109017
35 227 64 128 0.102019
36 227 64 128 0.068556
37 227 64 128 0.035034
38 227 64 128 0.0140563
0 228 64 128 0.0590421
1 228 64 128 0.0355993
2 228 64 128 0.0103876
16 228 64 128 0.0100888
17 228 64 128 0.0320308
18 228 64 128 0.0636166
19 228 64 128 0.135044
20 228 64 128 0.251009
21 228 64 128 0.322344
22 228 64 128 0.453294
23 228 64 128 0.488705
24 228 64 128 0.390415
25 228 64 128 0.368177
26 228 64 128 0.46903
27 228 64 128 0.542089
28 228 64 128 0.586444
29 228 64 128 0.53153
30 228 64 128 0.308655
31 228 64 128 0.176178
32 228 64 128 0.137377
33 228 64 128 0.147648
34 228 64 128 0.16225
35 228 64 128 0.140967
36 228 64 128 0.0968641
37 228 64 128 0.0513269
38 228 64 128 0.0200899
0 229 64 128 0.0599102
1 229 64 128 0.038636
2 229 64 128 0.0121657
16 229 64 128 0.0102255
17 229 64 128 0.0323625
18 229 64 128 0.0619006
19 229 64 128 0.135751
20 229 64 128 0.256537
21 229 64 128 0.307654
22 229 64 128 0.431938
23 229 64 128 0.470125
24 229 64 128 0.384328
25 229 64 128 0.382708
26 229 64 128 0.463906
27 229 64 128 0.56359
28 229 64 128 0.625886
29 229 64 128 0.562624
30 229 64 128 0.355776
31 229 64 128 0.194847
32 229 64 128 0.152897
33 229 64 128 0.166794
34 229 64 128 0.18053
35 229 64 128 0.179502
36 229 64 128 0.123044
37 229 64 128 0.0653557
38 229 64 128 0.0282131
0 230 64 128 0.0575964
1 230 64 128 0.0402305
2 230 64 128 0.0140792
16 230 64 128 0.0112895
17 230 64 128 0.0299015
18 230 64 128 0.0568743
19 230 64 128 0.128035
20 230 64 128 0.243301
21 230 64 128 0.292599
22 230 64 128 0.389299
23 230 64 128 0.42273
24 230 64 128 0.372265
25 230 64 128 0.384651
26 230 64 128 0.437123
27 230 64 128 0.554682
28 230 64 128 0.633595
29 230 64 128 0.577141
30 230 64 128 0.404683
31 230 64 128 0.206915
32 230 64 128 0.158889
33 230 64 128 0.173384
34 230 64 128 0.184804
35 230 64 128 0.219485
36 230 64 128 0.152565
37 230 64 128 0.0818165
38 230 64 128 0.0382514
0 231 64 128 0.0762363
1 231 64 128 0.0539426
2 231 64 128 0.0204221
16 231 64 128 0.0181674
17 231 64 128 0.0342399
18 231 64 128 0.0623118
19 231 64 128 0.132771
20 231 64 128 0.236201
21 231 64 128 0.286188
22 231 64 128 0.347849
23 231 64 128 0.361812
24 231 64 128 0.331932
25 231 64 128 0.356707
26 231 64 128 0.414286
27 231 64 128 0.53371
28 231 64 128 0.625117
29 231 64 128 0.58705
30 231 64 128 0.421073
31 231 64 128 0.224972
32 231 64 128 0.176664
33 231 64 128 0.196772
34 231 64 128 0.221626
35 231 64 128 0.267011
36 231 64 128 0.196468
37 231 64 128 0.109732
38 231 64 128 0.0498614
39 231 64 128 0.0126311
227 231 64 128 0.0104486
0 232 64 128 0.11143
1 232 64 128 0.0792555
2 232 64 128 0.0314919
3 232 64 128 0.010823
15 232 64 128 0.0109311
16 232 64 128 0.027412
17 232 64 128 0.0422833
18 232 64 128 0.0731953
19 232 64 128 0.143682
20 232 64 128 0.232285
21 232 64 128 0.281447
22 232 64 128 0.314251
23 232 64 128 0.305275
24 232 64 128 0.278485
25 232 64 128 0.313809
26 232 64 128 0.407688
27 232 64 128 0.516906
28 232 64 128 0.612929
29 232 64 128 0.597347
30 232 64 128 0.414652
31 232 64 128 0.252831
32 232 64 128 0.206601
33 232 64 128 0.234933
34 232 64 128 0.284745
35 232 64 128 0.316003
36 232 64 128 0.250208
37 232 64 128 0.146787
38 232 64 128 0.0625918
39 232 64 128 0.0175785
227 232 64 128 0.0115122
228 232 64 128 0.011141
0 233 64 128 0.138351
1 233 64 128 0.105544
2 233 64 128 0.0447312
3 233 64 128 0.0154388
4 233 64 128 0.0139626
15 233 64 128 0.011196
16 233 64 128 0.0297356
17 233 64 128 0.0419648
18 233 64 128 0.0712162
19 233 64 128 0.135254
20 233 64 128 0.208811
21 233 64 128 0.26031
22 233 64 128 0.283603
23 233 64 128 0.27233
24 233 64 128 0.253752
25 233 64 128 0.293737
26 233 64 128 0.419367
27 233 64 128 0.518296
28 233 64 128 0.606887
29 233 64 128 0.607794
30 233 64 128 0.426552
31 233 64 128 0.28753
32 233 64 128 0.233724
33 233 64 128 0.263023
34 233 64 128 0.329583
35 233 64 128 0.351552
36 233 64 128 0.297808
37 233 64 128 0.18229
38 233 64 128 0.0758279
39 233 64 128 0.0233865
227 233 64 128 0.0102354
0 234 64 128 0.156807
1 234 64 128 0.13353
2 234 64 128 0.0612438
3 234 64 128 0.0211452
4 234 64 128 0.0218197
15 234 64 128 0.0100756
16 234 64 128 0.0263118
17 234 64 128 0.0351652
18 234 64 128 0.0586316
19 234 64 128 0.110967
20 234 64 128 0.172234
21 234 64 128 0.228272
22 234 64 128 0.259119
23 234 64 128 0.266336
24 234 64 128 0.263961
25 234 64 128 0.301664
26 234 64 128 0.443457
27 234 64 128 0.536413
28 234 64 128 0.609743
29 234 64 128 0.618157
30 234 64 128 0.458257
31 234 64 128 0.320588
32 234 64 128 0.251348
33 234 64 128 0.273891
34 234 64 128 0.343045
35 234 64 128 0.365783
36 234 64 128 0.328798
37 234 64 128 0.208002
38 234 64 128 0.0866136
39 234 64 128 0.0288891
0 235 64 128 0.194165
1 235 64 128 0.176573
2 235 64 128 0.0861621
3 235 64 128 0.0331885
4 235 64 128 0.0356894
14 235 64 128 0.0115996
15 235 64 128 0.0138508
16 235 64 128 0.0299584
17 235 64 128 0.0393107
18 235 64 128 0.0606355
19 235 64 128 0.106663
20 235 64 128 0.161567
21 235 64 128 0.216949
22 235 64 128 0.253115
23 235 64 128 0.272967
24 235 64 128 0.27521
25 235 64 128 0.306073
26 235 64 128 0.465526
27 235 64 128 0.552617
28 235 64 128 0.616309
29 235 64 128 0.628169
30 235 64 128 0.466599
31 235 64 128 0.33759
32 235 64 128 0.262303
33 235 64 128 0.280458
34 235 64 128 0.347763
35 235 64 128 0.358845
36 235 64 128 0.339114
37 235 64 128 0.218638
38 235 64 128 0.0894377
39 235 64 128 0.0326024
40 235 64 128 0.0105676
44 235 64 128 0.0109491
0 236 64 128 0.251142
1 236 64 128 0.229914
2 236 64 128 0.115997
3 236 64 128 0.0505813
4 236 64 128 0.0534451
5 236 64 128 0.014464
11 236 64 128 0.0125872
12 236 64 128 0.0133951
13 236 64 128 0.01559
14 236 64 128 0.0197732
15 236 64 128 0.023303
16 236 64 128 0.0431318
17 236 64 128 0.0571784
18 236 64 128 0.081823
19 236 64 128 0.130141
20 236 64 128 0.184647
21 236 64 128 0.230877
22 236 64 128 0.261351
23 236 64 128 0.275778
24 236 64 128 0.264862
25 236 64 128 0.287987
26 236 64 128 0.466704
27 236 64 128 0.547491
28 236 64 128 0.612958
29 236 64 128 0.624705
30 236 64 128 0.42817
31 236 64 128 0.325668
32 236 64 128 0.261331
33 236 64 128 0.280947
34 236 64 128 0.345367
35 236 64 128 0.328759
36 236 64 128 0.323004
37 236 64 128 0.20957
38 236 64 128 0.0820518
39 236 64 128 0.0332381
40 236 64 128 0.0101878
44 236 64 128 0.012421
227 236 64 128 0.0128973
228 236 64 128 0.0166144
229 236 64 128 0.0146766
230 236 64 128 0.0104183
0 237 64 128 0.281682
1 237 64 128 0.257538
2 237 64 128 0.132556
3 237 64 128 0.0616142
4 237 64 128 0.0639763
5 237 64 128 0.0187121
6 237 64 128 0.011475
7 237 64 128 0.0106936
8 237 64 128 0.0111444
9 237 64 128 0.0143896
10 237 64 128 0.011509
11 237 64 128 0.0180004
12 237 64 128 0.0184799
13 237 64 128 0.0208142
14 237 64 128 0.0262568
15 237 64 128 0.029619
16 237 64 128 0.0500161
17 237 64 128 0.065794
18 237 64 128 0.090485
19 237 64 128 0.139669
20 237 64 128 0.194549
21 237 64 128 0.227219
22 237 64 128 0.251234
23 237 64 128 0.256371
24 237 64 128 0.232586
25 237 64 128 0.252547
26 237 64 128 0.421533
27 237 64 128 0.501873
28 237 64 128 0.57275
29 237 64 128 0.573284
30 237 64 128 0.356416
31 237 64 128 0.275099
32 237 64 128 0.228906
33 237 64 128 0.247382
34 237 64 128 0.299429
35 237 64 128 0.269341
36 237 64 128 0.271392
37 237 64 128 0.17704
38 237 64 128 0.0678745
39 237 64 128 0.0298674
44 237 64 128 0.0126307
227 237 64 128 0.015091
228 237 64 128 0.0202842
229 237 64 128 0.0187166
230 237 64 128 0.0137289
0 238 64 128 0.263128
1 238 64 128 0.242961
2 238 64 128 0.127361
3 238 64 128 0.0601289
4 238 64 128 0.0618171
5 238 64 128 0.0197557
6 238 64 128 0.0124517
7 238 64 128 0.0114269
8 238 64 128 0.0128353
9 238 64 128 0.0170956
10 238 64 128 0.0146053
11 238 64 128 0.0205854
12 238 64 128 0.0186239
13 238 64 128 0.0206449
14 238 64 128 0.0272983
15 238 64 128 0.0278537
16 238 64 128 0.0423523
17 238 64 128 0.0533829
18 238 64 128 0.0706183
19 238 64 128 0.11361
20 238 64 128 0.166394
21 238 64 128 0.186303
22 238 64 128 0.21034
23 238 64 128 0.213178
24 238 64 128 0.188848
25 238 64 128 0.212284
26 238 64 128 0.333922
27 238 64 128 0.421773
28 238 64 128 0.495341
29 238 64 128 0.47346
30 238 64 128 0.277213
31 238 64 128 0.197033
32 238 64 128 0.166204
33 238 64 128 0.176736
34 238 64 128 0.205841
35 238 64 128 0.191657
36 238 64 128 0.194698
37 238 64 128 0.129093
38 238 64 128 0.0523952
39 238 64 128 0.0234846
44 238 64 128 0.0111916
227 238 64 128 0.0114739
228 238 64 128 0.0168465
229 238 64 128 0.0165936
230 238 64 128 0.0127368
0 239 64 128 0.243744
1 239 64 128 0.227026
2 239 64 128 0.120237
3 239 64 128 0.0567003
4 239 64 128 0.058056
5 239 64 128 0.0195383
6 239 64 128 0.0124497
7 239 64 128 0.0113067
8 239 64 128 0.013226
9 239 64 128 0.0179556
10 239 64 128 0.0158291
11 239 64 128 0.0211563
12 239 64 128 0.0175962
13 239 64 128 0.0193694
14 239 64 128 0.0265703
15 239 64 128 0.0252346
16 239 64 128 0.0355484
17 239 64 128 0.0429268
18 239 64 128 0.055009
19 239 64 128 0.0934932
20 239 64 128 0.144697
21 239 64 128 0.15892
22 239 64 128 0.184495
23 239 64 128 0.187983
24 239 64 128 0.166251
25 239 64 128 0.192734
26 239 64 128 0.284202
27 239 64 128 0.377267
28 239 64 128 0.451366
29 239 64 128 0.416662
30 239 64 128 0.239207
31 239 64 128 0.155053
32 239 64 128 0.130594
33 239 64 128 0.135888
34 239 64 128 0.152025
35 239 64 128 0.151742
36 239 64 128 0.153837
37 239 64 128 0.103643
38 239 64 128 0.0450109
39 239 64 128 0.0198984
44 239 64 128 0.0101677
228 239 64 128 0.0136662
229 239 64 128 0.0142345
230 239 64 128 0.0113158
