32 204 85 170 0.0101784
31 205 85 170 0.0112517
32 205 85 170 0.0119023
33 205 85 170 0.0106207
30 206 85 170 0.0100182
31 206 85 170 0.0129029
32 206 85 170 0.0136996
33 206 85 170 0.0122523
30 207 85 170 0.0114431
31 207 85 170 0.0145112
32 207 85 170 0.0155555
33 207 85 170 0.0139948
34 207 85 170 0.0102151
30 208 85 170 0.0130113
31 208 85 170 0.0161876
32 208 85 170 0.0175323
33 208 85 170 0.0158731
34 208 85 170 0.0113019
29 209 85 170 0.0106036
30 209 85 170 0.0148293
31 209 85 170 0.0181095
32 209 85 170 0.0197261
33 209 85 170 0.0179225
34 209 85 170 0.0125064
29 210 85 170 0.0124023
30 210 85 170 0.0170036
31 210 85 170 0.0204541
32 210 85 170 0.0222333
33 210 85 170 0.0201788
34 210 85 170 0.0139379
29 211 85 170 0.0144484
30 211 85 170 0.0196408
31 211 85 170 0.0233989
32 211 85 170 0.02515
33 211 85 170 0.0226772
34 211 85 170 0.0157058
28 212 85 170 0.0100038
29 212 85 170 0.0167417
30 212 85 170 0.0227804
31 212 85 170 0.0270178
32 212 85 170 0.0285086
33 212 85 170 0.025418
34 212 85 170 0.0178466
35 212 85 170 0.0107909
28 213 85 170 0.011694
29 213 85 170 0.0192329
30 213 85 170 0.026273
31 213 85 170 0.0310934
32 213 85 170 0.0321601
33 213 85 170 0.0283011
34 213 85 170 0.0201911
35 213 85 170 0.012505
28 214 85 170 0.0135445
29 214 85 170 0.021864
30 214 85 170 0.0299357
31 214 85 170 0.0353572
32 214 85 170 0.035924
33 214 85 170 0.0312092
34 214 85 170 0.0225343
35 214 85 170 0.0142124
28 215 85 170 0.0155248
29 215 85 170 0.0245771
30 215 85 170 0.033586
31 215 85 170 0.0395406
32 215 85 170 0.0396197
33 215 85 170 0.0340249
34 215 85 170 0.0246709
35 215 85 170 0.0156928
28 216 85 170 0.0176041
29 216 85 170 0.0273132
30 216 85 170 0.0370427
31 216 85 170 0.0433794
32 216 85 170 0.0430683
33 216 85 170 0.036631
34 216 85 170 0.0263997
35 216 85 170 0.0167309
36 216 85 170 0.0100468
27 217 85 170 0.0107349
28 217 85 170 0.0197374
29 217 85 170 0.0299741
30 217 85 170 0.0401798
31 217 85 170 0.0467426
32 217 85 170 0.0461432
33 217 85 170 0.0389176
34 217 85 170 0.0276418
35 217 85 170 0.0172793
36 217 85 170 0.0104329
27 218 85 170 0.0122557
28 218 85 170 0.021863
29 218 85 170 0.0324146
30 218 85 170 0.0429365
31 218 85 170 0.0496592
32 218 85 170 0.0487801
33 218 85 170 0.0407833
34 218 85 170 0.0284645
35 218 85 170 0.0174911
36 218 85 170 0.0106512
27 219 85 170 0.0138979
28 219 85 170 0.023918
29 219 85 170 0.034487
30 219 85 170 0.0452561
31 219 85 170 0.0521675
32 219 85 170 0.0509186
33 219 85 170 0.0421277
34 219 85 170 0.0289441
35 219 85 170 0.0175313
36 219 85 170 0.0107542
27 220 85 170 0.0156818
28 220 85 170 0.0258395
29 220 85 170 0.0360435
30 220 85 170 0.0470819
31 220 85 170 0.054306
32 220 85 170 0.0524981
33 220 85 170 0.0428499
34 220 85 170 0.0291567
35 220 85 170 0.017565
36 220 85 170 0.010794
27 221 85 170 0.0176145
28 221 85 170 0.0275662
29 221 85 170 0.0369568
30 221 85 170 0.0483638
31 221 85 170 0.056103
32 221 85 170 0.0534647
33 221 85 170 0.0428667
34 221 85 170 0.0291743
35 221 85 170 0.0177407
36 221 85 170 0.0108199
27 222 85 170 0.0195873
28 222 85 170 0.0290493
29 222 85 170 0.0372792
30 222 85 170 0.0491125
31 222 85 170 0.0574986
32 222 85 170 0.0538216
33 222 85 170 0.0422493
34 222 85 170 0.0290336
35 222 85 170 0.0180608
36 222 85 170 0.0108513
27 223 85 170 0.0214307
28 223 85 170 0.0302467
29 223 85 170 0.0371572
30 223 85 170 0.0493701
31 223 85 170 0.0583868
32 223 85 170 0.0536019
33 223 85 170 0.0411494
34 223 85 170 0.0287527
35 223 85 170 0.0184516
36 223 85 170 0.0108925
27 224 85 170 0.0229746
28 224 85 170 0.031116
29 224 85 170 0.036738
30 224 85 170 0.0491788
31 224 85 170 0.0586613
32 224 85 170 0.052839
33 224 85 170 0.0397195
34 224 85 170 0.0283496
35 224 85 170 0.0188387
36 224 85 170 0.0109473
26 225 85 170 0.0100077
27 225 85 170 0.0240491
28 225 85 170 0.0316153
29 225 85 170 0.0361688
30 225 85 170 0.0485812
31 225 85 170 0.0582157
32 225 85 170 0.0515663
33 225 85 170 0.0381121
34 225 85 170 0.027842
35 225 85 170 0.0191477
36 225 85 170 0.0110199
26 226 85 170 0.0102868
27 226 85 170 0.0245351
28 226 85 170 0.0317096
29 226 85 170 0.0355428
30 226 85 170 0.0476062
31 226 85 170 0.0569887
32 226 85 170 0.0498235
33 226 85 170 0.0364398
34 226 85 170 0.0272303
35 226 85 170 0.0193059
36 226 85 170 0.0110997
26 227 85 170 0.0103429
27 227 85 170 0.0244841
28 227 85 170 0.0313883
29 227 85 170 0.0347715
30 227 85 170 0.0462377
31 227 85 170 0.0550699
32 227 85 170 0.0476716
33 227 85 170 0.0346821
34 227 85 170 0.0264549
35 227 85 170 0.0192462
36 227 85 170 0.0111271
26 228 85 170 0.0102065
27 228 85 170 0.0239834
28 228 85 170 0.030646
29 228 85 170 0.0337287
30 228 85 170 0.0444503
31 228 85 170 0.0525805
32 228 85 170 0.045176
33 228 85 170 0.0327907
34 228 85 170 0.025444
35 228 85 170 0.0189025
36 228 85 170 0.0110323
27 229 85 170 0.0231203
28 229 85 170 0.0294772
29 229 85 170 0.0322882
30 229 85 170 0.0422185
31 229 85 170 0.0496418
32 229 85 170 0.042402
33 229 85 170 0.030717
34 229 85 170 0.0241256
35 229 85 170 0.0182088
36 229 85 170 0.0107454
27 230 85 170 0.021983
28 230 85 170 0.0278792
29 230 85 170 0.0303277
30 230 85 170 0.0395195
31 230 85 170 0.0463757
32 230 85 170 0.0394162
33 230 85 170 0.0284149
34 230 85 170 0.0224304
35 230 85 170 0.0171016
36 230 85 170 0.0101984
27 231 85 170 0.0207131
28 231 85 170 0.025979
29 231 85 170 0.0279197
30 231 85 170 0.0364592
31 231 85 170 0.0429371
32 231 85 170 0.0363315
33 231 85 170 0.0259414
34 231 85 170 0.0204121
35 231 85 170 0.0156258
27 232 85 170 0.0195257
28 232 85 170 0.0240843
29 232 85 170 0.0254078
30 232 85 170 0.0333225
31 232 85 170 0.0395271
32 232 85 170 0.0333265
33 232 85 170 0.0234978
34 232 85 170 0.0182955
35 232 85 170 0.0139783
27 233 85 170 0.0186416
28 233 85 170 0.0225165
29 233 85 170 0.023156
30 233 85 170 0.0304076
31 233 85 170 0.03635
32 233 85 170 0.0305842
33 233 85 170 0.021296
34 233 85 170 0.0163184
35 233 85 170 0.012367
27 234 85 170 0.0182815
28 234 85 170 0.0215967
29 234 85 170 0.0215282
30 234 85 170 0.028013
31 234 85 170 0.0336103
32 234 85 170 0.0282879
33 234 85 170 0.0195479
34 234 85 170 0.0147185
35 234 85 170 0.0110001
27 235 85 170 0.0186345
28 235 85 170 0.0216054
29 235 85 170 0.0208476
30 235 85 170 0.0264086
31 235 85 170 0.0314961
32 235 85 170 0.0266041
33 235 85 170 0.0184433
34 235 85 170 0.0137103
35 235 85 170 0.0100676
27 236 85 170 0.0195464
28 236 85 170 0.0223774
29 236 85 170 0.0209966
30 236 85 170 0.0255566
31 236 85 170 0.0300196
32 236 85 170 0.0255171
33 236 85 170 0.0179314
34 236 85 170 0.0132579
26 237 85 170 0.0101228
27 237 85 170 0.0206526
28 237 85 170 0.0234753
29 237 85 170 0.0215877
30 237 85 170 0.0252312
31 237 85 170 0.0290852
32 237 85 170 0.0248999
33 237 85 170 0.0178138
34 237 85 170 0.013172
26 238 85 170 0.0107394
27 238 85 170 0.0215858
28 238 85 170 0.0244577
29 238 85 170 0.0222294
30 238 85 170 0.0252036
31 238 85 170 0.0285958
32 238 85 170 0.0246239
33 238 85 170 0.0178901
34 238 85 170 0.0132609
26 239 85 170 0.0109935
27 239 85 170 0.0219786
28 239 85 170 0.0248833
29 239 85 170 0.0225302
30 239 85 170 0.0252453
31 239 85 170 0.0284542
32 239 85 170 0.0245604
33 239 85 170 0.0179601
34 239 85 170 0.0133331
57 165 64 128 0.011551
58 165 64 128 0.0119363
57 166 64 128 0.0128087
58 166 64 128 0.0132126
57 167 64 128 0.0126166
58 167 64 128 0.0127768
57 168 64 128 0.0121621
58 168 64 128 0.0120972
57 169 64 128 0.0124134
58 169 64 128 0.0123506
56 170 64 128 0.0101621
57 170 64 128 0.0126745
58 170 64 128 0.0126035
57 171 64 128 0.0121219
58 171 64 128 0.0117783
57 172 64 128 0.0111494
58 172 64 128 0.0104378
57 173 64 128 0.0104921
57 174 64 128 0.0102942
57 175 64 128 0.0103764
38 176 64 128 0.013871
39 176 64 128 0.0138736
57 176 64 128 0.010295
37 177 64 128 0.012587
38 177 64 128 0.0186076
39 177 64 128 0.018545
37 178 64 128 0.016943
38 178 64 128 0.024724
39 178 64 128 0.0239872
40 178 64 128 0.0135899
36 179 64 128 0.0176964
37 179 64 128 0.0314042
38 179 64 128 0.0423086
39 179 64 128 0.039738
40 179 64 128 0.0237913
41 179 64 128 0.0122946
35 180 64 128 0.0161427
36 180 64 128 0.0338419
37 180 64 128 0.0568155
38 180 64 128 0.0727589
39 180 64 128 0.066979
40 180 64 128 0.0410111
41 180 64 128 0.0203402
35 181 64 128 0.022804
36 181 64 128 0.0460533
37 181 64 128 0.079574
38 181 64 128 0.101556
39 181 64 128 0.0915756
40 181 64 128 0.0572166
41 181 64 128 0.0279193
42 181 64 128 0.0118839
35 182 64 128 0.0263897
36 182 64 128 0.0495313
37 182 64 128 0.0927645
38 182 64 128 0.120648
39 182 64 128 0.105975
40 182 64 128 0.0680762
41 182 64 128 0.0330818
42 182 64 128 0.0137952
34 183 64 128 0.0132934
35 183 64 128 0.0339467
36 183 64 128 0.0594599
37 183 64 128 0.111329
38 183 64 128 0.14364
39 183 64 128 0.124433
40 183 64 128 0.0815236
41 183 64 128 0.0389441
42 183 64 128 0.0159497
43 183 64 128 0.0110817
44 183 64 128 0.0109611
34 184 64 128 0.0228407
35 184 64 128 0.0502611
36 184 64 128 0.0868483
37 184 64 128 0.145669
38 184 64 128 0.179718
39 184 64 128 0.156858
40 184 64 128 0.102767
41 184 64 128 0.0475938
42 184 64 128 0.0193762
43 184 64 128 0.0136177
44 184 64 128 0.0123394
33 185 64 128 0.0122564
34 185 64 128 0.0311131
35 185 64 128 0.0643598
36 185 64 128 0.111076
37 185 64 128 0.171692
38 185 64 128 0.204223
39 185 64 128 0.179523
40 185 64 128 0.116913
41 185 64 128 0.0532227
42 185 64 128 0.021729
43 185 64 128 0.0152525
44 185 64 128 0.0130952
33 186 64 128 0.0113792
34 186 64 128 0.0302482
35 186 64 128 0.0643653
36 186 64 128 0.108977
37 186 64 128 0.163468
38 186 64 128 0.191185
39 186 64 128 0.166882
40 186 64 128 0.108408
41 186 64 128 0.0497804
42 186 64 128 0.0204939
43 186 64 128 0.014261
44 186 64 128 0.0124915
34 187 64 128 0.0273806
35 187 64 128 0.0603422
36 187 64 128 0.0964961
37 187 64 128 0.144038
38 187 64 128 0.166035
39 187 64 128 0.14096
40 187 64 128 0.0930328
41 187 64 128 0.0436317
42 187 64 128 0.0180218
43 187 64 128 0.012571
44 187 64 128 0.011529
33 188 64 128 0.0126522
34 188 64 128 0.0343575
35 188 64 128 0.0693629
36 188 64 128 0.102517
37 188 64 128 0.152239
38 188 64 128 0.170734
39 188 64 128 0.139421
40 188 64 128 0.0965896
41 188 64 128 0.0450763
42 188 64 128 0.0182366
43 188 64 128 0.0132754
44 188 64 128 0.0117543
33 189 64 128 0.0183161
34 189 64 128 0.0463458
35 189 64 128 0.0853662
36 189 64 128 0.119744
37 189 64 128 0.177056
38 189 64 128 0.194409
39 189 64 128 0.154764
40 189 64 128 0.112007
41 189 64 128 0.0509793
42 189 64 128 0.0201458
43 189 64 128 0.0156042
44 189 64 128 0.0127851
45 189 64 128 0.0106122
33 190 64 128 0.0192314
34 190 64 128 0.048696
35 190 64 128 0.0886087
36 190 64 128 0.119363
37 190 64 128 0.17781
38 190 64 128 0.194655
39 190 64 128 0.152432
40 190 64 128 0.112599
41 190 64 128 0.0502092
42 190 64 128 0.0198185
43 190 64 128 0.0164652
44 190 64 128 0.0130745
45 190 64 128 0.0108172
33 191 64 128 0.0155264
34 191 64 128 0.0411311
35 191 64 128 0.0779002
36 191 64 128 0.0992921
37 191 64 128 0.150209
38 191 64 128 0.16567
39 191 64 128 0.127077
40 191 64 128 0.0944488
41 191 64 128 0.04134
42 191 64 128 0.0166439
43 191 64 128 0.0151013
44 191 64 128 0.0121425
45 191 64 128 0.0100438
33 192 64 128 0.014292
34 192 64 128 0.036875
35 192 64 128 0.0695216
36 192 64 128 0.0826597
37 192 64 128 0.124335
38 192 64 128 0.136287
39 192 64 128 0.101048
40 192 64 128 0.0752058
41 192 64 128 0.0321323
42 192 64 128 0.0131601
43 192 64 128 0.012979
44 192 64 128 0.010531
33 193 64 128 0.0174316
34 193 64 128 0.0400009
35 193 64 128 0.0692604
36 193 64 128 0.0783269
37 193 64 128 0.112642
38 193 64 128 0.119396
39 193 64 128 0.0850603
40 193 64 128 0.063516
41 193 64 128 0.0265051
42 193 64 128 0.0107783
43 193 64 128 0.0110432
32 194 64 128 0.0100857
33 194 64 128 0.0191734
34 194 64 128 0.0409744
35 194 64 128 0.0671867
36 194 64 128 0.0736945
37 194 64 128 0.100892
38 194 64 128 0.103552
39 194 64 128 0.0719391
40 194 64 128 0.0541641
41 194 64 128 0.0224619
33 195 64 128 0.0166622
34 195 64 128 0.0349849
35 195 64 128 0.0581092
36 195 64 128 0.0614297
37 195 64 128 0.0808933
38 195 64 128 0.0820552
39 195 64 128 0.0568787
40 195 64 128 0.0435401
41 195 64 128 0.0184324
33 196 64 128 0.0144959
34 196 64 128 0.0294824
35 196 64 128 0.0494682
36 196 64 128 0.048879
37 196 64 128 0.0616377
38 196 64 128 0.0622362
39 196 64 128 0.0430047
40 196 64 128 0.0336851
41 196 64 128 0.0147054
33 197 64 128 0.0160701
34 197 64 128 0.0300555
35 197 64 128 0.046849
36 197 64 128 0.0421534
37 197 64 128 0.050556
38 197 64 128 0.0500715
39 197 64 128 0.0331016
40 197 64 128 0.0264429
41 197 64 128 0.0116368
32 198 64 128 0.0101414
33 198 64 128 0.0176273
34 198 64 128 0.0309094
35 198 64 128 0.0443173
36 198 64 128 0.0370266
37 198 64 128 0.0425996
38 198 64 128 0.041086
39 198 64 128 0.0254489
40 198 64 128 0.0206005
33 199 64 128 0.0151844
34 199 64 128 0.0258569
35 199 64 128 0.0356516
36 199 64 128 0.0286431
37 199 64 128 0.0318743
38 199 64 128 0.0301658
39 199 64 128 0.018002
40 199 64 128 0.014758
33 200 64 128 0.0113395
34 200 64 128 0.0190053
35 200 64 128 0.0256264
36 200 64 128 0.0200663
37 200 64 128 0.0215924
38 200 64 128 0.0201852
39 200 64 128 0.0119027
33 201 64 128 0.0102381
34 201 64 128 0.0168544
35 201 64 128 0.0215079
36 201 64 128 0.0161869
37 201 64 128 0.017081
38 201 64 128 0.0158396
33 202 64 128 0.0108847
34 202 64 128 0.0176273
35 202 64 128 0.0211803
36 202 64 128 0.0154161
37 202 64 128 0.0163348
38 202 64 128 0.0150943
34 203 64 128 0.0157619
35 203 64 128 0.0182332
36 203 64 128 0.0131939
37 203 64 128 0.0139889
38 203 64 128 0.0128427
34 204 64 128 0.0115462
35 204 64 128 0.0128373
35 205 64 128 0.0100669
34 206 64 128 0.010873
35 206 64 128 0.0109388
34 207 64 128 0.0118017
35 207 64 128 0.011736
172 207 64 128 0.0138767
173 207 64 128 0.0156586
34 208 64 128 0.010947
35 208 64 128 0.0107446
170 208 64 128 0.0157383
171 208 64 128 0.0280058
172 208 64 128 0.0555965
173 208 64 128 0.0622896
174 208 64 128 0.0325968
175 208 64 128 0.0188958
176 208 64 128 0.0103411
34 209 64 128 0.0107277
35 209 64 128 0.0101104
170 209 64 128 0.016248
171 209 64 128 0.0351113
172 209 64 128 0.0851343
173 209 64 128 0.095194
174 209 64 128 0.0402727
175 209 64 128 0.0229695
176 209 64 128 0.0134053
34 210 64 128 0.0125556
35 210 64 128 0.011209
171 210 64 128 0.0294691
172 210 64 128 0.0964619
173 210 64 128 0.104172
174 210 64 128 0.0267328
175 210 64 128 0.0148046
176 210 64 128 0.0107018
33 211 64 128 0.0108679
34 211 64 128 0.014218
35 211 64 128 0.0124147
169 211 64 128 0.0110063
170 211 64 128 0.0408684
171 211 64 128 0.0862543
172 211 64 128 0.167729
173 211 64 128 0.164303
174 211 64 128 0.0567704
175 211 64 128 0.0331086
176 211 64 128 0.0208557
177 211 64 128 0.0107182
33 212 64 128 0.0104225
34 212 64 128 0.0138316
35 212 64 128 0.0122635
165 212 64 128 0.0128004
167 212 64 128 0.0134546
168 212 64 128 0.0186485
169 212 64 128 0.048315
170 212 64 128 0.150913
171 212 64 128 0.249924
172 212 64 128 0.346496
173 212 64 128 0.322588
174 212 64 128 0.170402
175 212 64 128 0.10135
176 212 64 128 0.0549468
177 212 64 128 0.0293808
178 212 64 128 0.0186591
34 213 64 128 0.0132731
35 213 64 128 0.0119448
164 213 64 128 0.0101872
165 213 64 128 0.0202551
166 213 64 128 0.0151599
167 213 64 128 0.0212047
168 213 64 128 0.0282869
169 213 64 128 0.076101
170 213 64 128 0.243419
171 213 64 128 0.38967
172 213 64 128 0.498774
173 213 64 128 0.454068
174 213 64 128 0.259725
175 213 64 128 0.15307
176 213 64 128 0.0798019
177 213 64 128 0.0429913
178 213 64 128 0.0274896
33 214 64 128 0.0109123
34 214 64 128 0.0148507
35 214 64 128 0.0129724
165 214 64 128 0.0146382
166 214 64 128 0.0108056
167 214 64 128 0.0158867
168 214 64 128 0.0178356
169 214 64 128 0.0602237
170 214 64 128 0.223672
171 214 64 128 0.37043
172 214 64 128 0.484976
173 214 64 128 0.428995
174 214 64 128 0.214408
175 214 64 128 0.121304
176 214 64 128 0.0625058
177 214 64 128 0.0330532
178 214 64 128 0.0221593
33 215 64 128 0.0128434
34 215 64 128 0.0173708
35 215 64 128 0.0145156
165 215 64 128 0.0110075
167 215 64 128 0.0139744
168 215 64 128 0.0146519
169 215 64 128 0.0543342
170 215 64 128 0.198988
171 215 64 128 0.32434
172 215 64 128 0.434444
173 215 64 128 0.37574
174 215 64 128 0.157231
175 215 64 128 0.0871935
176 215 64 128 0.0463369
177 215 64 128 0.0225936
178 215 64 128 0.0148102
33 216 64 128 0.0140301
34 216 64 128 0.0185199
35 216 64 128 0.0149872
36 216 64 128 0.0104648
163 216 64 128 0.0117648
164 216 64 128 0.0168911
165 216 64 128 0.0310777
166 216 64 128 0.0303948
167 216 64 128 0.0388092
168 216 64 128 0.0566694
169 216 64 128 0.1349
170 216 64 128 0.333528
171 216 64 128 0.461379
172 216 64 128 0.555794
173 216 64 128 0.497822
174 216 64 128 0.277386
175 216 64 128 0.173264
176 216 64 128 0.0954659
177 216 64 128 0.0462034
178 216 64 128 0.0244219
33 217 64 128 0.0151069
34 217 64 128 0.0191421
35 217 64 128 0.0148365
36 217 64 128 0.011078
162 217 64 128 0.0140537
163 217 64 128 0.0216434
164 217 64 128 0.0310276
165 217 64 128 0.0589934
166 217 64 128 0.0573175
167 217 64 128 0.0722189
168 217 64 128 0.112648
169 217 64 128 0.241828
170 217 64 128 0.524468
171 217 64 128 0.667442
172 217 64 128 0.741548
173 217 64 128 0.685113
174 217 64 128 0.464913
175 217 64 128 0.303251
176 217 64 128 0.167432
177 217 64 128 0.0823037
178 217 64 128 0.0409941
179 217 64 128 0.0149162
180 217 64 128 0.0112098
33 218 64 128 0.0179478
34 218 64 128 0.0218491
35 218 64 128 0.0156801
36 218 64 128 0.0123457
37 218 64 128 0.0103453
162 218 64 128 0.0133055
163 218 64 128 0.0204531
164 218 64 128 0.0298429
165 218 64 128 0.0579476
166 218 64 128 0.0562113
167 218 64 128 0.0728397
168 218 64 128 0.112757
169 218 64 128 0.238667
170 218 64 128 0.518586
171 218 64 128 0.645439
172 218 64 128 0.705746
173 218 64 128 0.650486
174 218 64 128 0.44112
175 218 64 128 0.289024
176 218 64 128 0.159832
177 218 64 128 0.0776815
178 218 64 128 0.0381823
179 218 64 128 0.0140284
180 218 64 128 0.010124
32 219 64 128 0.0120303
33 219 64 128 0.021645
34 219 64 128 0.0257628
35 219 64 128 0.0174393
36 219 64 128 0.0141617
37 219 64 128 0.0124108
163 219 64 128 0.0112866
164 219 64 128 0.0172292
165 219 64 128 0.0338854
166 219 64 128 0.0324017
167 219 64 128 0.0456973
168 219 64 128 0.0655235
169 219 64 128 0.140228
170 219 64 128 0.336729
171 219 64 128 0.42278
172 219 64 128 0.478949
173 219 64 128 0.42261
174 219 64 128 0.230083
175 219 64 128 0.148887
176 219 64 128 0.0821312
177 219 64 128 0.0369045
178 219 64 128 0.0190239
32 220 64 128 0.0129455
33 220 64 128 0.0227824
34 220 64 128 0.0268525
35 220 64 128 0.0184918
36 220 64 128 0.0156784
37 220 64 128 0.0136585
163 220 64 128 0.0120943
164 220 64 128 0.017731
165 220 64 128 0.0315659
166 220 64 128 0.0272089
167 220 64 128 0.0380106
168 220 64 128 0.0507582
169 220 64 128 0.0990681
170 220 64 128 0.24963
171 220 64 128 0.322657
172 220 64 128 0.38007
173 220 64 128 0.317982
174 220 64 128 0.132036
175 220 64 128 0.0892964
176 220 64 128 0.0457946
177 220 64 128 0.0172516
178 220 64 128 0.0133101
32 221 64 128 0.0120402
33 221 64 128 0.0210407
34 221 64 128 0.0248136
35 221 64 128 0.0187114
36 221 64 128 0.0167732
37 221 64 128 0.0139066
162 221 64 128 0.0160295
163 221 64 128 0.0252219
164 221 64 128 0.0348387
165 221 64 128 0.0586114
166 221 64 128 0.0488557
167 221 64 128 0.0597679
168 221 64 128 0.086301
169 221 64 128 0.153471
170 221 64 128 0.327318
171 221 64 128 0.423729
172 221 64 128 0.482775
173 221 64 128 0.41492
174 221 64 128 0.228248
175 221 64 128 0.163588
176 221 64 128 0.0813606
177 221 64 128 0.0349863
178 221 64 128 0.0276356
179 221 64 128 0.0129911
180 221 64 128 0.0172392
181 221 64 128 0.0132681
32 222 64 128 0.0114235
33 222 64 128 0.0204745
34 222 64 128 0.0246104
35 222 64 128 0.0201
36 222 64 128 0.0183535
37 222 64 128 0.0148607
162 222 64 128 0.0196412
163 222 64 128 0.0308492
164 222 64 128 0.0421037
165 222 64 128 0.069708
166 222 64 128 0.0583077
167 222 64 128 0.0677106
168 222 64 128 0.101301
169 222 64 128 0.177814
170 222 64 128 0.351544
171 222 64 128 0.453913
172 222 64 128 0.5094
173 222 64 128 0.450098
174 222 64 128 0.285255
175 222 64 128 0.20528
176 222 64 128 0.103045
177 222 64 128 0.0473628
178 222 64 128 0.0353919
179 222 64 128 0.0168467
180 222 64 128 0.0218424
181 222 64 128 0.0164089
32 223 64 128 0.012017
33 223 64 128 0.0226723
34 223 64 128 0.0281119
35 223 64 128 0.0231727
36 223 64 128 0.0205902
37 223 64 128 0.0170875
38 223 64 128 0.0112334
162 223 64 128 0.0121654
163 223 64 128 0.0194481
164 223 64 128 0.0267138
165 223 64 128 0.0427194
166 223 64 128 0.0360682
167 223 64 128 0.0404284
168 223 64 128 0.059896
169 223 64 128 0.106815
170 223 64 128 0.210397
171 223 64 128 0.274722
172 223 64 128 0.319383
173 223 64 128 0.28659
174 223 64 128 0.176433
175 223 64 128 0.125817
176 223 64 128 0.0645173
177 223 64 128 0.0310073
178 223 64 128 0.0231768
179 223 64 128 0.0114004
180 223 64 128 0.0151716
181 223 64 128 0.0117313
32 224 64 128 0.0119013
33 224 64 128 0.0234307
34 224 64 128 0.0299507
35 224 64 128 0.0250297
36 224 64 128 0.0219651
37 224 64 128 0.0185
38 224 64 128 0.0124443
165 224 64 128 0.0117368
166 224 64 128 0.0104355
167 224 64 128 0.0100199
168 224 64 128 0.0124353
169 224 64 128 0.0255171
170 224 64 128 0.0567972
171 224 64 128 0.0786748
172 224 64 128 0.110527
173 224 64 128 0.10212
174 224 64 128 0.0450391
175 224 64 128 0.0320139
176 224 64 128 0.0191172
177 224 64 128 0.011774
178 224 64 128 0.0100852
180 224 64 128 0.0105658
181 224 64 128 0.0107402
33 225 64 128 0.0200731
34 225 64 128 0.0266791
35 225 64 128 0.0240438
36 225 64 128 0.0219209
37 225 64 128 0.0180597
38 225 64 128 0.0120004
170 225 64 128 0.0186637
171 225 64 128 0.026967
172 225 64 128 0.0486483
173 225 64 128 0.0469879
174 225 64 128 0.0139543
175 225 64 128 0.0141534
176 225 64 128 0.0118171
177 225 64 128 0.0111219
178 225 64 128 0.0112716
180 225 64 128 0.0172524
181 225 64 128 0.0205416
182 225 64 128 0.0146564
33 226 64 128 0.0171773
34 226 64 128 0.0239528
35 226 64 128 0.0240658
36 226 64 128 0.0236787
37 226 64 128 0.0191771
38 226 64 128 0.0124175
169 226 64 128 0.0165465
170 226 64 128 0.0367439
171 226 64 128 0.0466097
172 226 64 128 0.0602649
173 226 64 128 0.0564681
174 226 64 128 0.0317566
175 226 64 128 0.0305867
176 226 64 128 0.020498
177 226 64 128 0.0165298
178 226 64 128 0.0161088
179 226 64 128 0.0125819
180 226 64 128 0.0235474
181 226 64 128 0.0280575
182 226 64 128 0.0201142
33 227 64 128 0.0190516
34 227 64 128 0.0270788
35 227 64 128 0.0283837
36 227 64 128 0.0296305
37 227 64 128 0.0246016
38 227 64 128 0.0158642
169 227 64 128 0.014931
170 227 64 128 0.0310255
171 227 64 128 0.0383465
172 227 64 128 0.0450009
173 227 64 128 0.0415439
174 227 64 128 0.0271551
175 227 64 128 0.0255448
176 227 64 128 0.0162781
177 227 64 128 0.0126344
178 227 64 128 0.0122131
180 227 64 128 0.0177211
181 227 64 128 0.0211029
182 227 64 128 0.0151412
33 228 64 128 0.0211704
34 228 64 128 0.0302259
35 228 64 128 0.0317811
36 228 64 128 0.0340525
37 228 64 128 0.029134
38 228 64 128 0.0190176
39 228 64 128 0.0105787
172 228 64 128 0.0110726
173 228 64 128 0.010148
181 228 64 128 0.0127927
182 228 64 128 0.0109069
33 229 64 128 0.0173308
34 229 64 128 0.0255056
35 229 64 128 0.0276819
36 229 64 128 0.0300659
37 229 64 128 0.0263148
38 229 64 128 0.0176105
180 229 64 128 0.0121727
181 229 64 128 0.0208842
182 229 64 128 0.021591
183 229 64 128 0.0155164
184 229 64 128 0.0103496
33 230 64 128 0.0107005
34 230 64 128 0.0173197
35 230 64 128 0.0206418
36 230 64 128 0.0225965
37 230 64 128 0.0201751
38 230 64 128 0.014017
180 230 64 128 0.0203156
181 230 64 128 0.0349471
182 230 64 128 0.0361199
183 230 64 128 0.025795
184 230 64 128 0.0168335
185 230 64 128 0.0131904
34 231 64 128 0.0153716
35 231 64 128 0.0199443
36 231 64 128 0.021608
37 231 64 128 0.019267
38 231 64 128 0.0134875
180 231 64 128 0.019061
181 231 64 128 0.0326306
182 231 64 128 0.0330475
183 231 64 128 0.0230157
184 231 64 128 0.0152837
185 231 64 128 0.0124119
33 232 64 128 0.0103437
34 232 64 128 0.0185963
35 232 64 128 0.024079
36 232 64 128 0.0259699
37 232 64 128 0.0228915
38 232 64 128 0.015632
180 232 64 128 0.0102723
181 232 64 128 0.0196456
182 232 64 128 0.0204457
183 232 64 128 0.0143006
184 232 64 128 0.0105724
33 233 64 128 0.0101269
34 233 64 128 0.0181692
35 233 64 128 0.0237929
36 233 64 128 0.0265705
37 233 64 128 0.0236827
38 233 64 128 0.0159959
181 233 64 128 0.0217524
182 233 64 128 0.0273247
183 233 64 128 0.0220186
184 233 64 128 0.0170667
185 233 64 128 0.0143676
186 233 64 128 0.0102055
34 234 64 128 0.0132042
35 234 64 128 0.0187095
36 234 64 128 0.0228222
37 234 64 128 0.0210719
38 234 64 128 0.0143034
180 234 64 128 0.0133624
181 234 64 128 0.0394346
182 234 64 128 0.0521822
183 234 64 128 0.0439821
184 234 64 128 0.0328755
185 234 64 128 0.0258439
186 234 64 128 0.0180735
187 234 64 128 0.011539
34 235 64 128 0.0117707
35 235 64 128 0.0184307
36 235 64 128 0.023734
37 235 64 128 0.0221522
38 235 64 128 0.0149886
180 235 64 128 0.0156028
181 235 64 128 0.0448198
182 235 64 128 0.0594151
183 235 64 128 0.0506246
184 235 64 128 0.0380032
185 235 64 128 0.0299325
186 235 64 128 0.0210507
187 235 64 128 0.0135796
34 236 64 128 0.01635
35 236 64 128 0.0254887
36 236 64 128 0.0315514
37 236 64 128 0.0287318
38 236 64 128 0.0192334
180 236 64 128 0.0105706
181 236 64 128 0.0304543
182 236 64 128 0.0412039
183 236 64 128 0.0364136
184 236 64 128 0.0288838
185 236 64 128 0.0246082
186 236 64 128 0.0177726
187 236 64 128 0.0113863
33 237 64 128 0.0101674
34 237 64 128 0.0193334
35 237 64 128 0.0297704
36 237 64 128 0.0364179
37 237 64 128 0.0331483
38 237 64 128 0.0223918
39 237 64 128 0.0117237
181 237 64 128 0.0253648
182 237 64 128 0.0389719
183 237 64 128 0.0382252
184 237 64 128 0.030887
185 237 64 128 0.028805
186 237 64 128 0.02067
187 237 64 128 0.0125276
34 238 64 128 0.0163279
35 238 64 128 0.0256193
36 238 64 128 0.0328229
37 238 64 128 0.0310093
38 238 64 128 0.0216821
39 238 64 128 0.0117119
94 238 64 128 0.0104309
95 238 64 128 0.0100658
96 238 64 128 0.0111329
97 238 64 128 0.0103772
180 238 64 128 0.0141967
181 238 64 128 0.0446503
182 238 64 128 0.0728257
183 238 64 128 0.0729807
184 238 64 128 0.055532
185 238 64 128 0.0504588
186 238 64 128 0.0349602
187 238 64 128 0.0203769
188 238 64 128 0.0136942
189 238 64 128 0.0103026
190 238 64 128 0.0101769
34 239 64 128 0.0135696
35 239 64 128 0.021788
36 239 64 128 0.029251
37 239 64 128 0.0285421
38 239 64 128 0.0204806
39 239 64 128 0.0113118
94 239 64 128 0.0115681
95 239 64 128 0.0110922
96 239 64 128 0.0122203
97 239 64 128 0.0113519
180 239 64 128 0.0188037
181 239 64 128 0.0591122
182 239 64 128 0.096664
183 239 64 128 0.0965114
184 239 64 128 0.0720573
185 239 64 128 0.0644194
186 239 64 128 0.0441467
187 239 64 128 0.025529
188 239 64 128 0.0170775
189 239 64 128 0.0125304
190 239 64 128 0.0121856
