310 0 64 128 0.0113316
311 0 64 128 0.0118928
312 0 64 128 0.0141514
313 0 64 128 0.0166143
314 0 64 128 0.0125931
308 1 64 128 0.0115478
309 1 64 128 0.0105093
310 1 64 128 0.0125373
311 1 64 128 0.0134089
312 1 64 128 0.0167329
313 1 64 128 0.0192097
314 1 64 128 0.0140821
307 2 64 128 0.0115871
308 2 64 128 0.0158438
309 2 64 128 0.0146023
310 2 64 128 0.0169111
311 2 64 128 0.0185665
312 2 64 128 0.0236408
313 2 64 128 0.0262264
314 2 64 128 0.0177294
315 2 64 128 0.0108409
307 3 64 128 0.0163613
308 3 64 128 0.0219553
309 3 64 128 0.0179266
310 3 64 128 0.0253478
311 3 64 128 0.0279336
312 3 64 128 0.033548
313 3 64 128 0.0362495
314 3 64 128 0.0222626
315 3 64 128 0.0139815
306 4 64 128 0.0123309
307 4 64 128 0.0231072
308 4 64 128 0.0300175
309 4 64 128 0.024433
310 4 64 128 0.0372115
311 4 64 128 0.0398743
312 4 64 128 0.0446642
313 4 64 128 0.0462013
314 4 64 128 0.0261391
315 4 64 128 0.0168417
305 5 64 128 0.0103293
306 5 64 128 0.0178791
307 5 64 128 0.0313911
308 5 64 128 0.0406866
309 5 64 128 0.0399544
310 5 64 128 0.0517014
311 5 64 128 0.0524422
312 5 64 128 0.0555073
313 5 64 128 0.0531425
314 5 64 128 0.0280732
315 5 64 128 0.0173995
305 6 64 128 0.0133624
306 6 64 128 0.0260268
307 6 64 128 0.04291
308 6 64 128 0.0561169
309 6 64 128 0.0627584
310 6 64 128 0.0726181
311 6 64 128 0.0695501
312 6 64 128 0.0697631
313 6 64 128 0.0624799
314 6 64 128 0.0306179
315 6 64 128 0.01713
305 7 64 128 0.0196635
306 7 64 128 0.0366304
307 7 64 128 0.0605193
308 7 64 128 0.0792656
309 7 64 128 0.0870045
310 7 64 128 0.105929
311 7 64 128 0.0979549
312 7 64 128 0.0935678
313 7 64 128 0.0837235
314 7 64 128 0.0382435
315 7 64 128 0.0193829
305 8 64 128 0.0287882
306 8 64 128 0.0503191
307 8 64 128 0.0847818
308 8 64 128 0.111265
309 8 64 128 0.115127
310 8 64 128 0.146258
311 8 64 128 0.131592
312 8 64 128 0.12064
313 8 64 128 0.109101
314 8 64 128 0.0480681
315 8 64 128 0.0232229
304 9 64 128 0.0103222
305 9 64 128 0.0382907
306 9 64 128 0.0684249
307 9 64 128 0.114253
308 9 64 128 0.151571
309 9 64 128 0.156777
310 9 64 128 0.178357
311 9 64 128 0.153313
312 9 64 128 0.134008
313 9 64 128 0.115853
314 9 64 128 0.0507999
315 9 64 128 0.0239441
304 10 64 128 0.013427
305 10 64 128 0.0472951
306 10 64 128 0.0924444
307 10 64 128 0.150376
308 10 64 128 0.198569
309 10 64 128 0.210005
310 10 64 128 0.202226
311 10 64 128 0.166221
312 10 64 128 0.138168
313 10 64 128 0.106809
314 10 64 128 0.0466827
315 10 64 128 0.0212949
304 11 64 128 0.0153212
305 11 64 128 0.0571293
306 11 64 128 0.124044
307 11 64 128 0.19853
308 11 64 128 0.249295
309 11 64 128 0.257026
310 11 64 128 0.238734
311 11 64 128 0.201022
312 11 64 128 0.166808
313 11 64 128 0.11972
314 11 64 128 0.0490194
315 11 64 128 0.0211629
304 12 64 128 0.0155701
305 12 64 128 0.0691389
306 12 64 128 0.162489
307 12 64 128 0.258373
308 12 64 128 0.302563
309 12 64 128 0.293293
310 12 64 128 0.297612
311 12 64 128 0.269018
312 12 64 128 0.231346
313 12 64 128 0.16832
314 12 64 128 0.0630014
315 12 64 128 0.0258816
316 12 64 128 0.0108659
304 13 64 128 0.0171848
305 13 64 128 0.0843905
306 13 64 128 0.202144
307 13 64 128 0.317384
308 13 64 128 0.360985
309 13 64 128 0.343373
310 13 64 128 0.363011
311 13 64 128 0.338206
312 13 64 128 0.293853
313 13 64 128 0.212638
314 13 64 128 0.075501
315 13 64 128 0.0296981
316 13 64 128 0.0129067
304 14 64 128 0.0219697
305 14 64 128 0.102939
306 14 64 128 0.238923
307 14 64 128 0.366554
308 14 64 128 0.425198
309 14 64 128 0.422733
310 14 64 128 0.421501
311 14 64 128 0.385565
312 14 64 128 0.328912
313 14 64 128 0.22634
314 14 64 128 0.0792771
315 14 64 128 0.0295146
316 14 64 128 0.0131229
304 15 64 128 0.0266288
305 15 64 128 0.12177
306 15 64 128 0.275463
307 15 64 128 0.412528
308 15 64 128 0.488199
309 15 64 128 0.507184
310 15 64 128 0.476971
311 15 64 128 0.432753
312 15 64 128 0.369161
313 15 64 128 0.246373
314 15 64 128 0.0925469
315 15 64 128 0.0336501
316 15 64 128 0.0141517
304 16 64 128 0.0277338
305 16 64 128 0.137259
306 16 64 128 0.313095
307 16 64 128 0.461113
308 16 64 128 0.54216
309 16 64 128 0.570841
310 16 64 128 0.534634
311 16 64 128 0.502018
312 16 64 128 0.446116
313 16 64 128 0.308411
314 16 64 128 0.13175
315 16 64 128 0.0497723
316 16 64 128 0.018662
304 17 64 128 0.026161
305 17 64 128 0.145753
306 17 64 128 0.340124
307 17 64 128 0.498726
308 17 64 128 0.582594
309 17 64 128 0.617984
310 17 64 128 0.589445
311 17 64 128 0.575049
312 17 64 128 0.529196
313 17 64 128 0.380275
314 17 64 128 0.179718
315 17 64 128 0.0712061
316 17 64 128 0.0254207
304 18 64 128 0.0239181
305 18 64 128 0.143989
306 18 64 128 0.343249
307 18 64 128 0.50895
308 18 64 128 0.606606
309 18 64 128 0.660061
310 18 64 128 0.63377
311 18 64 128 0.624246
312 18 64 128 0.574969
313 18 64 128 0.416332
314 18 64 128 0.212436
315 18 64 128 0.0881304
316 18 64 128 0.0321417
317 18 64 128 0.0103299
304 19 64 128 0.0213834
305 19 64 128 0.131914
306 19 64 128 0.328657
307 19 64 128 0.500822
308 19 64 128 0.615804
309 19 64 128 0.691034
310 19 64 128 0.664753
311 19 64 128 0.648332
312 19 64 128 0.591294
313 19 64 128 0.431758
314 19 64 128 0.234539
315 19 64 128 0.101156
316 19 64 128 0.0377935
317 19 64 128 0.0132611
304 20 64 128 0.0181918
305 20 64 128 0.111145
306 20 64 128 0.310753
307 20 64 128 0.49391
308 20 64 128 0.613858
309 20 64 128 0.697854
310 20 64 128 0.681989
311 20 64 128 0.658572
312 20 64 128 0.609041
313 20 64 128 0.467952
314 20 64 128 0.263618
315 20 64 128 0.115766
316 20 64 128 0.042157
317 20 64 128 0.0145708
296 21 64 128 0.010092
304 21 64 128 0.0145225
305 21 64 128 0.0850309
306 21 64 128 0.288083
307 21 64 128 0.484302
308 21 64 128 0.603122
309 21 64 128 0.686686
310 21 64 128 0.687164
311 21 64 128 0.664669
312 21 64 128 0.636508
313 21 64 128 0.524844
314 21 64 128 0.30611
315 21 64 128 0.135511
316 21 64 128 0.047886
317 21 64 128 0.0166123
296 22 64 128 0.0105715
304 22 64 128 0.0109501
305 22 64 128 0.0581829
306 22 64 128 0.248295
307 22 64 128 0.451811
308 22 64 128 0.584972
309 22 64 128 0.677058
310 22 64 128 0.683454
311 22 64 128 0.674822
312 22 64 128 0.665581
313 22 64 128 0.572866
314 22 64 128 0.360069
315 22 64 128 0.162424
316 22 64 128 0.0596147
317 22 64 128 0.0243405
296 23 64 128 0.0101053
305 23 64 128 0.0355282
306 23 64 128 0.196795
307 23 64 128 0.398777
308 23 64 128 0.560458
309 23 64 128 0.671632
310 23 64 128 0.673526
311 23 64 128 0.688909
312 23 64 128 0.69109
313 23 64 128 0.602754
314 23 64 128 0.41784
315 23 64 128 0.196208
316 23 64 128 0.0791858
317 23 64 128 0.0388307
318 23 64 128 0.0134407
296 24 64 128 0.0104405
305 24 64 128 0.022234
306 24 64 128 0.158303
307 24 64 128 0.35215
308 24 64 128 0.530296
309 24 64 128 0.654592
310 24 64 128 0.659481
311 24 64 128 0.697926
312 24 64 128 0.711515
313 24 64 128 0.627958
314 24 64 128 0.46594
315 24 64 128 0.234134
316 24 64 128 0.105398
317 24 64 128 0.0569183
318 24 64 128 0.0207725
294 25 64 128 0.0103242
295 25 64 128 0.011449
296 25 64 128 0.0118852
305 25 64 128 0.018604
306 25 64 128 0.141363
307 25 64 128 0.321903
308 25 64 128 0.494491
309 25 64 128 0.621794
310 25 64 128 0.645588
311 25 64 128 0.700895
312 25 64 128 0.7292
313 25 64 128 0.657775
314 25 64 128 0.501908
315 25 64 128 0.277602
316 25 64 128 0.139465
317 25 64 128 0.077963
318 25 64 128 0.0325658
319 25 64 128 0.0100286
294 26 64 128 0.011617
295 26 64 128 0.0126798
296 26 64 128 0.0122726
305 26 64 128 0.0170135
306 26 64 128 0.126634
307 26 64 128 0.288379
308 26 64 128 0.451927
309 26 64 128 0.589572
310 26 64 128 0.639669
311 26 64 128 0.710596
312 26 64 128 0.752463
313 26 64 128 0.692889
314 26 64 128 0.541665
315 26 64 128 0.334913
316 26 64 128 0.186759
317 26 64 128 0.105763
318 26 64 128 0.0487063
319 26 64 128 0.0167202
294 27 64 128 0.0109053
295 27 64 128 0.0108683
296 27 64 128 0.0104596
305 27 64 128 0.0123454
306 27 64 128 0.100716
307 27 64 128 0.239298
308 27 64 128 0.401558
309 27 64 128 0.562874
310 27 64 128 0.641796
311 27 64 128 0.729228
312 27 64 128 0.780925
313 27 64 128 0.729736
314 27 64 128 0.589974
315 27 64 128 0.405921
316 27 64 128 0.244298
317 27 64 128 0.138311
318 27 64 128 0.0680183
319 27 64 128 0.0270116
306 28 64 128 0.0713059
307 28 64 128 0.187445
308 28 64 128 0.342777
309 28 64 128 0.513707
310 28 64 128 0.631996
311 28 64 128 0.729568
312 28 64 128 0.791253
313 28 64 128 0.756177
314 28 64 128 0.619701
315 28 64 128 0.467945
316 28 64 128 0.287409
317 28 64 128 0.158177
318 28 64 128 0.0869763
319 28 64 128 0.0348958
306 29 64 128 0.0474265
307 29 64 128 0.145526
308 29 64 128 0.277077
309 29 64 128 0.423677
310 29 64 128 0.594679
311 29 64 128 0.692586
312 29 64 128 0.76817
313 29 64 128 0.764123
314 29 64 128 0.613375
315 29 64 128 0.504539
316 29 64 128 0.301437
317 29 64 128 0.157122
318 29 64 128 0.104557
319 29 64 128 0.0378971
306 30 64 128 0.0307105
307 30 64 128 0.111052
308 30 64 128 0.213873
309 30 64 128 0.331324
310 30 64 128 0.543233
311 30 64 128 0.648632
312 30 64 128 0.741403
313 30 64 128 0.76633
314 30 64 128 0.610098
315 30 64 128 0.536935
316 30 64 128 0.323624
317 30 64 128 0.171861
318 30 64 128 0.130878
319 30 64 128 0.050904
306 31 64 128 0.0206567
307 31 64 128 0.0789928
308 31 64 128 0.162871
309 31 64 128 0.279476
310 31 64 128 0.494812
311 31 64 128 0.631624
312 31 64 128 0.743687
313 31 64 128 0.777634
314 31 64 128 0.651823
315 31 64 128 0.589054
316 31 64 128 0.39235
317 31 64 128 0.23885
318 31 64 128 0.175283
319 31 64 128 0.0879033
306 32 64 128 0.0146801
307 32 64 128 0.0515004
308 32 64 128 0.123656
309 32 64 128 0.251704
310 32 64 128 0.446204
311 32 64 128 0.623131
312 32 64 128 0.758571
313 32 64 128 0.794333
314 32 64 128 0.712874
315 32 64 128 0.644677
316 32 64 128 0.474834
317 32 64 128 0.325144
318 32 64 128 0.225543
319 32 64 128 0.131114
307 33 64 128 0.0329206
308 33 64 128 0.0920994
309 33 64 128 0.21221
310 33 64 128 0.387478
311 33 64 128 0.588054
312 33 64 128 0.75314
313 33 64 128 0.805426
314 33 64 128 0.745781
315 33 64 128 0.675369
316 33 64 128 0.517107
317 33 64 128 0.376804
318 33 64 128 0.26309
319 33 64 128 0.153972
307 34 64 128 0.0219399
308 34 64 128 0.0656815
309 34 64 128 0.158916
310 34 64 128 0.319632
311 34 64 128 0.525566
312 34 64 128 0.718511
313 34 64 128 0.797789
314 34 64 128 0.74469
315 34 64 128 0.6847
316 34 64 128 0.526856
317 34 64 128 0.396578
318 34 64 128 0.288897
319 34 64 128 0.164313
307 35 64 128 0.0140852
308 35 64 128 0.0429346
309 35 64 128 0.108991
310 35 64 128 0.249968
311 35 64 128 0.453977
312 35 64 128 0.659632
313 35 64 128 0.757897
314 35 64 128 0.727214
315 35 64 128 0.693528
316 35 64 128 0.54518
317 35 64 128 0.418201
318 35 64 128 0.314401
319 35 64 128 0.188296
308 36 64 128 0.024304
309 36 64 128 0.070157
310 36 64 128 0.183993
311 36 64 128 0.374265
312 36 64 128 0.576655
313 36 64 128 0.687597
314 36 64 128 0.694076
315 36 64 128 0.695739
316 36 64 128 0.563362
317 36 64 128 0.434422
318 36 64 128 0.332874
319 36 64 128 0.218393
308 37 64 128 0.0118533
309 37 64 128 0.0416128
310 37 64 128 0.125561
311 37 64 128 0.272567
312 37 64 128 0.465801
313 37 64 128 0.602119
314 37 64 128 0.631316
315 37 64 128 0.661985
316 37 64 128 0.529808
317 37 64 128 0.40284
318 37 64 128 0.322197
319 37 64 128 0.21817
309 38 64 128 0.0222883
310 38 64 128 0.078268
311 38 64 128 0.158837
312 38 64 128 0.340191
313 38 64 128 0.511799
314 38 64 128 0.541539
315 38 64 128 0.588765
316 38 64 128 0.442999
317 38 64 128 0.328592
318 38 64 128 0.287409
319 38 64 128 0.186391
309 39 64 128 0.0111347
310 39 64 128 0.0454312
311 39 64 128 0.0747836
312 39 64 128 0.235174
313 39 64 128 0.419967
314 39 64 128 0.449694
315 39 64 128 0.507442
316 39 64 128 0.368766
317 39 64 128 0.280448
318 39 64 128 0.269664
319 39 64 128 0.169075
310 40 64 128 0.0272789
311 40 64 128 0.0409711
312 40 64 128 0.169459
313 40 64 128 0.331033
314 40 64 128 0.373514
315 40 64 128 0.438794
316 40 64 128 0.340539
317 40 64 128 0.288262
318 40 64 128 0.284027
319 40 64 128 0.185342
0 41 64 128 0.0100762
310 41 64 128 0.0179656
311 41 64 128 0.0318606
312 41 64 128 0.125837
313 41 64 128 0.252499
314 41 64 128 0.313469
315 41 64 128 0.37796
316 41 64 128 0.318582
317 41 64 128 0.296319
318 41 64 128 0.289088
319 41 64 128 0.194719
310 42 64 128 0.0121165
311 42 64 128 0.0238543
312 42 64 128 0.0882365
313 42 64 128 0.188951
314 42 64 128 0.264844
315 42 64 128 0.318092
316 42 64 128 0.270126
317 42 64 128 0.260603
318 42 64 128 0.254149
319 42 64 128 0.167657
311 43 64 128 0.0158675
312 43 64 128 0.0569702
313 43 64 128 0.134959
314 43 64 128 0.213285
315 43 64 128 0.25547
316 43 64 128 0.210029
317 43 64 128 0.203634
318 43 64 128 0.201597
319 43 64 128 0.129436
311 44 64 128 0.0104856
312 44 64 128 0.0347657
313 44 64 128 0.0855825
314 44 64 128 0.148517
315 44 64 128 0.189541
316 44 64 128 0.158755
317 44 64 128 0.155321
318 44 64 128 0.158696
319 44 64 128 0.108458
312 45 64 128 0.0209314
313 45 64 128 0.0474612
314 45 64 128 0.0888837
315 45 64 128 0.132185
316 45 64 128 0.120017
317 45 64 128 0.120001
318 45 64 128 0.127388
319 45 64 128 0.0976956
312 46 64 128 0.0136359
313 46 64 128 0.0288887
314 46 64 128 0.0575457
315 46 64 128 0.0967043
316 46 64 128 0.0924151
317 46 64 128 0.0945848
318 46 64 128 0.102667
319 46 64 128 0.0818389
312 47 64 128 0.0102104
313 47 64 128 0.0237985
314 47 64 128 0.0479312
315 47 64 128 0.0782847
316 47 64 128 0.0741523
317 47 64 128 0.0782544
318 47 64 128 0.0849325
319 47 64 128 0.0643564
313 48 64 128 0.0200662
314 48 64 128 0.0405956
315 48 64 128 0.0642463
316 48 64 128 0.0631208
317 48 64 128 0.0709031
318 48 64 128 0.0765787
319 48 64 128 0.0564599
313 49 64 128 0.0145294
314 49 64 128 0.0302697
315 49 64 128 0.0502642
316 49 64 128 0.0555995
317 49 64 128 0.0677013
318 49 64 128 0.0728766
319 49 64 128 0.0552786
313 50 64 128 0.0103189
314 50 64 128 0.0216716
315 50 64 128 0.0379377
316 50 64 128 0.0468662
317 50 64 128 0.0607045
318 50 64 128 0.0643378
319 50 64 128 0.0483349
26 51 64 128 0.0104423
314 51 64 128 0.0162855
315 51 64 128 0.0278974
316 51 64 128 0.0358688
317 51 64 128 0.0481084
318 51 64 128 0.0493156
319 51 64 128 0.0339197
26 52 64 128 0.0118162
27 52 64 128 0.0110204
314 52 64 128 0.0119577
315 52 64 128 0.0196186
316 52 64 128 0.0254543
317 52 64 128 0.034669
318 52 64 128 0.0345451
319 52 64 128 0.0218788
1 53 64 128 0.0112657
26 53 64 128 0.0127925
27 53 64 128 0.0122924
28 53 64 128 0.0107919
315 53 64 128 0.0129299
316 53 64 128 0.0174306
317 53 64 128 0.0237061
318 53 64 128 0.0240516
319 53 64 128 0.0167538
1 54 64 128 0.0123043
25 54 64 128 0.0102182
26 54 64 128 0.0158563
27 54 64 128 0.0145041
28 54 64 128 0.0116725
29 54 64 128 0.0102755
316 54 64 128 0.0116556
317 54 64 128 0.0157529
318 54 64 128 0.0169122
319 54 64 128 0.0137794
1 55 64 128 0.0125859
25 55 64 128 0.0117851
26 55 64 128 0.0218065
27 55 64 128 0.0178383
28 55 64 128 0.012024
29 55 64 128 0.0114637
317 55 64 128 0.0107249
318 55 64 128 0.0119942
1 56 64 128 0.0128925
25 56 64 128 0.0130793
26 56 64 128 0.0268691
27 56 64 128 0.0203371
28 56 64 128 0.0118544
29 56 64 128 0.01236
0 57 64 128 0.0104203
1 57 64 128 0.0138419
2 57 64 128 0.0101595
25 57 64 128 0.013845
26 57 64 128 0.0281247
27 57 64 128 0.0205256
28 57 64 128 0.0112769
29 57 64 128 0.012422
0 58 64 128 0.0110152
1 58 64 128 0.0147297
2 58 64 128 0.0111186
24 58 64 128 0.0105116
25 58 64 128 0.0153388
26 58 64 128 0.0284614
27 58 64 128 0.0199615
28 58 64 128 0.0105748
29 58 64 128 0.0120747
0 59 64 128 0.0108815
1 59 64 128 0.0147462
2 59 64 128 0.0117239
24 59 64 128 0.0119454
25 59 64 128 0.0187851
26 59 64 128 0.03126
27 59 64 128 0.0204909
28 59 64 128 0.0100596
29 59 64 128 0.0118926
0 60 64 128 0.0106106
1 60 64 128 0.0143387
2 60 64 128 0.0118734
24 60 64 128 0.0138874
25 60 64 128 0.0230543
26 60 64 128 0.0345813
27 60 64 128 0.0213703
29 60 64 128 0.0119704
0 61 64 128 0.0110914
1 61 64 128 0.0143448
2 61 64 128 0.0116874
24 61 64 128 0.0159351
25 61 64 128 0.0262742
26 61 64 128 0.0350262
27 61 64 128 0.0211444
28 61 64 128 0.0104895
29 61 64 128 0.0122756
0 62 64 128 0.012154
1 62 64 128 0.0148323
2 62 64 128 0.011549
24 62 64 128 0.0178199
25 62 64 128 0.0279058
26 62 64 128 0.0343732
27 62 64 128 0.0208684
28 62 64 128 0.0115538
29 62 64 128 0.0132843
0 63 64 128 0.0130527
1 63 64 128 0.0154474
2 63 64 128 0.0119579
23 63 64 128 0.010505
24 63 64 128 0.019337
25 63 64 128 0.0281742
26 63 64 128 0.0370428
27 63 64 128 0.0228578
28 63 64 128 0.0129516
29 63 64 128 0.0156806
0 64 64 128 0.0135609
1 64 64 128 0.0161575
2 64 64 128 0.0128299
23 64 64 128 0.0113911
24 64 64 128 0.0200511
25 64 64 128 0.0273274
26 64 64 128 0.0418192
27 64 64 128 0.026328
28 64 64 128 0.0144469
29 64 64 128 0.0186824
0 65 64 128 0.0139031
1 65 64 128 0.017196
2 65 64 128 0.0135852
23 65 64 128 0.0115897
24 65 64 128 0.0193499
25 65 64 128 0.0256295
26 65 64 128 0.0427456
27 65 64 128 0.0278819
28 65 64 128 0.0157793
29 65 64 128 0.0202839
0 66 64 128 0.014271
1 66 64 128 0.0182866
2 66 64 128 0.0138742
23 66 64 128 0.0110614
24 66 64 128 0.0174499
25 66 64 128 0.0235176
26 66 64 128 0.0384482
27 66 64 128 0.0263826
28 66 64 128 0.0165183
29 66 64 128 0.0198581
0 67 64 128 0.0147954
1 67 64 128 0.0184948
2 67 64 128 0.0136647
23 67 64 128 0.0103222
24 67 64 128 0.015632
25 67 64 128 0.0216457
26 67 64 128 0.0336041
27 67 64 128 0.0236938
28 67 64 128 0.0160225
29 67 64 128 0.0185944
0 68 64 128 0.0154974
1 68 64 128 0.0176255
2 68 64 128 0.0130945
24 68 64 128 0.0146031
25 68 64 128 0.0202416
26 68 64 128 0.03095
27 68 64 128 0.0212776
28 68 64 128 0.014468
29 68 64 128 0.0175898
0 69 64 128 0.0161951
1 69 64 128 0.0169945
2 69 64 128 0.0125886
24 69 64 128 0.0138266
25 69 64 128 0.0186826
26 69 64 128 0.0287107
27 69 64 128 0.0194402
28 69 64 128 0.0136357
29 69 64 128 0.017532
274 69 64 128 0.0112052
0 70 64 128 0.0166433
1 70 64 128 0.0174127
2 70 64 128 0.0123823
24 70 64 128 0.0127269
25 70 64 128 0.0164447
26 70 64 128 0.0252967
27 70 64 128 0.0180912
28 70 64 128 0.014456
29 70 64 128 0.018421
30 70 64 128 0.0104951
274 70 64 128 0.012582
0 71 64 128 0.0164789
1 71 64 128 0.0176728
2 71 64 128 0.0120474
24 71 64 128 0.0110352
25 71 64 128 0.0135862
26 71 64 128 0.0212054
27 71 64 128 0.0163498
28 71 64 128 0.0147806
29 71 64 128 0.0183474
30 71 64 128 0.0104246
274 71 64 128 0.0138205
0 72 64 128 0.0154774
1 72 64 128 0.0166126
2 72 64 128 0.0111916
25 72 64 128 0.0104094
26 72 64 128 0.0172823
27 72 64 128 0.0135722
28 72 64 128 0.0126937
29 72 64 128 0.0157988
273 72 64 128 0.0106821
274 72 64 128 0.0151603
0 73 64 128 0.0141704
1 73 64 128 0.0150419
2 73 64 128 0.0101721
26 73 64 128 0.0141918
27 73 64 128 0.0109187
28 73 64 128 0.0100582
29 73 64 128 0.0127978
273 73 64 128 0.0109463
274 73 64 128 0.0161263
0 74 64 128 0.0132039
1 74 64 128 0.0141463
26 74 64 128 0.0123921
29 74 64 128 0.0119227
273 74 64 128 0.0109103
274 74 64 128 0.0161288
275 74 64 128 0.0104534
0 75 64 128 0.0124116
1 75 64 128 0.0135729
26 75 64 128 0.0111852
29 75 64 128 0.0120989
273 75 64 128 0.0105375
274 75 64 128 0.0152994
275 75 64 128 0.0109406
0 76 64 128 0.0113078
1 76 64 128 0.0123578
29 76 64 128 0.010795
274 76 64 128 0.0140752
275 76 64 128 0.0105572
0 77 64 128 0.0100794
1 77 64 128 0.0107209
274 77 64 128 0.0125863
274 78 64 128 0.0107613
97 205 64 128 0.0102178
98 205 64 128 0.0102802
214 205 64 128 0.010177
215 205 64 128 0.0115201
96 206 64 128 0.0148064
97 206 64 128 0.0199057
98 206 64 128 0.0210661
99 206 64 128 0.0189245
100 206 64 128 0.0116753
212 206 64 128 0.0134641
213 206 64 128 0.0184616
214 206 64 128 0.0223397
215 206 64 128 0.0241577
94 207 64 128 0.0101099
95 207 64 128 0.01937
96 207 64 128 0.030823
97 207 64 128 0.0485335
98 207 64 128 0.0552081
99 207 64 128 0.0485495
100 207 64 128 0.0439498
101 207 64 128 0.0218766
211 207 64 128 0.017244
212 207 64 128 0.0281636
213 207 64 128 0.0439125
214 207 64 128 0.0599211
215 207 64 128 0.0498035
216 207 64 128 0.0189724
94 208 64 128 0.019887
95 208 64 128 0.0405595
96 208 64 128 0.0540199
97 208 64 128 0.0961925
98 208 64 128 0.114337
99 208 64 128 0.0986232
100 208 64 128 0.103315
101 208 64 128 0.0487047
102 208 64 128 0.0101563
210 208 64 128 0.0114538
211 208 64 128 0.0316014
212 208 64 128 0.0514011
213 208 64 128 0.0886409
214 208 64 128 0.130706
215 208 64 128 0.0977295
216 208 64 128 0.038963
93 209 64 128 0.0122896
94 209 64 128 0.0264581
95 209 64 128 0.0545582
96 209 64 128 0.0753659
97 209 64 128 0.140072
98 209 64 128 0.174145
99 209 64 128 0.157613
100 209 64 128 0.160256
101 209 64 128 0.0774723
102 209 64 128 0.0169409
209 209 64 128 0.0106083
210 209 64 128 0.0170878
211 209 64 128 0.0440603
212 209 64 128 0.0788768
213 209 64 128 0.148961
214 209 64 128 0.22576
215 209 64 128 0.182272
216 209 64 128 0.0712625
217 209 64 128 0.0112274
93 210 64 128 0.0125136
94 210 64 128 0.0257079
95 210 64 128 0.0522562
96 210 64 128 0.0893635
97 210 64 128 0.166922
98 210 64 128 0.219963
99 210 64 128 0.218489
100 210 64 128 0.200882
101 210 64 128 0.10603
102 210 64 128 0.0284074
209 210 64 128 0.0106442
210 210 64 128 0.0243146
211 210 64 128 0.0532642
212 210 64 128 0.110946
213 210 64 128 0.223408
214 210 64 128 0.340077
215 210 64 128 0.311762
216 210 64 128 0.124162
217 210 64 128 0.0114759
93 211 64 128 0.0113218
94 211 64 128 0.022297
95 211 64 128 0.0454637
96 211 64 128 0.101843
97 211 64 128 0.194347
98 211 64 128 0.268955
99 211 64 128 0.289568
100 211 64 128 0.260123
101 211 64 128 0.15585
102 211 64 128 0.0508445
209 211 64 128 0.0118512
210 211 64 128 0.0323211
211 211 64 128 0.0744656
212 211 64 128 0.161458
213 211 64 128 0.318346
214 211 64 128 0.483191
215 211 64 128 0.477526
216 211 64 128 0.220443
217 211 64 128 0.0417916
218 211 64 128 0.022866
219 211 64 128 0.0124907
220 211 64 128 0.0131965
93 212 64 128 0.0102019
94 212 64 128 0.0207436
95 212 64 128 0.0452214
96 212 64 128 0.116919
97 212 64 128 0.235179
98 212 64 128 0.333061
99 212 64 128 0.374305
100 212 64 128 0.363193
101 212 64 128 0.240746
102 212 64 128 0.087413
209 212 64 128 0.0171197
210 212 64 128 0.0412953
211 212 64 128 0.117861
212 212 64 128 0.239651
213 212 64 128 0.436761
214 212 64 128 0.654319
215 212 64 128 0.661001
216 212 64 128 0.371082
217 212 64 128 0.126111
218 212 64 128 0.0571506
219 212 64 128 0.0426499
220 212 64 128 0.0445009
221 212 64 128 0.0279623
222 212 64 128 0.0135253
94 213 64 128 0.0191607
95 213 64 128 0.0455305
96 213 64 128 0.124136
97 213 64 128 0.262182
98 213 64 128 0.381622
99 213 64 128 0.445972
100 213 64 128 0.463013
101 213 64 128 0.327393
102 213 64 128 0.125785
103 213 64 128 0.0113416
209 213 64 128 0.0226024
210 213 64 128 0.0561212
211 213 64 128 0.161849
212 213 64 128 0.326868
213 213 64 128 0.562565
214 213 64 128 0.800622
215 213 64 128 0.814259
216 213 64 128 0.528926
217 213 64 128 0.235437
218 213 64 128 0.101362
219 213 64 128 0.0727218
220 213 64 128 0.0789348
221 213 64 128 0.0476248
222 213 64 128 0.021199
223 213 64 128 0.0145871
94 214 64 128 0.0146952
95 214 64 128 0.0378075
96 214 64 128 0.112
97 214 64 128 0.244622
98 214 64 128 0.380205
99 214 64 128 0.475724
100 214 64 128 0.504786
101 214 64 128 0.376998
102 214 64 128 0.151869
103 214 64 128 0.0126887
209 214 64 128 0.0239682
210 214 64 128 0.081298
211 214 64 128 0.183638
212 214 64 128 0.401803
213 214 64 128 0.676333
214 214 64 128 0.868307
215 214 64 128 0.892057
216 214 64 128 0.64203
217 214 64 128 0.334908
218 214 64 128 0.146216
219 214 64 128 0.0862365
220 214 64 128 0.100689
221 214 64 128 0.0573957
222 214 64 128 0.0212826
223 214 64 128 0.0176983
95 215 64 128 0.025214
96 215 64 128 0.0867406
97 215 64 128 0.196306
98 215 64 128 0.34134
99 215 64 128 0.471633
100 215 64 128 0.504856
101 215 64 128 0.394278
102 215 64 128 0.166085
103 215 64 128 0.0138731
209 215 64 128 0.0250588
210 215 64 128 0.110899
211 215 64 128 0.20615
212 215 64 128 0.472734
213 215 64 128 0.768871
214 215 64 128 0.884953
215 215 64 128 0.916214
216 215 64 128 0.724883
217 215 64 128 0.440354
218 215 64 128 0.224211
219 215 64 128 0.136706
220 215 64 128 0.151313
221 215 64 128 0.0961661
222 215 64 128 0.0430087
223 215 64 128 0.0298588
224 215 64 128 0.0146994
225 215 64 128 0.0117907
95 216 64 128 0.0151025
96 216 64 128 0.0610114
97 216 64 128 0.146944
98 216 64 128 0.294179
99 216 64 128 0.454067
100 216 64 128 0.502963
101 216 64 128 0.399178
102 216 64 128 0.17401
103 216 64 128 0.0191652
209 216 64 128 0.0320903
210 216 64 128 0.135616
211 216 64 128 0.265884
212 216 64 128 0.557143
213 216 64 128 0.83594
214 216 64 128 0.906421
215 216 64 128 0.93245
216 216 64 128 0.814595
217 216 64 128 0.58232
218 216 64 128 0.376579
219 216 64 128 0.294432
220 216 64 128 0.286703
221 216 64 128 0.215259
222 216 64 128 0.124437
223 216 64 128 0.0666011
224 216 64 128 0.0348275
225 216 64 128 0.0220563
96 217 64 128 0.0397239
97 217 64 128 0.104077
98 217 64 128 0.242891
99 217 64 128 0.415383
100 217 64 128 0.481701
101 217 64 128 0.386669
102 217 64 128 0.173785
103 217 64 128 0.0244115
208 217 64 128 0.0103173
209 217 64 128 0.0412961
210 217 64 128 0.155052
211 217 64 128 0.346695
212 217 64 128 0.643008
213 217 64 128 0.882372
214 217 64 128 0.939758
215 217 64 128 0.952734
216 217 64 128 0.903253
217 217 64 128 0.729305
218 217 64 128 0.556387
219 217 64 128 0.505651
220 217 64 128 0.467396
221 217 64 128 0.386827
222 217 64 128 0.246297
223 217 64 128 0.118704
224 217 64 128 0.065733
225 217 64 128 0.0362882
226 217 64 128 0.0118976
96 218 64 128 0.0230256
97 218 64 128 0.0620623
98 218 64 128 0.177217
99 218 64 128 0.332657
100 218 64 128 0.392067
101 218 64 128 0.337871
102 218 64 128 0.15946
103 218 64 128 0.0208242
208 218 64 128 0.0103881
209 218 64 128 0.0431865
210 218 64 128 0.173601
211 218 64 128 0.40132
212 218 64 128 0.700855
213 218 64 128 0.917874
214 218 64 128 0.962697
215 218 64 128 0.968443
216 218 64 128 0.956647
217 218 64 128 0.814632
218 218 64 128 0.666677
219 218 64 128 0.645442
220 218 64 128 0.599178
221 218 64 128 0.536737
222 218 64 128 0.355856
223 218 64 128 0.162824
224 218 64 128 0.0995571
225 218 64 128 0.0506311
226 218 64 128 0.0160241
96 219 64 128 0.011149
97 219 64 128 0.0244514
98 219 64 128 0.105704
99 219 64 128 0.221849
100 219 64 128 0.255828
101 219 64 128 0.264271
102 219 64 128 0.134903
103 219 64 128 0.0104696
209 219 64 128 0.036533
210 219 64 128 0.181893
211 219 64 128 0.407327
212 219 64 128 0.715064
213 219 64 128 0.938322
214 219 64 128 0.967477
215 219 64 128 0.974752
216 219 64 128 0.968532
217 219 64 128 0.830784
218 219 64 128 0.693615
219 219 64 128 0.690653
220 219 64 128 0.664819
221 219 64 128 0.638284
222 219 64 128 0.435804
223 219 64 128 0.197442
224 219 64 128 0.129269
225 219 64 128 0.064201
226 219 64 128 0.0204698
98 220 64 128 0.0540363
99 220 64 128 0.134227
100 220 64 128 0.159057
101 220 64 128 0.204919
102 220 64 128 0.112886
209 220 64 128 0.0277367
210 220 64 128 0.158394
211 220 64 128 0.365863
212 220 64 128 0.683267
213 220 64 128 0.927162
214 220 64 128 0.960073
215 220 64 128 0.970709
216 220 64 128 0.958604
217 220 64 128 0.824562
218 220 64 128 0.699627
219 220 64 128 0.711705
220 220 64 128 0.717814
221 220 64 128 0.708791
222 220 64 128 0.501568
223 220 64 128 0.24089
224 220 64 128 0.148834
225 220 64 128 0.0788429
226 220 64 128 0.026785
98 221 64 128 0.0308924
99 221 64 128 0.0898502
100 221 64 128 0.130314
101 221 64 128 0.173029
102 221 64 128 0.0977469
209 221 64 128 0.0207561
210 221 64 128 0.106986
211 221 64 128 0.290994
212 221 64 128 0.614534
213 221 64 128 0.88423
214 221 64 128 0.945652
215 221 64 128 0.959931
216 221 64 128 0.939065
217 221 64 128 0.814574
218 221 64 128 0.704831
219 221 64 128 0.73005
220 221 64 128 0.771387
221 221 64 128 0.753621
222 221 64 128 0.553515
223 221 64 128 0.292387
224 221 64 128 0.159198
225 221 64 128 0.094602
226 221 64 128 0.0346319
98 222 64 128 0.0207076
99 222 64 128 0.0640724
100 222 64 128 0.115862
101 222 64 128 0.144927
102 222 64 128 0.0817949
103 222 64 128 0.0118098
209 222 64 128 0.015793
210 222 64 128 0.0670226
211 222 64 128 0.213282
212 222 64 128 0.532921
213 222 64 128 0.832437
214 222 64 128 0.927519
215 222 64 128 0.952034
216 222 64 128 0.910466
217 222 64 128 0.777927
218 222 64 128 0.667397
219 222 64 128 0.69521
220 222 64 128 0.779908
221 222 64 128 0.759516
222 222 64 128 0.569749
223 222 64 128 0.323953
224 222 64 128 0.170829
225 222 64 128 0.108915
226 222 64 128 0.0410235
98 223 64 128 0.0121514
99 223 64 128 0.039996
100 223 64 128 0.0825119
101 223 64 128 0.108241
102 223 64 128 0.0623141
209 223 64 128 0.0123927
210 223 64 128 0.0584069
211 223 64 128 0.15326
212 223 64 128 0.45185
213 223 64 128 0.777274
214 223 64 128 0.900481
215 223 64 128 0.943104
216 223 64 128 0.871065
217 223 64 128 0.704575
218 223 64 128 0.572141
219 223 64 128 0.595147
220 223 64 128 0.726137
221 223 64 128 0.728275
222 223 64 128 0.548837
223 223 64 128 0.325229
224 223 64 128 0.189719
225 223 64 128 0.120407
226 223 64 128 0.0449033
99 224 64 128 0.0236007
100 224 64 128 0.0522614
101 224 64 128 0.0796916
102 224 64 128 0.0487597
210 224 64 128 0.0552179
211 224 64 128 0.108108
212 224 64 128 0.360357
213 224 64 128 0.684493
214 224 64 128 0.841949
215 224 64 128 0.900182
216 224 64 128 0.816116
217 224 64 128 0.617474
218 224 64 128 0.468674
219 224 64 128 0.508669
220 224 64 128 0.6608
221 224 64 128 0.69583
222 224 64 128 0.535281
223 224 64 128 0.326633
224 224 64 128 0.211108
225 224 64 128 0.130564
226 224 64 128 0.0496307
227 224 64 128 0.0122231
99 225 64 128 0.0197057
100 225 64 128 0.0439643
101 225 64 128 0.0721439
102 225 64 128 0.0477208
103 225 64 128 0.0105741
210 225 64 128 0.0363636
211 225 64 128 0.0730359
212 225 64 128 0.254042
213 225 64 128 0.535023
214 225 64 128 0.736141
215 225 64 128 0.802981
216 225 64 128 0.742058
217 225 64 128 0.535304
218 225 64 128 0.395544
219 225 64 128 0.488572
220 225 64 128 0.624418
221 225 64 128 0.689091
222 225 64 128 0.559549
223 225 64 128 0.350179
224 225 64 128 0.230478
225 225 64 128 0.141591
226 225 64 128 0.0585766
227 225 64 128 0.0187274
228 225 64 128 0.0119599
99 226 64 128 0.020183
100 226 64 128 0.0441283
101 226 64 128 0.074317
102 226 64 128 0.051646
103 226 64 128 0.0137539
210 226 64 128 0.0147646
211 226 64 128 0.0462898
212 226 64 128 0.159504
213 226 64 128 0.374742
214 226 64 128 0.59623
215 226 64 128 0.683794
216 226 64 128 0.650377
217 226 64 128 0.44967
218 226 64 128 0.329528
219 226 64 128 0.467195
220 226 64 128 0.59726
221 226 64 128 0.692132
222 226 64 128 0.58835
223 226 64 128 0.374368
224 226 64 128 0.248421
225 226 64 128 0.156853
226 226 64 128 0.0733721
227 226 64 128 0.0292464
228 226 64 128 0.0162192
99 227 64 128 0.0164174
100 227 64 128 0.0366796
101 227 64 128 0.072574
102 227 64 128 0.0519223
103 227 64 128 0.013785
211 227 64 128 0.0268023
212 227 64 128 0.102203
213 227 64 128 0.252251
214 227 64 128 0.441041
215 227 64 128 0.57429
216 227 64 128 0.541748
217 227 64 128 0.349968
218 227 64 128 0.243243
219 227 64 128 0.373266
220 227 64 128 0.549468
221 227 64 128 0.67854
222 227 64 128 0.580759
223 227 64 128 0.372756
224 227 64 128 0.262991
225 227 64 128 0.176151
226 227 64 128 0.0927825
227 227 64 128 0.0438829
228 227 64 128 0.0232588
99 228 64 128 0.0106094
100 228 64 128 0.0256061
101 228 64 128 0.0660607
102 228 64 128 0.0490485
103 228 64 128 0.0131614
211 228 64 128 0.0138872
212 228 64 128 0.0699188
213 228 64 128 0.163337
214 228 64 128 0.288487
215 228 64 128 0.448926
216 228 64 128 0.407514
217 228 64 128 0.242117
218 228 64 128 0.151532
219 228 64 128 0.240869
220 228 64 128 0.461387
221 228 64 128 0.612398
222 228 64 128 0.522374
223 228 64 128 0.338364
224 228 64 128 0.254033
225 228 64 128 0.1799
226 228 64 128 0.102728
227 228 64 128 0.0543505
228 228 64 128 0.0296026
100 229 64 128 0.0200662
101 229 64 128 0.0577775
102 229 64 128 0.0460357
103 229 64 128 0.0157238
104 229 64 128 0.011552
212 229 64 128 0.0410365
213 229 64 128 0.0895167
214 229 64 128 0.156021
215 229 64 128 0.274039
216 229 64 128 0.24201
217 229 64 128 0.138018
218 229 64 128 0.0802833
219 229 64 128 0.132052
220 229 64 128 0.322758
221 229 64 128 0.464186
222 229 64 128 0.411241
223 229 64 128 0.272475
224 229 64 128 0.201029
225 229 64 128 0.147207
226 229 64 128 0.0882107
227 229 64 128 0.0514168
228 229 64 128 0.031157
100 230 64 128 0.0191753
101 230 64 128 0.0489488
102 230 64 128 0.0426889
103 230 64 128 0.0197524
104 230 64 128 0.0127567
212 230 64 128 0.0154146
213 230 64 128 0.0333577
214 230 64 128 0.0596956
215 230 64 128 0.0993586
216 230 64 128 0.088791
217 230 64 128 0.0555128
218 230 64 128 0.0355543
219 230 64 128 0.0628299
220 230 64 128 0.174095
221 230 64 128 0.282227
222 230 64 128 0.278477
223 230 64 128 0.193431
224 230 64 128 0.128382
225 230 64 128 0.097329
226 230 64 128 0.060443
227 230 64 128 0.0400978
228 230 64 128 0.0295153
100 231 64 128 0.0174233
101 231 64 128 0.0399464
102 231 64 128 0.0373845
103 231 64 128 0.0210559
104 231 64 128 0.0133332
214 231 64 128 0.0131202
216 231 64 128 0.010867
217 231 64 128 0.0135637
218 231 64 128 0.0133768
219 231 64 128 0.026268
220 231 64 128 0.0770256
221 231 64 128 0.148583
222 231 64 128 0.169254
223 231 64 128 0.126704
224 231 64 128 0.0798725
225 231 64 128 0.0668683
226 231 64 128 0.0421263
227 231 64 128 0.0317411
228 231 64 128 0.0287481
100 232 64 128 0.0139209
101 232 64 128 0.0314711
102 232 64 128 0.0306691
103 232 64 128 0.0192745
104 232 64 128 0.0132143
219 232 64 128 0.011744
220 232 64 128 0.0376303
221 232 64 128 0.079501
222 232 64 128 0.0968905
223 232 64 128 0.0796696
224 232 64 128 0.0600087
225 232 64 128 0.0576926
226 232 64 128 0.0356723
227 232 64 128 0.0278668
228 232 64 128 0.0283007
229 232 64 128 0.0109329
100 233 64 128 0.011173
101 233 64 128 0.0244394
102 233 64 128 0.0246534
103 233 64 128 0.0168556
104 233 64 128 0.0123542
109 233 64 128 0.0123658
215 233 64 128 0.010947
220 233 64 128 0.0211099
221 233 64 128 0.042546
222 233 64 128 0.0509998
223 233 64 128 0.0462837
224 233 64 128 0.0445215
225 233 64 128 0.0463267
226 233 64 128 0.0286432
227 233 64 128 0.022805
228 233 64 128 0.0243055
229 233 64 128 0.0111539
101 234 64 128 0.0188254
102 234 64 128 0.0197941
103 234 64 128 0.0146166
104 234 64 128 0.010774
108 234 64 128 0.0118753
109 234 64 128 0.0139598
221 234 64 128 0.018929
222 234 64 128 0.0234649
223 234 64 128 0.0230566
224 234 64 128 0.0247233
225 234 64 128 0.026275
226 234 64 128 0.0174131
227 234 64 128 0.0153174
228 234 64 128 0.0169272
101 235 64 128 0.0135597
102 235 64 128 0.014683
103 235 64 128 0.0115011
108 235 64 128 0.0137425
109 235 64 128 0.0164721
123 235 64 128 0.010834
225 235 64 128 0.0105012
228 235 64 128 0.0108659
60 236 64 128 0.0105312
61 236 64 128 0.0140759
62 236 64 128 0.0139676
63 236 64 128 0.0170746
64 236 64 128 0.0177101
108 236 64 128 0.015447
109 236 64 128 0.0199719
110 236 64 128 0.0106936
122 236 64 128 0.0101731
123 236 64 128 0.011454
60 237 64 128 0.0172554
61 237 64 128 0.0238619
62 237 64 128 0.025477
63 237 64 128 0.0341684
64 237 64 128 0.0367914
65 237 64 128 0.0137623
108 237 64 128 0.0156284
109 237 64 128 0.0208811
110 237 64 128 0.0117541
111 237 64 128 0.0104047
123 237 64 128 0.0105143
59 238 64 128 0.0117614
60 238 64 128 0.0224855
61 238 64 128 0.0338688
62 238 64 128 0.0391844
63 238 64 128 0.0553996
64 238 64 128 0.0607713
65 238 64 128 0.0242249
108 238 64 128 0.0139075
109 238 64 128 0.0177461
110 238 64 128 0.0115659
59 239 64 128 0.0127825
60 239 64 128 0.0245727
61 239 64 128 0.0385491
62 239 64 128 0.046014
63 239 64 128 0.0661348
64 239 64 128 0.0729443
65 239 64 128 0.0296812
66 239 64 128 0.0118106
108 239 64 128 0.0126997
109 239 64 128 0.0154062
110 239 64 128 0.0112051
