192 230 98 196 0.0116932
193 230 98 196 0.0129937
194 230 98 196 0.0125594
195 230 98 196 0.010262
191 231 98 196 0.0117791
192 231 98 196 0.0156652
193 231 98 196 0.0183108
194 231 98 196 0.0183505
195 231 98 196 0.014908
191 232 98 196 0.0150617
192 232 98 196 0.0205137
193 232 98 196 0.0248601
194 232 98 196 0.0255147
195 232 98 196 0.0206348
196 232 98 196 0.0130691
190 233 98 196 0.0122159
191 233 98 196 0.0186829
192 233 98 196 0.0258801
193 233 98 196 0.0321458
194 233 98 196 0.0335038
195 233 98 196 0.0270081
196 233 98 196 0.0167341
190 234 98 196 0.0146032
191 234 98 196 0.0224035
192 234 98 196 0.0314056
193 234 98 196 0.0396719
194 234 98 196 0.0417692
195 234 98 196 0.0335933
196 234 98 196 0.0205027
197 234 98 196 0.0102685
190 235 98 196 0.016902
191 235 98 196 0.0259843
192 235 98 196 0.0367311
193 235 98 196 0.0469421
194 235 98 196 0.0497621
195 235 98 196 0.0399558
196 235 98 196 0.0241315
197 235 98 196 0.0119156
189 236 98 196 0.0110024
190 236 98 196 0.0189584
191 236 98 196 0.0291859
192 236 98 196 0.041498
193 236 98 196 0.0534604
194 236 98 196 0.0569339
195 236 98 196 0.045661
196 236 98 196 0.0273774
197 236 98 196 0.0133834
189 237 98 196 0.0119408
190 237 98 196 0.020618
191 237 98 196 0.031769
192 237 98 196 0.0453472
193 237 98 196 0.0587306
194 237 98 196 0.062736
195 237 98 196 0.0502743
196 237 98 196 0.0299971
197 237 98 196 0.0145646
189 238 98 196 0.012568
190 238 98 196 0.0217268
191 238 98 196 0.0334943
192 238 98 196 0.0479199
193 238 98 196 0.0622566
194 238 98 196 0.0666196
195 238 98 196 0.0533609
196 238 98 196 0.0317473
197 238 98 196 0.015352
189 239 98 196 0.0127965
190 239 98 196 0.0221307
191 239 98 196 0.0341226
192 239 98 196 0.0488572
193 239 98 196 0.0635421
194 239 98 196 0.068036
195 239 98 196 0.0544864
196 239 98 196 0.0323847
197 239 98 196 0.0156383
195 173 85 170 0.0101007
195 174 85 170 0.0134032
194 175 85 170 0.0126812
195 175 85 170 0.0175819
196 175 85 170 0.012575
194 176 85 170 0.0166521
195 176 85 170 0.0226136
196 176 85 170 0.0163461
193 177 85 170 0.0106412
194 177 85 170 0.0210739
195 177 85 170 0.0284729
196 177 85 170 0.020628
193 178 85 170 0.012664
194 178 85 170 0.0257872
195 178 85 170 0.0351346
196 178 85 170 0.0253245
193 179 85 170 0.0141768
194 179 85 170 0.0306453
195 179 85 170 0.0425355
196 179 85 170 0.0303448
197 179 85 170 0.0113615
193 180 85 170 0.0153303
194 180 85 170 0.035566
195 180 85 170 0.0504208
196 180 85 170 0.0356258
197 180 85 170 0.0127102
193 181 85 170 0.0163902
194 181 85 170 0.0404874
195 181 85 170 0.0584753
196 181 85 170 0.0411134
197 181 85 170 0.0142273
192 182 85 170 0.0104982
193 182 85 170 0.017622
194 182 85 170 0.0453476
195 182 85 170 0.0663835
196 182 85 170 0.0467533
197 182 85 170 0.0161569
192 183 85 170 0.0117705
193 183 85 170 0.0192901
194 183 85 170 0.0500837
195 183 85 170 0.0738297
196 183 85 170 0.0524901
197 183 85 170 0.0187415
191 184 85 170 0.0113735
192 184 85 170 0.0136739
193 184 85 170 0.0214421
194 184 85 170 0.0545024
195 184 85 170 0.0804103
196 184 85 170 0.0580695
197 184 85 170 0.0219552
191 185 85 170 0.0131429
192 185 85 170 0.0158189
193 185 85 170 0.0236888
194 185 85 170 0.0581461
195 185 85 170 0.0855454
196 185 85 170 0.0628366
197 185 85 170 0.0252298
198 185 85 170 0.0113103
191 186 85 170 0.0146868
192 186 85 170 0.0177616
193 186 85 170 0.025588
194 186 85 170 0.0605254
195 186 85 170 0.0886336
196 186 85 170 0.0660878
197 186 85 170 0.0279318
198 186 85 170 0.0129317
191 187 85 170 0.0156692
192 187 85 170 0.0190579
193 187 85 170 0.0266975
194 187 85 170 0.0611506
195 187 85 170 0.0890736
196 187 85 170 0.0671194
197 187 85 170 0.0294276
198 187 85 170 0.0139984
191 188 85 170 0.0157765
192 188 85 170 0.0192922
193 188 85 170 0.0266066
194 188 85 170 0.0595838
195 188 85 170 0.0863351
196 188 85 170 0.0652933
197 188 85 170 0.0291267
198 188 85 170 0.0142016
191 189 85 170 0.0151073
192 189 85 170 0.0185698
193 189 85 170 0.0254861
194 189 85 170 0.0563322
195 189 85 170 0.0812003
196 189 85 170 0.0611762
197 189 85 170 0.0272323
198 189 85 170 0.013612
191 190 85 170 0.0141233
192 190 85 170 0.0174546
193 190 85 170 0.0240182
194 190 85 170 0.0527353
195 190 85 170 0.0756061
196 190 85 170 0.0563954
197 190 85 170 0.0246464
198 190 85 170 0.0126341
191 191 85 170 0.0132982
192 191 85 170 0.0165263
193 191 85 170 0.0229025
194 191 85 170 0.0501611
195 191 85 170 0.0715289
196 191 85 170 0.0526142
197 191 85 170 0.0222948
198 191 85 170 0.011684
191 192 85 170 0.013106
192 192 85 170 0.0163644
193 192 85 170 0.0228389
194 192 85 170 0.0499775
195 192 85 170 0.0709451
196 192 85 170 0.0514961
197 192 85 170 0.0211032
198 192 85 170 0.0111776
191 193 85 170 0.0139316
192 193 85 170 0.017439
193 193 85 170 0.0243858
194 193 85 170 0.0532575
195 193 85 170 0.0754041
196 193 85 170 0.0543619
197 193 85 170 0.021826
198 193 85 170 0.0114586
191 194 85 170 0.0156209
192 194 85 170 0.0195563
193 194 85 170 0.0272455
194 194 85 170 0.0592865
195 194 85 170 0.083867
196 194 85 170 0.0604559
197 194 85 170 0.0241783
198 194 85 170 0.0124329
191 195 85 170 0.0178176
192 195 85 170 0.0222738
193 195 85 170 0.0307991
194 195 85 170 0.0666798
195 195 85 170 0.0943238
196 195 85 170 0.0682431
197 195 85 170 0.0274853
198 195 85 170 0.013842
199 195 85 170 0.0108376
191 196 85 170 0.0201649
192 196 85 170 0.0251481
193 196 85 170 0.0344272
194 196 85 170 0.074051
195 196 85 170 0.104763
196 196 85 170 0.0761876
197 196 85 170 0.0310716
198 196 85 170 0.015427
199 196 85 170 0.0117307
191 197 85 170 0.0223066
192 197 85 170 0.0277367
193 197 85 170 0.0375111
194 197 85 170 0.0800159
195 197 85 170 0.113176
196 197 85 170 0.0827553
197 197 85 170 0.0342626
198 197 85 170 0.0169297
199 197 85 170 0.012542
191 198 85 170 0.0240008
192 198 85 170 0.0297251
193 198 85 170 0.0396223
194 198 85 170 0.0837114
195 198 85 170 0.11835
196 198 85 170 0.0870063
197 198 85 170 0.0366258
198 198 85 170 0.0181972
199 198 85 170 0.0132228
191 199 85 170 0.0252785
192 199 85 170 0.0311046
193 199 85 170 0.0407865
194 199 85 170 0.0855167
195 199 85 170 0.120973
196 199 85 170 0.0894177
197 199 85 170 0.0383055
198 199 85 170 0.019329
199 199 85 170 0.0138944
191 200 85 170 0.0262107
192 200 85 170 0.0319113
193 200 85 170 0.0410952
194 200 85 170 0.0859925
195 200 85 170 0.122008
196 200 85 170 0.0906734
197 200 85 170 0.0395303
198 200 85 170 0.0204612
199 200 85 170 0.0147029
191 201 85 170 0.0268683
192 201 85 170 0.0321812
193 201 85 170 0.0406401
194 201 85 170 0.0856994
195 201 85 170 0.122419
196 201 85 170 0.091457
197 201 85 170 0.0405287
198 201 85 170 0.0217298
199 201 85 170 0.0157942
191 202 85 170 0.0273256
192 202 85 170 0.0319609
193 202 85 170 0.0395264
194 202 85 170 0.0851929
195 202 85 170 0.123147
196 202 85 170 0.0924365
197 202 85 170 0.0415282
198 202 85 170 0.0232674
199 202 85 170 0.0173069
191 203 85 170 0.0277428
192 203 85 170 0.0315522
193 203 85 170 0.0381838
194 203 85 170 0.0849037
195 203 85 170 0.124544
196 203 85 170 0.0939032
197 203 85 170 0.0427259
198 203 85 170 0.0251161
199 203 85 170 0.0191984
190 204 85 170 0.0100074
191 204 85 170 0.0283683
192 204 85 170 0.031519
193 204 85 170 0.0373752
194 204 85 170 0.0851345
195 204 85 170 0.126362
196 204 85 170 0.0957611
197 204 85 170 0.0442881
198 204 85 170 0.0272258
199 204 85 170 0.0212406
190 205 85 170 0.0105795
191 205 85 170 0.0294543
192 205 85 170 0.0324372
193 205 85 170 0.0378784
194 205 85 170 0.0861825
195 205 85 170 0.128323
196 205 85 170 0.097897
197 205 85 170 0.0463798
198 205 85 170 0.0295422
199 205 85 170 0.0231967
190 206 85 170 0.0115517
191 206 85 170 0.0312531
192 206 85 170 0.0348824
193 206 85 170 0.0404714
194 206 85 170 0.0883445
195 206 85 170 0.130151
196 206 85 170 0.100197
197 206 85 170 0.0491659
198 206 85 170 0.0320108
199 206 85 170 0.0248302
190 207 85 170 0.0130311
191 207 85 170 0.0339717
192 207 85 170 0.0393124
193 207 85 170 0.0457658
194 207 85 170 0.0918791
195 207 85 170 0.131679
196 207 85 170 0.102601
197 207 85 170 0.0527713
198 207 85 170 0.0345775
199 207 85 170 0.0259478
200 207 85 170 0.0103535
190 208 85 170 0.0148971
191 208 85 170 0.0374885
192 208 85 170 0.0453238
193 208 85 170 0.0531592
194 208 85 170 0.0967638
195 208 85 170 0.133527
196 208 85 170 0.105428
197 208 85 170 0.0570296
198 208 85 170 0.0371883
199 208 85 170 0.0266734
200 208 85 170 0.0108462
190 209 85 170 0.0169286
191 209 85 170 0.0415358
192 209 85 170 0.0521313
193 209 85 170 0.0615113
194 209 85 170 0.102852
195 209 85 170 0.136665
196 209 85 170 0.109165
197 209 85 170 0.0616454
198 209 85 170 0.0397898
199 209 85 170 0.0272714
200 209 85 170 0.0112767
190 210 85 170 0.0189037
191 210 85 170 0.0458454
192 210 85 170 0.058948
193 210 85 170 0.0696792
194 210 85 170 0.109995
195 210 85 170 0.142067
196 210 85 170 0.114302
197 210 85 170 0.0663224
198 210 85 170 0.0423283
199 210 85 170 0.028007
200 210 85 170 0.0116975
190 211 85 170 0.020601
191 211 85 170 0.0501493
192 211 85 170 0.0649875
193 211 85 170 0.0765209
194 211 85 170 0.118047
195 211 85 170 0.150705
196 211 85 170 0.121327
197 211 85 170 0.0707647
198 211 85 170 0.0447504
199 211 85 170 0.029145
200 211 85 170 0.0121611
190 212 85 170 0.022007
191 212 85 170 0.0544953
192 212 85 170 0.06999
193 212 85 170 0.0814793
194 212 85 170 0.126953
195 212 85 170 0.163162
196 212 85 170 0.130596
197 212 85 170 0.0749082
198 212 85 170 0.0470957
199 212 85 170 0.0308651
200 212 85 170 0.012713
190 213 85 170 0.0236952
191 213 85 170 0.0598218
192 213 85 170 0.0751812
193 213 85 170 0.085649
194 213 85 170 0.136927
195 213 85 170 0.178933
196 213 85 170 0.142089
197 213 85 170 0.0793424
198 213 85 170 0.0496664
199 213 85 170 0.0331055
200 213 85 170 0.01338
190 214 85 170 0.0263418
191 214 85 170 0.0672234
192 214 85 170 0.0820474
193 214 85 170 0.0904136
194 214 85 170 0.148226
195 214 85 170 0.197318
196 214 85 170 0.155722
197 214 85 170 0.0847713
198 214 85 170 0.0528107
199 214 85 170 0.0357624
200 214 85 170 0.0141851
190 215 85 170 0.0306233
191 215 85 170 0.0777947
192 215 85 170 0.0920747
193 215 85 170 0.097157
194 215 85 170 0.16111
195 215 85 170 0.217619
196 215 85 170 0.171408
197 215 85 170 0.0918992
198 215 85 170 0.0568768
199 215 85 170 0.0387318
200 215 85 170 0.0151516
190 216 85 170 0.0371878
191 216 85 170 0.092578
192 216 85 170 0.10669
193 216 85 170 0.107218
194 216 85 170 0.175815
195 216 85 170 0.239125
196 216 85 170 0.18904
197 216 85 170 0.1014
198 216 85 170 0.0621986
199 216 85 170 0.0419101
200 216 85 170 0.0163013
190 217 85 170 0.0457696
191 217 85 170 0.110921
192 217 85 170 0.125405
193 217 85 170 0.120479
194 217 85 170 0.191849
195 217 85 170 0.260784
196 217 85 170 0.20779
197 217 85 170 0.112957
198 217 85 170 0.068643
199 217 85 170 0.0452017
200 217 85 170 0.0176082
190 218 85 170 0.0550091
191 218 85 170 0.130146
192 218 85 170 0.145437
193 218 85 170 0.135081
194 218 85 170 0.207845
195 218 85 170 0.281128
196 218 85 170 0.225964
197 218 85 170 0.125074
198 218 85 170 0.0755181
199 218 85 170 0.0485204
200 218 85 170 0.018989
188 219 85 170 0.010835
189 219 85 170 0.0118107
190 219 85 170 0.0634827
191 219 85 170 0.147453
192 219 85 170 0.16387
193 219 85 170 0.14906
194 219 85 170 0.222389
195 219 85 170 0.298665
196 219 85 170 0.241818
197 219 85 170 0.136182
198 219 85 170 0.0820995
199 219 85 170 0.0517806
200 219 85 170 0.0203572
187 220 85 170 0.0107816
188 220 85 170 0.0121033
189 220 85 170 0.0138279
190 220 85 170 0.0697667
191 220 85 170 0.160044
192 220 85 170 0.177786
193 220 85 170 0.160454
194 220 85 170 0.234064
195 220 85 170 0.311904
196 220 85 170 0.253608
197 220 85 170 0.144714
198 220 85 170 0.0876623
199 220 85 170 0.0548969
200 220 85 170 0.0216263
187 221 85 170 0.0112885
188 221 85 170 0.0129337
189 221 85 170 0.0150511
190 221 85 170 0.0726403
191 221 85 170 0.165521
192 221 85 170 0.184683
193 221 85 170 0.167573
194 221 85 170 0.241651
195 221 85 170 0.319563
196 221 85 170 0.259816
197 221 85 170 0.149282
198 221 85 170 0.0915424
199 221 85 170 0.0577665
200 221 85 170 0.0227105
187 222 85 170 0.0115244
188 222 85 170 0.0134189
189 222 85 170 0.0156479
190 222 85 170 0.0726799
191 222 85 170 0.165028
192 222 85 170 0.185712
193 222 85 170 0.171133
194 222 85 170 0.245686
195 222 85 170 0.322211
196 222 85 170 0.260925
197 222 85 170 0.150102
198 222 85 170 0.0936086
199 222 85 170 0.0601358
200 222 85 170 0.0235311
187 223 85 170 0.0116416
188 223 85 170 0.0137907
189 223 85 170 0.0160627
190 223 85 170 0.0713996
191 223 85 170 0.161558
192 223 85 170 0.183931
193 223 85 170 0.173106
194 223 85 170 0.24762
195 223 85 170 0.321384
196 223 85 170 0.25846
197 223 85 170 0.148226
198 223 85 170 0.0940084
199 223 85 170 0.0616723
200 223 85 170 0.0240132
187 224 85 170 0.0117934
188 224 85 170 0.0142816
189 224 85 170 0.0167422
190 224 85 170 0.0703214
191 224 85 170 0.158118
192 224 85 170 0.182416
193 224 85 170 0.175478
194 224 85 170 0.248912
195 224 85 170 0.318627
196 224 85 170 0.253956
197 224 85 170 0.144713
198 224 85 170 0.0928916
199 224 85 170 0.0620427
200 224 85 170 0.0240817
187 225 85 170 0.0121329
188 225 85 170 0.0151244
189 225 85 170 0.0181333
190 225 85 170 0.0709676
191 225 85 170 0.157717
192 225 85 170 0.184241
193 225 85 170 0.18023
194 225 85 170 0.251019
195 225 85 170 0.315483
196 225 85 170 0.248948
197 225 85 170 0.140621
198 225 85 170 0.090408
199 225 85 170 0.0609139
200 225 85 170 0.0236619
187 226 85 170 0.0127316
188 226 85 170 0.016423
189 226 85 170 0.0204502
190 226 85 170 0.0741645
191 226 85 170 0.162007
192 226 85 170 0.190985
193 226 85 170 0.188185
194 226 85 170 0.254473
195 226 85 170 0.312661
196 226 85 170 0.244284
197 226 85 170 0.136606
198 226 85 170 0.0866734
199 226 85 170 0.0580911
200 226 85 170 0.022708
187 227 85 170 0.0133879
188 227 85 170 0.017848
189 227 85 170 0.023127
190 227 85 170 0.0784048
191 227 85 170 0.168092
192 227 85 170 0.199201
193 227 85 170 0.196274
194 227 85 170 0.256697
195 227 85 170 0.308065
196 227 85 170 0.238504
197 227 85 170 0.131964
198 227 85 170 0.0816899
199 227 85 170 0.053844
200 227 85 170 0.021273
187 228 85 170 0.0138426
188 228 85 170 0.0189798
189 228 85 170 0.0254342
190 228 85 170 0.0816922
191 228 85 170 0.172123
192 228 85 170 0.204394
193 228 85 170 0.20061
194 228 85 170 0.25446
195 228 85 170 0.299012
196 228 85 170 0.229667
197 228 85 170 0.125709
198 228 85 170 0.0754355
199 228 85 170 0.0485394
200 228 85 170 0.0194304
187 229 85 170 0.0138366
188 229 85 170 0.0193984
189 229 85 170 0.0266423
190 229 85 170 0.0820305
191 229 85 170 0.170252
192 229 85 170 0.202065
193 229 85 170 0.197305
194 229 85 170 0.244534
195 229 85 170 0.282821
196 229 85 170 0.215829
197 229 85 170 0.116853
198 229 85 170 0.0678884
199 229 85 170 0.0425443
200 229 85 170 0.0172537
187 230 85 170 0.0131157
188 230 85 170 0.0186916
189 230 85 170 0.0260349
190 230 85 170 0.0774599
191 230 85 170 0.158702
192 230 85 170 0.187804
193 230 85 170 0.182555
194 230 85 170 0.223759
195 230 85 170 0.256871
196 230 85 170 0.195094
197 230 85 170 0.104434
198 230 85 170 0.0590337
199 230 85 170 0.0362246
200 230 85 170 0.0148174
187 231 85 170 0.011646
188 231 85 170 0.0167944
189 231 85 170 0.023482
190 231 85 170 0.0676904
191 231 85 170 0.137008
192 231 85 170 0.161201
193 231 85 170 0.156213
194 231 85 170 0.192261
195 231 85 170 0.221414
196 231 85 170 0.167659
197 231 85 170 0.0886194
198 231 85 170 0.0491742
199 231 85 170 0.0298972
200 231 85 170 0.0122289
188 232 85 170 0.0141263
189 232 85 170 0.0196736
190 232 85 170 0.0547649
191 232 85 170 0.109333
192 232 85 170 0.127428
193 232 85 170 0.123252
194 232 85 170 0.154744
195 232 85 170 0.180712
196 232 85 170 0.136642
197 232 85 170 0.0711588
198 232 85 170 0.039057
199 232 85 170 0.0238106
188 233 85 170 0.0111431
189 233 85 170 0.0153603
190 233 85 170 0.0408996
191 233 85 170 0.0801793
192 233 85 170 0.0920779
193 233 85 170 0.0890222
194 233 85 170 0.116257
195 233 85 170 0.139329
196 233 85 170 0.105377
197 233 85 170 0.0539171
198 233 85 170 0.0294619
199 233 85 170 0.0182082
189 234 85 170 0.011293
190 234 85 170 0.0283106
191 234 85 170 0.0540538
192 234 85 170 0.0607386
193 234 85 170 0.0588754
194 234 85 170 0.0818442
195 234 85 170 0.101824
196 234 85 170 0.0772024
197 234 85 170 0.03876
198 234 85 170 0.0211686
199 234 85 170 0.0133336
190 235 85 170 0.0190475
191 235 85 170 0.0351134
192 235 85 170 0.038557
193 235 85 170 0.0377323
194 235 85 170 0.0561718
195 235 85 170 0.0724401
196 235 85 170 0.0552155
197 235 85 170 0.0274079
198 235 85 170 0.0148946
190 236 85 170 0.0133551
191 236 85 170 0.0237485
192 236 85 170 0.0258736
193 236 85 170 0.0258499
194 236 85 170 0.0397569
195 236 85 170 0.0519541
196 236 85 170 0.0399478
197 236 85 170 0.0200091
198 236 85 170 0.0106778
190 237 85 170 0.0103736
191 237 85 170 0.0180435
192 237 85 170 0.0200871
193 237 85 170 0.0206301
194 237 85 170 0.0305789
195 237 85 170 0.0390225
196 237 85 170 0.0303588
197 237 85 170 0.0157495
191 238 85 170 0.0160496
192 238 85 170 0.0185539
193 238 85 170 0.0194336
194 238 85 170 0.0265807
195 238 85 170 0.0322712
196 238 85 170 0.0253851
197 238 85 170 0.0138009
191 239 85 170 0.0158181
192 239 85 170 0.0186303
193 239 85 170 0.0196213
194 239 85 170 0.0257051
195 239 85 170 0.0303261
196 239 85 170 0.0239635
197 239 85 170 0.0133354
6 0 64 128 0.026219
7 0 64 128 0.161533
8 0 64 128 0.378775
9 0 64 128 0.531021
10 0 64 128 0.537297
11 0 64 128 0.48238
12 0 64 128 0.393595
13 0 64 128 0.287941
14 0 64 128 0.280585
15 0 64 128 0.456421
16 0 64 128 0.65835
17 0 64 128 0.7434
18 0 64 128 0.586203
19 0 64 128 0.280464
20 0 64 128 0.069167
6 1 64 128 0.027937
7 1 64 128 0.173731
8 1 64 128 0.385817
9 1 64 128 0.527408
10 1 64 128 0.546012
11 1 64 128 0.489804
12 1 64 128 0.395844
13 1 64 128 0.292102
14 1 64 128 0.300326
15 1 64 128 0.49366
16 1 64 128 0.682575
17 1 64 128 0.768102
18 1 64 128 0.614092
19 1 64 128 0.296693
20 1 64 128 0.0741218
21 1 64 128 0.0102267
5 2 64 128 0.0119803
6 2 64 128 0.0313873
7 2 64 128 0.192752
8 2 64 128 0.389525
9 2 64 128 0.504181
10 2 64 128 0.53841
11 2 64 128 0.483854
12 2 64 128 0.38368
13 2 64 128 0.286426
14 2 64 128 0.322801
15 2 64 128 0.541041
16 2 64 128 0.707773
17 2 64 128 0.79153
18 2 64 128 0.637992
19 2 64 128 0.304643
20 2 64 128 0.0770936
21 2 64 128 0.0110785
5 3 64 128 0.0122943
6 3 64 128 0.0341226
7 3 64 128 0.195487
8 3 64 128 0.367641
9 3 64 128 0.447361
10 3 64 128 0.474379
11 3 64 128 0.430514
12 3 64 128 0.334791
13 3 64 128 0.249328
14 3 64 128 0.302402
15 3 64 128 0.518844
16 3 64 128 0.676178
17 3 64 128 0.752227
18 3 64 128 0.585626
19 3 64 128 0.255742
20 3 64 128 0.0637386
5 4 64 128 0.0109468
6 4 64 128 0.0343836
7 4 64 128 0.179525
8 4 64 128 0.322604
9 4 64 128 0.372275
10 4 64 128 0.38081
11 4 64 128 0.348784
12 4 64 128 0.265494
13 4 64 128 0.195203
14 4 64 128 0.25414
15 4 64 128 0.454345
16 4 64 128 0.615735
17 4 64 128 0.681469
18 4 64 128 0.495465
19 4 64 128 0.181318
20 4 64 128 0.0419865
6 5 64 128 0.0309171
7 5 64 128 0.150746
8 5 64 128 0.266303
9 5 64 128 0.303694
10 5 64 128 0.306325
11 5 64 128 0.275536
12 5 64 128 0.204942
13 5 64 128 0.15037
14 5 64 128 0.21377
15 5 64 128 0.410516
16 5 64 128 0.581625
17 5 64 128 0.639734
18 5 64 128 0.441352
19 5 64 128 0.138266
20 5 64 128 0.027171
6 6 64 128 0.0249663
7 6 64 128 0.116762
8 6 64 128 0.208055
9 6 64 128 0.24468
10 6 64 128 0.251445
11 6 64 128 0.216745
12 6 64 128 0.15777
13 6 64 128 0.117959
14 6 64 128 0.184914
15 6 64 128 0.383969
16 6 64 128 0.561513
17 6 64 128 0.611594
18 6 64 128 0.411779
19 6 64 128 0.122432
20 6 64 128 0.0205191
6 7 64 128 0.0191847
7 7 64 128 0.0859487
8 7 64 128 0.155383
9 7 64 128 0.185778
10 7 64 128 0.189201
11 7 64 128 0.160423
12 7 64 128 0.114342
13 7 64 128 0.0876202
14 7 64 128 0.152529
15 7 64 128 0.33338
16 7 64 128 0.504858
17 7 64 128 0.538897
18 7 64 128 0.346965
19 7 64 128 0.0948226
20 7 64 128 0.0150453
6 8 64 128 0.0145924
7 8 64 128 0.0615126
8 8 64 128 0.111201
9 8 64 128 0.127431
10 8 64 128 0.119254
11 8 64 128 0.106025
12 8 64 128 0.0737086
13 8 64 128 0.0576202
14 8 64 128 0.113698
15 8 64 128 0.254148
16 8 64 128 0.405634
17 8 64 128 0.417975
18 8 64 128 0.243926
19 8 64 128 0.0512037
6 9 64 128 0.0107294
7 9 64 128 0.0420205
8 9 64 128 0.0743269
9 9 64 128 0.0790346
10 9 64 128 0.0652063
11 9 64 128 0.0633767
12 9 64 128 0.0427964
13 9 64 128 0.0340527
14 9 64 128 0.0765826
15 9 64 128 0.174888
16 9 64 128 0.29803
17 9 64 128 0.294235
18 9 64 128 0.15077
19 9 64 128 0.0186362
7 10 64 128 0.0267465
8 10 64 128 0.0448381
9 10 64 128 0.0453283
10 10 64 128 0.0363072
11 10 64 128 0.0363084
12 10 64 128 0.0239866
13 10 64 128 0.0193939
14 10 64 128 0.0468429
15 10 64 128 0.11264
16 10 64 128 0.203871
17 10 64 128 0.194081
18 10 64 128 0.090885
7 11 64 128 0.0161323
8 11 64 128 0.0246878
9 11 64 128 0.0243691
10 11 64 128 0.0213865
11 11 64 128 0.0201018
12 11 64 128 0.0131795
13 11 64 128 0.0108872
14 11 64 128 0.0262399
15 11 64 128 0.0672936
16 11 64 128 0.126435
17 11 64 128 0.116034
18 11 64 128 0.0520242
8 12 64 128 0.0139093
9 12 64 128 0.0131622
10 12 64 128 0.0115506
11 12 64 128 0.0104525
14 12 64 128 0.0145925
15 12 64 128 0.0369258
16 12 64 128 0.0677538
17 12 64 128 0.0583299
18 12 64 128 0.0242927
15 13 64 128 0.0183913
16 13 64 128 0.0299715
17 13 64 128 0.0225923
16 14 64 128 0.0125993
189 188 64 128 0.0114975
190 188 64 128 0.0204896
191 188 64 128 0.0166242
188 189 64 128 0.0131535
189 189 64 128 0.0197646
190 189 64 128 0.0367095
191 189 64 128 0.0298273
192 189 64 128 0.0172221
193 189 64 128 0.0104649
188 190 64 128 0.0159814
189 190 64 128 0.023893
190 190 64 128 0.0402229
191 190 64 128 0.0308799
192 190 64 128 0.0169896
154 191 64 128 0.0117764
172 191 64 128 0.0117729
173 191 64 128 0.0128385
182 191 64 128 0.0101507
183 191 64 128 0.0105602
188 191 64 128 0.0169245
189 191 64 128 0.0254806
190 191 64 128 0.0365971
191 191 64 128 0.0272764
192 191 64 128 0.0143775
151 192 64 128 0.0113468
152 192 64 128 0.0115165
153 192 64 128 0.0109478
154 192 64 128 0.0150982
172 192 64 128 0.0141043
173 192 64 128 0.0157396
174 192 64 128 0.0118006
175 192 64 128 0.0112342
182 192 64 128 0.0115084
183 192 64 128 0.0114647
187 192 64 128 0.0108161
188 192 64 128 0.0195449
189 192 64 128 0.0328605
190 192 64 128 0.050367
191 192 64 128 0.0460513
192 192 64 128 0.0279707
193 192 64 128 0.0137874
195 192 64 128 0.0107189
196 192 64 128 0.014768
197 192 64 128 0.0155666
151 193 64 128 0.0145786
152 193 64 128 0.0172178
153 193 64 128 0.016831
154 193 64 128 0.0186561
155 193 64 128 0.0126873
172 193 64 128 0.0136883
173 193 64 128 0.0156451
174 193 64 128 0.0111039
175 193 64 128 0.0100984
182 193 64 128 0.0104464
187 193 64 128 0.0135161
188 193 64 128 0.025032
189 193 64 128 0.046889
190 193 64 128 0.0836175
191 193 64 128 0.0883715
192 193 64 128 0.0585144
193 193 64 128 0.0300426
194 193 64 128 0.0241701
195 193 64 128 0.0262965
196 193 64 128 0.0353814
197 193 64 128 0.0379682
198 193 64 128 0.0248043
151 194 64 128 0.0177097
152 194 64 128 0.0217945
153 194 64 128 0.0208682
154 194 64 128 0.0207783
155 194 64 128 0.0142499
156 194 64 128 0.010354
172 194 64 128 0.0166161
173 194 64 128 0.0198909
174 194 64 128 0.015354
175 194 64 128 0.0152949
180 194 64 128 0.0103678
181 194 64 128 0.011558
182 194 64 128 0.0135193
183 194 64 128 0.0118576
187 194 64 128 0.016912
188 194 64 128 0.0310586
189 194 64 128 0.0575495
190 194 64 128 0.105869
191 194 64 128 0.118007
192 194 64 128 0.0809898
193 194 64 128 0.0408591
194 194 64 128 0.0314895
195 194 64 128 0.0341829
196 194 64 128 0.0459535
197 194 64 128 0.0495924
198 194 64 128 0.0323251
151 195 64 128 0.0201615
152 195 64 128 0.0234407
153 195 64 128 0.0208811
154 195 64 128 0.0205474
155 195 64 128 0.0134399
171 195 64 128 0.0120805
172 195 64 128 0.0247811
173 195 64 128 0.0308214
174 195 64 128 0.0271563
175 195 64 128 0.0294425
176 195 64 128 0.0184878
177 195 64 128 0.0120363
178 195 64 128 0.0128194
179 195 64 128 0.0144241
180 195 64 128 0.0224077
181 195 64 128 0.0213603
182 195 64 128 0.0226733
183 195 64 128 0.0209493
184 195 64 128 0.0118155
185 195 64 128 0.0124854
186 195 64 128 0.0116088
187 195 64 128 0.0202016
188 195 64 128 0.035775
189 195 64 128 0.0603066
190 195 64 128 0.105736
191 195 64 128 0.120232
192 195 64 128 0.085932
193 195 64 128 0.0423999
194 195 64 128 0.0275993
195 195 64 128 0.0313476
196 195 64 128 0.0400373
197 195 64 128 0.0431076
198 195 64 128 0.0285887
151 196 64 128 0.020135
152 196 64 128 0.0223707
153 196 64 128 0.018984
154 196 64 128 0.0188674
155 196 64 128 0.0117846
171 196 64 128 0.0148598
172 196 64 128 0.0301575
173 196 64 128 0.0389821
174 196 64 128 0.0375635
175 196 64 128 0.0404315
176 196 64 128 0.0255638
177 196 64 128 0.0169091
178 196 64 128 0.0178124
179 196 64 128 0.0203221
180 196 64 128 0.0314146
181 196 64 128 0.0285721
182 196 64 128 0.0290418
183 196 64 128 0.0268088
184 196 64 128 0.0150262
185 196 64 128 0.0156436
186 196 64 128 0.013553
187 196 64 128 0.023071
188 196 64 128 0.0389151
189 196 64 128 0.0640619
190 196 64 128 0.117792
191 196 64 128 0.132196
192 196 64 128 0.10119
193 196 64 128 0.0574696
194 196 64 128 0.0356248
195 196 64 128 0.0448842
196 196 64 128 0.0456802
197 196 64 128 0.0477533
198 196 64 128 0.0361933
151 197 64 128 0.0170081
152 197 64 128 0.0195634
153 197 64 128 0.0173309
154 197 64 128 0.016784
155 197 64 128 0.0106436
171 197 64 128 0.0134413
172 197 64 128 0.0273584
173 197 64 128 0.0378462
174 197 64 128 0.0401998
175 197 64 128 0.040732
176 197 64 128 0.0257459
177 197 64 128 0.0193989
178 197 64 128 0.0212906
179 197 64 128 0.022425
180 197 64 128 0.0321254
181 197 64 128 0.0293164
182 197 64 128 0.0283025
183 197 64 128 0.0241804
184 197 64 128 0.0129689
185 197 64 128 0.0152188
186 197 64 128 0.0137158
187 197 64 128 0.0256165
188 197 64 128 0.0412925
189 197 64 128 0.0759584
190 197 64 128 0.16398
191 197 64 128 0.177592
192 197 64 128 0.142781
193 197 64 128 0.0973472
194 197 64 128 0.0678924
195 197 64 128 0.088534
196 197 64 128 0.078851
197 197 64 128 0.080565
198 197 64 128 0.0674818
199 197 64 128 0.0146033
151 198 64 128 0.0145768
152 198 64 128 0.0176725
153 198 64 128 0.0163809
154 198 64 128 0.0150374
171 198 64 128 0.0114384
172 198 64 128 0.0239591
173 198 64 128 0.0356058
174 198 64 128 0.0421236
175 198 64 128 0.0442541
176 198 64 128 0.031923
177 198 64 128 0.028806
178 198 64 128 0.0319173
179 198 64 128 0.0336214
180 198 64 128 0.0460227
181 198 64 128 0.0411218
182 198 64 128 0.0357896
183 198 64 128 0.0283613
184 198 64 128 0.0154959
185 198 64 128 0.0177209
186 198 64 128 0.0157149
187 198 64 128 0.0290867
188 198 64 128 0.046625
189 198 64 128 0.0915953
190 198 64 128 0.204837
191 198 64 128 0.213457
192 198 64 128 0.171649
193 198 64 128 0.123792
194 198 64 128 0.0895159
195 198 64 128 0.118983
196 198 64 128 0.100825
197 198 64 128 0.102586
198 198 64 128 0.0895265
199 198 64 128 0.0200874
151 199 64 128 0.0162009
152 199 64 128 0.0187262
153 199 64 128 0.0160196
154 199 64 128 0.0140171
171 199 64 128 0.0126331
172 199 64 128 0.0276388
173 199 64 128 0.0406771
174 199 64 128 0.0504633
175 199 64 128 0.0637238
176 199 64 128 0.0551216
177 199 64 128 0.0524407
178 199 64 128 0.0564092
179 199 64 128 0.0643539
180 199 64 128 0.0907409
181 199 64 128 0.0780507
182 199 64 128 0.063961
183 199 64 128 0.0521552
184 199 64 128 0.0308781
185 199 64 128 0.0287833
186 199 64 128 0.0226814
187 199 64 128 0.034521
188 199 64 128 0.0579767
189 199 64 128 0.105621
190 199 64 128 0.201982
191 199 64 128 0.19968
192 199 64 128 0.153125
193 199 64 128 0.103508
194 199 64 128 0.0701591
195 199 64 128 0.0982103
196 199 64 128 0.0780208
197 199 64 128 0.0798792
198 199 64 128 0.0734423
199 199 64 128 0.0147396
151 200 64 128 0.0181566
152 200 64 128 0.0196533
153 200 64 128 0.0149609
154 200 64 128 0.0126035
171 200 64 128 0.0143981
172 200 64 128 0.0325548
173 200 64 128 0.0466779
174 200 64 128 0.058135
175 200 64 128 0.0823835
176 200 64 128 0.0778222
177 200 64 128 0.0753727
178 200 64 128 0.0806295
179 200 64 128 0.0956329
180 200 64 128 0.134693
181 200 64 128 0.112744
182 200 64 128 0.0888452
183 200 64 128 0.0729727
184 200 64 128 0.0450409
185 200 64 128 0.0398742
186 200 64 128 0.0301701
187 200 64 128 0.0406133
188 200 64 128 0.0718295
189 200 64 128 0.120219
190 200 64 128 0.189356
191 200 64 128 0.18346
192 200 64 128 0.135356
193 200 64 128 0.0829011
194 200 64 128 0.0546054
195 200 64 128 0.077895
196 200 64 128 0.0632146
197 200 64 128 0.0656324
198 200 64 128 0.0606952
199 200 64 128 0.0137163
151 201 64 128 0.0152268
152 201 64 128 0.01638
153 201 64 128 0.0118208
171 201 64 128 0.012643
172 201 64 128 0.0298143
173 201 64 128 0.0438925
174 201 64 128 0.0550504
175 201 64 128 0.0775727
176 201 64 128 0.0770126
177 201 64 128 0.0786284
178 201 64 128 0.0867027
179 201 64 128 0.103312
180 201 64 128 0.13823
181 201 64 128 0.112051
182 201 64 128 0.082029
183 201 64 128 0.0636356
184 201 64 128 0.0409888
185 201 64 128 0.0407596
186 201 64 128 0.032902
187 201 64 128 0.0462891
188 201 64 128 0.0842057
189 201 64 128 0.140443
190 201 64 128 0.2181
191 201 64 128 0.230538
192 201 64 128 0.183621
193 201 64 128 0.124696
194 201 64 128 0.101656
195 201 64 128 0.127759
196 201 64 128 0.125085
197 201 64 128 0.12877
198 201 64 128 0.105918
199 201 64 128 0.0356163
200 201 64 128 0.0115172
152 202 64 128 0.0104865
172 202 64 128 0.0221864
173 202 64 128 0.0354043
174 202 64 128 0.0450936
175 202 64 128 0.0584175
176 202 64 128 0.0623524
177 202 64 128 0.0706966
178 202 64 128 0.0829477
179 202 64 128 0.101231
180 202 64 128 0.130036
181 202 64 128 0.108752
182 202 64 128 0.0786396
183 202 64 128 0.056374
184 202 64 128 0.039036
185 202 64 128 0.0461214
186 202 64 128 0.0395754
187 202 64 128 0.0589719
188 202 64 128 0.105525
189 202 64 128 0.174786
190 202 64 128 0.28454
191 202 64 128 0.321594
192 202 64 128 0.278655
193 202 64 128 0.208802
194 202 64 128 0.180431
195 202 64 128 0.221531
196 202 64 128 0.227414
197 202 64 128 0.229791
198 202 64 128 0.180087
199 202 64 128 0.0633909
200 202 64 128 0.0197441
172 203 64 128 0.0178055
173 203 64 128 0.0301752
174 203 64 128 0.0385569
175 203 64 128 0.0486036
176 203 64 128 0.0583413
177 203 64 128 0.0723947
178 203 64 128 0.0893773
179 203 64 128 0.119926
180 203 64 128 0.168308
181 203 64 128 0.163417
182 203 64 128 0.139969
183 203 64 128 0.107855
184 203 64 128 0.0747698
185 203 64 128 0.0805389
186 203 64 128 0.0643463
187 203 64 128 0.088914
188 203 64 128 0.151305
189 203 64 128 0.231787
190 203 64 128 0.358188
191 203 64 128 0.397476
192 203 64 128 0.361589
193 203 64 128 0.276959
194 203 64 128 0.220271
195 203 64 128 0.289053
196 203 64 128 0.287089
197 203 64 128 0.281359
198 203 64 128 0.217489
199 203 64 128 0.0654048
200 203 64 128 0.0230024
172 204 64 128 0.0170369
173 204 64 128 0.0284781
174 204 64 128 0.0361267
175 204 64 128 0.049686
176 204 64 128 0.0648916
177 204 64 128 0.0817319
178 204 64 128 0.103284
179 204 64 128 0.153122
180 204 64 128 0.237335
181 204 64 128 0.255162
182 204 64 128 0.239747
183 204 64 128 0.192486
184 204 64 128 0.13103
185 204 64 128 0.128903
186 204 64 128 0.0977109
187 204 64 128 0.12476
188 204 64 128 0.204971
189 204 64 128 0.295048
190 204 64 128 0.421557
191 204 64 128 0.445508
192 204 64 128 0.419486
193 204 64 128 0.325133
194 204 64 128 0.232034
195 204 64 128 0.328176
196 204 64 128 0.31098
197 204 64 128 0.298598
198 204 64 128 0.234627
199 204 64 128 0.0605165
200 204 64 128 0.0265762
201 204 64 128 0.0103597
172 205 64 128 0.0144424
173 205 64 128 0.0241079
174 205 64 128 0.0313071
175 205 64 128 0.0466381
176 205 64 128 0.0635611
177 205 64 128 0.0798119
178 205 64 128 0.105147
179 205 64 128 0.167324
180 205 64 128 0.266976
181 205 64 128 0.303153
182 205 64 128 0.287501
183 205 64 128 0.224572
184 205 64 128 0.152232
185 205 64 128 0.14736
186 205 64 128 0.11308
187 205 64 128 0.139701
188 205 64 128 0.226967
189 205 64 128 0.330482
190 205 64 128 0.467704
191 205 64 128 0.488248
192 205 64 128 0.474122
193 205 64 128 0.389627
194 205 64 128 0.286611
195 205 64 128 0.38736
196 205 64 128 0.372444
197 205 64 128 0.371888
198 205 64 128 0.308096
199 205 64 128 0.104086
200 205 64 128 0.0445575
201 205 64 128 0.0156097
173 206 64 128 0.0161401
174 206 64 128 0.0228308
175 206 64 128 0.035424
176 206 64 128 0.0498777
177 206 64 128 0.0640069
178 206 64 128 0.09237
179 206 64 128 0.156837
180 206 64 128 0.248163
181 206 64 128 0.294288
182 206 64 128 0.272126
183 206 64 128 0.199201
184 206 64 128 0.137877
185 206 64 128 0.138095
186 206 64 128 0.112724
187 206 64 128 0.137269
188 206 64 128 0.222214
189 206 64 128 0.342952
190 206 64 128 0.503748
191 206 64 128 0.535872
192 206 64 128 0.531564
193 206 64 128 0.470955
194 206 64 128 0.385989
195 206 64 128 0.47136
196 206 64 128 0.474884
197 206 64 128 0.499733
198 206 64 128 0.432168
199 206 64 128 0.190506
200 206 64 128 0.0750322
201 206 64 128 0.0228348
174 207 64 128 0.0155561
175 207 64 128 0.024939
176 207 64 128 0.0357318
177 207 64 128 0.050577
178 207 64 128 0.0819693
179 207 64 128 0.148174
180 207 64 128 0.242365
181 207 64 128 0.293723
182 207 64 128 0.273983
183 207 64 128 0.20432
184 207 64 128 0.150652
185 207 64 128 0.155952
186 207 64 128 0.131867
187 207 64 128 0.155553
188 207 64 128 0.246312
189 207 64 128 0.381556
190 207 64 128 0.552088
191 207 64 128 0.583316
192 207 64 128 0.578965
193 207 64 128 0.527915
194 207 64 128 0.452474
195 207 64 128 0.533893
196 207 64 128 0.540637
197 207 64 128 0.574621
198 207 64 128 0.506337
199 207 64 128 0.244243
200 207 64 128 0.0977234
201 207 64 128 0.0285686
174 208 64 128 0.011874
175 208 64 128 0.0197835
176 208 64 128 0.0278737
177 208 64 128 0.0467292
178 208 64 128 0.0806694
179 208 64 128 0.151152
180 208 64 128 0.267893
181 208 64 128 0.321742
182 208 64 128 0.317099
183 208 64 128 0.263387
184 208 64 128 0.204464
185 208 64 128 0.210729
186 208 64 128 0.174869
187 208 64 128 0.199261
188 208 64 128 0.306682
189 208 64 128 0.447639
190 208 64 128 0.601646
191 208 64 128 0.615056
192 208 64 128 0.600386
193 208 64 128 0.533243
194 208 64 128 0.445219
195 208 64 128 0.541693
196 208 64 128 0.529126
197 208 64 128 0.545598
198 208 64 128 0.481455
199 208 64 128 0.230787
200 208 64 128 0.101045
201 208 64 128 0.030275
175 209 64 128 0.0160241
176 209 64 128 0.0227557
177 209 64 128 0.0424602
178 209 64 128 0.0758025
179 209 64 128 0.144101
180 209 64 128 0.262854
181 209 64 128 0.31479
182 209 64 128 0.320857
183 209 64 128 0.281174
184 209 64 128 0.224095
185 209 64 128 0.230447
186 209 64 128 0.190367
187 209 64 128 0.212927
188 209 64 128 0.323829
189 209 64 128 0.45695
190 209 64 128 0.582816
191 209 64 128 0.599146
192 209 64 128 0.576389
193 209 64 128 0.487372
194 209 64 128 0.393709
195 209 64 128 0.488493
196 209 64 128 0.47064
197 209 64 128 0.468152
198 209 64 128 0.404885
199 209 64 128 0.192179
200 209 64 128 0.0899608
201 209 64 128 0.0272774
175 210 64 128 0.0107444
176 210 64 128 0.0172587
177 210 64 128 0.0310903
178 210 64 128 0.0594578
179 210 64 128 0.114574
180 210 64 128 0.193885
181 210 64 128 0.23992
182 210 64 128 0.242415
183 210 64 128 0.20602
184 210 64 128 0.16946
185 210 64 128 0.176843
186 210 64 128 0.151318
187 210 64 128 0.167576
188 210 64 128 0.255762
189 210 64 128 0.367092
190 210 64 128 0.466333
191 210 64 128 0.522127
192 210 64 128 0.499791
193 210 64 128 0.399578
194 210 64 128 0.32552
195 210 64 128 0.382752
196 210 64 128 0.393169
197 210 64 128 0.38788
198 210 64 128 0.319243
199 210 64 128 0.161231
200 210 64 128 0.0707676
201 210 64 128 0.0202053
176 211 64 128 0.012017
177 211 64 128 0.0190317
178 211 64 128 0.0411215
179 211 64 128 0.0822995
180 211 64 128 0.122743
181 211 64 128 0.165668
182 211 64 128 0.16446
183 211 64 128 0.130541
184 211 64 128 0.115133
185 211 64 128 0.120716
186 211 64 128 0.108526
187 211 64 128 0.118902
188 211 64 128 0.180796
189 211 64 128 0.266993
190 211 64 128 0.343368
191 211 64 128 0.423076
192 211 64 128 0.396359
193 211 64 128 0.295167
194 211 64 128 0.245243
195 211 64 128 0.264531
196 211 64 128 0.300564
197 211 64 128 0.297301
198 211 64 128 0.230055
199 211 64 128 0.127054
200 211 64 128 0.0490069
201 211 64 128 0.0126287
177 212 64 128 0.0127359
178 212 64 128 0.0301894
179 212 64 128 0.0657309
180 212 64 128 0.1051
181 212 64 128 0.152562
182 212 64 128 0.160204
183 212 64 128 0.137052
184 212 64 128 0.126665
185 212 64 128 0.124901
186 212 64 128 0.107312
187 212 64 128 0.116369
188 212 64 128 0.16899
189 212 64 128 0.235997
190 212 64 128 0.293226
191 212 64 128 0.338648
192 212 64 128 0.293139
193 212 64 128 0.198778
194 212 64 128 0.157522
195 212 64 128 0.170465
196 212 64 128 0.197176
197 212 64 128 0.189128
198 212 64 128 0.140277
199 212 64 128 0.0785437
200 212 64 128 0.0295215
177 213 64 128 0.0101341
178 213 64 128 0.0241462
179 213 64 128 0.0567448
180 213 64 128 0.10852
181 213 64 128 0.160918
182 213 64 128 0.180666
183 213 64 128 0.169841
184 213 64 128 0.156493
185 213 64 128 0.147189
186 213 64 128 0.11884
187 213 64 128 0.127692
188 213 64 128 0.176679
189 213 64 128 0.226959
190 213 64 128 0.266556
191 213 64 128 0.260696
192 213 64 128 0.200595
193 213 64 128 0.121675
194 213 64 128 0.0824529
195 213 64 128 0.102155
196 213 64 128 0.105425
197 213 64 128 0.0920661
198 213 64 128 0.0669061
199 213 64 128 0.0326891
200 213 64 128 0.01478
178 214 64 128 0.0181651
179 214 64 128 0.0427483
180 214 64 128 0.0865245
181 214 64 128 0.135499
182 214 64 128 0.157951
183 214 64 128 0.151938
184 214 64 128 0.140091
185 214 64 128 0.129354
186 214 64 128 0.1029
187 214 64 128 0.108317
188 214 64 128 0.143106
189 214 64 128 0.173725
190 214 64 128 0.195221
191 214 64 128 0.174361
192 214 64 128 0.124737
193 214 64 128 0.0701185
194 214 64 128 0.0399856
195 214 64 128 0.0529937
196 214 64 128 0.0482409
197 214 64 128 0.037967
198 214 64 128 0.0268091
178 215 64 128 0.0123243
179 215 64 128 0.0265958
180 215 64 128 0.0489145
181 215 64 128 0.0878546
182 215 64 128 0.105909
183 215 64 128 0.0994038
184 215 64 128 0.0921799
185 215 64 128 0.0850436
186 215 64 128 0.0695872
187 215 64 128 0.070922
188 215 64 128 0.0869431
189 215 64 128 0.0985104
190 215 64 128 0.104549
191 215 64 128 0.096226
192 215 64 128 0.0703221
193 215 64 128 0.040114
194 215 64 128 0.0231114
195 215 64 128 0.0215257
196 215 64 128 0.021493
197 215 64 128 0.0186907
198 215 64 128 0.0123399
179 216 64 128 0.0165996
180 216 64 128 0.0256281
181 216 64 128 0.0535974
182 216 64 128 0.0678746
183 216 64 128 0.0618386
184 216 64 128 0.056088
185 216 64 128 0.0536618
186 216 64 128 0.0468671
187 216 64 128 0.0482683
188 216 64 128 0.0546025
189 216 64 128 0.0543203
190 216 64 128 0.0522083
191 216 64 128 0.0525794
192 216 64 128 0.0406022
193 216 64 128 0.0237074
194 216 64 128 0.014913
196 216 64 128 0.0106634
197 216 64 128 0.0112511
179 217 64 128 0.0127684
180 217 64 128 0.0190988
181 217 64 128 0.0375635
182 217 64 128 0.0497764
183 217 64 128 0.0461448
184 217 64 128 0.0391531
185 217 64 128 0.0398708
186 217 64 128 0.0367118
187 217 64 128 0.040841
188 217 64 128 0.0463046
189 217 64 128 0.0419656
190 217 64 128 0.0382414
191 217 64 128 0.0375466
192 217 64 128 0.0279342
193 217 64 128 0.0148001
179 218 64 128 0.0101541
180 218 64 128 0.0152791
181 218 64 128 0.0260831
182 218 64 128 0.0350974
183 218 64 128 0.0335872
184 218 64 128 0.0270216
185 218 64 128 0.0275554
186 218 64 128 0.0256524
187 218 64 128 0.0300501
188 218 64 128 0.0349281
189 218 64 128 0.0312329
190 218 64 128 0.0284133
191 218 64 128 0.0263428
192 218 64 128 0.0184695
181 219 64 128 0.0144056
182 219 64 128 0.0189983
183 219 64 128 0.018498
184 219 64 128 0.0147287
185 219 64 128 0.0127991
186 219 64 128 0.0114024
187 219 64 128 0.0130428
188 219 64 128 0.0150573
189 219 64 128 0.0138313
190 219 64 128 0.0121877
191 219 64 128 0.011533
