319 232 85 170 0.011795
318 233 85 170 0.0121348
319 233 85 170 0.0148085
318 234 85 170 0.0154772
319 234 85 170 0.0193164
317 235 85 170 0.0105236
318 235 85 170 0.0201476
319 235 85 170 0.0256875
317 236 85 170 0.0127736
318 236 85 170 0.0256006
319 236 85 170 0.0331663
317 237 85 170 0.0148957
318 237 85 170 0.0307943
319 237 85 170 0.0403085
317 238 85 170 0.016474
318 238 85 170 0.0346798
319 238 85 170 0.0456602
317 239 85 170 0.0170925
318 239 85 170 0.0362081
319 239 85 170 0.0477672
7 0 64 128 0.0114132
8 0 64 128 0.019186
9 0 64 128 0.0275301
10 0 64 128 0.0351573
11 0 64 128 0.0394765
12 0 64 128 0.0428796
13 0 64 128 0.0413641
14 0 64 128 0.0358407
15 0 64 128 0.0313348
16 0 64 128 0.0246949
17 0 64 128 0.0201689
18 0 64 128 0.016315
19 0 64 128 0.0122793
195 0 64 128 0.0121217
196 0 64 128 0.0173354
197 0 64 128 0.0246024
198 0 64 128 0.0325799
199 0 64 128 0.0424646
200 0 64 128 0.0594425
201 0 64 128 0.0860977
202 0 64 128 0.119572
203 0 64 128 0.152506
204 0 64 128 0.176423
205 0 64 128 0.189369
206 0 64 128 0.201851
207 0 64 128 0.205769
208 0 64 128 0.204309
209 0 64 128 0.199413
210 0 64 128 0.178008
211 0 64 128 0.156841
212 0 64 128 0.132708
213 0 64 128 0.107091
214 0 64 128 0.0856065
215 0 64 128 0.0644651
216 0 64 128 0.0494995
217 0 64 128 0.0395944
218 0 64 128 0.0320433
219 0 64 128 0.0268016
220 0 64 128 0.024466
221 0 64 128 0.0239683
222 0 64 128 0.0264435
223 0 64 128 0.0274218
224 0 64 128 0.0237164
225 0 64 128 0.0211335
226 0 64 128 0.0206581
227 0 64 128 0.0241344
228 0 64 128 0.0292228
229 0 64 128 0.0332995
230 0 64 128 0.0386362
231 0 64 128 0.044079
232 0 64 128 0.0521268
233 0 64 128 0.0583018
234 0 64 128 0.0616525
235 0 64 128 0.070281
236 0 64 128 0.0689413
237 0 64 128 0.0667225
238 0 64 128 0.0631291
239 0 64 128 0.0529013
240 0 64 128 0.0472586
241 0 64 128 0.0382612
242 0 64 128 0.0326849
243 0 64 128 0.0318315
244 0 64 128 0.0289096
245 0 64 128 0.0243586
246 0 64 128 0.0209942
247 0 64 128 0.0180671
248 0 64 128 0.0162858
249 0 64 128 0.015605
250 0 64 128 0.0124278
251 0 64 128 0.0101905
257 0 64 128 0.0109606
258 0 64 128 0.0117483
297 0 64 128 0.0261978
298 0 64 128 0.174494
299 0 64 128 0.514322
300 0 64 128 0.865827
301 0 64 128 0.97703
302 0 64 128 0.977718
303 0 64 128 0.994171
304 0 64 128 0.992877
305 0 64 128 0.994954
306 0 64 128 0.985933
307 0 64 128 0.98445
308 0 64 128 0.93583
309 0 64 128 0.765462
310 0 64 128 0.519241
311 0 64 128 0.208562
312 0 64 128 0.043297
313 0 64 128 0.0377864
314 0 64 128 0.0170393
7 1 64 128 0.0101645
8 1 64 128 0.0169362
9 1 64 128 0.024392
10 1 64 128 0.0313767
11 1 64 128 0.0355595
12 1 64 128 0.0389208
13 1 64 128 0.0378399
14 1 64 128 0.033442
15 1 64 128 0.0301121
16 1 64 128 0.0240394
17 1 64 128 0.0198421
18 1 64 128 0.0161889
19 1 64 128 0.0122005
195 1 64 128 0.0114169
196 1 64 128 0.0162771
197 1 64 128 0.0225072
198 1 64 128 0.0296435
199 1 64 128 0.0389101
200 1 64 128 0.0533519
201 1 64 128 0.0761236
202 1 64 128 0.103723
203 1 64 128 0.131043
204 1 64 128 0.151567
205 1 64 128 0.1611
206 1 64 128 0.169828
207 1 64 128 0.171785
208 1 64 128 0.169613
209 1 64 128 0.165417
210 1 64 128 0.148715
211 1 64 128 0.131053
212 1 64 128 0.109842
213 1 64 128 0.087914
214 1 64 128 0.0702996
215 1 64 128 0.0526532
216 1 64 128 0.0404909
217 1 64 128 0.0325724
218 1 64 128 0.0264181
219 1 64 128 0.0221306
220 1 64 128 0.0201704
221 1 64 128 0.0198307
222 1 64 128 0.0218338
223 1 64 128 0.0225681
224 1 64 128 0.0196011
225 1 64 128 0.0175837
226 1 64 128 0.0174494
227 1 64 128 0.0207725
228 1 64 128 0.0254198
229 1 64 128 0.0291646
230 1 64 128 0.0341607
231 1 64 128 0.0393207
232 1 64 128 0.0468019
233 1 64 128 0.0526842
234 1 64 128 0.0563456
235 1 64 128 0.0651058
236 1 64 128 0.0648172
237 1 64 128 0.0629713
238 1 64 128 0.0591361
239 1 64 128 0.0490437
240 1 64 128 0.043053
241 1 64 128 0.0345733
242 1 64 128 0.0293517
243 1 64 128 0.0282696
244 1 64 128 0.0253126
245 1 64 128 0.0209501
246 1 64 128 0.0178742
247 1 64 128 0.0153797
248 1 64 128 0.0138333
249 1 64 128 0.01314
250 1 64 128 0.0104152
297 1 64 128 0.0214189
298 1 64 128 0.1376
299 1 64 128 0.436403
300 1 64 128 0.826599
301 1 64 128 0.961667
302 1 64 128 0.967381
303 1 64 128 0.990962
304 1 64 128 0.989306
305 1 64 128 0.992531
306 1 64 128 0.980551
307 1 64 128 0.977936
308 1 64 128 0.919078
309 1 64 128 0.723582
310 1 64 128 0.476331
311 1 64 128 0.186835
312 1 64 128 0.0366219
313 1 64 128 0.0329498
314 1 64 128 0.0144562
8 2 64 128 0.0126543
9 2 64 128 0.0184728
10 2 64 128 0.0242909
11 2 64 128 0.0282345
12 2 64 128 0.0314983
13 2 64 128 0.0312751
14 2 64 128 0.0289121
15 2 64 128 0.0275218
16 2 64 128 0.0226299
17 2 64 128 0.0191944
18 2 64 128 0.0159698
19 2 64 128 0.0121299
196 2 64 128 0.0139081
197 2 64 128 0.0183792
198 2 64 128 0.0240319
199 2 64 128 0.0319591
200 2 64 128 0.0420642
201 2 64 128 0.0581466
202 2 64 128 0.0759888
203 2 64 128 0.0939032
204 2 64 128 0.108189
205 2 64 128 0.11156
206 2 64 128 0.114343
207 2 64 128 0.113131
208 2 64 128 0.109343
209 2 64 128 0.105759
210 2 64 128 0.0962716
211 2 64 128 0.0844041
212 2 64 128 0.068505
213 2 64 128 0.0532535
214 2 64 128 0.0425725
215 2 64 128 0.0312682
216 2 64 128 0.0240766
217 2 64 128 0.0196162
218 2 64 128 0.0159619
219 2 64 128 0.013459
220 2 64 128 0.0122072
221 2 64 128 0.0121851
222 2 64 128 0.0133326
223 2 64 128 0.0136488
224 2 64 128 0.0120824
225 2 64 128 0.0110565
226 2 64 128 0.0115043
227 2 64 128 0.0143834
228 2 64 128 0.0181427
229 2 64 128 0.021408
230 2 64 128 0.0257722
231 2 64 128 0.0305568
232 2 64 128 0.0370054
233 2 64 128 0.0423465
234 2 64 128 0.0467097
235 2 64 128 0.0554442
236 2 64 128 0.0567063
237 2 64 128 0.0554864
238 2 64 128 0.0513606
239 2 64 128 0.0417153
240 2 64 128 0.0355042
241 2 64 128 0.0280217
242 2 64 128 0.0234212
243 2 64 128 0.0219517
244 2 64 128 0.0188861
245 2 64 128 0.0149077
246 2 64 128 0.0122875
247 2 64 128 0.0105035
297 2 64 128 0.0134417
298 2 64 128 0.0737948
299 2 64 128 0.299083
300 2 64 128 0.753642
301 2 64 128 0.931839
302 2 64 128 0.94879
303 2 64 128 0.984947
304 2 64 128 0.982488
305 2 64 128 0.988097
306 2 64 128 0.969969
307 2 64 128 0.965299
308 2 64 128 0.886646
309 2 64 128 0.641301
310 2 64 128 0.392049
311 2 64 128 0.144701
312 2 64 128 0.0241567
313 2 64 128 0.0238617
9 3 64 128 0.0143251
10 3 64 128 0.0194278
11 3 64 128 0.0232324
12 3 64 128 0.0263801
13 3 64 128 0.0268428
14 3 64 128 0.0256873
15 3 64 128 0.0249935
16 3 64 128 0.0211882
17 3 64 128 0.0186225
18 3 64 128 0.015818
19 3 64 128 0.0122277
20 3 64 128 0.0100102
196 3 64 128 0.0113475
197 3 64 128 0.0150475
198 3 64 128 0.0198848
199 3 64 128 0.0264374
200 3 64 128 0.0345492
201 3 64 128 0.0474114
202 3 64 128 0.0615005
203 3 64 128 0.0755849
204 3 64 128 0.0858635
205 3 64 128 0.0856374
206 3 64 128 0.0869409
207 3 64 128 0.0847809
208 3 64 128 0.0792738
209 3 64 128 0.0744619
210 3 64 128 0.0661245
211 3 64 128 0.0564147
212 3 64 128 0.0438154
213 3 64 128 0.0326068
214 3 64 128 0.0258991
215 3 64 128 0.0184507
216 3 64 128 0.0139859
217 3 64 128 0.0112594
228 3 64 128 0.0127881
229 3 64 128 0.0160463
230 3 64 128 0.0199837
231 3 64 128 0.0248511
232 3 64 128 0.0306585
233 3 64 128 0.0356418
234 3 64 128 0.0407252
235 3 64 128 0.0487677
236 3 64 128 0.0500878
237 3 64 128 0.0491253
238 3 64 128 0.0452034
239 3 64 128 0.0363556
240 3 64 128 0.0310472
241 3 64 128 0.0243308
242 3 64 128 0.0200599
243 3 64 128 0.0184322
244 3 64 128 0.0152114
245 3 64 128 0.0115855
297 3 64 128 0.010373
298 3 64 128 0.0430119
299 3 64 128 0.225681
300 3 64 128 0.703701
301 3 64 128 0.907587
302 3 64 128 0.937271
303 3 64 128 0.980456
304 3 64 128 0.977126
305 3 64 128 0.985069
306 3 64 128 0.961085
307 3 64 128 0.954729
308 3 64 128 0.860586
309 3 64 128 0.574318
310 3 64 128 0.324347
311 3 64 128 0.112352
312 3 64 128 0.0157446
313 3 64 128 0.0175706
9 4 64 128 0.0121048
10 4 64 128 0.0168589
11 4 64 128 0.0204997
12 4 64 128 0.0235177
13 4 64 128 0.0243732
14 4 64 128 0.0236156
15 4 64 128 0.0227609
16 4 64 128 0.019711
17 4 64 128 0.0178684
18 4 64 128 0.0153909
19 4 64 128 0.0120886
20 4 64 128 0.010203
197 4 64 128 0.0127411
198 4 64 128 0.0171614
199 4 64 128 0.0224392
200 4 64 128 0.0301782
201 4 64 128 0.0421237
202 4 64 128 0.0561937
203 4 64 128 0.0699405
204 4 64 128 0.0782093
205 4 64 128 0.0771438
206 4 64 128 0.0796739
207 4 64 128 0.0781439
208 4 64 128 0.0717302
209 4 64 128 0.0651728
210 4 64 128 0.0546362
211 4 64 128 0.044813
212 4 64 128 0.0340894
213 4 64 128 0.0248309
214 4 64 128 0.0194311
215 4 64 128 0.0136383
216 4 64 128 0.0100069
229 4 64 128 0.0130076
230 4 64 128 0.0166527
231 4 64 128 0.0216033
232 4 64 128 0.0271023
233 4 64 128 0.0318734
234 4 64 128 0.0371531
235 4 64 128 0.0441019
236 4 64 128 0.0446242
237 4 64 128 0.043676
238 4 64 128 0.0402972
239 4 64 128 0.032498
240 4 64 128 0.0286797
241 4 64 128 0.0225755
242 4 64 128 0.0184651
243 4 64 128 0.0169121
244 4 64 128 0.0137153
245 4 64 128 0.0104722
297 4 64 128 0.0111959
298 4 64 128 0.0389989
299 4 64 128 0.203536
300 4 64 128 0.667549
301 4 64 128 0.881257
302 4 64 128 0.927066
303 4 64 128 0.974933
304 4 64 128 0.970662
305 4 64 128 0.981528
306 4 64 128 0.951598
307 4 64 128 0.9406
308 4 64 128 0.83306
309 4 64 128 0.518806
310 4 64 128 0.275579
311 4 64 128 0.0920731
312 4 64 128 0.0116924
313 4 64 128 0.0142142
9 5 64 128 0.0103391
10 5 64 128 0.0146486
11 5 64 128 0.017881
12 5 64 128 0.0207446
13 5 64 128 0.0217664
14 5 64 128 0.021264
15 5 64 128 0.0206074
16 5 64 128 0.0179519
17 5 64 128 0.0164877
18 5 64 128 0.0142259
19 5 64 128 0.0111697
197 5 64 128 0.0107152
198 5 64 128 0.0143141
199 5 64 128 0.0183499
200 5 64 128 0.024931
201 5 64 128 0.0345465
202 5 64 128 0.0459295
203 5 64 128 0.0568526
204 5 64 128 0.0629697
205 5 64 128 0.0620883
206 5 64 128 0.0639418
207 5 64 128 0.062555
208 5 64 128 0.0568664
209 5 64 128 0.050335
210 5 64 128 0.0407567
211 5 64 128 0.0324096
212 5 64 128 0.0244408
213 5 64 128 0.0177359
214 5 64 128 0.0135516
229 5 64 128 0.0100236
230 5 64 128 0.0132413
231 5 64 128 0.0175149
232 5 64 128 0.0226451
233 5 64 128 0.0271392
234 5 64 128 0.0315772
235 5 64 128 0.0375637
236 5 64 128 0.0379631
237 5 64 128 0.0371842
238 5 64 128 0.0342989
239 5 64 128 0.0276412
240 5 64 128 0.0248565
241 5 64 128 0.0195507
242 5 64 128 0.0157842
243 5 64 128 0.0143993
244 5 64 128 0.0116627
297 5 64 128 0.0116468
298 5 64 128 0.0319833
299 5 64 128 0.171978
300 5 64 128 0.613862
301 5 64 128 0.836668
302 5 64 128 0.905659
303 5 64 128 0.963849
304 5 64 128 0.958353
305 5 64 128 0.973967
306 5 64 128 0.936345
307 5 64 128 0.913406
308 5 64 128 0.787101
309 5 64 128 0.450615
310 5 64 128 0.228042
311 5 64 128 0.0758046
313 5 64 128 0.0114076
10 6 64 128 0.0122799
11 6 64 128 0.0149944
12 6 64 128 0.0176301
13 6 64 128 0.0186823
14 6 64 128 0.0185433
15 6 64 128 0.0185123
16 6 64 128 0.0161035
17 6 64 128 0.0147816
18 6 64 128 0.0126706
198 6 64 128 0.0112076
199 6 64 128 0.0141157
200 6 64 128 0.0187459
201 6 64 128 0.0247911
202 6 64 128 0.0311776
203 6 64 128 0.0370987
204 6 64 128 0.0406631
205 6 64 128 0.0401079
206 6 64 128 0.0395583
207 6 64 128 0.0376275
208 6 64 128 0.0336066
209 6 64 128 0.0286559
210 6 64 128 0.0229659
211 6 64 128 0.0176575
212 6 64 128 0.0130656
231 6 64 128 0.012554
232 6 64 128 0.0171195
233 6 64 128 0.0211826
234 6 64 128 0.0242361
235 6 64 128 0.0295453
236 6 64 128 0.030579
237 6 64 128 0.0303065
238 6 64 128 0.0278979
239 6 64 128 0.0222767
240 6 64 128 0.0199927
241 6 64 128 0.0155314
242 6 64 128 0.0122503
243 6 64 128 0.0110736
297 6 64 128 0.0109907
298 6 64 128 0.0180654
299 6 64 128 0.126827
300 6 64 128 0.551294
301 6 64 128 0.782336
302 6 64 128 0.876458
303 6 64 128 0.950396
304 6 64 128 0.942473
305 6 64 128 0.964275
306 6 64 128 0.918077
307 6 64 128 0.879876
308 6 64 128 0.73318
309 6 64 128 0.377646
310 6 64 128 0.182618
311 6 64 128 0.0618787
10 7 64 128 0.0100811
11 7 64 128 0.0124988
12 7 64 128 0.0147681
13 7 64 128 0.0158166
14 7 64 128 0.0161458
15 7 64 128 0.0165696
16 7 64 128 0.0145983
17 7 64 128 0.0134631
18 7 64 128 0.0115212
199 7 64 128 0.01059
200 7 64 128 0.0138503
201 7 64 128 0.0174919
202 7 64 128 0.0208076
203 7 64 128 0.0234682
204 7 64 128 0.0249251
205 7 64 128 0.0244879
206 7 64 128 0.022735
207 7 64 128 0.0204602
208 7 64 128 0.0175243
209 7 64 128 0.0140459
210 7 64 128 0.0110661
232 7 64 128 0.0124073
233 7 64 128 0.0158735
234 7 64 128 0.018052
235 7 64 128 0.0228908
236 7 64 128 0.0245516
237 7 64 128 0.0251566
238 7 64 128 0.0234731
239 7 64 128 0.0185778
240 7 64 128 0.016748
241 7 64 128 0.0127753
297 7 64 128 0.0105542
299 7 64 128 0.0966002
300 7 64 128 0.510775
301 7 64 128 0.740428
302 7 64 128 0.851789
303 7 64 128 0.941803
304 7 64 128 0.929051
305 7 64 128 0.957189
306 7 64 128 0.903692
307 7 64 128 0.855254
308 7 64 128 0.696499
309 7 64 128 0.325584
310 7 64 128 0.15067
311 7 64 128 0.052316
11 8 64 128 0.0105552
12 8 64 128 0.0123699
13 8 64 128 0.0134391
14 8 64 128 0.014265
15 8 64 128 0.0148041
16 8 64 128 0.0134166
17 8 64 128 0.0125543
18 8 64 128 0.0108456
200 8 64 128 0.0107492
201 8 64 128 0.0135954
202 8 64 128 0.0164781
203 8 64 128 0.0183967
204 8 64 128 0.0185692
205 8 64 128 0.0180145
206 8 64 128 0.0167767
207 8 64 128 0.0146457
208 8 64 128 0.0119696
233 8 64 128 0.0118285
234 8 64 128 0.0137926
235 8 64 128 0.0182139
236 8 64 128 0.0201912
237 8 64 128 0.0217264
238 8 64 128 0.0208775
239 8 64 128 0.0165038
240 8 64 128 0.0151984
241 8 64 128 0.0114837
297 8 64 128 0.0105391
299 8 64 128 0.0857221
300 8 64 128 0.490057
301 8 64 128 0.710582
302 8 64 128 0.831621
303 8 64 128 0.933876
304 8 64 128 0.915333
305 8 64 128 0.949963
306 8 64 128 0.888488
307 8 64 128 0.831312
308 8 64 128 0.669012
309 8 64 128 0.291995
310 8 64 128 0.130315
311 8 64 128 0.046058
12 9 64 128 0.0102923
13 9 64 128 0.011425
14 9 64 128 0.0126385
15 9 64 128 0.0131772
16 9 64 128 0.0121361
17 9 64 128 0.0114617
18 9 64 128 0.0100608
201 9 64 128 0.0107058
202 9 64 128 0.0133238
203 9 64 128 0.0149517
204 9 64 128 0.0146017
205 9 64 128 0.0139469
206 9 64 128 0.0132839
207 9 64 128 0.0115212
234 9 64 128 0.0102717
235 9 64 128 0.0141133
236 9 64 128 0.0162156
237 9 64 128 0.0181122
238 9 64 128 0.0177125
239 9 64 128 0.0140361
240 9 64 128 0.0131066
241 9 64 128 0.0100087
297 9 64 128 0.0101243
299 9 64 128 0.0767901
300 9 64 128 0.457314
301 9 64 128 0.672349
302 9 64 128 0.804908
303 9 64 128 0.912412
304 9 64 128 0.890851
305 9 64 128 0.933297
306 9 64 128 0.857643
307 9 64 128 0.779293
308 9 64 128 0.613413
309 9 64 128 0.24947
310 9 64 128 0.107881
311 9 64 128 0.0392981
14 10 64 128 0.0110934
15 10 64 128 0.0116449
16 10 64 128 0.010644
17 10 64 128 0.0100361
203 10 64 128 0.0100174
235 10 64 128 0.0100774
236 10 64 128 0.0121554
237 10 64 128 0.0137029
238 10 64 128 0.013277
239 10 64 128 0.0105865
299 10 64 128 0.0624248
300 10 64 128 0.403245
301 10 64 128 0.61977
302 10 64 128 0.769351
303 10 64 128 0.876314
304 10 64 128 0.8549
305 10 64 128 0.90656
306 10 64 128 0.811607
307 10 64 128 0.699285
308 10 64 128 0.52686
309 10 64 128 0.192868
310 10 64 128 0.0799663
311 10 64 128 0.0310016
15 11 64 128 0.0101593
299 11 64 128 0.0497372
300 11 64 128 0.350167
301 11 64 128 0.567264
302 11 64 128 0.734871
303 11 64 128 0.842497
304 11 64 128 0.820191
305 11 64 128 0.881035
306 11 64 128 0.771731
307 11 64 128 0.630967
308 11 64 128 0.45406
309 11 64 128 0.148081
310 11 64 128 0.0575073
311 11 64 128 0.0239809
299 12 64 128 0.0429597
300 12 64 128 0.311589
301 12 64 128 0.521125
302 12 64 128 0.703434
303 12 64 128 0.817336
304 12 64 128 0.790497
305 12 64 128 0.860456
306 12 64 128 0.746165
307 12 64 128 0.592087
308 12 64 128 0.417232
309 12 64 128 0.128638
310 12 64 128 0.0465592
311 12 64 128 0.0198464
299 13 64 128 0.0384175
300 13 64 128 0.278647
301 13 64 128 0.468273
302 13 64 128 0.659118
303 13 64 128 0.783244
304 13 64 128 0.749531
305 13 64 128 0.831547
306 13 64 128 0.713289
307 13 64 128 0.550262
308 13 64 128 0.386182
309 13 64 128 0.118564
310 13 64 128 0.0412313
311 13 64 128 0.0172209
299 14 64 128 0.0329774
300 14 64 128 0.244773
301 14 64 128 0.403324
302 14 64 128 0.595784
303 14 64 128 0.730681
304 14 64 128 0.688433
305 14 64 128 0.786453
306 14 64 128 0.659007
307 14 64 128 0.482991
308 14 64 128 0.337928
309 14 64 128 0.103746
310 14 64 128 0.0358487
311 14 64 128 0.0148158
299 15 64 128 0.0282141
300 15 64 128 0.219135
301 15 64 128 0.352447
302 15 64 128 0.544839
303 15 64 128 0.6845
304 15 64 128 0.629284
305 15 64 128 0.740824
306 15 64 128 0.604169
307 15 64 128 0.417891
308 15 64 128 0.292058
309 15 64 128 0.0871496
310 15 64 128 0.0299572
311 15 64 128 0.0127576
299 16 64 128 0.0259057
300 16 64 128 0.209354
301 16 64 128 0.337965
302 16 64 128 0.533021
303 16 64 128 0.666189
304 16 64 128 0.592776
305 16 64 128 0.709555
306 16 64 128 0.569256
307 16 64 128 0.382374
308 16 64 128 0.268753
309 16 64 128 0.0737703
310 16 64 128 0.0241064
311 16 64 128 0.011308
299 17 64 128 0.0242613
300 17 64 128 0.200053
301 17 64 128 0.3324
302 17 64 128 0.527367
303 17 64 128 0.647071
304 17 64 128 0.56256
305 17 64 128 0.680924
306 17 64 128 0.538909
307 17 64 128 0.354067
308 17 64 128 0.249689
309 17 64 128 0.0620753
310 17 64 128 0.0187536
311 17 64 128 0.0100255
299 18 64 128 0.0207964
300 18 64 128 0.172157
301 18 64 128 0.298707
302 18 64 128 0.483719
303 18 64 128 0.589673
304 18 64 128 0.514603
305 18 64 128 0.637668
306 18 64 128 0.490398
307 18 64 128 0.300687
308 18 64 128 0.209209
309 18 64 128 0.0491197
310 18 64 128 0.0143037
299 19 64 128 0.0163397
300 19 64 128 0.134094
301 19 64 128 0.246944
302 19 64 128 0.416581
303 19 64 128 0.510733
304 19 64 128 0.455304
305 19 64 128 0.584275
306 19 64 128 0.430976
307 19 64 128 0.234243
308 19 64 128 0.15854
309 19 64 128 0.0368633
310 19 64 128 0.0109698
299 20 64 128 0.0131535
300 20 64 128 0.106155
301 20 64 128 0.207741
302 20 64 128 0.365826
303 20 64 128 0.45018
304 20 64 128 0.404352
305 20 64 128 0.534606
306 20 64 128 0.380936
307 20 64 128 0.186013
308 20 64 128 0.124763
309 20 64 128 0.029291
299 21 64 128 0.0113155
300 21 64 128 0.0899697
301 21 64 128 0.183341
302 21 64 128 0.332454
303 21 64 128 0.408535
304 21 64 128 0.362992
305 21 64 128 0.487637
306 21 64 128 0.341675
307 21 64 128 0.159372
308 21 64 128 0.109077
309 21 64 128 0.0258109
300 22 64 128 0.0738735
301 22 64 128 0.155775
302 22 64 128 0.289934
303 22 64 128 0.35844
304 22 64 128 0.319343
305 22 64 128 0.431923
306 22 64 128 0.301153
307 22 64 128 0.137699
308 22 64 128 0.0942373
309 22 64 128 0.022588
300 23 64 128 0.0547826
301 23 64 128 0.121009
302 23 64 128 0.234424
303 23 64 128 0.295929
304 23 64 128 0.270662
305 23 64 128 0.367862
306 23 64 128 0.256785
307 23 64 128 0.114319
308 23 64 128 0.0748248
309 23 64 128 0.0182716
300 24 64 128 0.0392047
301 24 64 128 0.0905457
302 24 64 128 0.187209
303 24 64 128 0.242914
304 24 64 128 0.224402
305 24 64 128 0.308861
306 24 64 128 0.216528
307 24 64 128 0.0938172
308 24 64 128 0.0586517
309 24 64 128 0.0142797
300 25 64 128 0.029947
301 25 64 128 0.070108
302 25 64 128 0.157066
303 25 64 128 0.207619
304 25 64 128 0.184791
305 25 64 128 0.261126
306 25 64 128 0.184368
307 25 64 128 0.0788255
308 25 64 128 0.0491516
309 25 64 128 0.0114109
300 26 64 128 0.0230135
301 26 64 128 0.0547394
302 26 64 128 0.130383
303 26 64 128 0.173889
304 26 64 128 0.149979
305 26 64 128 0.218086
306 26 64 128 0.156966
307 26 64 128 0.067872
308 26 64 128 0.0415566
300 27 64 128 0.0156584
301 27 64 128 0.040809
302 27 64 128 0.0988844
303 27 64 128 0.132596
304 27 64 128 0.11914
305 27 64 128 0.175981
306 27 64 128 0.1318
307 27 64 128 0.0592579
308 27 64 128 0.0326498
301 28 64 128 0.0304118
302 28 64 128 0.0726557
303 28 64 128 0.0976179
304 28 64 128 0.09538
305 28 64 128 0.140951
306 28 64 128 0.110032
307 28 64 128 0.0516533
308 28 64 128 0.0249355
301 29 64 128 0.025203
302 29 64 128 0.060164
303 29 64 128 0.0804949
304 29 64 128 0.0803457
305 29 64 128 0.117604
306 29 64 128 0.0924386
307 29 64 128 0.0439414
308 29 64 128 0.0206783
301 30 64 128 0.0217241
302 30 64 128 0.0526646
303 30 64 128 0.0700087
304 30 64 128 0.0676738
305 30 64 128 0.0987174
306 30 64 128 0.0760943
307 30 64 128 0.0356146
308 30 64 128 0.0178106
301 31 64 128 0.0161452
302 31 64 128 0.0395665
303 31 64 128 0.0524514
304 31 64 128 0.0508069
305 31 64 128 0.0761804
306 31 64 128 0.0581658
307 31 64 128 0.0266369
308 31 64 128 0.0137733
301 32 64 128 0.0100428
302 32 64 128 0.0247885
303 32 64 128 0.0330061
304 32 64 128 0.0340635
305 32 64 128 0.0542209
306 32 64 128 0.0419735
307 32 64 128 0.0189765
302 33 64 128 0.016881
303 33 64 128 0.0228624
304 33 64 128 0.0250555
305 33 64 128 0.0408899
306 33 64 128 0.0325793
307 33 64 128 0.0150529
302 34 64 128 0.0150185
303 34 64 128 0.0207592
304 34 64 128 0.0225424
305 34 64 128 0.0350747
306 34 64 128 0.0287924
307 34 64 128 0.0140638
302 35 64 128 0.0131258
303 35 64 128 0.0184723
304 35 64 128 0.020334
305 35 64 128 0.0305203
306 35 64 128 0.0259203
307 35 64 128 0.0134055
303 36 64 128 0.0139
304 36 64 128 0.0165908
305 36 64 128 0.02514
306 36 64 128 0.0222365
307 36 64 128 0.0120388
303 37 64 128 0.0103443
304 37 64 128 0.0133227
305 37 64 128 0.0205414
306 37 64 128 0.0186477
307 37 64 128 0.010318
304 38 64 128 0.0114286
305 38 64 128 0.0173328
306 38 64 128 0.0156204
304 39 64 128 0.0101787
305 39 64 128 0.0146507
306 39 64 128 0.012927
305 40 64 128 0.0120278
306 40 64 128 0.0104929
305 207 64 128 0.0103948
307 210 64 128 0.0103335
306 211 64 128 0.0124414
307 211 64 128 0.0133139
308 211 64 128 0.011954
306 212 64 128 0.0102319
307 212 64 128 0.0117564
308 212 64 128 0.011748
307 213 64 128 0.0106522
308 213 64 128 0.0119359
306 214 64 128 0.0118027
307 214 64 128 0.0155742
308 214 64 128 0.0160108
306 215 64 128 0.0167081
307 215 64 128 0.021317
308 215 64 128 0.0202902
309 215 64 128 0.0120886
306 216 64 128 0.0148551
307 216 64 128 0.0193681
308 216 64 128 0.0189396
309 216 64 128 0.0115087
307 217 64 128 0.0124705
308 217 64 128 0.0141563
308 218 64 128 0.0127587
307 219 64 128 0.0125101
308 219 64 128 0.0152441
309 219 64 128 0.0120957
307 220 64 128 0.0136795
308 220 64 128 0.0163032
309 220 64 128 0.0135129
307 221 64 128 0.0109387
308 221 64 128 0.0140595
309 221 64 128 0.0117501
308 222 64 128 0.0116502
308 223 64 128 0.0111595
308 224 64 128 0.0117226
309 224 64 128 0.0107994
308 225 64 128 0.012308
309 225 64 128 0.011391
308 226 64 128 0.012534
309 226 64 128 0.0118302
308 227 64 128 0.0122947
309 227 64 128 0.0124189
308 228 64 128 0.0122273
309 228 64 128 0.0132068
308 229 64 128 0.0130148
309 229 64 128 0.0140959
308 230 64 128 0.0137654
309 230 64 128 0.0144337
308 231 64 128 0.0129328
309 231 64 128 0.0133683
308 232 64 128 0.0107027
309 232 64 128 0.0110936
