6 200 85 170 0.010119
6 201 85 170 0.0106445
7 201 85 170 0.0105868
8 201 85 170 0.0104052
5 202 85 170 0.0103914
6 202 85 170 0.0111852
7 202 85 170 0.0111303
8 202 85 170 0.0108322
9 202 85 170 0.0102208
5 203 85 170 0.010875
6 203 85 170 0.0117139
7 203 85 170 0.0115954
8 203 85 170 0.0111885
9 203 85 170 0.0104898
5 204 85 170 0.0113214
6 204 85 170 0.0121725
7 204 85 170 0.0119654
8 204 85 170 0.0114652
9 204 85 170 0.0107277
5 205 85 170 0.0116577
6 205 85 170 0.0125021
7 205 85 170 0.0122238
8 205 85 170 0.0116537
9 205 85 170 0.0108987
4 206 85 170 0.0100743
5 206 85 170 0.0118111
6 206 85 170 0.0126434
7 206 85 170 0.0123543
8 206 85 170 0.0117452
9 206 85 170 0.0109671
4 207 85 170 0.0100991
5 207 85 170 0.0117244
6 207 85 170 0.0125519
7 207 85 170 0.0123479
8 207 85 170 0.0117365
9 207 85 170 0.0109058
4 208 85 170 0.0100071
5 208 85 170 0.0114557
6 208 85 170 0.0122896
7 208 85 170 0.0122526
8 208 85 170 0.0116645
9 208 85 170 0.0107511
5 209 85 170 0.0111139
6 209 85 170 0.011966
7 209 85 170 0.0121409
8 209 85 170 0.0115837
9 209 85 170 0.0105673
5 210 85 170 0.0108083
6 210 85 170 0.0116905
7 210 85 170 0.0120856
8 210 85 170 0.011549
9 210 85 170 0.0104189
5 211 85 170 0.010648
6 211 85 170 0.0115727
7 211 85 170 0.0121597
8 211 85 170 0.011615
9 211 85 170 0.0103703
5 212 85 170 0.0106957
6 212 85 170 0.0116738
7 212 85 170 0.012399
8 212 85 170 0.0118092
9 212 85 170 0.010458
4 213 85 170 0.0102039
5 213 85 170 0.0108827
6 213 85 170 0.0119192
7 213 85 170 0.0127355
8 213 85 170 0.0120817
9 213 85 170 0.0106396
4 214 85 170 0.010458
5 214 85 170 0.0111176
6 214 85 170 0.0122102
7 214 85 170 0.0130829
8 214 85 170 0.0123694
9 214 85 170 0.0108588
10 214 85 170 0.0101141
3 215 85 170 0.010087
4 215 85 170 0.0106337
5 215 85 170 0.0113086
6 215 85 170 0.0124483
7 215 85 170 0.013355
8 215 85 170 0.0126091
9 215 85 170 0.0110593
10 215 85 170 0.0103586
3 216 85 170 0.0100569
4 216 85 170 0.0106516
5 216 85 170 0.0113671
6 216 85 170 0.012538
7 216 85 170 0.0134683
8 216 85 170 0.0127395
9 216 85 170 0.0111865
10 216 85 170 0.0104465
4 217 85 170 0.010519
5 217 85 170 0.011294
6 217 85 170 0.0124811
7 217 85 170 0.0134298
8 217 85 170 0.0127644
9 217 85 170 0.0112372
10 217 85 170 0.010378
4 218 85 170 0.0103472
5 218 85 170 0.0111984
6 218 85 170 0.012396
7 218 85 170 0.0133553
8 218 85 170 0.0127651
9 218 85 170 0.0112704
10 218 85 170 0.0102566
4 219 85 170 0.0102536
5 219 85 170 0.0111951
6 219 85 170 0.0124082
7 219 85 170 0.0133665
8 219 85 170 0.0128274
9 219 85 170 0.0113482
10 219 85 170 0.0101919
4 220 85 170 0.0103556
5 220 85 170 0.0113995
6 220 85 170 0.0126427
7 220 85 170 0.0135854
8 220 85 170 0.0130373
9 220 85 170 0.0115332
10 220 85 170 0.0102933
4 221 85 170 0.0107531
5 221 85 170 0.0119085
6 221 85 170 0.0132056
7 221 85 170 0.0141161
8 221 85 170 0.0134693
9 221 85 170 0.0118804
10 221 85 170 0.0106567
3 222 85 170 0.0100149
4 222 85 170 0.0113917
5 222 85 170 0.0126589
6 222 85 170 0.014031
7 222 85 170 0.0149055
8 222 85 170 0.0140973
9 222 85 170 0.0123819
10 222 85 170 0.0112568
3 223 85 170 0.0107553
4 223 85 170 0.012136
5 223 85 170 0.0135037
6 223 85 170 0.0149632
7 223 85 170 0.0158184
8 223 85 170 0.0148428
9 223 85 170 0.0129966
10 223 85 170 0.0120052
11 223 85 170 0.0107217
2 224 85 170 0.0101272
3 224 85 170 0.0114831
4 224 85 170 0.0128501
5 224 85 170 0.0142955
6 224 85 170 0.0158462
7 224 85 170 0.0167189
8 224 85 170 0.0156266
9 224 85 170 0.0136829
10 224 85 170 0.0128127
11 224 85 170 0.0116309
2 225 85 170 0.0106607
3 225 85 170 0.0120425
4 225 85 170 0.0133982
5 225 85 170 0.0148866
6 225 85 170 0.0165235
7 225 85 170 0.0174713
8 225 85 170 0.0163699
9 225 85 170 0.0143997
10 225 85 170 0.0135903
11 225 85 170 0.0124177
2 226 85 170 0.0108884
3 226 85 170 0.0123312
4 226 85 170 0.0136922
5 226 85 170 0.0151845
6 226 85 170 0.016896
7 226 85 170 0.0179849
8 226 85 170 0.0170176
9 226 85 170 0.0151185
10 226 85 170 0.0142812
11 226 85 170 0.0129902
2 227 85 170 0.0109037
3 227 85 170 0.0124254
4 227 85 170 0.0138052
5 227 85 170 0.0152817
6 227 85 170 0.0170556
7 227 85 170 0.0183215
8 227 85 170 0.0175958
9 227 85 170 0.015855
10 227 85 170 0.0149365
11 227 85 170 0.0134337
2 228 85 170 0.0108434
3 228 85 170 0.0124388
4 228 85 170 0.0138438
5 228 85 170 0.0153092
6 228 85 170 0.0171342
7 228 85 170 0.0185746
8 228 85 170 0.0181476
9 228 85 170 0.0166339
10 228 85 170 0.0156302
11 228 85 170 0.0138703
12 228 85 170 0.0100975
2 229 85 170 0.0108444
3 229 85 170 0.0124852
4 229 85 170 0.0139147
5 229 85 170 0.0153983
6 229 85 170 0.0172639
7 229 85 170 0.0188376
8 229 85 170 0.0187159
9 229 85 170 0.01748
10 229 85 170 0.016436
11 229 85 170 0.014422
12 229 85 170 0.0103922
2 230 85 170 0.0110415
3 230 85 170 0.0126767
4 230 85 170 0.0141235
5 230 85 170 0.0156786
6 230 85 170 0.0175753
7 230 85 170 0.0192032
8 230 85 170 0.0193431
9 230 85 170 0.0184172
10 230 85 170 0.0174261
11 230 85 170 0.0152087
12 230 85 170 0.0108521
2 231 85 170 0.0114745
3 231 85 170 0.0130551
4 231 85 170 0.0145209
5 231 85 170 0.0162169
6 231 85 170 0.0181348
7 231 85 170 0.0197148
8 231 85 170 0.0200387
9 231 85 170 0.0194304
10 231 85 170 0.0185887
11 231 85 170 0.0162378
12 231 85 170 0.0115
2 232 85 170 0.012051
3 232 85 170 0.0135638
4 232 85 170 0.0150816
5 232 85 170 0.0169918
6 232 85 170 0.0189188
7 232 85 170 0.0203472
8 232 85 170 0.0207665
9 232 85 170 0.0204496
10 232 85 170 0.019795
11 232 85 170 0.0173602
12 232 85 170 0.0122516
1 233 85 170 0.0104666
2 233 85 170 0.0126683
3 233 85 170 0.0141387
4 233 85 170 0.0157745
5 233 85 170 0.0179752
6 233 85 170 0.0198971
7 233 85 170 0.0210703
8 233 85 170 0.021487
9 233 85 170 0.0214009
10 233 85 170 0.0209077
11 233 85 170 0.0184151
12 233 85 170 0.0130149
1 234 85 170 0.0109267
2 234 85 170 0.0132241
3 234 85 170 0.0147158
4 234 85 170 0.0165686
5 234 85 170 0.0191393
6 234 85 170 0.0210395
7 234 85 170 0.0218541
8 234 85 170 0.0221606
9 234 85 170 0.0222103
10 234 85 170 0.0217893
11 234 85 170 0.0192417
12 234 85 170 0.0136976
1 235 85 170 0.011231
2 235 85 170 0.0136239
3 235 85 170 0.015234
4 235 85 170 0.0174287
5 235 85 170 0.020448
6 235 85 170 0.0223085
7 235 85 170 0.0226654
8 235 85 170 0.0227491
9 235 85 170 0.0228103
10 235 85 170 0.0223164
11 235 85 170 0.0196954
12 235 85 170 0.0142145
1 236 85 170 0.0113768
2 236 85 170 0.0138585
3 236 85 170 0.0156613
4 236 85 170 0.0182777
5 236 85 170 0.021777
6 236 85 170 0.0235864
7 236 85 170 0.0234405
8 236 85 170 0.0232298
9 236 85 170 0.0232018
10 236 85 170 0.0225163
11 236 85 170 0.0198068
12 236 85 170 0.014555
1 237 85 170 0.011416
2 237 85 170 0.0139715
3 237 85 170 0.0159835
4 237 85 170 0.0190124
5 237 85 170 0.0229479
6 237 85 170 0.0247064
7 237 85 170 0.0240968
8 237 85 170 0.0235894
9 237 85 170 0.0234277
10 237 85 170 0.022509
11 237 85 170 0.0197138
12 237 85 170 0.0147541
13 237 85 170 0.0100889
1 238 85 170 0.011401
2 238 85 170 0.0140069
3 238 85 170 0.0161869
4 238 85 170 0.0195291
5 238 85 170 0.0237818
6 238 85 170 0.0255012
7 238 85 170 0.0245514
8 238 85 170 0.0238148
9 238 85 170 0.0235313
10 238 85 170 0.0224157
11 238 85 170 0.0195558
12 238 85 170 0.0148474
13 238 85 170 0.0104018
1 239 85 170 0.0113843
2 239 85 170 0.014009
3 239 85 170 0.0162578
4 239 85 170 0.0197244
5 239 85 170 0.0240995
6 239 85 170 0.0258034
7 239 85 170 0.0247214
8 239 85 170 0.0238929
9 239 85 170 0.0235562
10 239 85 170 0.0223577
11 239 85 170 0.0194721
12 239 85 170 0.0148706
13 239 85 170 0.0105189
23 0 64 128 0.01254
24 0 64 128 0.0192323
25 0 64 128 0.0246069
26 0 64 128 0.0288041
27 0 64 128 0.043901
28 0 64 128 0.0680274
29 0 64 128 0.0952849
30 0 64 128 0.117172
31 0 64 128 0.116759
32 0 64 128 0.113062
33 0 64 128 0.128335
34 0 64 128 0.13423
35 0 64 128 0.0993975
36 0 64 128 0.0734069
37 0 64 128 0.0463138
38 0 64 128 0.0254019
39 0 64 128 0.0150192
23 1 64 128 0.0119563
24 1 64 128 0.0181556
25 1 64 128 0.0230401
26 1 64 128 0.0280261
27 1 64 128 0.041501
28 1 64 128 0.0642819
29 1 64 128 0.090547
30 1 64 128 0.110889
31 1 64 128 0.115572
32 1 64 128 0.112642
33 1 64 128 0.12607
34 1 64 128 0.13012
35 1 64 128 0.0919264
36 1 64 128 0.0679759
37 1 64 128 0.0424745
38 1 64 128 0.0218286
39 1 64 128 0.012683
23 2 64 128 0.0107755
24 2 64 128 0.0160874
25 2 64 128 0.0200257
26 2 64 128 0.0263836
27 2 64 128 0.0368649
28 2 64 128 0.0569522
29 2 64 128 0.0806462
30 2 64 128 0.0968534
31 2 64 128 0.109485
32 2 64 128 0.107413
33 2 64 128 0.116141
34 2 64 128 0.116738
35 2 64 128 0.0756251
36 2 64 128 0.0555716
37 2 64 128 0.0338756
38 2 64 128 0.0150328
24 3 64 128 0.0145125
25 3 64 128 0.0177381
26 3 64 128 0.0247293
27 3 64 128 0.0332567
28 3 64 128 0.0509815
29 3 64 128 0.0711263
30 3 64 128 0.0816112
31 3 64 128 0.0956762
32 3 64 128 0.0927959
33 3 64 128 0.0953919
34 3 64 128 0.0936604
35 3 64 128 0.0588057
36 3 64 128 0.0416521
37 3 64 128 0.0245894
38 3 64 128 0.0101558
24 4 64 128 0.0132675
25 4 64 128 0.0160915
26 4 64 128 0.0227386
27 4 64 128 0.0302357
28 4 64 128 0.0454707
29 4 64 128 0.0616295
30 4 64 128 0.0674115
31 4 64 128 0.0774737
32 4 64 128 0.0729795
33 4 64 128 0.0704902
34 4 64 128 0.0678421
35 4 64 128 0.044327
36 4 64 128 0.0292855
37 4 64 128 0.0167383
24 5 64 128 0.0116331
25 5 64 128 0.0142075
26 5 64 128 0.0197414
27 5 64 128 0.0261157
28 5 64 128 0.0376425
29 5 64 128 0.0499102
30 5 64 128 0.0548331
31 5 64 128 0.0603502
32 5 64 128 0.0551699
33 5 64 128 0.0512056
34 5 64 128 0.0484038
35 5 64 128 0.0328675
36 5 64 128 0.020417
37 5 64 128 0.0115343
25 6 64 128 0.0122088
26 6 64 128 0.0162953
27 6 64 128 0.0214099
28 6 64 128 0.0291011
29 6 64 128 0.038236
30 6 64 128 0.0446174
31 6 64 128 0.0469196
32 6 64 128 0.0420948
33 6 64 128 0.039359
34 6 64 128 0.0367761
35 6 64 128 0.0246874
36 6 64 128 0.015043
25 7 64 128 0.010784
26 7 64 128 0.0136477
27 7 64 128 0.01788
28 7 64 128 0.0238902
29 7 64 128 0.0313469
30 7 64 128 0.0375333
31 7 64 128 0.0379946
32 7 64 128 0.0337329
33 7 64 128 0.0320391
34 7 64 128 0.0298135
35 7 64 128 0.0197423
36 7 64 128 0.0119944
26 8 64 128 0.0121404
27 8 64 128 0.0159086
28 8 64 128 0.0224073
29 8 64 128 0.0294264
30 8 64 128 0.0329688
31 8 64 128 0.032783
32 8 64 128 0.0289431
33 8 64 128 0.0270904
34 8 64 128 0.0251292
35 8 64 128 0.0169164
36 8 64 128 0.0101379
26 9 64 128 0.0112949
27 9 64 128 0.0146301
28 9 64 128 0.0217708
29 9 64 128 0.02857
30 9 64 128 0.029095
31 9 64 128 0.0290929
32 9 64 128 0.025629
33 9 64 128 0.0231111
34 9 64 128 0.0210989
35 9 64 128 0.0141661
26 10 64 128 0.0107246
27 10 64 128 0.0135323
28 10 64 128 0.0203689
29 10 64 128 0.02657
30 10 64 128 0.025139
31 10 64 128 0.0256568
32 10 64 128 0.0224816
33 10 64 128 0.0193668
34 10 64 128 0.017102
35 10 64 128 0.0108322
26 11 64 128 0.0102062
27 11 64 128 0.0126366
28 11 64 128 0.0184523
29 11 64 128 0.0236946
30 11 64 128 0.0218028
31 11 64 128 0.0225144
32 11 64 128 0.0192959
33 11 64 128 0.0159828
34 11 64 128 0.0138277
27 12 64 128 0.0118724
28 12 64 128 0.0163229
29 12 64 128 0.0203899
30 12 64 128 0.0193658
31 12 64 128 0.0195926
32 12 64 128 0.0159904
33 12 64 128 0.0129935
34 12 64 128 0.0115255
27 13 64 128 0.0109056
28 13 64 128 0.0141204
29 13 64 128 0.0171098
30 13 64 128 0.0170409
31 13 64 128 0.0164026
32 13 64 128 0.012576
33 13 64 128 0.0101259
28 14 64 128 0.0120236
29 14 64 128 0.0142603
30 14 64 128 0.0142667
31 14 64 128 0.012775
28 15 64 128 0.0103962
29 15 64 128 0.0120939
30 15 64 128 0.0115957
29 16 64 128 0.0107372
18 35 64 128 0.0101165
19 35 64 128 0.0102085
18 36 64 128 0.0100923
19 36 64 128 0.0101376
18 37 64 128 0.0101298
19 37 64 128 0.0101634
25 37 64 128 0.0103801
26 37 64 128 0.0108026
27 37 64 128 0.0108498
28 37 64 128 0.0104624
18 38 64 128 0.0104688
19 38 64 128 0.0105063
24 38 64 128 0.0108253
25 38 64 128 0.0119283
26 38 64 128 0.0121324
27 38 64 128 0.0124482
28 38 64 128 0.0123183
29 38 64 128 0.0115293
18 39 64 128 0.0102257
19 39 64 128 0.0101696
24 39 64 128 0.0111864
25 39 64 128 0.0123808
26 39 64 128 0.0124256
27 39 64 128 0.0129567
28 39 64 128 0.0131693
29 39 64 128 0.012431
30 39 64 128 0.0106546
24 40 64 128 0.0103483
25 40 64 128 0.0110551
26 40 64 128 0.0111457
27 40 64 128 0.0116928
28 40 64 128 0.0121863
29 40 64 128 0.0115138
27 41 64 128 0.0103748
28 41 64 128 0.0111027
29 41 64 128 0.010466
25 42 64 128 0.0100005
27 42 64 128 0.0102453
28 42 64 128 0.0111748
29 42 64 128 0.0105286
25 43 64 128 0.0103513
27 43 64 128 0.0102289
28 43 64 128 0.0112781
29 43 64 128 0.0106801
28 44 64 128 0.0102264
22 172 64 128 0.010304
23 172 64 128 0.0113124
22 173 64 128 0.0117074
23 173 64 128 0.0128078
24 173 64 128 0.0101302
25 173 64 128 0.0103363
34 173 64 128 0.010377
35 173 64 128 0.0117224
36 173 64 128 0.0111187
37 173 64 128 0.0134047
38 173 64 128 0.0123196
40 173 64 128 0.0107654
22 174 64 128 0.013246
23 174 64 128 0.0143875
24 174 64 128 0.0112489
25 174 64 128 0.0116987
32 174 64 128 0.0106284
33 174 64 128 0.0119702
34 174 64 128 0.0121899
35 174 64 128 0.0147277
36 174 64 128 0.0137917
37 174 64 128 0.0172277
38 174 64 128 0.0160764
39 174 64 128 0.0115458
40 174 64 128 0.0137433
22 175 64 128 0.015134
23 175 64 128 0.0166773
24 175 64 128 0.0132933
25 175 64 128 0.0134562
26 175 64 128 0.0103924
27 175 64 128 0.0101745
32 175 64 128 0.0125326
33 175 64 128 0.0138844
34 175 64 128 0.0135211
35 175 64 128 0.0167524
36 175 64 128 0.015038
37 175 64 128 0.019404
38 175 64 128 0.018396
39 175 64 128 0.0127341
40 175 64 128 0.0154385
0 176 64 128 0.010654
1 176 64 128 0.0108169
2 176 64 128 0.0106891
20 176 64 128 0.0106246
21 176 64 128 0.0112217
22 176 64 128 0.0170099
23 176 64 128 0.0192008
24 176 64 128 0.0158268
25 176 64 128 0.0152535
26 176 64 128 0.0120784
27 176 64 128 0.0119948
28 176 64 128 0.0115056
32 176 64 128 0.0140819
33 176 64 128 0.0156739
34 176 64 128 0.0147008
35 176 64 128 0.0180949
36 176 64 128 0.0153074
37 176 64 128 0.0204324
38 176 64 128 0.0197795
39 176 64 128 0.0132709
40 176 64 128 0.0163173
0 177 64 128 0.0120072
1 177 64 128 0.0122685
2 177 64 128 0.0118527
20 177 64 128 0.0115141
21 177 64 128 0.0122387
22 177 64 128 0.0180977
23 177 64 128 0.0206697
24 177 64 128 0.0174105
25 177 64 128 0.0162184
26 177 64 128 0.013427
27 177 64 128 0.0141216
28 177 64 128 0.0135277
29 177 64 128 0.0107162
30 177 64 128 0.0107237
31 177 64 128 0.0102284
32 177 64 128 0.0157961
33 177 64 128 0.017888
34 177 64 128 0.0166467
35 177 64 128 0.0202444
36 177 64 128 0.0165678
37 177 64 128 0.0227268
38 177 64 128 0.0225269
39 177 64 128 0.0150927
40 177 64 128 0.0183402
41 177 64 128 0.010628
0 178 64 128 0.013384
1 178 64 128 0.0136368
2 178 64 128 0.0127122
20 178 64 128 0.0122061
21 178 64 128 0.0129339
22 178 64 128 0.0187109
23 178 64 128 0.0213404
24 178 64 128 0.0180817
25 178 64 128 0.0166585
26 178 64 128 0.014406
27 178 64 128 0.016547
28 178 64 128 0.016058
29 178 64 128 0.0119126
30 178 64 128 0.0114325
31 178 64 128 0.0112851
32 178 64 128 0.0178383
33 178 64 128 0.0204919
34 178 64 128 0.0193689
35 178 64 128 0.0231899
36 178 64 128 0.0190575
37 178 64 128 0.0264386
38 178 64 128 0.0265889
39 178 64 128 0.0181428
40 178 64 128 0.0214816
41 178 64 128 0.0125792
0 179 64 128 0.0155974
1 179 64 128 0.0157737
2 179 64 128 0.0144717
3 179 64 128 0.0108082
20 179 64 128 0.0133012
21 179 64 128 0.0139865
22 179 64 128 0.020432
23 179 64 128 0.023277
24 179 64 128 0.0196143
25 179 64 128 0.0182567
26 179 64 128 0.0157642
27 179 64 128 0.0193146
28 179 64 128 0.0191326
29 179 64 128 0.0133564
30 179 64 128 0.0124388
31 179 64 128 0.0130846
32 179 64 128 0.0199401
33 179 64 128 0.0227597
34 179 64 128 0.0218058
35 179 64 128 0.02515
36 179 64 128 0.0209645
37 179 64 128 0.02904
38 179 64 128 0.0291425
39 179 64 128 0.0200158
40 179 64 128 0.0233753
41 179 64 128 0.0139518
0 180 64 128 0.0188214
1 180 64 128 0.0189317
2 180 64 128 0.0174392
3 180 64 128 0.0131187
19 180 64 128 0.0107066
20 180 64 128 0.0149885
21 180 64 128 0.0156861
22 180 64 128 0.0236595
23 180 64 128 0.0270119
24 180 64 128 0.0225671
25 180 64 128 0.0214108
26 180 64 128 0.0177325
27 180 64 128 0.0220971
28 180 64 128 0.0222857
29 180 64 128 0.0150222
30 180 64 128 0.0138107
31 180 64 128 0.0154549
32 180 64 128 0.0217997
33 180 64 128 0.0242071
34 180 64 128 0.0233184
35 180 64 128 0.0255963
36 180 64 128 0.0215372
37 180 64 128 0.0295261
38 180 64 128 0.0291439
39 180 64 128 0.0198212
40 180 64 128 0.0233493
41 180 64 128 0.0142489
0 181 64 128 0.0220453
1 181 64 128 0.0222381
2 181 64 128 0.0202461
3 181 64 128 0.0151407
18 181 64 128 0.0101191
19 181 64 128 0.0118355
20 181 64 128 0.0166794
21 181 64 128 0.0175745
22 181 64 128 0.0265966
23 181 64 128 0.0302203
24 181 64 128 0.0252009
25 181 64 128 0.0241351
26 181 64 128 0.0195585
27 181 64 128 0.0239132
28 181 64 128 0.0241857
29 181 64 128 0.0162579
30 181 64 128 0.014877
31 181 64 128 0.0172622
32 181 64 128 0.0231014
33 181 64 128 0.0248414
34 181 64 128 0.0241128
35 181 64 128 0.0263688
36 181 64 128 0.0220812
37 181 64 128 0.0298204
38 181 64 128 0.0289364
39 181 64 128 0.0195501
40 181 64 128 0.0239271
41 181 64 128 0.0147391
0 182 64 128 0.0246041
1 182 64 128 0.0250336
2 182 64 128 0.0220179
3 182 64 128 0.0160934
4 182 64 128 0.0108423
18 182 64 128 0.011715
19 182 64 128 0.0131771
20 182 64 128 0.0181899
21 182 64 128 0.019541
22 182 64 128 0.0285054
23 182 64 128 0.0318774
24 182 64 128 0.0266936
25 182 64 128 0.0254609
26 182 64 128 0.0210119
27 182 64 128 0.0246654
28 182 64 128 0.0246444
29 182 64 128 0.0170859
30 182 64 128 0.0155145
31 182 64 128 0.0180406
32 182 64 128 0.0240684
33 182 64 128 0.025164
34 182 64 128 0.0245724
35 182 64 128 0.0286177
36 182 64 128 0.0234456
37 182 64 128 0.0311852
38 182 64 128 0.0300498
39 182 64 128 0.0204484
40 182 64 128 0.0264972
41 182 64 128 0.0160879
42 182 64 128 0.0107997
0 183 64 128 0.02708
1 183 64 128 0.0275361
2 183 64 128 0.0236578
3 183 64 128 0.0170652
4 183 64 128 0.0118076
17 183 64 128 0.0116846
18 183 64 128 0.0139939
19 183 64 128 0.0152943
20 183 64 128 0.0206318
21 183 64 128 0.0226096
22 183 64 128 0.0320842
23 183 64 128 0.0352212
24 183 64 128 0.0293053
25 183 64 128 0.0277945
26 183 64 128 0.0235292
27 183 64 128 0.0268041
28 183 64 128 0.0267754
29 183 64 128 0.0195075
30 183 64 128 0.0172686
31 183 64 128 0.0193761
32 183 64 128 0.0263752
33 183 64 128 0.0268684
34 183 64 128 0.0253281
35 183 64 128 0.0310011
36 183 64 128 0.0246961
37 183 64 128 0.0323143
38 183 64 128 0.0309151
39 183 64 128 0.0209828
40 183 64 128 0.0285371
41 183 64 128 0.0168646
42 183 64 128 0.0119027
43 183 64 128 0.0111204
0 184 64 128 0.0299404
1 184 64 128 0.0300163
2 184 64 128 0.0260139
3 184 64 128 0.019012
4 184 64 128 0.0129303
17 184 64 128 0.0141679
18 184 64 128 0.0169731
19 184 64 128 0.0185174
20 184 64 128 0.0247877
21 184 64 128 0.0274518
22 184 64 128 0.0393189
23 184 64 128 0.042743
24 184 64 128 0.0348164
25 184 64 128 0.032979
26 184 64 128 0.0281584
27 184 64 128 0.032194
28 184 64 128 0.0328927
29 184 64 128 0.0248494
30 184 64 128 0.0211847
31 184 64 128 0.0224967
32 184 64 128 0.031072
33 184 64 128 0.0310166
34 184 64 128 0.0267704
35 184 64 128 0.032072
36 184 64 128 0.0248716
37 184 64 128 0.0318907
38 184 64 128 0.0299818
39 184 64 128 0.0197228
40 184 64 128 0.0276982
41 184 64 128 0.015845
42 184 64 128 0.011571
43 184 64 128 0.0114559
0 185 64 128 0.0322911
1 185 64 128 0.0323526
2 185 64 128 0.0284544
3 185 64 128 0.0210207
4 185 64 128 0.0140847
17 185 64 128 0.0165908
18 185 64 128 0.0199442
19 185 64 128 0.0218602
20 185 64 128 0.0291412
21 185 64 128 0.032456
22 185 64 128 0.0467792
23 185 64 128 0.050795
24 185 64 128 0.0408213
25 185 64 128 0.038113
26 185 64 128 0.0331411
27 185 64 128 0.0384435
28 185 64 128 0.0396186
29 185 64 128 0.0302034
30 185 64 128 0.0250273
31 185 64 128 0.0256802
32 185 64 128 0.0355565
33 185 64 128 0.0351682
34 185 64 128 0.028104
35 185 64 128 0.0316869
36 185 64 128 0.0241452
37 185 64 128 0.0303512
38 185 64 128 0.0279479
39 185 64 128 0.0176215
40 185 64 128 0.0251059
41 185 64 128 0.0141454
42 185 64 128 0.0106811
43 185 64 128 0.0110537
0 186 64 128 0.0331332
1 186 64 128 0.0343326
2 186 64 128 0.0300899
3 186 64 128 0.0219316
4 186 64 128 0.0151109
5 186 64 128 0.0106701
16 186 64 128 0.011143
17 186 64 128 0.0186092
18 186 64 128 0.0222571
19 186 64 128 0.0242691
20 186 64 128 0.0320523
21 186 64 128 0.0359106
22 186 64 128 0.0506368
23 186 64 128 0.0551631
24 186 64 128 0.0444891
25 186 64 128 0.0399833
26 186 64 128 0.0365878
27 186 64 128 0.0427019
28 186 64 128 0.0429293
29 186 64 128 0.0322825
30 186 64 128 0.0262981
31 186 64 128 0.0269067
32 186 64 128 0.0369016
33 186 64 128 0.0365046
34 186 64 128 0.0283908
35 186 64 128 0.0301315
36 186 64 128 0.0229853
37 186 64 128 0.0285151
38 186 64 128 0.025944
39 186 64 128 0.0160298
40 186 64 128 0.0225633
41 186 64 128 0.0132186
42 186 64 128 0.0103901
43 186 64 128 0.0106974
0 187 64 128 0.0331817
1 187 64 128 0.03583
2 187 64 128 0.0309305
3 187 64 128 0.0222451
4 187 64 128 0.0163069
5 187 64 128 0.0115074
16 187 64 128 0.0128219
17 187 64 128 0.0212876
18 187 64 128 0.0249479
19 187 64 128 0.0265803
20 187 64 128 0.0351382
21 187 64 128 0.0394937
22 187 64 128 0.0540174
23 187 64 128 0.058735
24 187 64 128 0.0475686
25 187 64 128 0.0417111
26 187 64 128 0.0407201
27 187 64 128 0.046599
28 187 64 128 0.044574
29 187 64 128 0.0327797
30 187 64 128 0.0265682
31 187 64 128 0.0273984
32 187 64 128 0.0364916
33 187 64 128 0.0358876
34 187 64 128 0.0278435
35 187 64 128 0.0282688
36 187 64 128 0.0218344
37 187 64 128 0.026663
38 187 64 128 0.0240137
39 187 64 128 0.0147384
40 187 64 128 0.0202624
41 187 64 128 0.0126238
42 187 64 128 0.0102656
43 187 64 128 0.0102798
0 188 64 128 0.0337074
1 188 64 128 0.0367367
2 188 64 128 0.0313194
3 188 64 128 0.0230242
4 188 64 128 0.0180712
5 188 64 128 0.0127043
6 188 64 128 0.0102728
15 188 64 128 0.0101849
16 188 64 128 0.0154325
17 188 64 128 0.0260124
18 188 64 128 0.0294992
19 188 64 128 0.0302169
20 188 64 128 0.0409746
21 188 64 128 0.0459094
22 188 64 128 0.0622095
23 188 64 128 0.0666398
24 188 64 128 0.0532912
25 188 64 128 0.0483793
26 188 64 128 0.0489235
27 188 64 128 0.0531904
28 188 64 128 0.0482792
29 188 64 128 0.0350797
30 188 64 128 0.0287492
31 188 64 128 0.0294155
32 188 64 128 0.0371658
33 188 64 128 0.0354812
34 188 64 128 0.0270831
35 188 64 128 0.0270806
36 188 64 128 0.0210543
37 188 64 128 0.0248357
38 188 64 128 0.0217931
39 188 64 128 0.0129756
40 188 64 128 0.0177782
41 188 64 128 0.0112527
0 189 64 128 0.0342706
1 189 64 128 0.036742
2 189 64 128 0.0311705
3 189 64 128 0.0239445
4 189 64 128 0.0197978
5 189 64 128 0.0139205
6 189 64 128 0.0116187
7 189 64 128 0.0108112
15 189 64 128 0.0121412
16 189 64 128 0.0184247
17 189 64 128 0.0312467
18 189 64 128 0.0345771
19 189 64 128 0.0344294
20 189 64 128 0.047789
21 189 64 128 0.0536524
22 189 64 128 0.0725147
23 189 64 128 0.0762158
24 189 64 128 0.0602861
25 189 64 128 0.0576903
26 189 64 128 0.0585697
27 189 64 128 0.0607502
28 189 64 128 0.0531913
29 189 64 128 0.0384597
30 189 64 128 0.031925
31 189 64 128 0.0318311
32 189 64 128 0.0380986
33 189 64 128 0.0349897
34 189 64 128 0.0259808
35 189 64 128 0.0262003
36 189 64 128 0.0202229
37 189 64 128 0.0228785
38 189 64 128 0.0193885
39 189 64 128 0.0108904
40 189 64 128 0.0152366
0 190 64 128 0.0334428
1 190 64 128 0.0354653
2 190 64 128 0.0301638
3 190 64 128 0.0238635
4 190 64 128 0.020311
5 190 64 128 0.0145079
6 190 64 128 0.0122175
7 190 64 128 0.0115191
15 190 64 128 0.0136545
16 190 64 128 0.0206078
17 190 64 128 0.0337581
18 190 64 128 0.037205
19 190 64 128 0.0371825
20 190 64 128 0.0512686
21 190 64 128 0.0587223
22 190 64 128 0.0775381
23 190 64 128 0.0802563
24 190 64 128 0.0645056
25 190 64 128 0.0630298
26 190 64 128 0.0635436
27 190 64 128 0.0647592
28 190 64 128 0.0557476
29 190 64 128 0.0397737
30 190 64 128 0.0329356
31 190 64 128 0.0315661
32 190 64 128 0.0363351
33 190 64 128 0.0326827
34 190 64 128 0.0239815
35 190 64 128 0.0244708
36 190 64 128 0.0184781
37 190 64 128 0.0205374
38 190 64 128 0.0171923
40 190 64 128 0.0131
0 191 64 128 0.0316349
1 191 64 128 0.0337129
2 191 64 128 0.0287524
3 191 64 128 0.0228084
4 191 64 128 0.019729
5 191 64 128 0.014536
6 191 64 128 0.0121334
7 191 64 128 0.0117077
15 191 64 128 0.0144906
16 191 64 128 0.0216235
17 191 64 128 0.0333319
18 191 64 128 0.0371327
19 191 64 128 0.0381662
20 191 64 128 0.0512291
21 191 64 128 0.0603763
22 191 64 128 0.0768293
23 191 64 128 0.0791116
24 191 64 128 0.0665349
25 191 64 128 0.0646893
26 191 64 128 0.0639732
27 191 64 128 0.065261
28 191 64 128 0.056092
29 191 64 128 0.0393184
30 191 64 128 0.0321141
31 191 64 128 0.0293135
32 191 64 128 0.0326625
33 191 64 128 0.0292378
34 191 64 128 0.0215123
35 191 64 128 0.0219398
36 191 64 128 0.0160629
37 191 64 128 0.018038
38 191 64 128 0.0153844
40 191 64 128 0.0116034
0 192 64 128 0.0309862
1 192 64 128 0.0333895
2 192 64 128 0.0281139
3 192 64 128 0.0219166
4 192 64 128 0.0193857
5 192 64 128 0.0147491
6 192 64 128 0.0122944
7 192 64 128 0.012117
8 192 64 128 0.0101106
15 192 64 128 0.0149463
16 192 64 128 0.0219083
17 192 64 128 0.0325936
18 192 64 128 0.036676
19 192 64 128 0.0386996
20 192 64 128 0.0513677
21 192 64 128 0.0609605
22 192 64 128 0.0764718
23 192 64 128 0.0802043
24 192 64 128 0.0712689
25 192 64 128 0.0694013
26 192 64 128 0.0658296
27 192 64 128 0.0665702
28 192 64 128 0.0578306
29 192 64 128 0.0406048
30 192 64 128 0.0330481
31 192 64 128 0.0292732
32 192 64 128 0.0313511
33 192 64 128 0.0275716
34 192 64 128 0.019909
35 192 64 128 0.0197866
36 192 64 128 0.0142502
37 192 64 128 0.016051
38 192 64 128 0.01394
40 192 64 128 0.0107581
0 193 64 128 0.0326615
1 193 64 128 0.0353762
2 193 64 128 0.029056
3 193 64 128 0.0220891
4 193 64 128 0.0200152
5 193 64 128 0.0155893
6 193 64 128 0.0131651
7 193 64 128 0.0131046
8 193 64 128 0.0110717
15 193 64 128 0.0152548
16 193 64 128 0.0219139
17 193 64 128 0.0327309
18 193 64 128 0.0368234
19 193 64 128 0.0393312
20 193 64 128 0.0531034
21 193 64 128 0.0618994
22 193 64 128 0.0786413
23 193 64 128 0.085342
24 193 64 128 0.0789982
25 193 64 128 0.0776674
26 193 64 128 0.0706358
27 193 64 128 0.0696358
28 193 64 128 0.0612017
29 193 64 128 0.043968
30 193 64 128 0.0359466
31 193 64 128 0.0319704
32 193 64 128 0.0330801
33 193 64 128 0.0281309
34 193 64 128 0.0194479
35 193 64 128 0.0184356
36 193 64 128 0.0134375
37 193 64 128 0.0148251
38 193 64 128 0.0128489
40 193 64 128 0.0103777
0 194 64 128 0.0363547
1 194 64 128 0.0390499
2 194 64 128 0.0318218
3 194 64 128 0.0238287
4 194 64 128 0.0214388
5 194 64 128 0.017034
6 194 64 128 0.0145101
7 194 64 128 0.0144505
8 194 64 128 0.0121843
15 194 64 128 0.0155309
16 194 64 128 0.0220682
17 194 64 128 0.0327521
18 194 64 128 0.0365553
19 194 64 128 0.0394358
20 194 64 128 0.0544363
21 194 64 128 0.0631486
22 194 64 128 0.0796598
23 194 64 128 0.0880548
24 194 64 128 0.0833126
25 194 64 128 0.0808863
26 194 64 128 0.0733436
27 194 64 128 0.0704436
28 194 64 128 0.0615236
29 194 64 128 0.0451066
30 194 64 128 0.0360967
31 194 64 128 0.0325752
32 194 64 128 0.0332921
33 194 64 128 0.0277709
34 194 64 128 0.0188661
35 194 64 128 0.0171872
36 194 64 128 0.0127345
37 194 64 128 0.0139916
38 194 64 128 0.0121313
40 194 64 128 0.0100112
0 195 64 128 0.0412723
1 195 64 128 0.0435469
2 195 64 128 0.0358944
3 195 64 128 0.0268719
4 195 64 128 0.0233194
5 195 64 128 0.0187756
6 195 64 128 0.0159891
7 195 64 128 0.0158565
8 195 64 128 0.013195
15 195 64 128 0.0158309
16 195 64 128 0.0225379
17 195 64 128 0.0320831
18 195 64 128 0.0353222
19 195 64 128 0.0386751
20 195 64 128 0.0542064
21 195 64 128 0.0644271
22 195 64 128 0.0779449
23 195 64 128 0.0857665
24 195 64 128 0.0818445
25 195 64 128 0.0758502
26 195 64 128 0.0718015
27 195 64 128 0.0673716
28 195 64 128 0.057017
29 195 64 128 0.0423005
30 195 64 128 0.0317583
31 195 64 128 0.0290883
32 195 64 128 0.0300559
33 195 64 128 0.0251798
34 195 64 128 0.0175827
35 195 64 128 0.0157154
36 195 64 128 0.0116806
37 195 64 128 0.0133073
38 195 64 128 0.0117543
0 196 64 128 0.0458173
1 196 64 128 0.0477309
2 196 64 128 0.0392267
3 196 64 128 0.0293837
4 196 64 128 0.0251286
5 196 64 128 0.0199726
6 196 64 128 0.0171513
7 196 64 128 0.0169513
8 196 64 128 0.0139235
15 196 64 128 0.0161052
16 196 64 128 0.0229357
17 196 64 128 0.0313907
18 196 64 128 0.0339008
19 196 64 128 0.0375121
20 196 64 128 0.0535936
21 196 64 128 0.0651849
22 196 64 128 0.0773239
23 196 64 128 0.0855347
24 196 64 128 0.0819251
25 196 64 128 0.0723172
26 196 64 128 0.0710926
27 196 64 128 0.064696
28 196 64 128 0.0528827
29 196 64 128 0.0400805
30 196 64 128 0.0283226
31 196 64 128 0.0264069
32 196 64 128 0.0278825
33 196 64 128 0.0235337
34 196 64 128 0.0167188
35 196 64 128 0.0146712
36 196 64 128 0.0109389
37 196 64 128 0.0128963
38 196 64 128 0.0115662
0 197 64 128 0.0489935
1 197 64 128 0.0508937
2 197 64 128 0.0404903
3 197 64 128 0.0300785
4 197 64 128 0.0264271
5 197 64 128 0.0201542
6 197 64 128 0.0177537
7 197 64 128 0.0175542
8 197 64 128 0.0143318
15 197 64 128 0.0163168
16 197 64 128 0.0229002
17 197 64 128 0.0311298
18 197 64 128 0.0328845
19 197 64 128 0.0362624
20 197 64 128 0.0533658
21 197 64 128 0.0648953
22 197 64 128 0.0802862
23 197 64 128 0.0919855
24 197 64 128 0.0884766
25 197 64 128 0.0773758
26 197 64 128 0.0749392
27 197 64 128 0.0656274
28 197 64 128 0.0530522
29 197 64 128 0.0417901
30 197 64 128 0.0297636
31 197 64 128 0.0283095
32 197 64 128 0.0301076
33 197 64 128 0.0251214
34 197 64 128 0.0172157
35 197 64 128 0.0146032
36 197 64 128 0.0110503
37 197 64 128 0.0128565
38 197 64 128 0.0114206
0 198 64 128 0.0521369
1 198 64 128 0.0538613
2 198 64 128 0.0413892
3 198 64 128 0.0301576
4 198 64 128 0.0271511
5 198 64 128 0.0203035
6 198 64 128 0.0182876
7 198 64 128 0.0181487
8 198 64 128 0.01482
15 198 64 128 0.0165143
16 198 64 128 0.022391
17 198 64 128 0.0305255
18 198 64 128 0.0316962
19 198 64 128 0.0344137
20 198 64 128 0.0519296
21 198 64 128 0.0632226
22 198 64 128 0.0825886
23 198 64 128 0.0975905
24 198 64 128 0.0943137
25 198 64 128 0.0837529
26 198 64 128 0.0794762
27 198 64 128 0.0673346
28 198 64 128 0.0542832
29 198 64 128 0.0441795
30 198 64 128 0.0323255
31 198 64 128 0.0319329
32 198 64 128 0.0334322
33 198 64 128 0.0273841
34 198 64 128 0.0186943
35 198 64 128 0.0153041
36 198 64 128 0.011675
37 198 64 128 0.0130426
38 198 64 128 0.0112399
0 199 64 128 0.0567039
1 199 64 128 0.0575826
2 199 64 128 0.0437721
3 199 64 128 0.0310663
4 199 64 128 0.0274854
5 199 64 128 0.0214695
6 199 64 128 0.0193136
7 199 64 128 0.0192133
8 199 64 128 0.0157147
9 199 64 128 0.0101668
15 199 64 128 0.0167326
16 199 64 128 0.0215093
17 199 64 128 0.028834
18 199 64 128 0.029724
19 199 64 128 0.031526
20 199 64 128 0.0478175
21 199 64 128 0.0601098
22 199 64 128 0.0799192
23 199 64 128 0.0946375
24 199 64 128 0.092021
25 199 64 128 0.0833644
26 199 64 128 0.0804019
27 199 64 128 0.0667033
28 199 64 128 0.0529786
29 199 64 128 0.0437048
30 199 64 128 0.0318768
31 199 64 128 0.0339061
32 199 64 128 0.0342006
33 199 64 128 0.0275278
34 199 64 128 0.0205252
35 199 64 128 0.016431
36 199 64 128 0.0123885
37 199 64 128 0.0132916
38 199 64 128 0.0109972
0 200 64 128 0.0622531
1 200 64 128 0.0619885
2 200 64 128 0.0469562
3 200 64 128 0.0328298
4 200 64 128 0.0285094
5 200 64 128 0.0234685
6 200 64 128 0.0209584
7 200 64 128 0.0204798
8 200 64 128 0.0164778
9 200 64 128 0.0104541
15 200 64 128 0.0168431
16 200 64 128 0.0207531
17 200 64 128 0.0268075
18 200 64 128 0.0274464
19 200 64 128 0.0284364
20 200 64 128 0.0427848
21 200 64 128 0.0567548
22 200 64 128 0.0749127
23 200 64 128 0.0876412
24 200 64 128 0.0861166
25 200 64 128 0.0794587
26 200 64 128 0.0793585
27 200 64 128 0.0656899
28 200 64 128 0.0514655
29 200 64 128 0.0424348
30 200 64 128 0.0307036
31 200 64 128 0.0354001
32 200 64 128 0.0340845
33 200 64 128 0.0267877
34 200 64 128 0.0221974
35 200 64 128 0.0177486
36 200 64 128 0.0132786
37 200 64 128 0.0136121
38 200 64 128 0.0108549
0 201 64 128 0.0678613
1 201 64 128 0.0667004
2 201 64 128 0.0496821
3 201 64 128 0.0351257
4 201 64 128 0.0313826
5 201 64 128 0.0257574
6 201 64 128 0.0231507
7 201 64 128 0.0215039
8 201 64 128 0.0164423
9 201 64 128 0.0104803
15 201 64 128 0.016693
16 201 64 128 0.0206331
17 201 64 128 0.0255223
18 201 64 128 0.0256128
19 201 64 128 0.0262643
20 201 64 128 0.0393194
21 201 64 128 0.0545148
22 201 64 128 0.0718605
23 201 64 128 0.0841248
24 201 64 128 0.0840454
25 201 64 128 0.0782018
26 201 64 128 0.0795275
27 201 64 128 0.0674187
28 201 64 128 0.0534098
29 201 64 128 0.0437575
30 201 64 128 0.0326189
31 201 64 128 0.0387061
32 201 64 128 0.0361278
33 201 64 128 0.0275277
34 201 64 128 0.0234038
35 201 64 128 0.0191445
36 201 64 128 0.014588
37 201 64 128 0.0141012
38 201 64 128 0.011044
0 202 64 128 0.0737896
1 202 64 128 0.0715401
2 202 64 128 0.0528238
3 202 64 128 0.0386224
4 202 64 128 0.0354516
5 202 64 128 0.0281638
6 202 64 128 0.025339
7 202 64 128 0.0224193
8 202 64 128 0.0162514
9 202 64 128 0.0104704
15 202 64 128 0.0163792
16 202 64 128 0.0206665
17 202 64 128 0.0246502
18 202 64 128 0.0242491
19 202 64 128 0.0249751
20 202 64 128 0.0371793
21 202 64 128 0.0526128
22 202 64 128 0.0698273
23 202 64 128 0.0831992
24 202 64 128 0.0849678
25 202 64 128 0.0790664
26 202 64 128 0.0806549
27 202 64 128 0.0708464
28 202 64 128 0.0573902
29 202 64 128 0.0466735
30 202 64 128 0.0365772
31 202 64 128 0.0430126
32 202 64 128 0.0402337
33 202 64 128 0.030507
34 202 64 128 0.0252448
35 202 64 128 0.021249
36 202 64 128 0.0164535
37 202 64 128 0.0151303
38 202 64 128 0.0118493
40 202 64 128 0.0102267
0 203 64 128 0.0808832
1 203 64 128 0.0765152
2 203 64 128 0.0581986
3 203 64 128 0.0443686
4 203 64 128 0.0392698
5 203 64 128 0.0307169
6 203 64 128 0.026811
7 203 64 128 0.0236384
8 203 64 128 0.0171241
9 203 64 128 0.0107881
15 203 64 128 0.0161282
16 203 64 128 0.0199541
17 203 64 128 0.0232447
18 203 64 128 0.0230461
19 203 64 128 0.0239815
20 203 64 128 0.0348494
21 203 64 128 0.0493402
22 203 64 128 0.0655247
23 203 64 128 0.080088
24 203 64 128 0.0841809
25 203 64 128 0.0784352
26 203 64 128 0.0809245
27 203 64 128 0.0730467
28 203 64 128 0.05969
29 203 64 128 0.0481955
30 203 64 128 0.0393016
31 203 64 128 0.0461073
32 203 64 128 0.0447875
33 203 64 128 0.0356145
34 203 64 128 0.0293924
35 203 64 128 0.0249873
36 203 64 128 0.0189621
37 203 64 128 0.0171778
38 203 64 128 0.0135496
40 203 64 128 0.0111036
0 204 64 128 0.0897804
1 204 64 128 0.0828867
2 204 64 128 0.0656441
3 204 64 128 0.0516325
4 204 64 128 0.0432014
5 204 64 128 0.0336595
6 204 64 128 0.0280624
7 204 64 128 0.0253682
8 204 64 128 0.0190141
9 204 64 128 0.0115517
15 204 64 128 0.0162114
16 204 64 128 0.0188515
17 204 64 128 0.0216998
18 204 64 128 0.0221492
19 204 64 128 0.0231444
20 204 64 128 0.0323898
21 204 64 128 0.0451583
22 204 64 128 0.0599135
23 204 64 128 0.07538
24 204 64 128 0.081751
25 204 64 128 0.0770025
26 204 64 128 0.0810838
27 204 64 128 0.0743762
28 204 64 128 0.0606548
29 204 64 128 0.0487153
30 204 64 128 0.0408102
31 204 64 128 0.0482353
32 204 64 128 0.0492033
33 204 64 128 0.0418624
34 204 64 128 0.0354599
35 204 64 128 0.0301008
36 204 64 128 0.022258
37 204 64 128 0.0202598
38 204 64 128 0.0159327
39 204 64 128 0.0102976
40 204 64 128 0.0121049
0 205 64 128 0.100905
1 205 64 128 0.0927432
2 205 64 128 0.0734804
3 205 64 128 0.0583438
4 205 64 128 0.0489013
5 205 64 128 0.037366
6 205 64 128 0.0304605
7 205 64 128 0.027645
8 205 64 128 0.0209259
9 205 64 128 0.0126893
10 205 64 128 0.0104183
14 205 64 128 0.0105176
15 205 64 128 0.0169231
16 205 64 128 0.0186421
17 205 64 128 0.0213981
18 205 64 128 0.0220357
19 205 64 128 0.022663
20 205 64 128 0.0310382
21 205 64 128 0.0421439
22 205 64 128 0.0570875
23 205 64 128 0.0736313
24 205 64 128 0.0812896
25 205 64 128 0.0786339
26 205 64 128 0.0837328
27 205 64 128 0.0775913
28 205 64 128 0.0636207
29 205 64 128 0.0511144
30 205 64 128 0.0435674
31 205 64 128 0.0514807
32 205 64 128 0.0537012
33 205 64 128 0.0476529
34 205 64 128 0.0415457
35 205 64 128 0.0354641
36 205 64 128 0.0265303
37 205 64 128 0.0240663
38 205 64 128 0.0184549
39 205 64 128 0.0114307
40 205 64 128 0.0136603
0 206 64 128 0.113131
1 206 64 128 0.104453
2 206 64 128 0.0799523
3 206 64 128 0.0630303
4 206 64 128 0.0552616
5 206 64 128 0.041336
6 206 64 128 0.0339182
7 206 64 128 0.0301222
8 206 64 128 0.0224077
9 206 64 128 0.0140572
10 206 64 128 0.0115049
14 206 64 128 0.011428
15 206 64 128 0.018239
16 206 64 128 0.0196829
17 206 64 128 0.022615
18 206 64 128 0.0226891
19 206 64 128 0.0225408
20 206 64 128 0.0311438
21 206 64 128 0.0411029
22 206 64 128 0.0576197
23 206 64 128 0.0751301
24 206 64 128 0.0830826
25 206 64 128 0.0832642
26 206 64 128 0.088217
27 206 64 128 0.0821003
28 206 64 128 0.0684327
29 206 64 128 0.055406
30 206 64 128 0.0477077
31 206 64 128 0.0566546
32 206 64 128 0.0589031
33 206 64 128 0.0529427
34 206 64 128 0.0474228
35 206 64 128 0.0410706
36 206 64 128 0.0319977
37 206 64 128 0.0290957
38 206 64 128 0.0218425
39 206 64 128 0.0135951
40 206 64 128 0.0163847
45 206 64 128 0.0112169
0 207 64 128 0.123594
1 207 64 128 0.112184
2 207 64 128 0.0832933
3 207 64 128 0.0649584
4 207 64 128 0.0580345
5 207 64 128 0.0440824
6 207 64 128 0.0366823
7 207 64 128 0.0320309
8 207 64 128 0.0236542
9 207 64 128 0.0154361
10 207 64 128 0.0128101
13 207 64 128 0.0102622
14 207 64 128 0.0124272
15 207 64 128 0.0197718
16 207 64 128 0.0212517
17 207 64 128 0.0243405
18 207 64 128 0.0235227
19 207 64 128 0.0225495
20 207 64 128 0.0320088
21 207 64 128 0.0413488
22 207 64 128 0.0580099
23 207 64 128 0.0752271
24 207 64 128 0.0835552
25 207 64 128 0.0862904
26 207 64 128 0.0901578
27 207 64 128 0.0834691
28 207 64 128 0.0709075
29 207 64 128 0.0582928
30 207 64 128 0.0506679
31 207 64 128 0.0630693
32 207 64 128 0.0658516
33 207 64 128 0.0594591
34 207 64 128 0.0547993
35 207 64 128 0.048204
36 207 64 128 0.0389099
37 207 64 128 0.0367598
38 207 64 128 0.0282535
39 207 64 128 0.0179459
40 207 64 128 0.0210856
41 207 64 128 0.0126502
42 207 64 128 0.0111931
43 207 64 128 0.0125047
44 207 64 128 0.01113
45 207 64 128 0.0133372
0 208 64 128 0.13132
1 208 64 128 0.114613
2 208 64 128 0.0841237
3 208 64 128 0.0649366
4 208 64 128 0.0563087
5 208 64 128 0.0451955
6 208 64 128 0.0381476
7 208 64 128 0.033242
8 208 64 128 0.0248517
9 208 64 128 0.0166776
10 208 64 128 0.0142502
11 208 64 128 0.0106703
12 208 64 128 0.0109833
13 208 64 128 0.0112223
14 208 64 128 0.0133082
15 208 64 128 0.0212016
16 208 64 128 0.0227931
17 208 64 128 0.0257554
18 208 64 128 0.0240765
19 208 64 128 0.0224691
20 208 64 128 0.0328063
21 208 64 128 0.0422795
22 208 64 128 0.0566492
23 208 64 128 0.0720084
24 208 64 128 0.08116
25 208 64 128 0.0852615
26 208 64 128 0.0878301
27 208 64 128 0.0801963
28 208 64 128 0.0693875
29 208 64 128 0.0585578
30 208 64 128 0.0517787
31 208 64 128 0.070237
32 208 64 128 0.0745371
33 208 64 128 0.0675979
34 208 64 128 0.0642347
35 208 64 128 0.0575512
36 208 64 128 0.0474099
37 208 64 128 0.0472061
38 208 64 128 0.0380311
39 208 64 128 0.024646
40 208 64 128 0.0278042
41 208 64 128 0.0168759
42 208 64 128 0.01507
43 208 64 128 0.0163703
44 208 64 128 0.0138978
45 208 64 128 0.0165156
46 208 64 128 0.012844
47 208 64 128 0.0128035
48 208 64 128 0.012097
0 209 64 128 0.13872
1 209 64 128 0.118511
2 209 64 128 0.0871392
3 209 64 128 0.0663362
4 209 64 128 0.055161
5 209 64 128 0.0461976
6 209 64 128 0.039823
7 209 64 128 0.0347585
8 209 64 128 0.0261137
9 209 64 128 0.0177612
10 209 64 128 0.0154727
11 209 64 128 0.0118469
12 209 64 128 0.0120515
13 209 64 128 0.011911
14 209 64 128 0.0138466
15 209 64 128 0.0223571
16 209 64 128 0.0241365
17 209 64 128 0.0264876
18 209 64 128 0.0241602
19 209 64 128 0.0221164
20 209 64 128 0.0325872
21 209 64 128 0.0435761
22 209 64 128 0.0555365
23 209 64 128 0.0686878
24 209 64 128 0.0781705
25 209 64 128 0.0818241
26 209 64 128 0.0843851
27 209 64 128 0.0761445
28 209 64 128 0.0669016
29 209 64 128 0.058842
30 209 64 128 0.0538531
31 209 64 128 0.0781477
32 209 64 128 0.0831143
33 209 64 128 0.0753182
34 209 64 128 0.0741488
35 209 64 128 0.0686615
36 209 64 128 0.0574582
37 209 64 128 0.0583425
38 209 64 128 0.0482903
39 209 64 128 0.0321303
40 209 64 128 0.0352571
41 209 64 128 0.0219105
42 209 64 128 0.0206653
43 209 64 128 0.0219027
44 209 64 128 0.0175587
45 209 64 128 0.0207922
46 209 64 128 0.0160561
47 209 64 128 0.0156643
48 209 64 128 0.0146849
0 210 64 128 0.148112
1 210 64 128 0.128812
2 210 64 128 0.0955614
3 210 64 128 0.0714411
4 210 64 128 0.0581614
5 210 64 128 0.0483636
6 210 64 128 0.0427701
7 210 64 128 0.0373604
8 210 64 128 0.0277662
9 210 64 128 0.0189084
10 210 64 128 0.0163957
11 210 64 128 0.0131395
12 210 64 128 0.0131035
13 210 64 128 0.0122685
14 210 64 128 0.0140712
15 210 64 128 0.0232547
16 210 64 128 0.0253625
17 210 64 128 0.0265818
18 210 64 128 0.0238038
19 210 64 128 0.0215168
20 210 64 128 0.0311226
21 210 64 128 0.0448871
22 210 64 128 0.0559398
23 210 64 128 0.0674003
24 210 64 128 0.0760392
25 210 64 128 0.0774802
26 210 64 128 0.0818657
27 210 64 128 0.0738831
28 210 64 128 0.0656237
29 210 64 128 0.0606531
30 210 64 128 0.0580532
31 210 64 128 0.0858916
32 210 64 128 0.0899328
33 210 64 128 0.0817221
34 210 64 128 0.084144
35 210 64 128 0.0814512
36 210 64 128 0.0703986
37 210 64 128 0.0707139
38 210 64 128 0.0586429
39 210 64 128 0.04046
40 210 64 128 0.0434441
41 210 64 128 0.0279504
42 210 64 128 0.0287795
43 210 64 128 0.030058
44 210 64 128 0.022702
45 210 64 128 0.026423
46 210 64 128 0.0188643
47 210 64 128 0.0175847
48 210 64 128 0.0166246
49 210 64 128 0.0106615
0 211 64 128 0.160688
1 211 64 128 0.143582
2 211 64 128 0.107715
3 211 64 128 0.0790358
4 211 64 128 0.0634089
5 211 64 128 0.0518288
6 211 64 128 0.0463399
7 211 64 128 0.0409556
8 211 64 128 0.0307101
9 211 64 128 0.0209405
10 211 64 128 0.0177148
11 211 64 128 0.0145044
12 211 64 128 0.0142466
13 211 64 128 0.0129645
14 211 64 128 0.0146779
15 211 64 128 0.0243629
16 211 64 128 0.0271097
17 211 64 128 0.0270593
18 211 64 128 0.0235445
19 211 64 128 0.021233
20 211 64 128 0.0300987
21 211 64 128 0.0457048
22 211 64 128 0.0562936
23 211 64 128 0.0661475
24 211 64 128 0.0730949
25 211 64 128 0.0723052
26 211 64 128 0.0781691
27 211 64 128 0.0712289
28 211 64 128 0.0642946
29 211 64 128 0.061547
30 211 64 128 0.0603338
31 211 64 128 0.0900834
32 211 64 128 0.0943217
33 211 64 128 0.0895245
34 211 64 128 0.0974624
35 211 64 128 0.0970879
36 211 64 128 0.0912388
37 211 64 128 0.0923327
38 211 64 128 0.0760549
39 211 64 128 0.0543898
40 211 64 128 0.056058
41 211 64 128 0.0372141
42 211 64 128 0.0409155
43 211 64 128 0.0428505
44 211 64 128 0.031318
45 211 64 128 0.0342991
46 211 64 128 0.0232119
47 211 64 128 0.0199633
48 211 64 128 0.0186194
49 211 64 128 0.0120975
50 211 64 128 0.010238
0 212 64 128 0.176731
1 212 64 128 0.16005
2 212 64 128 0.121153
3 212 64 128 0.0874665
4 212 64 128 0.0688358
5 212 64 128 0.0564295
6 212 64 128 0.0499045
7 212 64 128 0.0453199
8 212 64 128 0.0354471
9 212 64 128 0.0243502
10 212 64 128 0.0199407
11 212 64 128 0.0158985
12 212 64 128 0.0155765
13 212 64 128 0.014536
14 212 64 128 0.0162426
15 212 64 128 0.0261071
16 212 64 128 0.0297768
17 212 64 128 0.0286979
18 212 64 128 0.0238874
19 212 64 128 0.0217469
20 212 64 128 0.0309057
21 212 64 128 0.0457362
22 212 64 128 0.0551755
23 212 64 128 0.0630766
24 212 64 128 0.0680679
25 212 64 128 0.0666168
26 212 64 128 0.0718692
27 212 64 128 0.0664546
28 212 64 128 0.0620345
29 212 64 128 0.0600106
30 212 64 128 0.0579528
31 212 64 128 0.0890123
32 212 64 128 0.0966316
33 212 64 128 0.100831
34 212 64 128 0.116236
35 212 64 128 0.116592
36 212 64 128 0.123268
37 212 64 128 0.129399
38 212 64 128 0.106499
39 212 64 128 0.0780448
40 212 64 128 0.0768556
41 212 64 128 0.0517831
42 212 64 128 0.0583247
43 212 64 128 0.0618093
44 212 64 128 0.0447035
45 212 64 128 0.0450166
46 212 64 128 0.0305673
47 212 64 128 0.0240843
48 212 64 128 0.0214778
49 212 64 128 0.0149021
50 212 64 128 0.0122148
0 213 64 128 0.193525
1 213 64 128 0.176558
2 213 64 128 0.1335
3 213 64 128 0.0955978
4 213 64 128 0.0753184
5 213 64 128 0.0615315
6 213 64 128 0.0540597
7 213 64 128 0.0502672
8 213 64 128 0.040457
9 213 64 128 0.0278816
10 213 64 128 0.0223077
11 213 64 128 0.0172877
12 213 64 128 0.0170276
13 213 64 128 0.0164919
14 213 64 128 0.0184069
15 213 64 128 0.0284358
16 213 64 128 0.0324064
17 213 64 128 0.0306275
18 213 64 128 0.0248678
19 213 64 128 0.0228509
20 213 64 128 0.032449
21 213 64 128 0.0456765
22 213 64 128 0.0536297
23 213 64 128 0.0596747
24 213 64 128 0.0634106
25 213 64 128 0.0626752
26 213 64 128 0.0670713
27 213 64 128 0.0628584
28 213 64 128 0.0618004
29 213 64 128 0.0609772
30 213 64 128 0.0569759
31 213 64 128 0.089491
32 213 64 128 0.100762
33 213 64 128 0.112849
34 213 64 128 0.135624
35 213 64 128 0.139547
36 213 64 128 0.160285
37 213 64 128 0.175714
38 213 64 128 0.146988
39 213 64 128 0.10985
40 213 64 128 0.107408
41 213 64 128 0.0718352
42 213 64 128 0.0807603
43 213 64 128 0.0857679
44 213 64 128 0.0603763
45 213 64 128 0.0575392
46 213 64 128 0.0388158
47 213 64 128 0.0293585
48 213 64 128 0.0255914
49 213 64 128 0.0181447
50 213 64 128 0.0144772
0 214 64 128 0.208404
1 214 64 128 0.191948
2 214 64 128 0.142764
3 214 64 128 0.102516
4 214 64 128 0.0840001
5 214 64 128 0.0664509
6 214 64 128 0.0594827
7 214 64 128 0.0556261
8 214 64 128 0.044142
9 214 64 128 0.0302493
10 214 64 128 0.0240021
11 214 64 128 0.0187368
12 214 64 128 0.0186065
13 214 64 128 0.0182758
14 214 64 128 0.0207072
15 214 64 128 0.0312386
16 214 64 128 0.0339978
17 214 64 128 0.0318309
18 214 64 128 0.0263968
19 214 64 128 0.0242019
20 214 64 128 0.0333165
21 214 64 128 0.0462929
22 214 64 128 0.0530783
23 214 64 128 0.0579089
24 214 64 128 0.0618486
25 214 64 128 0.0626012
26 214 64 128 0.0681418
27 214 64 128 0.0640662
28 214 64 128 0.0665701
29 214 64 128 0.0695177
30 214 64 128 0.0641673
31 214 64 128 0.0990269
32 214 64 128 0.110955
33 214 64 128 0.12287
34 214 64 128 0.150827
35 214 64 128 0.165565
36 214 64 128 0.195647
37 214 64 128 0.223254
38 214 64 128 0.19281
39 214 64 128 0.147604
40 214 64 128 0.148297
41 214 64 128 0.0971824
42 214 64 128 0.107572
43 214 64 128 0.112907
44 214 64 128 0.0755675
45 214 64 128 0.0707683
46 214 64 128 0.045614
47 214 64 128 0.0349365
48 214 64 128 0.0311036
49 214 64 128 0.0206518
50 214 64 128 0.0164866
0 215 64 128 0.224109
1 215 64 128 0.206436
2 215 64 128 0.149315
3 215 64 128 0.107883
4 215 64 128 0.0928198
5 215 64 128 0.0709714
6 215 64 128 0.065328
7 215 64 128 0.0612587
8 215 64 128 0.0477979
9 215 64 128 0.0329151
10 215 64 128 0.0260428
11 215 64 128 0.0209446
12 215 64 128 0.0210639
13 215 64 128 0.0206349
14 215 64 128 0.0235628
15 215 64 128 0.0348215
16 215 64 128 0.0355472
17 215 64 128 0.0331039
18 215 64 128 0.0283637
19 215 64 128 0.0257275
20 215 64 128 0.0341992
21 215 64 128 0.0471618
22 215 64 128 0.0532649
23 215 64 128 0.0572692
24 215 64 128 0.061633
25 215 64 128 0.0643303
26 215 64 128 0.0718457
27 215 64 128 0.0673954
28 215 64 128 0.0729992
29 215 64 128 0.0807538
30 215 64 128 0.0760405
31 215 64 128 0.115329
32 215 64 128 0.127719
33 215 64 128 0.136967
34 215 64 128 0.169085
35 215 64 128 0.196832
36 215 64 128 0.235808
37 215 64 128 0.272935
38 215 64 128 0.243043
39 215 64 128 0.194597
40 215 64 128 0.197297
41 215 64 128 0.128446
42 215 64 128 0.137994
43 215 64 128 0.14167
44 215 64 128 0.0919896
45 215 64 128 0.0859464
46 215 64 128 0.0531531
47 215 64 128 0.0414183
48 215 64 128 0.0372299
49 215 64 128 0.0227358
50 215 64 128 0.0189091
0 216 64 128 0.245207
1 216 64 128 0.220911
2 216 64 128 0.154662
3 216 64 128 0.111842
4 216 64 128 0.0988248
5 216 64 128 0.0751658
6 216 64 128 0.0703536
7 216 64 128 0.0670912
8 216 64 128 0.0536248
9 216 64 128 0.0381362
10 216 64 128 0.0299857
11 216 64 128 0.0247198
12 216 64 128 0.0252889
13 216 64 128 0.0246854
14 216 64 128 0.0276515
15 216 64 128 0.0395786
16 216 64 128 0.038668
17 216 64 128 0.0357927
18 216 64 128 0.0306231
19 216 64 128 0.0274272
20 216 64 128 0.0364209
21 216 64 128 0.0474539
22 216 64 128 0.0533194
23 216 64 128 0.056353
24 216 64 128 0.0595166
25 216 64 128 0.0643727
26 216 64 128 0.0723988
27 216 64 128 0.0680141
28 216 64 128 0.0756713
29 216 64 128 0.0865953
30 216 64 128 0.0855504
31 216 64 128 0.132419
32 216 64 128 0.14974
33 216 64 128 0.163519
34 216 64 128 0.201131
35 216 64 128 0.236033
36 216 64 128 0.290971
37 216 64 128 0.32867
38 216 64 128 0.298057
39 216 64 128 0.255252
40 216 64 128 0.250832
41 216 64 128 0.166156
42 216 64 128 0.171102
43 216 64 128 0.170595
44 216 64 128 0.112703
45 216 64 128 0.104955
46 216 64 128 0.0649425
47 216 64 128 0.0497834
48 216 64 128 0.0429097
49 216 64 128 0.0252142
50 216 64 128 0.022723
0 217 64 128 0.27247
1 217 64 128 0.237523
2 217 64 128 0.162305
3 217 64 128 0.1172
4 217 64 128 0.103404
5 217 64 128 0.0802044
6 217 64 128 0.0756821
7 217 64 128 0.0736003
8 217 64 128 0.0609802
9 217 64 128 0.044781
10 217 64 128 0.0351993
11 217 64 128 0.0292829
12 217 64 128 0.0304169
13 217 64 128 0.0298475
14 217 64 128 0.0325921
15 217 64 128 0.0450368
16 217 64 128 0.042932
17 217 64 128 0.0392853
18 217 64 128 0.0327537
19 217 64 128 0.0288921
20 217 64 128 0.038974
21 217 64 128 0.0471418
22 217 64 128 0.0530471
23 217 64 128 0.0548995
24 217 64 128 0.055559
25 217 64 128 0.0620632
26 217 64 128 0.0695908
27 217 64 128 0.0653566
28 217 64 128 0.0743302
29 217 64 128 0.087604
30 217 64 128 0.0918531
31 217 64 128 0.147115
32 217 64 128 0.172248
33 217 64 128 0.197418
34 217 64 128 0.243016
35 217 64 128 0.279915
36 217 64 128 0.354765
37 217 64 128 0.387826
38 217 64 128 0.355677
39 217 64 128 0.322254
40 217 64 128 0.302895
41 217 64 128 0.206288
42 217 64 128 0.204788
43 217 64 128 0.198127
44 217 64 128 0.135798
45 217 64 128 0.126366
46 217 64 128 0.0789596
47 217 64 128 0.0587869
48 217 64 128 0.0481395
49 217 64 128 0.0278838
50 217 64 128 0.0270268
51 217 64 128 0.0112522
0 218 64 128 0.304124
1 218 64 128 0.258903
2 218 64 128 0.176582
3 218 64 128 0.128058
4 218 64 128 0.110398
5 218 64 128 0.0877718
6 218 64 128 0.0837179
7 218 64 128 0.0815241
8 218 64 128 0.0675639
9 218 64 128 0.0497831
10 218 64 128 0.039777
11 218 64 128 0.0329537
12 218 64 128 0.0345831
13 218 64 128 0.0345436
14 218 64 128 0.0373642
15 218 64 128 0.0501995
16 218 64 128 0.046704
17 218 64 128 0.041838
18 218 64 128 0.0341983
19 218 64 128 0.0295046
20 218 64 128 0.0395366
21 218 64 128 0.0466757
22 218 64 128 0.0526579
23 218 64 128 0.0533518
24 218 64 128 0.0518177
25 218 64 128 0.0584851
26 218 64 128 0.0665431
27 218 64 128 0.061462
28 218 64 128 0.0718341
29 218 64 128 0.0894109
30 218 64 128 0.0977601
31 218 64 128 0.158035
32 218 64 128 0.188681
33 218 64 128 0.225837
34 218 64 128 0.282285
35 218 64 128 0.321857
36 218 64 128 0.411219
37 218 64 128 0.443957
38 218 64 128 0.412272
39 218 64 128 0.381627
40 218 64 128 0.346349
41 218 64 128 0.242282
42 218 64 128 0.236272
43 218 64 128 0.222678
44 218 64 128 0.156462
45 218 64 128 0.146795
46 218 64 128 0.090023
47 218 64 128 0.0659001
48 218 64 128 0.0534786
49 218 64 128 0.0299368
50 218 64 128 0.0298326
51 218 64 128 0.0122506
0 219 64 128 0.334179
1 219 64 128 0.281841
2 219 64 128 0.194112
3 219 64 128 0.141632
4 219 64 128 0.119297
5 219 64 128 0.0963655
6 219 64 128 0.0934494
7 219 64 128 0.0900711
8 219 64 128 0.0728798
9 219 64 128 0.05304
10 219 64 128 0.043211
11 219 64 128 0.0355462
12 219 64 128 0.0374761
13 219 64 128 0.0380844
14 219 64 128 0.0411792
15 219 64 128 0.0542625
16 219 64 128 0.0493088
17 219 64 128 0.0431402
18 219 64 128 0.0350659
19 219 64 128 0.029489
20 219 64 128 0.0381621
21 219 64 128 0.0461887
22 219 64 128 0.0521321
23 219 64 128 0.0521699
24 219 64 128 0.0496152
25 219 64 128 0.0549194
26 219 64 128 0.0644331
27 219 64 128 0.0579688
28 219 64 128 0.0698418
29 219 64 128 0.0926089
30 219 64 128 0.10288
31 219 64 128 0.165296
32 219 64 128 0.199054
33 219 64 128 0.247262
34 219 64 128 0.316989
35 219 64 128 0.3608
36 219 64 128 0.456266
37 219 64 128 0.494896
38 219 64 128 0.46639
39 219 64 128 0.430397
40 219 64 128 0.381231
41 219 64 128 0.272854
42 219 64 128 0.263876
43 219 64 128 0.243164
44 219 64 128 0.173017
45 219 64 128 0.164491
46 219 64 128 0.0977829
47 219 64 128 0.0702606
48 219 64 128 0.0577399
49 219 64 128 0.0310309
50 219 64 128 0.0305328
51 219 64 128 0.0128077
0 220 64 128 0.352935
1 220 64 128 0.297823
2 220 64 128 0.204535
3 220 64 128 0.14892
4 220 64 128 0.125604
5 220 64 128 0.101604
6 220 64 128 0.100746
7 220 64 128 0.0970551
8 220 64 128 0.0780861
9 220 64 128 0.0571523
10 220 64 128 0.0462832
11 220 64 128 0.0382397
12 220 64 128 0.0402116
13 220 64 128 0.0406174
14 220 64 128 0.0434889
15 220 64 128 0.0566252
16 220 64 128 0.0509695
17 220 64 128 0.0442003
18 220 64 128 0.0360651
19 220 64 128 0.0298253
20 220 64 128 0.0370762
21 220 64 128 0.0455147
22 220 64 128 0.0512318
23 220 64 128 0.0517985
24 220 64 128 0.0495376
25 220 64 128 0.0527711
26 220 64 128 0.0626035
27 220 64 128 0.056083
28 220 64 128 0.0688527
29 220 64 128 0.0931563
30 220 64 128 0.1039
31 220 64 128 0.170357
32 220 64 128 0.209371
33 220 64 128 0.270513
34 220 64 128 0.354736
35 220 64 128 0.400707
36 220 64 128 0.496776
37 220 64 128 0.542403
38 220 64 128 0.518533
39 220 64 128 0.475623
40 220 64 128 0.414023
41 220 64 128 0.301484
42 220 64 128 0.286899
43 220 64 128 0.258937
44 220 64 128 0.18666
45 220 64 128 0.179182
46 220 64 128 0.10629
47 220 64 128 0.0725567
48 220 64 128 0.0581776
49 220 64 128 0.0312596
50 220 64 128 0.029802
51 220 64 128 0.0128725
0 221 64 128 0.356731
1 221 64 128 0.30229
2 221 64 128 0.203897
3 221 64 128 0.147101
4 221 64 128 0.127098
5 221 64 128 0.101895
6 221 64 128 0.103444
7 221 64 128 0.101044
8 221 64 128 0.0830525
9 221 64 128 0.0623827
10 221 64 128 0.0491003
11 221 64 128 0.04118
12 221 64 128 0.0431543
13 221 64 128 0.0425388
14 221 64 128 0.0445655
15 221 64 128 0.0575323
16 221 64 128 0.0518482
17 221 64 128 0.0452898
18 221 64 128 0.0371679
19 221 64 128 0.0305057
20 221 64 128 0.0370515
21 221 64 128 0.0444278
22 221 64 128 0.0496457
23 221 64 128 0.0517477
24 221 64 128 0.050714
25 221 64 128 0.0519143
26 221 64 128 0.0604075
27 221 64 128 0.0557345
28 221 64 128 0.0687846
29 221 64 128 0.0902515
30 221 64 128 0.100991
31 221 64 128 0.17423
32 221 64 128 0.221459
33 221 64 128 0.295952
34 221 64 128 0.392922
35 221 64 128 0.438992
36 221 64 128 0.53294
37 221 64 128 0.58524
38 221 64 128 0.565977
39 221 64 128 0.515953
40 221 64 128 0.443487
41 221 64 128 0.326112
42 221 64 128 0.302537
43 221 64 128 0.268286
44 221 64 128 0.196463
45 221 64 128 0.188557
46 221 64 128 0.115557
47 221 64 128 0.0734072
48 221 64 128 0.0545577
49 221 64 128 0.0306849
50 221 64 128 0.028164
51 221 64 128 0.0125009
0 222 64 128 0.350391
1 222 64 128 0.296399
2 222 64 128 0.197396
3 222 64 128 0.142171
4 222 64 128 0.124901
5 222 64 128 0.0996266
6 222 64 128 0.102253
7 222 64 128 0.10172
8 222 64 128 0.0857956
9 222 64 128 0.0656473
10 222 64 128 0.0507757
11 222 64 128 0.0430259
12 222 64 128 0.0455648
13 222 64 128 0.0445389
14 222 64 128 0.045791
15 222 64 128 0.0583767
16 222 64 128 0.0519765
17 222 64 128 0.0456008
18 222 64 128 0.0373071
19 222 64 128 0.030131
20 222 64 128 0.0367541
21 222 64 128 0.0426381
22 222 64 128 0.0469766
23 222 64 128 0.0502497
24 222 64 128 0.0503165
25 222 64 128 0.0501202
26 222 64 128 0.0573114
27 222 64 128 0.0551245
28 222 64 128 0.0688161
29 222 64 128 0.0877783
30 222 64 128 0.0992481
31 222 64 128 0.177229
32 222 64 128 0.231112
33 222 64 128 0.31182
34 222 64 128 0.41447
35 222 64 128 0.463863
36 222 64 128 0.555241
37 222 64 128 0.617864
38 222 64 128 0.601481
39 222 64 128 0.538011
40 222 64 128 0.457479
41 222 64 128 0.336861
42 222 64 128 0.305077
43 222 64 128 0.268035
44 222 64 128 0.198443
45 222 64 128 0.187449
46 222 64 128 0.119832
47 222 64 128 0.0732518
48 222 64 128 0.0501729
49 222 64 128 0.0293039
50 222 64 128 0.0258691
51 222 64 128 0.0118882
0 223 64 128 0.337404
1 223 64 128 0.281997
2 223 64 128 0.188585
3 223 64 128 0.137623
4 223 64 128 0.119977
5 223 64 128 0.096533
6 223 64 128 0.0983655
7 223 64 128 0.0992919
8 223 64 128 0.0851246
9 223 64 128 0.0651298
10 223 64 128 0.0507116
11 223 64 128 0.0431972
12 223 64 128 0.0469506
13 223 64 128 0.0466272
14 223 64 128 0.0476903
15 223 64 128 0.0598943
16 223 64 128 0.0513953
17 223 64 128 0.0446486
18 223 64 128 0.036042
19 223 64 128 0.0281795
20 223 64 128 0.0354032
21 223 64 128 0.040277
22 223 64 128 0.0435151
23 223 64 128 0.0467258
24 223 64 128 0.0471008
25 223 64 128 0.046582
26 223 64 128 0.0534617
27 223 64 128 0.0533193
28 223 64 128 0.0684299
29 223 64 128 0.088111
30 223 64 128 0.101813
31 223 64 128 0.179693
32 223 64 128 0.235594
33 223 64 128 0.312957
34 223 64 128 0.413499
35 223 64 128 0.471592
36 223 64 128 0.561855
37 223 64 128 0.638
38 223 64 128 0.621199
39 223 64 128 0.537057
40 223 64 128 0.451571
41 223 64 128 0.331103
42 223 64 128 0.294865
43 223 64 128 0.258913
44 223 64 128 0.191998
45 223 64 128 0.17538
46 223 64 128 0.116247
47 223 64 128 0.0719049
48 223 64 128 0.046898
49 223 64 128 0.0271633
50 223 64 128 0.0231515
51 223 64 128 0.0111191
0 224 64 128 0.317197
1 224 64 128 0.261505
2 224 64 128 0.176205
3 224 64 128 0.130426
4 224 64 128 0.112463
5 224 64 128 0.0923808
6 224 64 128 0.0935491
7 224 64 128 0.094896
8 224 64 128 0.0817769
9 224 64 128 0.0621571
10 224 64 128 0.049062
11 224 64 128 0.0429216
12 224 64 128 0.0475006
13 224 64 128 0.0473524
14 224 64 128 0.048837
15 224 64 128 0.0612795
16 224 64 128 0.0501851
17 224 64 128 0.0427848
18 224 64 128 0.0343926
19 224 64 128 0.0261653
20 224 64 128 0.0336882
21 224 64 128 0.0383615
22 224 64 128 0.0409947
23 224 64 128 0.0432646
24 224 64 128 0.0434125
25 224 64 128 0.0437702
26 224 64 128 0.0504022
27 224 64 128 0.0514451
28 224 64 128 0.0678526
29 224 64 128 0.0897734
30 224 64 128 0.10701
31 224 64 128 0.182104
32 224 64 128 0.236153
33 224 64 128 0.30976
34 224 64 128 0.409596
35 224 64 128 0.476631
36 224 64 128 0.56843
37 224 64 128 0.650823
38 224 64 128 0.629036
39 224 64 128 0.528134
40 224 64 128 0.439027
41 224 64 128 0.322466
42 224 64 128 0.285293
43 224 64 128 0.249988
44 224 64 128 0.18403
45 224 64 128 0.162059
46 224 64 128 0.108805
47 224 64 128 0.0679069
48 224 64 128 0.0431247
49 224 64 128 0.024424
50 224 64 128 0.0202528
51 224 64 128 0.0100272
0 225 64 128 0.291932
1 225 64 128 0.238752
2 225 64 128 0.160433
3 225 64 128 0.119004
4 225 64 128 0.103094
5 225 64 128 0.0874345
6 225 64 128 0.0894482
7 225 64 128 0.0898727
8 225 64 128 0.0770528
9 225 64 128 0.0584877
10 225 64 128 0.0463826
11 225 64 128 0.043185
12 225 64 128 0.0474277
13 225 64 128 0.0458425
14 225 64 128 0.0481938
15 225 64 128 0.0616428
16 225 64 128 0.0484253
17 225 64 128 0.0403937
18 225 64 128 0.0331057
19 225 64 128 0.0252399
20 225 64 128 0.0322654
21 225 64 128 0.0375831
22 225 64 128 0.0404901
23 225 64 128 0.0414387
24 225 64 128 0.0411531
25 225 64 128 0.0433031
26 225 64 128 0.0490203
27 225 64 128 0.0502999
28 225 64 128 0.0671625
29 225 64 128 0.0909415
30 225 64 128 0.112261
31 225 64 128 0.184202
32 225 64 128 0.234132
33 225 64 128 0.309846
34 225 64 128 0.415653
35 225 64 128 0.487691
36 225 64 128 0.585332
37 225 64 128 0.660102
38 225 64 128 0.628796
39 225 64 128 0.523619
40 225 64 128 0.430277
41 225 64 128 0.320595
42 225 64 128 0.285586
43 225 64 128 0.247518
44 225 64 128 0.179395
45 225 64 128 0.15491
46 225 64 128 0.101309
47 225 64 128 0.0605544
48 225 64 128 0.0375681
49 225 64 128 0.0212768
50 225 64 128 0.0173859
0 226 64 128 0.274232
1 226 64 128 0.22189
2 226 64 128 0.148004
3 226 64 128 0.109122
4 226 64 128 0.0948701
5 226 64 128 0.0843541
6 226 64 128 0.08708
7 226 64 128 0.0858434
8 226 64 128 0.0732922
9 226 64 128 0.0560073
10 226 64 128 0.0442239
11 226 64 128 0.0434655
12 226 64 128 0.0467498
13 226 64 128 0.0436814
14 226 64 128 0.0467644
15 226 64 128 0.0604441
16 226 64 128 0.0461773
17 226 64 128 0.0376286
18 226 64 128 0.0314578
19 226 64 128 0.0245661
20 226 64 128 0.0310924
21 226 64 128 0.0372267
22 226 64 128 0.0403706
23 226 64 128 0.0400834
24 226 64 128 0.039348
25 226 64 128 0.0427333
26 226 64 128 0.0475227
27 226 64 128 0.0487946
28 226 64 128 0.0656593
29 226 64 128 0.0902179
30 226 64 128 0.114017
31 226 64 128 0.183271
32 226 64 128 0.229574
33 226 64 128 0.30559
34 226 64 128 0.412719
35 226 64 128 0.487667
36 226 64 128 0.598871
37 226 64 128 0.662074
38 226 64 128 0.620854
39 226 64 128 0.519328
40 226 64 128 0.419501
41 226 64 128 0.315737
42 226 64 128 0.286285
43 226 64 128 0.245349
44 226 64 128 0.173344
45 226 64 128 0.149885
46 226 64 128 0.0941579
47 226 64 128 0.0520954
48 226 64 128 0.0313878
49 226 64 128 0.0179638
50 226 64 128 0.014667
0 227 64 128 0.274376
1 227 64 128 0.217192
2 227 64 128 0.144705
3 227 64 128 0.106144
4 227 64 128 0.0903503
5 227 64 128 0.0851618
6 227 64 128 0.0867594
7 227 64 128 0.0838197
8 227 64 128 0.0722001
9 227 64 128 0.0559939
10 227 64 128 0.0438622
11 227 64 128 0.0431045
12 227 64 128 0.0455232
13 227 64 128 0.042579
14 227 64 128 0.0457442
15 227 64 128 0.0574735
16 227 64 128 0.0435206
17 227 64 128 0.0346423
18 227 64 128 0.0287727
19 227 64 128 0.0232245
20 227 64 128 0.0300235
21 227 64 128 0.0364671
22 227 64 128 0.0389065
23 227 64 128 0.0378482
24 227 64 128 0.0368111
25 227 64 128 0.0396191
26 227 64 128 0.0441701
27 227 64 128 0.0458654
28 227 64 128 0.062787
29 227 64 128 0.0868196
30 227 64 128 0.109738
31 227 64 128 0.17688
32 227 64 128 0.222498
33 227 64 128 0.289653
34 227 64 128 0.382805
35 227 64 128 0.460552
36 227 64 128 0.594267
37 227 64 128 0.652918
38 227 64 128 0.605351
39 227 64 128 0.508627
40 227 64 128 0.399647
41 227 64 128 0.297573
42 227 64 128 0.276761
43 227 64 128 0.236406
44 227 64 128 0.160706
45 227 64 128 0.141518
46 227 64 128 0.086912
47 227 64 128 0.044887
48 227 64 128 0.026031
49 227 64 128 0.0147678
50 227 64 128 0.0122189
0 228 64 128 0.279912
1 228 64 128 0.21689
2 228 64 128 0.144727
3 228 64 128 0.105849
4 228 64 128 0.0875021
5 228 64 128 0.0861599
6 228 64 128 0.0858584
7 228 64 128 0.0814117
8 228 64 128 0.0711745
9 228 64 128 0.0564907
10 228 64 128 0.0441542
11 228 64 128 0.0422948
12 228 64 128 0.0442026
13 228 64 128 0.0423639
14 228 64 128 0.0452107
15 228 64 128 0.0538507
16 228 64 128 0.0406451
17 228 64 128 0.0318219
18 228 64 128 0.0261269
19 228 64 128 0.0219209
20 228 64 128 0.0291026
21 228 64 128 0.0353639
22 228 64 128 0.0366426
23 228 64 128 0.0352448
24 228 64 128 0.0342325
25 228 64 128 0.0357276
26 228 64 128 0.0402523
27 228 64 128 0.0425181
28 228 64 128 0.0595269
29 228 64 128 0.0826624
30 228 64 128 0.103029
31 228 64 128 0.166569
32 228 64 128 0.214132
33 228 64 128 0.271817
34 228 64 128 0.345574
35 228 64 128 0.422512
36 228 64 128 0.575897
37 228 64 128 0.636264
38 228 64 128 0.584774
39 228 64 128 0.489392
40 228 64 128 0.374106
41 228 64 128 0.272846
42 228 64 128 0.25963
43 228 64 128 0.221681
44 228 64 128 0.144028
45 228 64 128 0.128891
46 228 64 128 0.0783396
47 228 64 128 0.038809
48 228 64 128 0.0219008
49 228 64 128 0.0121255
50 228 64 128 0.0102951
0 229 64 128 0.273777
1 229 64 128 0.210321
2 229 64 128 0.139777
3 229 64 128 0.101907
4 229 64 128 0.0832951
5 229 64 128 0.0826521
6 229 64 128 0.0814704
7 229 64 128 0.0758325
8 229 64 128 0.0669282
9 229 64 128 0.054948
10 229 64 128 0.043438
11 229 64 128 0.0414916
12 229 64 128 0.0433315
13 229 64 128 0.0423351
14 229 64 128 0.0448854
15 229 64 128 0.0509502
16 229 64 128 0.0377765
17 229 64 128 0.0295976
18 229 64 128 0.0249537
19 229 64 128 0.0217124
20 229 64 128 0.0284415
21 229 64 128 0.0342329
22 229 64 128 0.0347255
23 229 64 128 0.0332819
24 229 64 128 0.0327602
25 229 64 128 0.033802
26 229 64 128 0.0377729
27 229 64 128 0.0402328
28 229 64 128 0.0572009
29 229 64 128 0.0802091
30 229 64 128 0.098838
31 229 64 128 0.155116
32 229 64 128 0.205781
33 229 64 128 0.265065
34 229 64 128 0.329014
35 229 64 128 0.397645
36 229 64 128 0.553847
37 229 64 128 0.617607
38 229 64 128 0.56225
39 229 64 128 0.461739
40 229 64 128 0.348956
41 229 64 128 0.2523
42 229 64 128 0.240977
43 229 64 128 0.204371
44 229 64 128 0.127837
45 229 64 128 0.112715
46 229 64 128 0.0672887
47 229 64 128 0.0330494
48 229 64 128 0.0189964
49 229 64 128 0.0104329
0 230 64 128 0.260578
1 230 64 128 0.199833
2 230 64 128 0.131547
3 230 64 128 0.0957331
4 230 64 128 0.0785214
5 230 64 128 0.0767357
6 230 64 128 0.0761244
7 230 64 128 0.0699634
8 230 64 128 0.0618457
9 230 64 128 0.0524235
10 230 64 128 0.0421324
11 230 64 128 0.0410742
12 230 64 128 0.0431396
13 230 64 128 0.0423643
14 230 64 128 0.0444913
15 230 64 128 0.0487596
16 230 64 128 0.0351422
17 230 64 128 0.0281366
18 230 64 128 0.0250266
19 230 64 128 0.0222823
20 230 64 128 0.0282155
21 230 64 128 0.0331843
22 230 64 128 0.0332925
23 230 64 128 0.0321776
24 230 64 128 0.032391
25 230 64 128 0.0335815
26 230 64 128 0.0366599
27 230 64 128 0.0389625
28 230 64 128 0.055902
29 230 64 128 0.0793429
30 230 64 128 0.097043
31 230 64 128 0.145056
32 230 64 128 0.196212
33 230 64 128 0.26381
34 230 64 128 0.330853
35 230 64 128 0.39101
36 230 64 128 0.535001
37 230 64 128 0.598255
38 230 64 128 0.540011
39 230 64 128 0.432382
40 230 64 128 0.325036
41 230 64 128 0.234851
42 230 64 128 0.220726
43 230 64 128 0.184703
44 230 64 128 0.112747
45 230 64 128 0.0952063
46 230 64 128 0.0553424
47 230 64 128 0.0275939
48 230 64 128 0.0167242
0 231 64 128 0.254679
1 231 64 128 0.193678
2 231 64 128 0.126285
3 231 64 128 0.0922581
4 231 64 128 0.0756928
5 231 64 128 0.0735363
6 231 64 128 0.0746375
7 231 64 128 0.0690193
8 231 64 128 0.0607066
9 231 64 128 0.0515499
10 231 64 128 0.0416074
11 231 64 128 0.0413547
12 231 64 128 0.0436638
13 231 64 128 0.0425888
14 231 64 128 0.0437933
15 231 64 128 0.0466341
16 231 64 128 0.0329666
17 231 64 128 0.0274522
18 231 64 128 0.0253371
19 231 64 128 0.0226855
20 231 64 128 0.0285926
21 231 64 128 0.0322387
22 231 64 128 0.03202
23 231 64 128 0.0317542
24 231 64 128 0.0325656
25 231 64 128 0.0334272
26 231 64 128 0.0358862
27 231 64 128 0.03799
28 231 64 128 0.0551677
29 231 64 128 0.0787793
30 231 64 128 0.0952859
31 231 64 128 0.138727
32 231 64 128 0.183445
33 231 64 128 0.254471
34 231 64 128 0.334636
35 231 64 128 0.398113
36 231 64 128 0.524194
37 231 64 128 0.577624
38 231 64 128 0.519663
39 231 64 128 0.410319
40 231 64 128 0.300573
41 231 64 128 0.213979
42 231 64 128 0.196045
43 231 64 128 0.161621
44 231 64 128 0.0975292
45 231 64 128 0.0791764
46 231 64 128 0.0452739
47 231 64 128 0.0228141
48 231 64 128 0.0142703
0 232 64 128 0.257302
1 232 64 128 0.19283
2 232 64 128 0.1251
3 232 64 128 0.0921281
4 232 64 128 0.07498
5 232 64 128 0.0736313
6 232 64 128 0.0762692
7 232 64 128 0.0716745
8 232 64 128 0.062597
9 232 64 128 0.0520737
10 232 64 128 0.0421707
11 232 64 128 0.042215
12 232 64 128 0.0443994
13 232 64 128 0.0429136
14 232 64 128 0.0431339
15 232 64 128 0.044658
16 232 64 128 0.0314117
17 232 64 128 0.0272165
18 232 64 128 0.0253884
19 232 64 128 0.0226734
20 232 64 128 0.0291915
21 232 64 128 0.0315894
22 232 64 128 0.0311146
23 232 64 128 0.0317485
24 232 64 128 0.0328854
25 232 64 128 0.0331606
26 232 64 128 0.0353802
27 232 64 128 0.0377677
28 232 64 128 0.0552442
29 232 64 128 0.0787107
30 232 64 128 0.0949618
31 232 64 128 0.137317
32 232 64 128 0.172718
33 232 64 128 0.239935
34 232 64 128 0.334303
35 232 64 128 0.411996
36 232 64 128 0.519565
37 232 64 128 0.55757
38 232 64 128 0.500159
39 232 64 128 0.39074
40 232 64 128 0.273405
41 232 64 128 0.188741
42 232 64 128 0.168113
43 232 64 128 0.136671
44 232 64 128 0.082243
45 232 64 128 0.0653853
46 232 64 128 0.0376109
47 232 64 128 0.0189738
48 232 64 128 0.0118381
0 233 64 128 0.260058
1 233 64 128 0.192953
2 233 64 128 0.125344
3 233 64 128 0.0928617
4 233 64 128 0.0748594
5 233 64 128 0.0742787
6 233 64 128 0.0762985
7 233 64 128 0.0719264
8 233 64 128 0.0625179
9 233 64 128 0.0516665
10 233 64 128 0.0433385
11 233 64 128 0.0432319
12 233 64 128 0.0444813
13 233 64 128 0.0430851
14 233 64 128 0.0432612
15 233 64 128 0.0434442
16 233 64 128 0.0305862
17 233 64 128 0.0268644
18 233 64 128 0.0250779
19 233 64 128 0.0225178
20 233 64 128 0.0292504
21 233 64 128 0.0315472
22 233 64 128 0.0311654
23 233 64 128 0.0318576
24 233 64 128 0.0330939
25 233 64 128 0.0336767
26 233 64 128 0.0357675
27 233 64 128 0.0395618
28 233 64 128 0.0568681
29 233 64 128 0.0803757
30 233 64 128 0.100079
31 233 64 128 0.141096
32 233 64 128 0.174236
33 233 64 128 0.23491
34 233 64 128 0.331572
35 233 64 128 0.424031
36 233 64 128 0.514432
37 233 64 128 0.541571
38 233 64 128 0.478488
39 233 64 128 0.359108
40 233 64 128 0.241312
41 233 64 128 0.162418
42 233 64 128 0.14111
43 233 64 128 0.113329
44 233 64 128 0.0679331
45 233 64 128 0.0531125
46 233 64 128 0.031241
47 233 64 128 0.0162475
48 233 64 128 0.0103609
0 234 64 128 0.260886
1 234 64 128 0.193558
2 234 64 128 0.126916
3 234 64 128 0.0942858
4 234 64 128 0.075415
5 234 64 128 0.0750459
6 234 64 128 0.0747404
7 234 64 128 0.0694956
8 234 64 128 0.0601153
9 234 64 128 0.0502881
10 234 64 128 0.0447179
11 234 64 128 0.0443885
12 234 64 128 0.0442107
13 234 64 128 0.0432846
14 234 64 128 0.0442255
15 234 64 128 0.043103
16 234 64 128 0.0303929
17 234 64 128 0.0263
18 234 64 128 0.024564
19 234 64 128 0.022461
20 234 64 128 0.0287888
21 234 64 128 0.0320989
22 234 64 128 0.0323549
23 234 64 128 0.0323803
24 234 64 128 0.033489
25 234 64 128 0.0352939
26 234 64 128 0.037139
27 234 64 128 0.0429547
28 234 64 128 0.059644
29 234 64 128 0.0833557
30 234 64 128 0.10926
31 234 64 128 0.148516
32 234 64 128 0.186583
33 234 64 128 0.24061
34 234 64 128 0.327238
35 234 64 128 0.428529
36 234 64 128 0.506461
37 234 64 128 0.527412
38 234 64 128 0.451962
39 234 64 128 0.316657
40 234 64 128 0.208263
41 234 64 128 0.139458
42 234 64 128 0.119274
43 234 64 128 0.094749
44 234 64 128 0.0561537
45 234 64 128 0.0430697
46 234 64 128 0.0261132
47 234 64 128 0.0146012
0 235 64 128 0.264969
1 235 64 128 0.198521
2 235 64 128 0.132598
3 235 64 128 0.098834
4 235 64 128 0.078525
5 235 64 128 0.0781168
6 235 64 128 0.0769113
7 235 64 128 0.0705191
8 235 64 128 0.060252
9 235 64 128 0.0504641
10 235 64 128 0.0460327
11 235 64 128 0.0461113
12 235 64 128 0.0451683
13 235 64 128 0.0441657
14 235 64 128 0.0452862
15 235 64 128 0.0431659
16 235 64 128 0.0305035
17 235 64 128 0.0259486
18 235 64 128 0.0242768
19 235 64 128 0.0226928
20 235 64 128 0.0286959
21 235 64 128 0.0328675
22 235 64 128 0.0343983
23 235 64 128 0.0342711
24 235 64 128 0.0349685
25 235 64 128 0.0376572
26 235 64 128 0.0389742
27 235 64 128 0.0456559
28 235 64 128 0.0619264
29 235 64 128 0.0853925
30 235 64 128 0.115128
31 235 64 128 0.156044
32 235 64 128 0.195414
33 235 64 128 0.243063
34 235 64 128 0.320879
35 235 64 128 0.42317
36 235 64 128 0.498229
37 235 64 128 0.506586
38 235 64 128 0.418367
39 235 64 128 0.282251
40 235 64 128 0.184994
41 235 64 128 0.12543
42 235 64 128 0.106754
43 235 64 128 0.0836159
44 235 64 128 0.0489663
45 235 64 128 0.037566
46 235 64 128 0.0233841
47 235 64 128 0.0137724
0 236 64 128 0.27422
1 236 64 128 0.208097
2 236 64 128 0.141713
3 236 64 128 0.10582
4 236 64 128 0.0832834
5 236 64 128 0.0828108
6 236 64 128 0.0830213
7 236 64 128 0.0759167
8 236 64 128 0.0637589
9 236 64 128 0.0522593
10 236 64 128 0.0465765
11 236 64 128 0.0475609
12 236 64 128 0.0469456
13 236 64 128 0.0451945
14 236 64 128 0.0453769
15 236 64 128 0.0427031
16 236 64 128 0.0303308
17 236 64 128 0.0257219
18 236 64 128 0.024105
19 236 64 128 0.0229913
20 236 64 128 0.0291545
21 236 64 128 0.0334492
22 236 64 128 0.0366368
23 236 64 128 0.037385
24 236 64 128 0.0375198
25 236 64 128 0.0401258
26 236 64 128 0.040901
27 236 64 128 0.0469341
28 236 64 128 0.0636025
29 236 64 128 0.0864788
30 236 64 128 0.115113
31 236 64 128 0.16098
32 236 64 128 0.195033
33 236 64 128 0.237501
34 236 64 128 0.313247
35 236 64 128 0.409315
36 236 64 128 0.488801
37 236 64 128 0.476572
38 236 64 128 0.379787
39 236 64 128 0.262454
40 236 64 128 0.173649
41 236 64 128 0.120675
42 236 64 128 0.10271
43 236 64 128 0.0786736
44 236 64 128 0.0459895
45 236 64 128 0.0364431
46 236 64 128 0.0230376
47 236 64 128 0.0135396
0 237 64 128 0.284468
1 237 64 128 0.216126
2 237 64 128 0.147572
3 237 64 128 0.109136
4 237 64 128 0.0839951
5 237 64 128 0.0834519
6 237 64 128 0.0843162
7 237 64 128 0.0773624
8 237 64 128 0.0642979
9 237 64 128 0.0514184
10 237 64 128 0.0449188
11 237 64 128 0.0457551
12 237 64 128 0.0457127
13 237 64 128 0.0438206
14 237 64 128 0.0429613
15 237 64 128 0.04007
16 237 64 128 0.0288783
17 237 64 128 0.0246326
18 237 64 128 0.0230128
19 237 64 128 0.0224541
20 237 64 128 0.0290956
21 237 64 128 0.033429
22 237 64 128 0.0378301
23 237 64 128 0.0396903
24 237 64 128 0.0395608
25 237 64 128 0.041642
26 237 64 128 0.0428481
27 237 64 128 0.0488182
28 237 64 128 0.0672193
29 237 64 128 0.0905131
30 237 64 128 0.115169
31 237 64 128 0.162195
32 237 64 128 0.195286
33 237 64 128 0.23581
34 237 64 128 0.307149
35 237 64 128 0.394174
36 237 64 128 0.470979
37 237 64 128 0.445376
38 237 64 128 0.345431
39 237 64 128 0.241804
40 237 64 128 0.161472
41 237 64 128 0.11673
42 237 64 128 0.0979975
43 237 64 128 0.0721431
44 237 64 128 0.04273
45 237 64 128 0.0352942
46 237 64 128 0.0229994
47 237 64 128 0.0137705
0 238 64 128 0.291823
1 238 64 128 0.218593
2 238 64 128 0.14661
3 238 64 128 0.105943
4 238 64 128 0.0784559
5 238 64 128 0.0778453
6 238 64 128 0.076922
7 238 64 128 0.0709403
8 238 64 128 0.058932
9 238 64 128 0.0463018
10 238 64 128 0.041055
11 238 64 128 0.0401073
12 238 64 128 0.0402436
13 238 64 128 0.0394104
14 238 64 128 0.038158
15 238 64 128 0.0352479
16 238 64 128 0.0261107
17 238 64 128 0.0224719
18 238 64 128 0.0207809
19 238 64 128 0.0208602
20 238 64 128 0.0280429
21 238 64 128 0.0327551
22 238 64 128 0.0374524
23 238 64 128 0.0399933
24 238 64 128 0.0400975
25 238 64 128 0.0417236
26 238 64 128 0.0445741
27 238 64 128 0.0521406
28 238 64 128 0.0733219
29 238 64 128 0.0984918
30 238 64 128 0.118824
31 238 64 128 0.160059
32 238 64 128 0.20192
33 238 64 128 0.244198
34 238 64 128 0.304411
35 238 64 128 0.383837
36 238 64 128 0.444914
37 238 64 128 0.421466
38 238 64 128 0.3231
39 238 64 128 0.213567
40 238 64 128 0.142574
41 238 64 128 0.108917
42 238 64 128 0.0880916
43 238 64 128 0.0607583
44 238 64 128 0.0370547
45 238 64 128 0.0317233
46 238 64 128 0.021996
47 238 64 128 0.0142478
48 238 64 128 0.0108934
0 239 64 128 0.294578
1 239 64 128 0.218503
2 239 64 128 0.144663
3 239 64 128 0.103033
4 239 64 128 0.0745147
5 239 64 128 0.0738734
6 239 64 128 0.0715646
7 239 64 128 0.0662064
8 239 64 128 0.0551227
9 239 64 128 0.0429787
10 239 64 128 0.038789
11 239 64 128 0.0366526
12 239 64 128 0.0367745
13 239 64 128 0.0367004
14 239 64 128 0.035417
15 239 64 128 0.0325349
16 239 64 128 0.0245408
17 239 64 128 0.0212322
18 239 64 128 0.0194934
19 239 64 128 0.0198894
20 239 64 128 0.027332
21 239 64 128 0.0323034
22 239 64 128 0.0369391
23 239 64 128 0.039693
24 239 64 128 0.0400144
25 239 64 128 0.0414552
26 239 64 128 0.0453329
27 239 64 128 0.0540183
28 239 64 128 0.0767117
29 239 64 128 0.103073
30 239 64 128 0.121375
31 239 64 128 0.15838
32 239 64 128 0.206501
33 239 64 128 0.25037
34 239 64 128 0.303863
35 239 64 128 0.380133
36 239 64 128 0.43099
37 239 64 128 0.411962
38 239 64 128 0.315288
39 239 64 128 0.198566
40 239 64 128 0.13216
41 239 64 128 0.104326
42 239 64 128 0.0822516
43 239 64 128 0.0543277
44 239 64 128 0.0338359
45 239 64 128 0.0294843
46 239 64 128 0.021292
47 239 64 128 0.0145163
48 239 64 128 0.0114711
