223 90 64 128 0.0119373
224 90 64 128 0.0125131
225 90 64 128 0.0208903
226 90 64 128 0.0116543
223 91 64 128 0.0164947
224 91 64 128 0.0196998
225 91 64 128 0.0294323
226 91 64 128 0.0157364
223 92 64 128 0.0181587
224 92 64 128 0.0277208
225 92 64 128 0.041611
226 92 64 128 0.0255995
223 93 64 128 0.0190217
224 93 64 128 0.0411306
225 93 64 128 0.0779975
226 93 64 128 0.0607413
227 93 64 128 0.0355007
228 93 64 128 0.0225962
223 94 64 128 0.0192624
224 94 64 128 0.0563214
225 94 64 128 0.130105
226 94 64 128 0.115497
227 94 64 128 0.0809174
228 94 64 128 0.0538695
229 94 64 128 0.0121653
223 95 64 128 0.0165737
224 95 64 128 0.059426
225 95 64 128 0.152849
226 95 64 128 0.15248
227 95 64 128 0.118274
228 95 64 128 0.0804152
229 95 64 128 0.0250484
230 95 64 128 0.0111162
223 96 64 128 0.0105369
224 96 64 128 0.0455631
225 96 64 128 0.127845
226 96 64 128 0.153106
227 96 64 128 0.133604
228 96 64 128 0.0941345
229 96 64 128 0.0443982
230 96 64 128 0.0189232
224 97 64 128 0.0279987
225 97 64 128 0.0913638
226 97 64 128 0.137989
227 97 64 128 0.139323
228 97 64 128 0.108038
229 97 64 128 0.0697491
230 97 64 128 0.0372722
231 97 64 128 0.0121135
224 98 64 128 0.0174681
225 98 64 128 0.0718821
226 98 64 128 0.123451
227 98 64 128 0.143019
228 98 64 128 0.127695
229 98 64 128 0.0958823
230 98 64 128 0.0662857
231 98 64 128 0.023802
224 99 64 128 0.0115359
225 99 64 128 0.0577194
226 99 64 128 0.100777
227 99 64 128 0.129796
228 99 64 128 0.130298
229 99 64 128 0.10422
230 99 64 128 0.0822233
231 99 64 128 0.031203
225 100 64 128 0.034857
226 100 64 128 0.0620493
227 100 64 128 0.0881672
228 100 64 128 0.0971173
229 100 64 128 0.0810227
230 100 64 128 0.0654553
231 100 64 128 0.0259529
225 101 64 128 0.0117386
226 101 64 128 0.0236718
227 101 64 128 0.0408352
228 101 64 128 0.0515375
229 101 64 128 0.0457311
230 101 64 128 0.0348833
231 101 64 128 0.0148947
227 102 64 128 0.0160047
228 102 64 128 0.0246628
229 102 64 128 0.0238468
230 102 64 128 0.0168762
227 103 64 128 0.0104519
228 103 64 128 0.015799
229 103 64 128 0.0156399
230 103 64 128 0.011669
228 104 64 128 0.0108607
229 104 64 128 0.0107086
