270 88 64 128 0.0112059
270 91 64 128 0.014636
271 91 64 128 0.0108231
269 92 64 128 0.01524
270 92 64 128 0.026822
271 92 64 128 0.0201274
272 92 64 128 0.0111909
269 93 64 128 0.0155172
270 93 64 128 0.0277664
271 93 64 128 0.0211051
272 93 64 128 0.0116586
270 94 64 128 0.0171797
271 94 64 128 0.0136479
270 95 64 128 0.0152151
271 95 64 128 0.013094
268 96 64 128 0.0105511
269 96 64 128 0.0176
270 96 64 128 0.0286606
271 96 64 128 0.0243023
272 96 64 128 0.016703
273 96 64 128 0.0134459
268 97 64 128 0.0132544
269 97 64 128 0.0225297
270 97 64 128 0.0367008
271 97 64 128 0.0305579
272 97 64 128 0.020968
273 97 64 128 0.0174703
274 97 64 128 0.0116745
269 98 64 128 0.0156579
270 98 64 128 0.0259536
271 98 64 128 0.0212879
272 98 64 128 0.0143225
273 98 64 128 0.012088
270 99 64 128 0.013473
271 99 64 128 0.0106716
270 100 64 128 0.015989
271 100 64 128 0.0125548
269 101 64 128 0.0144901
270 101 64 128 0.0236111
271 101 64 128 0.0188112
272 101 64 128 0.0121726
273 101 64 128 0.0105582
269 102 64 128 0.0130942
270 102 64 128 0.0216723
271 102 64 128 0.0173125
272 102 64 128 0.0110858
270 103 64 128 0.0163699
271 103 64 128 0.0127115
269 104 64 128 0.01471
270 104 64 128 0.0216563
271 104 64 128 0.0159676
268 105 64 128 0.0145257
269 105 64 128 0.0231782
270 105 64 128 0.032285
271 105 64 128 0.0234604
272 105 64 128 0.0141908
273 105 64 128 0.0128822
268 106 64 128 0.0140114
269 106 64 128 0.0223194
270 106 64 128 0.0307307
271 106 64 128 0.0222244
272 106 64 128 0.0135078
273 106 64 128 0.0123535
269 107 64 128 0.0121134
270 107 64 128 0.0167383
271 107 64 128 0.0119713
269 110 64 128 0.0100638
270 110 64 128 0.0120832
270 113 64 128 0.0106148
261 114 64 128 0.0109653
262 114 64 128 0.0104185
269 114 64 128 0.0111042
270 114 64 128 0.0146401
271 114 64 128 0.0121886
270 115 64 128 0.0103072
261 117 64 128 0.013454
262 117 64 128 0.0127967
268 117 64 128 0.0102792
269 117 64 128 0.0160171
270 117 64 128 0.0208077
271 117 64 128 0.0158813
260 118 64 128 0.0159379
261 118 64 128 0.0231897
262 118 64 128 0.0225143
263 118 64 128 0.0172653
264 118 64 128 0.0134611
265 118 64 128 0.0141363
266 118 64 128 0.0139225
267 118 64 128 0.0139557
268 118 64 128 0.0187834
269 118 64 128 0.0296
270 118 64 128 0.0386421
271 118 64 128 0.0288357
272 118 64 128 0.0164394
273 118 64 128 0.0112403
260 119 64 128 0.0156692
261 119 64 128 0.022309
262 119 64 128 0.02142
263 119 64 128 0.0166519
264 119 64 128 0.0133282
265 119 64 128 0.0140354
266 119 64 128 0.0136359
267 119 64 128 0.0134286
268 119 64 128 0.0183008
269 119 64 128 0.029556
270 119 64 128 0.0387716
271 119 64 128 0.0285621
272 119 64 128 0.0161277
273 119 64 128 0.0111828
260 120 64 128 0.0112873
261 120 64 128 0.0155042
262 120 64 128 0.0142584
263 120 64 128 0.0109099
268 120 64 128 0.0119122
269 120 64 128 0.0202066
270 120 64 128 0.0267896
271 120 64 128 0.0193629
272 120 64 128 0.0104538
260 121 64 128 0.0147045
261 121 64 128 0.0217023
262 121 64 128 0.0201681
263 121 64 128 0.0141637
264 121 64 128 0.0110488
265 121 64 128 0.0113727
266 121 64 128 0.0127639
267 121 64 128 0.0123212
268 121 64 128 0.014155
269 121 64 128 0.0229518
270 121 64 128 0.0305863
271 121 64 128 0.0223545
272 121 64 128 0.0110693
260 122 64 128 0.0259124
261 122 64 128 0.0405951
262 122 64 128 0.0388364
263 122 64 128 0.0264722
264 122 64 128 0.0193442
265 122 64 128 0.0192376
266 122 64 128 0.0228713
267 122 64 128 0.0232127
268 122 64 128 0.0255377
269 122 64 128 0.0387735
270 122 64 128 0.0513702
271 122 64 128 0.0382642
272 122 64 128 0.018747
259 123 64 128 0.0112748
260 123 64 128 0.0301219
261 123 64 128 0.0480389
262 123 64 128 0.0458435
263 123 64 128 0.0304437
264 123 64 128 0.0219751
265 123 64 128 0.0216105
266 123 64 128 0.0255706
267 123 64 128 0.0263742
268 123 64 128 0.0291339
269 123 64 128 0.0432675
270 123 64 128 0.0571708
271 123 64 128 0.0424739
272 123 64 128 0.0207133
273 123 64 128 0.0108573
260 124 64 128 0.0239856
261 124 64 128 0.0377212
262 124 64 128 0.0343776
263 124 64 128 0.0213429
264 124 64 128 0.0158934
265 124 64 128 0.0151884
266 124 64 128 0.0170689
267 124 64 128 0.0174772
268 124 64 128 0.0197665
269 124 64 128 0.0294985
270 124 64 128 0.038343
271 124 64 128 0.0273994
272 124 64 128 0.0128468
259 125 64 128 0.0112405
260 125 64 128 0.0268296
261 125 64 128 0.0387558
262 125 64 128 0.0326766
263 125 64 128 0.019641
264 125 64 128 0.0159548
265 125 64 128 0.0135219
266 125 64 128 0.0145083
267 125 64 128 0.0139525
268 125 64 128 0.0157979
269 125 64 128 0.0254679
270 125 64 128 0.0299724
271 125 64 128 0.0195901
259 126 64 128 0.0205519
260 126 64 128 0.0483572
261 126 64 128 0.0666025
262 126 64 128 0.0563774
263 126 64 128 0.036722
264 126 64 128 0.0300913
265 126 64 128 0.024215
266 126 64 128 0.0275072
267 126 64 128 0.0258699
268 126 64 128 0.0279759
269 126 64 128 0.0468865
270 126 64 128 0.0524778
271 126 64 128 0.0348573
272 126 64 128 0.0155605
258 127 64 128 0.0112403
259 127 64 128 0.0272926
260 127 64 128 0.0641878
261 127 64 128 0.0873716
262 127 64 128 0.0748594
263 127 64 128 0.0506336
264 127 64 128 0.04123
265 127 64 128 0.032948
266 127 64 128 0.0380639
267 127 64 128 0.035888
268 127 64 128 0.0383816
269 127 64 128 0.0641205
270 127 64 128 0.0712435
271 127 64 128 0.0482996
272 127 64 128 0.0222213
273 127 64 128 0.0104075
259 128 64 128 0.0228008
260 128 64 128 0.0529914
261 128 64 128 0.0710414
262 128 64 128 0.0606799
263 128 64 128 0.0416195
264 128 64 128 0.0340966
265 128 64 128 0.0267593
266 128 64 128 0.0299325
267 128 64 128 0.0282257
268 128 64 128 0.0306164
269 128 64 128 0.0503794
270 128 64 128 0.0545989
271 128 64 128 0.036921
272 128 64 128 0.0172556
259 129 64 128 0.0149135
260 129 64 128 0.0336862
261 129 64 128 0.0434199
262 129 64 128 0.0367317
263 129 64 128 0.0257812
264 129 64 128 0.0209849
265 129 64 128 0.0158854
266 129 64 128 0.0162916
267 129 64 128 0.0154898
268 129 64 128 0.0174757
269 129 64 128 0.0270036
270 129 64 128 0.0270354
271 129 64 128 0.0180559
259 130 64 128 0.0141429
260 130 64 128 0.0317374
261 130 64 128 0.0395776
262 130 64 128 0.0342625
263 130 64 128 0.0251234
264 130 64 128 0.0188618
265 130 64 128 0.0144805
266 130 64 128 0.0152103
267 130 64 128 0.0149848
268 130 64 128 0.0166342
269 130 64 128 0.0234915
270 130 64 128 0.0226407
271 130 64 128 0.0158964
259 131 64 128 0.0172966
260 131 64 128 0.0393242
261 131 64 128 0.0497089
262 131 64 128 0.0440888
263 131 64 128 0.0325063
264 131 64 128 0.0232436
265 131 64 128 0.0185464
266 131 64 128 0.0211683
267 131 64 128 0.0211064
268 131 64 128 0.0225561
269 131 64 128 0.0318912
270 131 64 128 0.032344
271 131 64 128 0.0234089
272 131 64 128 0.0122465
259 132 64 128 0.016017
260 132 64 128 0.0360415
261 132 64 128 0.0468794
262 132 64 128 0.0416488
263 132 64 128 0.0298259
264 132 64 128 0.0214867
265 132 64 128 0.0171901
266 132 64 128 0.0197065
267 132 64 128 0.0195978
268 132 64 128 0.020923
269 132 64 128 0.0299396
270 132 64 128 0.0305404
271 132 64 128 0.0216652
272 132 64 128 0.0110162
259 133 64 128 0.0114627
260 133 64 128 0.0241078
261 133 64 128 0.0327166
262 133 64 128 0.0287502
263 133 64 128 0.0194491
264 133 64 128 0.0149248
265 133 64 128 0.0114759
266 133 64 128 0.0121496
267 133 64 128 0.0118725
268 133 64 128 0.0131068
269 133 64 128 0.0190062
270 133 64 128 0.0183537
271 133 64 128 0.0118953
259 134 64 128 0.0107843
260 134 64 128 0.0200545
261 134 64 128 0.0269894
262 134 64 128 0.0239312
263 134 64 128 0.0166663
264 134 64 128 0.0137152
265 134 64 128 0.0100305
268 134 64 128 0.010421
269 134 64 128 0.0154582
270 134 64 128 0.0139023
139 135 64 128 0.0128075
259 135 64 128 0.0142115
260 135 64 128 0.0254339
261 135 64 128 0.0321107
262 135 64 128 0.0292972
263 135 64 128 0.0226151
264 135 64 128 0.0183021
265 135 64 128 0.0134862
266 135 64 128 0.0138696
267 135 64 128 0.0130918
268 135 64 128 0.0141383
269 135 64 128 0.0209836
270 135 64 128 0.0194195
271 135 64 128 0.0122428
138 136 64 128 0.0109067
139 136 64 128 0.0143099
259 136 64 128 0.0151134
260 136 64 128 0.0269072
261 136 64 128 0.0332033
262 136 64 128 0.0305947
263 136 64 128 0.0243817
264 136 64 128 0.0194928
265 136 64 128 0.0145343
266 136 64 128 0.0153242
267 136 64 128 0.0146258
268 136 64 128 0.0155404
269 136 64 128 0.0226604
270 136 64 128 0.0213066
271 136 64 128 0.0139341
139 137 64 128 0.0117586
259 137 64 128 0.0113675
260 137 64 128 0.0198066
261 137 64 128 0.0250126
262 137 64 128 0.0228748
263 137 64 128 0.0176174
264 137 64 128 0.0143474
265 137 64 128 0.0107704
266 137 64 128 0.0111215
267 137 64 128 0.0108434
268 137 64 128 0.0115876
269 137 64 128 0.0160529
270 137 64 128 0.0147608
260 138 64 128 0.0132009
261 138 64 128 0.017576
262 138 64 128 0.0159515
263 138 64 128 0.0115
269 138 64 128 0.0101704
260 139 64 128 0.0126173
261 139 64 128 0.01696
262 139 64 128 0.015685
263 139 64 128 0.0115005
269 139 64 128 0.0103375
260 140 64 128 0.0131569
261 140 64 128 0.0175605
262 140 64 128 0.0163997
263 140 64 128 0.012332
264 140 64 128 0.0104291
269 140 64 128 0.0111837
270 140 64 128 0.0103549
260 141 64 128 0.0107596
261 141 64 128 0.0147905
262 141 64 128 0.0135383
261 142 64 128 0.0131687
262 142 64 128 0.0119399
260 143 64 128 0.012769
261 143 64 128 0.0175566
262 143 64 128 0.016743
263 143 64 128 0.0132768
264 143 64 128 0.0120253
269 143 64 128 0.0103296
259 144 64 128 0.0104462
260 144 64 128 0.0174849
261 144 64 128 0.0236928
262 144 64 128 0.0233725
263 144 64 128 0.0196315
264 144 64 128 0.0176117
265 144 64 128 0.0135742
266 144 64 128 0.0133303
267 144 64 128 0.0133551
268 144 64 128 0.0135126
269 144 64 128 0.0154962
270 144 64 128 0.012762
259 145 64 128 0.0100982
260 145 64 128 0.0176974
261 145 64 128 0.0251265
262 145 64 128 0.0249592
263 145 64 128 0.0207732
264 145 64 128 0.0189023
265 145 64 128 0.0144134
266 145 64 128 0.0140109
267 145 64 128 0.013891
268 145 64 128 0.0137615
269 145 64 128 0.0155027
270 145 64 128 0.0122911
260 146 64 128 0.0153009
261 146 64 128 0.0240308
262 146 64 128 0.0241546
263 146 64 128 0.0195265
264 146 64 128 0.018183
265 146 64 128 0.0137133
266 146 64 128 0.013031
267 146 64 128 0.012535
268 146 64 128 0.0116761
269 146 64 128 0.012457
260 147 64 128 0.0158397
261 147 64 128 0.0266845
262 147 64 128 0.0281063
263 147 64 128 0.0232346
264 147 64 128 0.0214433
265 147 64 128 0.0165025
266 147 64 128 0.0156488
267 147 64 128 0.0148268
268 147 64 128 0.0129582
269 147 64 128 0.0126246
260 148 64 128 0.0187421
261 148 64 128 0.0318666
262 148 64 128 0.0351107
263 148 64 128 0.0302004
264 148 64 128 0.0272446
265 148 64 128 0.0213922
266 148 64 128 0.0205196
267 148 64 128 0.0194937
268 148 64 128 0.0166681
269 148 64 128 0.015569
270 148 64 128 0.0125075
259 149 64 128 0.0100061
260 149 64 128 0.0186679
261 149 64 128 0.0325272
262 149 64 128 0.0365932
263 149 64 128 0.0317103
264 149 64 128 0.0283865
265 149 64 128 0.0220263
266 149 64 128 0.0211801
267 149 64 128 0.0199751
268 149 64 128 0.0167013
269 149 64 128 0.0156201
270 149 64 128 0.0128513
260 150 64 128 0.0150173
261 150 64 128 0.0279592
262 150 64 128 0.0316647
263 150 64 128 0.0268871
264 150 64 128 0.0242266
265 150 64 128 0.0180094
266 150 64 128 0.0170888
267 150 64 128 0.0156397
268 150 64 128 0.0124782
269 150 64 128 0.0120931
260 151 64 128 0.0129708
261 151 64 128 0.0251697
262 151 64 128 0.0287768
263 151 64 128 0.0243786
264 151 64 128 0.0220887
265 151 64 128 0.0161759
266 151 64 128 0.0148955
267 151 64 128 0.0130643
268 151 64 128 0.010143
269 151 64 128 0.0103894
260 152 64 128 0.0143971
261 152 64 128 0.0266656
262 152 64 128 0.0309666
263 152 64 128 0.0272605
264 152 64 128 0.0245108
265 152 64 128 0.0188689
266 152 64 128 0.0170694
267 152 64 128 0.0148366
268 152 64 128 0.0120841
269 152 64 128 0.0125137
270 152 64 128 0.0110393
260 153 64 128 0.0146193
261 153 64 128 0.0260742
262 153 64 128 0.0305818
263 153 64 128 0.0276175
264 153 64 128 0.0246137
265 153 64 128 0.0196191
266 153 64 128 0.0178287
267 153 64 128 0.0156339
268 153 64 128 0.0132485
269 153 64 128 0.0137397
270 153 64 128 0.0123332
260 154 64 128 0.0108432
261 154 64 128 0.019799
262 154 64 128 0.0232811
263 154 64 128 0.0208354
264 154 64 128 0.0184417
265 154 64 128 0.0146153
266 154 64 128 0.013666
267 154 64 128 0.0120978
268 154 64 128 0.010363
269 154 64 128 0.0110707
261 155 64 128 0.0144346
262 155 64 128 0.0169059
263 155 64 128 0.0145428
264 155 64 128 0.0127906
261 156 64 128 0.015822
262 156 64 128 0.018414
263 156 64 128 0.0156154
264 156 64 128 0.0137602
265 156 64 128 0.0109232
266 156 64 128 0.0106095
261 157 64 128 0.0189882
262 157 64 128 0.0219129
263 157 64 128 0.0185978
264 157 64 128 0.0164707
265 157 64 128 0.0134371
266 157 64 128 0.0126971
267 157 64 128 0.0105156
261 158 64 128 0.0174973
262 158 64 128 0.0198315
263 158 64 128 0.016422
264 158 64 128 0.0145876
265 158 64 128 0.0118444
266 158 64 128 0.0111431
81 159 64 128 0.0101573
261 159 64 128 0.0151034
262 159 64 128 0.0171248
263 159 64 128 0.0140232
264 159 64 128 0.0123302
81 160 64 128 0.0106048
82 160 64 128 0.0100446
261 160 64 128 0.0189958
262 160 64 128 0.0228951
263 160 64 128 0.020268
264 160 64 128 0.017416
265 160 64 128 0.0136251
266 160 64 128 0.0117896
81 161 64 128 0.0106715
82 161 64 128 0.0104238
83 161 64 128 0.0100067
113 161 64 128 0.0100439
115 161 64 128 0.0123062
260 161 64 128 0.0132356
261 161 64 128 0.026103
262 161 64 128 0.0327526
263 161 64 128 0.0305965
264 161 64 128 0.02624
265 161 64 128 0.0206996
266 161 64 128 0.017244
267 161 64 128 0.0132094
268 161 64 128 0.0112435
269 161 64 128 0.0134822
270 161 64 128 0.0114071
80 162 64 128 0.010051
81 162 64 128 0.0109663
82 162 64 128 0.0110914
83 162 64 128 0.0108738
112 162 64 128 0.0108456
113 162 64 128 0.0145552
114 162 64 128 0.0150039
115 162 64 128 0.0200546
116 162 64 128 0.0107954
260 162 64 128 0.0137376
261 162 64 128 0.0271548
262 162 64 128 0.0341829
263 162 64 128 0.0323738
264 162 64 128 0.0283595
265 162 64 128 0.0222561
266 162 64 128 0.0180881
267 162 64 128 0.0139609
268 162 64 128 0.0121542
269 162 64 128 0.014204
270 162 64 128 0.0119323
80 163 64 128 0.011026
81 163 64 128 0.0120606
82 163 64 128 0.0127309
83 163 64 128 0.0123129
112 163 64 128 0.01457
113 163 64 128 0.0206461
114 163 64 128 0.0226427
115 163 64 128 0.0307332
116 163 64 128 0.0167813
117 163 64 128 0.0121697
118 163 64 128 0.0113656
260 163 64 128 0.0109813
261 163 64 128 0.0220794
262 163 64 128 0.0273334
263 163 64 128 0.025766
264 163 64 128 0.0235412
265 163 64 128 0.0181529
266 163 64 128 0.0143885
267 163 64 128 0.0114164
268 163 64 128 0.0101886
269 163 64 128 0.0113729
80 164 64 128 0.0131315
81 164 64 128 0.0144836
82 164 64 128 0.0162722
83 164 64 128 0.0161983
84 164 64 128 0.0125082
112 164 64 128 0.0167956
113 164 64 128 0.0242464
114 164 64 128 0.02685
115 164 64 128 0.0352935
116 164 64 128 0.0195678
117 164 64 128 0.0142275
118 164 64 128 0.0128865
261 164 64 128 0.0196576
262 164 64 128 0.0245243
263 164 64 128 0.0232439
264 164 64 128 0.0213794
265 164 64 128 0.0164571
266 164 64 128 0.0132319
267 164 64 128 0.0108795
269 164 64 128 0.0102949
79 165 64 128 0.0106279
80 165 64 128 0.0169376
81 165 64 128 0.0187544
82 165 64 128 0.0219107
83 165 64 128 0.0227456
84 165 64 128 0.0179895
85 165 64 128 0.0139148
86 165 64 128 0.0134564
87 165 64 128 0.0126831
88 165 64 128 0.0122741
89 165 64 128 0.0121604
112 165 64 128 0.0178668
113 165 64 128 0.0258765
114 165 64 128 0.0286282
115 165 64 128 0.0359116
116 165 64 128 0.0206169
117 165 64 128 0.0153939
118 165 64 128 0.0132231
260 165 64 128 0.0109885
261 165 64 128 0.0223651
262 165 64 128 0.0291042
263 165 64 128 0.0282251
264 165 64 128 0.0246556
265 165 64 128 0.019458
266 165 64 128 0.0164571
267 165 64 128 0.0136291
268 165 64 128 0.011809
269 165 64 128 0.01245
270 165 64 128 0.0105895
79 166 64 128 0.0139068
80 166 64 128 0.0229141
81 166 64 128 0.0253775
82 166 64 128 0.028768
83 166 64 128 0.029712
84 166 64 128 0.0239754
85 166 64 128 0.0185061
86 166 64 128 0.0180434
87 166 64 128 0.0167211
88 166 64 128 0.0161422
89 166 64 128 0.0164981
90 166 64 128 0.0127736
110 166 64 128 0.0101704
112 166 64 128 0.0221131
113 166 64 128 0.0328412
114 166 64 128 0.0386977
115 166 64 128 0.0512918
116 166 64 128 0.030893
117 166 64 128 0.0231952
118 166 64 128 0.0193762
260 166 64 128 0.0114822
261 166 64 128 0.0230767
262 166 64 128 0.0307853
263 166 64 128 0.0303656
264 166 64 128 0.0257622
265 166 64 128 0.0206419
266 166 64 128 0.0179326
267 166 64 128 0.0148392
268 166 64 128 0.0126932
269 166 64 128 0.0134967
270 166 64 128 0.0117413
78 167 64 128 0.0105645
79 167 64 128 0.0187416
80 167 64 128 0.0308931
81 167 64 128 0.0341835
82 167 64 128 0.0361534
83 167 64 128 0.0357661
84 167 64 128 0.029125
85 167 64 128 0.0222552
86 167 64 128 0.0221003
87 167 64 128 0.0203103
88 167 64 128 0.0195119
89 167 64 128 0.0204126
90 167 64 128 0.0157522
91 167 64 128 0.0111671
110 167 64 128 0.0135565
111 167 64 128 0.0130018
112 167 64 128 0.0317014
113 167 64 128 0.0486258
114 167 64 128 0.0619605
115 167 64 128 0.0892965
116 167 64 128 0.0545452
117 167 64 128 0.0400216
118 167 64 128 0.0336194
138 167 64 128 0.0106632
139 167 64 128 0.0155312
140 167 64 128 0.0176202
141 167 64 128 0.0114193
142 167 64 128 0.0101843
143 167 64 128 0.0126611
144 167 64 128 0.0120114
145 167 64 128 0.0113785
261 167 64 128 0.0181766
262 167 64 128 0.0243254
263 167 64 128 0.0243686
264 167 64 128 0.0208838
265 167 64 128 0.0167665
266 167 64 128 0.0145629
267 167 64 128 0.0121191
268 167 64 128 0.0105363
269 167 64 128 0.011317
78 168 64 128 0.0136778
79 168 64 128 0.0240129
80 168 64 128 0.0393285
81 168 64 128 0.0435327
82 168 64 128 0.0439693
83 168 64 128 0.041988
84 168 64 128 0.0343666
85 168 64 128 0.0263321
86 168 64 128 0.0267657
87 168 64 128 0.0250355
88 168 64 128 0.0246386
89 168 64 128 0.0259263
90 168 64 128 0.0192075
91 168 64 128 0.0134005
109 168 64 128 0.0112553
110 168 64 128 0.0178468
111 168 64 128 0.0174081
112 168 64 128 0.0433901
113 168 64 128 0.0672063
114 168 64 128 0.0889371
115 168 64 128 0.131259
116 168 64 128 0.0791963
117 168 64 128 0.0559512
118 168 64 128 0.0468716
138 168 64 128 0.0127424
139 168 64 128 0.0228825
140 168 64 128 0.0261886
141 168 64 128 0.0133538
142 168 64 128 0.01192
143 168 64 128 0.0159086
144 168 64 128 0.0120466
145 168 64 128 0.0115136
237 168 64 128 0.0123899
238 168 64 128 0.0119943
261 168 64 128 0.0133601
262 168 64 128 0.0178401
263 168 64 128 0.0183219
264 168 64 128 0.0162707
265 168 64 128 0.0132447
266 168 64 128 0.0112505
78 169 64 128 0.0162141
79 169 64 128 0.028177
80 169 64 128 0.0460494
81 169 64 128 0.0510055
82 169 64 128 0.0511369
83 169 64 128 0.0484503
84 169 64 128 0.0398295
85 169 64 128 0.0312038
86 169 64 128 0.0323328
87 169 64 128 0.0314556
88 169 64 128 0.0324819
89 169 64 128 0.0338122
90 169 64 128 0.0235337
91 169 64 128 0.0163634
92 169 64 128 0.0104511
108 169 64 128 0.0102475
109 169 64 128 0.0148835
110 169 64 128 0.0222697
111 169 64 128 0.0232442
112 169 64 128 0.0551664
113 169 64 128 0.0854567
114 169 64 128 0.114846
115 169 64 128 0.165575
116 169 64 128 0.0986759
117 169 64 128 0.0668822
118 169 64 128 0.0548313
139 169 64 128 0.0287345
140 169 64 128 0.0334238
141 169 64 128 0.0104144
142 169 64 128 0.0113466
143 169 64 128 0.0178397
236 169 64 128 0.0118716
237 169 64 128 0.0154714
238 169 64 128 0.0150807
239 169 64 128 0.0117431
240 169 64 128 0.0105907
261 169 64 128 0.0131566
262 169 64 128 0.0177857
263 169 64 128 0.0186165
264 169 64 128 0.0167509
265 169 64 128 0.0142004
266 169 64 128 0.0118053
269 169 64 128 0.0112154
270 169 64 128 0.0105546
78 170 64 128 0.0166212
79 170 64 128 0.0288499
80 170 64 128 0.0473773
81 170 64 128 0.0521897
82 170 64 128 0.052972
83 170 64 128 0.0507116
84 170 64 128 0.0419033
85 170 64 128 0.0339469
86 170 64 128 0.0353059
87 170 64 128 0.035604
88 170 64 128 0.0382859
89 170 64 128 0.0393351
90 170 64 128 0.0266028
91 170 64 128 0.018826
92 170 64 128 0.012401
108 170 64 128 0.0126348
109 170 64 128 0.018565
110 170 64 128 0.0274314
111 170 64 128 0.0311434
112 170 64 128 0.0716338
113 170 64 128 0.11439
114 170 64 128 0.157367
115 170 64 128 0.216609
116 170 64 128 0.13537
117 170 64 128 0.0940576
118 170 64 128 0.0745707
119 170 64 128 0.0156172
120 170 64 128 0.0101476
129 170 64 128 0.0109754
130 170 64 128 0.0178403
131 170 64 128 0.0296794
132 170 64 128 0.0283118
133 170 64 128 0.0212013
134 170 64 128 0.0200685
135 170 64 128 0.0188474
136 170 64 128 0.0237539
137 170 64 128 0.0270581
138 170 64 128 0.0477666
139 170 64 128 0.0903704
140 170 64 128 0.104913
141 170 64 128 0.0573169
142 170 64 128 0.0666734
143 170 64 128 0.0896842
144 170 64 128 0.0727655
145 170 64 128 0.0825924
146 170 64 128 0.0390862
147 170 64 128 0.0101519
236 170 64 128 0.0146973
237 170 64 128 0.019845
238 170 64 128 0.0196704
239 170 64 128 0.0151896
240 170 64 128 0.0138057
241 170 64 128 0.0103105
261 170 64 128 0.0139383
262 170 64 128 0.0189616
263 170 64 128 0.0198476
264 170 64 128 0.0177848
265 170 64 128 0.0154765
266 170 64 128 0.0127196
267 170 64 128 0.0106153
268 170 64 128 0.0108418
269 170 64 128 0.0126677
270 170 64 128 0.0123746
78 171 64 128 0.013784
79 171 64 128 0.0243513
80 171 64 128 0.0407169
81 171 64 128 0.0439863
82 171 64 128 0.0457902
83 171 64 128 0.044994
84 171 64 128 0.0375129
85 171 64 128 0.031916
86 171 64 128 0.0325713
87 171 64 128 0.0338143
88 171 64 128 0.0375135
89 171 64 128 0.0380477
90 171 64 128 0.0263966
91 171 64 128 0.0195358
92 171 64 128 0.0129308
96 171 64 128 0.0100884
108 171 64 128 0.0134752
109 171 64 128 0.0213246
110 171 64 128 0.0334789
111 171 64 128 0.0409549
112 171 64 128 0.0956494
113 171 64 128 0.16141
114 171 64 128 0.229176
115 171 64 128 0.304137
116 171 64 128 0.207192
117 171 64 128 0.154396
118 171 64 128 0.119917
119 171 64 128 0.0356691
120 171 64 128 0.0233283
121 171 64 128 0.0181807
122 171 64 128 0.0234824
123 171 64 128 0.0304198
124 171 64 128 0.0241607
125 171 64 128 0.018694
126 171 64 128 0.0183756
127 171 64 128 0.0189881
128 171 64 128 0.0342787
129 171 64 128 0.0618811
130 171 64 128 0.0850356
131 171 64 128 0.127814
132 171 64 128 0.11826
133 171 64 128 0.0867245
134 171 64 128 0.0828605
135 171 64 128 0.0767504
136 171 64 128 0.0838051
137 171 64 128 0.104795
138 171 64 128 0.159832
139 171 64 128 0.247654
140 171 64 128 0.286852
141 171 64 128 0.193722
142 171 64 128 0.220646
143 171 64 128 0.284663
144 171 64 128 0.268387
145 171 64 128 0.295236
146 171 64 128 0.191432
147 171 64 128 0.10256
148 171 64 128 0.0588727
149 171 64 128 0.0101568
235 171 64 128 0.0126316
236 171 64 128 0.0190275
237 171 64 128 0.025969
238 171 64 128 0.0262077
239 171 64 128 0.0199585
240 171 64 128 0.0177761
241 171 64 128 0.0130293
261 171 64 128 0.0114978
262 171 64 128 0.0153603
263 171 64 128 0.0158647
264 171 64 128 0.0143098
265 171 64 128 0.0124966
266 171 64 128 0.0100909
269 171 64 128 0.0104892
270 171 64 128 0.0102065
79 172 64 128 0.0177602
80 172 64 128 0.0310421
81 172 64 128 0.0326652
82 172 64 128 0.0354333
83 172 64 128 0.0362733
84 172 64 128 0.0307575
85 172 64 128 0.0278539
86 172 64 128 0.0274193
87 172 64 128 0.0292267
88 172 64 128 0.03336
89 172 64 128 0.0333688
90 172 64 128 0.0243841
91 172 64 128 0.0190183
92 172 64 128 0.0124688
96 172 64 128 0.0106869
108 172 64 128 0.0127486
109 172 64 128 0.0219084
110 172 64 128 0.0365045
111 172 64 128 0.0476132
112 172 64 128 0.113067
113 172 64 128 0.19825
114 172 64 128 0.290217
115 172 64 128 0.381957
116 172 64 128 0.275197
117 172 64 128 0.212435
118 172 64 128 0.162691
119 172 64 128 0.0553274
120 172 64 128 0.0362205
121 172 64 128 0.0281289
122 172 64 128 0.0389064
123 172 64 128 0.0517546
124 172 64 128 0.0422314
125 172 64 128 0.0315341
126 172 64 128 0.0316239
127 172 64 128 0.0330963
128 172 64 128 0.0600229
129 172 64 128 0.109698
130 172 64 128 0.150641
131 172 64 128 0.221309
132 172 64 128 0.201221
133 172 64 128 0.144194
134 172 64 128 0.136039
135 172 64 128 0.124936
136 172 64 128 0.133178
137 172 64 128 0.171125
138 172 64 128 0.256653
139 172 64 128 0.384181
140 172 64 128 0.449712
141 172 64 128 0.317676
142 172 64 128 0.370323
143 172 64 128 0.483336
144 172 64 128 0.477549
145 172 64 128 0.53121
146 172 64 128 0.360227
147 172 64 128 0.197595
148 172 64 128 0.105459
149 172 64 128 0.0170712
234 172 64 128 0.0112575
235 172 64 128 0.0157985
236 172 64 128 0.0231586
237 172 64 128 0.0315093
238 172 64 128 0.0322646
239 172 64 128 0.0249677
240 172 64 128 0.0220915
241 172 64 128 0.0157805
242 172 64 128 0.0114734
263 172 64 128 0.0100147
79 173 64 128 0.0132624
80 173 64 128 0.0250028
81 173 64 128 0.0265114
82 173 64 128 0.0298333
83 173 64 128 0.0314743
84 173 64 128 0.0273093
85 173 64 128 0.0257114
86 173 64 128 0.0246127
87 173 64 128 0.0265966
88 173 64 128 0.0308953
89 173 64 128 0.0306081
90 173 64 128 0.0228598
91 173 64 128 0.0182296
92 173 64 128 0.0118476
108 173 64 128 0.0108773
109 173 64 128 0.0192463
110 173 64 128 0.0320986
111 173 64 128 0.0453647
112 173 64 128 0.10695
113 173 64 128 0.190516
114 173 64 128 0.290965
115 173 64 128 0.391584
116 173 64 128 0.289726
117 173 64 128 0.222751
118 173 64 128 0.166723
119 173 64 128 0.0576321
120 173 64 128 0.037781
121 173 64 128 0.0295795
122 173 64 128 0.0426591
123 173 64 128 0.055414
124 173 64 128 0.043265
125 173 64 128 0.033393
126 173 64 128 0.0314474
127 173 64 128 0.0334784
128 173 64 128 0.0578959
129 173 64 128 0.104688
130 173 64 128 0.153359
131 173 64 128 0.218815
132 173 64 128 0.191289
133 173 64 128 0.12897
134 173 64 128 0.115538
135 173 64 128 0.103449
136 173 64 128 0.111331
137 173 64 128 0.148097
138 173 64 128 0.230312
139 173 64 128 0.359374
140 173 64 128 0.436158
141 173 64 128 0.305603
142 173 64 128 0.38844
143 173 64 128 0.534728
144 173 64 128 0.550156
145 173 64 128 0.638306
146 173 64 128 0.428002
147 173 64 128 0.212293
148 173 64 128 0.0988921
234 173 64 128 0.0116871
235 173 64 128 0.0167079
236 173 64 128 0.0249076
237 173 64 128 0.0336333
238 173 64 128 0.0348886
239 173 64 128 0.0288094
240 173 64 128 0.0262
241 173 64 128 0.0183699
242 173 64 128 0.0137708
243 173 64 128 0.0125961
79 174 64 128 0.0107422
80 174 64 128 0.0216674
81 174 64 128 0.0239121
82 174 64 128 0.0272161
83 174 64 128 0.0288463
84 174 64 128 0.0255142
85 174 64 128 0.0241774
86 174 64 128 0.0229783
87 174 64 128 0.0248062
88 174 64 128 0.0288725
89 174 64 128 0.0285048
90 174 64 128 0.0210972
91 174 64 128 0.0166712
92 174 64 128 0.0108163
109 174 64 128 0.0147017
110 174 64 128 0.0233856
111 174 64 128 0.0368849
112 174 64 128 0.0859486
113 174 64 128 0.155097
114 174 64 128 0.254067
115 174 64 128 0.361022
116 174 64 128 0.274514
117 174 64 128 0.206708
118 174 64 128 0.149371
119 174 64 128 0.0515937
120 174 64 128 0.0349518
121 174 64 128 0.0286007
122 174 64 128 0.0414465
123 174 64 128 0.0510174
124 174 64 128 0.0377534
125 174 64 128 0.0314895
126 174 64 128 0.0280109
127 174 64 128 0.029884
128 174 64 128 0.047172
129 174 64 128 0.084965
130 174 64 128 0.13773
131 174 64 128 0.184283
132 174 64 128 0.150958
133 174 64 128 0.0901471
134 174 64 128 0.0708081
135 174 64 128 0.0639122
136 174 64 128 0.0672189
137 174 64 128 0.0990559
138 174 64 128 0.169476
139 174 64 128 0.280604
140 174 64 128 0.362274
141 174 64 128 0.261158
142 174 64 128 0.363253
143 174 64 128 0.51954
144 174 64 128 0.554735
145 174 64 128 0.665062
146 174 64 128 0.458541
147 174 64 128 0.22961
148 174 64 128 0.102091
234 174 64 128 0.0108935
235 174 64 128 0.0160619
236 174 64 128 0.0249246
237 174 64 128 0.0333567
238 174 64 128 0.0349835
239 174 64 128 0.0311369
240 174 64 128 0.0291144
241 174 64 128 0.0204708
242 174 64 128 0.0159906
243 174 64 128 0.015329
244 174 64 128 0.0107027
80 175 64 128 0.0164809
81 175 64 128 0.0185432
82 175 64 128 0.0212171
83 175 64 128 0.0225648
84 175 64 128 0.0202914
85 175 64 128 0.0195025
86 175 64 128 0.0185583
87 175 64 128 0.0199931
88 175 64 128 0.0231131
89 175 64 128 0.0227398
90 175 64 128 0.0169891
91 175 64 128 0.0132148
109 175 64 128 0.0107817
110 175 64 128 0.01703
111 175 64 128 0.0289144
112 175 64 128 0.0707965
113 175 64 128 0.133034
114 175 64 128 0.236047
115 175 64 128 0.358313
116 175 64 128 0.286982
117 175 64 128 0.216441
118 175 64 128 0.152747
119 175 64 128 0.0580882
120 175 64 128 0.0427714
121 175 64 128 0.0375979
122 175 64 128 0.0504154
123 175 64 128 0.0607263
124 175 64 128 0.0484959
125 175 64 128 0.0411756
126 175 64 128 0.0416182
127 175 64 128 0.0423046
128 175 64 128 0.0674448
129 175 64 128 0.127623
130 175 64 128 0.195309
131 175 64 128 0.25098
132 175 64 128 0.208945
133 175 64 128 0.127713
134 175 64 128 0.102169
135 175 64 128 0.10729
136 175 64 128 0.0986787
137 175 64 128 0.150151
138 175 64 128 0.250159
139 175 64 128 0.366468
140 175 64 128 0.466543
141 175 64 128 0.388387
142 175 64 128 0.479744
143 175 64 128 0.624463
144 175 64 128 0.660558
145 175 64 128 0.754126
146 175 64 128 0.597521
147 175 64 128 0.404113
148 175 64 128 0.225351
149 175 64 128 0.0455956
150 175 64 128 0.0122155
234 175 64 128 0.0106436
235 175 64 128 0.0159388
236 175 64 128 0.0251752
237 175 64 128 0.0334917
238 175 64 128 0.0352736
239 175 64 128 0.032141
240 175 64 128 0.029725
241 175 64 128 0.0217098
242 175 64 128 0.0175404
243 175 64 128 0.0164748
244 175 64 128 0.0116721
81 176 64 128 0.0104299
82 176 64 128 0.0121514
83 176 64 128 0.0132066
84 176 64 128 0.0121758
85 176 64 128 0.0123298
86 176 64 128 0.0118267
87 176 64 128 0.0128417
88 176 64 128 0.0146464
89 176 64 128 0.0142665
90 176 64 128 0.0112406
110 176 64 128 0.0141629
111 176 64 128 0.0235979
112 176 64 128 0.0643717
113 176 64 128 0.128609
114 176 64 128 0.24002
115 176 64 128 0.378811
116 176 64 128 0.318397
117 176 64 128 0.24563
118 176 64 128 0.17348
119 176 64 128 0.0737595
120 176 64 128 0.057665
121 176 64 128 0.0518848
122 176 64 128 0.0651765
123 176 64 128 0.07974
124 176 64 128 0.0697804
125 176 64 128 0.0581987
126 176 64 128 0.0651391
127 176 64 128 0.0647535
128 176 64 128 0.108321
129 176 64 128 0.210034
130 176 64 128 0.298543
131 176 64 128 0.382327
132 176 64 128 0.331381
133 176 64 128 0.219261
134 176 64 128 0.18889
135 176 64 128 0.205539
136 176 64 128 0.183954
137 176 64 128 0.269038
138 176 64 128 0.42732
139 176 64 128 0.572899
140 176 64 128 0.693905
141 176 64 128 0.627069
142 176 64 128 0.69525
143 176 64 128 0.822264
144 176 64 128 0.845997
145 176 64 128 0.897455
146 176 64 128 0.807597
147 176 64 128 0.671568
148 176 64 128 0.417584
149 176 64 128 0.102204
150 176 64 128 0.0272261
234 176 64 128 0.0108545
235 176 64 128 0.0161801
236 176 64 128 0.0252969
237 176 64 128 0.0338473
238 176 64 128 0.0357733
239 176 64 128 0.0318262
240 176 64 128 0.0284848
241 176 64 128 0.0220426
242 176 64 128 0.0183044
243 176 64 128 0.0163289
244 176 64 128 0.0115957
110 177 64 128 0.0116386
111 177 64 128 0.0194833
112 177 64 128 0.0557901
113 177 64 128 0.117796
114 177 64 128 0.228067
115 177 64 128 0.362442
116 177 64 128 0.309766
117 177 64 128 0.243454
118 177 64 128 0.173501
119 177 64 128 0.0768294
120 177 64 128 0.0619272
121 177 64 128 0.0538855
122 177 64 128 0.0665689
123 177 64 128 0.082815
124 177 64 128 0.0743087
125 177 64 128 0.0634445
126 177 64 128 0.0707332
127 177 64 128 0.0716024
128 177 64 128 0.121581
129 177 64 128 0.23419
130 177 64 128 0.32976
131 177 64 128 0.413168
132 177 64 128 0.361276
133 177 64 128 0.2495
134 177 64 128 0.218291
135 177 64 128 0.232907
136 177 64 128 0.21047
137 177 64 128 0.303254
138 177 64 128 0.488358
139 177 64 128 0.656292
140 177 64 128 0.766889
141 177 64 128 0.717051
142 177 64 128 0.794443
143 177 64 128 0.922971
144 177 64 128 0.944045
145 177 64 128 0.97197
146 177 64 128 0.912735
147 177 64 128 0.802755
148 177 64 128 0.506318
149 177 64 128 0.120671
150 177 64 128 0.0312239
234 177 64 128 0.0100317
235 177 64 128 0.014923
236 177 64 128 0.0231633
237 177 64 128 0.0319365
238 177 64 128 0.0344119
239 177 64 128 0.0300494
240 177 64 128 0.0270148
241 177 64 128 0.0216664
242 177 64 128 0.018523
243 177 64 128 0.0165516
244 177 64 128 0.0119832
111 178 64 128 0.0156573
112 178 64 128 0.0419915
113 178 64 128 0.093407
114 178 64 128 0.189668
115 178 64 128 0.297546
116 178 64 128 0.251196
117 178 64 128 0.199938
118 178 64 128 0.14448
119 178 64 128 0.063121
120 178 64 128 0.0517987
121 178 64 128 0.0412155
122 178 64 128 0.0518978
123 178 64 128 0.0658489
124 178 64 128 0.0578962
125 178 64 128 0.0530596
126 178 64 128 0.0543168
127 178 64 128 0.0589374
128 178 64 128 0.0999171
129 178 64 128 0.185663
130 178 64 128 0.26882
131 178 64 128 0.315731
132 178 64 128 0.271775
133 178 64 128 0.195264
134 178 64 128 0.166313
135 178 64 128 0.165942
136 178 64 128 0.153697
137 178 64 128 0.223976
138 178 64 128 0.39217
139 178 64 128 0.564788
140 178 64 128 0.63997
141 178 64 128 0.614345
142 178 64 128 0.736788
143 178 64 128 0.889032
144 178 64 128 0.919945
145 178 64 128 0.953608
146 178 64 128 0.882444
147 178 64 128 0.761911
148 178 64 128 0.470294
149 178 64 128 0.100015
150 178 64 128 0.0246977
235 178 64 128 0.0118662
236 178 64 128 0.0185627
237 178 64 128 0.0271371
238 178 64 128 0.0304063
239 178 64 128 0.0267082
240 178 64 128 0.0253122
241 178 64 128 0.0202864
242 178 64 128 0.0178991
243 178 64 128 0.0170542
244 178 64 128 0.0127765
245 178 64 128 0.0109909
111 179 64 128 0.0119502
112 179 64 128 0.0294283
113 179 64 128 0.068689
114 179 64 128 0.147396
115 179 64 128 0.230372
116 179 64 128 0.19132
117 179 64 128 0.153884
118 179 64 128 0.113674
119 179 64 128 0.0494437
120 179 64 128 0.0401439
121 179 64 128 0.0295025
122 179 64 128 0.0380159
123 179 64 128 0.0498835
124 179 64 128 0.0438162
125 179 64 128 0.0413571
126 179 64 128 0.0399847
127 179 64 128 0.0486117
128 179 64 128 0.0845741
129 179 64 128 0.149185
130 179 64 128 0.211439
131 179 64 128 0.225521
132 179 64 128 0.190713
133 179 64 128 0.143102
134 179 64 128 0.114549
135 179 64 128 0.102859
136 179 64 128 0.0940961
137 179 64 128 0.1495
138 179 64 128 0.301698
139 179 64 128 0.475022
140 179 64 128 0.543205
141 179 64 128 0.531602
142 179 64 128 0.689601
143 179 64 128 0.864495
144 179 64 128 0.896705
145 179 64 128 0.936612
146 179 64 128 0.859143
147 179 64 128 0.742404
148 179 64 128 0.466984
149 179 64 128 0.105902
150 179 64 128 0.0275951
236 179 64 128 0.0135603
237 179 64 128 0.0210679
238 179 64 128 0.0245415
239 179 64 128 0.0217594
240 179 64 128 0.0214645
241 179 64 128 0.0170383
242 179 64 128 0.0155098
243 179 64 128 0.0156854
244 179 64 128 0.0120669
245 179 64 128 0.0109829
112 180 64 128 0.0217844
113 180 64 128 0.051746
114 180 64 128 0.115454
115 180 64 128 0.187001
116 180 64 128 0.156944
117 180 64 128 0.126709
118 180 64 128 0.0956706
119 180 64 128 0.0443297
120 180 64 128 0.0341158
121 180 64 128 0.0265558
122 180 64 128 0.0333143
123 180 64 128 0.0451
124 180 64 128 0.0427816
125 180 64 128 0.0358828
126 180 64 128 0.0390571
127 180 64 128 0.0498882
128 180 64 128 0.091688
129 180 64 128 0.159875
130 180 64 128 0.202142
131 180 64 128 0.208318
132 180 64 128 0.179345
133 180 64 128 0.13463
134 180 64 128 0.103844
135 180 64 128 0.0928766
136 180 64 128 0.0750452
137 180 64 128 0.138289
138 180 64 128 0.292695
139 180 64 128 0.464851
140 180 64 128 0.5687
141 180 64 128 0.555229
142 180 64 128 0.717572
143 180 64 128 0.901747
144 180 64 128 0.923349
145 180 64 128 0.96003
146 180 64 128 0.899693
147 180 64 128 0.815069
148 180 64 128 0.547485
149 180 64 128 0.154989
150 180 64 128 0.0445766
151 180 64 128 0.0116316
237 180 64 128 0.0150983
238 180 64 128 0.0178716
239 180 64 128 0.0157482
240 180 64 128 0.0152053
241 180 64 128 0.0121174
242 180 64 128 0.0114334
243 180 64 128 0.0118484
112 181 64 128 0.0169586
113 181 64 128 0.0396615
114 181 64 128 0.0901196
115 181 64 128 0.152497
116 181 64 128 0.130883
117 181 64 128 0.10458
118 181 64 128 0.0793817
119 181 64 128 0.0397544
120 181 64 128 0.0292293
121 181 64 128 0.024723
122 181 64 128 0.0294463
123 181 64 128 0.0401918
124 181 64 128 0.0408135
125 181 64 128 0.0305466
126 181 64 128 0.0377174
127 181 64 128 0.0474571
128 181 64 128 0.0886673
129 181 64 128 0.156242
130 181 64 128 0.18443
131 181 64 128 0.191763
132 181 64 128 0.167134
133 181 64 128 0.12201
134 181 64 128 0.0933006
135 181 64 128 0.0874453
136 181 64 128 0.0646572
137 181 64 128 0.129579
138 181 64 128 0.268208
139 181 64 128 0.416743
140 181 64 128 0.539982
141 181 64 128 0.52543
142 181 64 128 0.68533
143 181 64 128 0.874902
144 181 64 128 0.903895
145 181 64 128 0.954661
146 181 64 128 0.894205
147 181 64 128 0.813754
148 181 64 128 0.559147
149 181 64 128 0.171619
150 181 64 128 0.0516394
151 181 64 128 0.0127138
238 181 64 128 0.0117662
239 181 64 128 0.010244
112 182 64 128 0.0129913
113 182 64 128 0.0296258
114 182 64 128 0.0678248
115 182 64 128 0.114978
116 182 64 128 0.0995293
117 182 64 128 0.0770564
118 182 64 128 0.0570237
119 182 64 128 0.0299545
120 182 64 128 0.0220231
121 182 64 128 0.0184007
122 182 64 128 0.0205233
123 182 64 128 0.0274621
124 182 64 128 0.0284423
125 182 64 128 0.0211422
126 182 64 128 0.0264879
127 182 64 128 0.0317523
128 182 64 128 0.0558198
129 182 64 128 0.0997807
130 182 64 128 0.12183
131 182 64 128 0.125782
132 182 64 128 0.105635
133 182 64 128 0.0734956
134 182 64 128 0.0547175
135 182 64 128 0.051741
136 182 64 128 0.0385971
137 182 64 128 0.0806366
138 182 64 128 0.166027
139 182 64 128 0.262112
140 182 64 128 0.353134
141 182 64 128 0.34927
142 182 64 128 0.520473
143 182 64 128 0.721712
144 182 64 128 0.791547
145 182 64 128 0.885289
146 182 64 128 0.784194
147 182 64 128 0.648447
148 182 64 128 0.417906
149 182 64 128 0.113121
150 182 64 128 0.0350914
113 183 64 128 0.0221007
114 183 64 128 0.0502685
115 183 64 128 0.0818563
116 183 64 128 0.0707795
117 183 64 128 0.0523413
118 183 64 128 0.0366389
119 183 64 128 0.0197175
120 183 64 128 0.0149337
121 183 64 128 0.0116704
122 183 64 128 0.0117844
123 183 64 128 0.0147188
124 183 64 128 0.0149822
125 183 64 128 0.0122105
126 183 64 128 0.0143406
127 183 64 128 0.0152744
128 183 64 128 0.0212603
129 183 64 128 0.0398148
130 183 64 128 0.0589553
131 183 64 128 0.0574981
132 183 64 128 0.0413653
133 183 64 128 0.0247433
134 183 64 128 0.0160927
135 183 64 128 0.0142385
136 183 64 128 0.0131739
137 183 64 128 0.0293871
138 183 64 128 0.0639351
139 183 64 128 0.116616
140 183 64 128 0.17166
141 183 64 128 0.179901
142 183 64 128 0.373734
143 183 64 128 0.598972
144 183 64 128 0.710746
145 183 64 128 0.837195
146 183 64 128 0.694266
147 183 64 128 0.497632
148 183 64 128 0.278889
149 183 64 128 0.050335
150 183 64 128 0.0166701
113 184 64 128 0.0176261
114 184 64 128 0.0390297
115 184 64 128 0.0608664
116 184 64 128 0.0531459
117 184 64 128 0.0387325
118 184 64 128 0.0260938
119 184 64 128 0.0140415
120 184 64 128 0.0105678
126 184 64 128 0.010251
127 184 64 128 0.0100909
128 184 64 128 0.0119152
129 184 64 128 0.0239825
130 184 64 128 0.0388582
131 184 64 128 0.0341735
132 184 64 128 0.0209361
133 184 64 128 0.0106292
137 184 64 128 0.0141538
138 184 64 128 0.0365581
139 184 64 128 0.0861454
140 184 64 128 0.14541
141 184 64 128 0.15652
142 184 64 128 0.374163
143 184 64 128 0.633408
144 184 64 128 0.758325
145 184 64 128 0.874527
146 184 64 128 0.72474
147 184 64 128 0.51341
148 184 64 128 0.279307
149 184 64 128 0.0483959
150 184 64 128 0.0164291
113 185 64 128 0.0147806
114 185 64 128 0.0314914
115 185 64 128 0.0475875
116 185 64 128 0.0426775
117 185 64 128 0.0318688
118 185 64 128 0.021426
119 185 64 128 0.0114202
126 185 64 128 0.0102821
127 185 64 128 0.0109778
128 185 64 128 0.0161935
129 185 64 128 0.0312569
130 185 64 128 0.0411759
131 185 64 128 0.0355354
132 185 64 128 0.0248162
133 185 64 128 0.0154997
137 185 64 128 0.0184161
138 185 64 128 0.04709
139 185 64 128 0.106246
140 185 64 128 0.179197
141 185 64 128 0.186959
142 185 64 128 0.402884
143 185 64 128 0.671303
144 185 64 128 0.794554
145 185 64 128 0.887754
146 185 64 128 0.745083
147 185 64 128 0.548354
148 185 64 128 0.313099
149 185 64 128 0.0687971
150 185 64 128 0.0224857
113 186 64 128 0.0119106
114 186 64 128 0.0244636
115 186 64 128 0.0354217
116 186 64 128 0.0330642
117 186 64 128 0.0250433
118 186 64 128 0.0164775
128 186 64 128 0.0152114
129 186 64 128 0.0277779
130 186 64 128 0.0338313
131 186 64 128 0.0285407
132 186 64 128 0.0208479
133 186 64 128 0.0141055
137 186 64 128 0.0152884
138 186 64 128 0.0383655
139 186 64 128 0.0834336
140 186 64 128 0.137595
141 186 64 128 0.141749
142 186 64 128 0.307345
143 186 64 128 0.526457
144 186 64 128 0.655005
145 186 64 128 0.75241
146 186 64 128 0.600418
147 186 64 128 0.416519
148 186 64 128 0.23876
149 186 64 128 0.0557751
150 186 64 128 0.0177107
114 187 64 128 0.0183588
115 187 64 128 0.0247236
116 187 64 128 0.0242655
117 187 64 128 0.018254
118 187 64 128 0.0113366
129 187 64 128 0.0153291
130 187 64 128 0.0185975
131 187 64 128 0.0142038
138 187 64 128 0.0142074
139 187 64 128 0.0315518
140 187 64 128 0.0498367
141 187 64 128 0.0515685
142 187 64 128 0.149038
143 187 64 128 0.292657
144 187 64 128 0.429636
145 187 64 128 0.552365
146 187 64 128 0.382459
147 187 64 128 0.205221
148 187 64 128 0.108645
149 187 64 128 0.0216121
114 188 64 128 0.0148714
115 188 64 128 0.0183939
116 188 64 128 0.0185823
117 188 64 128 0.0140098
130 188 64 128 0.010009
142 188 64 128 0.0659008
143 188 64 128 0.16253
144 188 64 128 0.297336
145 188 64 128 0.441945
146 188 64 128 0.268101
147 188 64 128 0.0983241
148 188 64 128 0.0444979
114 189 64 128 0.013375
115 189 64 128 0.0156683
116 189 64 128 0.0155187
117 189 64 128 0.0119092
142 189 64 128 0.0611861
143 189 64 128 0.139508
144 189 64 128 0.255225
145 189 64 128 0.399936
146 189 64 128 0.246536
147 189 64 128 0.0959242
148 189 64 128 0.0477478
114 190 64 128 0.0118496
115 190 64 128 0.0135634
116 190 64 128 0.0128889
140 190 64 128 0.0159338
141 190 64 128 0.0154413
142 190 64 128 0.0559215
143 190 64 128 0.111797
144 190 64 128 0.190534
145 190 64 128 0.300507
146 190 64 128 0.193771
147 190 64 128 0.0862333
148 190 64 128 0.0464744
115 191 64 128 0.0110345
116 191 64 128 0.0100644
142 191 64 128 0.0274276
143 191 64 128 0.052044
144 191 64 128 0.0882279
145 191 64 128 0.142968
146 191 64 128 0.0925744
147 191 64 128 0.0401679
148 191 64 128 0.0212025
143 192 64 128 0.013474
144 192 64 128 0.0259104
145 192 64 128 0.0444593
146 192 64 128 0.0268749
50 193 64 128 0.0113474
143 193 64 128 0.0150809
144 193 64 128 0.0283148
145 193 64 128 0.0427893
146 193 64 128 0.0259342
49 194 64 128 0.0169587
50 194 64 128 0.0222895
51 194 64 128 0.0192221
52 194 64 128 0.0174652
53 194 64 128 0.0159329
54 194 64 128 0.0130311
55 194 64 128 0.0117006
142 194 64 128 0.0107328
143 194 64 128 0.0232642
144 194 64 128 0.0407023
145 194 64 128 0.0576712
146 194 64 128 0.0365338
147 194 64 128 0.0154538
48 195 64 128 0.0191647
49 195 64 128 0.035678
50 195 64 128 0.0418872
51 195 64 128 0.0381392
52 195 64 128 0.0354253
53 195 64 128 0.0333085
54 195 64 128 0.0293698
55 195 64 128 0.0246621
56 195 64 128 0.0158762
57 195 64 128 0.0108943
143 195 64 128 0.0161993
144 195 64 128 0.0279964
145 195 64 128 0.037462
146 195 64 128 0.0240519
147 195 64 128 0.0108487
47 196 64 128 0.0140574
48 196 64 128 0.0308243
49 196 64 128 0.055465
50 196 64 128 0.0670346
51 196 64 128 0.0612316
52 196 64 128 0.0565173
53 196 64 128 0.0536739
54 196 64 128 0.0481543
55 196 64 128 0.0401559
56 196 64 128 0.0247212
57 196 64 128 0.016325
58 196 64 128 0.0126853
62 196 64 128 0.0110269
63 196 64 128 0.0107935
145 196 64 128 0.0105785
46 197 64 128 0.0125255
47 197 64 128 0.0227433
48 197 64 128 0.0429293
49 197 64 128 0.074437
50 197 64 128 0.098088
51 197 64 128 0.087192
52 197 64 128 0.07967
53 197 64 128 0.0769845
54 197 64 128 0.069421
55 197 64 128 0.0590924
56 197 64 128 0.0331732
57 197 64 128 0.0203069
58 197 64 128 0.0167249
59 197 64 128 0.0127831
60 197 64 128 0.0142499
61 197 64 128 0.0131218
62 197 64 128 0.0152048
63 197 64 128 0.015754
64 197 64 128 0.0132823
65 197 64 128 0.0125732
78 197 64 128 0.0109631
79 197 64 128 0.0119602
80 197 64 128 0.0143891
81 197 64 128 0.0113374
82 197 64 128 0.0103625
85 197 64 128 0.0102109
87 197 64 128 0.0119645
88 197 64 128 0.0132427
89 197 64 128 0.0109999
46 198 64 128 0.0204222
47 198 64 128 0.0355253
48 198 64 128 0.0661775
49 198 64 128 0.115039
50 198 64 128 0.149152
51 198 64 128 0.1288
52 198 64 128 0.120823
53 198 64 128 0.123315
54 198 64 128 0.115045
55 198 64 128 0.0988803
56 198 64 128 0.054229
57 198 64 128 0.0325283
58 198 64 128 0.0278214
59 198 64 128 0.0215717
60 198 64 128 0.0230237
61 198 64 128 0.0222693
62 198 64 128 0.0260836
63 198 64 128 0.0262451
64 198 64 128 0.0215361
65 198 64 128 0.020093
77 198 64 128 0.0121426
78 198 64 128 0.0160435
79 198 64 128 0.0174603
80 198 64 128 0.0210126
81 198 64 128 0.0161391
82 198 64 128 0.0141294
83 198 64 128 0.0128212
84 198 64 128 0.0104171
85 198 64 128 0.0129177
86 198 64 128 0.0117799
87 198 64 128 0.0143083
88 198 64 128 0.0158057
89 198 64 128 0.012682
90 198 64 128 0.0113431
45 199 64 128 0.0140009
46 199 64 128 0.0349462
47 199 64 128 0.0540577
48 199 64 128 0.110413
49 199 64 128 0.196405
50 199 64 128 0.230991
51 199 64 128 0.196287
52 199 64 128 0.192968
53 199 64 128 0.208564
54 199 64 128 0.202446
55 199 64 128 0.173727
56 199 64 128 0.0987337
57 199 64 128 0.0613312
58 199 64 128 0.0521336
59 199 64 128 0.0396719
60 199 64 128 0.0389232
61 199 64 128 0.0413704
62 199 64 128 0.0485433
63 199 64 128 0.0455843
64 199 64 128 0.0352318
65 199 64 128 0.0321831
66 199 64 128 0.0153592
67 199 64 128 0.0124145
68 199 64 128 0.0141305
69 199 64 128 0.0104418
70 199 64 128 0.0126339
73 199 64 128 0.0105128
75 199 64 128 0.0126865
76 199 64 128 0.0118737
77 199 64 128 0.0153314
78 199 64 128 0.0198106
79 199 64 128 0.0219763
80 199 64 128 0.0248404
81 199 64 128 0.0192878
82 199 64 128 0.0162377
83 199 64 128 0.0137088
84 199 64 128 0.0106767
85 199 64 128 0.0131659
86 199 64 128 0.0116321
87 199 64 128 0.0132907
88 199 64 128 0.0141965
89 199 64 128 0.0110135
45 200 64 128 0.0210206
46 200 64 128 0.0531743
47 200 64 128 0.0797528
48 200 64 128 0.168379
49 200 64 128 0.293892
50 200 64 128 0.321917
51 200 64 128 0.271229
52 200 64 128 0.275177
53 200 64 128 0.304887
54 200 64 128 0.301955
55 200 64 128 0.263136
56 200 64 128 0.151578
57 200 64 128 0.0966021
58 200 64 128 0.081949
59 200 64 128 0.0600862
60 200 64 128 0.0582017
61 200 64 128 0.0636763
62 200 64 128 0.0752185
63 200 64 128 0.0682333
64 200 64 128 0.049888
65 200 64 128 0.0462783
66 200 64 128 0.0222271
67 200 64 128 0.0171075
68 200 64 128 0.0192302
69 200 64 128 0.0140736
70 200 64 128 0.0170782
72 200 64 128 0.0111586
73 200 64 128 0.0134523
74 200 64 128 0.0114792
75 200 64 128 0.0162993
76 200 64 128 0.0153213
77 200 64 128 0.0181777
78 200 64 128 0.0233109
79 200 64 128 0.0262304
80 200 64 128 0.0278392
81 200 64 128 0.0217717
82 200 64 128 0.0180465
83 200 64 128 0.0145893
84 200 64 128 0.0109531
85 200 64 128 0.0130696
86 200 64 128 0.0113049
87 200 64 128 0.0116831
88 200 64 128 0.0116214
44 201 64 128 0.0118102
45 201 64 128 0.0300904
46 201 64 128 0.0712328
47 201 64 128 0.114006
48 201 64 128 0.228863
49 201 64 128 0.373627
50 201 64 128 0.394406
51 201 64 128 0.330481
52 201 64 128 0.340222
53 201 64 128 0.375946
54 201 64 128 0.374706
55 201 64 128 0.339516
56 201 64 128 0.1932
57 201 64 128 0.125355
58 201 64 128 0.107471
59 201 64 128 0.0746619
60 201 64 128 0.0767753
61 201 64 128 0.0813568
62 201 64 128 0.0972944
63 201 64 128 0.0879606
64 201 64 128 0.0610468
65 201 64 128 0.0597006
66 201 64 128 0.0294631
67 201 64 128 0.0212227
68 201 64 128 0.0231039
69 201 64 128 0.0170346
70 201 64 128 0.0216558
71 201 64 128 0.0133533
72 201 64 128 0.0152054
73 201 64 128 0.0176888
74 201 64 128 0.0143172
75 201 64 128 0.0197582
76 201 64 128 0.0181774
77 201 64 128 0.0220309
78 201 64 128 0.0285968
79 201 64 128 0.0318347
80 201 64 128 0.0334654
81 201 64 128 0.0255434
82 201 64 128 0.0217419
83 201 64 128 0.0184845
84 201 64 128 0.0137427
85 201 64 128 0.0155289
86 201 64 128 0.0134351
87 201 64 128 0.0131955
88 201 64 128 0.0124719
44 202 64 128 0.015952
45 202 64 128 0.0413096
46 202 64 128 0.0929819
47 202 64 128 0.15875
48 202 64 128 0.294536
49 202 64 128 0.44501
50 202 64 128 0.461536
51 202 64 128 0.390452
52 202 64 128 0.401665
53 202 64 128 0.434815
54 202 64 128 0.434555
55 202 64 128 0.411445
56 202 64 128 0.238329
57 202 64 128 0.161494
58 202 64 128 0.139756
59 202 64 128 0.0959607
60 202 64 128 0.105861
61 202 64 128 0.10805
62 202 64 128 0.127689
63 202 64 128 0.117273
64 202 64 128 0.0815962
65 202 64 128 0.0798377
66 202 64 128 0.0396686
67 202 64 128 0.0269904
68 202 64 128 0.028547
69 202 64 128 0.0213939
70 202 64 128 0.0280724
71 202 64 128 0.0180653
72 202 64 128 0.0211139
73 202 64 128 0.0241956
74 202 64 128 0.0190502
75 202 64 128 0.0254311
76 202 64 128 0.022817
77 202 64 128 0.029588
78 202 64 128 0.0387572
79 202 64 128 0.0417789
80 202 64 128 0.0443773
81 202 64 128 0.0330791
82 202 64 128 0.0286424
83 202 64 128 0.0252271
84 202 64 128 0.0181899
85 202 64 128 0.0195459
86 202 64 128 0.0166814
87 202 64 128 0.0160838
88 202 64 128 0.0151235
89 202 64 128 0.0113349
90 202 64 128 0.0100032
44 203 64 128 0.0204784
45 203 64 128 0.0546091
46 203 64 128 0.125149
47 203 64 128 0.215193
48 203 64 128 0.373362
49 203 64 128 0.536044
50 203 64 128 0.553499
51 203 64 128 0.483866
52 203 64 128 0.490479
53 203 64 128 0.5164
54 203 64 128 0.518627
55 203 64 128 0.503143
56 203 64 128 0.315816
57 203 64 128 0.229592
58 203 64 128 0.197997
59 203 64 128 0.144585
60 203 64 128 0.16221
61 203 64 128 0.165604
62 203 64 128 0.187877
63 203 64 128 0.175895
64 203 64 128 0.130866
65 203 64 128 0.117749
66 203 64 128 0.0567009
67 203 64 128 0.0378799
68 203 64 128 0.0399995
69 203 64 128 0.030326
70 203 64 128 0.0387684
71 203 64 128 0.0248013
72 203 64 128 0.028694
73 203 64 128 0.0338027
74 203 64 128 0.0282201
75 203 64 128 0.0365987
76 203 64 128 0.0327267
77 203 64 128 0.0439036
78 203 64 128 0.057018
79 203 64 128 0.0594049
80 203 64 128 0.0626308
81 203 64 128 0.0468531
82 203 64 128 0.0395208
83 203 64 128 0.0332005
84 203 64 128 0.022014
85 203 64 128 0.0224636
86 203 64 128 0.0180239
87 203 64 128 0.0162677
88 203 64 128 0.0153257
89 203 64 128 0.0118593
90 203 64 128 0.0104963
44 204 64 128 0.0244103
45 204 64 128 0.0669429
46 204 64 128 0.159126
47 204 64 128 0.269869
48 204 64 128 0.447888
49 204 64 128 0.626767
50 204 64 128 0.650316
51 204 64 128 0.589353
52 204 64 128 0.590542
53 204 64 128 0.6093
54 204 64 128 0.614292
55 204 64 128 0.599941
56 204 64 128 0.407223
57 204 64 128 0.311164
58 204 64 128 0.265988
59 204 64 128 0.205379
60 204 64 128 0.230222
61 204 64 128 0.23699
62 204 64 128 0.263584
63 204 64 128 0.250346
64 204 64 128 0.193948
65 204 64 128 0.16363
66 204 64 128 0.077272
67 204 64 128 0.0523579
68 204 64 128 0.0554898
69 204 64 128 0.0423246
70 204 64 128 0.0524621
71 204 64 128 0.0329417
72 204 64 128 0.0375879
73 204 64 128 0.0456186
74 204 64 128 0.0401624
75 204 64 128 0.0514788
76 204 64 128 0.0468375
77 204 64 128 0.0632628
78 204 64 128 0.08091
79 204 64 128 0.0829907
80 204 64 128 0.0873492
81 204 64 128 0.0654135
82 204 64 128 0.0535639
83 204 64 128 0.0431737
84 204 64 128 0.0268943
85 204 64 128 0.0262039
86 204 64 128 0.0193296
87 204 64 128 0.015849
88 204 64 128 0.0149325
89 204 64 128 0.0118295
90 204 64 128 0.0103338
44 205 64 128 0.0262439
45 205 64 128 0.073114
46 205 64 128 0.175104
47 205 64 128 0.298675
48 205 64 128 0.482197
49 205 64 128 0.662135
50 205 64 128 0.69518
51 205 64 128 0.645796
52 205 64 128 0.65096
53 205 64 128 0.667706
54 205 64 128 0.671994
55 205 64 128 0.658454
56 205 64 128 0.459321
57 205 64 128 0.356157
58 205 64 128 0.301658
59 205 64 128 0.237001
60 205 64 128 0.27057
61 205 64 128 0.276749
62 205 64 128 0.314308
63 205 64 128 0.302784
64 205 64 128 0.230967
65 205 64 128 0.192488
66 205 64 128 0.0928718
67 205 64 128 0.0652018
68 205 64 128 0.0683272
69 205 64 128 0.0524244
70 205 64 128 0.0650914
71 205 64 128 0.040866
72 205 64 128 0.0472942
73 205 64 128 0.0574699
74 205 64 128 0.0501529
75 205 64 128 0.0646101
76 205 64 128 0.0607609
77 205 64 128 0.0824858
78 205 64 128 0.10383
79 205 64 128 0.107103
80 205 64 128 0.115455
81 205 64 128 0.084456
82 205 64 128 0.068798
83 205 64 128 0.0576063
84 205 64 128 0.0373544
85 205 64 128 0.0359594
86 205 64 128 0.0259804
87 205 64 128 0.0213953
88 205 64 128 0.0202095
89 205 64 128 0.0155641
90 205 64 128 0.0133844
44 206 64 128 0.025398
45 206 64 128 0.0713749
46 206 64 128 0.168226
47 206 64 128 0.293398
48 206 64 128 0.467975
49 206 64 128 0.634064
50 206 64 128 0.675876
51 206 64 128 0.638867
52 206 64 128 0.657133
53 206 64 128 0.675658
54 206 64 128 0.675431
55 206 64 128 0.665326
56 206 64 128 0.458262
57 206 64 128 0.353212
58 206 64 128 0.297143
59 206 64 128 0.23091
60 206 64 128 0.272455
61 206 64 128 0.276231
62 206 64 128 0.331067
63 206 64 128 0.324423
64 206 64 128 0.23645
65 206 64 128 0.200835
66 206 64 128 0.101826
67 206 64 128 0.0750409
68 206 64 128 0.077051
69 206 64 128 0.0590716
70 206 64 128 0.0743806
71 206 64 128 0.0476503
72 206 64 128 0.0567543
73 206 64 128 0.0680459
74 206 64 128 0.0579066
75 206 64 128 0.0759791
76 206 64 128 0.0748093
77 206 64 128 0.101453
78 206 64 128 0.125312
79 206 64 128 0.13074
80 206 64 128 0.144803
81 206 64 128 0.103798
82 206 64 128 0.0845666
83 206 64 128 0.0749542
84 206 64 128 0.052546
85 206 64 128 0.050183
86 206 64 128 0.0369064
87 206 64 128 0.0318196
88 206 64 128 0.0298635
89 206 64 128 0.0221106
90 206 64 128 0.0187806
91 206 64 128 0.0130935
44 207 64 128 0.0223614
45 207 64 128 0.0639676
46 207 64 128 0.150925
47 207 64 128 0.264228
48 207 64 128 0.42877
49 207 64 128 0.588635
50 207 64 128 0.631778
51 207 64 128 0.608374
52 207 64 128 0.636622
53 207 64 128 0.65212
54 207 64 128 0.647147
55 207 64 128 0.64212
56 207 64 128 0.435873
57 207 64 128 0.335721
58 207 64 128 0.284038
59 207 64 128 0.216469
60 207 64 128 0.25812
61 207 64 128 0.269263
62 207 64 128 0.341261
63 207 64 128 0.340008
64 207 64 128 0.244474
65 207 64 128 0.209879
66 207 64 128 0.11031
67 207 64 128 0.0849411
68 207 64 128 0.0862212
69 207 64 128 0.0646609
70 207 64 128 0.0801612
71 207 64 128 0.0531817
72 207 64 128 0.064278
73 207 64 128 0.0770374
74 207 64 128 0.0682091
75 207 64 128 0.0917796
76 207 64 128 0.0946334
77 207 64 128 0.125788
78 207 64 128 0.151871
79 207 64 128 0.157967
80 207 64 128 0.17433
81 207 64 128 0.127937
82 207 64 128 0.101698
83 207 64 128 0.0890921
84 207 64 128 0.065454
85 207 64 128 0.0596208
86 207 64 128 0.0436484
87 207 64 128 0.0372657
88 207 64 128 0.0339492
89 207 64 128 0.0244806
90 207 64 128 0.0202332
91 207 64 128 0.0139961
44 208 64 128 0.0179673
45 208 64 128 0.0532474
46 208 64 128 0.131386
47 208 64 128 0.2218
48 208 64 128 0.38096
49 208 64 128 0.549394
50 208 64 128 0.58423
51 208 64 128 0.574353
52 208 64 128 0.605732
53 208 64 128 0.613022
54 208 64 128 0.605056
55 208 64 128 0.604333
56 208 64 128 0.41151
57 208 64 128 0.321297
58 208 64 128 0.276715
59 208 64 128 0.208153
60 208 64 128 0.241058
61 208 64 128 0.270727
62 208 64 128 0.352948
63 208 64 128 0.354719
64 208 64 128 0.26366
65 208 64 128 0.223146
66 208 64 128 0.118176
67 208 64 128 0.093643
68 208 64 128 0.0949721
69 208 64 128 0.0689384
70 208 64 128 0.0817432
71 208 64 128 0.0564925
72 208 64 128 0.0680094
73 208 64 128 0.0827696
74 208 64 128 0.0803377
75 208 64 128 0.110314
76 208 64 128 0.117364
77 208 64 128 0.151886
78 208 64 128 0.180331
79 208 64 128 0.185825
80 208 64 128 0.199838
81 208 64 128 0.153852
82 208 64 128 0.117212
83 208 64 128 0.0958468
84 208 64 128 0.0713874
85 208 64 128 0.0596841
86 208 64 128 0.0421711
87 208 64 128 0.0335453
88 208 64 128 0.0286869
89 208 64 128 0.0201495
90 208 64 128 0.0156657
91 208 64 128 0.0107029
44 209 64 128 0.0135375
45 209 64 128 0.0413922
46 209 64 128 0.108935
47 209 64 128 0.175805
48 209 64 128 0.325718
49 209 64 128 0.496374
50 209 64 128 0.519012
51 209 64 128 0.518058
52 209 64 128 0.557637
53 209 64 128 0.565875
54 209 64 128 0.555559
55 209 64 128 0.553867
56 209 64 128 0.379009
57 209 64 128 0.29646
58 209 64 128 0.256482
59 209 64 128 0.191506
60 209 64 128 0.21676
61 209 64 128 0.25922
62 209 64 128 0.337802
63 209 64 128 0.337249
64 209 64 128 0.255505
65 209 64 128 0.21169
66 209 64 128 0.113761
67 209 64 128 0.0920991
68 209 64 128 0.0926248
69 209 64 128 0.066766
70 209 64 128 0.0773549
71 209 64 128 0.0550831
72 209 64 128 0.0658734
73 209 64 128 0.081149
74 209 64 128 0.0837008
75 209 64 128 0.115844
76 209 64 128 0.125101
77 209 64 128 0.159871
78 209 64 128 0.19033
79 209 64 128 0.198907
80 209 64 128 0.211692
81 209 64 128 0.165265
82 209 64 128 0.121497
83 209 64 128 0.0948088
84 209 64 128 0.0702
85 209 64 128 0.0544679
86 209 64 128 0.0366814
87 209 64 128 0.0269642
88 209 64 128 0.021629
89 209 64 128 0.0147754
90 209 64 128 0.0106982
44 210 64 128 0.0100812
45 210 64 128 0.030492
46 210 64 128 0.084186
47 210 64 128 0.134672
48 210 64 128 0.265973
49 210 64 128 0.418946
50 210 64 128 0.432139
51 210 64 128 0.433646
52 210 64 128 0.492759
53 210 64 128 0.518266
54 210 64 128 0.506151
55 210 64 128 0.497837
56 210 64 128 0.336925
57 210 64 128 0.255554
58 210 64 128 0.215365
59 210 64 128 0.159634
60 210 64 128 0.185148
61 210 64 128 0.223585
62 210 64 128 0.284269
63 210 64 128 0.276179
64 210 64 128 0.201877
65 210 64 128 0.163162
66 210 64 128 0.0924578
67 210 64 128 0.0766653
68 210 64 128 0.0748679
69 210 64 128 0.0564166
70 210 64 128 0.0673229
71 210 64 128 0.0484952
72 210 64 128 0.0581699
73 210 64 128 0.0717209
74 210 64 128 0.0740353
75 210 64 128 0.101785
76 210 64 128 0.109907
77 210 64 128 0.140958
78 210 64 128 0.172607
79 210 64 128 0.18984
80 210 64 128 0.20574
81 210 64 128 0.154445
82 210 64 128 0.110698
83 210 64 128 0.0872295
84 210 64 128 0.0631616
85 210 64 128 0.0477321
86 210 64 128 0.0309284
87 210 64 128 0.0224843
88 210 64 128 0.0182909
89 210 64 128 0.0124259
45 211 64 128 0.0224507
46 211 64 128 0.0633678
47 211 64 128 0.103778
48 211 64 128 0.213139
49 211 64 128 0.342013
50 211 64 128 0.355467
51 211 64 128 0.358924
52 211 64 128 0.436379
53 211 64 128 0.480134
54 211 64 128 0.470143
55 211 64 128 0.460454
56 211 64 128 0.302678
57 211 64 128 0.221329
58 211 64 128 0.181871
59 211 64 128 0.132804
60 211 64 128 0.162336
61 211 64 128 0.188743
62 211 64 128 0.233964
63 211 64 128 0.221422
64 211 64 128 0.14995
65 211 64 128 0.116903
66 211 64 128 0.0710503
67 211 64 128 0.0598194
68 211 64 128 0.0565486
69 211 64 128 0.0463324
70 211 64 128 0.0577375
71 211 64 128 0.0419995
72 211 64 128 0.051465
73 211 64 128 0.0641636
74 211 64 128 0.0661488
75 211 64 128 0.0890641
76 211 64 128 0.0937413
77 211 64 128 0.119531
78 211 64 128 0.15131
79 211 64 128 0.175445
80 211 64 128 0.193572
81 211 64 128 0.139402
82 211 64 128 0.0977171
83 211 64 128 0.0777404
84 211 64 128 0.0540828
85 211 64 128 0.0401396
86 211 64 128 0.0253571
87 211 64 128 0.0188705
88 211 64 128 0.0159652
89 211 64 128 0.0109171
45 212 64 128 0.0183008
46 212 64 128 0.0512657
47 212 64 128 0.0857268
48 212 64 128 0.176245
49 212 64 128 0.28816
50 212 64 128 0.314654
51 212 64 128 0.324555
52 212 64 128 0.40817
53 212 64 128 0.457379
54 212 64 128 0.455525
55 212 64 128 0.458094
56 212 64 128 0.290246
57 212 64 128 0.212762
58 212 64 128 0.179495
59 212 64 128 0.127881
60 212 64 128 0.160332
61 212 64 128 0.176538
62 212 64 128 0.222487
63 212 64 128 0.215219
64 212 64 128 0.141401
65 212 64 128 0.107537
66 212 64 128 0.0645482
67 212 64 128 0.0530494
68 212 64 128 0.0510143
69 212 64 128 0.0438138
70 212 64 128 0.0536851
71 212 64 128 0.0400689
72 212 64 128 0.0511061
73 212 64 128 0.0662326
74 212 64 128 0.0722221
75 212 64 128 0.0953138
76 212 64 128 0.0958132
77 212 64 128 0.117385
78 212 64 128 0.148026
79 212 64 128 0.170853
80 212 64 128 0.185783
81 212 64 128 0.136018
82 212 64 128 0.0938436
83 212 64 128 0.0706282
84 212 64 128 0.0466244
85 212 64 128 0.0322809
86 212 64 128 0.0200933
87 212 64 128 0.0146142
88 212 64 128 0.0118627
45 213 64 128 0.015618
46 213 64 128 0.0429995
47 213 64 128 0.0737557
48 213 64 128 0.148916
49 213 64 128 0.246869
50 213 64 128 0.286113
51 213 64 128 0.302905
52 213 64 128 0.388279
53 213 64 128 0.437744
54 213 64 128 0.444567
55 213 64 128 0.463586
56 213 64 128 0.286946
57 213 64 128 0.214472
58 213 64 128 0.186933
59 213 64 128 0.129725
60 213 64 128 0.163508
61 213 64 128 0.172229
62 213 64 128 0.225442
63 213 64 128 0.227594
64 213 64 128 0.152007
65 213 64 128 0.116014
66 213 64 128 0.0664753
67 213 64 128 0.053082
68 213 64 128 0.0527423
69 213 64 128 0.0447256
70 213 64 128 0.0523064
71 213 64 128 0.0400973
72 213 64 128 0.0532759
73 213 64 128 0.0710623
74 213 64 128 0.0809918
75 213 64 128 0.10636
76 213 64 128 0.104209
77 213 64 128 0.123655
78 213 64 128 0.151654
79 213 64 128 0.168222
80 213 64 128 0.178447
81 213 64 128 0.134336
82 213 64 128 0.0926363
83 213 64 128 0.0665198
84 213 64 128 0.0421474
85 213 64 128 0.0265028
86 213 64 128 0.0161436
87 213 64 128 0.0111953
45 214 64 128 0.011649
46 214 64 128 0.032413
47 214 64 128 0.0599792
48 214 64 128 0.122131
49 214 64 128 0.201966
50 214 64 128 0.239451
51 214 64 128 0.258233
52 214 64 128 0.351094
53 214 64 128 0.406412
54 214 64 128 0.416605
55 214 64 128 0.44478
56 214 64 128 0.27635
57 214 64 128 0.206275
58 214 64 128 0.176989
59 214 64 128 0.119047
60 214 64 128 0.153175
61 214 64 128 0.156283
62 214 64 128 0.210294
63 214 64 128 0.218509
64 214 64 128 0.147474
65 214 64 128 0.11455
66 214 64 128 0.0666294
67 214 64 128 0.0539197
68 214 64 128 0.0530813
69 214 64 128 0.0434085
70 214 64 128 0.0497285
71 214 64 128 0.0385976
72 214 64 128 0.0530832
73 214 64 128 0.0703086
74 214 64 128 0.079005
75 214 64 128 0.104817
76 214 64 128 0.103434
77 214 64 128 0.123286
78 214 64 128 0.147409
79 214 64 128 0.158188
80 214 64 128 0.167185
81 214 64 128 0.122197
82 214 64 128 0.0858376
83 214 64 128 0.0654072
84 214 64 128 0.0413697
85 214 64 128 0.0251397
86 214 64 128 0.0145906
87 214 64 128 0.0105008
46 215 64 128 0.0212576
47 215 64 128 0.0449104
48 215 64 128 0.0954845
49 215 64 128 0.155944
50 215 64 128 0.182597
51 215 64 128 0.199851
52 215 64 128 0.299826
53 215 64 128 0.362354
54 215 64 128 0.375025
55 215 64 128 0.410223
56 215 64 128 0.262386
57 215 64 128 0.194346
58 215 64 128 0.159279
59 215 64 128 0.103264
60 215 64 128 0.137096
61 215 64 128 0.13932
62 215 64 128 0.192145
63 215 64 128 0.203566
64 215 64 128 0.138464
65 215 64 128 0.108476
66 215 64 128 0.0665547
67 215 64 128 0.0565572
68 215 64 128 0.0546442
69 215 64 128 0.0434645
70 215 64 128 0.0488107
71 215 64 128 0.0382245
72 215 64 128 0.0540271
73 215 64 128 0.070556
74 215 64 128 0.0779294
75 215 64 128 0.105779
76 215 64 128 0.106922
77 215 64 128 0.12872
78 215 64 128 0.1514
79 215 64 128 0.160096
80 215 64 128 0.169089
81 215 64 128 0.1165
82 215 64 128 0.0831358
83 215 64 128 0.0692834
84 215 64 128 0.0446656
85 215 64 128 0.0274876
86 215 64 128 0.0155347
87 215 64 128 0.012058
88 215 64 128 0.0105499
46 216 64 128 0.014094
47 216 64 128 0.0322979
48 216 64 128 0.0721403
49 216 64 128 0.118526
50 216 64 128 0.137756
51 216 64 128 0.15397
52 216 64 128 0.249671
53 216 64 128 0.311536
54 216 64 128 0.333223
55 216 64 128 0.38373
56 216 64 128 0.256679
57 216 64 128 0.194432
58 216 64 128 0.156448
59 216 64 128 0.0992465
60 216 64 128 0.132585
61 216 64 128 0.142204
62 216 64 128 0.202063
63 216 64 128 0.21716
64 216 64 128 0.15104
65 216 64 128 0.114982
66 216 64 128 0.0720539
67 216 64 128 0.0643387
68 216 64 128 0.0636435
69 216 64 128 0.0512008
70 216 64 128 0.0543827
71 216 64 128 0.0434406
72 216 64 128 0.0620462
73 216 64 128 0.0827099
74 216 64 128 0.0966405
75 216 64 128 0.133491
76 216 64 128 0.136023
77 216 64 128 0.159814
78 216 64 128 0.18775
79 216 64 128 0.199909
80 216 64 128 0.205548
81 216 64 128 0.141764
82 216 64 128 0.0990537
83 216 64 128 0.0802198
84 216 64 128 0.0519047
85 216 64 128 0.0315533
86 216 64 128 0.0185363
87 216 64 128 0.0144723
88 216 64 128 0.0122389
46 217 64 128 0.0114023
47 217 64 128 0.0242999
48 217 64 128 0.0563804
49 217 64 128 0.0963436
50 217 64 128 0.114593
51 217 64 128 0.133333
52 217 64 128 0.219918
53 217 64 128 0.275665
54 217 64 128 0.308144
55 217 64 128 0.376923
56 217 64 128 0.265442
57 217 64 128 0.210957
58 217 64 128 0.171594
59 217 64 128 0.109733
60 217 64 128 0.144962
61 217 64 128 0.165098
62 217 64 128 0.236073
63 217 64 128 0.254354
64 217 64 128 0.181895
65 217 64 128 0.135223
66 217 64 128 0.0837972
67 217 64 128 0.0755379
68 217 64 128 0.0760956
69 217 64 128 0.0617681
70 217 64 128 0.0631988
71 217 64 128 0.0514588
72 217 64 128 0.0728471
73 217 64 128 0.0992695
74 217 64 128 0.122348
75 217 64 128 0.169408
76 217 64 128 0.171457
77 217 64 128 0.196611
78 217 64 128 0.232403
79 217 64 128 0.249744
80 217 64 128 0.25059
81 217 64 128 0.178092
82 217 64 128 0.122058
83 217 64 128 0.0923627
84 217 64 128 0.0589634
85 217 64 128 0.0346255
86 217 64 128 0.0215902
87 217 64 128 0.01666
88 217 64 128 0.0130968
46 218 64 128 0.011164
47 218 64 128 0.0219356
48 218 64 128 0.0527527
49 218 64 128 0.0935799
50 218 64 128 0.114553
51 218 64 128 0.141673
52 218 64 128 0.230877
53 218 64 128 0.284261
54 218 64 128 0.317718
55 218 64 128 0.393633
56 218 64 128 0.291314
57 218 64 128 0.241416
58 218 64 128 0.196194
59 218 64 128 0.129044
60 218 64 128 0.172247
61 218 64 128 0.195911
62 218 64 128 0.269884
63 218 64 128 0.287505
64 218 64 128 0.210661
65 218 64 128 0.16094
66 218 64 128 0.0995246
67 218 64 128 0.0857224
68 218 64 128 0.0825081
69 218 64 128 0.064304
70 218 64 128 0.0676207
71 218 64 128 0.0555411
72 218 64 128 0.0765958
73 218 64 128 0.102652
74 218 64 128 0.124757
75 218 64 128 0.171353
76 218 64 128 0.171631
77 218 64 128 0.197434
78 218 64 128 0.235031
79 218 64 128 0.252386
80 218 64 128 0.252503
81 218 64 128 0.181063
82 218 64 128 0.126283
83 218 64 128 0.0958216
84 218 64 128 0.059884
85 218 64 128 0.0339343
86 218 64 128 0.0220038
87 218 64 128 0.0178491
88 218 64 128 0.0143848
89 218 64 128 0.0100849
46 219 64 128 0.0116343
47 219 64 128 0.0231071
48 219 64 128 0.0575619
49 219 64 128 0.10373
50 219 64 128 0.12942
51 219 64 128 0.168683
52 219 64 128 0.273346
53 219 64 128 0.329921
54 219 64 128 0.356469
55 219 64 128 0.432179
56 219 64 128 0.332328
57 219 64 128 0.28425
58 219 64 128 0.22987
59 219 64 128 0.157138
60 219 64 128 0.214132
61 219 64 128 0.232218
62 219 64 128 0.30396
63 219 64 128 0.318708
64 219 64 128 0.237233
65 219 64 128 0.193144
66 219 64 128 0.121577
67 219 64 128 0.0987062
68 219 64 128 0.0885729
69 219 64 128 0.0648148
70 219 64 128 0.0714103
71 219 64 128 0.0590382
72 219 64 128 0.0784118
73 219 64 128 0.0999001
74 219 64 128 0.112742
75 219 64 128 0.150516
76 219 64 128 0.148168
77 219 64 128 0.175504
78 219 64 128 0.211982
79 219 64 128 0.225686
80 219 64 128 0.226697
81 219 64 128 0.161635
82 219 64 128 0.119438
83 219 64 128 0.0973105
84 219 64 128 0.061039
85 219 64 128 0.0342808
86 219 64 128 0.0225503
87 219 64 128 0.0196443
88 219 64 128 0.0172042
89 219 64 128 0.0130116
10 220 64 128 0.0105033
11 220 64 128 0.0106428
12 220 64 128 0.0115677
46 220 64 128 0.0113815
47 220 64 128 0.0229449
48 220 64 128 0.0597025
49 220 64 128 0.110754
50 220 64 128 0.142489
51 220 64 128 0.191671
52 220 64 128 0.311529
53 220 64 128 0.371813
54 220 64 128 0.397777
55 220 64 128 0.485908
56 220 64 128 0.382387
57 220 64 128 0.338849
58 220 64 128 0.279765
59 220 64 128 0.199224
60 220 64 128 0.271902
61 220 64 128 0.280578
62 220 64 128 0.361402
63 220 64 128 0.377201
64 220 64 128 0.280138
65 220 64 128 0.241346
66 220 64 128 0.156451
67 220 64 128 0.12572
68 220 64 128 0.113657
69 220 64 128 0.0844952
70 220 64 128 0.0885992
71 220 64 128 0.0743829
72 220 64 128 0.096844
73 220 64 128 0.120227
74 220 64 128 0.130575
75 220 64 128 0.166393
76 220 64 128 0.160859
77 220 64 128 0.193664
78 220 64 128 0.239815
79 220 64 128 0.255278
80 220 64 128 0.249256
81 220 64 128 0.180904
82 220 64 128 0.139562
83 220 64 128 0.118391
84 220 64 128 0.0797492
85 220 64 128 0.0471483
86 220 64 128 0.0308596
87 220 64 128 0.025749
88 220 64 128 0.0224634
89 220 64 128 0.0177548
90 220 64 128 0.0139358
10 221 64 128 0.0163434
11 221 64 128 0.0174983
12 221 64 128 0.0179108
13 221 64 128 0.0127658
46 221 64 128 0.0101868
47 221 64 128 0.0202932
48 221 64 128 0.0562808
49 221 64 128 0.110779
50 221 64 128 0.150806
51 221 64 128 0.20683
52 221 64 128 0.336038
53 221 64 128 0.398867
54 221 64 128 0.434047
55 221 64 128 0.548339
56 221 64 128 0.438379
57 221 64 128 0.403759
58 221 64 128 0.347055
59 221 64 128 0.258075
60 221 64 128 0.345045
61 221 64 128 0.344249
62 221 64 128 0.446133
63 221 64 128 0.467974
64 221 64 128 0.34644
65 221 64 128 0.308043
66 221 64 128 0.205218
67 221 64 128 0.168518
68 221 64 128 0.160153
69 221 64 128 0.125609
70 221 64 128 0.120433
71 221 64 128 0.102373
72 221 64 128 0.131997
73 221 64 128 0.164272
74 221 64 128 0.182283
75 221 64 128 0.227364
76 221 64 128 0.219272
77 221 64 128 0.260759
78 221 64 128 0.326431
79 221 64 128 0.349596
80 221 64 128 0.33045
81 221 64 128 0.247107
82 221 64 128 0.190079
83 221 64 128 0.158558
84 221 64 128 0.114226
85 221 64 128 0.0711381
86 221 64 128 0.0463225
87 221 64 128 0.0360714
88 221 64 128 0.0299286
89 221 64 128 0.0237258
90 221 64 128 0.0188944
91 221 64 128 0.0133694
92 221 64 128 0.0105046
98 221 64 128 0.0116978
99 221 64 128 0.0152251
100 221 64 128 0.0160939
101 221 64 128 0.0126609
0 222 64 128 0.0101266
9 222 64 128 0.0134068
10 222 64 128 0.0225747
11 222 64 128 0.0243978
12 222 64 128 0.0245891
13 222 64 128 0.0174979
47 222 64 128 0.0192306
48 222 64 128 0.0560403
49 222 64 128 0.117089
50 222 64 128 0.170658
51 222 64 128 0.236824
52 222 64 128 0.375019
53 222 64 128 0.44251
54 222 64 128 0.484813
55 222 64 128 0.613446
56 222 64 128 0.501449
57 222 64 128 0.476272
58 222 64 128 0.424278
59 222 64 128 0.33278
60 222 64 128 0.430434
61 222 64 128 0.421433
62 222 64 128 0.534558
63 222 64 128 0.561303
64 222 64 128 0.426452
65 222 64 128 0.385602
66 222 64 128 0.261257
67 222 64 128 0.215442
68 222 64 128 0.206441
69 222 64 128 0.163656
70 222 64 128 0.150081
71 222 64 128 0.127378
72 222 64 128 0.158
73 222 64 128 0.192375
74 222 64 128 0.214892
75 222 64 128 0.269209
76 222 64 128 0.261597
77 222 64 128 0.308995
78 222 64 128 0.382473
79 222 64 128 0.407726
80 222 64 128 0.387148
81 222 64 128 0.293396
82 222 64 128 0.225377
83 222 64 128 0.186285
84 222 64 128 0.135921
85 222 64 128 0.0868457
86 222 64 128 0.0567826
87 222 64 128 0.0452024
88 222 64 128 0.0378045
89 222 64 128 0.0290112
90 222 64 128 0.0239168
91 222 64 128 0.0170262
92 222 64 128 0.0135048
93 222 64 128 0.0117773
97 222 64 128 0.0116221
98 222 64 128 0.0159904
99 222 64 128 0.0207163
100 222 64 128 0.0221628
101 222 64 128 0.01722
102 222 64 128 0.010122
0 223 64 128 0.013659
9 223 64 128 0.0154935
10 223 64 128 0.0263505
11 223 64 128 0.0281572
12 223 64 128 0.0287154
13 223 64 128 0.0207824
47 223 64 128 0.0211477
48 223 64 128 0.0615011
49 223 64 128 0.131673
50 223 64 128 0.201715
51 223 64 128 0.282646
52 223 64 128 0.431764
53 223 64 128 0.507279
54 223 64 128 0.549345
55 223 64 128 0.669971
56 223 64 128 0.563287
57 223 64 128 0.544801
58 223 64 128 0.497272
59 223 64 128 0.412718
60 223 64 128 0.516621
61 223 64 128 0.503237
62 223 64 128 0.60749
63 223 64 128 0.634391
64 223 64 128 0.506319
65 223 64 128 0.46036
66 223 64 128 0.314957
67 223 64 128 0.25615
68 223 64 128 0.237502
69 223 64 128 0.183355
70 223 64 128 0.167055
71 223 64 128 0.140881
72 223 64 128 0.162938
73 223 64 128 0.187448
74 223 64 128 0.204727
75 223 64 128 0.260185
76 223 64 128 0.25587
77 223 64 128 0.303303
78 223 64 128 0.364345
79 223 64 128 0.381574
80 223 64 128 0.377097
81 223 64 128 0.286595
82 223 64 128 0.223045
83 223 64 128 0.185546
84 223 64 128 0.130596
85 223 64 128 0.0842719
86 223 64 128 0.0559611
87 223 64 128 0.049663
88 223 64 128 0.0442701
89 223 64 128 0.0323126
90 223 64 128 0.0280007
91 223 64 128 0.0202527
92 223 64 128 0.0163204
93 223 64 128 0.0143034
94 223 64 128 0.0104726
96 223 64 128 0.0105581
97 223 64 128 0.0136515
98 223 64 128 0.0186663
99 223 64 128 0.0239481
100 223 64 128 0.0251308
101 223 64 128 0.0191405
102 223 64 128 0.0111551
0 224 64 128 0.0152445
1 224 64 128 0.0101154
9 224 64 128 0.0149811
10 224 64 128 0.0254074
11 224 64 128 0.0270779
12 224 64 128 0.0277279
13 224 64 128 0.0202788
47 224 64 128 0.0210524
48 224 64 128 0.0604755
49 224 64 128 0.130431
50 224 64 128 0.206176
51 224 64 128 0.296192
52 224 64 128 0.452175
53 224 64 128 0.535348
54 224 64 128 0.58066
55 224 64 128 0.695698
56 224 64 128 0.595266
57 224 64 128 0.579482
58 224 64 128 0.539242
59 224 64 128 0.467632
60 224 64 128 0.575238
61 224 64 128 0.566777
62 224 64 128 0.659062
63 224 64 128 0.684098
64 224 64 128 0.566055
65 224 64 128 0.507647
66 224 64 128 0.351654
67 224 64 128 0.28506
68 224 64 128 0.255683
69 224 64 128 0.192656
70 224 64 128 0.1768
71 224 64 128 0.151641
72 224 64 128 0.167859
73 224 64 128 0.185463
74 224 64 128 0.197683
75 224 64 128 0.247098
76 224 64 128 0.243014
77 224 64 128 0.288292
78 224 64 128 0.338363
79 224 64 128 0.349472
80 224 64 128 0.357212
81 224 64 128 0.274938
82 224 64 128 0.216366
83 224 64 128 0.177254
84 224 64 128 0.117826
85 224 64 128 0.0757073
86 224 64 128 0.0515523
87 224 64 128 0.0507929
88 224 64 128 0.0476861
89 224 64 128 0.0338122
90 224 64 128 0.0299471
91 224 64 128 0.0220035
92 224 64 128 0.0178494
93 224 64 128 0.0154424
94 224 64 128 0.010986
96 224 64 128 0.0112802
97 224 64 128 0.0143627
98 224 64 128 0.0196771
99 224 64 128 0.025472
100 224 64 128 0.0267934
101 224 64 128 0.0204565
102 224 64 128 0.0118715
0 225 64 128 0.0139151
9 225 64 128 0.0117884
10 225 64 128 0.0192307
11 225 64 128 0.0211113
12 225 64 128 0.0210045
13 225 64 128 0.0151782
47 225 64 128 0.0154943
48 225 64 128 0.0448445
49 225 64 128 0.0979274
50 225 64 128 0.159949
51 225 64 128 0.245285
52 225 64 128 0.398207
53 225 64 128 0.484893
54 225 64 128 0.54405
55 225 64 128 0.672862
56 225 64 128 0.574723
57 225 64 128 0.55749
58 225 64 128 0.528657
59 225 64 128 0.471453
60 225 64 128 0.580773
61 225 64 128 0.58769
62 225 64 128 0.678489
63 225 64 128 0.701936
64 225 64 128 0.583458
65 225 64 128 0.504673
66 225 64 128 0.355887
67 225 64 128 0.293344
68 225 64 128 0.259527
69 225 64 128 0.195372
70 225 64 128 0.180692
71 225 64 128 0.162632
72 225 64 128 0.184021
73 225 64 128 0.207881
74 225 64 128 0.222652
75 225 64 128 0.261242
76 225 64 128 0.251163
77 225 64 128 0.294761
78 225 64 128 0.350555
79 225 64 128 0.365962
80 225 64 128 0.366612
81 225 64 128 0.290588
82 225 64 128 0.227064
83 225 64 128 0.175883
84 225 64 128 0.112575
85 225 64 128 0.0709314
86 225 64 128 0.0494806
87 225 64 128 0.0494516
88 225 64 128 0.0465595
89 225 64 128 0.0333901
90 225 64 128 0.0288041
91 225 64 128 0.0214105
92 225 64 128 0.0172363
93 225 64 128 0.0144105
94 225 64 128 0.0102091
96 225 64 128 0.0107628
97 225 64 128 0.0136622
98 225 64 128 0.0190719
99 225 64 128 0.0256651
100 225 64 128 0.0283268
101 225 64 128 0.0224624
102 225 64 128 0.0130676
0 226 64 128 0.0115567
10 226 64 128 0.0127115
11 226 64 128 0.0149343
12 226 64 128 0.0140495
48 226 64 128 0.0255309
49 226 64 128 0.0571817
50 226 64 128 0.0982414
51 226 64 128 0.168872
52 226 64 128 0.306684
53 226 64 128 0.390802
54 226 64 128 0.463027
55 226 64 128 0.602475
56 226 64 128 0.506395
57 226 64 128 0.486062
58 226 64 128 0.46604
59 226 64 128 0.419535
60 226 64 128 0.523727
61 226 64 128 0.542487
62 226 64 128 0.633755
63 226 64 128 0.654259
64 226 64 128 0.53166
65 226 64 128 0.439151
66 226 64 128 0.311662
67 226 64 128 0.259787
68 226 64 128 0.228322
69 226 64 128 0.172622
70 226 64 128 0.16057
71 226 64 128 0.151213
72 226 64 128 0.177846
73 226 64 128 0.208004
74 226 64 128 0.225693
75 226 64 128 0.252291
76 226 64 128 0.237881
77 226 64 128 0.276915
78 226 64 128 0.337298
79 226 64 128 0.358
80 226 64 128 0.347118
81 226 64 128 0.281136
82 226 64 128 0.217184
83 226 64 128 0.160277
84 226 64 128 0.101315
85 226 64 128 0.0626563
86 226 64 128 0.0443397
87 226 64 128 0.0430103
88 226 64 128 0.039795
89 226 64 128 0.0293553
90 226 64 128 0.0244975
91 226 64 128 0.0183475
92 226 64 128 0.0146774
93 226 64 128 0.0118665
97 226 64 128 0.0116706
98 226 64 128 0.0166933
99 226 64 128 0.0234179
100 226 64 128 0.0273234
101 226 64 128 0.0225867
102 226 64 128 0.013246
0 227 64 128 0.0101682
10 227 64 128 0.0105101
11 227 64 128 0.0128919
12 227 64 128 0.012055
48 227 64 128 0.0145781
49 227 64 128 0.0333609
50 227 64 128 0.0598613
51 227 64 128 0.111601
52 227 64 128 0.222196
53 227 64 128 0.296572
54 227 64 128 0.368865
55 227 64 128 0.492262
56 227 64 128 0.402822
57 227 64 128 0.380708
58 227 64 128 0.361012
59 227 64 128 0.31808
60 227 64 128 0.406483
61 227 64 128 0.420766
62 227 64 128 0.504172
63 227 64 128 0.518792
64 227 64 128 0.397767
65 227 64 128 0.311702
66 227 64 128 0.213382
67 227 64 128 0.172235
68 227 64 128 0.148508
69 227 64 128 0.110444
70 227 64 128 0.103228
71 227 64 128 0.0993776
72 227 64 128 0.119933
73 227 64 128 0.142793
74 227 64 128 0.155989
75 227 64 128 0.172826
76 227 64 128 0.16326
77 227 64 128 0.191819
78 227 64 128 0.237201
79 227 64 128 0.254075
80 227 64 128 0.243735
81 227 64 128 0.197147
82 227 64 128 0.151473
83 227 64 128 0.110955
84 227 64 128 0.0703953
85 227 64 128 0.0433267
86 227 64 128 0.0307584
87 227 64 128 0.0296523
88 227 64 128 0.027393
89 227 64 128 0.0206641
90 227 64 128 0.0175184
91 227 64 128 0.0131481
92 227 64 128 0.0107207
98 227 64 128 0.012591
99 227 64 128 0.0179102
100 227 64 128 0.0216052
101 227 64 128 0.0183866
102 227 64 128 0.0109607
10 228 64 128 0.0105501
11 228 64 128 0.012779
12 228 64 128 0.0123215
48 228 64 128 0.0101849
49 228 64 128 0.0230875
50 228 64 128 0.0410629
51 228 64 128 0.0741356
52 228 64 128 0.15205
53 228 64 128 0.210814
54 228 64 128 0.272648
55 228 64 128 0.364944
56 228 64 128 0.288209
57 228 64 128 0.268284
58 228 64 128 0.246973
59 228 64 128 0.206653
60 228 64 128 0.275622
61 228 64 128 0.278065
62 228 64 128 0.348705
63 228 64 128 0.357173
64 228 64 128 0.245034
65 228 64 128 0.178051
66 228 64 128 0.109117
67 228 64 128 0.0775109
68 228 64 128 0.0628372
69 228 64 128 0.0432952
70 228 64 128 0.0408085
71 228 64 128 0.0391091
72 228 64 128 0.0482886
73 228 64 128 0.057941
74 228 64 128 0.0638015
75 228 64 128 0.0741451
76 228 64 128 0.0728524
77 228 64 128 0.0898418
78 228 64 128 0.112955
79 228 64 128 0.121623
80 228 64 128 0.117683
81 228 64 128 0.0913078
82 228 64 128 0.0697906
83 228 64 128 0.0535847
84 228 64 128 0.0348228
85 228 64 128 0.021561
86 228 64 128 0.0151899
87 228 64 128 0.0152927
88 228 64 128 0.0145414
89 228 64 128 0.0111925
90 228 64 128 0.0103441
99 228 64 128 0.0113269
100 228 64 128 0.0138501
101 228 64 128 0.01205
11 229 64 128 0.0108266
12 229 64 128 0.0102746
49 229 64 128 0.0150556
50 229 64 128 0.026186
51 229 64 128 0.0444754
52 229 64 128 0.0925455
53 229 64 128 0.132212
54 229 64 128 0.179902
55 229 64 128 0.246714
56 229 64 128 0.188616
57 229 64 128 0.176608
58 229 64 128 0.160766
59 229 64 128 0.130004
60 229 64 128 0.185054
61 229 64 128 0.182403
62 229 64 128 0.24218
63 229 64 128 0.247764
64 229 64 128 0.150937
65 229 64 128 0.102572
66 229 64 128 0.0559873
67 229 64 128 0.0331062
68 229 64 128 0.0244104
69 229 64 128 0.0147794
70 229 64 128 0.0140588
71 229 64 128 0.01248
72 229 64 128 0.0153296
73 229 64 128 0.0187191
74 229 64 128 0.0218792
75 229 64 128 0.0290946
76 229 64 128 0.0306883
77 229 64 128 0.0414339
78 229 64 128 0.0545214
79 229 64 128 0.059046
80 229 64 128 0.0555746
81 229 64 128 0.0388979
82 229 64 128 0.0285327
83 229 64 128 0.0235426
84 229 64 128 0.0159091
50 230 64 128 0.0130549
51 230 64 128 0.0216475
52 230 64 128 0.0471108
53 230 64 128 0.0691823
54 230 64 128 0.103342
55 230 64 128 0.153034
56 230 64 128 0.114758
57 230 64 128 0.11158
58 230 64 128 0.105152
59 230 64 128 0.0879868
60 230 64 128 0.133025
61 230 64 128 0.13146
62 230 64 128 0.180969
63 230 64 128 0.186373
64 230 64 128 0.110148
65 230 64 128 0.0761578
66 230 64 128 0.0447869
67 230 64 128 0.0295209
68 230 64 128 0.0237079
69 230 64 128 0.0166953
70 230 64 128 0.015546
71 230 64 128 0.0134425
72 230 64 128 0.0152597
73 230 64 128 0.0188029
74 230 64 128 0.0229033
75 230 64 128 0.0288852
76 230 64 128 0.0287514
77 230 64 128 0.0375931
78 230 64 128 0.0508591
79 230 64 128 0.0551709
80 230 64 128 0.0481041
81 230 64 128 0.0332836
82 230 64 128 0.0231331
83 230 64 128 0.0176375
84 230 64 128 0.0116879
52 231 64 128 0.0219778
53 231 64 128 0.0337787
54 231 64 128 0.0578793
55 231 64 128 0.0930588
56 231 64 128 0.0691777
57 231 64 128 0.0683104
58 231 64 128 0.0666673
59 231 64 128 0.0593226
60 231 64 128 0.0918893
61 231 64 128 0.0902862
62 231 64 128 0.12537
63 231 64 128 0.130817
64 231 64 128 0.0789151
65 231 64 128 0.0558248
66 231 64 128 0.0357788
67 231 64 128 0.0264145
68 231 64 128 0.0224229
69 231 64 128 0.0170582
70 231 64 128 0.0157042
71 231 64 128 0.0137556
72 231 64 128 0.0153347
73 231 64 128 0.0186966
74 231 64 128 0.0225107
75 231 64 128 0.0270441
76 231 64 128 0.0257794
77 231 64 128 0.0326733
78 231 64 128 0.0443624
79 231 64 128 0.0482602
80 231 64 128 0.0415855
81 231 64 128 0.0298005
82 231 64 128 0.0206675
83 231 64 128 0.0147372
52 232 64 128 0.0132479
53 232 64 128 0.0215877
54 232 64 128 0.0391754
55 232 64 128 0.0614765
56 232 64 128 0.0457956
57 232 64 128 0.042068
58 232 64 128 0.0399861
59 232 64 128 0.0369028
60 232 64 128 0.0560234
61 232 64 128 0.0528624
62 232 64 128 0.0725683
63 232 64 128 0.0772235
64 232 64 128 0.047373
65 232 64 128 0.0318044
66 232 64 128 0.019961
67 232 64 128 0.0143976
68 232 64 128 0.0117584
74 232 64 128 0.0107362
75 232 64 128 0.0133902
76 232 64 128 0.0127414
77 232 64 128 0.0168412
78 232 64 128 0.0232019
79 232 64 128 0.0255669
80 232 64 128 0.023463
81 232 64 128 0.0171079
82 232 64 128 0.0122063
53 233 64 128 0.0162241
54 233 64 128 0.0288946
55 233 64 128 0.0424881
56 233 64 128 0.0323409
57 233 64 128 0.0282672
58 233 64 128 0.0257748
59 233 64 128 0.0240975
60 233 64 128 0.0359098
61 233 64 128 0.0342917
62 233 64 128 0.0465092
63 233 64 128 0.0495617
64 233 64 128 0.0305598
65 233 64 128 0.0187662
66 233 64 128 0.0109773
79 233 64 128 0.0104822
80 233 64 128 0.0115676
54 234 64 128 0.0182428
55 234 64 128 0.0273212
56 234 64 128 0.021747
57 234 64 128 0.0214734
58 234 64 128 0.0204551
59 234 64 128 0.019232
60 234 64 128 0.0303426
61 234 64 128 0.0332875
62 234 64 128 0.0461469
63 234 64 128 0.0472895
64 234 64 128 0.0287505
65 234 64 128 0.0183088
66 234 64 128 0.0114628
80 234 64 128 0.0107767
55 235 64 128 0.0153031
56 235 64 128 0.0129118
57 235 64 128 0.0153564
58 235 64 128 0.0156366
59 235 64 128 0.0148031
60 235 64 128 0.0248049
61 235 64 128 0.0299385
62 235 64 128 0.0421733
63 235 64 128 0.0420959
64 235 64 128 0.0252784
65 235 64 128 0.016954
66 235 64 128 0.0112882
79 235 64 128 0.0106554
80 235 64 128 0.0108287
60 236 64 128 0.0129396
61 236 64 128 0.0158393
62 236 64 128 0.0221732
63 236 64 128 0.0219439
64 236 64 128 0.0130772
