175 0 64 128 0.0124478
176 0 64 128 0.0170253
177 0 64 128 0.0262389
178 0 64 128 0.0348363
179 0 64 128 0.0365571
180 0 64 128 0.0368851
181 0 64 128 0.0323739
182 0 64 128 0.0312516
183 0 64 128 0.0302016
184 0 64 128 0.0246614
185 0 64 128 0.0217783
186 0 64 128 0.0166583
187 0 64 128 0.0150292
188 0 64 128 0.0152211
189 0 64 128 0.0120247
175 1 64 128 0.0119147
176 1 64 128 0.0162101
177 1 64 128 0.0247903
178 1 64 128 0.0333902
179 1 64 128 0.0356422
180 1 64 128 0.0352731
181 1 64 128 0.0308676
182 1 64 128 0.0297619
183 1 64 128 0.0286176
184 1 64 128 0.0235749
185 1 64 128 0.0211147
186 1 64 128 0.0160348
187 1 64 128 0.0142593
188 1 64 128 0.0142975
189 1 64 128 0.0110604
175 2 64 128 0.0106967
176 2 64 128 0.014353
177 2 64 128 0.0217044
178 2 64 128 0.0301396
179 2 64 128 0.0331425
180 2 64 128 0.0315042
181 2 64 128 0.0270512
182 2 64 128 0.0259449
183 2 64 128 0.0247963
184 2 64 128 0.0206373
185 2 64 128 0.0188706
186 2 64 128 0.0140848
187 2 64 128 0.0121994
188 2 64 128 0.0120431
176 3 64 128 0.0122595
177 3 64 128 0.0186495
178 3 64 128 0.0265396
179 3 64 128 0.0294686
180 3 64 128 0.0270643
181 3 64 128 0.022035
182 3 64 128 0.0208615
183 3 64 128 0.0201191
184 3 64 128 0.0164681
185 3 64 128 0.0149378
186 3 64 128 0.0108798
176 4 64 128 0.0102457
177 4 64 128 0.01588
178 4 64 128 0.0229196
179 4 64 128 0.0253072
180 4 64 128 0.022708
181 4 64 128 0.017289
182 4 64 128 0.0161025
183 4 64 128 0.0158749
184 4 64 128 0.0125576
185 4 64 128 0.0109335
177 5 64 128 0.0131269
178 5 64 128 0.0191869
179 5 64 128 0.0213829
180 5 64 128 0.0188548
181 5 64 128 0.0142395
182 5 64 128 0.0132582
183 5 64 128 0.0131626
184 5 64 128 0.0105212
177 6 64 128 0.0104545
178 6 64 128 0.0154556
179 6 64 128 0.0176816
180 6 64 128 0.0154098
181 6 64 128 0.0123629
182 6 64 128 0.0117245
183 6 64 128 0.0114615
178 7 64 128 0.0119602
179 7 64 128 0.0137767
180 7 64 128 0.0119923
181 7 64 128 0.0100413
273 31 64 128 0.0106377
273 32 64 128 0.0129341
274 32 64 128 0.0131128
273 33 64 128 0.0152696
274 33 64 128 0.0137451
273 34 64 128 0.0168837
274 34 64 128 0.0125625
273 35 64 128 0.0166569
274 35 64 128 0.0120346
273 36 64 128 0.0150187
274 36 64 128 0.0125154
273 37 64 128 0.013731
274 37 64 128 0.0125055
273 38 64 128 0.0132795
274 38 64 128 0.0114579
273 39 64 128 0.0124208
274 39 64 128 0.0101552
273 40 64 128 0.0105249
