125 0 64 128 0.0148755
126 0 64 128 0.0206978
127 0 64 128 0.0343755
128 0 64 128 0.0475108
129 0 64 128 0.0485715
130 0 64 128 0.0420685
131 0 64 128 0.0282376
132 0 64 128 0.0132675
125 1 64 128 0.0145613
126 1 64 128 0.0215725
127 1 64 128 0.0387328
128 1 64 128 0.0532914
129 1 64 128 0.0534653
130 1 64 128 0.0482985
131 1 64 128 0.0313669
132 1 64 128 0.0140935
125 2 64 128 0.0131902
126 2 64 128 0.0214826
127 2 64 128 0.0426846
128 2 64 128 0.059302
129 2 64 128 0.0592084
130 2 64 128 0.0555286
131 2 64 128 0.0341541
132 2 64 128 0.0143809
125 3 64 128 0.0103858
126 3 64 128 0.0173333
127 3 64 128 0.0354235
128 3 64 128 0.0520174
129 3 64 128 0.0550219
130 3 64 128 0.0498635
131 3 64 128 0.0287756
132 3 64 128 0.0116441
126 4 64 128 0.0122498
127 4 64 128 0.0244503
128 4 64 128 0.0400347
129 4 64 128 0.0468766
130 4 64 128 0.0384002
131 4 64 128 0.020646
126 5 64 128 0.0111987
127 5 64 128 0.0228861
128 5 64 128 0.0387572
129 5 64 128 0.045959
130 5 64 128 0.0349799
131 5 64 128 0.0192932
126 6 64 128 0.0128194
127 6 64 128 0.0273448
128 6 64 128 0.0438023
129 6 64 128 0.0491302
130 6 64 128 0.0376774
131 6 64 128 0.022827
132 6 64 128 0.0117326
126 7 64 128 0.0121816
127 7 64 128 0.0251483
128 7 64 128 0.0396901
129 7 64 128 0.045217
130 7 64 128 0.0355956
131 7 64 128 0.0228752
132 7 64 128 0.0120981
127 8 64 128 0.0154242
128 8 64 128 0.025879
129 8 64 128 0.0338633
130 8 64 128 0.0272969
131 8 64 128 0.0181824
128 9 64 128 0.0152086
129 9 64 128 0.0244002
130 9 64 128 0.0198597
131 9 64 128 0.0138978
128 10 64 128 0.0125054
129 10 64 128 0.0202616
130 10 64 128 0.0160858
131 10 64 128 0.0119718
128 11 64 128 0.0112085
129 11 64 128 0.0165109
130 11 64 128 0.0126347
129 12 64 128 0.0104579
194 67 64 128 0.0113695
195 67 64 128 0.011159
194 68 64 128 0.0175087
195 68 64 128 0.0166664
196 68 64 128 0.0117969
193 69 64 128 0.0132798
194 69 64 128 0.0262263
195 69 64 128 0.0241589
196 69 64 128 0.0168665
193 70 64 128 0.0181451
194 70 64 128 0.0375987
195 70 64 128 0.0336359
196 70 64 128 0.0233996
197 70 64 128 0.0127107
193 71 64 128 0.0239503
194 71 64 128 0.0511261
195 71 64 128 0.0441675
196 71 64 128 0.0303608
197 71 64 128 0.0161698
193 72 64 128 0.0305942
194 72 64 128 0.0657868
195 72 64 128 0.0547828
196 72 64 128 0.0369836
197 72 64 128 0.019425
193 73 64 128 0.0367842
194 73 64 128 0.0786036
195 73 64 128 0.0651278
196 73 64 128 0.0447061
197 73 64 128 0.0235712
193 74 64 128 0.0411977
194 74 64 128 0.0870159
195 74 64 128 0.0751403
196 74 64 128 0.0550495
197 74 64 128 0.0296793
192 75 64 128 0.0101611
193 75 64 128 0.0449322
194 75 64 128 0.0959594
195 75 64 128 0.0855942
196 75 64 128 0.0652652
197 75 64 128 0.0355566
193 76 64 128 0.0501747
194 76 64 128 0.113245
195 76 64 128 0.097776
196 76 64 128 0.0713037
197 76 64 128 0.0379844
193 77 64 128 0.0588933
194 77 64 128 0.139599
195 77 64 128 0.114639
196 77 64 128 0.0774823
197 77 64 128 0.0397328
192 78 64 128 0.0106686
193 78 64 128 0.072623
194 78 64 128 0.170563
195 78 64 128 0.139804
196 78 64 128 0.0933456
197 78 64 128 0.0473749
198 78 64 128 0.0114614
192 79 64 128 0.0139876
193 79 64 128 0.0860945
194 79 64 128 0.19532
195 79 64 128 0.164934
196 79 64 128 0.114336
197 79 64 128 0.0588765
198 79 64 128 0.0143113
192 80 64 128 0.0143088
193 80 64 128 0.0871836
194 80 64 128 0.196854
195 80 64 128 0.169606
196 80 64 128 0.121423
197 80 64 128 0.0633416
198 80 64 128 0.0150553
192 81 64 128 0.0106698
193 81 64 128 0.0748433
194 81 64 128 0.175508
195 81 64 128 0.151928
196 81 64 128 0.110321
197 81 64 128 0.0578687
198 81 64 128 0.0132743
193 82 64 128 0.0656679
194 82 64 128 0.15894
195 82 64 128 0.139571
196 82 64 128 0.100616
197 82 64 128 0.0525751
198 82 64 128 0.0126825
193 83 64 128 0.0683196
194 83 64 128 0.161487
195 83 64 128 0.147372
196 83 64 128 0.10376
197 83 64 128 0.0535564
198 83 64 128 0.0152173
193 84 64 128 0.0691609
194 84 64 128 0.160507
195 84 64 128 0.153886
196 84 64 128 0.107158
197 84 64 128 0.0547742
198 84 64 128 0.0177836
193 85 64 128 0.0570513
194 85 64 128 0.137586
195 85 64 128 0.14063
196 85 64 128 0.0998863
197 85 64 128 0.0512075
198 85 64 128 0.0177863
193 86 64 128 0.0419172
194 86 64 128 0.109571
195 86 64 128 0.119329
196 86 64 128 0.0899692
197 86 64 128 0.0480394
198 86 64 128 0.0171517
193 87 64 128 0.0359079
194 87 64 128 0.0969802
195 87 64 128 0.105729
196 87 64 128 0.0874822
197 87 64 128 0.0511056
198 87 64 128 0.0182111
193 88 64 128 0.0357419
194 88 64 128 0.09425
195 88 64 128 0.0983075
196 88 64 128 0.0889116
197 88 64 128 0.0562829
198 88 64 128 0.0195633
193 89 64 128 0.0334042
194 89 64 128 0.0879003
195 89 64 128 0.090169
196 89 64 128 0.0868525
197 89 64 128 0.0568177
198 89 64 128 0.0188658
193 90 64 128 0.0292343
194 90 64 128 0.0794068
195 90 64 128 0.0830282
196 90 64 128 0.0839178
197 90 64 128 0.0554281
198 90 64 128 0.0177534
193 91 64 128 0.0279672
194 91 64 128 0.078027
195 91 64 128 0.0829867
196 91 64 128 0.0877999
197 91 64 128 0.0596367
198 91 64 128 0.0198566
199 91 64 128 0.0104322
193 92 64 128 0.0298062
194 92 64 128 0.0834256
195 92 64 128 0.0890348
196 92 64 128 0.0975177
197 92 64 128 0.0688041
198 92 64 128 0.0250053
199 92 64 128 0.0137269
193 93 64 128 0.0311809
194 93 64 128 0.0872963
195 93 64 128 0.0942757
196 93 64 128 0.104932
197 93 64 128 0.0755814
198 93 64 128 0.0299186
199 93 64 128 0.0178739
193 94 64 128 0.0307891
194 94 64 128 0.086286
195 94 64 128 0.0958214
196 94 64 128 0.107493
197 94 64 128 0.0788557
198 94 64 128 0.0346042
199 94 64 128 0.0223353
193 95 64 128 0.0303007
194 95 64 128 0.0835282
195 95 64 128 0.0960125
196 95 64 128 0.109891
197 95 64 128 0.0855207
198 95 64 128 0.0432629
199 95 64 128 0.0268405
200 95 64 128 0.0104864
193 96 64 128 0.0300665
194 96 64 128 0.0801192
195 96 64 128 0.0955445
196 96 64 128 0.113434
197 96 64 128 0.0965609
198 96 64 128 0.0555705
199 96 64 128 0.0307372
200 96 64 128 0.0130097
193 97 64 128 0.0276007
194 97 64 128 0.0725477
195 97 64 128 0.0913925
196 97 64 128 0.1122
197 97 64 128 0.100879
198 97 64 128 0.0621837
199 97 64 128 0.0326214
200 97 64 128 0.0148372
201 97 64 128 0.0101573
193 98 64 128 0.021583
194 98 64 128 0.0590739
195 98 64 128 0.0816895
196 98 64 128 0.102213
197 98 64 128 0.0912997
198 98 64 128 0.0572152
199 98 64 128 0.0316729
200 98 64 128 0.0152008
201 98 64 128 0.0111433
193 99 64 128 0.0149876
194 99 64 128 0.0445798
195 99 64 128 0.0691242
196 99 64 128 0.087459
197 99 64 128 0.0759097
198 99 64 128 0.0477039
199 99 64 128 0.0290054
200 99 64 128 0.0147869
201 99 64 128 0.0116677
193 100 64 128 0.0107898
194 100 64 128 0.0339282
195 100 64 128 0.0567179
196 100 64 128 0.0725864
197 100 64 128 0.0634643
198 100 64 128 0.0410715
199 100 64 128 0.0258264
200 100 64 128 0.0143209
201 100 64 128 0.0122014
194 101 64 128 0.0264253
195 101 64 128 0.0452555
196 101 64 128 0.0587042
197 101 64 128 0.0531759
198 101 64 128 0.0358161
199 101 64 128 0.0221748
200 101 64 128 0.0135036
201 101 64 128 0.0123872
194 102 64 128 0.0200558
195 102 64 128 0.0349277
196 102 64 128 0.0459778
197 102 64 128 0.0421211
198 102 64 128 0.0285909
199 102 64 128 0.0179086
200 102 64 128 0.0118826
201 102 64 128 0.0117422
194 103 64 128 0.0147771
195 103 64 128 0.0262619
196 103 64 128 0.0350854
197 103 64 128 0.0317433
198 103 64 128 0.0212512
199 103 64 128 0.014014
200 103 64 128 0.0100348
201 103 64 128 0.0105986
194 104 64 128 0.0113342
195 104 64 128 0.0198669
196 104 64 128 0.0268428
197 104 64 128 0.0251264
198 104 64 128 0.0176002
199 104 64 128 0.0118422
195 105 64 128 0.0155006
196 105 64 128 0.0209426
197 105 64 128 0.0215575
198 105 64 128 0.0168335
199 105 64 128 0.0110355
195 106 64 128 0.0123526
196 106 64 128 0.0163369
197 106 64 128 0.0178502
198 106 64 128 0.0151443
199 106 64 128 0.0101183
196 107 64 128 0.0124433
197 107 64 128 0.0131801
198 107 64 128 0.0115852
