316 0 85 170 0.0184906
317 0 85 170 0.0276241
318 0 85 170 0.0317689
319 0 85 170 0.0322465
316 1 85 170 0.0187089
317 1 85 170 0.0281577
318 1 85 170 0.0326524
319 1 85 170 0.0333031
316 2 85 170 0.0192798
317 2 85 170 0.0295119
318 2 85 170 0.0348796
319 2 85 170 0.0359633
316 3 85 170 0.0200772
317 3 85 170 0.0313168
318 3 85 170 0.0378152
319 3 85 170 0.0394626
315 4 85 170 0.0103131
316 4 85 170 0.020975
317 4 85 170 0.0332027
318 4 85 170 0.0408242
319 4 85 170 0.0430364
315 5 85 170 0.0107613
316 5 85 170 0.0218478
317 5 85 170 0.0348021
318 5 85 170 0.0432759
319 5 85 170 0.0459259
315 6 85 170 0.0112949
316 6 85 170 0.0226127
317 6 85 170 0.0359158
318 6 85 170 0.0448506
319 6 85 170 0.0477544
315 7 85 170 0.0118573
316 7 85 170 0.0232563
317 7 85 170 0.0366193
318 7 85 170 0.0457366
319 7 85 170 0.0487701
315 8 85 170 0.0123882
316 8 85 170 0.0237717
317 8 85 170 0.0370137
318 8 85 170 0.0461693
319 8 85 170 0.049279
315 9 85 170 0.0128273
316 9 85 170 0.0241521
317 9 85 170 0.0371998
318 9 85 170 0.0463839
319 9 85 170 0.0495869
315 10 85 170 0.0131205
316 10 85 170 0.0243927
317 10 85 170 0.0372734
318 10 85 170 0.0466003
319 10 85 170 0.0499788
315 11 85 170 0.0132938
316 11 85 170 0.0245193
317 11 85 170 0.0372591
318 11 85 170 0.0468327
319 11 85 170 0.0504604
315 12 85 170 0.0134308
316 12 85 170 0.024579
317 12 85 170 0.0371308
318 12 85 170 0.0469475
319 12 85 170 0.0508375
315 13 85 170 0.0136164
316 13 85 170 0.0246196
317 13 85 170 0.0368614
318 13 85 170 0.0468081
319 13 85 170 0.0509114
315 14 85 170 0.0139353
316 14 85 170 0.0246887
317 14 85 170 0.0364235
318 14 85 170 0.0462779
319 14 85 170 0.0504834
315 15 85 170 0.0144385
316 15 85 170 0.0248103
317 15 85 170 0.0357921
318 15 85 170 0.0452549
319 15 85 170 0.0494068
315 16 85 170 0.0150146
316 16 85 170 0.024895
317 16 85 170 0.0349509
318 16 85 170 0.0438035
319 16 85 170 0.0477842
315 17 85 170 0.0155037
316 17 85 170 0.0248195
317 17 85 170 0.0338865
318 17 85 170 0.0420373
319 17 85 170 0.0457919
315 18 85 170 0.0157461
316 18 85 170 0.0244606
317 18 85 170 0.0325856
318 18 85 170 0.0400702
319 18 85 170 0.0436065
315 19 85 170 0.0155832
316 19 85 170 0.0236959
317 19 85 170 0.0310353
318 19 85 170 0.0380156
319 19 85 170 0.0414042
315 20 85 170 0.0149756
316 20 85 170 0.0225167
317 20 85 170 0.0292815
318 20 85 170 0.035976
319 20 85 170 0.0393137
315 21 85 170 0.0141129
316 21 85 170 0.0211316
317 21 85 170 0.0274829
318 21 85 170 0.0340318
319 21 85 170 0.0373732
315 22 85 170 0.0132106
316 22 85 170 0.0197736
317 22 85 170 0.0258109
318 22 85 170 0.0322612
319 22 85 170 0.0356107
315 23 85 170 0.0124842
316 23 85 170 0.018676
317 23 85 170 0.0244369
318 23 85 170 0.0307421
319 23 85 170 0.0340542
315 24 85 170 0.0121365
316 24 85 170 0.0180574
317 24 85 170 0.0235201
318 24 85 170 0.0295459
319 24 85 170 0.0327279
315 25 85 170 0.0121539
316 25 85 170 0.0178877
317 25 85 170 0.0230135
318 25 85 170 0.0286261
319 25 85 170 0.0315913
315 26 85 170 0.0123427
316 26 85 170 0.0179294
317 26 85 170 0.0226976
318 26 85 170 0.0278383
319 26 85 170 0.0305503
315 27 85 170 0.012503
316 27 85 170 0.0179383
317 27 85 170 0.0223478
318 27 85 170 0.0270351
319 27 85 170 0.0295089
315 28 85 170 0.0124356
316 28 85 170 0.0176706
317 28 85 170 0.0217392
318 28 85 170 0.0260689
319 28 85 170 0.0283712
315 29 85 170 0.0119783
316 29 85 170 0.0169274
317 29 85 170 0.0206881
318 29 85 170 0.0248169
319 29 85 170 0.0270551
315 30 85 170 0.0111842
316 30 85 170 0.0157683
317 30 85 170 0.0192447
318 30 85 170 0.0232972
319 30 85 170 0.0255566
315 31 85 170 0.0101827
316 31 85 170 0.0143443
317 31 85 170 0.017542
318 31 85 170 0.0215776
319 31 85 170 0.0238999
316 32 85 170 0.0128067
317 32 85 170 0.0157133
318 32 85 170 0.0197262
319 32 85 170 0.0221088
316 33 85 170 0.0113063
317 33 85 170 0.0138916
318 33 85 170 0.0178109
319 33 85 170 0.0202073
317 34 85 170 0.0121776
318 34 85 170 0.0158976
319 34 85 170 0.0182371
317 35 85 170 0.0105988
318 35 85 170 0.0140477
319 35 85 170 0.0162791
318 36 85 170 0.0123218
319 36 85 170 0.0144193
318 37 85 170 0.0107807
319 37 85 170 0.0127443
319 38 85 170 0.0113368
319 39 85 170 0.0102053
102 133 85 170 0.0127068
98 134 85 170 0.0100485
99 134 85 170 0.0109486
101 134 85 170 0.0120135
102 134 85 170 0.0160911
103 134 85 170 0.0123713
98 135 85 170 0.0110792
99 135 85 170 0.0121292
101 135 85 170 0.013788
102 135 85 170 0.0186079
103 135 85 170 0.0142703
98 136 85 170 0.0112399
99 136 85 170 0.0123269
100 136 85 170 0.0100733
101 136 85 170 0.014351
102 136 85 170 0.0194754
103 136 85 170 0.0149248
98 137 85 170 0.0103719
99 137 85 170 0.0113663
101 137 85 170 0.0134891
102 137 85 170 0.0183925
103 137 85 170 0.0141146
101 138 85 170 0.0120323
102 138 85 170 0.0164958
103 138 85 170 0.0127206
101 139 85 170 0.0110046
102 139 85 170 0.0151892
103 139 85 170 0.0118292
101 140 85 170 0.01143
102 140 85 170 0.0158766
103 140 85 170 0.0125264
101 141 85 170 0.0143025
102 141 85 170 0.0199205
103 141 85 170 0.0158659
99 142 85 170 0.0101558
100 142 85 170 0.0111604
101 142 85 170 0.0195258
102 142 85 170 0.0271823
103 142 85 170 0.0217187
104 142 85 170 0.0123583
98 143 85 170 0.0104233
99 143 85 170 0.0128236
100 143 85 170 0.0145097
101 143 85 170 0.0256309
102 143 85 170 0.0356328
103 143 85 170 0.0284666
104 143 85 170 0.0161103
105 143 85 170 0.0124555
106 143 85 170 0.0104462
98 144 85 170 0.0122958
99 144 85 170 0.0152854
100 144 85 170 0.0175265
101 144 85 170 0.0310611
102 144 85 170 0.043122
103 144 85 170 0.0343964
104 144 85 170 0.0193409
105 144 85 170 0.0147556
106 144 85 170 0.0123106
98 145 85 170 0.0133571
99 145 85 170 0.0167038
100 145 85 170 0.0192997
101 145 85 170 0.0342596
102 145 85 170 0.0475003
103 145 85 170 0.037795
104 145 85 170 0.0210961
105 145 85 170 0.0159513
106 145 85 170 0.0132861
98 146 85 170 0.0130106
99 146 85 170 0.0163405
100 146 85 170 0.0190281
101 146 85 170 0.0338606
102 146 85 170 0.0468833
103 146 85 170 0.0371624
104 146 85 170 0.020543
105 146 85 170 0.0154277
106 146 85 170 0.0128655
98 147 85 170 0.0114074
99 147 85 170 0.0143876
100 147 85 170 0.0169433
101 147 85 170 0.030302
102 147 85 170 0.0418963
103 147 85 170 0.0330157
104 147 85 170 0.0179968
105 147 85 170 0.0134394
106 147 85 170 0.0112615
99 148 85 170 0.01155
100 148 85 170 0.0138464
101 148 85 170 0.0250145
102 148 85 170 0.0345466
103 148 85 170 0.0269823
104 148 85 170 0.0144042
105 148 85 170 0.0107196
100 149 85 170 0.0105441
101 149 85 170 0.0194396
102 149 85 170 0.0268558
103 149 85 170 0.0207013
104 149 85 170 0.0107188
101 150 85 170 0.0150182
102 150 85 170 0.0208455
103 150 85 170 0.0158117
101 151 85 170 0.0127649
102 151 85 170 0.0179297
103 151 85 170 0.0134605
101 152 85 170 0.0121762
102 152 85 170 0.0173622
103 152 85 170 0.0130457
101 153 85 170 0.0124112
102 153 85 170 0.0179166
103 153 85 170 0.0135763
101 154 85 170 0.012629
102 154 85 170 0.0183664
103 154 85 170 0.0140613
101 155 85 170 0.0119988
102 155 85 170 0.0175001
103 155 85 170 0.0135216
101 156 85 170 0.0102127
102 156 85 170 0.0148798
103 156 85 170 0.011594
102 157 85 170 0.0112059
1 0 64 128 0.0101931
2 0 64 128 0.0101687
1 1 64 128 0.0104564
2 1 64 128 0.0104767
1 2 64 128 0.0110416
2 2 64 128 0.0109915
1 3 64 128 0.0116706
2 3 64 128 0.0111967
304 3 64 128 0.0101428
1 4 64 128 0.0122517
2 4 64 128 0.0111989
304 4 64 128 0.0100672
0 5 64 128 0.0106511
1 5 64 128 0.0127432
2 5 64 128 0.0112973
0 6 64 128 0.0113862
1 6 64 128 0.0128558
2 6 64 128 0.011245
80 6 64 128 0.010711
81 6 64 128 0.0114032
82 6 64 128 0.012621
83 6 64 128 0.0106971
0 7 64 128 0.0108874
1 7 64 128 0.0121949
2 7 64 128 0.0105118
79 7 64 128 0.0103374
80 7 64 128 0.0125122
81 7 64 128 0.0134897
82 7 64 128 0.0148085
83 7 64 128 0.0125703
1 8 64 128 0.0111882
79 8 64 128 0.0104374
80 8 64 128 0.0128574
81 8 64 128 0.0143645
82 8 64 128 0.0158262
83 8 64 128 0.0133491
88 8 64 128 0.0106222
1 9 64 128 0.0109862
79 9 64 128 0.0102194
80 9 64 128 0.0127294
81 9 64 128 0.0147165
82 9 64 128 0.017621
83 9 64 128 0.0154722
84 9 64 128 0.0101976
85 9 64 128 0.0106631
87 9 64 128 0.0115401
88 9 64 128 0.0128468
89 9 64 128 0.0105647
266 9 64 128 0.0104935
267 9 64 128 0.0138689
268 9 64 128 0.0106035
0 10 64 128 0.0119107
1 10 64 128 0.0119855
80 10 64 128 0.0126779
81 10 64 128 0.0148593
82 10 64 128 0.0202914
83 10 64 128 0.0191103
84 10 64 128 0.0124471
85 10 64 128 0.0136642
86 10 64 128 0.0125494
87 10 64 128 0.0151612
88 10 64 128 0.0164972
89 10 64 128 0.0138751
90 10 64 128 0.0133168
266 10 64 128 0.0193133
267 10 64 128 0.02318
268 10 64 128 0.0152005
0 11 64 128 0.0137828
1 11 64 128 0.013535
2 11 64 128 0.0108663
80 11 64 128 0.012607
81 11 64 128 0.0145514
82 11 64 128 0.0213721
83 11 64 128 0.0212953
84 11 64 128 0.0146527
85 11 64 128 0.0167916
86 11 64 128 0.0153441
87 11 64 128 0.0196295
88 11 64 128 0.022161
89 11 64 128 0.0188577
90 11 64 128 0.018421
91 11 64 128 0.0109382
177 11 64 128 0.0118115
265 11 64 128 0.0117805
266 11 64 128 0.0285386
267 11 64 128 0.0328061
268 11 64 128 0.0201959
0 12 64 128 0.0143483
1 12 64 128 0.0150027
2 12 64 128 0.011735
80 12 64 128 0.0123283
81 12 64 128 0.013649
82 12 64 128 0.0199655
83 12 64 128 0.0208409
84 12 64 128 0.0163718
85 12 64 128 0.0198107
86 12 64 128 0.0172813
87 12 64 128 0.0242516
88 12 64 128 0.0296261
89 12 64 128 0.0256787
90 12 64 128 0.0244279
91 12 64 128 0.0149995
176 12 64 128 0.0108817
177 12 64 128 0.0139695
178 12 64 128 0.0115101
265 12 64 128 0.0166671
266 12 64 128 0.0378693
267 12 64 128 0.0421992
268 12 64 128 0.0253386
0 13 64 128 0.0143638
1 13 64 128 0.0159438
2 13 64 128 0.0121335
80 13 64 128 0.0115573
81 13 64 128 0.0122855
82 13 64 128 0.0187192
83 13 64 128 0.0206225
84 13 64 128 0.018158
85 13 64 128 0.0237456
86 13 64 128 0.0199267
87 13 64 128 0.0290054
88 13 64 128 0.0370841
89 13 64 128 0.0330938
90 13 64 128 0.0316712
91 13 64 128 0.0189862
92 13 64 128 0.0100294
176 13 64 128 0.0112102
177 13 64 128 0.015098
178 13 64 128 0.0132378
265 13 64 128 0.0247301
266 13 64 128 0.0524097
267 13 64 128 0.055336
268 13 64 128 0.0310597
269 13 64 128 0.0111899
0 14 64 128 0.014477
1 14 64 128 0.0160634
2 14 64 128 0.011937
80 14 64 128 0.0101197
81 14 64 128 0.010609
82 14 64 128 0.0193489
83 14 64 128 0.0224721
84 14 64 128 0.0201954
85 14 64 128 0.0287182
86 14 64 128 0.0241296
87 14 64 128 0.0337796
88 14 64 128 0.0433926
89 14 64 128 0.0406672
90 14 64 128 0.0405426
91 14 64 128 0.0226551
92 14 64 128 0.0119578
176 14 64 128 0.0108951
177 14 64 128 0.0146563
178 14 64 128 0.0130025
264 14 64 128 0.0125131
265 14 64 128 0.0374237
266 14 64 128 0.0751221
267 14 64 128 0.0742488
268 14 64 128 0.0371898
269 14 64 128 0.0119006
0 15 64 128 0.0142629
1 15 64 128 0.0154667
2 15 64 128 0.0112845
82 15 64 128 0.019294
83 15 64 128 0.023399
84 15 64 128 0.0211273
85 15 64 128 0.031537
86 15 64 128 0.0276739
87 15 64 128 0.037927
88 15 64 128 0.0501097
89 15 64 128 0.0510384
90 15 64 128 0.0514157
91 15 64 128 0.0285184
92 15 64 128 0.0154112
93 15 64 128 0.0113236
176 15 64 128 0.011109
177 15 64 128 0.0145348
178 15 64 128 0.0124804
264 15 64 128 0.0186807
265 15 64 128 0.0522602
266 15 64 128 0.100183
267 15 64 128 0.0931435
268 15 64 128 0.0414151
269 15 64 128 0.0125387
0 16 64 128 0.0132953
1 16 64 128 0.0143831
2 16 64 128 0.0103844
82 16 64 128 0.0160758
83 16 64 128 0.0205218
84 16 64 128 0.0198669
85 16 64 128 0.0296779
86 16 64 128 0.0285896
87 16 64 128 0.0413216
88 16 64 128 0.0592114
89 16 64 128 0.0667286
90 16 64 128 0.0652072
91 16 64 128 0.0391447
92 16 64 128 0.0222219
93 16 64 128 0.0153473
176 16 64 128 0.0127481
177 16 64 128 0.0163684
178 16 64 128 0.0133098
263 16 64 128 0.0110243
264 16 64 128 0.0260998
265 16 64 128 0.0659404
266 16 64 128 0.120287
267 16 64 128 0.105305
268 16 64 128 0.0415627
269 16 64 128 0.0134883
0 17 64 128 0.012186
1 17 64 128 0.0132711
82 17 64 128 0.011783
83 17 64 128 0.0161948
84 17 64 128 0.0181658
85 17 64 128 0.0271577
86 17 64 128 0.0291112
87 17 64 128 0.0469505
88 17 64 128 0.0721245
89 17 64 128 0.0866765
90 17 64 128 0.0855506
91 17 64 128 0.0547019
92 17 64 128 0.0325949
93 17 64 128 0.0216764
94 17 64 128 0.0104977
176 17 64 128 0.0142358
177 17 64 128 0.0181543
178 17 64 128 0.0142279
263 17 64 128 0.013147
264 17 64 128 0.0311656
265 17 64 128 0.0749712
266 17 64 128 0.129309
267 17 64 128 0.107056
268 17 64 128 0.0382472
269 17 64 128 0.0135931
0 18 64 128 0.0117123
1 18 64 128 0.0125669
83 18 64 128 0.0138886
84 18 64 128 0.0182241
85 18 64 128 0.0290384
86 18 64 128 0.0321089
87 18 64 128 0.0576366
88 18 64 128 0.089282
89 18 64 128 0.108529
90 18 64 128 0.115428
91 18 64 128 0.0742836
92 18 64 128 0.0459698
93 18 64 128 0.0311452
94 18 64 128 0.0123503
176 18 64 128 0.013574
177 18 64 128 0.017211
178 18 64 128 0.0133732
263 18 64 128 0.012998
264 18 64 128 0.0300577
265 18 64 128 0.0761603
266 18 64 128 0.122521
267 18 64 128 0.0964445
268 18 64 128 0.0328851
269 18 64 128 0.0115109
0 19 64 128 0.0113938
1 19 64 128 0.0119591
83 19 64 128 0.0130138
84 19 64 128 0.0187835
85 19 64 128 0.0325041
86 19 64 128 0.0350972
87 19 64 128 0.0671471
88 19 64 128 0.104517
89 19 64 128 0.128482
90 19 64 128 0.145844
91 19 64 128 0.0943347
92 19 64 128 0.0596897
93 19 64 128 0.0410505
94 19 64 128 0.0142591
176 19 64 128 0.0115326
177 19 64 128 0.0144557
178 19 64 128 0.0112974
263 19 64 128 0.0111219
264 19 64 128 0.0247047
265 19 64 128 0.0692104
266 19 64 128 0.103481
267 19 64 128 0.0778009
268 19 64 128 0.0263952
0 20 64 128 0.0102325
1 20 64 128 0.010836
83 20 64 128 0.0111931
84 20 64 128 0.0171358
85 20 64 128 0.0314021
86 20 64 128 0.0333776
87 20 64 128 0.0657394
88 20 64 128 0.109121
89 20 64 128 0.142102
90 20 64 128 0.162906
91 20 64 128 0.110043
92 20 64 128 0.0701753
93 20 64 128 0.0472657
94 20 64 128 0.0188813
95 20 64 128 0.011244
176 20 64 128 0.0100792
177 20 64 128 0.0123771
264 20 64 128 0.0195693
265 20 64 128 0.0554749
266 20 64 128 0.0796422
267 20 64 128 0.0582446
268 20 64 128 0.0194859
84 21 64 128 0.0134997
85 21 64 128 0.0257659
86 21 64 128 0.027212
87 21 64 128 0.0552663
88 21 64 128 0.103035
89 21 64 128 0.145928
90 21 64 128 0.16453
91 21 64 128 0.116813
92 21 64 128 0.0750161
93 21 64 128 0.0494787
94 21 64 128 0.024082
95 21 64 128 0.0139321
177 21 64 128 0.0112859
264 21 64 128 0.0159626
265 21 64 128 0.039871
266 21 64 128 0.0573288
267 21 64 128 0.0417439
268 21 64 128 0.0132671
84 22 64 128 0.0101747
85 22 64 128 0.0200426
86 22 64 128 0.0204174
87 22 64 128 0.0457694
88 22 64 128 0.0924224
89 22 64 128 0.137457
90 22 64 128 0.157182
91 22 64 128 0.110534
92 22 64 128 0.0728192
93 22 64 128 0.0501204
94 22 64 128 0.0244684
95 22 64 128 0.014952
264 22 64 128 0.0129191
265 22 64 128 0.0296733
266 22 64 128 0.0418518
267 22 64 128 0.0299033
85 23 64 128 0.0160481
86 23 64 128 0.0151638
87 23 64 128 0.0404429
88 23 64 128 0.0812963
89 23 64 128 0.120903
90 23 64 128 0.145779
91 23 64 128 0.0958096
92 23 64 128 0.066567
93 23 64 128 0.050663
94 23 64 128 0.0208253
95 23 64 128 0.0145968
264 23 64 128 0.010182
265 23 64 128 0.0261085
266 23 64 128 0.0338409
267 23 64 128 0.0227075
85 24 64 128 0.0126418
86 24 64 128 0.0117387
87 24 64 128 0.034888
88 24 64 128 0.071174
89 24 64 128 0.107653
90 24 64 128 0.133336
91 24 64 128 0.0865526
92 24 64 128 0.0638816
93 24 64 128 0.0514566
94 24 64 128 0.0206445
95 24 64 128 0.015496
265 24 64 128 0.023814
266 24 64 128 0.0288896
267 24 64 128 0.0184426
87 25 64 128 0.0276551
88 25 64 128 0.0631167
89 25 64 128 0.102441
90 25 64 128 0.122067
91 25 64 128 0.0873419
92 25 64 128 0.0664634
93 25 64 128 0.0518742
94 25 64 128 0.0258274
95 25 64 128 0.0180728
265 25 64 128 0.0198574
266 25 64 128 0.0241232
267 25 64 128 0.0155742
87 26 64 128 0.0227093
88 26 64 128 0.0576424
89 26 64 128 0.0985888
90 26 64 128 0.113031
91 26 64 128 0.0868141
92 26 64 128 0.0660045
93 26 64 128 0.0497941
94 26 64 128 0.0286387
95 26 64 128 0.0189744
96 26 64 128 0.0100261
265 26 64 128 0.0157985
266 26 64 128 0.0195718
267 26 64 128 0.0129991
311 26 64 128 0.0106268
87 27 64 128 0.0219426
88 27 64 128 0.0539077
89 27 64 128 0.0904576
90 27 64 128 0.105406
91 27 64 128 0.0771202
92 27 64 128 0.0573381
93 27 64 128 0.0441522
94 27 64 128 0.0244392
95 27 64 128 0.0163345
265 27 64 128 0.0128606
266 27 64 128 0.015474
267 27 64 128 0.010119
306 27 64 128 0.010263
307 27 64 128 0.0102148
311 27 64 128 0.0107544
87 28 64 128 0.0208638
88 28 64 128 0.0478112
89 28 64 128 0.0775897
90 28 64 128 0.0939523
91 28 64 128 0.0627733
92 28 64 128 0.0453786
93 28 64 128 0.0368518
94 28 64 128 0.0184756
95 28 64 128 0.0128398
265 28 64 128 0.0104073
266 28 64 128 0.0119242
304 28 64 128 0.010088
306 28 64 128 0.0120733
307 28 64 128 0.0119696
309 28 64 128 0.010339
311 28 64 128 0.0124636
312 28 64 128 0.0113979
87 29 64 128 0.0157218
88 29 64 128 0.0365265
89 29 64 128 0.060914
90 29 64 128 0.0750306
91 29 64 128 0.0490136
92 29 64 128 0.0352695
93 29 64 128 0.0298505
94 29 64 128 0.0157416
95 29 64 128 0.0110025
304 29 64 128 0.0127541
305 29 64 128 0.0125732
306 29 64 128 0.0169175
307 29 64 128 0.0169429
308 29 64 128 0.0123487
309 29 64 128 0.0127715
310 29 64 128 0.0134698
311 29 64 128 0.0177245
312 29 64 128 0.0160189
88 30 64 128 0.0241264
89 30 64 128 0.0436778
90 30 64 128 0.0538367
91 30 64 128 0.0365681
92 30 64 128 0.0270569
93 30 64 128 0.0235543
94 30 64 128 0.0143726
303 30 64 128 0.0101806
304 30 64 128 0.0150419
305 30 64 128 0.0157297
306 30 64 128 0.0216465
307 30 64 128 0.0217293
308 30 64 128 0.0154423
309 30 64 128 0.0151041
310 30 64 128 0.0172325
311 30 64 128 0.0233834
312 30 64 128 0.021016
313 30 64 128 0.0115544
88 31 64 128 0.0155388
89 31 64 128 0.0293146
90 31 64 128 0.0368199
91 31 64 128 0.0252789
92 31 64 128 0.0197674
93 31 64 128 0.018011
94 31 64 128 0.0114519
303 31 64 128 0.0104938
304 31 64 128 0.0158857
305 31 64 128 0.0160545
306 31 64 128 0.0229423
307 31 64 128 0.0227323
308 31 64 128 0.0153919
309 31 64 128 0.0159911
310 31 64 128 0.0180436
311 31 64 128 0.0260574
312 31 64 128 0.0235578
313 31 64 128 0.0120532
88 32 64 128 0.0105901
89 32 64 128 0.0189142
90 32 64 128 0.0248729
91 32 64 128 0.0163112
92 32 64 128 0.0137943
93 32 64 128 0.0133872
303 32 64 128 0.0104664
304 32 64 128 0.0161109
305 32 64 128 0.0161546
306 32 64 128 0.0236937
307 32 64 128 0.0230104
308 32 64 128 0.0149729
309 32 64 128 0.0166972
310 32 64 128 0.0190186
311 32 64 128 0.0286648
312 32 64 128 0.0260568
313 32 64 128 0.0127607
89 33 64 128 0.0125577
90 33 64 128 0.0167851
91 33 64 128 0.0111059
303 33 64 128 0.0116678
304 33 64 128 0.0171177
305 33 64 128 0.0199714
306 33 64 128 0.0285068
307 33 64 128 0.027488
308 33 64 128 0.0184593
309 33 64 128 0.0191988
310 33 64 128 0.0248138
311 33 64 128 0.0358439
312 33 64 128 0.0323752
313 33 64 128 0.0172639
314 33 64 128 0.0115042
316 33 64 128 0.0124853
317 33 64 128 0.0123003
90 34 64 128 0.0115714
303 34 64 128 0.0136384
304 34 64 128 0.0187896
305 34 64 128 0.0253706
306 34 64 128 0.0352778
307 34 64 128 0.0341463
308 34 64 128 0.0237975
309 34 64 128 0.0225408
310 34 64 128 0.0324831
311 34 64 128 0.0451758
312 34 64 128 0.0406937
313 34 64 128 0.0235651
314 34 64 128 0.0146522
315 34 64 128 0.0122565
316 34 64 128 0.0165553
317 34 64 128 0.0155071
303 35 64 128 0.0148491
304 35 64 128 0.0202134
305 35 64 128 0.0270605
306 35 64 128 0.0383713
307 35 64 128 0.0372759
308 35 64 128 0.0255812
309 35 64 128 0.0242025
310 35 64 128 0.035052
311 35 64 128 0.0504676
312 35 64 128 0.046141
313 35 64 128 0.0266863
314 35 64 128 0.0169892
315 35 64 128 0.0139276
316 35 64 128 0.0185567
317 35 64 128 0.0172546
302 36 64 128 0.0107149
303 36 64 128 0.0159668
304 36 64 128 0.0221681
305 36 64 128 0.0271429
306 36 64 128 0.0394939
307 36 64 128 0.0380931
308 36 64 128 0.0248986
309 36 64 128 0.024436
310 36 64 128 0.0333536
311 36 64 128 0.0521428
312 36 64 128 0.0489244
313 36 64 128 0.0269963
314 36 64 128 0.0182225
315 36 64 128 0.0141699
316 36 64 128 0.0186311
317 36 64 128 0.0176182
302 37 64 128 0.0134568
303 37 64 128 0.0195277
304 37 64 128 0.0268529
305 37 64 128 0.0340196
306 37 64 128 0.0466307
307 37 64 128 0.043762
308 37 64 128 0.0284213
309 37 64 128 0.0258892
310 37 64 128 0.0349639
311 37 64 128 0.0563415
312 37 64 128 0.0536408
313 37 64 128 0.0294863
314 37 64 128 0.0193474
315 37 64 128 0.0150392
316 37 64 128 0.0194546
317 37 64 128 0.0183553
301 38 64 128 0.0101764
302 38 64 128 0.0175338
303 38 64 128 0.0252308
304 38 64 128 0.033485
305 38 64 128 0.0469693
306 38 64 128 0.0593877
307 38 64 128 0.0543885
308 38 64 128 0.03649
309 38 64 128 0.0289039
310 38 64 128 0.0410608
311 38 64 128 0.0637227
312 38 64 128 0.0606593
313 38 64 128 0.0348769
314 38 64 128 0.020645
315 38 64 128 0.0168486
316 38 64 128 0.021469
317 38 64 128 0.0197343
318 38 64 128 0.0109779
301 39 64 128 0.0108958
302 39 64 128 0.0198883
303 39 64 128 0.0289917
304 39 64 128 0.0373301
305 39 64 128 0.053084
306 39 64 128 0.0661551
307 39 64 128 0.0605974
308 39 64 128 0.0409277
309 39 64 128 0.0307015
310 39 64 128 0.0441601
311 39 64 128 0.0675296
312 39 64 128 0.0646299
313 39 64 128 0.0381004
314 39 64 128 0.0214047
315 39 64 128 0.0175456
316 39 64 128 0.022084
317 39 64 128 0.0200047
318 39 64 128 0.0113523
301 40 64 128 0.0103846
302 40 64 128 0.0197378
303 40 64 128 0.0295053
304 40 64 128 0.0367497
305 40 64 128 0.0475852
306 40 64 128 0.062561
307 40 64 128 0.0586228
308 40 64 128 0.0382909
309 40 64 128 0.029984
310 40 64 128 0.0409791
311 40 64 128 0.0647952
312 40 64 128 0.0630974
313 40 64 128 0.0367796
314 40 64 128 0.0212334
315 40 64 128 0.016336
316 40 64 128 0.0203431
317 40 64 128 0.0185885
318 40 64 128 0.0106256
301 41 64 128 0.0111426
302 41 64 128 0.0211671
303 41 64 128 0.0314757
304 41 64 128 0.0367633
305 41 64 128 0.0434191
306 41 64 128 0.0600639
307 41 64 128 0.0570728
308 41 64 128 0.0356491
309 41 64 128 0.0288027
310 41 64 128 0.0377139
311 41 64 128 0.0610494
312 41 64 128 0.0601037
313 41 64 128 0.0346399
314 41 64 128 0.0205
315 41 64 128 0.0152333
316 41 64 128 0.0189301
317 41 64 128 0.0174998
318 41 64 128 0.0102063
301 42 64 128 0.0144923
302 42 64 128 0.0264298
303 42 64 128 0.0374287
304 42 64 128 0.0403677
305 42 64 128 0.0492484
306 42 64 128 0.066057
307 42 64 128 0.0614447
308 42 64 128 0.0378192
309 42 64 128 0.0285226
310 42 64 128 0.0385878
311 42 64 128 0.0600968
312 42 64 128 0.058481
313 42 64 128 0.0343113
314 42 64 128 0.0194576
315 42 64 128 0.0155547
316 42 64 128 0.0196251
317 42 64 128 0.0180665
318 42 64 128 0.0109922
301 43 64 128 0.0172081
302 43 64 128 0.0304284
303 43 64 128 0.0410663
304 43 64 128 0.041979
305 43 64 128 0.0542608
306 43 64 128 0.0698063
307 43 64 128 0.0632702
308 43 64 128 0.0389491
309 43 64 128 0.0272054
310 43 64 128 0.0383837
311 43 64 128 0.057409
312 43 64 128 0.0550265
313 43 64 128 0.03288
314 43 64 128 0.0177304
315 43 64 128 0.0154764
316 43 64 128 0.0201349
317 43 64 128 0.0185861
318 43 64 128 0.0116813
301 44 64 128 0.0163141
302 44 64 128 0.0284925
303 44 64 128 0.0367791
304 44 64 128 0.0364721
305 44 64 128 0.0478772
306 44 64 128 0.0611
307 44 64 128 0.054541
308 44 64 128 0.0332677
309 44 64 128 0.0230795
310 44 64 128 0.0320513
311 44 64 128 0.0486403
312 44 64 128 0.0466723
313 44 64 128 0.0274988
314 44 64 128 0.0150559
315 44 64 128 0.0132562
316 44 64 128 0.0182178
317 44 64 128 0.0173738
318 44 64 128 0.0109977
301 45 64 128 0.0142312
302 45 64 128 0.0247893
303 45 64 128 0.0304169
304 45 64 128 0.028846
305 45 64 128 0.0385899
306 45 64 128 0.0489547
307 45 64 128 0.0423392
308 45 64 128 0.0252281
309 45 64 128 0.0182229
310 45 64 128 0.0240443
311 45 64 128 0.0380029
312 45 64 128 0.0365651
313 45 64 128 0.020751
314 45 64 128 0.0122984
315 45 64 128 0.010438
316 45 64 128 0.015634
317 45 64 128 0.0156215
301 46 64 128 0.0144224
302 46 64 128 0.0251798
303 46 64 128 0.0299953
304 46 64 128 0.0260942
305 46 64 128 0.0385733
306 46 64 128 0.0461187
307 46 64 128 0.0368323
308 46 64 128 0.0214605
309 46 64 128 0.0154816
310 46 64 128 0.0207221
311 46 64 128 0.0315107
312 46 64 128 0.0292564
313 46 64 128 0.0164232
314 46 64 128 0.0105311
316 46 64 128 0.0149498
317 46 64 128 0.0151135
301 47 64 128 0.0157825
302 47 64 128 0.0279422
303 47 64 128 0.0334642
304 47 64 128 0.0269459
305 47 64 128 0.0438504
306 47 64 128 0.0492073
307 47 64 128 0.036748
308 47 64 128 0.0215204
309 47 64 128 0.0146352
310 47 64 128 0.0209409
311 47 64 128 0.0290894
312 47 64 128 0.0256306
313 47 64 128 0.0149073
316 47 64 128 0.0156057
317 47 64 128 0.0154878
319 47 64 128 0.0100037
301 48 64 128 0.015315
302 48 64 128 0.0281778
303 48 64 128 0.0345056
304 48 64 128 0.0265781
305 48 64 128 0.0436839
306 48 64 128 0.0480091
307 48 64 128 0.0358314
308 48 64 128 0.0218377
309 48 64 128 0.0141108
310 48 64 128 0.0203255
311 48 64 128 0.0279269
312 48 64 128 0.0247912
313 48 64 128 0.0149984
316 48 64 128 0.0157085
317 48 64 128 0.0154719
319 48 64 128 0.0103407
266 49 64 128 0.0100282
301 49 64 128 0.013357
302 49 64 128 0.0260127
303 49 64 128 0.0328004
304 49 64 128 0.0244539
305 49 64 128 0.0381218
306 49 64 128 0.0421006
307 49 64 128 0.0328901
308 49 64 128 0.0213774
309 49 64 128 0.0134716
310 49 64 128 0.0182997
311 49 64 128 0.0267555
312 49 64 128 0.0250255
313 49 64 128 0.015419
316 49 64 128 0.0151194
317 49 64 128 0.0150644
319 49 64 128 0.0102268
265 50 64 128 0.0102528
266 50 64 128 0.011938
267 50 64 128 0.0111567
268 50 64 128 0.0103712
301 50 64 128 0.0125413
302 50 64 128 0.0250622
303 50 64 128 0.0322187
304 50 64 128 0.0230488
305 50 64 128 0.0347069
306 50 64 128 0.0378865
307 50 64 128 0.0303014
308 50 64 128 0.0208976
309 50 64 128 0.0130825
310 50 64 128 0.0169357
311 50 64 128 0.0254256
312 50 64 128 0.0241315
313 50 64 128 0.0149015
316 50 64 128 0.0149158
317 50 64 128 0.0151382
318 50 64 128 0.0100303
319 50 64 128 0.0106229
266 51 64 128 0.0135065
267 51 64 128 0.0138188
268 51 64 128 0.0121477
269 51 64 128 0.0110272
300 51 64 128 0.0100943
301 51 64 128 0.0135219
302 51 64 128 0.0266363
303 51 64 128 0.0344223
304 51 64 128 0.0237067
305 51 64 128 0.0361635
306 51 64 128 0.0380116
307 51 64 128 0.0293327
308 51 64 128 0.0206563
309 51 64 128 0.0130546
310 51 64 128 0.0167382
311 51 64 128 0.0240598
312 51 64 128 0.0220475
313 51 64 128 0.0135941
316 51 64 128 0.015284
317 51 64 128 0.0157418
318 51 64 128 0.0107725
319 51 64 128 0.0115066
265 52 64 128 0.0128418
266 52 64 128 0.0191976
267 52 64 128 0.0208163
268 52 64 128 0.0187658
269 52 64 128 0.0162444
300 52 64 128 0.0114401
301 52 64 128 0.0148216
302 52 64 128 0.0295402
303 52 64 128 0.0386478
304 52 64 128 0.0264936
305 52 64 128 0.0399554
306 52 64 128 0.0409859
307 52 64 128 0.0299925
308 52 64 128 0.0203513
309 52 64 128 0.0132139
310 52 64 128 0.0165021
311 52 64 128 0.0230439
312 52 64 128 0.0209736
313 52 64 128 0.0131318
316 52 64 128 0.01545
317 52 64 128 0.0160421
318 52 64 128 0.0111976
319 52 64 128 0.0118095
264 53 64 128 0.0108991
265 53 64 128 0.0204237
266 53 64 128 0.0287737
267 53 64 128 0.0317242
268 53 64 128 0.030241
269 53 64 128 0.0242519
270 53 64 128 0.0105701
300 53 64 128 0.0123651
301 53 64 128 0.0162484
302 53 64 128 0.0337758
303 53 64 128 0.0448573
304 53 64 128 0.0308781
305 53 64 128 0.0447431
306 53 64 128 0.0457879
307 53 64 128 0.0322499
308 53 64 128 0.0203752
309 53 64 128 0.0135115
310 53 64 128 0.0158139
311 53 64 128 0.022731
312 53 64 128 0.0219192
313 53 64 128 0.0142334
314 53 64 128 0.0101012
316 53 64 128 0.0154077
317 53 64 128 0.0160061
318 53 64 128 0.0112791
319 53 64 128 0.011474
264 54 64 128 0.0124546
265 54 64 128 0.0247424
266 54 64 128 0.0342728
267 54 64 128 0.0390738
268 54 64 128 0.0385053
269 54 64 128 0.0293576
270 54 64 128 0.0126065
297 54 64 128 0.0109821
298 54 64 128 0.0118007
300 54 64 128 0.0150478
301 54 64 128 0.0198121
302 54 64 128 0.041434
303 54 64 128 0.0543494
304 54 64 128 0.0354798
305 54 64 128 0.0514888
306 54 64 128 0.0524552
307 54 64 128 0.0361068
308 54 64 128 0.0222634
309 54 64 128 0.0141205
310 54 64 128 0.0156483
311 54 64 128 0.0234022
312 54 64 128 0.0238295
313 54 64 128 0.0160479
314 54 64 128 0.0109322
315 54 64 128 0.0105049
316 54 64 128 0.0164421
317 54 64 128 0.0169369
318 54 64 128 0.0121685
319 54 64 128 0.0121261
264 55 64 128 0.0121118
265 55 64 128 0.0223461
266 55 64 128 0.0322866
267 55 64 128 0.0395488
268 55 64 128 0.0398692
269 55 64 128 0.0293195
270 55 64 128 0.0123129
297 55 64 128 0.0153792
298 55 64 128 0.0163402
299 55 64 128 0.0102175
300 55 64 128 0.0207168
301 55 64 128 0.0265474
302 55 64 128 0.0533912
303 55 64 128 0.0677294
304 55 64 128 0.0398497
305 55 64 128 0.0602484
306 55 64 128 0.0606748
307 55 64 128 0.0413884
308 55 64 128 0.0265037
309 55 64 128 0.0151984
310 55 64 128 0.0166204
311 55 64 128 0.0250779
312 55 64 128 0.0257552
313 55 64 128 0.0177506
314 55 64 128 0.0122699
315 55 64 128 0.0124634
316 55 64 128 0.019037
317 55 64 128 0.0193116
318 55 64 128 0.0142046
319 55 64 128 0.0144176
264 56 64 128 0.0123303
265 56 64 128 0.0216157
266 56 64 128 0.0320914
267 56 64 128 0.0414001
268 56 64 128 0.0429818
269 56 64 128 0.0314044
270 56 64 128 0.0125556
296 56 64 128 0.0119327
297 56 64 128 0.0202323
298 56 64 128 0.0221622
299 56 64 128 0.0139364
300 56 64 128 0.0277731
301 56 64 128 0.0346554
302 56 64 128 0.067133
303 56 64 128 0.0836386
304 56 64 128 0.0459747
305 56 64 128 0.0683893
306 56 64 128 0.069057
307 56 64 128 0.0474851
308 56 64 128 0.0308028
309 56 64 128 0.0168185
310 56 64 128 0.0181767
311 56 64 128 0.0271628
312 56 64 128 0.027446
313 56 64 128 0.0189173
314 56 64 128 0.0137041
315 56 64 128 0.0141779
316 56 64 128 0.0214577
317 56 64 128 0.0213204
318 56 64 128 0.0155053
319 56 64 128 0.0162817
264 57 64 128 0.0149371
265 57 64 128 0.0287845
266 57 64 128 0.0404627
267 57 64 128 0.0506367
268 57 64 128 0.0540838
269 57 64 128 0.0406471
270 57 64 128 0.0154203
295 57 64 128 0.0114581
296 57 64 128 0.0143702
297 57 64 128 0.0242224
298 57 64 128 0.0282527
299 57 64 128 0.018447
300 57 64 128 0.0345973
301 57 64 128 0.0425106
302 57 64 128 0.0808333
303 57 64 128 0.101208
304 57 64 128 0.0554999
305 57 64 128 0.0744322
306 57 64 128 0.0768833
307 57 64 128 0.0539599
308 57 64 128 0.033392
309 57 64 128 0.0189144
310 57 64 128 0.0197947
311 57 64 128 0.0292293
312 57 64 128 0.0289507
313 57 64 128 0.0194947
314 57 64 128 0.0149621
315 57 64 128 0.0148349
316 57 64 128 0.0223449
317 57 64 128 0.0215688
318 57 64 128 0.0147368
319 57 64 128 0.0161164
264 58 64 128 0.0175446
265 58 64 128 0.0352982
266 58 64 128 0.0475703
267 58 64 128 0.0582686
268 58 64 128 0.0633562
269 58 64 128 0.0482769
270 58 64 128 0.0177807
295 58 64 128 0.0140559
296 58 64 128 0.0169079
297 58 64 128 0.0292036
298 58 64 128 0.0355004
299 58 64 128 0.0233234
300 58 64 128 0.0410804
301 58 64 128 0.0507378
302 58 64 128 0.097178
303 58 64 128 0.122528
304 58 64 128 0.0674044
305 58 64 128 0.0827801
306 58 64 128 0.0865832
307 58 64 128 0.0612754
308 58 64 128 0.0360533
309 58 64 128 0.0209373
310 58 64 128 0.0217264
311 58 64 128 0.0318305
312 58 64 128 0.0310586
313 58 64 128 0.0206089
314 58 64 128 0.0165233
315 58 64 128 0.0157579
316 58 64 128 0.0230081
317 58 64 128 0.02152
318 58 64 128 0.0138926
319 58 64 128 0.0156095
264 59 64 128 0.0177354
265 59 64 128 0.0321754
266 59 64 128 0.0434009
267 59 64 128 0.0555341
268 59 64 128 0.0612881
269 59 64 128 0.0456974
270 59 64 128 0.0164032
295 59 64 128 0.0156669
296 59 64 128 0.0203243
297 59 64 128 0.0374607
298 59 64 128 0.0453593
299 59 64 128 0.0285292
300 59 64 128 0.0484292
301 59 64 128 0.0613576
302 59 64 128 0.120121
303 59 64 128 0.150685
304 59 64 128 0.0808892
305 59 64 128 0.0986578
306 59 64 128 0.101429
307 59 64 128 0.0705537
308 59 64 128 0.0411969
309 59 64 128 0.0225691
310 59 64 128 0.024393
311 59 64 128 0.0355748
312 59 64 128 0.0344934
313 59 64 128 0.0233203
314 59 64 128 0.0188104
315 59 64 128 0.0182557
316 59 64 128 0.0248821
317 59 64 128 0.0228111
318 59 64 128 0.0151263
319 59 64 128 0.0166726
264 60 64 128 0.0189275
265 60 64 128 0.0289678
266 60 64 128 0.0405377
267 60 64 128 0.0564484
268 60 64 128 0.0631427
269 60 64 128 0.0450607
270 60 64 128 0.0148459
295 60 64 128 0.0194559
296 60 64 128 0.0255948
297 60 64 128 0.049343
298 60 64 128 0.0599756
299 60 64 128 0.0365527
300 60 64 128 0.0636221
301 60 64 128 0.0815931
302 60 64 128 0.154816
303 60 64 128 0.190547
304 60 64 128 0.100299
305 60 64 128 0.123847
306 60 64 128 0.125272
307 60 64 128 0.0856085
308 60 64 128 0.0499522
309 60 64 128 0.0255708
310 60 64 128 0.0281287
311 60 64 128 0.0400039
312 60 64 128 0.03853
313 60 64 128 0.0266108
314 60 64 128 0.0208322
315 60 64 128 0.0204994
316 60 64 128 0.0263462
317 60 64 128 0.0240474
318 60 64 128 0.016809
319 60 64 128 0.0178696
263 61 64 128 0.0123132
264 61 64 128 0.0258039
265 61 64 128 0.0398011
266 61 64 128 0.0568653
267 61 64 128 0.0800021
268 61 64 128 0.0896269
269 61 64 128 0.0632494
270 61 64 128 0.0183553
293 61 64 128 0.011403
294 61 64 128 0.0121502
295 61 64 128 0.0291782
296 61 64 128 0.0335724
297 61 64 128 0.064261
298 61 64 128 0.080955
299 61 64 128 0.0502421
300 61 64 128 0.0942326
301 61 64 128 0.119291
302 61 64 128 0.206064
303 61 64 128 0.246776
304 61 64 128 0.131326
305 61 64 128 0.158718
306 61 64 128 0.161544
307 61 64 128 0.11062
308 61 64 128 0.0628937
309 61 64 128 0.0322843
310 61 64 128 0.0333263
311 61 64 128 0.0444778
312 61 64 128 0.0421045
313 61 64 128 0.0289079
314 61 64 128 0.0213135
315 61 64 128 0.0199282
316 61 64 128 0.0250709
317 61 64 128 0.023077
318 61 64 128 0.0162892
319 61 64 128 0.0168737
263 62 64 128 0.0165967
264 62 64 128 0.0340325
265 62 64 128 0.0556813
266 62 64 128 0.0793571
267 62 64 128 0.110376
268 62 64 128 0.123898
269 62 64 128 0.0873901
270 62 64 128 0.0238259
292 62 64 128 0.0107536
293 62 64 128 0.0153329
294 62 64 128 0.0164003
295 62 64 128 0.0406398
296 62 64 128 0.043169
297 62 64 128 0.0794656
298 62 64 128 0.101985
299 62 64 128 0.0666804
300 62 64 128 0.132411
301 62 64 128 0.169277
302 62 64 128 0.270753
303 62 64 128 0.315415
304 62 64 128 0.174016
305 62 64 128 0.202357
306 62 64 128 0.207329
307 62 64 128 0.143466
308 62 64 128 0.0798324
309 62 64 128 0.0431301
310 62 64 128 0.0412788
311 62 64 128 0.0504957
312 62 64 128 0.0461518
313 62 64 128 0.0308258
314 62 64 128 0.0213923
315 62 64 128 0.0183219
316 62 64 128 0.0229829
317 62 64 128 0.0214421
318 62 64 128 0.014755
319 62 64 128 0.0148987
263 63 64 128 0.0170265
264 63 64 128 0.034737
265 63 64 128 0.0557202
266 63 64 128 0.0792022
267 63 64 128 0.11396
268 63 64 128 0.129794
269 63 64 128 0.0893318
270 63 64 128 0.0238312
292 63 64 128 0.0117666
293 63 64 128 0.0170419
294 63 64 128 0.0190276
295 63 64 128 0.0456953
296 63 64 128 0.0523115
297 63 64 128 0.0912846
298 63 64 128 0.113069
299 63 64 128 0.0800866
300 63 64 128 0.162444
301 63 64 128 0.219458
302 63 64 128 0.341316
303 63 64 128 0.387899
304 63 64 128 0.225485
305 63 64 128 0.253069
306 63 64 128 0.25629
307 63 64 128 0.178683
308 63 64 128 0.100105
309 63 64 128 0.0574001
310 63 64 128 0.0535652
311 63 64 128 0.0605309
312 63 64 128 0.0525975
313 63 64 128 0.0341101
314 63 64 128 0.0234471
315 63 64 128 0.0197051
316 63 64 128 0.0241843
317 63 64 128 0.022573
318 63 64 128 0.0153903
319 63 64 128 0.0149974
263 64 64 128 0.0149132
264 64 64 128 0.0298108
265 64 64 128 0.042386
266 64 64 128 0.060911
267 64 64 128 0.094364
268 64 64 128 0.109039
269 64 64 128 0.0715071
270 64 64 128 0.0189525
292 64 64 128 0.0119383
293 64 64 128 0.0177382
294 64 64 128 0.0210904
295 64 64 128 0.046664
296 64 64 128 0.0611233
297 64 64 128 0.101535
298 64 64 128 0.119114
299 64 64 128 0.0922987
300 64 64 128 0.185408
301 64 64 128 0.267045
302 64 64 128 0.411392
303 64 64 128 0.461213
304 64 64 128 0.288113
305 64 64 128 0.308266
306 64 64 128 0.305684
307 64 64 128 0.215427
308 64 64 128 0.122376
309 64 64 128 0.0738478
310 64 64 128 0.0677179
311 64 64 128 0.0726635
312 64 64 128 0.0606941
313 64 64 128 0.0384075
314 64 64 128 0.0274104
315 64 64 128 0.0239357
316 64 64 128 0.0282315
317 64 64 128 0.0259486
318 64 64 128 0.0178723
319 64 64 128 0.0169588
263 65 64 128 0.0164673
264 65 64 128 0.0301742
265 65 64 128 0.0378346
266 65 64 128 0.0570234
267 65 64 128 0.0865806
268 65 64 128 0.0954144
269 65 64 128 0.0621795
270 65 64 128 0.0165353
292 65 64 128 0.0143652
293 65 64 128 0.0217791
294 65 64 128 0.0263741
295 65 64 128 0.0545867
296 65 64 128 0.0715356
297 65 64 128 0.116568
298 65 64 128 0.137397
299 65 64 128 0.111467
300 65 64 128 0.21644
301 65 64 128 0.317076
302 65 64 128 0.475721
303 65 64 128 0.536965
304 65 64 128 0.368396
305 65 64 128 0.364523
306 65 64 128 0.355766
307 65 64 128 0.256677
308 65 64 128 0.144716
309 65 64 128 0.0907569
310 65 64 128 0.0779407
311 65 64 128 0.0813344
312 65 64 128 0.0674531
313 65 64 128 0.041606
314 65 64 128 0.0311445
315 65 64 128 0.0273491
316 65 64 128 0.0308427
317 65 64 128 0.0277202
318 65 64 128 0.0189281
319 65 64 128 0.017819
263 66 64 128 0.0218478
264 66 64 128 0.0369748
265 66 64 128 0.0463983
266 66 64 128 0.0729587
267 66 64 128 0.0978898
268 66 64 128 0.0982882
269 66 64 128 0.0683558
270 66 64 128 0.0182367
292 66 64 128 0.0191722
293 66 64 128 0.0292966
294 66 64 128 0.0344427
295 66 64 128 0.0693066
296 66 64 128 0.0822048
297 66 64 128 0.135774
298 66 64 128 0.168354
299 66 64 128 0.136197
300 66 64 128 0.254721
301 66 64 128 0.366391
302 66 64 128 0.529951
303 66 64 128 0.609533
304 66 64 128 0.456745
305 66 64 128 0.415522
306 66 64 128 0.402147
307 66 64 128 0.298764
308 66 64 128 0.164443
309 66 64 128 0.105702
310 66 64 128 0.0839687
311 66 64 128 0.0862747
312 66 64 128 0.0722804
313 66 64 128 0.043582
314 66 64 128 0.0340514
315 66 64 128 0.0291133
316 66 64 128 0.0309274
317 66 64 128 0.0271185
318 66 64 128 0.0182811
319 66 64 128 0.0171305
263 67 64 128 0.0233037
264 67 64 128 0.0385366
265 67 64 128 0.0488642
266 67 64 128 0.0783969
267 67 64 128 0.0989406
268 67 64 128 0.0945678
269 67 64 128 0.0688654
270 67 64 128 0.0181832
292 67 64 128 0.0226046
293 67 64 128 0.034909
294 67 64 128 0.0393768
295 67 64 128 0.0760563
296 67 64 128 0.0875658
297 67 64 128 0.149504
298 67 64 128 0.190445
299 67 64 128 0.152687
300 67 64 128 0.278547
301 67 64 128 0.401111
302 67 64 128 0.570897
303 67 64 128 0.663938
304 67 64 128 0.522943
305 67 64 128 0.451346
306 67 64 128 0.43444
307 67 64 128 0.329407
308 67 64 128 0.177961
309 67 64 128 0.115397
310 67 64 128 0.0927218
311 67 64 128 0.094103
312 67 64 128 0.0777272
313 67 64 128 0.0468202
314 67 64 128 0.0375838
315 67 64 128 0.0321565
316 67 64 128 0.0316284
317 67 64 128 0.0274425
318 67 64 128 0.0195963
319 67 64 128 0.0177693
263 68 64 128 0.0185018
264 68 64 128 0.0315496
265 68 64 128 0.0385967
266 68 64 128 0.0632098
267 68 64 128 0.0809596
268 68 64 128 0.0780688
269 68 64 128 0.0577518
270 68 64 128 0.0148914
292 68 64 128 0.0234167
293 68 64 128 0.0367671
294 68 64 128 0.0397963
295 68 64 128 0.0714824
296 68 64 128 0.0878936
297 68 64 128 0.15588
298 68 64 128 0.196613
299 68 64 128 0.157022
300 68 64 128 0.283842
301 68 64 128 0.420718
302 68 64 128 0.600991
303 68 64 128 0.695793
304 68 64 128 0.554757
305 68 64 128 0.47102
306 68 64 128 0.450401
307 68 64 128 0.343704
308 68 64 128 0.184792
309 68 64 128 0.119755
310 68 64 128 0.106534
311 68 64 128 0.106686
312 68 64 128 0.0846156
313 68 64 128 0.0523098
314 68 64 128 0.04227
315 68 64 128 0.0375392
316 68 64 128 0.0344018
317 68 64 128 0.0301558
318 68 64 128 0.0242175
319 68 64 128 0.0209321
263 69 64 128 0.0165672
264 69 64 128 0.030475
265 69 64 128 0.0362161
266 69 64 128 0.0607645
267 69 64 128 0.0795256
268 69 64 128 0.0793485
269 69 64 128 0.0619874
270 69 64 128 0.0163038
292 69 64 128 0.0256969
293 69 64 128 0.0405375
294 69 64 128 0.043777
295 69 64 128 0.0761112
296 69 64 128 0.0952681
297 69 64 128 0.169166
298 69 64 128 0.210528
299 69 64 128 0.165953
300 69 64 128 0.303192
301 69 64 128 0.451838
302 69 64 128 0.633364
303 69 64 128 0.722346
304 69 64 128 0.577288
305 69 64 128 0.491281
306 69 64 128 0.464264
307 69 64 128 0.352102
308 69 64 128 0.190597
309 69 64 128 0.124978
310 69 64 128 0.117978
311 69 64 128 0.115842
312 69 64 128 0.0900329
313 69 64 128 0.057823
314 69 64 128 0.0465937
315 69 64 128 0.0422419
316 69 64 128 0.0369124
317 69 64 128 0.0326657
318 69 64 128 0.0285095
319 69 64 128 0.0241533
263 70 64 128 0.0228349
264 70 64 128 0.0431068
265 70 64 128 0.0535004
266 70 64 128 0.089679
267 70 64 128 0.113634
268 70 64 128 0.114009
269 70 64 128 0.0952364
270 70 64 128 0.0264171
291 70 64 128 0.0125663
292 70 64 128 0.0315359
293 70 64 128 0.0491481
294 70 64 128 0.0556563
295 70 64 128 0.100744
296 70 64 128 0.115269
297 70 64 128 0.19559
298 70 64 128 0.244208
299 70 64 128 0.188893
300 70 64 128 0.353023
301 70 64 128 0.506779
302 70 64 128 0.673105
303 70 64 128 0.754001
304 70 64 128 0.609399
305 70 64 128 0.522183
306 70 64 128 0.485208
307 70 64 128 0.362282
308 70 64 128 0.1985
309 70 64 128 0.135041
310 70 64 128 0.12239
311 70 64 128 0.116814
312 70 64 128 0.0924461
313 70 64 128 0.0617251
314 70 64 128 0.0496341
315 70 64 128 0.044574
316 70 64 128 0.0378437
317 70 64 128 0.0333893
318 70 64 128 0.0301274
319 70 64 128 0.0257254
263 71 64 128 0.0274533
264 71 64 128 0.0513367
265 71 64 128 0.0666214
266 71 64 128 0.109851
267 71 64 128 0.137802
268 71 64 128 0.140609
269 71 64 128 0.120324
270 71 64 128 0.0342696
290 71 64 128 0.0108577
291 71 64 128 0.014933
292 71 64 128 0.0352612
293 71 64 128 0.0548129
294 71 64 128 0.0654198
295 71 64 128 0.119096
296 71 64 128 0.130097
297 71 64 128 0.211951
298 71 64 128 0.264513
299 71 64 128 0.206398
300 71 64 128 0.389157
301 71 64 128 0.545955
302 71 64 128 0.697708
303 71 64 128 0.773426
304 71 64 128 0.638689
305 71 64 128 0.547847
306 71 64 128 0.501749
307 71 64 128 0.368489
308 71 64 128 0.201971
309 71 64 128 0.145146
310 71 64 128 0.126663
311 71 64 128 0.118446
312 71 64 128 0.0957019
313 71 64 128 0.0652414
314 71 64 128 0.0529383
315 71 64 128 0.0481912
316 71 64 128 0.0402009
317 71 64 128 0.0351318
318 71 64 128 0.0322621
319 71 64 128 0.0274451
263 72 64 128 0.0212293
264 72 64 128 0.0387346
265 72 64 128 0.0534135
266 72 64 128 0.0849315
267 72 64 128 0.11111
268 72 64 128 0.121595
269 72 64 128 0.103708
270 72 64 128 0.029968
291 72 64 128 0.0144119
292 72 64 128 0.0320993
293 72 64 128 0.0511036
294 72 64 128 0.0642081
295 72 64 128 0.107725
296 72 64 128 0.123744
297 72 64 128 0.198061
298 72 64 128 0.242417
299 72 64 128 0.200428
300 72 64 128 0.372849
301 72 64 128 0.535047
302 72 64 128 0.688853
303 72 64 128 0.766281
304 72 64 128 0.651726
305 72 64 128 0.553005
306 72 64 128 0.503152
307 72 64 128 0.365685
308 72 64 128 0.195951
309 72 64 128 0.150911
310 72 64 128 0.137671
311 72 64 128 0.129112
312 72 64 128 0.103283
313 72 64 128 0.0697534
314 72 64 128 0.0579892
315 72 64 128 0.0562004
316 72 64 128 0.0465395
317 72 64 128 0.0404279
318 72 64 128 0.037925
319 72 64 128 0.0311723
263 73 64 128 0.0113166
264 73 64 128 0.0193621
265 73 64 128 0.0305965
266 73 64 128 0.0474537
267 73 64 128 0.0703661
268 73 64 128 0.0874625
269 73 64 128 0.0732999
270 73 64 128 0.0216964
291 73 64 128 0.013194
292 73 64 128 0.0282806
293 73 64 128 0.0473296
294 73 64 128 0.0611137
295 73 64 128 0.0889305
296 73 64 128 0.109035
297 73 64 128 0.17357
298 73 64 128 0.207633
299 73 64 128 0.184757
300 73 64 128 0.343793
301 73 64 128 0.509781
302 73 64 128 0.671977
303 73 64 128 0.756519
304 73 64 128 0.657482
305 73 64 128 0.547896
306 73 64 128 0.50024
307 73 64 128 0.363933
308 73 64 128 0.190731
309 73 64 128 0.157559
310 73 64 128 0.152109
311 73 64 128 0.143094
312 73 64 128 0.112264
313 73 64 128 0.0748807
314 73 64 128 0.0638141
315 73 64 128 0.06446
316 73 64 128 0.0535273
317 73 64 128 0.046711
318 73 64 128 0.0444533
319 73 64 128 0.0360099
264 74 64 128 0.0131517
265 74 64 128 0.0225859
266 74 64 128 0.0425419
267 74 64 128 0.0664047
268 74 64 128 0.0814014
269 74 64 128 0.0684593
270 74 64 128 0.0209683
290 74 64 128 0.0109966
291 74 64 128 0.0142439
292 74 64 128 0.0316394
293 74 64 128 0.054874
294 74 64 128 0.0679807
295 74 64 128 0.0928357
296 74 64 128 0.104429
297 74 64 128 0.165523
298 74 64 128 0.20027
299 74 64 128 0.179354
300 74 64 128 0.35467
301 74 64 128 0.518072
302 74 64 128 0.679682
303 74 64 128 0.772963
304 74 64 128 0.668445
305 74 64 128 0.547645
306 74 64 128 0.506991
307 74 64 128 0.374693
308 74 64 128 0.19852
309 74 64 128 0.171361
310 74 64 128 0.164275
311 74 64 128 0.151787
312 74 64 128 0.118317
313 74 64 128 0.079664
314 74 64 128 0.0688852
315 74 64 128 0.0677018
316 74 64 128 0.0568146
317 74 64 128 0.0504773
318 74 64 128 0.0482008
319 74 64 128 0.0404236
264 75 64 128 0.0166671
265 75 64 128 0.0255741
266 75 64 128 0.0574389
267 75 64 128 0.083404
268 75 64 128 0.0913634
269 75 64 128 0.0785726
270 75 64 128 0.0242996
290 75 64 128 0.0140811
291 75 64 128 0.016133
292 75 64 128 0.037685
293 75 64 128 0.065828
294 75 64 128 0.0775597
295 75 64 128 0.107088
296 75 64 128 0.10691
297 75 64 128 0.168362
298 75 64 128 0.208467
299 75 64 128 0.180354
300 75 64 128 0.382013
301 75 64 128 0.544332
302 75 64 128 0.701486
303 75 64 128 0.796178
304 75 64 128 0.673885
305 75 64 128 0.547666
306 75 64 128 0.513313
307 75 64 128 0.386445
308 75 64 128 0.211939
309 75 64 128 0.185189
310 75 64 128 0.172951
311 75 64 128 0.156034
312 75 64 128 0.120728
313 75 64 128 0.0826782
314 75 64 128 0.072932
315 75 64 128 0.068245
316 75 64 128 0.0574408
317 75 64 128 0.0524711
318 75 64 128 0.0506982
319 75 64 128 0.0441861
264 76 64 128 0.0167603
265 76 64 128 0.0240756
266 76 64 128 0.0560625
267 76 64 128 0.0789092
268 76 64 128 0.0832685
269 76 64 128 0.0730832
270 76 64 128 0.0223263
290 76 64 128 0.0138666
291 76 64 128 0.015769
292 76 64 128 0.0372255
293 76 64 128 0.0650277
294 76 64 128 0.0754705
295 76 64 128 0.102802
296 76 64 128 0.10471
297 76 64 128 0.163204
298 76 64 128 0.199483
299 76 64 128 0.174156
300 76 64 128 0.372423
301 76 64 128 0.547191
302 76 64 128 0.709022
303 76 64 128 0.787957
304 76 64 128 0.654454
305 76 64 128 0.535174
306 76 64 128 0.499757
307 76 64 128 0.378986
308 76 64 128 0.215756
309 76 64 128 0.186845
310 76 64 128 0.178825
311 76 64 128 0.160549
312 76 64 128 0.120406
313 76 64 128 0.0824094
314 76 64 128 0.0761789
315 76 64 128 0.0713993
316 76 64 128 0.058677
317 76 64 128 0.0552015
318 76 64 128 0.0555277
319 76 64 128 0.0476437
264 77 64 128 0.0127699
265 77 64 128 0.018337
266 77 64 128 0.0426197
267 77 64 128 0.0598029
268 77 64 128 0.0644179
269 77 64 128 0.0587439
270 77 64 128 0.0182276
290 77 64 128 0.0117694
291 77 64 128 0.0144866
292 77 64 128 0.0330567
293 77 64 128 0.0574077
294 77 64 128 0.0678543
295 77 64 128 0.0881685
296 77 64 128 0.0997257
297 77 64 128 0.151442
298 77 64 128 0.177548
299 77 64 128 0.162023
300 77 64 128 0.335102
301 77 64 128 0.527002
302 77 64 128 0.697175
303 77 64 128 0.752332
304 77 64 128 0.616432
305 77 64 128 0.507871
306 77 64 128 0.467952
307 77 64 128 0.355604
308 77 64 128 0.208877
309 77 64 128 0.177697
310 77 64 128 0.180736
311 77 64 128 0.164217
312 77 64 128 0.117805
313 77 64 128 0.0789317
314 77 64 128 0.0778183
315 77 64 128 0.0763338
316 77 64 128 0.0608149
317 77 64 128 0.0589044
318 77 64 128 0.0622288
319 77 64 128 0.0508311
264 78 64 128 0.0124247
265 78 64 128 0.0191043
266 78 64 128 0.0480074
267 78 64 128 0.0655837
268 78 64 128 0.0693764
269 78 64 128 0.06681
270 78 64 128 0.023339
290 78 64 128 0.0129264
291 78 64 128 0.0165032
292 78 64 128 0.0358371
293 78 64 128 0.0610991
294 78 64 128 0.0742714
295 78 64 128 0.0957266
296 78 64 128 0.102845
297 78 64 128 0.147978
298 78 64 128 0.171456
299 78 64 128 0.155152
300 78 64 128 0.320848
301 78 64 128 0.512097
302 78 64 128 0.676717
303 78 64 128 0.721583
304 78 64 128 0.583073
305 78 64 128 0.470724
306 78 64 128 0.433637
307 78 64 128 0.335137
308 78 64 128 0.199709
309 78 64 128 0.168157
310 78 64 128 0.176316
311 78 64 128 0.162012
312 78 64 128 0.113035
313 78 64 128 0.073409
314 78 64 128 0.0763931
315 78 64 128 0.0781281
316 78 64 128 0.062146
317 78 64 128 0.062283
318 78 64 128 0.0676311
319 78 64 128 0.0535667
264 79 64 128 0.0161509
265 79 64 128 0.026231
266 79 64 128 0.0709013
267 79 64 128 0.0947886
268 79 64 128 0.0961223
269 79 64 128 0.0936183
270 79 64 128 0.0353354
289 79 64 128 0.0103368
290 79 64 128 0.0171437
291 79 64 128 0.0213464
292 79 64 128 0.0449055
293 79 64 128 0.0756635
294 79 64 128 0.0939843
295 79 64 128 0.123573
296 79 64 128 0.112585
297 79 64 128 0.153159
298 79 64 128 0.182384
299 79 64 128 0.154923
300 79 64 128 0.333917
301 79 64 128 0.505496
302 79 64 128 0.651289
303 79 64 128 0.701249
304 79 64 128 0.55763
305 79 64 128 0.427854
306 79 64 128 0.399501
307 79 64 128 0.317947
308 79 64 128 0.188596
309 79 64 128 0.159248
310 79 64 128 0.165167
311 79 64 128 0.152376
312 79 64 128 0.105591
313 79 64 128 0.0667203
314 79 64 128 0.0720873
315 79 64 128 0.0761921
316 79 64 128 0.0627277
317 79 64 128 0.0652393
318 79 64 128 0.0709968
319 79 64 128 0.0557124
264 80 64 128 0.0167192
265 80 64 128 0.028197
266 80 64 128 0.0764549
267 80 64 128 0.103359
268 80 64 128 0.104634
269 80 64 128 0.0993112
270 80 64 128 0.0377808
271 80 64 128 0.010002
289 80 64 128 0.0118357
290 80 64 128 0.0186988
291 80 64 128 0.0236855
292 80 64 128 0.0478624
293 80 64 128 0.081388
294 80 64 128 0.105185
295 80 64 128 0.13406
296 80 64 128 0.114631
297 80 64 128 0.152125
298 80 64 128 0.182676
299 80 64 128 0.152415
300 80 64 128 0.329958
301 80 64 128 0.483696
302 80 64 128 0.616895
303 80 64 128 0.668851
304 80 64 128 0.522524
305 80 64 128 0.382394
306 80 64 128 0.354659
307 80 64 128 0.285257
308 80 64 128 0.167508
309 80 64 128 0.142267
310 80 64 128 0.149012
311 80 64 128 0.13747
312 80 64 128 0.0943958
313 80 64 128 0.059446
314 80 64 128 0.0668054
315 80 64 128 0.074476
316 80 64 128 0.0644684
317 80 64 128 0.0689346
318 80 64 128 0.0741489
319 80 64 128 0.0571951
264 81 64 128 0.0119584
265 81 64 128 0.0212224
266 81 64 128 0.054534
267 81 64 128 0.0782365
268 81 64 128 0.0829754
269 81 64 128 0.0733566
270 81 64 128 0.0269096
289 81 64 128 0.0111644
290 81 64 128 0.0161361
291 81 64 128 0.0217908
292 81 64 128 0.0414314
293 81 64 128 0.0727632
294 81 64 128 0.100203
295 81 64 128 0.116116
296 81 64 128 0.104906
297 81 64 128 0.139078
298 81 64 128 0.162177
299 81 64 128 0.143436
300 81 64 128 0.293138
301 81 64 128 0.440119
302 81 64 128 0.574127
303 81 64 128 0.618362
304 81 64 128 0.475062
305 81 64 128 0.339663
306 81 64 128 0.3026
307 81 64 128 0.23818
308 81 64 128 0.138921
309 81 64 128 0.119215
310 81 64 128 0.132774
311 81 64 128 0.122211
312 81 64 128 0.0820348
313 81 64 128 0.0532615
314 81 64 128 0.0628603
315 81 64 128 0.0750778
316 81 64 128 0.0680425
317 81 64 128 0.0736337
318 81 64 128 0.0779809
319 81 64 128 0.0588805
265 82 64 128 0.0143358
266 82 64 128 0.0356916
267 82 64 128 0.0574358
268 82 64 128 0.0654438
269 82 64 128 0.0532389
270 82 64 128 0.0195899
289 82 64 128 0.0114517
290 82 64 128 0.0150044
291 82 64 128 0.0198591
292 82 64 128 0.0373062
293 82 64 128 0.0676591
294 82 64 128 0.0947852
295 82 64 128 0.102395
296 82 64 128 0.0961115
297 82 64 128 0.123356
298 82 64 128 0.139924
299 82 64 128 0.13186
300 82 64 128 0.255288
301 82 64 128 0.396307
302 82 64 128 0.531228
303 82 64 128 0.571246
304 82 64 128 0.43708
305 82 64 128 0.308413
306 82 64 128 0.270026
307 82 64 128 0.209971
308 82 64 128 0.122168
309 82 64 128 0.109361
310 82 64 128 0.12616
311 82 64 128 0.115504
312 82 64 128 0.0767913
313 82 64 128 0.0515539
314 82 64 128 0.0630677
315 82 64 128 0.0768979
316 82 64 128 0.0720781
317 82 64 128 0.0781217
318 82 64 128 0.0817619
319 82 64 128 0.063079
265 83 64 128 0.0136415
266 83 64 128 0.0390929
267 83 64 128 0.0638917
268 83 64 128 0.0721147
269 83 64 128 0.0609676
270 83 64 128 0.0252767
271 83 64 128 0.0100033
289 83 64 128 0.0141615
290 83 64 128 0.018191
291 83 64 128 0.0204503
292 83 64 128 0.0418222
293 83 64 128 0.0756845
294 83 64 128 0.0984601
295 83 64 128 0.111475
296 83 64 128 0.0956184
297 83 64 128 0.111948
298 83 64 128 0.128485
299 83 64 128 0.120292
300 83 64 128 0.237145
301 83 64 128 0.365494
302 83 64 128 0.493022
303 83 64 128 0.540427
304 83 64 128 0.419203
305 83 64 128 0.290925
306 83 64 128 0.267451
307 83 64 128 0.21522
308 83 64 128 0.125704
309 83 64 128 0.12029
310 83 64 128 0.131795
311 83 64 128 0.120022
312 83 64 128 0.0818096
313 83 64 128 0.0554784
314 83 64 128 0.0681848
315 83 64 128 0.0791205
316 83 64 128 0.0753902
317 83 64 128 0.0813269
318 83 64 128 0.084854
319 83 64 128 0.0702335
264 84 64 128 0.0106818
265 84 64 128 0.0157434
266 84 64 128 0.0487697
267 84 64 128 0.0745831
268 84 64 128 0.0801206
269 84 64 128 0.0722851
270 84 64 128 0.0317414
271 84 64 128 0.0131899
289 84 64 128 0.0160699
290 84 64 128 0.020881
291 84 64 128 0.0210586
292 84 64 128 0.0456306
293 84 64 128 0.0822063
294 84 64 128 0.101336
295 84 64 128 0.119837
296 84 64 128 0.0948109
297 84 64 128 0.10323
298 84 64 128 0.119251
299 84 64 128 0.106705
300 84 64 128 0.22358
301 84 64 128 0.33561
302 84 64 128 0.454701
303 84 64 128 0.513091
304 84 64 128 0.400613
305 84 64 128 0.273511
306 84 64 128 0.262484
307 84 64 128 0.217944
308 84 64 128 0.128898
309 84 64 128 0.128515
310 84 64 128 0.134635
311 84 64 128 0.122914
312 84 64 128 0.086949
313 84 64 128 0.0605754
314 84 64 128 0.0740099
315 84 64 128 0.0822476
316 84 64 128 0.0776504
317 84 64 128 0.0828177
318 84 64 128 0.0871691
319 84 64 128 0.0760863
264 85 64 128 0.0101923
265 85 64 128 0.0169264
266 85 64 128 0.0494522
267 85 64 128 0.0690555
268 85 64 128 0.0700259
269 85 64 128 0.0658696
270 85 64 128 0.0287418
271 85 64 128 0.0110692
289 85 64 128 0.0148058
290 85 64 128 0.0192706
291 85 64 128 0.0197139
292 85 64 128 0.0412074
293 85 64 128 0.0754431
294 85 64 128 0.095327
295 85 64 128 0.107618
296 85 64 128 0.0863478
297 85 64 128 0.094738
298 85 64 128 0.103907
299 85 64 128 0.0898504
300 85 64 128 0.199899
301 85 64 128 0.295738
302 85 64 128 0.411413
303 85 64 128 0.475792
304 85 64 128 0.36269
305 85 64 128 0.244151
306 85 64 128 0.228443
307 85 64 128 0.188497
308 85 64 128 0.114447
309 85 64 128 0.115132
310 85 64 128 0.123086
311 85 64 128 0.114584
312 85 64 128 0.084262
313 85 64 128 0.0628391
314 85 64 128 0.0769712
315 85 64 128 0.0867376
316 85 64 128 0.079122
317 85 64 128 0.082742
318 85 64 128 0.0887413
319 85 64 128 0.0773675
265 86 64 128 0.0173514
266 86 64 128 0.0471272
267 86 64 128 0.0607568
268 86 64 128 0.0578856
269 86 64 128 0.0558292
270 86 64 128 0.0248908
289 86 64 128 0.0136384
290 86 64 128 0.0173819
291 86 64 128 0.0191166
292 86 64 128 0.0360975
293 86 64 128 0.0670208
294 86 64 128 0.0893361
295 86 64 128 0.0908273
296 86 64 128 0.0760905
297 86 64 128 0.0855022
298 86 64 128 0.0865054
299 86 64 128 0.0738311
300 86 64 128 0.172077
301 86 64 128 0.252669
302 86 64 128 0.363252
303 86 64 128 0.426429
304 86 64 128 0.311638
305 86 64 128 0.205474
306 86 64 128 0.182519
307 86 64 128 0.1475
308 86 64 128 0.0927951
309 86 64 128 0.0946691
310 86 64 128 0.107699
311 86 64 128 0.10569
312 86 64 128 0.080956
313 86 64 128 0.0629233
314 86 64 128 0.0784571
315 86 64 128 0.0921884
316 86 64 128 0.0817962
317 86 64 128 0.0830457
318 86 64 128 0.0897627
319 86 64 128 0.0769499
264 87 64 128 0.0103455
265 87 64 128 0.0178192
266 87 64 128 0.0501984
267 87 64 128 0.0660961
268 87 64 128 0.0625227
269 87 64 128 0.0596393
270 87 64 128 0.0301968
271 87 64 128 0.0142069
289 87 64 128 0.0161026
290 87 64 128 0.0197301
291 87 64 128 0.0221095
292 87 64 128 0.0390596
293 87 64 128 0.0705362
294 87 64 128 0.0935302
295 87 64 128 0.0892805
296 87 64 128 0.0714057
297 87 64 128 0.0752704
298 87 64 128 0.0730211
299 87 64 128 0.0631423
300 87 64 128 0.149293
301 87 64 128 0.21598
302 87 64 128 0.312445
303 87 64 128 0.367068
304 87 64 128 0.258669
305 87 64 128 0.163805
306 87 64 128 0.14803
307 87 64 128 0.121922
308 87 64 128 0.0782002
309 87 64 128 0.0855035
310 87 64 128 0.101268
311 87 64 128 0.108113
312 87 64 128 0.0852336
313 87 64 128 0.0622929
314 87 64 128 0.0803889
315 87 64 128 0.09796
316 87 64 128 0.0875223
317 87 64 128 0.0857383
318 87 64 128 0.0907014
319 87 64 128 0.0785828
264 88 64 128 0.0116678
265 88 64 128 0.017645
266 88 64 128 0.0525199
267 88 64 128 0.0730352
268 88 64 128 0.0710341
269 88 64 128 0.0666468
270 88 64 128 0.0373718
271 88 64 128 0.0203557
272 88 64 128 0.0113035
288 88 64 128 0.0122056
289 88 64 128 0.0196754
290 88 64 128 0.0231513
291 88 64 128 0.0260631
292 88 64 128 0.0456067
293 88 64 128 0.0795154
294 88 64 128 0.102534
295 88 64 128 0.0966266
296 88 64 128 0.0706507
297 88 64 128 0.0659898
298 88 64 128 0.0640209
299 88 64 128 0.0573646
300 88 64 128 0.131573
301 88 64 128 0.187627
302 88 64 128 0.267015
303 88 64 128 0.308838
304 88 64 128 0.210807
305 88 64 128 0.127335
306 88 64 128 0.124927
307 88 64 128 0.10805
308 88 64 128 0.0697948
309 88 64 128 0.0834123
310 88 64 128 0.0998413
311 88 64 128 0.113543
312 88 64 128 0.0906598
313 88 64 128 0.0608697
314 88 64 128 0.0811088
315 88 64 128 0.103182
316 88 64 128 0.0949835
317 88 64 128 0.0907723
318 88 64 128 0.0934283
319 88 64 128 0.0828531
264 89 64 128 0.0104555
265 89 64 128 0.0157803
266 89 64 128 0.0441692
267 89 64 128 0.0619634
268 89 64 128 0.0618625
269 89 64 128 0.0584512
270 89 64 128 0.0344155
271 89 64 128 0.0195135
272 89 64 128 0.0105496
288 89 64 128 0.0123319
289 89 64 128 0.0201824
290 89 64 128 0.0224685
291 89 64 128 0.0269025
292 89 64 128 0.0474788
293 89 64 128 0.0817316
294 89 64 128 0.106383
295 89 64 128 0.0985944
296 89 64 128 0.0693615
297 89 64 128 0.0600889
298 89 64 128 0.0581742
299 89 64 128 0.0542834
300 89 64 128 0.115832
301 89 64 128 0.166526
302 89 64 128 0.235712
303 89 64 128 0.264717
304 89 64 128 0.173051
305 89 64 128 0.103869
306 89 64 128 0.105423
307 89 64 128 0.0925268
308 89 64 128 0.0618625
309 89 64 128 0.0772832
310 89 64 128 0.0944757
311 89 64 128 0.108433
312 89 64 128 0.0872049
313 89 64 128 0.0582857
314 89 64 128 0.0782702
315 89 64 128 0.107108
316 89 64 128 0.101969
317 89 64 128 0.0973917
318 89 64 128 0.100026
319 89 64 128 0.089298
265 90 64 128 0.0128656
266 90 64 128 0.0297014
267 90 64 128 0.0397508
268 90 64 128 0.0409788
269 90 64 128 0.0403412
270 90 64 128 0.0243881
271 90 64 128 0.0136292
288 90 64 128 0.0111771
289 90 64 128 0.0187216
290 90 64 128 0.0199561
291 90 64 128 0.0257591
292 90 64 128 0.0463734
293 90 64 128 0.0797011
294 90 64 128 0.105219
295 90 64 128 0.0960872
296 90 64 128 0.0674022
297 90 64 128 0.056948
298 90 64 128 0.0547939
299 90 64 128 0.0515804
300 90 64 128 0.101022
301 90 64 128 0.148921
302 90 64 128 0.213993
303 90 64 128 0.2338
304 90 64 128 0.145594
305 90 64 128 0.0909579
306 90 64 128 0.0889638
307 90 64 128 0.0763658
308 90 64 128 0.054863
309 90 64 128 0.0686493
310 90 64 128 0.0866837
311 90 64 128 0.0993825
312 90 64 128 0.0813668
313 90 64 128 0.0567689
314 90 64 128 0.075391
315 90 64 128 0.111001
316 90 64 128 0.108721
317 90 64 128 0.105213
318 90 64 128 0.10972
319 90 64 128 0.0983981
265 91 64 128 0.0104251
266 91 64 128 0.0211426
267 91 64 128 0.0269921
268 91 64 128 0.0286805
269 91 64 128 0.0299156
270 91 64 128 0.0182061
271 91 64 128 0.0100089
288 91 64 128 0.0119599
289 91 64 128 0.0190991
290 91 64 128 0.0216452
291 91 64 128 0.0264522
292 91 64 128 0.0491193
293 91 64 128 0.083552
294 91 64 128 0.104661
295 91 64 128 0.0980275
296 91 64 128 0.0669628
297 91 64 128 0.0543723
298 91 64 128 0.053521
299 91 64 128 0.0470475
300 91 64 128 0.087324
301 91 64 128 0.12993
302 91 64 128 0.190547
303 91 64 128 0.2078
304 91 64 128 0.12593
305 91 64 128 0.0807499
306 91 64 128 0.0787705
307 91 64 128 0.0680684
308 91 64 128 0.0524603
309 91 64 128 0.0656648
310 91 64 128 0.0834317
311 91 64 128 0.103099
312 91 64 128 0.0878181
313 91 64 128 0.0597251
314 91 64 128 0.0788208
315 91 64 128 0.117027
316 91 64 128 0.116708
317 91 64 128 0.113988
318 91 64 128 0.120083
319 91 64 128 0.110856
266 92 64 128 0.0202263
267 92 64 128 0.0264603
268 92 64 128 0.027732
269 92 64 128 0.0293684
270 92 64 128 0.0175114
288 92 64 128 0.0142187
289 92 64 128 0.021159
290 92 64 128 0.026757
291 92 64 128 0.029133
292 92 64 128 0.0553254
293 92 64 128 0.0929668
294 92 64 128 0.107459
295 92 64 128 0.105711
296 92 64 128 0.0687135
297 92 64 128 0.0522906
298 92 64 128 0.0534479
299 92 64 128 0.0413106
300 92 64 128 0.0764623
301 92 64 128 0.110839
302 92 64 128 0.165009
303 92 64 128 0.184679
304 92 64 128 0.111299
305 92 64 128 0.0706914
306 92 64 128 0.0737107
307 92 64 128 0.0670672
308 92 64 128 0.0541724
309 92 64 128 0.0690747
310 92 64 128 0.0852118
311 92 64 128 0.1171
312 92 64 128 0.103436
313 92 64 128 0.0659544
314 92 64 128 0.0874237
315 92 64 128 0.12368
316 92 64 128 0.124936
317 92 64 128 0.122262
318 92 64 128 0.127729
319 92 64 128 0.122185
266 93 64 128 0.0200921
267 93 64 128 0.0260658
268 93 64 128 0.0262789
269 93 64 128 0.028054
270 93 64 128 0.0162104
288 93 64 128 0.0144736
289 93 64 128 0.0214824
290 93 64 128 0.0289216
291 93 64 128 0.0309171
292 93 64 128 0.0586452
293 93 64 128 0.0989918
294 93 64 128 0.11386
295 93 64 128 0.114035
296 93 64 128 0.0720147
297 93 64 128 0.0523682
298 93 64 128 0.0532299
299 93 64 128 0.0373107
300 93 64 128 0.0713346
301 93 64 128 0.097941
302 93 64 128 0.146009
303 93 64 128 0.167539
304 93 64 128 0.0987638
305 93 64 128 0.0626528
306 93 64 128 0.0690268
307 93 64 128 0.0652515
308 93 64 128 0.0560445
309 93 64 128 0.0733865
310 93 64 128 0.0870801
311 93 64 128 0.12308
312 93 64 128 0.110463
313 93 64 128 0.070452
314 93 64 128 0.0938629
315 93 64 128 0.126441
316 93 64 128 0.130383
317 93 64 128 0.127585
318 93 64 128 0.128565
319 93 64 128 0.123746
266 94 64 128 0.0174564
267 94 64 128 0.0207707
268 94 64 128 0.0197528
269 94 64 128 0.0218249
270 94 64 128 0.0121083
288 94 64 128 0.0122954
289 94 64 128 0.0195796
290 94 64 128 0.0271171
291 94 64 128 0.0311966
292 94 64 128 0.0577794
293 94 64 128 0.0993457
294 94 64 128 0.122007
295 94 64 128 0.120188
296 94 64 128 0.075682
297 94 64 128 0.0542247
298 94 64 128 0.0524293
299 94 64 128 0.0358531
300 94 64 128 0.0708688
301 94 64 128 0.0912991
302 94 64 128 0.133592
303 94 64 128 0.15381
304 94 64 128 0.0858212
305 94 64 128 0.056167
306 94 64 128 0.06209
307 94 64 128 0.0589842
308 94 64 128 0.0552152
309 94 64 128 0.0742389
310 94 64 128 0.0854958
311 94 64 128 0.115393
312 94 64 128 0.103763
313 94 64 128 0.0705249
314 94 64 128 0.0943039
315 94 64 128 0.12343
316 94 64 128 0.13146
317 94 64 128 0.128283
318 94 64 128 0.121525
319 94 64 128 0.114103
266 95 64 128 0.0138395
267 95 64 128 0.0149192
268 95 64 128 0.0132483
269 95 64 128 0.0151454
288 95 64 128 0.0111681
289 95 64 128 0.0187329
290 95 64 128 0.0271933
291 95 64 128 0.0323124
292 95 64 128 0.0579461
293 95 64 128 0.100398
294 95 64 128 0.127544
295 95 64 128 0.124479
296 95 64 128 0.0779118
297 95 64 128 0.0548737
298 95 64 128 0.0517591
299 95 64 128 0.0349892
300 95 64 128 0.0690093
301 95 64 128 0.0830319
302 95 64 128 0.116792
303 95 64 128 0.133694
304 95 64 128 0.0705393
305 95 64 128 0.0476957
306 95 64 128 0.0530845
307 95 64 128 0.0505172
308 95 64 128 0.0503422
309 95 64 128 0.0689562
310 95 64 128 0.0789058
311 95 64 128 0.104802
312 95 64 128 0.0945175
313 95 64 128 0.0665332
314 95 64 128 0.0895507
315 95 64 128 0.116197
316 95 64 128 0.128471
317 95 64 128 0.12372
318 95 64 128 0.109374
319 95 64 128 0.100983
266 96 64 128 0.0104783
267 96 64 128 0.0112809
269 96 64 128 0.0108755
288 96 64 128 0.0124376
289 96 64 128 0.0201226
290 96 64 128 0.0311912
291 96 64 128 0.0349169
292 96 64 128 0.0613446
293 96 64 128 0.105163
294 96 64 128 0.129071
295 96 64 128 0.127223
296 96 64 128 0.0781956
297 96 64 128 0.0535393
298 96 64 128 0.0518175
299 96 64 128 0.0336004
300 96 64 128 0.06276
301 96 64 128 0.0701631
302 96 64 128 0.0923918
303 96 64 128 0.10488
304 96 64 128 0.0534066
305 96 64 128 0.0363105
306 96 64 128 0.0431642
307 96 64 128 0.0420861
308 96 64 128 0.0419419
309 96 64 128 0.0579894
310 96 64 128 0.068172
311 96 64 128 0.0984554
312 96 64 128 0.0899201
313 96 64 128 0.0601724
314 96 64 128 0.0822529
315 96 64 128 0.107618
316 96 64 128 0.123758
317 96 64 128 0.116435
318 96 64 128 0.0965163
319 96 64 128 0.0907418
288 97 64 128 0.012957
289 97 64 128 0.0205222
290 97 64 128 0.0331595
291 97 64 128 0.036131
292 97 64 128 0.0637135
293 97 64 128 0.109309
294 97 64 128 0.131066
295 97 64 128 0.128382
296 97 64 128 0.078538
297 97 64 128 0.0539189
298 97 64 128 0.0528496
299 97 64 128 0.0324588
300 97 64 128 0.055481
301 97 64 128 0.059898
302 97 64 128 0.0730778
303 97 64 128 0.0800163
304 97 64 128 0.0394006
305 97 64 128 0.0263648
306 97 64 128 0.0349751
307 97 64 128 0.035196
308 97 64 128 0.033851
309 97 64 128 0.0474777
310 97 64 128 0.0584671
311 97 64 128 0.094738
312 97 64 128 0.0877059
313 97 64 128 0.0552901
314 97 64 128 0.0779838
315 97 64 128 0.102662
316 97 64 128 0.123276
317 97 64 128 0.114825
318 97 64 128 0.0899783
319 97 64 128 0.0860606
288 98 64 128 0.0107576
289 98 64 128 0.0179532
290 98 64 128 0.0293997
291 98 64 128 0.0343215
292 98 64 128 0.0625149
293 98 64 128 0.109944
294 98 64 128 0.136136
295 98 64 128 0.128292
296 98 64 128 0.0803734
297 98 64 128 0.0580057
298 98 64 128 0.0545912
299 98 64 128 0.0320451
300 98 64 128 0.0499931
301 98 64 128 0.0568354
302 98 64 128 0.0669569
303 98 64 128 0.0677711
304 98 64 128 0.0317755
305 98 64 128 0.0209667
306 98 64 128 0.0300577
307 98 64 128 0.030534
308 98 64 128 0.0288124
309 98 64 128 0.0416678
310 98 64 128 0.0531124
311 98 64 128 0.0914194
312 98 64 128 0.0852378
313 98 64 128 0.0540483
314 98 64 128 0.0796217
315 98 64 128 0.103491
316 98 64 128 0.129375
317 98 64 128 0.122536
318 98 64 128 0.0925873
319 98 64 128 0.0870207
289 99 64 128 0.0154736
290 99 64 128 0.0253155
291 99 64 128 0.0326043
292 99 64 128 0.062285
293 99 64 128 0.110724
294 99 64 128 0.139588
295 99 64 128 0.128505
296 99 64 128 0.0826747
297 99 64 128 0.0614119
298 99 64 128 0.0554126
299 99 64 128 0.0313883
300 99 64 128 0.0455111
301 99 64 128 0.0547395
302 99 64 128 0.0637347
303 99 64 128 0.0604656
304 99 64 128 0.0273414
305 99 64 128 0.0179163
306 99 64 128 0.026265
307 99 64 128 0.0266479
308 99 64 128 0.0253302
309 99 64 128 0.0374879
310 99 64 128 0.048672
311 99 64 128 0.0873008
312 99 64 128 0.0818328
313 99 64 128 0.0530265
314 99 64 128 0.0812866
315 99 64 128 0.103443
316 99 64 128 0.132778
317 99 64 128 0.127548
318 99 64 128 0.0941364
319 99 64 128 0.0873332
289 100 64 128 0.0159502
290 100 64 128 0.0261032
291 100 64 128 0.0337735
292 100 64 128 0.0668217
293 100 64 128 0.114966
294 100 64 128 0.137533
295 100 64 128 0.130377
296 100 64 128 0.0842565
297 100 64 128 0.0602468
298 100 64 128 0.0541891
299 100 64 128 0.0296638
300 100 64 128 0.0410219
301 100 64 128 0.0475395
302 100 64 128 0.053129
303 100 64 128 0.0498798
304 100 64 128 0.0225933
305 100 64 128 0.014684
306 100 64 128 0.021485
307 100 64 128 0.0221777
308 100 64 128 0.0216403
309 100 64 128 0.0316147
310 100 64 128 0.0416761
311 100 64 128 0.0814949
312 100 64 128 0.0771461
313 100 64 128 0.0489623
314 100 64 128 0.0773938
315 100 64 128 0.0964668
316 100 64 128 0.125159
317 100 64 128 0.118942
318 100 64 128 0.0853412
319 100 64 128 0.0814003
288 101 64 128 0.0111981
289 101 64 128 0.0172149
290 101 64 128 0.0284921
291 101 64 128 0.0352276
292 101 64 128 0.0706959
293 101 64 128 0.119057
294 101 64 128 0.135797
295 101 64 128 0.133393
296 101 64 128 0.0852407
297 101 64 128 0.0581648
298 101 64 128 0.0532351
299 101 64 128 0.0279159
300 101 64 128 0.0374458
301 101 64 128 0.0388693
302 101 64 128 0.0401107
303 101 64 128 0.0388213
304 101 64 128 0.0179047
305 101 64 128 0.0116173
306 101 64 128 0.0168105
307 101 64 128 0.0179512
308 101 64 128 0.0182543
309 101 64 128 0.0256179
310 101 64 128 0.034081
311 101 64 128 0.0736874
312 101 64 128 0.0707665
313 101 64 128 0.0439313
314 101 64 128 0.070946
315 101 64 128 0.0865683
316 101 64 128 0.112141
317 101 64 128 0.103776
318 101 64 128 0.0719066
319 101 64 128 0.0720498
288 102 64 128 0.0105534
289 102 64 128 0.0161867
290 102 64 128 0.0275982
291 102 64 128 0.0335016
292 102 64 128 0.0671936
293 102 64 128 0.118154
294 102 64 128 0.141328
295 102 64 128 0.136687
296 102 64 128 0.0861774
297 102 64 128 0.0599587
298 102 64 128 0.0551013
299 102 64 128 0.0273918
300 102 64 128 0.0359187
301 102 64 128 0.0342132
302 102 64 128 0.0327095
303 102 64 128 0.0323472
304 102 64 128 0.0145316
306 102 64 128 0.013944
307 102 64 128 0.0151786
308 102 64 128 0.0161038
309 102 64 128 0.0219923
310 102 64 128 0.0288605
311 102 64 128 0.0638699
312 102 64 128 0.0624008
313 102 64 128 0.0408907
314 102 64 128 0.066481
315 102 64 128 0.0795265
316 102 64 128 0.101965
317 102 64 128 0.092635
318 102 64 128 0.0624977
319 102 64 128 0.0637864
289 103 64 128 0.0136633
290 103 64 128 0.0244831
291 103 64 128 0.0301292
292 103 64 128 0.0595541
293 103 64 128 0.11297
294 103 64 128 0.148905
295 103 64 128 0.14078
296 103 64 128 0.0880119
297 103 64 128 0.0629207
298 103 64 128 0.0568463
299 103 64 128 0.0268994
300 103 64 128 0.0350954
301 103 64 128 0.0322518
302 103 64 128 0.029363
303 103 64 128 0.0288678
304 103 64 128 0.0120578
306 103 64 128 0.0123286
307 103 64 128 0.0132805
308 103 64 128 0.0144228
309 103 64 128 0.0197459
310 103 64 128 0.0250558
311 103 64 128 0.0530771
312 103 64 128 0.0527638
313 103 64 128 0.0380573
314 103 64 128 0.0617673
315 103 64 128 0.0729872
316 103 64 128 0.0927768
317 103 64 128 0.084195
318 103 64 128 0.0560229
319 103 64 128 0.0557275
289 104 64 128 0.011979
290 104 64 128 0.0225551
291 104 64 128 0.0285219
292 104 64 128 0.0548301
293 104 64 128 0.106437
294 104 64 128 0.148545
295 104 64 128 0.146357
296 104 64 128 0.0915488
297 104 64 128 0.0614729
298 104 64 128 0.0535749
299 104 64 128 0.0243853
300 104 64 128 0.0327076
301 104 64 128 0.0289486
302 104 64 128 0.0246608
303 104 64 128 0.0241627
306 104 64 128 0.0105085
307 104 64 128 0.0109914
308 104 64 128 0.0118357
309 104 64 128 0.0165438
310 104 64 128 0.0201924
311 104 64 128 0.0427933
312 104 64 128 0.0430405
313 104 64 128 0.031945
314 104 64 128 0.0521549
315 104 64 128 0.0616135
316 104 64 128 0.0789146
317 104 64 128 0.0724693
318 104 64 128 0.047534
319 104 64 128 0.0450138
289 105 64 128 0.011076
290 105 64 128 0.021448
291 105 64 128 0.027739
292 105 64 128 0.0523227
293 105 64 128 0.0983565
294 105 64 128 0.138544
295 105 64 128 0.148462
296 105 64 128 0.0936537
297 105 64 128 0.0559172
298 105 64 128 0.0465391
299 105 64 128 0.0206029
300 105 64 128 0.0287645
301 105 64 128 0.0241859
302 105 64 128 0.0185035
303 105 64 128 0.0181441
309 105 64 128 0.0126763
310 105 64 128 0.0147363
311 105 64 128 0.0343128
312 105 64 128 0.0346749
313 105 64 128 0.0241611
314 105 64 128 0.0404379
315 105 64 128 0.048053
316 105 64 128 0.063331
317 105 64 128 0.0594664
318 105 64 128 0.0382028
319 105 64 128 0.0340689
290 106 64 128 0.0183537
291 106 64 128 0.0240492
292 106 64 128 0.0462982
293 106 64 128 0.0865209
294 106 64 128 0.122787
295 106 64 128 0.138758
296 106 64 128 0.0887979
297 106 64 128 0.0504218
298 106 64 128 0.0409866
299 106 64 128 0.0181188
300 106 64 128 0.0247854
301 106 64 128 0.020428
302 106 64 128 0.014283
303 106 64 128 0.0134493
309 106 64 128 0.0101454
310 106 64 128 0.01107
311 106 64 128 0.0287437
312 106 64 128 0.0292127
313 106 64 128 0.0195859
314 106 64 128 0.0341609
315 106 64 128 0.040067
316 106 64 128 0.0544654
317 106 64 128 0.0523075
318 106 64 128 0.0331304
319 106 64 128 0.0286345
290 107 64 128 0.0132761
291 107 64 128 0.0174842
292 107 64 128 0.0362127
293 107 64 128 0.071469
294 107 64 128 0.104627
295 107 64 128 0.119075
296 107 64 128 0.0778082
297 107 64 128 0.0463108
298 107 64 128 0.0381917
299 107 64 128 0.0174252
300 107 64 128 0.0215066
301 107 64 128 0.0183059
302 107 64 128 0.0127081
303 107 64 128 0.0108651
311 107 64 128 0.0258657
312 107 64 128 0.0264953
313 107 64 128 0.0188952
314 107 64 128 0.0339676
315 107 64 128 0.0384194
316 107 64 128 0.0524686
317 107 64 128 0.0507811
318 107 64 128 0.0321634
319 107 64 128 0.0282765
291 108 64 128 0.0118993
292 108 64 128 0.0268291
293 108 64 128 0.0565387
294 108 64 128 0.0867605
295 108 64 128 0.101476
296 108 64 128 0.0679124
297 108 64 128 0.0419758
298 108 64 128 0.0353595
299 108 64 128 0.0168946
300 108 64 128 0.0188428
301 108 64 128 0.0165563
302 108 64 128 0.0117221
311 108 64 128 0.0241233
312 108 64 128 0.0246498
313 108 64 128 0.0184824
314 108 64 128 0.033491
315 108 64 128 0.036757
316 108 64 128 0.0490873
317 108 64 128 0.047245
318 108 64 128 0.0298198
319 108 64 128 0.0263255
292 109 64 128 0.02059
293 109 64 128 0.0439386
294 109 64 128 0.0710063
295 109 64 128 0.0909454
296 109 64 128 0.0620949
297 109 64 128 0.0368703
298 109 64 128 0.0312416
299 109 64 128 0.0157043
300 109 64 128 0.0166795
301 109 64 128 0.0145126
302 109 64 128 0.0101802
311 109 64 128 0.02229
312 109 64 128 0.0224587
313 109 64 128 0.0166504
314 109 64 128 0.0299431
315 109 64 128 0.0321516
316 109 64 128 0.040971
317 109 64 128 0.0389102
318 109 64 128 0.0241915
319 109 64 128 0.0204444
292 110 64 128 0.0160694
293 110 64 128 0.0339781
294 110 64 128 0.0579048
295 110 64 128 0.0810705
296 110 64 128 0.056492
297 110 64 128 0.0322517
298 110 64 128 0.0272032
299 110 64 128 0.0143916
300 110 64 128 0.0149146
301 110 64 128 0.0125388
311 110 64 128 0.0197283
312 110 64 128 0.0198135
313 110 64 128 0.0148796
314 110 64 128 0.0264195
315 110 64 128 0.0273358
316 110 64 128 0.0327513
317 110 64 128 0.0308277
318 110 64 128 0.0191318
319 110 64 128 0.0152666
292 111 64 128 0.0121209
293 111 64 128 0.0265348
294 111 64 128 0.0474886
295 111 64 128 0.0678391
296 111 64 128 0.0486881
297 111 64 128 0.0289479
298 111 64 128 0.0242968
299 111 64 128 0.013409
300 111 64 128 0.013544
301 111 64 128 0.0110262
311 111 64 128 0.0164598
312 111 64 128 0.0169675
313 111 64 128 0.0141211
314 111 64 128 0.0249012
315 111 64 128 0.0241865
316 111 64 128 0.0276365
317 111 64 128 0.0263589
318 111 64 128 0.0170204
319 111 64 128 0.01364
293 112 64 128 0.0208569
294 112 64 128 0.0388684
295 112 64 128 0.0549423
296 112 64 128 0.0409106
297 112 64 128 0.0264529
298 112 64 128 0.0223551
299 112 64 128 0.0127535
300 112 64 128 0.012788
301 112 64 128 0.0102314
311 112 64 128 0.0139075
312 112 64 128 0.0147944
313 112 64 128 0.0135008
314 112 64 128 0.0236767
315 112 64 128 0.0215269
316 112 64 128 0.0240336
317 112 64 128 0.0234774
318 112 64 128 0.0157429
319 112 64 128 0.0129697
293 113 64 128 0.0162628
294 113 64 128 0.0313202
295 113 64 128 0.045834
296 113 64 128 0.0353454
297 113 64 128 0.0242672
298 113 64 128 0.0209989
299 113 64 128 0.0123884
300 113 64 128 0.012717
301 113 64 128 0.0101755
311 113 64 128 0.0131381
312 113 64 128 0.0139228
313 113 64 128 0.0123053
314 113 64 128 0.0213414
315 113 64 128 0.0183945
316 113 64 128 0.0205026
317 113 64 128 0.0203752
318 113 64 128 0.0134838
319 113 64 128 0.010964
293 114 64 128 0.0126389
294 114 64 128 0.0251796
295 114 64 128 0.0392433
296 114 64 128 0.0316941
297 114 64 128 0.0225846
298 114 64 128 0.0197027
299 114 64 128 0.0123858
300 114 64 128 0.0127502
301 114 64 128 0.0101007
311 114 64 128 0.0132315
312 114 64 128 0.0137895
313 114 64 128 0.0113159
314 114 64 128 0.0194494
315 114 64 128 0.0161309
316 114 64 128 0.0185701
317 114 64 128 0.0187395
318 114 64 128 0.0117619
294 115 64 128 0.0208146
295 115 64 128 0.0331537
296 115 64 128 0.0290544
297 115 64 128 0.0215784
298 115 64 128 0.0180308
299 115 64 128 0.0127419
300 115 64 128 0.0122709
311 115 64 128 0.0130366
312 115 64 128 0.0136795
313 115 64 128 0.0113804
314 115 64 128 0.0196707
315 115 64 128 0.0161335
316 115 64 128 0.019814
317 115 64 128 0.0203784
318 115 64 128 0.0123341
294 116 64 128 0.0174257
295 116 64 128 0.0273407
296 116 64 128 0.0262579
297 116 64 128 0.0204169
298 116 64 128 0.0162458
299 116 64 128 0.0128821
300 116 64 128 0.0112917
311 116 64 128 0.0126264
312 116 64 128 0.0135341
313 116 64 128 0.0118116
314 116 64 128 0.0205542
315 116 64 128 0.0171699
316 116 64 128 0.0223112
317 116 64 128 0.0233196
318 116 64 128 0.0140515
319 116 64 128 0.0105861
294 117 64 128 0.0139765
295 117 64 128 0.0222342
296 117 64 128 0.0222907
297 117 64 128 0.0181202
298 117 64 128 0.0148084
299 117 64 128 0.0121383
300 117 64 128 0.0100581
311 117 64 128 0.0124213
312 117 64 128 0.0134788
313 117 64 128 0.0115214
314 117 64 128 0.0198391
315 117 64 128 0.0172895
316 117 64 128 0.0232328
317 117 64 128 0.024617
318 117 64 128 0.014981
319 117 64 128 0.0107366
294 118 64 128 0.0110681
295 118 64 128 0.0184513
296 118 64 128 0.0184514
297 118 64 128 0.0156413
298 118 64 128 0.01372
299 118 64 128 0.0108534
311 118 64 128 0.0120474
312 118 64 128 0.0131903
313 118 64 128 0.0107436
314 118 64 128 0.0180114
315 118 64 128 0.0165146
316 118 64 128 0.0228481
317 118 64 128 0.024709
318 118 64 128 0.015461
319 118 64 128 0.0104898
294 119 64 128 0.0100668
295 119 64 128 0.016628
296 119 64 128 0.0171096
297 119 64 128 0.0148388
298 119 64 128 0.0127377
311 119 64 128 0.0107648
312 119 64 128 0.012149
313 119 64 128 0.0103789
314 119 64 128 0.0169536
315 119 64 128 0.0158901
316 119 64 128 0.0230086
317 119 64 128 0.025742
318 119 64 128 0.0169573
319 119 64 128 0.0117277
294 120 64 128 0.0102684
295 120 64 128 0.0160437
296 120 64 128 0.0175537
297 120 64 128 0.0151673
298 120 64 128 0.0117038
312 120 64 128 0.0106288
313 120 64 128 0.0104584
314 120 64 128 0.0169354
315 120 64 128 0.0156209
316 120 64 128 0.0238543
317 120 64 128 0.0276614
318 120 64 128 0.019142
319 120 64 128 0.0140859
295 121 64 128 0.0149044
296 121 64 128 0.016616
297 121 64 128 0.0141695
298 121 64 128 0.0105382
313 121 64 128 0.0103085
314 121 64 128 0.0169086
315 121 64 128 0.0152271
316 121 64 128 0.0241443
317 121 64 128 0.0286462
318 121 64 128 0.0202597
319 121 64 128 0.0154051
295 122 64 128 0.0126691
296 122 64 128 0.0136436
297 122 64 128 0.0115263
314 122 64 128 0.0163035
315 122 64 128 0.0146173
316 122 64 128 0.0237514
317 122 64 128 0.0285404
318 122 64 128 0.0202414
319 122 64 128 0.015341
295 123 64 128 0.0103625
296 123 64 128 0.0111307
314 123 64 128 0.0151846
315 123 64 128 0.0141966
316 123 64 128 0.0239516
317 123 64 128 0.0292756
318 123 64 128 0.0211206
319 123 64 128 0.0158229
296 124 64 128 0.0101807
314 124 64 128 0.0138363
315 124 64 128 0.0141664
316 124 64 128 0.0252817
317 124 64 128 0.0317471
318 124 64 128 0.023883
319 124 64 128 0.0178518
314 125 64 128 0.0128773
315 125 64 128 0.0142984
316 125 64 128 0.0267636
317 125 64 128 0.0347122
318 125 64 128 0.0273549
319 125 64 128 0.020469
314 126 64 128 0.0126086
315 126 64 128 0.0143333
316 126 64 128 0.0276547
317 126 64 128 0.0371542
318 126 64 128 0.0304953
319 126 64 128 0.0228628
314 127 64 128 0.0123334
315 127 64 128 0.0140554
316 127 64 128 0.0283389
317 127 64 128 0.0393436
318 127 64 128 0.0332948
319 127 64 128 0.0252325
314 128 64 128 0.0113869
315 128 64 128 0.0133136
316 128 64 128 0.029182
317 128 64 128 0.0415617
318 128 64 128 0.0358727
319 128 64 128 0.0278937
314 129 64 128 0.010029
315 129 64 128 0.0122099
316 129 64 128 0.0295907
317 129 64 128 0.0431302
318 129 64 128 0.0381166
319 129 64 128 0.0308896
315 130 64 128 0.0109123
316 130 64 128 0.028853
317 130 64 128 0.0432874
318 130 64 128 0.0398965
319 130 64 128 0.0341446
316 131 64 128 0.0273164
317 131 64 128 0.0425799
318 131 64 128 0.0414165
319 131 64 128 0.0372782
316 132 64 128 0.0257152
317 132 64 128 0.0420038
318 132 64 128 0.0429527
319 132 64 128 0.0397584
316 133 64 128 0.0238909
317 133 64 128 0.0411193
318 133 64 128 0.0439002
319 133 64 128 0.0408336
316 134 64 128 0.0211362
317 134 64 128 0.0385927
318 134 64 128 0.0431184
319 134 64 128 0.0396844
316 135 64 128 0.0176741
317 135 64 128 0.0343459
318 135 64 128 0.0405233
319 135 64 128 0.0372333
316 136 64 128 0.0146423
317 136 64 128 0.0295465
318 136 64 128 0.0370731
319 136 64 128 0.0360813
316 137 64 128 0.0124201
317 137 64 128 0.0247798
318 137 64 128 0.033139
319 137 64 128 0.0364868
316 138 64 128 0.0102097
317 138 64 128 0.0196951
318 138 64 128 0.0281629
319 138 64 128 0.0351483
317 139 64 128 0.0144068
318 139 64 128 0.0222972
319 139 64 128 0.030519
317 140 64 128 0.0102419
318 140 64 128 0.0174565
319 140 64 128 0.0256313
318 141 64 128 0.0150585
319 141 64 128 0.0230218
318 142 64 128 0.0139463
319 142 64 128 0.0213156
318 143 64 128 0.0126713
319 143 64 128 0.0187626
318 144 64 128 0.0112841
319 144 64 128 0.0162667
318 145 64 128 0.0102726
319 145 64 128 0.0153815
319 146 64 128 0.0152673
319 147 64 128 0.0139883
319 148 64 128 0.0123733
107 149 64 128 0.0107616
319 149 64 128 0.0133687
106 150 64 128 0.0122271
107 150 64 128 0.0213568
108 150 64 128 0.0210825
109 150 64 128 0.0111327
319 150 64 128 0.0166789
105 151 64 128 0.0118214
106 151 64 128 0.0207009
107 151 64 128 0.0369458
108 151 64 128 0.0383339
109 151 64 128 0.0222061
110 151 64 128 0.0166621
111 151 64 128 0.0105147
318 151 64 128 0.0102493
319 151 64 128 0.0180977
105 152 64 128 0.0187753
106 152 64 128 0.031892
107 152 64 128 0.0570457
108 152 64 128 0.0619776
109 152 64 128 0.0396259
110 152 64 128 0.0291617
111 152 64 128 0.0170843
112 152 64 128 0.0103835
319 152 64 128 0.0160235
105 153 64 128 0.0237236
106 153 64 128 0.0414058
107 153 64 128 0.0799569
108 153 64 128 0.0922938
109 153 64 128 0.0640958
110 153 64 128 0.0494178
111 153 64 128 0.031466
112 153 64 128 0.0207528
113 153 64 128 0.0153753
319 153 64 128 0.013936
105 154 64 128 0.0241176
106 154 64 128 0.0461489
107 154 64 128 0.10314
108 154 64 128 0.12744
109 154 64 128 0.0955559
110 154 64 128 0.0810022
111 154 64 128 0.0584955
112 154 64 128 0.041877
113 154 64 128 0.0287781
114 154 64 128 0.0133566
319 154 64 128 0.014146
105 155 64 128 0.0223354
106 155 64 128 0.0476798
107 155 64 128 0.122088
108 155 64 128 0.159761
109 155 64 128 0.132036
110 155 64 128 0.128424
111 155 64 128 0.100294
112 155 64 128 0.0743184
113 155 64 128 0.0515444
114 155 64 128 0.024111
115 155 64 128 0.0106569
319 155 64 128 0.0142887
105 156 64 128 0.0210242
106 156 64 128 0.0481465
107 156 64 128 0.134104
108 156 64 128 0.184252
109 156 64 128 0.172504
110 156 64 128 0.193834
111 156 64 128 0.156914
112 156 64 128 0.117251
113 156 64 128 0.0850319
114 156 64 128 0.0426735
115 156 64 128 0.0156881
319 156 64 128 0.0121959
105 157 64 128 0.0203523
106 157 64 128 0.0488111
107 157 64 128 0.14578
108 157 64 128 0.211702
109 157 64 128 0.221428
110 157 64 128 0.268467
111 157 64 128 0.221444
112 157 64 128 0.166507
113 157 64 128 0.123236
114 157 64 128 0.0643793
115 157 64 128 0.0225609
319 157 64 128 0.0100128
105 158 64 128 0.0197336
106 158 64 128 0.0501346
107 158 64 128 0.163106
108 158 64 128 0.251833
109 158 64 128 0.280374
110 158 64 128 0.338855
111 158 64 128 0.284054
112 158 64 128 0.216785
113 158 64 128 0.159173
114 158 64 128 0.0836414
115 158 64 128 0.0318657
116 158 64 128 0.0126315
319 158 64 128 0.0104672
105 159 64 128 0.0180107
106 159 64 128 0.0486841
107 159 64 128 0.170403
108 159 64 128 0.277255
109 159 64 128 0.320488
110 159 64 128 0.379448
111 159 64 128 0.327752
112 159 64 128 0.261221
113 159 64 128 0.192909
114 159 64 128 0.101504
115 159 64 128 0.0417956
116 159 64 128 0.0165675
319 159 64 128 0.0122145
105 160 64 128 0.0139979
106 160 64 128 0.0400334
107 160 64 128 0.145735
108 160 64 128 0.249613
109 160 64 128 0.304639
110 160 64 128 0.3637
111 160 64 128 0.335145
112 160 64 128 0.292915
113 160 64 128 0.226833
114 160 64 128 0.121238
115 160 64 128 0.0497155
116 160 64 128 0.0187617
319 160 64 128 0.0124492
106 161 64 128 0.0273915
107 161 64 128 0.101174
108 161 64 128 0.18593
109 161 64 128 0.249357
110 161 64 128 0.313012
111 161 64 128 0.319456
112 161 64 128 0.312291
113 161 64 128 0.255595
114 161 64 128 0.139329
115 161 64 128 0.0551651
116 161 64 128 0.0195572
319 161 64 128 0.0114475
62 162 64 128 0.010704
63 162 64 128 0.0107406
106 162 64 128 0.0185938
107 162 64 128 0.0695065
108 162 64 128 0.137105
109 162 64 128 0.203935
110 162 64 128 0.277481
111 162 64 128 0.31193
112 162 64 128 0.323863
113 162 64 128 0.268964
114 162 64 128 0.148023
115 162 64 128 0.0589627
116 162 64 128 0.0206315
319 162 64 128 0.0113838
62 163 64 128 0.0133561
63 163 64 128 0.0130694
106 163 64 128 0.0150032
107 163 64 128 0.0570397
108 163 64 128 0.113853
109 163 64 128 0.177371
110 163 64 128 0.25914
111 163 64 128 0.306713
112 163 64 128 0.318409
113 163 64 128 0.259164
114 163 64 128 0.142737
115 163 64 128 0.0592087
116 163 64 128 0.0214873
319 163 64 128 0.0124472
62 164 64 128 0.0156578
63 164 64 128 0.0149999
106 164 64 128 0.0117204
107 164 64 128 0.0444254
108 164 64 128 0.0879385
109 164 64 128 0.139712
110 164 64 128 0.213909
111 164 64 128 0.262626
112 164 64 128 0.273951
113 164 64 128 0.221149
114 164 64 128 0.122148
115 164 64 128 0.0514755
116 164 64 128 0.0195567
318 164 64 128 0.0106364
319 164 64 128 0.012904
62 165 64 128 0.01682
63 165 64 128 0.0158515
107 165 64 128 0.0244713
108 165 64 128 0.0502024
109 165 64 128 0.0845237
110 165 64 128 0.134837
111 165 64 128 0.177648
112 165 64 128 0.196378
113 165 64 128 0.164078
114 165 64 128 0.0920805
115 165 64 128 0.0371337
116 165 64 128 0.0147579
318 165 64 128 0.0116385
319 165 64 128 0.012234
62 166 64 128 0.0157189
63 166 64 128 0.0145448
108 166 64 128 0.021256
109 166 64 128 0.0415327
110 166 64 128 0.0711608
111 166 64 128 0.108202
112 166 64 128 0.132438
113 166 64 128 0.117376
114 166 64 128 0.0684366
115 166 64 128 0.026045
116 166 64 128 0.0107101
318 166 64 128 0.0128088
319 166 64 128 0.0117799
62 167 64 128 0.0122901
63 167 64 128 0.0110307
108 167 64 128 0.0129347
109 167 64 128 0.0275923
110 167 64 128 0.0511215
111 167 64 128 0.0860869
112 167 64 128 0.108441
113 167 64 128 0.0975212
114 167 64 128 0.0595701
115 167 64 128 0.0234543
318 167 64 128 0.0142671
319 167 64 128 0.0125293
108 168 64 128 0.0128063
109 168 64 128 0.0252386
110 168 64 128 0.0474703
111 168 64 128 0.0792737
112 168 64 128 0.0990307
113 168 64 128 0.0892258
114 168 64 128 0.0556088
115 168 64 128 0.023062
317 168 64 128 0.0108294
318 168 64 128 0.016087
319 168 64 128 0.0143756
109 169 64 128 0.018331
110 169 64 128 0.0350674
111 169 64 128 0.0592976
112 169 64 128 0.0812893
113 169 64 128 0.0784113
114 169 64 128 0.04841
115 169 64 128 0.0196175
317 169 64 128 0.0119196
318 169 64 128 0.0182466
319 169 64 128 0.0169658
109 170 64 128 0.0106721
110 170 64 128 0.0209142
111 170 64 128 0.0385354
112 170 64 128 0.0638378
113 170 64 128 0.0694068
114 170 64 128 0.0439163
115 170 64 128 0.0166336
317 170 64 128 0.0132059
318 170 64 128 0.020421
319 170 64 128 0.0196003
110 171 64 128 0.0160055
111 171 64 128 0.0333393
112 171 64 128 0.05818
113 171 64 128 0.067753
114 171 64 128 0.0481011
115 171 64 128 0.0179965
317 171 64 128 0.0148722
318 171 64 128 0.0224101
319 171 64 128 0.0217505
110 172 64 128 0.0160346
111 172 64 128 0.0346877
112 172 64 128 0.0552144
113 172 64 128 0.064424
114 172 64 128 0.050958
115 172 64 128 0.019562
317 172 64 128 0.0171358
318 172 64 128 0.0250356
319 172 64 128 0.0242051
110 173 64 128 0.0125946
111 173 64 128 0.0271141
112 173 64 128 0.0410711
113 173 64 128 0.0476194
114 173 64 128 0.0393286
115 173 64 128 0.0154218
317 173 64 128 0.0201307
318 173 64 128 0.0292031
319 173 64 128 0.0279642
111 174 64 128 0.0133179
112 174 64 128 0.0207174
113 174 64 128 0.0240757
114 174 64 128 0.0194472
317 174 64 128 0.0231647
318 174 64 128 0.0335412
319 174 64 128 0.0320021
316 175 64 128 0.0116168
317 175 64 128 0.0252292
318 175 64 128 0.0357374
319 175 64 128 0.0344567
316 176 64 128 0.0137258
317 176 64 128 0.02703
318 176 64 128 0.0371092
319 176 64 128 0.0367088
316 177 64 128 0.0162449
317 177 64 128 0.0305662
318 177 64 128 0.0417007
319 177 64 128 0.0425718
316 178 64 128 0.0194986
317 178 64 128 0.0364085
318 178 64 128 0.0500662
319 178 64 128 0.0526276
315 179 64 128 0.0105444
316 179 64 128 0.024225
317 179 64 128 0.0434197
318 179 64 128 0.0586239
319 179 64 128 0.0636286
287 180 64 128 0.0115558
288 180 64 128 0.0117475
315 180 64 128 0.012117
316 180 64 128 0.030032
317 180 64 128 0.0502283
318 180 64 128 0.0650825
319 180 64 128 0.0732854
285 181 64 128 0.0103459
286 181 64 128 0.0152349
287 181 64 128 0.0168118
288 181 64 128 0.0156808
289 181 64 128 0.0138576
315 181 64 128 0.0132237
316 181 64 128 0.0345109
317 181 64 128 0.0552221
318 181 64 128 0.0698181
319 181 64 128 0.081364
284 182 64 128 0.0119791
285 182 64 128 0.0195405
286 182 64 128 0.0267292
287 182 64 128 0.0261394
288 182 64 128 0.0222309
289 182 64 128 0.0200885
290 182 64 128 0.0105789
292 182 64 128 0.010533
315 182 64 128 0.0135614
316 182 64 128 0.0361472
317 182 64 128 0.0575163
318 182 64 128 0.0730921
319 182 64 128 0.087303
44 183 64 128 0.0106911
45 183 64 128 0.0133632
46 183 64 128 0.0110995
47 183 64 128 0.0131996
48 183 64 128 0.0138747
52 183 64 128 0.0111595
53 183 64 128 0.0165605
54 183 64 128 0.0162644
284 183 64 128 0.0156783
285 183 64 128 0.0257082
286 183 64 128 0.0339517
287 183 64 128 0.0319079
288 183 64 128 0.0265521
289 183 64 128 0.0242957
290 183 64 128 0.0128074
291 183 64 128 0.0101662
292 183 64 128 0.012169
293 183 64 128 0.0106345
315 183 64 128 0.0133143
316 183 64 128 0.0363723
317 183 64 128 0.0582438
318 183 64 128 0.0741349
319 183 64 128 0.0891071
44 184 64 128 0.0118063
45 184 64 128 0.0140761
46 184 64 128 0.0130613
47 184 64 128 0.0157621
48 184 64 128 0.0162125
49 184 64 128 0.0122584
50 184 64 128 0.0105105
52 184 64 128 0.0152785
53 184 64 128 0.022759
54 184 64 128 0.021552
55 184 64 128 0.0124133
284 184 64 128 0.0148488
285 184 64 128 0.0230116
286 184 64 128 0.0296543
287 184 64 128 0.0283574
288 184 64 128 0.0248638
289 184 64 128 0.0233725
290 184 64 128 0.0126339
291 184 64 128 0.0104692
292 184 64 128 0.0124399
293 184 64 128 0.0110563
315 184 64 128 0.0128455
316 184 64 128 0.036781
317 184 64 128 0.0586398
318 184 64 128 0.0726779
319 184 64 128 0.0860333
44 185 64 128 0.011573
45 185 64 128 0.0133893
46 185 64 128 0.0140384
47 185 64 128 0.0177181
48 185 64 128 0.0182472
49 185 64 128 0.0145844
50 185 64 128 0.0131782
51 185 64 128 0.0123214
52 185 64 128 0.0212952
53 185 64 128 0.0312955
54 185 64 128 0.0288004
55 185 64 128 0.0158634
284 185 64 128 0.013308
285 185 64 128 0.0186935
286 185 64 128 0.0236263
287 185 64 128 0.0235349
288 185 64 128 0.0216921
289 185 64 128 0.0204261
290 185 64 128 0.0115006
291 185 64 128 0.0100587
292 185 64 128 0.012132
293 185 64 128 0.0113636
315 185 64 128 0.012932
316 185 64 128 0.0375927
317 185 64 128 0.0589586
318 185 64 128 0.0712881
319 185 64 128 0.0836313
44 186 64 128 0.0103194
45 186 64 128 0.0131845
46 186 64 128 0.0143237
47 186 64 128 0.0201893
48 186 64 128 0.0222883
49 186 64 128 0.018155
50 186 64 128 0.0170112
51 186 64 128 0.0185293
52 186 64 128 0.0311998
53 186 64 128 0.0448177
54 186 64 128 0.0410024
55 186 64 128 0.0205129
283 186 64 128 0.0102215
284 186 64 128 0.015631
285 186 64 128 0.0214865
286 186 64 128 0.0275549
287 186 64 128 0.0269999
288 186 64 128 0.0225993
289 186 64 128 0.0195453
290 186 64 128 0.011307
292 186 64 128 0.0122794
293 186 64 128 0.0123704
294 186 64 128 0.0102837
315 186 64 128 0.0142283
316 186 64 128 0.0386758
317 186 64 128 0.0591994
318 186 64 128 0.0725679
319 186 64 128 0.0876007
45 187 64 128 0.0129904
46 187 64 128 0.013845
47 187 64 128 0.0214736
48 187 64 128 0.0254618
49 187 64 128 0.0211249
50 187 64 128 0.0202877
51 187 64 128 0.0245675
52 187 64 128 0.0401888
53 187 64 128 0.0572049
54 187 64 128 0.0529918
55 187 64 128 0.0251388
56 187 64 128 0.0106171
283 187 64 128 0.0126301
284 187 64 128 0.0194601
285 187 64 128 0.0268954
286 187 64 128 0.0356095
287 187 64 128 0.0339469
288 187 64 128 0.0253554
289 187 64 128 0.0203829
290 187 64 128 0.0117907
291 187 64 128 0.0100718
292 187 64 128 0.0130311
293 187 64 128 0.0137788
294 187 64 128 0.0110486
314 187 64 128 0.0102146
315 187 64 128 0.015828
316 187 64 128 0.0399776
317 187 64 128 0.0593893
318 187 64 128 0.0743125
319 187 64 128 0.0934552
45 188 64 128 0.0115532
46 188 64 128 0.012464
47 188 64 128 0.0191248
48 188 64 128 0.023391
49 188 64 128 0.0207246
50 188 64 128 0.0205079
51 188 64 128 0.0256244
52 188 64 128 0.0414564
53 188 64 128 0.0597388
54 188 64 128 0.0570273
55 188 64 128 0.0278223
56 188 64 128 0.0115167
283 188 64 128 0.0127026
284 188 64 128 0.0200322
285 188 64 128 0.0258982
286 188 64 128 0.035933
287 188 64 128 0.0346236
288 188 64 128 0.025023
289 188 64 128 0.0209508
290 188 64 128 0.0119132
291 188 64 128 0.010436
292 188 64 128 0.0141964
293 188 64 128 0.0149407
294 188 64 128 0.0116338
314 188 64 128 0.0109743
315 188 64 128 0.0163492
316 188 64 128 0.0414732
317 188 64 128 0.0595539
318 188 64 128 0.0727296
319 188 64 128 0.0932854
46 189 64 128 0.0109925
47 189 64 128 0.0154531
48 189 64 128 0.0188852
49 189 64 128 0.0185172
50 189 64 128 0.0189354
51 189 64 128 0.0226514
52 189 64 128 0.0372387
53 189 64 128 0.055236
54 189 64 128 0.054311
55 189 64 128 0.0283655
56 189 64 128 0.0113942
283 189 64 128 0.0109118
284 189 64 128 0.017742
285 189 64 128 0.02002
286 189 64 128 0.0302849
287 189 64 128 0.0303846
288 189 64 128 0.0224195
289 189 64 128 0.0214178
290 189 64 128 0.0119556
291 189 64 128 0.011132
292 189 64 128 0.0158725
293 189 64 128 0.016435
294 189 64 128 0.0130046
314 189 64 128 0.0110529
315 189 64 128 0.016315
316 189 64 128 0.0430832
317 189 64 128 0.0595732
318 189 64 128 0.0685077
319 189 64 128 0.0880149
46 190 64 128 0.0107525
47 190 64 128 0.015485
48 190 64 128 0.0189125
49 190 64 128 0.0185783
50 190 64 128 0.0190267
51 190 64 128 0.0200688
52 190 64 128 0.0351433
53 190 64 128 0.0533404
54 190 64 128 0.0513986
55 190 64 128 0.0276127
56 190 64 128 0.0108541
284 190 64 128 0.0160944
285 190 64 128 0.0170968
286 190 64 128 0.0285432
287 190 64 128 0.0292008
288 190 64 128 0.0217712
289 190 64 128 0.0231825
290 190 64 128 0.0129429
291 190 64 128 0.0124738
292 190 64 128 0.0182672
293 190 64 128 0.0194861
294 190 64 128 0.0166607
295 190 64 128 0.0127042
314 190 64 128 0.011708
315 190 64 128 0.0173547
316 190 64 128 0.0446648
317 190 64 128 0.0592171
318 190 64 128 0.0650055
319 190 64 128 0.0838634
45 191 64 128 0.0109947
46 191 64 128 0.0112324
47 191 64 128 0.0184569
48 191 64 128 0.0228108
49 191 64 128 0.0204869
50 191 64 128 0.0205578
51 191 64 128 0.0189298
52 191 64 128 0.0360454
53 191 64 128 0.054588
54 191 64 128 0.0489987
55 191 64 128 0.0255341
56 191 64 128 0.0100105
284 191 64 128 0.0156528
285 191 64 128 0.017961
286 191 64 128 0.0309339
287 191 64 128 0.0310419
288 191 64 128 0.0227507
289 191 64 128 0.0249174
290 191 64 128 0.0140828
291 191 64 128 0.0136195
292 191 64 128 0.0201203
293 191 64 128 0.0226765
294 191 64 128 0.0211055
295 191 64 128 0.0158913
296 191 64 128 0.0126552
297 191 64 128 0.0110243
314 191 64 128 0.0127926
315 191 64 128 0.0191512
316 191 64 128 0.0454646
317 191 64 128 0.0578734
318 191 64 128 0.0624078
319 191 64 128 0.0814267
45 192 64 128 0.0109159
46 192 64 128 0.0102226
47 192 64 128 0.0182017
48 192 64 128 0.0227824
49 192 64 128 0.0196198
50 192 64 128 0.0198585
51 192 64 128 0.0170925
52 192 64 128 0.0344693
53 192 64 128 0.0509496
54 192 64 128 0.0423183
55 192 64 128 0.0212889
284 192 64 128 0.0141974
285 192 64 128 0.0168345
286 192 64 128 0.0286076
287 192 64 128 0.0283628
288 192 64 128 0.0207642
289 192 64 128 0.0227796
290 192 64 128 0.0129049
291 192 64 128 0.0126715
292 192 64 128 0.018839
293 192 64 128 0.0221608
294 192 64 128 0.0220811
295 192 64 128 0.0164883
296 192 64 128 0.0133294
297 192 64 128 0.0118342
314 192 64 128 0.0128447
315 192 64 128 0.0195718
316 192 64 128 0.0441798
317 192 64 128 0.0545909
318 192 64 128 0.0579157
319 192 64 128 0.0760045
47 193 64 128 0.0130592
48 193 64 128 0.0166419
49 193 64 128 0.0148272
50 193 64 128 0.0158888
51 193 64 128 0.0138316
52 193 64 128 0.0284887
53 193 64 128 0.0401498
54 193 64 128 0.0308037
55 193 64 128 0.0153889
284 193 64 128 0.0111745
285 193 64 128 0.0119757
286 193 64 128 0.0194904
287 193 64 128 0.0195609
288 193 64 128 0.0148341
289 193 64 128 0.0163825
292 193 64 128 0.014334
293 193 64 128 0.0174922
294 193 64 128 0.0186791
295 193 64 128 0.0140529
296 193 64 128 0.0111912
297 193 64 128 0.0105054
314 193 64 128 0.0115697
315 193 64 128 0.0181465
316 193 64 128 0.0406944
317 193 64 128 0.0493272
318 193 64 128 0.0510173
319 193 64 128 0.0668504
48 194 64 128 0.010491
49 194 64 128 0.0100762
50 194 64 128 0.0114987
51 194 64 128 0.0105911
52 194 64 128 0.0215223
53 194 64 128 0.0284794
54 194 64 128 0.0201645
55 194 64 128 0.0102904
286 194 64 128 0.0115347
287 194 64 128 0.0118021
289 194 64 128 0.0103368
292 194 64 128 0.0101086
293 194 64 128 0.0131358
294 194 64 128 0.0148528
295 194 64 128 0.011546
314 194 64 128 0.010386
315 194 64 128 0.0168419
316 194 64 128 0.0365902
317 194 64 128 0.0433362
318 194 64 128 0.0445787
319 194 64 128 0.0590637
52 195 64 128 0.0160474
53 195 64 128 0.0202871
54 195 64 128 0.0139607
293 195 64 128 0.0116528
294 195 64 128 0.0130079
295 195 64 128 0.0106685
315 195 64 128 0.0165682
316 195 64 128 0.0327317
317 195 64 128 0.037428
318 195 64 128 0.0400244
319 195 64 128 0.0549503
52 196 64 128 0.0116752
53 196 64 128 0.0144032
54 196 64 128 0.0101627
293 196 64 128 0.0107561
294 196 64 128 0.0114668
315 196 64 128 0.0155915
316 196 64 128 0.0281796
317 196 64 128 0.0312579
318 196 64 128 0.0351604
319 196 64 128 0.0499189
315 197 64 128 0.0126887
316 197 64 128 0.0224491
317 197 64 128 0.0247671
318 197 64 128 0.0284692
319 197 64 128 0.0407617
26 198 64 128 0.0103929
27 198 64 128 0.0100586
316 198 64 128 0.0173261
317 198 64 128 0.0193355
318 198 64 128 0.0222123
319 198 64 128 0.031789
25 199 64 128 0.01075
26 199 64 128 0.0138759
27 199 64 128 0.0136077
316 199 64 128 0.0145276
317 199 64 128 0.01618
318 199 64 128 0.01871
319 199 64 128 0.0275123
25 200 64 128 0.0124551
26 200 64 128 0.0169938
27 200 64 128 0.0170826
28 200 64 128 0.011961
316 200 64 128 0.0129428
317 200 64 128 0.0140981
318 200 64 128 0.0164904
319 200 64 128 0.0253393
25 201 64 128 0.0137834
26 201 64 128 0.0188453
27 201 64 128 0.0197271
28 201 64 128 0.0140871
316 201 64 128 0.0107618
317 201 64 128 0.0113357
318 201 64 128 0.0131806
319 201 64 128 0.0209525
25 202 64 128 0.0143205
26 202 64 128 0.0191678
27 202 64 128 0.0209034
28 202 64 128 0.0152916
319 202 64 128 0.0151164
25 203 64 128 0.0135038
26 203 64 128 0.0180279
27 203 64 128 0.020082
28 203 64 128 0.0147497
319 203 64 128 0.010978
25 204 64 128 0.011446
26 204 64 128 0.0155898
27 204 64 128 0.0174446
28 204 64 128 0.0126429
26 205 64 128 0.0121065
27 205 64 128 0.013721
319 238 64 128 0.0105735
319 239 64 128 0.0121797
