235 205 85 170 0.0101028
235 206 85 170 0.01063
234 207 85 170 0.0101461
235 207 85 170 0.0110818
234 208 85 170 0.010931
235 208 85 170 0.0114226
233 209 85 170 0.0102473
234 209 85 170 0.0116703
235 209 85 170 0.0116141
233 210 85 170 0.0110256
234 210 85 170 0.0121586
235 210 85 170 0.0116178
233 211 85 170 0.0112555
234 211 85 170 0.0121906
235 211 85 170 0.0113951
233 212 85 170 0.0107687
234 212 85 170 0.0116588
235 212 85 170 0.0109363
234 213 85 170 0.0107305
235 213 85 170 0.0103112
5 58 64 128 0.01017
169 103 64 128 0.0113204
170 103 64 128 0.0104511
168 104 64 128 0.0102518
169 104 64 128 0.0148865
170 104 64 128 0.0140075
168 105 64 128 0.0123923
169 105 64 128 0.0176273
170 105 64 128 0.0168433
171 105 64 128 0.0117071
167 106 64 128 0.0104499
168 106 64 128 0.0158499
169 106 64 128 0.0225508
170 106 64 128 0.0210815
171 106 64 128 0.0145272
167 107 64 128 0.0122582
168 107 64 128 0.0197311
169 107 64 128 0.0284551
170 107 64 128 0.0260317
171 107 64 128 0.0174997
167 108 64 128 0.0125845
168 108 64 128 0.0204914
169 108 64 128 0.0299089
170 108 64 128 0.0281627
171 108 64 128 0.019089
167 109 64 128 0.0110538
168 109 64 128 0.0173024
169 109 64 128 0.0255592
170 109 64 128 0.0261233
171 109 64 128 0.0185434
168 110 64 128 0.0136213
169 110 64 128 0.0205049
170 110 64 128 0.0220524
171 110 64 128 0.0163775
168 111 64 128 0.0116831
169 111 64 128 0.017987
170 111 64 128 0.0177778
171 111 64 128 0.0132873
168 112 64 128 0.0100911
169 112 64 128 0.0157374
170 112 64 128 0.0137426
171 112 64 128 0.010144
169 113 64 128 0.0117289
170 113 64 128 0.0101832
226 140 64 128 0.0101784
227 140 64 128 0.0104806
224 141 64 128 0.0101009
225 141 64 128 0.0142639
226 141 64 128 0.0161934
227 141 64 128 0.0162815
228 141 64 128 0.0145162
229 141 64 128 0.0105238
223 142 64 128 0.0140636
224 142 64 128 0.0190949
225 142 64 128 0.0268693
226 142 64 128 0.0305094
227 142 64 128 0.0298488
228 142 64 128 0.0254838
229 142 64 128 0.017833
230 142 64 128 0.0105541
222 143 64 128 0.0150004
223 143 64 128 0.023833
224 143 64 128 0.0332645
225 143 64 128 0.0456332
226 143 64 128 0.0583903
227 143 64 128 0.0562263
228 143 64 128 0.0429177
229 143 64 128 0.0304899
230 143 64 128 0.0162678
221 144 64 128 0.0109317
222 144 64 128 0.0203713
223 144 64 128 0.0342517
224 144 64 128 0.0498293
225 144 64 128 0.0682719
226 144 64 128 0.0904076
227 144 64 128 0.0858829
228 144 64 128 0.0631608
229 144 64 128 0.046143
230 144 64 128 0.0238947
231 144 64 128 0.0118403
221 145 64 128 0.0124254
222 145 64 128 0.0237345
223 145 64 128 0.0419842
224 145 64 128 0.0649308
225 145 64 128 0.0913162
226 145 64 128 0.113639
227 145 64 128 0.106089
228 145 64 128 0.0813069
229 145 64 128 0.0612431
230 145 64 128 0.0333365
231 145 64 128 0.0161203
221 146 64 128 0.0133522
222 146 64 128 0.0260926
223 146 64 128 0.047871
224 146 64 128 0.0770966
225 146 64 128 0.110575
226 146 64 128 0.129345
227 146 64 128 0.120602
228 146 64 128 0.0979747
229 146 64 128 0.0748512
230 146 64 128 0.0434552
231 146 64 128 0.0208071
221 147 64 128 0.0147809
222 147 64 128 0.0298542
223 147 64 128 0.054838
224 147 64 128 0.0862816
225 147 64 128 0.122004
226 147 64 128 0.145933
227 147 64 128 0.141129
228 147 64 128 0.116457
229 147 64 128 0.0874804
230 147 64 128 0.052677
231 147 64 128 0.0252853
232 147 64 128 0.010223
221 148 64 128 0.0167842
222 148 64 128 0.0352379
223 148 64 128 0.063729
224 148 64 128 0.0949806
225 148 64 128 0.129954
226 148 64 128 0.165731
227 148 64 128 0.16669
228 148 64 128 0.135944
229 148 64 128 0.100691
230 148 64 128 0.0612709
231 148 64 128 0.0296251
232 148 64 128 0.0118461
220 149 64 128 0.0100734
221 149 64 128 0.0186415
222 149 64 128 0.040715
223 149 64 128 0.0736831
224 149 64 128 0.107522
225 149 64 128 0.145123
226 149 64 128 0.186099
227 149 64 128 0.186313
228 149 64 128 0.152378
229 149 64 128 0.116684
230 149 64 128 0.0708652
231 149 64 128 0.0343972
232 149 64 128 0.0142514
220 150 64 128 0.0108661
221 150 64 128 0.0198775
222 150 64 128 0.0452135
223 150 64 128 0.08302
224 150 64 128 0.122235
225 150 64 128 0.1666
226 150 64 128 0.202555
227 150 64 128 0.195676
228 150 64 128 0.163434
229 150 64 128 0.131606
230 150 64 128 0.0793184
231 150 64 128 0.0385824
232 150 64 128 0.0168179
220 151 64 128 0.011731
221 151 64 128 0.0203357
222 151 64 128 0.0482593
223 151 64 128 0.0891392
224 151 64 128 0.130269
225 151 64 128 0.17948
226 151 64 128 0.208623
227 151 64 128 0.198703
228 151 64 128 0.168951
229 151 64 128 0.134445
230 151 64 128 0.0800001
231 151 64 128 0.039273
232 151 64 128 0.017726
220 152 64 128 0.0124031
221 152 64 128 0.0199095
222 152 64 128 0.0489779
223 152 64 128 0.0895499
224 152 64 128 0.126535
225 152 64 128 0.175528
226 152 64 128 0.201379
227 152 64 128 0.196754
228 152 64 128 0.168083
229 152 64 128 0.121871
230 152 64 128 0.0713788
231 152 64 128 0.0358994
232 152 64 128 0.0165007
220 153 64 128 0.0119967
221 153 64 128 0.0185475
222 153 64 128 0.0457151
223 153 64 128 0.0820574
224 153 64 128 0.113455
225 153 64 128 0.159953
226 153 64 128 0.184484
227 153 64 128 0.185732
228 153 64 128 0.158541
229 153 64 128 0.105093
230 153 64 128 0.0615364
231 153 64 128 0.0322827
232 153 64 128 0.0152028
220 154 64 128 0.0101527
221 154 64 128 0.0163831
222 154 64 128 0.0383201
223 154 64 128 0.0671899
224 154 64 128 0.0948852
225 154 64 128 0.138565
226 154 64 128 0.161792
227 154 64 128 0.163637
228 154 64 128 0.139755
229 154 64 128 0.0926393
230 154 64 128 0.0561324
231 154 64 128 0.0309346
232 154 64 128 0.0152035
221 155 64 128 0.0140435
222 155 64 128 0.0310057
223 155 64 128 0.052889
224 155 64 128 0.0764812
225 155 64 128 0.11499
226 155 64 128 0.13579
227 155 64 128 0.135802
228 155 64 128 0.116313
229 155 64 128 0.0814901
230 155 64 128 0.0513983
231 155 64 128 0.0295027
232 155 64 128 0.0152461
221 156 64 128 0.0120644
222 156 64 128 0.0273627
223 156 64 128 0.0458891
224 156 64 128 0.0629206
225 156 64 128 0.0923997
226 156 64 128 0.109164
227 156 64 128 0.108604
228 156 64 128 0.093665
229 156 64 128 0.0683977
230 156 64 128 0.0438096
231 156 64 128 0.0260293
232 156 64 128 0.0142889
160 157 64 128 0.0101105
221 157 64 128 0.0102205
222 157 64 128 0.0250529
223 157 64 128 0.0421998
224 157 64 128 0.0533057
225 157 64 128 0.0736156
226 157 64 128 0.0864517
227 157 64 128 0.0875012
228 157 64 128 0.0771958
229 157 64 128 0.05767
230 157 64 128 0.0378804
231 157 64 128 0.0238716
232 157 64 128 0.0141676
222 158 64 128 0.0207512
223 158 64 128 0.0358941
224 158 64 128 0.0453466
225 158 64 128 0.0606469
226 158 64 128 0.0715738
227 158 64 128 0.0762573
228 158 64 128 0.0706889
229 158 64 128 0.0542078
230 158 64 128 0.0387755
231 158 64 128 0.0267023
232 158 64 128 0.0168569
233 158 64 128 0.0109655
160 159 64 128 0.015391
161 159 64 128 0.0114077
222 159 64 128 0.0154378
223 159 64 128 0.0277808
224 159 64 128 0.0375798
225 159 64 128 0.0505247
226 159 64 128 0.0606566
227 159 64 128 0.0686141
228 159 64 128 0.0669626
229 159 64 128 0.052812
230 159 64 128 0.0410548
231 159 64 128 0.0303909
232 159 64 128 0.0198834
233 159 64 128 0.0136348
234 159 64 128 0.011875
158 160 64 128 0.0179972
159 160 64 128 0.0257839
160 160 64 128 0.0405681
161 160 64 128 0.028547
162 160 64 128 0.0160083
163 160 64 128 0.0114229
222 160 64 128 0.0117095
223 160 64 128 0.0212842
224 160 64 128 0.0290844
225 160 64 128 0.0387239
226 160 64 128 0.0472449
227 160 64 128 0.0551167
228 160 64 128 0.055387
229 160 64 128 0.0449634
230 160 64 128 0.0358134
231 160 64 128 0.0282587
232 160 64 128 0.0193372
233 160 64 128 0.0133487
234 160 64 128 0.0121725
157 161 64 128 0.0172652
158 161 64 128 0.0330602
159 161 64 128 0.0497021
160 161 64 128 0.0747909
161 161 64 128 0.0530395
162 161 64 128 0.0296003
163 161 64 128 0.0204166
223 161 64 128 0.0170555
224 161 64 128 0.0211742
225 161 64 128 0.0271525
226 161 64 128 0.0332565
227 161 64 128 0.038533
228 161 64 128 0.0392675
229 161 64 128 0.0332945
230 161 64 128 0.0261099
231 161 64 128 0.0224474
232 161 64 128 0.0165218
233 161 64 128 0.0113247
234 161 64 128 0.0107939
157 162 64 128 0.0217001
158 162 64 128 0.0426654
159 162 64 128 0.0656587
160 162 64 128 0.0932385
161 162 64 128 0.070751
162 162 64 128 0.0399513
163 162 64 128 0.0239907
164 162 64 128 0.0125494
223 162 64 128 0.013973
224 162 64 128 0.0164693
225 162 64 128 0.0215676
226 162 64 128 0.0256768
227 162 64 128 0.0290735
228 162 64 128 0.0303971
229 162 64 128 0.0272298
230 162 64 128 0.0222667
231 162 64 128 0.0204534
232 162 64 128 0.0158949
233 162 64 128 0.0112969
234 162 64 128 0.010891
157 163 64 128 0.0243971
158 163 64 128 0.0483493
159 163 64 128 0.0736697
160 163 64 128 0.099026
161 163 64 128 0.0824642
162 163 64 128 0.0483203
163 163 64 128 0.024909
164 163 64 128 0.0140659
223 163 64 128 0.0113968
224 163 64 128 0.0147102
225 163 64 128 0.0211899
226 163 64 128 0.0241921
227 163 64 128 0.0273016
228 163 64 128 0.0296208
229 163 64 128 0.0274082
230 163 64 128 0.0247052
231 163 64 128 0.0224451
232 163 64 128 0.0173548
233 163 64 128 0.0130914
234 163 64 128 0.0123862
157 164 64 128 0.0324988
158 164 64 128 0.0621422
159 164 64 128 0.0880247
160 164 64 128 0.121867
161 164 64 128 0.103143
162 164 64 128 0.0641748
163 164 64 128 0.0356966
164 164 64 128 0.0185313
165 164 64 128 0.0106692
224 164 64 128 0.0128755
225 164 64 128 0.0189679
226 164 64 128 0.0214605
227 164 64 128 0.0244629
228 164 64 128 0.0272092
229 164 64 128 0.0259832
230 164 64 128 0.0242998
231 164 64 128 0.0215373
232 164 64 128 0.016426
233 164 64 128 0.0127902
234 164 64 128 0.0121051
157 165 64 128 0.0452884
158 165 64 128 0.0829575
159 165 64 128 0.108404
160 165 64 128 0.161692
161 165 64 128 0.130024
162 165 64 128 0.0844543
163 165 64 128 0.055181
164 165 64 128 0.025378
165 165 64 128 0.0164136
225 165 64 128 0.0128332
226 165 64 128 0.01507
227 165 64 128 0.0174918
228 165 64 128 0.0199009
229 165 64 128 0.020379
230 165 64 128 0.0182973
231 165 64 128 0.0161228
232 165 64 128 0.0124983
157 166 64 128 0.0503972
158 166 64 128 0.0902237
159 166 64 128 0.112639
160 166 64 128 0.174023
161 166 64 128 0.134027
162 166 64 128 0.0876113
163 166 64 128 0.0619148
164 166 64 128 0.027016
165 166 64 128 0.0185235
226 166 64 128 0.0101241
227 166 64 128 0.0120677
228 166 64 128 0.0143749
229 166 64 128 0.016111
230 166 64 128 0.0136849
231 166 64 128 0.0126093
232 166 64 128 0.0107813
157 167 64 128 0.0421168
158 167 64 128 0.0751217
159 167 64 128 0.0927747
160 167 64 128 0.140665
161 167 64 128 0.105261
162 167 64 128 0.0664741
163 167 64 128 0.0471554
164 167 64 128 0.0209682
165 167 64 128 0.0148344
227 167 64 128 0.0113198
228 167 64 128 0.0142277
229 167 64 128 0.0160747
230 167 64 128 0.0141825
231 167 64 128 0.0141764
232 167 64 128 0.0135234
233 167 64 128 0.0121385
234 167 64 128 0.0110349
157 168 64 128 0.0312913
158 168 64 128 0.0578574
159 168 64 128 0.0756646
160 168 64 128 0.108471
161 168 64 128 0.0802979
162 168 64 128 0.0484646
163 168 64 128 0.033403
164 168 64 128 0.0171372
165 168 64 128 0.0121664
227 168 64 128 0.0113115
228 168 64 128 0.0146198
229 168 64 128 0.0160579
230 168 64 128 0.0147035
231 168 64 128 0.0155775
232 168 64 128 0.0155055
233 168 64 128 0.0141161
234 168 64 128 0.0125201
157 169 64 128 0.0270694
158 169 64 128 0.0546131
159 169 64 128 0.0809749
160 169 64 128 0.113118
161 169 64 128 0.0861596
162 169 64 128 0.0539011
163 169 64 128 0.037855
164 169 64 128 0.0224687
165 169 64 128 0.015434
228 169 64 128 0.0116036
229 169 64 128 0.0127534
230 169 64 128 0.0112619
231 169 64 128 0.0127312
232 169 64 128 0.012806
233 169 64 128 0.0112752
234 169 64 128 0.0102711
157 170 64 128 0.0253819
158 170 64 128 0.0548204
159 170 64 128 0.088254
160 170 64 128 0.122983
161 170 64 128 0.0964724
162 170 64 128 0.0633657
163 170 64 128 0.0456065
164 170 64 128 0.0282764
165 170 64 128 0.019024
157 171 64 128 0.0206682
158 171 64 128 0.0454588
159 171 64 128 0.0744989
160 171 64 128 0.101634
161 171 64 128 0.0811801
162 171 64 128 0.0545661
163 171 64 128 0.0393287
164 171 64 128 0.0250437
165 171 64 128 0.0167194
157 172 64 128 0.0144731
158 172 64 128 0.0309461
159 172 64 128 0.0489306
160 172 64 128 0.0638689
161 172 64 128 0.0515715
162 172 64 128 0.0352562
163 172 64 128 0.0254162
164 172 64 128 0.0166954
165 172 64 128 0.0111146
231 172 64 128 0.0109967
232 172 64 128 0.0107037
157 173 64 128 0.0103094
158 173 64 128 0.0205578
159 173 64 128 0.0297751
160 173 64 128 0.0385752
161 173 64 128 0.0304819
162 173 64 128 0.0216074
163 173 64 128 0.0167802
164 173 64 128 0.0108655
231 173 64 128 0.0101356
158 174 64 128 0.0148441
159 174 64 128 0.0193861
160 174 64 128 0.0274557
161 174 64 128 0.0203085
162 174 64 128 0.0151757
163 174 64 128 0.0136557
158 175 64 128 0.0100316
159 175 64 128 0.0121418
160 175 64 128 0.0187093
161 175 64 128 0.0132155
162 175 64 128 0.0102242
163 175 64 128 0.0100446
295 195 64 128 0.0100392
296 195 64 128 0.0117914
297 195 64 128 0.0121601
298 195 64 128 0.011193
299 195 64 128 0.0105671
300 195 64 128 0.0107093
301 195 64 128 0.010326
294 196 64 128 0.0102502
295 196 64 128 0.0122901
296 196 64 128 0.0147702
297 196 64 128 0.0151518
298 196 64 128 0.0135067
299 196 64 128 0.0126841
300 196 64 128 0.0131064
301 196 64 128 0.0126709
302 196 64 128 0.0111253
293 197 64 128 0.010192
294 197 64 128 0.0116548
295 197 64 128 0.0144444
296 197 64 128 0.0173265
297 197 64 128 0.0180247
298 197 64 128 0.0164968
299 197 64 128 0.0152332
300 197 64 128 0.0157148
301 197 64 128 0.01512
302 197 64 128 0.0132579
303 197 64 128 0.0108864
305 197 64 128 0.0105015
306 197 64 128 0.0106983
293 198 64 128 0.0110039
294 198 64 128 0.0121435
295 198 64 128 0.0154807
296 198 64 128 0.0186224
297 198 64 128 0.0195532
298 198 64 128 0.018197
299 198 64 128 0.016576
300 198 64 128 0.0169839
301 198 64 128 0.0164345
302 198 64 128 0.0145448
303 198 64 128 0.0120183
304 198 64 128 0.0102745
305 198 64 128 0.0117374
306 198 64 128 0.0121239
307 198 64 128 0.0103262
293 199 64 128 0.0107087
294 199 64 128 0.0113878
295 199 64 128 0.0145244
296 199 64 128 0.0179646
297 199 64 128 0.0186609
298 199 64 128 0.0167799
299 199 64 128 0.0152263
300 199 64 128 0.0155728
301 199 64 128 0.0155496
302 199 64 128 0.0140399
303 199 64 128 0.0115729
304 199 64 128 0.0100905
305 199 64 128 0.0114906
306 199 64 128 0.0120863
307 199 64 128 0.0106125
295 200 64 128 0.0123815
296 200 64 128 0.0157786
297 200 64 128 0.0160034
298 200 64 128 0.0135131
299 200 64 128 0.0123488
300 200 64 128 0.0127907
301 200 64 128 0.0133955
302 200 64 128 0.0123908
303 200 64 128 0.0102219
305 200 64 128 0.0103371
306 200 64 128 0.0111933
307 200 64 128 0.0103062
295 201 64 128 0.0102883
296 201 64 128 0.0128414
297 201 64 128 0.0127513
298 201 64 128 0.0104891
300 201 64 128 0.0105964
301 201 64 128 0.0114098
302 201 64 128 0.0106707
306 201 64 128 0.0104542
307 201 64 128 0.0101502
130 202 64 128 0.0112548
127 203 64 128 0.010672
128 203 64 128 0.0105012
129 203 64 128 0.0116553
130 203 64 128 0.0159609
131 203 64 128 0.0121285
126 204 64 128 0.0109502
127 204 64 128 0.0133749
128 204 64 128 0.0139028
129 204 64 128 0.0162338
130 204 64 128 0.0224909
131 204 64 128 0.0181486
132 204 64 128 0.0135472
133 204 64 128 0.0115506
126 205 64 128 0.0128026
127 205 64 128 0.01581
128 205 64 128 0.016619
129 205 64 128 0.0193431
130 205 64 128 0.026434
131 205 64 128 0.0216307
132 205 64 128 0.0168573
133 205 64 128 0.0145836
134 205 64 128 0.0114512
135 205 64 128 0.0110149
125 206 64 128 0.0108249
126 206 64 128 0.0144583
127 206 64 128 0.0177227
128 206 64 128 0.0184839
129 206 64 128 0.020965
130 206 64 128 0.0277266
131 206 64 128 0.0226176
132 206 64 128 0.018387
133 206 64 128 0.016232
134 206 64 128 0.012331
135 206 64 128 0.0118124
125 207 64 128 0.011646
126 207 64 128 0.0159136
127 207 64 128 0.0197142
128 207 64 128 0.0210167
129 207 64 128 0.0241395
130 207 64 128 0.0312936
131 207 64 128 0.0263579
132 207 64 128 0.0215053
133 207 64 128 0.0188494
134 207 64 128 0.0149455
135 207 64 128 0.013775
136 207 64 128 0.0104439
125 208 64 128 0.0122276
126 208 64 128 0.0173453
127 208 64 128 0.0220155
128 208 64 128 0.0245096
129 208 64 128 0.0296137
130 208 64 128 0.0385705
131 208 64 128 0.034206
132 208 64 128 0.027105
133 208 64 128 0.0231153
134 208 64 128 0.0199653
135 208 64 128 0.0174022
136 208 64 128 0.0130163
124 209 64 128 0.0102229
125 209 64 128 0.0129793
126 209 64 128 0.0192136
127 209 64 128 0.0241465
128 209 64 128 0.0270032
129 209 64 128 0.0339369
130 209 64 128 0.0445723
131 209 64 128 0.0403853
132 209 64 128 0.0315162
133 209 64 128 0.026602
134 209 64 128 0.024106
135 209 64 128 0.0207599
136 209 64 128 0.0151002
137 209 64 128 0.0110237
124 210 64 128 0.0109145
125 210 64 128 0.0140823
126 210 64 128 0.0215861
127 210 64 128 0.0258421
128 210 64 128 0.0275649
129 210 64 128 0.0350548
130 210 64 128 0.0461748
131 210 64 128 0.0414579
132 210 64 128 0.0327207
133 210 64 128 0.0279652
134 210 64 128 0.0253035
135 210 64 128 0.0225281
136 210 64 128 0.0156958
137 210 64 128 0.0113849
138 210 64 128 0.0102626
124 211 64 128 0.0112755
125 211 64 128 0.0150309
126 211 64 128 0.0234312
127 211 64 128 0.0275821
128 211 64 128 0.0285214
129 211 64 128 0.035638
130 211 64 128 0.0467603
131 211 64 128 0.0419233
132 211 64 128 0.0341876
133 211 64 128 0.0294894
134 211 64 128 0.0256963
135 211 64 128 0.0236144
136 211 64 128 0.0164078
137 211 64 128 0.0118716
138 211 64 128 0.0111648
124 212 64 128 0.010963
125 212 64 128 0.0152583
126 212 64 128 0.023729
127 212 64 128 0.0294317
128 212 64 128 0.0314104
129 212 64 128 0.0377104
130 212 64 128 0.0490254
131 212 64 128 0.0453931
132 212 64 128 0.0383794
133 212 64 128 0.0326571
134 212 64 128 0.0270327
135 212 64 128 0.0246898
136 212 64 128 0.0183789
137 212 64 128 0.0131932
138 212 64 128 0.0113618
125 213 64 128 0.0144011
126 213 64 128 0.0222358
127 213 64 128 0.029257
128 213 64 128 0.0323669
129 213 64 128 0.0375032
130 213 64 128 0.0485339
131 213 64 128 0.046563
132 213 64 128 0.0399836
133 213 64 128 0.033249
134 213 64 128 0.0266714
135 213 64 128 0.0239764
136 213 64 128 0.0191268
137 213 64 128 0.0137024
138 213 64 128 0.0106216
125 214 64 128 0.0122611
126 214 64 128 0.0189963
127 214 64 128 0.0249368
128 214 64 128 0.0271902
129 214 64 128 0.0308576
130 214 64 128 0.0403012
131 214 64 128 0.0392964
132 214 64 128 0.0331538
133 214 64 128 0.0267997
134 214 64 128 0.0216519
135 214 64 128 0.0196223
136 214 64 128 0.0159299
137 214 64 128 0.0115972
126 215 64 128 0.014639
127 215 64 128 0.0181341
128 215 64 128 0.0185772
129 215 64 128 0.0208078
130 215 64 128 0.0277569
131 215 64 128 0.0270104
132 215 64 128 0.0216358
133 215 64 128 0.01683
134 215 64 128 0.0143108
135 215 64 128 0.0134139
136 215 64 128 0.0106004
126 216 64 128 0.0100373
127 216 64 128 0.0118769
128 216 64 128 0.0116481
129 216 64 128 0.0128917
130 216 64 128 0.0173011
131 216 64 128 0.016537
132 216 64 128 0.0125455
130 217 64 128 0.0107808
131 217 64 128 0.010002
235 219 64 128 0.0103969
236 219 64 128 0.0101824
237 219 64 128 0.0102955
238 219 64 128 0.0101991
230 220 64 128 0.0104529
231 220 64 128 0.0108726
232 220 64 128 0.011944
233 220 64 128 0.0132549
234 220 64 128 0.0137006
235 220 64 128 0.0140244
236 220 64 128 0.0132186
237 220 64 128 0.0133201
238 220 64 128 0.0132007
239 220 64 128 0.0107908
228 221 64 128 0.0101196
229 221 64 128 0.0116615
230 221 64 128 0.012805
231 221 64 128 0.0136873
232 221 64 128 0.0152909
233 221 64 128 0.0170827
234 221 64 128 0.0178007
235 221 64 128 0.0173545
236 221 64 128 0.0159212
237 221 64 128 0.0162252
238 221 64 128 0.0162769
239 221 64 128 0.0131406
220 222 64 128 0.0100591
221 222 64 128 0.0104868
222 222 64 128 0.0107294
223 222 64 128 0.0107456
226 222 64 128 0.0101102
227 222 64 128 0.0105723
228 222 64 128 0.0118771
229 222 64 128 0.0139313
230 222 64 128 0.0150551
231 222 64 128 0.0163234
232 222 64 128 0.0185594
233 222 64 128 0.0207248
234 222 64 128 0.0213913
235 222 64 128 0.0206886
236 222 64 128 0.0195446
237 222 64 128 0.0200698
238 222 64 128 0.0200923
239 222 64 128 0.0170526
240 222 64 128 0.0137268
241 222 64 128 0.0111188
220 223 64 128 0.0113721
221 223 64 128 0.0118031
222 223 64 128 0.0122642
223 223 64 128 0.0122159
224 223 64 128 0.010742
225 223 64 128 0.0105737
226 223 64 128 0.0109469
227 223 64 128 0.0115882
228 223 64 128 0.0134124
229 223 64 128 0.0159786
230 223 64 128 0.0171228
231 223 64 128 0.0185488
232 223 64 128 0.0214275
233 223 64 128 0.0237394
234 223 64 128 0.0238803
235 223 64 128 0.0238917
236 223 64 128 0.0242194
237 223 64 128 0.0248731
238 223 64 128 0.0245546
239 223 64 128 0.0225689
240 223 64 128 0.0201323
241 223 64 128 0.0163153
242 223 64 128 0.0135654
243 223 64 128 0.0115559
218 224 64 128 0.0104071
219 224 64 128 0.0106501
220 224 64 128 0.0126714
221 224 64 128 0.0129865
222 224 64 128 0.0135764
223 224 64 128 0.0135685
224 224 64 128 0.011643
225 224 64 128 0.0114763
226 224 64 128 0.0117126
227 224 64 128 0.0124326
228 224 64 128 0.0146327
229 224 64 128 0.017397
230 224 64 128 0.0184605
231 224 64 128 0.0199276
232 224 64 128 0.0231458
233 224 64 128 0.0252077
234 224 64 128 0.0247123
235 224 64 128 0.0257969
236 224 64 128 0.0275167
237 224 64 128 0.0283086
238 224 64 128 0.0278741
239 224 64 128 0.0267986
240 224 64 128 0.0249033
241 224 64 128 0.0203348
242 224 64 128 0.0171288
243 224 64 128 0.0149968
244 224 64 128 0.0120995
245 224 64 128 0.0117118
246 224 64 128 0.0104998
247 224 64 128 0.0101
248 224 64 128 0.0102577
252 224 64 128 0.010164
218 225 64 128 0.0101399
219 225 64 128 0.0108747
220 225 64 128 0.0132254
221 225 64 128 0.0134816
222 225 64 128 0.0141307
223 225 64 128 0.0144445
224 225 64 128 0.0128304
225 225 64 128 0.0127918
226 225 64 128 0.0127324
227 225 64 128 0.0133125
228 225 64 128 0.0155276
229 225 64 128 0.0180483
230 225 64 128 0.0188413
231 225 64 128 0.0203298
232 225 64 128 0.0234258
233 225 64 128 0.0248925
234 225 64 128 0.0240566
235 225 64 128 0.0259615
236 225 64 128 0.0279759
237 225 64 128 0.0290344
238 225 64 128 0.029116
239 225 64 128 0.0279744
240 225 64 128 0.0253905
241 225 64 128 0.0211574
242 225 64 128 0.0185302
243 225 64 128 0.016394
244 225 64 128 0.0134375
245 225 64 128 0.01355
246 225 64 128 0.0126533
247 225 64 128 0.0125812
248 225 64 128 0.0130593
249 225 64 128 0.0124783
250 225 64 128 0.013423
251 225 64 128 0.0137899
252 225 64 128 0.0144634
253 225 64 128 0.0141745
254 225 64 128 0.01159
219 226 64 128 0.0106783
220 226 64 128 0.0131866
221 226 64 128 0.0134936
222 226 64 128 0.0141796
223 226 64 128 0.0148906
224 226 64 128 0.0139214
225 226 64 128 0.0138678
226 226 64 128 0.0136486
227 226 64 128 0.0141734
228 226 64 128 0.0163751
229 226 64 128 0.0187641
230 226 64 128 0.019261
231 226 64 128 0.0206954
232 226 64 128 0.0236379
233 226 64 128 0.024948
234 226 64 128 0.0244039
235 226 64 128 0.0266946
236 226 64 128 0.0282889
237 226 64 128 0.0298263
238 226 64 128 0.0307857
239 226 64 128 0.029133
240 226 64 128 0.0257086
241 226 64 128 0.0218766
242 226 64 128 0.0197445
243 226 64 128 0.0176554
244 226 64 128 0.015028
245 226 64 128 0.015737
246 226 64 128 0.0150436
247 226 64 128 0.0152486
248 226 64 128 0.0160186
249 226 64 128 0.0155946
250 226 64 128 0.0173344
251 226 64 128 0.0183925
252 226 64 128 0.0193022
253 226 64 128 0.0187746
254 226 64 128 0.0156132
255 226 64 128 0.0133233
256 226 64 128 0.0112358
219 227 64 128 0.0104891
220 227 64 128 0.0128285
221 227 64 128 0.0133145
222 227 64 128 0.0140711
223 227 64 128 0.0150192
224 227 64 128 0.0144995
225 227 64 128 0.014077
226 227 64 128 0.0140784
227 227 64 128 0.0148948
228 227 64 128 0.0173693
229 227 64 128 0.0202384
230 227 64 128 0.0206185
231 227 64 128 0.0218488
232 227 64 128 0.0250117
233 227 64 128 0.0272637
234 227 64 128 0.0278129
235 227 64 128 0.0300638
236 227 64 128 0.0311218
237 227 64 128 0.0333903
238 227 64 128 0.0352331
239 227 64 128 0.0332617
240 227 64 128 0.0299778
241 227 64 128 0.0255792
242 227 64 128 0.0227554
243 227 64 128 0.020682
244 227 64 128 0.0186313
245 227 64 128 0.0197924
246 227 64 128 0.0186979
247 227 64 128 0.0187455
248 227 64 128 0.0195537
249 227 64 128 0.018981
250 227 64 128 0.0215526
251 227 64 128 0.023346
252 227 64 128 0.024207
253 227 64 128 0.0231378
254 227 64 128 0.0196939
255 227 64 128 0.0176103
256 227 64 128 0.0150892
257 227 64 128 0.0125871
258 227 64 128 0.0108048
259 227 64 128 0.0100773
260 227 64 128 0.0108606
219 228 64 128 0.0101068
220 228 64 128 0.0121345
221 228 64 128 0.0128981
222 228 64 128 0.0138323
223 228 64 128 0.014865
224 228 64 128 0.0145551
225 228 64 128 0.0138872
226 228 64 128 0.0142141
227 228 64 128 0.0152889
228 228 64 128 0.0179816
229 228 64 128 0.0214655
230 228 64 128 0.022061
231 228 64 128 0.0229255
232 228 64 128 0.0263538
233 228 64 128 0.0299225
234 228 64 128 0.0317496
235 228 64 128 0.0340758
236 228 64 128 0.0347428
237 228 64 128 0.0378421
238 228 64 128 0.0404777
239 228 64 128 0.0381591
240 228 64 128 0.0353936
241 228 64 128 0.0300629
242 228 64 128 0.0260105
243 228 64 128 0.0238026
244 228 64 128 0.0221594
245 228 64 128 0.023261
246 228 64 128 0.0215957
247 228 64 128 0.0211766
248 228 64 128 0.0217792
249 228 64 128 0.0211655
250 228 64 128 0.0241731
251 228 64 128 0.0267206
252 228 64 128 0.0278082
253 228 64 128 0.0264096
254 228 64 128 0.0229053
255 228 64 128 0.0212299
256 228 64 128 0.0184142
257 228 64 128 0.015288
258 228 64 128 0.0132068
259 228 64 128 0.0125692
260 228 64 128 0.0136096
261 228 64 128 0.0125959
262 228 64 128 0.0125605
263 228 64 128 0.0131074
264 228 64 128 0.0118454
265 228 64 128 0.0120146
266 228 64 128 0.011927
267 228 64 128 0.0121376
268 228 64 128 0.0126263
269 228 64 128 0.012514
270 228 64 128 0.012389
271 228 64 128 0.0114938
272 228 64 128 0.0110671
273 228 64 128 0.0109824
274 228 64 128 0.0101484
220 229 64 128 0.0110594
221 229 64 128 0.0121448
222 229 64 128 0.0134145
223 229 64 128 0.0144607
224 229 64 128 0.0142313
225 229 64 128 0.0140213
226 229 64 128 0.014399
227 229 64 128 0.0152152
228 229 64 128 0.0176224
229 229 64 128 0.0211846
230 229 64 128 0.0224222
231 229 64 128 0.0228183
232 229 64 128 0.0260795
233 229 64 128 0.0303046
234 229 64 128 0.0328432
235 229 64 128 0.0359235
236 229 64 128 0.0364863
237 229 64 128 0.040303
238 229 64 128 0.0436054
239 229 64 128 0.0405395
240 229 64 128 0.0376726
241 229 64 128 0.032006
242 229 64 128 0.0272603
243 229 64 128 0.0246739
244 229 64 128 0.0228338
245 229 64 128 0.0230804
246 229 64 128 0.0213128
247 229 64 128 0.0203946
248 229 64 128 0.0206404
249 229 64 128 0.0206051
250 229 64 128 0.0232655
251 229 64 128 0.0265438
252 229 64 128 0.0287495
253 229 64 128 0.0278522
254 229 64 128 0.0243857
255 229 64 128 0.0225525
256 229 64 128 0.0198869
257 229 64 128 0.0167331
258 229 64 128 0.0144645
259 229 64 128 0.0138886
260 229 64 128 0.0149797
261 229 64 128 0.0141452
262 229 64 128 0.0142803
263 229 64 128 0.0148485
264 229 64 128 0.0137426
265 229 64 128 0.0146335
266 229 64 128 0.0152544
267 229 64 128 0.0158733
268 229 64 128 0.0166195
269 229 64 128 0.0166235
270 229 64 128 0.0162631
271 229 64 128 0.0155838
272 229 64 128 0.0161052
273 229 64 128 0.0166471
274 229 64 128 0.0154315
275 229 64 128 0.0144927
276 229 64 128 0.0137283
277 229 64 128 0.0121945
278 229 64 128 0.0107865
279 229 64 128 0.0102509
220 230 64 128 0.0100879
221 230 64 128 0.0114056
222 230 64 128 0.0129848
223 230 64 128 0.01403
224 230 64 128 0.0138633
225 230 64 128 0.0144279
226 230 64 128 0.0147133
227 230 64 128 0.0151017
228 230 64 128 0.0171018
229 230 64 128 0.0205001
230 230 64 128 0.0225551
231 230 64 128 0.0228574
232 230 64 128 0.025749
233 230 64 128 0.0299948
234 230 64 128 0.0328851
235 230 64 128 0.0367562
236 230 64 128 0.0375384
237 230 64 128 0.0417539
238 230 64 128 0.045375
239 230 64 128 0.0418087
240 230 64 128 0.0385199
241 230 64 128 0.0327496
242 230 64 128 0.0277996
243 230 64 128 0.0247938
244 230 64 128 0.0222932
245 230 64 128 0.0216211
246 230 64 128 0.0201039
247 230 64 128 0.0188463
248 230 64 128 0.0187437
249 230 64 128 0.0194256
250 230 64 128 0.021544
251 230 64 128 0.0249238
252 230 64 128 0.0281398
253 230 64 128 0.0282752
254 230 64 128 0.0250633
255 230 64 128 0.0226032
256 230 64 128 0.0200807
257 230 64 128 0.0172527
258 230 64 128 0.0149682
259 230 64 128 0.0144118
260 230 64 128 0.0156031
261 230 64 128 0.0150224
262 230 64 128 0.0151894
263 230 64 128 0.0157852
264 230 64 128 0.0152022
265 230 64 128 0.0168348
266 230 64 128 0.0180683
267 230 64 128 0.0190956
268 230 64 128 0.0202257
269 230 64 128 0.0205578
270 230 64 128 0.0202138
271 230 64 128 0.0200348
272 230 64 128 0.0215749
273 230 64 128 0.0227115
274 230 64 128 0.021215
275 230 64 128 0.0201406
276 230 64 128 0.0197091
277 230 64 128 0.018278
278 230 64 128 0.0164262
279 230 64 128 0.0152433
280 230 64 128 0.0134689
281 230 64 128 0.013366
282 230 64 128 0.0130381
283 230 64 128 0.0117973
284 230 64 128 0.0113708
285 230 64 128 0.0115814
286 230 64 128 0.0116572
287 230 64 128 0.0112641
288 230 64 128 0.0109979
289 230 64 128 0.0110459
290 230 64 128 0.0101681
221 231 64 128 0.011213
222 231 64 128 0.0128054
223 231 64 128 0.0138779
224 231 64 128 0.0138621
225 231 64 128 0.0147119
226 231 64 128 0.015119
227 231 64 128 0.015609
228 231 64 128 0.017809
229 231 64 128 0.0215183
230 231 64 128 0.024169
231 231 64 128 0.0253617
232 231 64 128 0.0282311
233 231 64 128 0.0323945
234 231 64 128 0.0358969
235 231 64 128 0.0394511
236 231 64 128 0.0407602
237 231 64 128 0.0448858
238 231 64 128 0.0482045
239 231 64 128 0.0454439
240 231 64 128 0.0422969
241 231 64 128 0.035722
242 231 64 128 0.0304748
243 231 64 128 0.0273077
244 231 64 128 0.0240815
245 231 64 128 0.0235397
246 231 64 128 0.0221558
247 231 64 128 0.0208511
248 231 64 128 0.0205845
249 231 64 128 0.021227
250 231 64 128 0.0236008
251 231 64 128 0.0256847
252 231 64 128 0.0281704
253 231 64 128 0.0291526
254 231 64 128 0.0266173
255 231 64 128 0.0235688
256 231 64 128 0.0204313
257 231 64 128 0.0177176
258 231 64 128 0.0156683
259 231 64 128 0.0151127
260 231 64 128 0.0168699
261 231 64 128 0.016357
262 231 64 128 0.0166367
263 231 64 128 0.0176956
264 231 64 128 0.017501
265 231 64 128 0.0194613
266 231 64 128 0.0206752
267 231 64 128 0.0218947
268 231 64 128 0.0236001
269 231 64 128 0.0245566
270 231 64 128 0.0248261
271 231 64 128 0.0247837
272 231 64 128 0.0258677
273 231 64 128 0.0267066
274 231 64 128 0.0255877
275 231 64 128 0.0247452
276 231 64 128 0.0240884
277 231 64 128 0.0229495
278 231 64 128 0.0214462
279 231 64 128 0.0198716
280 231 64 128 0.0181707
281 231 64 128 0.0178602
282 231 64 128 0.0173122
283 231 64 128 0.0159946
284 231 64 128 0.0155474
285 231 64 128 0.0161971
286 231 64 128 0.016092
287 231 64 128 0.0154367
288 231 64 128 0.0150041
289 231 64 128 0.0145891
290 231 64 128 0.0135294
291 231 64 128 0.0118077
220 232 64 128 0.0102939
221 232 64 128 0.0115188
222 232 64 128 0.0129741
223 232 64 128 0.0141291
224 232 64 128 0.0143686
225 232 64 128 0.0150211
226 232 64 128 0.0157486
227 232 64 128 0.0167265
228 232 64 128 0.0195559
229 232 64 128 0.0240151
230 232 64 128 0.0269973
231 232 64 128 0.0296344
232 232 64 128 0.0329644
233 232 64 128 0.0372561
234 232 64 128 0.041425
235 232 64 128 0.0437216
236 232 64 128 0.0458342
237 232 64 128 0.0496644
238 232 64 128 0.0523554
239 232 64 128 0.0514956
240 232 64 128 0.04916
241 232 64 128 0.0413553
242 232 64 128 0.0353584
243 232 64 128 0.0318641
244 232 64 128 0.0278739
245 232 64 128 0.0279231
246 232 64 128 0.0263371
247 232 64 128 0.0251481
248 232 64 128 0.0248492
249 232 64 128 0.0248567
250 232 64 128 0.0281725
251 232 64 128 0.0284418
252 232 64 128 0.0291422
253 232 64 128 0.0305618
254 232 64 128 0.0288609
255 232 64 128 0.0255516
256 232 64 128 0.0213401
257 232 64 128 0.0184665
258 232 64 128 0.0167742
259 232 64 128 0.0161768
260 232 64 128 0.0186618
261 232 64 128 0.0180908
262 232 64 128 0.0185478
263 232 64 128 0.0203514
264 232 64 128 0.0204343
265 232 64 128 0.0221933
266 232 64 128 0.0228999
267 232 64 128 0.024129
268 232 64 128 0.0263754
269 232 64 128 0.027957
270 232 64 128 0.0290288
271 232 64 128 0.0288574
272 232 64 128 0.0285726
273 232 64 128 0.0286402
274 232 64 128 0.0284042
275 232 64 128 0.0278176
276 232 64 128 0.0267253
277 232 64 128 0.0259814
278 232 64 128 0.0253808
279 232 64 128 0.0241128
280 232 64 128 0.022873
281 232 64 128 0.0223659
282 232 64 128 0.0219162
283 232 64 128 0.0209604
284 232 64 128 0.0206098
285 232 64 128 0.0221101
286 232 64 128 0.0217763
287 232 64 128 0.0211132
288 232 64 128 0.0207861
289 232 64 128 0.0194338
290 232 64 128 0.0182061
291 232 64 128 0.0164657
292 232 64 128 0.0134582
220 233 64 128 0.0104158
221 233 64 128 0.0118557
222 233 64 128 0.0134634
223 233 64 128 0.0147719
224 233 64 128 0.0153232
225 233 64 128 0.015893
226 233 64 128 0.0168578
227 233 64 128 0.0179655
228 233 64 128 0.021027
229 233 64 128 0.0260935
230 233 64 128 0.029361
231 233 64 128 0.0328232
232 233 64 128 0.0369247
233 233 64 128 0.0416994
234 233 64 128 0.0458001
235 233 64 128 0.0470391
236 233 64 128 0.0501898
237 233 64 128 0.0541219
238 233 64 128 0.0565624
239 233 64 128 0.0575539
240 233 64 128 0.0562237
241 233 64 128 0.0479037
242 233 64 128 0.0405258
243 233 64 128 0.0356125
244 233 64 128 0.0305805
245 233 64 128 0.0298909
246 233 64 128 0.0277419
247 233 64 128 0.0265101
248 233 64 128 0.0260925
249 233 64 128 0.0257917
250 233 64 128 0.0298198
251 233 64 128 0.0297858
252 233 64 128 0.0299827
253 233 64 128 0.0315731
254 233 64 128 0.0302639
255 233 64 128 0.0271303
256 233 64 128 0.0224379
257 233 64 128 0.0194369
258 233 64 128 0.0179438
259 233 64 128 0.0172052
260 233 64 128 0.0197672
261 233 64 128 0.0193018
262 233 64 128 0.019815
263 233 64 128 0.0220717
264 233 64 128 0.0227178
265 233 64 128 0.0238784
266 233 64 128 0.0242283
267 233 64 128 0.0254991
268 233 64 128 0.0278276
269 233 64 128 0.0294789
270 233 64 128 0.0306051
271 233 64 128 0.0306689
272 233 64 128 0.0301729
273 233 64 128 0.0303248
274 233 64 128 0.030805
275 233 64 128 0.0296997
276 233 64 128 0.0290786
277 233 64 128 0.0288326
278 233 64 128 0.0288536
279 233 64 128 0.0290033
280 233 64 128 0.0278633
281 233 64 128 0.0278063
282 233 64 128 0.0280319
283 233 64 128 0.0275325
284 233 64 128 0.0277536
285 233 64 128 0.0298943
286 233 64 128 0.029953
287 233 64 128 0.0296666
288 233 64 128 0.0298874
289 233 64 128 0.0287606
290 233 64 128 0.0268466
291 233 64 128 0.0246402
292 233 64 128 0.0205024
293 233 64 128 0.0152836
294 233 64 128 0.0119052
295 233 64 128 0.0103523
220 234 64 128 0.0102434
221 234 64 128 0.0121398
222 234 64 128 0.0141752
223 234 64 128 0.0157432
224 234 64 128 0.0166762
225 234 64 128 0.0174288
226 234 64 128 0.0186014
227 234 64 128 0.0194766
228 234 64 128 0.0222934
229 234 64 128 0.0277393
230 234 64 128 0.0313477
231 234 64 128 0.0347473
232 234 64 128 0.0398096
233 234 64 128 0.0454377
234 234 64 128 0.0489282
235 234 64 128 0.0503028
236 234 64 128 0.0546688
237 234 64 128 0.0592227
238 234 64 128 0.0619897
239 234 64 128 0.0640477
240 234 64 128 0.0634691
241 234 64 128 0.055406
242 234 64 128 0.0461884
243 234 64 128 0.0388637
244 234 64 128 0.032608
245 234 64 128 0.0299313
246 234 64 128 0.0269108
247 234 64 128 0.0252566
248 234 64 128 0.0245445
249 234 64 128 0.0244218
250 234 64 128 0.028498
251 234 64 128 0.0295882
252 234 64 128 0.0307345
253 234 64 128 0.0322534
254 234 64 128 0.0306826
255 234 64 128 0.0278419
256 234 64 128 0.0234798
257 234 64 128 0.020498
258 234 64 128 0.0189073
259 234 64 128 0.0179524
260 234 64 128 0.019913
261 234 64 128 0.0197432
262 234 64 128 0.0202013
263 234 64 128 0.0224522
264 234 64 128 0.0238132
265 234 64 128 0.0243418
266 234 64 128 0.0247545
267 234 64 128 0.0261836
268 234 64 128 0.0281959
269 234 64 128 0.0294211
270 234 64 128 0.0298529
271 234 64 128 0.0304303
272 234 64 128 0.0311368
273 234 64 128 0.0323341
274 234 64 128 0.0330138
275 234 64 128 0.0308963
276 234 64 128 0.0314483
277 234 64 128 0.0317514
278 234 64 128 0.0320144
279 234 64 128 0.0340059
280 234 64 128 0.0326304
281 234 64 128 0.0334611
282 234 64 128 0.0348613
283 234 64 128 0.0349197
284 234 64 128 0.0357977
285 234 64 128 0.0382495
286 234 64 128 0.039238
287 234 64 128 0.0395325
288 234 64 128 0.0407506
289 234 64 128 0.0413251
290 234 64 128 0.0383512
291 234 64 128 0.0351893
292 234 64 128 0.0296566
293 234 64 128 0.0229724
294 234 64 128 0.0192195
295 234 64 128 0.0161578
296 234 64 128 0.0128704
297 234 64 128 0.0102952
220 235 64 128 0.010672
221 235 64 128 0.0127205
222 235 64 128 0.0149368
223 235 64 128 0.0169246
224 235 64 128 0.018391
225 235 64 128 0.0192336
226 235 64 128 0.0210102
227 235 64 128 0.0221169
228 235 64 128 0.024974
229 235 64 128 0.0310442
230 235 64 128 0.0350148
231 235 64 128 0.0382167
232 235 64 128 0.0443692
233 235 64 128 0.0510945
234 235 64 128 0.054719
235 235 64 128 0.0582064
236 235 64 128 0.0638885
237 235 64 128 0.0691668
238 235 64 128 0.0724725
239 235 64 128 0.0745607
240 235 64 128 0.0740813
241 235 64 128 0.0658933
242 235 64 128 0.0549369
243 235 64 128 0.0454582
244 235 64 128 0.0382711
245 235 64 128 0.0345362
246 235 64 128 0.0304721
247 235 64 128 0.0279144
248 235 64 128 0.0267938
249 235 64 128 0.0266377
250 235 64 128 0.0302215
251 235 64 128 0.0314217
252 235 64 128 0.0327105
253 235 64 128 0.0338018
254 235 64 128 0.0315486
255 235 64 128 0.0283374
256 235 64 128 0.0243899
257 235 64 128 0.0214623
258 235 64 128 0.0195009
259 235 64 128 0.01837
260 235 64 128 0.0199028
261 235 64 128 0.0199483
262 235 64 128 0.0204713
263 235 64 128 0.0225504
264 235 64 128 0.0240483
265 235 64 128 0.0245185
266 235 64 128 0.0252548
267 235 64 128 0.0268925
268 235 64 128 0.0287888
269 235 64 128 0.0298354
270 235 64 128 0.0298688
271 235 64 128 0.030353
272 235 64 128 0.0318891
273 235 64 128 0.0338256
274 235 64 128 0.034211
275 235 64 128 0.0320649
276 235 64 128 0.0328144
277 235 64 128 0.0336061
278 235 64 128 0.0344574
279 235 64 128 0.0368292
280 235 64 128 0.0357737
281 235 64 128 0.0367859
282 235 64 128 0.0394069
283 235 64 128 0.0405205
284 235 64 128 0.0409324
285 235 64 128 0.0438141
286 235 64 128 0.0453446
287 235 64 128 0.0459033
288 235 64 128 0.0483907
289 235 64 128 0.0509607
290 235 64 128 0.0474516
291 235 64 128 0.0434533
292 235 64 128 0.0373295
293 235 64 128 0.0299789
294 235 64 128 0.0255578
295 235 64 128 0.0216392
296 235 64 128 0.0176526
297 235 64 128 0.0148003
298 235 64 128 0.0123143
220 236 64 128 0.0118666
221 236 64 128 0.0136263
222 236 64 128 0.0155997
223 236 64 128 0.0180613
224 236 64 128 0.0201398
225 236 64 128 0.0209045
226 236 64 128 0.0235396
227 236 64 128 0.0254887
228 236 64 128 0.0289343
229 236 64 128 0.0358269
230 236 64 128 0.0401013
231 236 64 128 0.0433913
232 236 64 128 0.0504476
233 236 64 128 0.058114
234 236 64 128 0.0629282
235 236 64 128 0.0699121
236 236 64 128 0.0767052
237 236 64 128 0.0826479
238 236 64 128 0.0865964
239 236 64 128 0.0877896
240 236 64 128 0.0865912
241 236 64 128 0.0777094
242 236 64 128 0.0658514
243 236 64 128 0.0554375
244 236 64 128 0.0480209
245 236 64 128 0.0450243
246 236 64 128 0.0400418
247 236 64 128 0.0363616
248 236 64 128 0.035005
249 236 64 128 0.034611
250 236 64 128 0.0373793
251 236 64 128 0.0369485
252 236 64 128 0.0368304
253 236 64 128 0.0371868
254 236 64 128 0.0341732
255 236 64 128 0.0298623
256 236 64 128 0.0258817
257 236 64 128 0.022843
258 236 64 128 0.0203628
259 236 64 128 0.0191836
260 236 64 128 0.0208495
261 236 64 128 0.0210022
262 236 64 128 0.021832
263 236 64 128 0.0236542
264 236 64 128 0.0243266
265 236 64 128 0.0253261
266 236 64 128 0.0263038
267 236 64 128 0.0280312
268 236 64 128 0.0301701
269 236 64 128 0.0314214
270 236 64 128 0.0317386
271 236 64 128 0.0314087
272 236 64 128 0.0326702
273 236 64 128 0.03451
274 236 64 128 0.0343311
275 236 64 128 0.0333788
276 236 64 128 0.0330026
277 236 64 128 0.034043
278 236 64 128 0.0358226
279 236 64 128 0.0368709
280 236 64 128 0.0368598
281 236 64 128 0.0371893
282 236 64 128 0.0405538
283 236 64 128 0.0428993
284 236 64 128 0.0418459
285 236 64 128 0.0453526
286 236 64 128 0.0466808
287 236 64 128 0.046892
288 236 64 128 0.050471
289 236 64 128 0.0546335
290 236 64 128 0.0514709
291 236 64 128 0.0470887
292 236 64 128 0.0414439
293 236 64 128 0.0344674
294 236 64 128 0.0292103
295 236 64 128 0.0256451
296 236 64 128 0.0219286
297 236 64 128 0.0192267
298 236 64 128 0.0164441
299 236 64 128 0.0130227
300 236 64 128 0.0132717
301 236 64 128 0.0114944
302 236 64 128 0.0100078
219 237 64 128 0.0104459
220 237 64 128 0.0126956
221 237 64 128 0.0143126
222 237 64 128 0.0160623
223 237 64 128 0.0186763
224 237 64 128 0.02111
225 237 64 128 0.0220693
226 237 64 128 0.0246985
227 237 64 128 0.0270439
228 237 64 128 0.0309849
229 237 64 128 0.0379379
230 237 64 128 0.042314
231 237 64 128 0.0457569
232 237 64 128 0.0527848
233 237 64 128 0.0603954
234 237 64 128 0.0660483
235 237 64 128 0.0750415
236 237 64 128 0.082055
237 237 64 128 0.0889112
238 237 64 128 0.0939757
239 237 64 128 0.09402
240 237 64 128 0.0915042
241 237 64 128 0.0828881
242 237 64 128 0.0719603
243 237 64 128 0.062209
244 237 64 128 0.0555321
245 237 64 128 0.053573
246 237 64 128 0.0483546
247 237 64 128 0.0441889
248 237 64 128 0.0434153
249 237 64 128 0.0438342
250 237 64 128 0.0457894
251 237 64 128 0.0443204
252 237 64 128 0.0432435
253 237 64 128 0.0428906
254 237 64 128 0.039526
255 237 64 128 0.0345511
256 237 64 128 0.0299663
257 237 64 128 0.0263208
258 237 64 128 0.0234546
259 237 64 128 0.0223883
260 237 64 128 0.024283
261 237 64 128 0.0248373
262 237 64 128 0.0261354
263 237 64 128 0.0273041
264 237 64 128 0.0264331
265 237 64 128 0.0275546
266 237 64 128 0.028079
267 237 64 128 0.0294514
268 237 64 128 0.0315686
269 237 64 128 0.0324735
270 237 64 128 0.0329547
271 237 64 128 0.0323289
272 237 64 128 0.0334159
273 237 64 128 0.0351434
274 237 64 128 0.0346542
275 237 64 128 0.034191
276 237 64 128 0.0333621
277 237 64 128 0.0341247
278 237 64 128 0.035876
279 237 64 128 0.0364962
280 237 64 128 0.0371443
281 237 64 128 0.0374915
282 237 64 128 0.0405167
283 237 64 128 0.0427232
284 237 64 128 0.041618
285 237 64 128 0.0453538
286 237 64 128 0.0463984
287 237 64 128 0.0457611
288 237 64 128 0.049369
289 237 64 128 0.0549613
290 237 64 128 0.0524163
291 237 64 128 0.0479213
292 237 64 128 0.0426851
293 237 64 128 0.0363459
294 237 64 128 0.031257
295 237 64 128 0.0284276
296 237 64 128 0.0248993
297 237 64 128 0.0221387
298 237 64 128 0.0193397
299 237 64 128 0.0158321
300 237 64 128 0.0163501
301 237 64 128 0.0141033
302 237 64 128 0.0124333
303 237 64 128 0.0127842
304 237 64 128 0.0118374
305 237 64 128 0.0116451
306 237 64 128 0.0106549
219 238 64 128 0.0100926
220 238 64 128 0.0125087
221 238 64 128 0.0144496
222 238 64 128 0.0162776
223 238 64 128 0.0185834
224 238 64 128 0.0209571
225 238 64 128 0.0225448
226 238 64 128 0.0239039
227 238 64 128 0.0256622
228 238 64 128 0.0295947
229 238 64 128 0.0354978
230 238 64 128 0.0397387
231 238 64 128 0.043217
232 238 64 128 0.0491285
233 238 64 128 0.0555009
234 238 64 128 0.0608204
235 238 64 128 0.0689002
236 238 64 128 0.0750834
237 238 64 128 0.0831199
238 238 64 128 0.08974
239 238 64 128 0.0889579
240 238 64 128 0.0849687
241 238 64 128 0.0781755
242 238 64 128 0.0699423
243 238 64 128 0.0621122
244 238 64 128 0.0569316
245 238 64 128 0.055209
246 238 64 128 0.0505821
247 238 64 128 0.0469263
248 238 64 128 0.0476251
249 238 64 128 0.0502534
250 238 64 128 0.0516623
251 238 64 128 0.0510797
252 238 64 128 0.0506611
253 238 64 128 0.0498839
254 238 64 128 0.0467677
255 238 64 128 0.0421919
256 238 64 128 0.0366094
257 238 64 128 0.0318837
258 238 64 128 0.0289255
259 238 64 128 0.0280914
260 238 64 128 0.0299727
261 238 64 128 0.0313311
262 238 64 128 0.0331116
263 238 64 128 0.0332265
264 238 64 128 0.0306196
265 238 64 128 0.0309806
266 238 64 128 0.0302611
267 238 64 128 0.0308148
268 238 64 128 0.0323545
269 238 64 128 0.0320058
270 238 64 128 0.0320651
271 238 64 128 0.0322715
272 238 64 128 0.0340055
273 238 64 128 0.0361201
274 238 64 128 0.0358295
275 238 64 128 0.0341689
276 238 64 128 0.0345917
277 238 64 128 0.0345687
278 238 64 128 0.0348538
279 238 64 128 0.0372514
280 238 64 128 0.0375596
281 238 64 128 0.0393403
282 238 64 128 0.0409538
283 238 64 128 0.0411661
284 238 64 128 0.0424242
285 238 64 128 0.0457321
286 238 64 128 0.0468646
287 238 64 128 0.0451865
288 238 64 128 0.0475611
289 238 64 128 0.0544813
290 238 64 128 0.0523139
291 238 64 128 0.0477942
292 238 64 128 0.0422016
293 238 64 128 0.0361612
294 238 64 128 0.0326202
295 238 64 128 0.0302193
296 238 64 128 0.0261785
297 238 64 128 0.0228467
298 238 64 128 0.0202823
299 238 64 128 0.0174114
300 238 64 128 0.017291
301 238 64 128 0.0149048
302 238 64 128 0.0134461
303 238 64 128 0.0137508
304 238 64 128 0.0127595
305 238 64 128 0.0126645
306 238 64 128 0.0119388
307 238 64 128 0.0101848
220 239 64 128 0.0121952
221 239 64 128 0.0143925
222 239 64 128 0.0163269
223 239 64 128 0.0183898
224 239 64 128 0.020646
225 239 64 128 0.022622
226 239 64 128 0.0231151
227 239 64 128 0.0243815
228 239 64 128 0.0281956
229 239 64 128 0.0333688
230 239 64 128 0.0374969
231 239 64 128 0.0409626
232 239 64 128 0.046123
233 239 64 128 0.0516669
234 239 64 128 0.0565673
235 239 64 128 0.0635806
236 239 64 128 0.0691545
237 239 64 128 0.0778004
238 239 64 128 0.0852401
239 239 64 128 0.0841517
240 239 64 128 0.0794509
241 239 64 128 0.0738488
242 239 64 128 0.0672404
243 239 64 128 0.0605605
244 239 64 128 0.0562315
245 239 64 128 0.0544257
246 239 64 128 0.0502498
247 239 64 128 0.047047
248 239 64 128 0.0486212
249 239 64 128 0.0525824
250 239 64 128 0.0537967
251 239 64 128 0.0540608
252 239 64 128 0.0543146
253 239 64 128 0.0534036
254 239 64 128 0.0505319
255 239 64 128 0.0463783
256 239 64 128 0.0402519
257 239 64 128 0.0349225
258 239 64 128 0.0319857
259 239 64 128 0.0312839
260 239 64 128 0.0331
261 239 64 128 0.0349215
262 239 64 128 0.0369273
263 239 64 128 0.0364654
264 239 64 128 0.0330183
265 239 64 128 0.0328284
266 239 64 128 0.0313603
267 239 64 128 0.0314342
268 239 64 128 0.0325809
269 239 64 128 0.031448
270 239 64 128 0.0311764
271 239 64 128 0.0320212
272 239 64 128 0.0342472
273 239 64 128 0.03666
274 239 64 128 0.0365739
275 239 64 128 0.0339787
276 239 64 128 0.0353667
277 239 64 128 0.0348712
278 239 64 128 0.0341603
279 239 64 128 0.03788
280 239 64 128 0.0378072
281 239 64 128 0.0405706
282 239 64 128 0.0413021
283 239 64 128 0.0401848
284 239 64 128 0.0430746
285 239 64 128 0.04604
286 239 64 128 0.0473024
287 239 64 128 0.0451046
288 239 64 128 0.0466363
289 239 64 128 0.0541611
290 239 64 128 0.0521077
291 239 64 128 0.0475893
292 239 64 128 0.0416536
293 239 64 128 0.0356677
294 239 64 128 0.0331462
295 239 64 128 0.0308647
296 239 64 128 0.0264227
297 239 64 128 0.0227094
298 239 64 128 0.0203057
299 239 64 128 0.0178846
300 239 64 128 0.0172648
301 239 64 128 0.0148855
302 239 64 128 0.0136103
303 239 64 128 0.0137937
304 239 64 128 0.0127581
305 239 64 128 0.0127319
306 239 64 128 0.012236
307 239 64 128 0.0104822
