15 120 64 128 0.0106886
14 121 64 128 0.010826
15 121 64 128 0.0115571
110 128 64 128 0.0119198
111 128 64 128 0.0147596
112 128 64 128 0.0104681
110 129 64 128 0.0166461
111 129 64 128 0.0205093
112 129 64 128 0.0144544
110 130 64 128 0.0160064
111 130 64 128 0.0210657
112 130 64 128 0.0145021
110 131 64 128 0.015196
111 131 64 128 0.0211409
112 131 64 128 0.0139643
109 132 64 128 0.0141486
110 132 64 128 0.0226817
111 132 64 128 0.0286211
112 132 64 128 0.018565
109 133 64 128 0.0221799
110 133 64 128 0.0349316
111 133 64 128 0.039894
112 133 64 128 0.0257079
109 134 64 128 0.0264622
110 134 64 128 0.0409825
111 134 64 128 0.0442461
112 134 64 128 0.027657
109 135 64 128 0.0280879
110 135 64 128 0.0412199
111 135 64 128 0.0422862
112 135 64 128 0.0248582
108 136 64 128 0.0124978
109 136 64 128 0.0358468
110 136 64 128 0.0471709
111 136 64 128 0.0457373
112 136 64 128 0.0257962
108 137 64 128 0.0178928
109 137 64 128 0.0491751
110 137 64 128 0.0595163
111 137 64 128 0.0556916
112 137 64 128 0.0316743
108 138 64 128 0.0196531
109 138 64 128 0.053245
110 138 64 128 0.0622521
111 138 64 128 0.0568738
112 138 64 128 0.0324565
113 138 64 128 0.0100565
108 139 64 128 0.0159086
109 139 64 128 0.0428498
110 139 64 128 0.0494053
111 139 64 128 0.0432663
112 139 64 128 0.0240821
108 140 64 128 0.0144414
109 140 64 128 0.0369409
110 140 64 128 0.0405186
111 140 64 128 0.032575
112 140 64 128 0.017926
108 141 64 128 0.0207361
109 141 64 128 0.0490675
110 141 64 128 0.0496754
111 141 64 128 0.0380725
112 141 64 128 0.0224754
108 142 64 128 0.0276543
109 142 64 128 0.0624033
110 142 64 128 0.0597406
111 142 64 128 0.0462514
112 142 64 128 0.0287825
113 142 64 128 0.0127361
108 143 64 128 0.0274626
109 143 64 128 0.0585705
110 143 64 128 0.0521158
111 143 64 128 0.0419076
112 143 64 128 0.0268384
113 143 64 128 0.0112134
108 144 64 128 0.0244081
109 144 64 128 0.0473652
110 144 64 128 0.0378897
111 144 64 128 0.0328554
112 144 64 128 0.0218604
107 145 64 128 0.0104937
108 145 64 128 0.0257967
109 145 64 128 0.0459773
110 145 64 128 0.0357876
111 145 64 128 0.032861
112 145 64 128 0.0229598
106 146 64 128 0.0110962
107 146 64 128 0.0136212
108 146 64 128 0.0292614
109 146 64 128 0.0506789
110 146 64 128 0.0410988
111 146 64 128 0.0377972
112 146 64 128 0.0270186
113 146 64 128 0.0111772
106 147 64 128 0.0117789
107 147 64 128 0.0138682
108 147 64 128 0.0278244
109 147 64 128 0.0475853
110 147 64 128 0.0377453
111 147 64 128 0.0348998
112 147 64 128 0.0250469
113 147 64 128 0.0102443
106 148 64 128 0.010999
107 148 64 128 0.0121553
108 148 64 128 0.0228196
109 148 64 128 0.0378691
110 148 64 128 0.0266926
111 148 64 128 0.0250889
112 148 64 128 0.0178867
106 149 64 128 0.0112393
107 149 64 128 0.0126259
108 149 64 128 0.0220586
109 149 64 128 0.0345013
110 149 64 128 0.0222733
111 149 64 128 0.0200228
112 149 64 128 0.014088
106 150 64 128 0.013059
107 150 64 128 0.0159209
108 150 64 128 0.0268929
109 150 64 128 0.0403612
110 150 64 128 0.0278234
111 150 64 128 0.0228352
112 150 64 128 0.0159148
106 151 64 128 0.0146593
107 151 64 128 0.0184154
108 151 64 128 0.0307873
109 151 64 128 0.0459455
110 151 64 128 0.0331715
111 151 64 128 0.0261721
112 151 64 128 0.0179051
106 152 64 128 0.0150463
107 152 64 128 0.0184078
108 152 64 128 0.0306787
109 152 64 128 0.0465988
110 152 64 128 0.0337879
111 152 64 128 0.0266432
112 152 64 128 0.0175779
106 153 64 128 0.0149182
107 153 64 128 0.0180932
108 153 64 128 0.0305588
109 153 64 128 0.0476602
110 153 64 128 0.0366761
111 153 64 128 0.0290665
112 153 64 128 0.0186093
106 154 64 128 0.0148204
107 154 64 128 0.018904
108 154 64 128 0.0329302
109 154 64 128 0.0522816
110 154 64 128 0.0452973
111 154 64 128 0.0356539
112 154 64 128 0.0227778
106 155 64 128 0.0143933
107 155 64 128 0.0190549
108 155 64 128 0.0341714
109 155 64 128 0.0547268
110 155 64 128 0.05005
111 155 64 128 0.0390858
112 155 64 128 0.0248719
113 155 64 128 0.0112779
106 156 64 128 0.013347
107 156 64 128 0.0170497
108 156 64 128 0.0312048
109 156 64 128 0.0502447
110 156 64 128 0.043217
111 156 64 128 0.0335561
112 156 64 128 0.0207351
106 157 64 128 0.0123625
107 157 64 128 0.0150286
108 157 64 128 0.0278469
109 157 64 128 0.0449387
110 157 64 128 0.0349234
111 157 64 128 0.0268775
112 157 64 128 0.0159626
106 158 64 128 0.0122069
107 158 64 128 0.0155608
108 158 64 128 0.0288122
109 158 64 128 0.0463077
110 158 64 128 0.0375427
111 158 64 128 0.0285832
112 158 64 128 0.0173766
106 159 64 128 0.0124149
107 159 64 128 0.0173536
108 159 64 128 0.0320809
109 159 64 128 0.0511139
110 159 64 128 0.0454883
111 159 64 128 0.0345283
112 159 64 128 0.0219719
113 159 64 128 0.0112015
135 159 64 128 0.010975
106 160 64 128 0.0121099
107 160 64 128 0.0177722
108 160 64 128 0.0332647
109 160 64 128 0.0523447
110 160 64 128 0.0468434
111 160 64 128 0.0357688
112 160 64 128 0.02328
113 160 64 128 0.0122516
135 160 64 128 0.0120749
136 160 64 128 0.0102765
106 161 64 128 0.0117029
107 161 64 128 0.0176091
108 161 64 128 0.0336175
109 161 64 128 0.0519913
110 161 64 128 0.0445749
111 161 64 128 0.03495
112 161 64 128 0.0229808
113 161 64 128 0.0115598
135 161 64 128 0.0118623
136 161 64 128 0.0106128
106 162 64 128 0.0123675
107 162 64 128 0.0196999
108 162 64 128 0.0377458
109 162 64 128 0.0574148
110 162 64 128 0.0506071
111 162 64 128 0.0416428
112 162 64 128 0.0276368
113 162 64 128 0.0136157
135 162 64 128 0.0120116
136 162 64 128 0.011428
106 163 64 128 0.0137949
107 163 64 128 0.0232122
108 163 64 128 0.0439597
109 163 64 128 0.0663618
110 163 64 128 0.0627004
111 163 64 128 0.0533403
112 163 64 128 0.0356064
113 163 64 128 0.0178366
134 163 64 128 0.0103634
135 163 64 128 0.0125444
136 163 64 128 0.0126026
74 164 64 128 0.010426
106 164 64 128 0.0142575
107 164 64 128 0.0238074
108 164 64 128 0.0445567
109 164 64 128 0.0673818
110 164 64 128 0.0650332
111 164 64 128 0.0559707
112 164 64 128 0.0373903
113 164 64 128 0.0187704
134 164 64 128 0.0101215
135 164 64 128 0.0118953
136 164 64 128 0.0126186
137 164 64 128 0.0101182
170 164 64 128 0.012184
171 164 64 128 0.0108166
74 165 64 128 0.0102833
106 165 64 128 0.0132393
107 165 64 128 0.0204925
108 165 64 128 0.0377626
109 165 64 128 0.0575218
110 165 64 128 0.0534906
111 165 64 128 0.0457164
112 165 64 128 0.0304933
113 165 64 128 0.0151413
135 165 64 128 0.0100651
136 165 64 128 0.0114488
169 165 64 128 0.0129311
170 165 64 128 0.0176856
171 165 64 128 0.0150266
172 165 64 128 0.0102375
74 166 64 128 0.0102639
106 166 64 128 0.0120537
107 166 64 128 0.0173004
108 166 64 128 0.0306989
109 166 64 128 0.0466137
110 166 64 128 0.0416217
111 166 64 128 0.034216
112 166 64 128 0.0229748
113 166 64 128 0.0119756
136 166 64 128 0.0112936
137 166 64 128 0.0103513
168 166 64 128 0.0106101
169 166 64 128 0.0152347
170 166 64 128 0.020382
171 166 64 128 0.0178706
172 166 64 128 0.0123002
72 167 64 128 0.0103747
73 167 64 128 0.0115765
74 167 64 128 0.0114195
106 167 64 128 0.0114831
107 167 64 128 0.0166228
108 167 64 128 0.0278556
109 167 64 128 0.0410274
110 167 64 128 0.0377249
111 167 64 128 0.0290745
112 167 64 128 0.020064
113 167 64 128 0.0121734
135 167 64 128 0.0108455
136 167 64 128 0.0129689
137 167 64 128 0.0125702
169 167 64 128 0.0143191
170 167 64 128 0.0185202
171 167 64 128 0.018108
172 167 64 128 0.0130994
71 168 64 128 0.0106014
72 168 64 128 0.0125204
73 168 64 128 0.0136575
74 168 64 128 0.0125126
75 168 64 128 0.01163
106 168 64 128 0.0108374
107 168 64 128 0.0164053
108 168 64 128 0.0264532
109 168 64 128 0.0373823
110 168 64 128 0.0356041
111 168 64 128 0.0264416
112 168 64 128 0.0190017
113 168 64 128 0.0129109
135 168 64 128 0.0118634
136 168 64 128 0.013884
137 168 64 128 0.01425
138 168 64 128 0.0114415
169 168 64 128 0.0114769
170 168 64 128 0.0144625
171 168 64 128 0.0156782
172 168 64 128 0.0118902
71 169 64 128 0.0108483
72 169 64 128 0.0127005
73 169 64 128 0.0136661
74 169 64 128 0.0124906
75 169 64 128 0.010861
107 169 64 128 0.0148598
108 169 64 128 0.0238194
109 169 64 128 0.03244
110 169 64 128 0.0297602
111 169 64 128 0.02255
112 169 64 128 0.0170337
113 169 64 128 0.0116985
135 169 64 128 0.0104489
136 169 64 128 0.0120718
137 169 64 128 0.0136425
138 169 64 128 0.0120839
170 169 64 128 0.0105887
171 169 64 128 0.011134
71 170 64 128 0.0101323
72 170 64 128 0.0116698
73 170 64 128 0.0126067
74 170 64 128 0.0119586
107 170 64 128 0.0131047
108 170 64 128 0.0209166
109 170 64 128 0.0278321
110 170 64 128 0.023586
111 170 64 128 0.0190701
112 170 64 128 0.0150159
137 170 64 128 0.0117799
138 170 64 128 0.0116478
72 171 64 128 0.0104856
73 171 64 128 0.0117723
74 171 64 128 0.0116696
107 171 64 128 0.0124835
108 171 64 128 0.0190961
109 171 64 128 0.0255733
110 171 64 128 0.021254
111 171 64 128 0.0181275
112 171 64 128 0.0141774
137 171 64 128 0.0100282
138 171 64 128 0.0105335
73 172 64 128 0.0109512
74 172 64 128 0.0112704
107 172 64 128 0.012223
108 172 64 128 0.0176364
109 172 64 128 0.0241643
110 172 64 128 0.02095
111 172 64 128 0.0180695
112 172 64 128 0.0136214
74 173 64 128 0.0101181
107 173 64 128 0.0110139
108 173 64 128 0.0152903
109 173 64 128 0.0212278
110 173 64 128 0.0192225
111 173 64 128 0.0162989
112 173 64 128 0.0119338
108 174 64 128 0.0122996
109 174 64 128 0.0170321
110 174 64 128 0.0158804
111 174 64 128 0.0130571
109 175 64 128 0.013155
110 175 64 128 0.0123757
109 176 64 128 0.0102431
296 183 64 128 0.0106383
297 183 64 128 0.0105979
182 192 64 128 0.0100067
183 192 64 128 0.017034
184 192 64 128 0.0227484
185 192 64 128 0.0185638
186 192 64 128 0.0149743
181 193 64 128 0.0133856
182 193 64 128 0.0236201
183 193 64 128 0.0384174
184 193 64 128 0.0492383
185 193 64 128 0.0448323
186 193 64 128 0.0343571
187 193 64 128 0.0197939
188 193 64 128 0.0103923
181 194 64 128 0.0159893
182 194 64 128 0.0287558
183 194 64 128 0.0499615
184 194 64 128 0.0666025
185 194 64 128 0.0570142
186 194 64 128 0.0451254
187 194 64 128 0.0260482
188 194 64 128 0.0118283
189 194 64 128 0.0118769
181 195 64 128 0.0155877
182 195 64 128 0.0264124
183 195 64 128 0.0507791
184 195 64 128 0.0731272
185 195 64 128 0.0532927
186 195 64 128 0.0467955
187 195 64 128 0.0279414
189 195 64 128 0.0119999
180 196 64 128 0.0165422
181 196 64 128 0.0361928
182 196 64 128 0.0527097
183 196 64 128 0.0825744
184 196 64 128 0.11161
185 196 64 128 0.0874397
186 196 64 128 0.0775095
187 196 64 128 0.0463161
188 196 64 128 0.0163007
189 196 64 128 0.0204216
190 196 64 128 0.0109363
179 197 64 128 0.0170826
180 197 64 128 0.0455679
181 197 64 128 0.0896539
182 197 64 128 0.12626
183 197 64 128 0.167664
184 197 64 128 0.205253
185 197 64 128 0.189201
186 197 64 128 0.157955
187 197 64 128 0.0923553
188 197 64 128 0.0425832
189 197 64 128 0.0431283
190 197 64 128 0.0269069
191 197 64 128 0.0143432
178 198 64 128 0.0115293
179 198 64 128 0.0267456
180 198 64 128 0.0727005
181 198 64 128 0.138097
182 198 64 128 0.192735
183 198 64 128 0.24601
184 198 64 128 0.293394
185 198 64 128 0.285072
186 198 64 128 0.234559
187 198 64 128 0.13639
188 198 64 128 0.0683679
189 198 64 128 0.06716
190 198 64 128 0.0436957
191 198 64 128 0.0230008
192 198 64 128 0.0112961
176 199 64 128 0.0121345
177 199 64 128 0.013316
178 199 64 128 0.0149962
179 199 64 128 0.0328804
180 199 64 128 0.0801609
181 199 64 128 0.148927
182 199 64 128 0.204346
183 199 64 128 0.263484
184 199 64 128 0.320009
185 199 64 128 0.306729
186 199 64 128 0.257788
187 199 64 128 0.151847
188 199 64 128 0.0769122
189 199 64 128 0.0811582
190 199 64 128 0.0528778
191 199 64 128 0.028192
192 199 64 128 0.0134022
175 200 64 128 0.0105894
176 200 64 128 0.019058
177 200 64 128 0.0203087
178 200 64 128 0.0209645
179 200 64 128 0.0415464
180 200 64 128 0.095992
181 200 64 128 0.171214
182 200 64 128 0.226801
183 200 64 128 0.286332
184 200 64 128 0.344425
185 200 64 128 0.325088
186 200 64 128 0.279914
187 200 64 128 0.172745
188 200 64 128 0.0951347
189 200 64 128 0.102731
190 200 64 128 0.0687899
191 200 64 128 0.0381948
192 200 64 128 0.0184458
195 200 64 128 0.010881
175 201 64 128 0.0166605
176 201 64 128 0.0273404
177 201 64 128 0.0329794
178 201 64 128 0.0339352
179 201 64 128 0.0619126
180 201 64 128 0.157479
181 201 64 128 0.269453
182 201 64 128 0.347189
183 201 64 128 0.404328
184 201 64 128 0.449566
185 201 64 128 0.438796
186 201 64 128 0.373416
187 201 64 128 0.243821
188 201 64 128 0.156205
189 201 64 128 0.153466
190 201 64 128 0.108481
191 201 64 128 0.0625068
192 201 64 128 0.031539
193 201 64 128 0.0161608
194 201 64 128 0.0153771
195 201 64 128 0.0165155
196 201 64 128 0.0107718
174 202 64 128 0.0110375
175 202 64 128 0.0321877
176 202 64 128 0.0496082
177 202 64 128 0.0585511
178 202 64 128 0.0588231
179 202 64 128 0.101669
180 202 64 128 0.253085
181 202 64 128 0.412251
182 202 64 128 0.518834
183 202 64 128 0.572564
184 202 64 128 0.598281
185 202 64 128 0.595106
186 202 64 128 0.499518
187 202 64 128 0.332475
188 202 64 128 0.225032
189 202 64 128 0.20823
190 202 64 128 0.148761
191 202 64 128 0.0871463
192 202 64 128 0.0453695
193 202 64 128 0.0246418
194 202 64 128 0.0211207
195 202 64 128 0.0215413
196 202 64 128 0.0135811
197 202 64 128 0.0112669
198 202 64 128 0.0114875
171 203 64 128 0.0105337
172 203 64 128 0.0137557
173 203 64 128 0.0137258
174 203 64 128 0.0243076
175 203 64 128 0.0677945
176 203 64 128 0.104157
177 203 64 128 0.106427
178 203 64 128 0.101503
179 203 64 128 0.168106
180 203 64 128 0.349365
181 203 64 128 0.524813
182 203 64 128 0.634514
183 203 64 128 0.684933
184 203 64 128 0.698754
185 203 64 128 0.673747
186 203 64 128 0.570051
187 203 64 128 0.373126
188 203 64 128 0.238691
189 203 64 128 0.22313
190 203 64 128 0.150699
191 203 64 128 0.0890316
192 203 64 128 0.0478122
193 203 64 128 0.0237839
194 203 64 128 0.0210143
195 203 64 128 0.0212823
196 203 64 128 0.0135268
197 203 64 128 0.0109645
198 203 64 128 0.0109271
303 203 64 128 0.0107423
305 203 64 128 0.0113698
306 203 64 128 0.0113134
170 204 64 128 0.0136914
171 204 64 128 0.0205923
172 204 64 128 0.027607
173 204 64 128 0.0284107
174 204 64 128 0.0507028
175 204 64 128 0.134808
176 204 64 128 0.198272
177 204 64 128 0.187563
178 204 64 128 0.178929
179 204 64 128 0.273655
180 204 64 128 0.453538
181 204 64 128 0.606804
182 204 64 128 0.69084
183 204 64 128 0.736254
184 204 64 128 0.747724
185 204 64 128 0.686697
186 204 64 128 0.597385
187 204 64 128 0.390081
188 204 64 128 0.232384
189 204 64 128 0.225749
190 204 64 128 0.143004
191 204 64 128 0.0858219
192 204 64 128 0.0483324
193 204 64 128 0.0211088
194 204 64 128 0.018888
195 204 64 128 0.0194
196 204 64 128 0.0124303
300 204 64 128 0.0107083
301 204 64 128 0.0142284
302 204 64 128 0.0199787
303 204 64 128 0.0226822
304 204 64 128 0.019187
305 204 64 128 0.0238115
306 204 64 128 0.0231929
307 204 64 128 0.0193295
308 204 64 128 0.0183028
309 204 64 128 0.018591
310 204 64 128 0.0185119
311 204 64 128 0.0173579
312 204 64 128 0.0131092
313 204 64 128 0.0106418
314 204 64 128 0.0136221
315 204 64 128 0.0129909
316 204 64 128 0.0132502
317 204 64 128 0.0114021
170 205 64 128 0.0169552
171 205 64 128 0.0259093
172 205 64 128 0.0385436
173 205 64 128 0.0463367
174 205 64 128 0.0958592
175 205 64 128 0.244444
176 205 64 128 0.330349
177 205 64 128 0.313202
178 205 64 128 0.314971
179 205 64 128 0.43317
180 205 64 128 0.601982
181 205 64 128 0.712944
182 205 64 128 0.761799
183 205 64 128 0.796692
184 205 64 128 0.807909
185 205 64 128 0.743765
186 205 64 128 0.667914
187 205 64 128 0.472978
188 205 64 128 0.312238
189 205 64 128 0.295191
190 205 64 128 0.203059
191 205 64 128 0.124469
192 205 64 128 0.0718916
193 205 64 128 0.0364422
194 205 64 128 0.0253845
195 205 64 128 0.0255577
196 205 64 128 0.0152427
197 205 64 128 0.0112866
198 205 64 128 0.0120517
301 205 64 128 0.0132854
302 205 64 128 0.0175892
303 205 64 128 0.0191035
304 205 64 128 0.0163498
305 205 64 128 0.0192463
306 205 64 128 0.019745
307 205 64 128 0.0172272
308 205 64 128 0.0155712
309 205 64 128 0.0155213
310 205 64 128 0.0154953
311 205 64 128 0.014875
312 205 64 128 0.011029
314 205 64 128 0.0116184
315 205 64 128 0.0113789
316 205 64 128 0.0123094
317 205 64 128 0.0106364
170 206 64 128 0.023276
171 206 64 128 0.0354119
172 206 64 128 0.0577281
173 206 64 128 0.0828846
174 206 64 128 0.172566
175 206 64 128 0.389435
176 206 64 128 0.485155
177 206 64 128 0.468532
178 206 64 128 0.488761
179 206 64 128 0.617419
180 206 64 128 0.773256
181 206 64 128 0.840289
182 206 64 128 0.85881
183 206 64 128 0.878952
184 206 64 128 0.887951
185 206 64 128 0.855572
186 206 64 128 0.782861
187 206 64 128 0.612087
188 206 64 128 0.465618
189 206 64 128 0.420265
190 206 64 128 0.320563
191 206 64 128 0.198517
192 206 64 128 0.114345
193 206 64 128 0.0666175
194 206 64 128 0.0392531
195 206 64 128 0.0387353
196 206 64 128 0.0216205
197 206 64 128 0.0157868
198 206 64 128 0.0183943
307 206 64 128 0.0103006
169 207 64 128 0.0205595
170 207 64 128 0.0509082
171 207 64 128 0.0770514
172 207 64 128 0.117634
173 207 64 128 0.173904
174 207 64 128 0.301382
175 207 64 128 0.541538
176 207 64 128 0.632322
177 207 64 128 0.609348
178 207 64 128 0.628849
179 207 64 128 0.747571
180 207 64 128 0.880007
181 207 64 128 0.919266
182 207 64 128 0.920345
183 207 64 128 0.928618
184 207 64 128 0.9335
185 207 64 128 0.917879
186 207 64 128 0.845187
187 207 64 128 0.683772
188 207 64 128 0.543959
189 207 64 128 0.486511
190 207 64 128 0.384913
191 207 64 128 0.240418
192 207 64 128 0.138275
193 207 64 128 0.0821972
194 207 64 128 0.0456422
195 207 64 128 0.0456954
196 207 64 128 0.0251589
197 207 64 128 0.0179059
198 207 64 128 0.0212491
199 207 64 128 0.0103638
300 207 64 128 0.0126099
301 207 64 128 0.0165938
302 207 64 128 0.0261356
303 207 64 128 0.0319803
304 207 64 128 0.0258649
305 207 64 128 0.0313681
306 207 64 128 0.0320448
307 207 64 128 0.0294158
308 207 64 128 0.0295531
309 207 64 128 0.0293696
310 207 64 128 0.0278432
311 207 64 128 0.0259417
312 207 64 128 0.0212969
313 207 64 128 0.0188505
314 207 64 128 0.0220726
315 207 64 128 0.0195127
316 207 64 128 0.0177032
317 207 64 128 0.0148371
318 207 64 128 0.010842
319 207 64 128 0.0101957
168 208 64 128 0.0163051
169 208 64 128 0.043419
170 208 64 128 0.103685
171 208 64 128 0.158754
172 208 64 128 0.225665
173 208 64 128 0.321968
174 208 64 128 0.474848
175 208 64 128 0.677351
176 208 64 128 0.751054
177 208 64 128 0.713189
178 208 64 128 0.706486
179 208 64 128 0.795753
180 208 64 128 0.893172
181 208 64 128 0.925738
182 208 64 128 0.923862
183 208 64 128 0.926683
184 208 64 128 0.926467
185 208 64 128 0.893455
186 208 64 128 0.822372
187 208 64 128 0.649293
188 208 64 128 0.500591
189 208 64 128 0.457306
190 208 64 128 0.356976
191 208 64 128 0.225011
192 208 64 128 0.130342
193 208 64 128 0.0737266
194 208 64 128 0.0401663
195 208 64 128 0.0423492
196 208 64 128 0.0238474
197 208 64 128 0.0160652
198 208 64 128 0.0184284
298 208 64 128 0.0111627
299 208 64 128 0.0174186
300 208 64 128 0.0323779
301 208 64 128 0.0411662
302 208 64 128 0.069921
303 208 64 128 0.0890486
304 208 64 128 0.0712046
305 208 64 128 0.093017
306 208 64 128 0.0893041
307 208 64 128 0.0764288
308 208 64 128 0.0791715
309 208 64 128 0.079318
310 208 64 128 0.0752965
311 208 64 128 0.0683407
312 208 64 128 0.0558546
313 208 64 128 0.0499656
314 208 64 128 0.0558984
315 208 64 128 0.0466142
316 208 64 128 0.0381345
317 208 64 128 0.0302232
318 208 64 128 0.0218235
319 208 64 128 0.0198637
167 209 64 128 0.0112494
168 209 64 128 0.0253202
169 209 64 128 0.0667057
170 209 64 128 0.15969
171 209 64 128 0.252487
172 209 64 128 0.344433
173 209 64 128 0.470938
174 209 64 128 0.636939
175 209 64 128 0.783697
176 209 64 128 0.838328
177 209 64 128 0.797448
178 209 64 128 0.770533
179 209 64 128 0.825717
180 209 64 128 0.889334
181 209 64 128 0.919344
182 209 64 128 0.920143
183 209 64 128 0.92081
184 209 64 128 0.916526
185 209 64 128 0.870124
186 209 64 128 0.801161
187 209 64 128 0.625416
188 209 64 128 0.475412
189 209 64 128 0.438497
190 209 64 128 0.328956
191 209 64 128 0.205187
192 209 64 128 0.121394
193 209 64 128 0.0683036
194 209 64 128 0.0375688
195 209 64 128 0.0413592
196 209 64 128 0.0237408
197 209 64 128 0.0153234
198 209 64 128 0.0168393
297 209 64 128 0.0100505
298 209 64 128 0.013992
299 209 64 128 0.0222004
300 209 64 128 0.0396962
301 209 64 128 0.0507947
302 209 64 128 0.0862712
303 209 64 128 0.110336
304 209 64 128 0.0914711
305 209 64 128 0.121396
306 209 64 128 0.11959
307 209 64 128 0.101499
308 209 64 128 0.101015
309 209 64 128 0.102102
310 209 64 128 0.0973807
311 209 64 128 0.0900591
312 209 64 128 0.0753729
313 209 64 128 0.0698277
314 209 64 128 0.0795658
315 209 64 128 0.0630016
316 209 64 128 0.0538683
317 209 64 128 0.0454504
318 209 64 128 0.0333716
319 209 64 128 0.0322414
167 210 64 128 0.015181
168 210 64 128 0.03431
169 210 64 128 0.0879434
170 210 64 128 0.207636
171 210 64 128 0.338645
172 210 64 128 0.446178
173 210 64 128 0.579411
174 210 64 128 0.746378
175 210 64 128 0.853889
176 210 64 128 0.895055
177 210 64 128 0.873613
178 210 64 128 0.852917
179 210 64 128 0.881892
180 210 64 128 0.92239
181 210 64 128 0.942206
182 210 64 128 0.943911
183 210 64 128 0.942727
184 210 64 128 0.936343
185 210 64 128 0.904157
186 210 64 128 0.836702
187 210 64 128 0.684237
188 210 64 128 0.553373
189 210 64 128 0.495331
190 210 64 128 0.361537
191 210 64 128 0.217293
192 210 64 128 0.132019
193 210 64 128 0.0828243
194 210 64 128 0.0467949
195 210 64 128 0.0505936
196 210 64 128 0.0286566
197 210 64 128 0.0188508
198 210 64 128 0.0208179
298 210 64 128 0.0100485
299 210 64 128 0.0167324
300 210 64 128 0.0257363
301 210 64 128 0.0350715
302 210 64 128 0.0555752
303 210 64 128 0.0708642
304 210 64 128 0.0701484
305 210 64 128 0.0923411
306 210 64 128 0.10257
307 210 64 128 0.0906082
308 210 64 128 0.0797157
309 210 64 128 0.0825042
310 210 64 128 0.0798482
311 210 64 128 0.0793305
312 210 64 128 0.0720418
313 210 64 128 0.0723474
314 210 64 128 0.0858128
315 210 64 128 0.0645972
316 210 64 128 0.0634047
317 210 64 128 0.0595934
318 210 64 128 0.0449455
319 210 64 128 0.0472978
167 211 64 128 0.0222342
168 211 64 128 0.0539514
169 211 64 128 0.129851
170 211 64 128 0.27061
171 211 64 128 0.428843
172 211 64 128 0.539747
173 211 64 128 0.65953
174 211 64 128 0.81285
175 211 64 128 0.895593
176 211 64 128 0.927891
177 211 64 128 0.927532
178 211 64 128 0.921443
179 211 64 128 0.93475
180 211 64 128 0.959905
181 211 64 128 0.969218
182 211 64 128 0.969146
183 211 64 128 0.96543
184 211 64 128 0.956799
185 211 64 128 0.937326
186 211 64 128 0.871021
187 211 64 128 0.741277
188 211 64 128 0.628035
189 211 64 128 0.550465
190 211 64 128 0.399402
191 211 64 128 0.234466
192 211 64 128 0.144672
193 211 64 128 0.0981609
194 211 64 128 0.0567369
195 211 64 128 0.061101
196 211 64 128 0.0345007
197 211 64 128 0.0231823
198 211 64 128 0.0256523
199 211 64 128 0.0104129
298 211 64 128 0.0121485
299 211 64 128 0.0200214
300 211 64 128 0.0304194
301 211 64 128 0.0446367
302 211 64 128 0.062489
303 211 64 128 0.0806101
304 211 64 128 0.0988116
305 211 64 128 0.1228
306 211 64 128 0.143193
307 211 64 128 0.136624
308 211 64 128 0.121588
309 211 64 128 0.126529
310 211 64 128 0.124049
311 211 64 128 0.125044
312 211 64 128 0.118307
313 211 64 128 0.118717
314 211 64 128 0.134464
315 211 64 128 0.112688
316 211 64 128 0.110888
317 211 64 128 0.0975744
318 211 64 128 0.0717355
319 211 64 128 0.0744322
166 212 64 128 0.0154943
167 212 64 128 0.0347879
168 212 64 128 0.091208
169 212 64 128 0.206686
170 212 64 128 0.364451
171 212 64 128 0.530574
172 212 64 128 0.632964
173 212 64 128 0.727027
174 212 64 128 0.852452
175 212 64 128 0.918413
176 212 64 128 0.944439
177 212 64 128 0.947649
178 212 64 128 0.94587
179 212 64 128 0.953967
180 212 64 128 0.967798
181 212 64 128 0.973883
182 212 64 128 0.970102
183 212 64 128 0.963041
184 212 64 128 0.950462
185 212 64 128 0.916833
186 212 64 128 0.851201
187 212 64 128 0.719124
188 212 64 128 0.601498
189 212 64 128 0.530743
190 212 64 128 0.388015
191 212 64 128 0.229331
192 212 64 128 0.142447
193 212 64 128 0.096795
194 212 64 128 0.0571311
195 212 64 128 0.0646121
196 212 64 128 0.0373716
197 212 64 128 0.0251586
198 212 64 128 0.0272077
199 212 64 128 0.0110592
200 212 64 128 0.0101486
295 212 64 128 0.01259
296 212 64 128 0.0153405
297 212 64 128 0.0207731
298 212 64 128 0.0290575
299 212 64 128 0.0452284
300 212 64 128 0.0816436
301 212 64 128 0.114326
302 212 64 128 0.167486
303 212 64 128 0.218387
304 212 64 128 0.240101
305 212 64 128 0.295314
306 212 64 128 0.315067
307 212 64 128 0.303796
308 212 64 128 0.301067
309 212 64 128 0.307743
310 212 64 128 0.299743
311 212 64 128 0.287975
312 212 64 128 0.262725
313 212 64 128 0.249477
314 212 64 128 0.265608
315 212 64 128 0.246235
316 212 64 128 0.222658
317 212 64 128 0.173481
318 212 64 128 0.121934
319 212 64 128 0.117851
166 213 64 128 0.0228989
167 213 64 128 0.0499366
168 213 64 128 0.130467
169 213 64 128 0.281212
170 213 64 128 0.45239
171 213 64 128 0.613672
172 213 64 128 0.705146
173 213 64 128 0.776846
174 213 64 128 0.873822
175 213 64 128 0.930406
176 213 64 128 0.952374
177 213 64 128 0.950076
178 213 64 128 0.946514
179 213 64 128 0.954984
180 213 64 128 0.962472
181 213 64 128 0.968584
182 213 64 128 0.962439
183 213 64 128 0.953249
184 213 64 128 0.937827
185 213 64 128 0.888136
186 213 64 128 0.820153
187 213 64 128 0.673246
188 213 64 128 0.537878
189 213 64 128 0.474768
190 213 64 128 0.35299
191 213 64 128 0.214331
192 213 64 128 0.136349
193 213 64 128 0.0917129
194 213 64 128 0.0544824
195 213 64 128 0.066816
196 213 64 128 0.0394065
197 213 64 128 0.027278
198 213 64 128 0.0297233
199 213 64 128 0.0122449
200 213 64 128 0.0125134
294 213 64 128 0.013152
295 213 64 128 0.0181958
296 213 64 128 0.0216781
297 213 64 128 0.0303371
298 213 64 128 0.0424398
299 213 64 128 0.0658129
300 213 64 128 0.125562
301 213 64 128 0.17353
302 213 64 128 0.262506
303 213 64 128 0.345419
304 213 64 128 0.366055
305 213 64 128 0.457432
306 213 64 128 0.4799
307 213 64 128 0.467876
308 213 64 128 0.48086
309 213 64 128 0.486
310 213 64 128 0.470201
311 213 64 128 0.446613
312 213 64 128 0.402449
313 213 64 128 0.37567
314 213 64 128 0.393721
315 213 64 128 0.36911
316 213 64 128 0.32162
317 213 64 128 0.239732
318 213 64 128 0.16454
319 213 64 128 0.154163
165 214 64 128 0.0118744
166 214 64 128 0.0285435
167 214 64 128 0.0634427
168 214 64 128 0.153185
169 214 64 128 0.311397
170 214 64 128 0.49216
171 214 64 128 0.645749
172 214 64 128 0.733767
173 214 64 128 0.800715
174 214 64 128 0.883437
175 214 64 128 0.937969
176 214 64 128 0.958113
177 214 64 128 0.954678
178 214 64 128 0.951849
179 214 64 128 0.960871
180 214 64 128 0.968197
181 214 64 128 0.971737
182 214 64 128 0.967417
183 214 64 128 0.959069
184 214 64 128 0.944608
185 214 64 128 0.906346
186 214 64 128 0.830422
187 214 64 128 0.675219
188 214 64 128 0.523648
189 214 64 128 0.439088
190 214 64 128 0.332597
191 214 64 128 0.207752
192 214 64 128 0.140644
193 214 64 128 0.099467
194 214 64 128 0.057603
195 214 64 128 0.0749281
196 214 64 128 0.0434654
197 214 64 128 0.0325186
198 214 64 128 0.0379653
199 214 64 128 0.0156629
200 214 64 128 0.0163831
294 214 64 128 0.0109259
295 214 64 128 0.0145803
296 214 64 128 0.0169527
297 214 64 128 0.023586
298 214 64 128 0.033833
299 214 64 128 0.0546574
300 214 64 128 0.105563
301 214 64 128 0.147762
302 214 64 128 0.230105
303 214 64 128 0.309905
304 214 64 128 0.339242
305 214 64 128 0.441746
306 214 64 128 0.485507
307 214 64 128 0.491949
308 214 64 128 0.508132
309 214 64 128 0.506175
310 214 64 128 0.485482
311 214 64 128 0.468006
312 214 64 128 0.426388
313 214 64 128 0.402294
314 214 64 128 0.426385
315 214 64 128 0.380041
316 214 64 128 0.328248
317 214 64 128 0.248696
318 214 64 128 0.169841
319 214 64 128 0.161298
165 215 64 128 0.0151609
166 215 64 128 0.0322597
167 215 64 128 0.0712363
168 215 64 128 0.159626
169 215 64 128 0.310463
170 215 64 128 0.494015
171 215 64 128 0.643261
172 215 64 128 0.732222
173 215 64 128 0.804254
174 215 64 128 0.886167
175 215 64 128 0.939208
176 215 64 128 0.959664
177 215 64 128 0.95934
178 215 64 128 0.958692
179 215 64 128 0.967665
180 215 64 128 0.975779
181 215 64 128 0.975879
182 215 64 128 0.9733
183 215 64 128 0.965065
184 215 64 128 0.950033
185 215 64 128 0.924454
186 215 64 128 0.836394
187 215 64 128 0.678482
188 215 64 128 0.519037
189 215 64 128 0.409719
190 215 64 128 0.313116
191 215 64 128 0.199138
192 215 64 128 0.143965
193 215 64 128 0.108629
194 215 64 128 0.0621955
195 215 64 128 0.0826653
196 215 64 128 0.04698
197 215 64 128 0.037478
198 215 64 128 0.0460592
199 215 64 128 0.0191886
200 215 64 128 0.0198178
201 215 64 128 0.0116418
295 215 64 128 0.0126175
296 215 64 128 0.0151301
297 215 64 128 0.0204325
298 215 64 128 0.0295706
299 215 64 128 0.0477027
300 215 64 128 0.0845213
301 215 64 128 0.114609
302 215 64 128 0.175091
303 215 64 128 0.24099
304 215 64 128 0.281039
305 215 64 128 0.378446
306 215 64 128 0.445372
307 215 64 128 0.473465
308 215 64 128 0.484629
309 215 64 128 0.474777
310 215 64 128 0.456661
311 215 64 128 0.451094
312 215 64 128 0.42428
313 215 64 128 0.412743
314 215 64 128 0.437425
315 215 64 128 0.371501
316 215 64 128 0.321236
317 215 64 128 0.256227
318 215 64 128 0.182539
319 215 64 128 0.172299
165 216 64 128 0.0159234
166 216 64 128 0.0349849
167 216 64 128 0.070303
168 216 64 128 0.157921
169 216 64 128 0.311786
170 216 64 128 0.488039
171 216 64 128 0.640349
172 216 64 128 0.72714
173 216 64 128 0.798697
174 216 64 128 0.886143
175 216 64 128 0.92987
176 216 64 128 0.952456
177 216 64 128 0.954318
178 216 64 128 0.95287
179 216 64 128 0.962162
180 216 64 128 0.96511
181 216 64 128 0.965123
182 216 64 128 0.957937
183 216 64 128 0.943842
184 216 64 128 0.918876
185 216 64 128 0.863847
186 216 64 128 0.761791
187 216 64 128 0.598635
188 216 64 128 0.442865
189 216 64 128 0.348494
190 216 64 128 0.263618
191 216 64 128 0.168878
192 216 64 128 0.126891
193 216 64 128 0.0988024
194 216 64 128 0.0595253
195 216 64 128 0.0793994
196 216 64 128 0.0456397
197 216 64 128 0.0367866
198 216 64 128 0.044878
199 216 64 128 0.0195196
200 216 64 128 0.0201369
201 216 64 128 0.011893
293 216 64 128 0.0115664
294 216 64 128 0.0187414
295 216 64 128 0.0282204
296 216 64 128 0.0362966
297 216 64 128 0.0497669
298 216 64 128 0.0680517
299 216 64 128 0.098264
300 216 64 128 0.15962
301 216 64 128 0.196287
302 216 64 128 0.269431
303 216 64 128 0.35348
304 216 64 128 0.391796
305 216 64 128 0.490438
306 216 64 128 0.555999
307 216 64 128 0.583209
308 216 64 128 0.592711
309 216 64 128 0.581377
310 216 64 128 0.576585
311 216 64 128 0.567459
312 216 64 128 0.547663
313 216 64 128 0.544169
314 216 64 128 0.551938
315 216 64 128 0.494602
316 216 64 128 0.426965
317 216 64 128 0.348462
318 216 64 128 0.268042
319 216 64 128 0.236183
165 217 64 128 0.0163128
166 217 64 128 0.0390746
167 217 64 128 0.0683924
168 217 64 128 0.15945
169 217 64 128 0.325975
170 217 64 128 0.489986
171 217 64 128 0.649598
172 217 64 128 0.731812
173 217 64 128 0.795459
174 217 64 128 0.886517
175 217 64 128 0.916345
176 217 64 128 0.940656
177 217 64 128 0.943168
178 217 64 128 0.939336
179 217 64 128 0.949098
180 217 64 128 0.943911
181 217 64 128 0.945349
182 217 64 128 0.930482
183 217 64 128 0.906401
184 217 64 128 0.862349
185 217 64 128 0.749644
186 217 64 128 0.626869
187 217 64 128 0.45726
188 217 64 128 0.316574
189 217 64 128 0.263246
190 217 64 128 0.193718
191 217 64 128 0.123747
192 217 64 128 0.094742
193 217 64 128 0.0746098
194 217 64 128 0.0500182
195 217 64 128 0.0663793
196 217 64 128 0.0399656
197 217 64 128 0.0316278
198 217 64 128 0.0365363
199 217 64 128 0.0172652
200 217 64 128 0.0177886
201 217 64 128 0.0106088
292 217 64 128 0.0131881
293 217 64 128 0.0193414
294 217 64 128 0.0327821
295 217 64 128 0.0506456
296 217 64 128 0.0662123
297 217 64 128 0.0912684
298 217 64 128 0.122615
299 217 64 128 0.172316
300 217 64 128 0.277644
301 217 64 128 0.334038
302 217 64 128 0.441829
303 217 64 128 0.562938
304 217 64 128 0.596838
305 217 64 128 0.705319
306 217 64 128 0.752987
307 217 64 128 0.762884
308 217 64 128 0.776235
309 217 64 128 0.772768
310 217 64 128 0.783904
311 217 64 128 0.762769
312 217 64 128 0.740288
313 217 64 128 0.736838
314 217 64 128 0.724251
315 217 64 128 0.689387
316 217 64 128 0.59729
317 217 64 128 0.487435
318 217 64 128 0.390907
319 217 64 128 0.334207
165 218 64 128 0.0207854
166 218 64 128 0.0475742
167 218 64 128 0.0791314
168 218 64 128 0.176771
169 218 64 128 0.34942
170 218 64 128 0.505969
171 218 64 128 0.669775
172 218 64 128 0.750533
173 218 64 128 0.805186
174 218 64 128 0.889589
175 218 64 128 0.910834
176 218 64 128 0.933241
177 218 64 128 0.936878
178 218 64 128 0.933789
179 218 64 128 0.943328
180 218 64 128 0.935543
181 218 64 128 0.934533
182 218 64 128 0.917394
183 218 64 128 0.884982
184 218 64 128 0.817863
185 218 64 128 0.666551
186 218 64 128 0.508254
187 218 64 128 0.3381
188 218 64 128 0.221565
189 218 64 128 0.188953
190 218 64 128 0.136788
191 218 64 128 0.0859944
192 218 64 128 0.0673915
193 218 64 128 0.055373
194 218 64 128 0.0395944
195 218 64 128 0.0519933
196 218 64 128 0.0333986
197 218 64 128 0.0270715
198 218 64 128 0.0297902
199 218 64 128 0.0153561
200 218 64 128 0.0151107
291 218 64 128 0.0101048
292 218 64 128 0.0136389
293 218 64 128 0.0207036
294 218 64 128 0.0357504
295 218 64 128 0.054299
296 218 64 128 0.0714921
297 218 64 128 0.0971388
298 218 64 128 0.130259
299 218 64 128 0.186794
300 218 64 128 0.300472
301 218 64 128 0.366427
302 218 64 128 0.482286
303 218 64 128 0.613962
304 218 64 128 0.663875
305 218 64 128 0.78075
306 218 64 128 0.821856
307 218 64 128 0.822669
308 218 64 128 0.841742
309 218 64 128 0.855357
310 218 64 128 0.870643
311 218 64 128 0.852295
312 218 64 128 0.826421
313 218 64 128 0.818265
314 218 64 128 0.810304
315 218 64 128 0.774586
316 218 64 128 0.683444
317 218 64 128 0.563554
318 218 64 128 0.457483
319 218 64 128 0.407716
164 219 64 128 0.0103446
165 219 64 128 0.0288859
166 219 64 128 0.0599499
167 219 64 128 0.101492
168 219 64 128 0.206353
169 219 64 128 0.374747
170 219 64 128 0.526112
171 219 64 128 0.68885
172 219 64 128 0.772179
173 219 64 128 0.821149
174 219 64 128 0.89257
175 219 64 128 0.91087
176 219 64 128 0.92793
177 219 64 128 0.931454
178 219 64 128 0.931544
179 219 64 128 0.941284
180 219 64 128 0.933756
181 219 64 128 0.92493
182 219 64 128 0.906441
183 219 64 128 0.864586
184 219 64 128 0.775886
185 219 64 128 0.615529
186 219 64 128 0.422846
187 219 64 128 0.264618
188 219 64 128 0.176055
189 219 64 128 0.1375
190 219 64 128 0.102518
191 219 64 128 0.0629457
192 219 64 128 0.0516259
193 219 64 128 0.0466041
194 219 64 128 0.0313419
195 219 64 128 0.0413329
196 219 64 128 0.0283466
197 219 64 128 0.0253239
198 219 64 128 0.0279738
199 219 64 128 0.0150506
200 219 64 128 0.0137529
292 219 64 128 0.0102678
293 219 64 128 0.0167776
294 219 64 128 0.0298207
295 219 64 128 0.0442242
296 219 64 128 0.0577464
297 219 64 128 0.0748982
298 219 64 128 0.100827
299 219 64 128 0.151456
300 219 64 128 0.240685
301 219 64 128 0.303336
302 219 64 128 0.397803
303 219 64 128 0.511253
304 219 64 128 0.589972
305 219 64 128 0.707219
306 219 64 128 0.755065
307 219 64 128 0.759412
308 219 64 128 0.782474
309 219 64 128 0.813552
310 219 64 128 0.822204
311 219 64 128 0.821449
312 219 64 128 0.795574
313 219 64 128 0.781864
314 219 64 128 0.798078
315 219 64 128 0.737941
316 219 64 128 0.670159
317 219 64 128 0.560422
318 219 64 128 0.449799
319 219 64 128 0.432824
164 220 64 128 0.0128179
165 220 64 128 0.0357186
166 220 64 128 0.0724036
167 220 64 128 0.1211
168 220 64 128 0.230155
169 220 64 128 0.39151
170 220 64 128 0.526504
171 220 64 128 0.685571
172 220 64 128 0.772087
173 220 64 128 0.821064
174 220 64 128 0.888163
175 220 64 128 0.900743
176 220 64 128 0.912313
177 220 64 128 0.909443
178 220 64 128 0.909542
179 220 64 128 0.922757
180 220 64 128 0.905603
181 220 64 128 0.8857
182 220 64 128 0.850592
183 220 64 128 0.787722
184 220 64 128 0.68447
185 220 64 128 0.521118
186 220 64 128 0.332482
187 220 64 128 0.204343
188 220 64 128 0.139785
189 220 64 128 0.0992331
190 220 64 128 0.0785946
191 220 64 128 0.0480187
192 220 64 128 0.0420183
193 220 64 128 0.040979
194 220 64 128 0.0256544
195 220 64 128 0.0363024
196 220 64 128 0.0261997
197 220 64 128 0.0259064
198 220 64 128 0.0293579
199 220 64 128 0.0160547
200 220 64 128 0.0146969
292 220 64 128 0.0108858
293 220 64 128 0.0180193
294 220 64 128 0.033393
295 220 64 128 0.0531919
296 220 64 128 0.0659311
297 220 64 128 0.082257
298 220 64 128 0.110256
299 220 64 128 0.160402
300 220 64 128 0.248031
301 220 64 128 0.310766
302 220 64 128 0.393435
303 220 64 128 0.497091
304 220 64 128 0.581978
305 220 64 128 0.688552
306 220 64 128 0.734713
307 220 64 128 0.74091
308 220 64 128 0.762843
309 220 64 128 0.79534
310 220 64 128 0.801619
311 220 64 128 0.81198
312 220 64 128 0.788882
313 220 64 128 0.773063
314 220 64 128 0.796809
315 220 64 128 0.722282
316 220 64 128 0.66479
317 220 64 128 0.547443
318 220 64 128 0.419807
319 220 64 128 0.41838
162 221 64 128 0.0101365
163 221 64 128 0.0113463
164 221 64 128 0.0156529
165 221 64 128 0.0414223
166 221 64 128 0.0829628
167 221 64 128 0.133577
168 221 64 128 0.244101
169 221 64 128 0.398483
170 221 64 128 0.507929
171 221 64 128 0.662321
172 221 64 128 0.749264
173 221 64 128 0.8018
174 221 64 128 0.876181
175 221 64 128 0.880159
176 221 64 128 0.887488
177 221 64 128 0.873081
178 221 64 128 0.868919
179 221 64 128 0.887772
180 221 64 128 0.852664
181 221 64 128 0.819323
182 221 64 128 0.749969
183 221 64 128 0.65448
184 221 64 128 0.543674
185 221 64 128 0.374266
186 221 64 128 0.230076
187 221 64 128 0.143357
188 221 64 128 0.0954634
189 221 64 128 0.0685368
190 221 64 128 0.0579315
191 221 64 128 0.0366144
192 221 64 128 0.0346989
193 221 64 128 0.0346352
194 221 64 128 0.0224002
195 221 64 128 0.0363792
196 221 64 128 0.0271546
197 221 64 128 0.0285221
198 221 64 128 0.033067
199 221 64 128 0.0189506
200 221 64 128 0.0185454
201 221 64 128 0.0115179
291 221 64 128 0.0117151
292 221 64 128 0.0166846
293 221 64 128 0.0258812
294 221 64 128 0.048373
295 221 64 128 0.0835443
296 221 64 128 0.100531
297 221 64 128 0.12717
298 221 64 128 0.168957
299 221 64 128 0.22829
300 221 64 128 0.349588
301 221 64 128 0.420804
302 221 64 128 0.512515
303 221 64 128 0.625529
304 221 64 128 0.689425
305 221 64 128 0.779835
306 221 64 128 0.812194
307 221 64 128 0.814464
308 221 64 128 0.8314
309 221 64 128 0.849772
310 221 64 128 0.864422
311 221 64 128 0.872341
312 221 64 128 0.851783
313 221 64 128 0.836484
314 221 64 128 0.841605
315 221 64 128 0.773557
316 221 64 128 0.700664
317 221 64 128 0.550044
318 221 64 128 0.395151
319 221 64 128 0.380983
162 222 64 128 0.0143942
163 222 64 128 0.01702
164 222 64 128 0.0220947
165 222 64 128 0.0532529
166 222 64 128 0.0923362
167 222 64 128 0.148946
168 222 64 128 0.264003
169 222 64 128 0.407227
170 222 64 128 0.505713
171 222 64 128 0.654323
172 222 64 128 0.735846
173 222 64 128 0.787273
174 222 64 128 0.866404
175 222 64 128 0.870588
176 222 64 128 0.873545
177 222 64 128 0.852236
178 222 64 128 0.84487
179 222 64 128 0.864891
180 222 64 128 0.825127
181 222 64 128 0.77506
182 222 64 128 0.671081
183 222 64 128 0.546045
184 222 64 128 0.427031
185 222 64 128 0.260924
186 222 64 128 0.153991
187 222 64 128 0.0960904
188 222 64 128 0.0603426
189 222 64 128 0.0464506
190 222 64 128 0.0417636
191 222 64 128 0.0275806
192 222 64 128 0.0285704
193 222 64 128 0.0291274
194 222 64 128 0.0208607
195 222 64 128 0.037872
196 222 64 128 0.0298168
197 222 64 128 0.0332551
198 222 64 128 0.0396497
199 222 64 128 0.0255896
200 222 64 128 0.0254048
201 222 64 128 0.0165756
202 222 64 128 0.0109923
203 222 64 128 0.0146774
204 222 64 128 0.0170534
205 222 64 128 0.0152234
206 222 64 128 0.0144192
207 222 64 128 0.0123668
291 222 64 128 0.0136228
292 222 64 128 0.0194265
293 222 64 128 0.0289909
294 222 64 128 0.0532225
295 222 64 128 0.0944889
296 222 64 128 0.114217
297 222 64 128 0.14679
298 222 64 128 0.194097
299 222 64 128 0.25651
300 222 64 128 0.397151
301 222 64 128 0.473833
302 222 64 128 0.566371
303 222 64 128 0.680217
304 222 64 128 0.735275
305 222 64 128 0.821123
306 222 64 128 0.84983
307 222 64 128 0.853259
308 222 64 128 0.86892
309 222 64 128 0.88171
310 222 64 128 0.909445
311 222 64 128 0.914882
312 222 64 128 0.890574
313 222 64 128 0.870608
314 222 64 128 0.859646
315 222 64 128 0.796808
316 222 64 128 0.703287
317 222 64 128 0.528969
318 222 64 128 0.36654
319 222 64 128 0.346204
155 223 64 128 0.0146466
156 223 64 128 0.0115709
157 223 64 128 0.0142728
158 223 64 128 0.0149117
159 223 64 128 0.0101207
160 223 64 128 0.0178792
161 223 64 128 0.0151031
162 223 64 128 0.0211106
163 223 64 128 0.0261825
164 223 64 128 0.0325905
165 223 64 128 0.0726195
166 223 64 128 0.101633
167 223 64 128 0.170711
168 223 64 128 0.293778
169 223 64 128 0.421457
170 223 64 128 0.532143
171 223 64 128 0.673022
172 223 64 128 0.742376
173 223 64 128 0.785202
174 223 64 128 0.859795
175 223 64 128 0.875144
176 223 64 128 0.873321
177 223 64 128 0.853673
178 223 64 128 0.845892
179 223 64 128 0.858414
180 223 64 128 0.83089
181 223 64 128 0.762881
182 223 64 128 0.637361
183 223 64 128 0.496169
184 223 64 128 0.368134
185 223 64 128 0.222652
186 223 64 128 0.121763
187 223 64 128 0.0698436
188 223 64 128 0.044104
189 223 64 128 0.0328431
190 223 64 128 0.0307572
191 223 64 128 0.0203152
192 223 64 128 0.023047
193 223 64 128 0.0253053
194 223 64 128 0.0201511
195 223 64 128 0.0380862
196 223 64 128 0.0325228
197 223 64 128 0.0391233
198 223 64 128 0.0481299
199 223 64 128 0.0354001
200 223 64 128 0.0340425
201 223 64 128 0.0238857
202 223 64 128 0.0178733
203 223 64 128 0.0235868
204 223 64 128 0.0286903
205 223 64 128 0.0255652
206 223 64 128 0.0241899
207 223 64 128 0.0201588
208 223 64 128 0.0145902
209 223 64 128 0.0117389
214 223 64 128 0.0113415
215 223 64 128 0.0119492
216 223 64 128 0.013119
217 223 64 128 0.0115738
291 223 64 128 0.010574
292 223 64 128 0.0154074
293 223 64 128 0.0225313
294 223 64 128 0.0393103
295 223 64 128 0.0690968
296 223 64 128 0.087149
297 223 64 128 0.113974
298 223 64 128 0.150098
299 223 64 128 0.203092
300 223 64 128 0.32347
301 223 64 128 0.39701
302 223 64 128 0.468778
303 223 64 128 0.562456
304 223 64 128 0.640782
305 223 64 128 0.739912
306 223 64 128 0.784558
307 223 64 128 0.798633
308 223 64 128 0.819682
309 223 64 128 0.84602
310 223 64 128 0.884612
311 223 64 128 0.894704
312 223 64 128 0.860403
313 223 64 128 0.829095
314 223 64 128 0.820468
315 223 64 128 0.751197
316 223 64 128 0.647356
317 223 64 128 0.479261
318 223 64 128 0.341319
319 223 64 128 0.337318
152 224 64 128 0.0116878
153 224 64 128 0.0122651
154 224 64 128 0.013636
155 224 64 128 0.0214067
156 224 64 128 0.0178547
157 224 64 128 0.0222604
158 224 64 128 0.0231827
159 224 64 128 0.0158136
160 224 64 128 0.0253138
161 224 64 128 0.0212886
162 224 64 128 0.0284133
163 224 64 128 0.0344049
164 224 64 128 0.0413646
165 224 64 128 0.0876935
166 224 64 128 0.112391
167 224 64 128 0.186635
168 224 64 128 0.309592
169 224 64 128 0.426625
170 224 64 128 0.546357
171 224 64 128 0.675427
172 224 64 128 0.729474
173 224 64 128 0.765521
174 224 64 128 0.837476
175 224 64 128 0.855455
176 224 64 128 0.850891
177 224 64 128 0.831919
178 224 64 128 0.819793
179 224 64 128 0.817863
180 224 64 128 0.782529
181 224 64 128 0.703942
182 224 64 128 0.572586
183 224 64 128 0.427654
184 224 64 128 0.30638
185 224 64 128 0.194278
186 224 64 128 0.100733
187 224 64 128 0.0527972
188 224 64 128 0.0354488
189 224 64 128 0.02414
190 224 64 128 0.0231366
191 224 64 128 0.0148399
192 224 64 128 0.0181872
193 224 64 128 0.0217333
194 224 64 128 0.0191291
195 224 64 128 0.03688
196 224 64 128 0.0332908
197 224 64 128 0.0428691
198 224 64 128 0.0541432
199 224 64 128 0.042578
200 224 64 128 0.0405151
201 224 64 128 0.0291196
202 224 64 128 0.0231695
203 224 64 128 0.0305628
204 224 64 128 0.0375832
205 224 64 128 0.0351711
206 224 64 128 0.0336065
207 224 64 128 0.0278924
208 224 64 128 0.0200121
209 224 64 128 0.0155691
210 224 64 128 0.0106426
213 224 64 128 0.011852
214 224 64 128 0.0146324
215 224 64 128 0.0156386
216 224 64 128 0.0166775
217 224 64 128 0.0145905
218 224 64 128 0.0113415
292 224 64 128 0.011781
293 224 64 128 0.0172632
294 224 64 128 0.028401
295 224 64 128 0.0466081
296 224 64 128 0.0645145
297 224 64 128 0.0865542
298 224 64 128 0.113797
299 224 64 128 0.161038
300 224 64 128 0.256226
301 224 64 128 0.327015
302 224 64 128 0.381736
303 224 64 128 0.459212
304 224 64 128 0.565948
305 224 64 128 0.678118
306 224 64 128 0.737141
307 224 64 128 0.760049
308 224 64 128 0.785456
309 224 64 128 0.823395
310 224 64 128 0.863676
311 224 64 128 0.876437
312 224 64 128 0.839087
313 224 64 128 0.802495
314 224 64 128 0.798059
315 224 64 128 0.729791
316 224 64 128 0.626202
317 224 64 128 0.477104
318 224 64 128 0.367008
319 224 64 128 0.371463
92 225 64 128 0.010468
93 225 64 128 0.0103373
145 225 64 128 0.0109848
146 225 64 128 0.0105953
150 225 64 128 0.0106872
151 225 64 128 0.0130926
152 225 64 128 0.0155657
153 225 64 128 0.0167465
154 225 64 128 0.0195656
155 225 64 128 0.026913
156 225 64 128 0.0254665
157 225 64 128 0.0325736
158 225 64 128 0.0340648
159 225 64 128 0.0245165
160 225 64 128 0.0311971
161 225 64 128 0.028744
162 225 64 128 0.0360687
163 225 64 128 0.0404263
164 225 64 128 0.0460414
165 225 64 128 0.0927927
166 225 64 128 0.128161
167 225 64 128 0.191589
168 225 64 128 0.299632
169 225 64 128 0.416992
170 225 64 128 0.523082
171 225 64 128 0.63642
172 225 64 128 0.676896
173 225 64 128 0.714121
174 225 64 128 0.791697
175 225 64 128 0.791682
176 225 64 128 0.787482
177 225 64 128 0.760659
178 225 64 128 0.734437
179 225 64 128 0.712123
180 225 64 128 0.627023
181 225 64 128 0.549194
182 225 64 128 0.426307
183 225 64 128 0.288123
184 225 64 128 0.198349
185 225 64 128 0.125042
186 225 64 128 0.064971
187 225 64 128 0.0349754
188 225 64 128 0.024501
189 225 64 128 0.0172619
190 225 64 128 0.0172801
191 225 64 128 0.0111533
192 225 64 128 0.0142044
193 225 64 128 0.0174683
194 225 64 128 0.0171821
195 225 64 128 0.03468
196 225 64 128 0.0314954
197 225 64 128 0.0429084
198 225 64 128 0.0552092
199 225 64 128 0.0436404
200 225 64 128 0.0425752
201 225 64 128 0.0297675
202 225 64 128 0.0239318
203 225 64 128 0.0319081
204 225 64 128 0.0388635
205 225 64 128 0.0401806
206 225 64 128 0.0391135
207 225 64 128 0.0328336
208 225 64 128 0.0236073
209 225 64 128 0.0166685
210 225 64 128 0.0119596
212 225 64 128 0.0104304
213 225 64 128 0.0125208
214 225 64 128 0.0142611
215 225 64 128 0.01556
216 225 64 128 0.0159318
217 225 64 128 0.0139327
218 225 64 128 0.0111611
223 225 64 128 0.0100333
292 225 64 128 0.013836
293 225 64 128 0.0209129
294 225 64 128 0.0359587
295 225 64 128 0.0557654
296 225 64 128 0.0786943
297 225 64 128 0.105853
298 225 64 128 0.139988
299 225 64 128 0.195876
300 225 64 128 0.28848
301 225 64 128 0.363033
302 225 64 128 0.422817
303 225 64 128 0.506282
304 225 64 128 0.62378
305 225 64 128 0.73482
306 225 64 128 0.791203
307 225 64 128 0.813853
308 225 64 128 0.837967
309 225 64 128 0.870445
310 225 64 128 0.900921
311 225 64 128 0.907681
312 225 64 128 0.882302
313 225 64 128 0.85498
314 225 64 128 0.843381
315 225 64 128 0.795487
316 225 64 128 0.700444
317 225 64 128 0.566614
318 225 64 128 0.464623
319 225 64 128 0.449002
92 226 64 128 0.0110555
93 226 64 128 0.0109387
95 226 64 128 0.010636
143 226 64 128 0.011635
144 226 64 128 0.0113986
145 226 64 128 0.0138433
146 226 64 128 0.013919
147 226 64 128 0.0124401
148 226 64 128 0.011219
149 226 64 128 0.0114956
150 226 64 128 0.0143074
151 226 64 128 0.0179728
152 226 64 128 0.021745
153 226 64 128 0.0240553
154 226 64 128 0.0289705
155 226 64 128 0.0391818
156 226 64 128 0.0382586
157 226 64 128 0.0519062
158 226 64 128 0.0561598
159 226 64 128 0.0406719
160 226 64 128 0.0473325
161 226 64 128 0.0425009
162 226 64 128 0.0500807
163 226 64 128 0.0551218
164 226 64 128 0.0577171
165 226 64 128 0.107389
166 226 64 128 0.158825
167 226 64 128 0.209693
168 226 64 128 0.302036
169 226 64 128 0.422585
170 226 64 128 0.508717
171 226 64 128 0.610427
172 226 64 128 0.646223
173 226 64 128 0.68357
174 226 64 128 0.758575
175 226 64 128 0.740452
176 226 64 128 0.735242
177 226 64 128 0.696384
178 226 64 128 0.646806
179 226 64 128 0.594596
180 226 64 128 0.460689
181 226 64 128 0.381427
182 226 64 128 0.271297
183 226 64 128 0.149899
184 226 64 128 0.0939628
185 226 64 128 0.0535933
186 226 64 128 0.0304543
187 226 64 128 0.0200409
188 226 64 128 0.0144132
189 226 64 128 0.0121113
190 226 64 128 0.013044
192 226 64 128 0.0115505
193 226 64 128 0.0140762
194 226 64 128 0.0155092
195 226 64 128 0.0327207
196 226 64 128 0.0310153
197 226 64 128 0.0439722
198 226 64 128 0.0562874
199 226 64 128 0.0446955
200 226 64 128 0.0445371
201 226 64 128 0.030689
202 226 64 128 0.0243773
203 226 64 128 0.031831
204 226 64 128 0.0378683
205 226 64 128 0.0418392
206 226 64 128 0.0431233
207 226 64 128 0.0370124
208 226 64 128 0.0260443
209 226 64 128 0.0174641
210 226 64 128 0.0131287
211 226 64 128 0.0102403
212 226 64 128 0.0109384
213 226 64 128 0.0132104
214 226 64 128 0.0138947
215 226 64 128 0.0149451
216 226 64 128 0.0147752
217 226 64 128 0.0130282
218 226 64 128 0.0107448
223 226 64 128 0.0108437
224 226 64 128 0.0103014
291 226 64 128 0.0121235
292 226 64 128 0.016477
293 226 64 128 0.0251539
294 226 64 128 0.0448966
295 226 64 128 0.0688542
296 226 64 128 0.0945975
297 226 64 128 0.125739
298 226 64 128 0.167154
299 226 64 128 0.230223
300 226 64 128 0.323201
301 226 64 128 0.399018
302 226 64 128 0.466412
303 226 64 128 0.559478
304 226 64 128 0.679647
305 226 64 128 0.784654
306 226 64 128 0.836609
307 226 64 128 0.861949
308 226 64 128 0.888677
309 226 64 128 0.915467
310 226 64 128 0.937214
311 226 64 128 0.93705
312 226 64 128 0.92497
313 226 64 128 0.910546
314 226 64 128 0.891104
315 226 64 128 0.859999
316 226 64 128 0.777447
317 226 64 128 0.655836
318 226 64 128 0.5535
319 226 64 128 0.518654
92 227 64 128 0.0105567
93 227 64 128 0.0102278
143 227 64 128 0.0119808
144 227 64 128 0.0123225
145 227 64 128 0.0156174
146 227 64 128 0.0161125
147 227 64 128 0.0151452
148 227 64 128 0.0138629
149 227 64 128 0.0144423
150 227 64 128 0.0197942
151 227 64 128 0.0244165
152 227 64 128 0.0321629
153 227 64 128 0.0367604
154 227 64 128 0.0446031
155 227 64 128 0.0664122
156 227 64 128 0.0616241
157 227 64 128 0.0878044
158 227 64 128 0.0979668
159 227 64 128 0.06903
160 227 64 128 0.0842938
161 227 64 128 0.0670462
162 227 64 128 0.0751782
163 227 64 128 0.0868657
164 227 64 128 0.0855458
165 227 64 128 0.148265
166 227 64 128 0.209426
167 227 64 128 0.260566
168 227 64 128 0.350256
169 227 64 128 0.467517
170 227 64 128 0.546746
171 227 64 128 0.647216
172 227 64 128 0.691509
173 227 64 128 0.719342
174 227 64 128 0.769052
175 227 64 128 0.753211
176 227 64 128 0.741131
177 227 64 128 0.691703
178 227 64 128 0.612866
179 227 64 128 0.520459
180 227 64 128 0.382411
181 227 64 128 0.287609
182 227 64 128 0.185579
183 227 64 128 0.0898474
184 227 64 128 0.0475533
185 227 64 128 0.0249361
186 227 64 128 0.0164137
187 227 64 128 0.0129069
190 227 64 128 0.0105006
192 227 64 128 0.0105316
193 227 64 128 0.0131197
194 227 64 128 0.0153513
195 227 64 128 0.0323243
196 227 64 128 0.0353875
197 227 64 128 0.0504604
198 227 64 128 0.0624924
199 227 64 128 0.0523257
200 227 64 128 0.0513475
201 227 64 128 0.0372462
202 227 64 128 0.0294045
203 227 64 128 0.0356657
204 227 64 128 0.0415463
205 227 64 128 0.0436248
206 227 64 128 0.049889
207 227 64 128 0.0439535
208 227 64 128 0.0292294
209 227 64 128 0.0209665
210 227 64 128 0.0157913
211 227 64 128 0.0126546
212 227 64 128 0.0134525
213 227 64 128 0.016227
214 227 64 128 0.0174495
215 227 64 128 0.0175019
216 227 64 128 0.0175796
217 227 64 128 0.0156676
218 227 64 128 0.0127486
219 227 64 128 0.0107428
222 227 64 128 0.0115634
223 227 64 128 0.012548
224 227 64 128 0.0113984
225 227 64 128 0.0101738
291 227 64 128 0.0106596
292 227 64 128 0.0141431
293 227 64 128 0.0210793
294 227 64 128 0.036975
295 227 64 128 0.0555409
296 227 64 128 0.0747684
297 227 64 128 0.0973805
298 227 64 128 0.130144
299 227 64 128 0.182682
300 227 64 128 0.25648
301 227 64 128 0.322133
302 227 64 128 0.378728
303 227 64 128 0.464556
304 227 64 128 0.591679
305 227 64 128 0.696625
306 227 64 128 0.758853
307 227 64 128 0.801287
308 227 64 128 0.84351
309 227 64 128 0.883087
310 227 64 128 0.909643
311 227 64 128 0.910147
312 227 64 128 0.898301
313 227 64 128 0.88786
314 227 64 128 0.871535
315 227 64 128 0.831288
316 227 64 128 0.759718
317 227 64 128 0.649342
318 227 64 128 0.552629
319 227 64 128 0.529237
143 228 64 128 0.0120574
144 228 64 128 0.0132437
145 228 64 128 0.0177783
146 228 64 128 0.0187545
147 228 64 128 0.0189364
148 228 64 128 0.0179723
149 228 64 128 0.019138
150 228 64 128 0.0287344
151 228 64 128 0.0344726
152 228 64 128 0.0475284
153 228 64 128 0.0569323
154 228 64 128 0.0704037
155 228 64 128 0.108341
156 228 64 128 0.104843
157 228 64 128 0.145773
158 228 64 128 0.159397
159 228 64 128 0.112462
160 228 64 128 0.133151
161 228 64 128 0.0991275
162 228 64 128 0.103169
163 228 64 128 0.11879
164 228 64 128 0.11492
165 228 64 128 0.192631
166 228 64 128 0.253812
167 228 64 128 0.310772
168 228 64 128 0.402525
169 228 64 128 0.508966
170 228 64 128 0.592118
171 228 64 128 0.691024
172 228 64 128 0.74429
173 228 64 128 0.762173
174 228 64 128 0.782549
175 228 64 128 0.776358
176 228 64 128 0.752734
177 228 64 128 0.694293
178 228 64 128 0.591816
179 228 64 128 0.467119
180 228 64 128 0.350735
181 228 64 128 0.24055
182 228 64 128 0.147375
183 228 64 128 0.079879
184 228 64 128 0.0400522
185 228 64 128 0.0246392
186 228 64 128 0.0156292
187 228 64 128 0.0108563
192 228 64 128 0.0104617
193 228 64 128 0.0135672
194 228 64 128 0.0163001
195 228 64 128 0.0344308
196 228 64 128 0.0417726
197 228 64 128 0.0585918
198 228 64 128 0.0720825
199 228 64 128 0.0656773
200 228 64 128 0.0644372
201 228 64 128 0.0497916
202 228 64 128 0.0400259
203 228 64 128 0.0463695
204 228 64 128 0.0545856
205 228 64 128 0.0551696
206 228 64 128 0.0669298
207 228 64 128 0.0599191
208 228 64 128 0.0387476
209 228 64 128 0.0286374
210 228 64 128 0.0207933
211 228 64 128 0.017245
212 228 64 128 0.018424
213 228 64 128 0.0217485
214 228 64 128 0.0237579
215 228 64 128 0.0232879
216 228 64 128 0.0242544
217 228 64 128 0.0215179
218 228 64 128 0.016674
219 228 64 128 0.0140947
220 228 64 128 0.0111043
221 228 64 128 0.0117709
222 228 64 128 0.0142815
223 228 64 128 0.0148431
224 228 64 128 0.0131449
225 228 64 128 0.0118664
226 228 64 128 0.0106075
293 228 64 128 0.0133184
294 228 64 128 0.0215217
295 228 64 128 0.0301393
296 228 64 128 0.0390137
297 228 64 128 0.0480466
298 228 64 128 0.0648011
299 228 64 128 0.0982115
300 228 64 128 0.144622
301 228 64 128 0.195783
302 228 64 128 0.234077
303 228 64 128 0.303674
304 228 64 128 0.435539
305 228 64 128 0.541627
306 228 64 128 0.620241
307 228 64 128 0.682818
308 228 64 128 0.744832
309 228 64 128 0.811051
310 228 64 128 0.852568
311 228 64 128 0.858927
312 228 64 128 0.838661
313 228 64 128 0.822427
314 228 64 128 0.812183
315 228 64 128 0.753518
316 228 64 128 0.682444
317 228 64 128 0.573809
318 228 64 128 0.48373
319 228 64 128 0.483159
142 229 64 128 0.0103854
143 229 64 128 0.0136568
144 229 64 128 0.0156021
145 229 64 128 0.0222128
146 229 64 128 0.0238895
147 229 64 128 0.0257115
148 229 64 128 0.0257458
149 229 64 128 0.0278942
150 229 64 128 0.0425267
151 229 64 128 0.050323
152 229 64 128 0.0684893
153 229 64 128 0.0864251
154 229 64 128 0.109922
155 229 64 128 0.162882
156 229 64 128 0.176288
157 229 64 128 0.229122
158 229 64 128 0.237786
159 229 64 128 0.173006
160 229 64 128 0.181999
161 229 64 128 0.134566
162 229 64 128 0.124493
163 229 64 128 0.130938
164 229 64 128 0.127688
165 229 64 128 0.211132
166 229 64 128 0.262392
167 229 64 128 0.318018
168 229 64 128 0.403092
169 229 64 128 0.492759
170 229 64 128 0.581966
171 229 64 128 0.665446
172 229 64 128 0.713058
173 229 64 128 0.73345
174 229 64 128 0.745732
175 229 64 128 0.735945
176 229 64 128 0.698602
177 229 64 128 0.63134
178 229 64 128 0.523029
179 229 64 128 0.39408
180 229 64 128 0.290095
181 229 64 128 0.184154
182 229 64 128 0.108811
183 229 64 128 0.0646724
184 229 64 128 0.0330261
185 229 64 128 0.0225391
186 229 64 128 0.0139712
192 229 64 128 0.010482
193 229 64 128 0.0138183
194 229 64 128 0.017527
195 229 64 128 0.0395423
196 229 64 128 0.0459333
197 229 64 128 0.0629719
198 229 64 128 0.081613
199 229 64 128 0.0816127
200 229 64 128 0.0835905
201 229 64 128 0.0667838
202 229 64 128 0.0557317
203 229 64 128 0.065507
204 229 64 128 0.0797433
205 229 64 128 0.0855714
206 229 64 128 0.100675
207 229 64 128 0.0902421
208 229 64 128 0.0599234
209 229 64 128 0.0411618
210 229 64 128 0.0286217
211 229 64 128 0.0236878
212 229 64 128 0.0256793
213 229 64 128 0.0292581
214 229 64 128 0.03041
215 229 64 128 0.0311882
216 229 64 128 0.0332621
217 229 64 128 0.0290157
218 229 64 128 0.0212083
219 229 64 128 0.0168912
220 229 64 128 0.0138784
221 229 64 128 0.0152475
222 229 64 128 0.0174659
223 229 64 128 0.0173038
224 229 64 128 0.0157567
225 229 64 128 0.0147465
226 229 64 128 0.0131576
294 229 64 128 0.0145203
295 229 64 128 0.0179239
296 229 64 128 0.0210917
297 229 64 128 0.0234577
298 229 64 128 0.0315502
299 229 64 128 0.0526035
300 229 64 128 0.0829953
301 229 64 128 0.125912
302 229 64 128 0.156811
303 229 64 128 0.215972
304 229 64 128 0.339185
305 229 64 128 0.438798
306 229 64 128 0.524753
307 229 64 128 0.594002
308 229 64 128 0.667407
309 229 64 128 0.762344
310 229 64 128 0.820867
311 229 64 128 0.832833
312 229 64 128 0.804938
313 229 64 128 0.776489
314 229 64 128 0.763354
315 229 64 128 0.702444
316 229 64 128 0.614047
317 229 64 128 0.489019
318 229 64 128 0.397464
319 229 64 128 0.400519
142 230 64 128 0.0118394
143 230 64 128 0.015617
144 230 64 128 0.0181274
145 230 64 128 0.0267242
146 230 64 128 0.0292664
147 230 64 128 0.0329133
148 230 64 128 0.0340637
149 230 64 128 0.0378302
150 230 64 128 0.0591534
151 230 64 128 0.070911
152 230 64 128 0.0984158
153 230 64 128 0.126615
154 230 64 128 0.160359
155 230 64 128 0.235135
156 230 64 128 0.266618
157 230 64 128 0.3284
158 230 64 128 0.331769
159 230 64 128 0.250745
160 230 64 128 0.245672
161 230 64 128 0.181879
162 230 64 128 0.152284
163 230 64 128 0.144219
164 230 64 128 0.138922
165 230 64 128 0.224296
166 230 64 128 0.259207
167 230 64 128 0.306355
168 230 64 128 0.378518
169 230 64 128 0.446977
170 230 64 128 0.539067
171 230 64 128 0.601085
172 230 64 128 0.638109
173 230 64 128 0.670144
174 230 64 128 0.687949
175 230 64 128 0.666163
176 230 64 128 0.611342
177 230 64 128 0.536705
178 230 64 128 0.436597
179 230 64 128 0.317502
180 230 64 128 0.212176
181 230 64 128 0.123724
182 230 64 128 0.0689155
183 230 64 128 0.0399475
184 230 64 128 0.0210853
185 230 64 128 0.0148081
192 230 64 128 0.010912
193 230 64 128 0.0143978
194 230 64 128 0.0190704
195 230 64 128 0.0455445
196 230 64 128 0.0488512
197 230 64 128 0.0663912
198 230 64 128 0.0915981
199 230 64 128 0.0976804
200 230 64 128 0.104233
201 230 64 128 0.0842088
202 230 64 128 0.073653
203 230 64 128 0.0893847
204 230 64 128 0.109766
205 230 64 128 0.123329
206 230 64 128 0.139966
207 230 64 128 0.125382
208 230 64 128 0.0862561
209 230 64 128 0.0568831
210 230 64 128 0.0388864
211 230 64 128 0.0315337
212 230 64 128 0.0340364
213 230 64 128 0.0380912
214 230 64 128 0.0381046
215 230 64 128 0.0400091
216 230 64 128 0.0428481
217 230 64 128 0.0372747
218 230 64 128 0.0266074
219 230 64 128 0.0201201
220 230 64 128 0.0175059
221 230 64 128 0.0199525
222 230 64 128 0.0224662
223 230 64 128 0.0221742
224 230 64 128 0.0208089
225 230 64 128 0.0198586
226 230 64 128 0.0176232
227 230 64 128 0.0130259
294 230 64 128 0.0144444
295 230 64 128 0.0173039
296 230 64 128 0.019427
297 230 64 128 0.021657
298 230 64 128 0.0283334
299 230 64 128 0.0440586
300 230 64 128 0.068354
301 230 64 128 0.106418
302 230 64 128 0.137408
303 230 64 128 0.189683
304 230 64 128 0.290517
305 230 64 128 0.374876
306 230 64 128 0.455694
307 230 64 128 0.518947
308 230 64 128 0.594825
309 230 64 128 0.710952
310 230 64 128 0.783112
311 230 64 128 0.798685
312 230 64 128 0.76555
313 230 64 128 0.725937
314 230 64 128 0.708036
315 230 64 128 0.656585
316 230 64 128 0.548558
317 230 64 128 0.407122
318 230 64 128 0.313415
319 230 64 128 0.306655
142 231 64 128 0.0116133
143 231 64 128 0.0155275
144 231 64 128 0.0184263
145 231 64 128 0.0274421
146 231 64 128 0.0308739
147 231 64 128 0.0361482
148 231 64 128 0.0376343
149 231 64 128 0.0439083
150 231 64 128 0.0749655
151 231 64 128 0.0934646
152 231 64 128 0.14082
153 231 64 128 0.177579
154 231 64 128 0.215369
155 231 64 128 0.331241
156 231 64 128 0.357755
157 231 64 128 0.427653
158 231 64 128 0.439006
159 231 64 128 0.343385
160 231 64 128 0.347944
161 231 64 128 0.253244
162 231 64 128 0.207764
163 231 64 128 0.195327
164 231 64 128 0.176818
165 231 64 128 0.272586
166 231 64 128 0.290134
167 231 64 128 0.327646
168 231 64 128 0.390333
169 231 64 128 0.435041
170 231 64 128 0.523606
171 231 64 128 0.575201
172 231 64 128 0.616931
173 231 64 128 0.658909
174 231 64 128 0.673413
175 231 64 128 0.647402
176 231 64 128 0.568488
177 231 64 128 0.490322
178 231 64 128 0.401312
179 231 64 128 0.277803
180 231 64 128 0.167897
181 231 64 128 0.0922452
182 231 64 128 0.0482335
183 231 64 128 0.0253119
184 231 64 128 0.0144474
185 231 64 128 0.0100696
192 231 64 128 0.0125188
193 231 64 128 0.016671
194 231 64 128 0.0212801
195 231 64 128 0.0491707
196 231 64 128 0.0536942
197 231 64 128 0.0749571
198 231 64 128 0.104029
199 231 64 128 0.11165
200 231 64 128 0.119847
201 231 64 128 0.0969827
202 231 64 128 0.0897231
203 231 64 128 0.111705
204 231 64 128 0.132896
205 231 64 128 0.14791
206 231 64 128 0.165894
207 231 64 128 0.149203
208 231 64 128 0.105892
209 231 64 128 0.072803
210 231 64 128 0.0505629
211 231 64 128 0.0401224
212 231 64 128 0.0417592
213 231 64 128 0.0473363
214 231 64 128 0.0486339
215 231 64 128 0.0483834
216 231 64 128 0.0510464
217 231 64 128 0.0455272
218 231 64 128 0.0336031
219 231 64 128 0.0258465
220 231 64 128 0.0226798
221 231 64 128 0.0260619
222 231 64 128 0.0311346
223 231 64 128 0.032417
224 231 64 128 0.0300676
225 231 64 128 0.0281362
226 231 64 128 0.0252078
227 231 64 128 0.0187255
228 231 64 128 0.0111686
294 231 64 128 0.0117559
295 231 64 128 0.0142969
296 231 64 128 0.0160716
297 231 64 128 0.0185412
298 231 64 128 0.0240259
299 231 64 128 0.0346805
300 231 64 128 0.0517016
301 231 64 128 0.0795647
302 231 64 128 0.104875
303 231 64 128 0.14402
304 231 64 128 0.21408
305 231 64 128 0.277257
306 231 64 128 0.343098
307 231 64 128 0.396775
308 231 64 128 0.471534
309 231 64 128 0.593525
310 231 64 128 0.672193
311 231 64 128 0.689469
312 231 64 128 0.65154
313 231 64 128 0.610648
314 231 64 128 0.601078
315 231 64 128 0.552821
316 231 64 128 0.447582
317 231 64 128 0.318503
318 231 64 128 0.236333
319 231 64 128 0.228434
142 232 64 128 0.0101346
143 232 64 128 0.0139222
144 232 64 128 0.0171362
145 232 64 128 0.0253214
146 232 64 128 0.0297785
147 232 64 128 0.0361353
148 232 64 128 0.0375579
149 232 64 128 0.0468179
150 232 64 128 0.0870626
151 232 64 128 0.113505
152 232 64 128 0.182133
153 232 64 128 0.224257
154 232 64 128 0.262678
155 232 64 128 0.421745
156 232 64 128 0.431468
157 232 64 128 0.50785
158 232 64 128 0.534129
159 232 64 128 0.42851
160 232 64 128 0.452329
161 232 64 128 0.323839
162 232 64 128 0.268148
163 232 64 128 0.258944
164 232 64 128 0.223354
165 232 64 128 0.330279
166 232 64 128 0.335612
167 232 64 128 0.364276
168 232 64 128 0.420301
169 232 64 128 0.446335
170 232 64 128 0.527423
171 232 64 128 0.578546
172 232 64 128 0.636415
173 232 64 128 0.682685
174 232 64 128 0.6825
175 232 64 128 0.659041
176 232 64 128 0.557102
177 232 64 128 0.479663
178 232 64 128 0.400449
179 232 64 128 0.263248
180 232 64 128 0.154483
181 232 64 128 0.0859069
182 232 64 128 0.0445137
183 232 64 128 0.0222782
184 232 64 128 0.0136364
190 232 64 128 0.010175
192 232 64 128 0.0141715
193 232 64 128 0.0190553
194 232 64 128 0.0228518
195 232 64 128 0.0491003
196 232 64 128 0.0581388
197 232 64 128 0.0845712
198 232 64 128 0.114139
199 232 64 128 0.119619
200 232 64 128 0.126835
201 232 64 128 0.102124
202 232 64 128 0.0993608
203 232 64 128 0.12597
204 232 64 128 0.143491
205 232 64 128 0.154709
206 232 64 128 0.172647
207 232 64 128 0.156031
208 232 64 128 0.113731
209 232 64 128 0.0832492
210 232 64 128 0.0597449
211 232 64 128 0.0466623
212 232 64 128 0.0462947
213 232 64 128 0.0535939
214 232 64 128 0.0575464
215 232 64 128 0.0530318
216 232 64 128 0.0543949
217 232 64 128 0.049942
218 232 64 128 0.0386918
219 232 64 128 0.0309041
220 232 64 128 0.0266416
221 232 64 128 0.030365
222 232 64 128 0.0388496
223 232 64 128 0.0424946
224 232 64 128 0.0384764
225 232 64 128 0.0352096
226 232 64 128 0.0319967
227 232 64 128 0.0240811
228 232 64 128 0.0143568
298 232 64 128 0.0121463
299 232 64 128 0.0171276
300 232 64 128 0.0247221
301 232 64 128 0.0387584
302 232 64 128 0.0525372
303 232 64 128 0.0745287
304 232 64 128 0.115199
305 232 64 128 0.15754
306 232 64 128 0.205338
307 232 64 128 0.251359
308 232 64 128 0.324448
309 232 64 128 0.439657
310 232 64 128 0.518617
311 232 64 128 0.536276
312 232 64 128 0.496695
313 232 64 128 0.463733
314 232 64 128 0.469128
315 232 64 128 0.417523
316 232 64 128 0.333103
317 232 64 128 0.238014
318 232 64 128 0.177874
319 232 64 128 0.177839
143 233 64 128 0.0134517
144 233 64 128 0.0170655
145 233 64 128 0.0247829
146 233 64 128 0.03068
147 233 64 128 0.0372762
148 233 64 128 0.0395291
149 233 64 128 0.0513671
150 233 64 128 0.0932278
151 233 64 128 0.1255
152 233 64 128 0.197072
153 233 64 128 0.241443
154 233 64 128 0.28643
155 233 64 128 0.452935
156 233 64 128 0.470481
157 233 64 128 0.548834
158 233 64 128 0.57647
159 233 64 128 0.470402
160 233 64 128 0.480655
161 233 64 128 0.343379
162 233 64 128 0.279989
163 233 64 128 0.26613
164 233 64 128 0.227927
165 233 64 128 0.325057
166 233 64 128 0.329714
167 233 64 128 0.349312
168 233 64 128 0.393526
169 233 64 128 0.417311
170 233 64 128 0.49342
171 233 64 128 0.539782
172 233 64 128 0.60399
173 233 64 128 0.650105
174 233 64 128 0.635868
175 233 64 128 0.608341
176 233 64 128 0.499451
177 233 64 128 0.425846
178 233 64 128 0.356026
179 233 64 128 0.22475
180 233 64 128 0.130195
181 233 64 128 0.074187
182 233 64 128 0.0389075
183 233 64 128 0.0190567
184 233 64 128 0.0120482
192 233 64 128 0.0134134
193 233 64 128 0.0179033
194 233 64 128 0.0213407
195 233 64 128 0.0454832
196 233 64 128 0.0559618
197 233 64 128 0.0838543
198 233 64 128 0.112418
199 233 64 128 0.116622
200 233 64 128 0.123836
201 233 64 128 0.0983107
202 233 64 128 0.0978023
203 233 64 128 0.125777
204 233 64 128 0.140584
205 233 64 128 0.150874
206 233 64 128 0.164227
207 233 64 128 0.14809
208 233 64 128 0.109819
209 233 64 128 0.0808746
210 233 64 128 0.0605749
211 233 64 128 0.0469156
212 233 64 128 0.0446097
213 233 64 128 0.0518048
214 233 64 128 0.0560476
215 233 64 128 0.0494444
216 233 64 128 0.0485425
217 233 64 128 0.0446753
218 233 64 128 0.0354705
219 233 64 128 0.028483
220 233 64 128 0.0242662
221 233 64 128 0.027358
222 233 64 128 0.036509
223 233 64 128 0.040948
224 233 64 128 0.0362636
225 233 64 128 0.0330669
226 233 64 128 0.0305391
227 233 64 128 0.02337
228 233 64 128 0.0141236
301 233 64 128 0.0148835
302 233 64 128 0.0208168
303 233 64 128 0.0325178
304 233 64 128 0.0577935
305 233 64 128 0.0881342
306 233 64 128 0.124338
307 233 64 128 0.167228
308 233 64 128 0.239272
309 233 64 128 0.345239
310 233 64 128 0.422474
311 233 64 128 0.440103
312 233 64 128 0.407905
313 233 64 128 0.384457
314 233 64 128 0.389739
315 233 64 128 0.340838
316 233 64 128 0.269901
317 233 64 128 0.197441
318 233 64 128 0.153934
319 233 64 128 0.155258
142 234 64 128 0.0103965
143 234 64 128 0.0144569
144 234 64 128 0.0184781
145 234 64 128 0.0264678
146 234 64 128 0.0339021
147 234 64 128 0.0402338
148 234 64 128 0.0443376
149 234 64 128 0.0579919
150 234 64 128 0.0945633
151 234 64 128 0.129686
152 234 64 128 0.188526
153 234 64 128 0.235351
154 234 64 128 0.293535
155 234 64 128 0.434072
156 234 64 128 0.486097
157 234 64 128 0.562183
158 234 64 128 0.576868
159 234 64 128 0.480195
160 234 64 128 0.445053
161 234 64 128 0.320573
162 234 64 128 0.249768
163 234 64 128 0.221359
164 234 64 128 0.192995
165 234 64 128 0.262314
166 234 64 128 0.275558
167 234 64 128 0.28742
168 234 64 128 0.316231
169 234 64 128 0.350586
170 234 64 128 0.424278
171 234 64 128 0.459138
172 234 64 128 0.515985
173 234 64 128 0.558303
174 234 64 128 0.534595
175 234 64 128 0.495498
176 234 64 128 0.396103
177 234 64 128 0.326331
178 234 64 128 0.262941
179 234 64 128 0.15796
180 234 64 128 0.0871276
181 234 64 128 0.0497089
182 234 64 128 0.0261558
183 234 64 128 0.0120604
192 234 64 128 0.0103104
193 234 64 128 0.0133174
194 234 64 128 0.0168794
195 234 64 128 0.0389145
196 234 64 128 0.0465458
197 234 64 128 0.0707995
198 234 64 128 0.0975006
199 234 64 128 0.102884
200 234 64 128 0.110959
201 234 64 128 0.0867596
202 234 64 128 0.0857
203 234 64 128 0.11114
204 234 64 128 0.125953
205 234 64 128 0.139257
206 234 64 128 0.145295
207 234 64 128 0.129736
208 234 64 128 0.0966992
209 234 64 128 0.0669795
210 234 64 128 0.0525513
211 234 64 128 0.0405427
212 234 64 128 0.0371889
213 234 64 128 0.0422797
214 234 64 128 0.0440496
215 234 64 128 0.0385107
216 234 64 128 0.0354002
217 234 64 128 0.0314192
218 234 64 128 0.0247161
219 234 64 128 0.0189649
220 234 64 128 0.0161611
221 234 64 128 0.0179389
222 234 64 128 0.0245457
223 234 64 128 0.0278057
224 234 64 128 0.0238794
225 234 64 128 0.0222475
226 234 64 128 0.0210955
227 234 64 128 0.0166094
228 234 64 128 0.0104112
301 234 64 128 0.0147525
302 234 64 128 0.0192853
303 234 64 128 0.0296271
304 234 64 128 0.0534004
305 234 64 128 0.0803173
306 234 64 128 0.112347
307 234 64 128 0.15417
308 234 64 128 0.223112
309 234 64 128 0.31957
310 234 64 128 0.392299
311 234 64 128 0.409478
312 234 64 128 0.391828
313 234 64 128 0.375614
314 234 64 128 0.365221
315 234 64 128 0.327192
316 234 64 128 0.257708
317 234 64 128 0.189658
318 234 64 128 0.153136
319 234 64 128 0.146935
142 235 64 128 0.010633
143 235 64 128 0.0146737
144 235 64 128 0.0187731
145 235 64 128 0.0267533
146 235 64 128 0.0348447
147 235 64 128 0.0414425
148 235 64 128 0.0472286
149 235 64 128 0.0621826
150 235 64 128 0.095786
151 235 64 128 0.132669
152 235 64 128 0.190656
153 235 64 128 0.246928
154 235 64 128 0.315902
155 235 64 128 0.444255
156 235 64 128 0.520843
157 235 64 128 0.594253
158 235 64 128 0.603114
159 235 64 128 0.520706
160 235 64 128 0.458002
161 235 64 128 0.329605
162 235 64 128 0.250646
163 235 64 128 0.211028
164 235 64 128 0.180267
165 235 64 128 0.234196
166 235 64 128 0.253459
167 235 64 128 0.263323
168 235 64 128 0.285341
169 235 64 128 0.322924
170 235 64 128 0.389677
171 235 64 128 0.417184
172 235 64 128 0.468664
173 235 64 128 0.503799
174 235 64 128 0.469854
175 235 64 128 0.424946
176 235 64 128 0.33551
177 235 64 128 0.264417
178 235 64 128 0.198083
179 235 64 128 0.10888
180 235 64 128 0.055782
181 235 64 128 0.0313917
182 235 64 128 0.0164711
194 235 64 128 0.0124786
195 235 64 128 0.0304532
196 235 64 128 0.0355836
197 235 64 128 0.0539803
198 235 64 128 0.0771871
199 235 64 128 0.0844097
200 235 64 128 0.0899269
201 235 64 128 0.0714526
202 235 64 128 0.069708
203 235 64 128 0.0892017
204 235 64 128 0.104313
205 235 64 128 0.117689
206 235 64 128 0.120978
207 235 64 128 0.107464
208 235 64 128 0.0795527
209 235 64 128 0.0524566
210 235 64 128 0.0411629
211 235 64 128 0.0315677
212 235 64 128 0.0284234
213 235 64 128 0.0313158
214 235 64 128 0.0312086
215 235 64 128 0.0271217
216 235 64 128 0.0238075
217 235 64 128 0.0202292
218 235 64 128 0.0152075
219 235 64 128 0.010767
221 235 64 128 0.010129
222 235 64 128 0.0140404
223 235 64 128 0.015942
224 235 64 128 0.0131837
225 235 64 128 0.0128285
226 235 64 128 0.0125378
227 235 64 128 0.0102353
300 235 64 128 0.0118348
301 235 64 128 0.0175539
302 235 64 128 0.0221294
303 235 64 128 0.0321271
304 235 64 128 0.0540821
305 235 64 128 0.0761884
306 235 64 128 0.102935
307 235 64 128 0.137816
308 235 64 128 0.194777
309 235 64 128 0.274651
310 235 64 128 0.333814
311 235 64 128 0.349105
312 235 64 128 0.342662
313 235 64 128 0.331902
314 235 64 128 0.313592
315 235 64 128 0.284815
316 235 64 128 0.223436
317 235 64 128 0.164282
318 235 64 128 0.134049
319 235 64 128 0.123973
143 236 64 128 0.0132168
144 236 64 128 0.0169438
145 236 64 128 0.0242021
146 236 64 128 0.0316827
147 236 64 128 0.0392139
148 236 64 128 0.0456679
149 236 64 128 0.0612073
150 236 64 128 0.0974328
151 236 64 128 0.135103
152 236 64 128 0.211455
153 236 64 128 0.282795
154 236 64 128 0.354955
155 236 64 128 0.502424
156 236 64 128 0.578229
157 236 64 128 0.652473
158 236 64 128 0.670213
159 236 64 128 0.599178
160 236 64 128 0.547036
161 236 64 128 0.387194
162 236 64 128 0.299585
163 236 64 128 0.258465
164 236 64 128 0.206722
165 236 64 128 0.267724
166 236 64 128 0.285442
167 236 64 128 0.299076
168 236 64 128 0.325313
169 236 64 128 0.350937
170 236 64 128 0.403781
171 236 64 128 0.430728
172 236 64 128 0.484538
173 236 64 128 0.511211
174 236 64 128 0.466506
175 236 64 128 0.427203
176 236 64 128 0.341055
177 236 64 128 0.265189
178 236 64 128 0.189646
179 236 64 128 0.0957774
180 236 64 128 0.0489566
181 236 64 128 0.0275022
182 236 64 128 0.0143871
195 236 64 128 0.0217602
196 236 64 128 0.0268715
197 236 64 128 0.0395791
198 236 64 128 0.057655
199 236 64 128 0.0657822
200 236 64 128 0.0650121
201 236 64 128 0.0556459
202 236 64 128 0.0546128
203 236 64 128 0.0666417
204 236 64 128 0.0805692
205 236 64 128 0.088984
206 236 64 128 0.0957058
207 236 64 128 0.0860891
208 236 64 128 0.063059
209 236 64 128 0.0433404
210 236 64 128 0.0308237
211 236 64 128 0.0233506
212 236 64 128 0.0214445
213 236 64 128 0.0232244
214 236 64 128 0.0234035
215 236 64 128 0.0196892
216 236 64 128 0.0184292
217 236 64 128 0.0161381
218 236 64 128 0.0115456
222 236 64 128 0.0107287
223 236 64 128 0.0121216
224 236 64 128 0.0102505
225 236 64 128 0.010072
301 236 64 128 0.0121761
302 236 64 128 0.0153599
303 236 64 128 0.0218711
304 236 64 128 0.0350913
305 236 64 128 0.0470892
306 236 64 128 0.0639354
307 236 64 128 0.0844239
308 236 64 128 0.120445
309 236 64 128 0.175821
310 236 64 128 0.21301
311 236 64 128 0.225142
312 236 64 128 0.221531
313 236 64 128 0.214539
314 236 64 128 0.205603
315 236 64 128 0.180519
316 236 64 128 0.140541
317 236 64 128 0.103744
318 236 64 128 0.0833871
319 236 64 128 0.0782164
143 237 64 128 0.011726
144 237 64 128 0.0148905
145 237 64 128 0.021391
146 237 64 128 0.0276448
147 237 64 128 0.035358
148 237 64 128 0.0413087
149 237 64 128 0.0557319
150 237 64 128 0.0927681
151 237 64 128 0.127194
152 237 64 128 0.212612
153 237 64 128 0.289392
154 237 64 128 0.359196
155 237 64 128 0.521252
156 237 64 128 0.594079
157 237 64 128 0.676407
158 237 64 128 0.700295
159 237 64 128 0.62581
160 237 64 128 0.589469
161 237 64 128 0.408653
162 237 64 128 0.314142
163 237 64 128 0.274813
164 237 64 128 0.209688
165 237 64 128 0.273885
166 237 64 128 0.289721
167 237 64 128 0.305391
168 237 64 128 0.331999
169 237 64 128 0.344599
170 237 64 128 0.382464
171 237 64 128 0.403396
172 237 64 128 0.454598
173 237 64 128 0.476764
174 237 64 128 0.431127
175 237 64 128 0.400598
176 237 64 128 0.320086
177 237 64 128 0.249284
178 237 64 128 0.17756
179 237 64 128 0.0863166
180 237 64 128 0.0466034
181 237 64 128 0.0262663
182 237 64 128 0.0136267
195 237 64 128 0.0154558
196 237 64 128 0.0204947
197 237 64 128 0.0288698
198 237 64 128 0.041578
199 237 64 128 0.0487189
200 237 64 128 0.0445967
201 237 64 128 0.0411452
202 237 64 128 0.0415647
203 237 64 128 0.0487495
204 237 64 128 0.0596847
205 237 64 128 0.064698
206 237 64 128 0.0727064
207 237 64 128 0.0674423
208 237 64 128 0.0508303
209 237 64 128 0.0367326
210 237 64 128 0.0236302
211 237 64 128 0.0177615
212 237 64 128 0.0169407
213 237 64 128 0.0184824
214 237 64 128 0.0193666
215 237 64 128 0.0159675
216 237 64 128 0.0163677
217 237 64 128 0.0150784
218 237 64 128 0.0106691
222 237 64 128 0.0105083
223 237 64 128 0.0118055
224 237 64 128 0.0105139
225 237 64 128 0.0103819
303 237 64 128 0.0106389
304 237 64 128 0.0155148
305 237 64 128 0.0191254
306 237 64 128 0.0271437
307 237 64 128 0.0352811
308 237 64 128 0.0529323
309 237 64 128 0.08578
310 237 64 128 0.105267
311 237 64 128 0.115184
312 237 64 128 0.11089
313 237 64 128 0.105012
314 237 64 128 0.107221
315 237 64 128 0.0871096
316 237 64 128 0.066383
317 237 64 128 0.0489359
318 237 64 128 0.0373868
319 237 64 128 0.0373777
143 238 64 128 0.0113618
144 238 64 128 0.0140432
145 238 64 128 0.0202534
146 238 64 128 0.0253621
147 238 64 128 0.0318679
148 238 64 128 0.0364713
149 238 64 128 0.0481063
150 238 64 128 0.0801253
151 238 64 128 0.106964
152 238 64 128 0.176922
153 238 64 128 0.242843
154 238 64 128 0.307969
155 238 64 128 0.458228
156 238 64 128 0.540905
157 238 64 128 0.637658
158 238 64 128 0.654623
159 238 64 128 0.559815
160 238 64 128 0.521411
161 238 64 128 0.351935
162 238 64 128 0.253829
163 238 64 128 0.214478
164 238 64 128 0.158345
165 238 64 128 0.206906
166 238 64 128 0.225233
167 238 64 128 0.237132
168 238 64 128 0.252604
169 238 64 128 0.261351
170 238 64 128 0.288617
171 238 64 128 0.29305
172 238 64 128 0.33078
173 238 64 128 0.354715
174 238 64 128 0.321334
175 238 64 128 0.295894
176 238 64 128 0.227653
177 238 64 128 0.176074
178 238 64 128 0.12816
179 238 64 128 0.061014
180 238 64 128 0.0355789
181 238 64 128 0.019904
182 238 64 128 0.010072
195 238 64 128 0.0130022
196 238 64 128 0.0163722
197 238 64 128 0.0224394
198 238 64 128 0.0310016
199 238 64 128 0.035419
200 238 64 128 0.0342957
201 238 64 128 0.0300571
202 238 64 128 0.0318552
203 238 64 128 0.0389175
204 238 64 128 0.0457753
205 238 64 128 0.0527907
206 238 64 128 0.0555114
207 238 64 128 0.0536317
208 238 64 128 0.0448842
209 238 64 128 0.030701
210 238 64 128 0.0204962
211 238 64 128 0.0156021
212 238 64 128 0.0149681
213 238 64 128 0.016752
214 238 64 128 0.0174861
215 238 64 128 0.0149874
216 238 64 128 0.0150407
217 238 64 128 0.0137446
223 238 64 128 0.01112
224 238 64 128 0.0101401
225 238 64 128 0.0105532
226 238 64 128 0.0100865
305 238 64 128 0.0115012
306 238 64 128 0.015887
307 238 64 128 0.0200504
308 238 64 128 0.0298483
309 238 64 128 0.0497952
310 238 64 128 0.0638877
311 238 64 128 0.0737879
312 238 64 128 0.0693741
313 238 64 128 0.0620011
314 238 64 128 0.0660148
315 238 64 128 0.0553945
316 238 64 128 0.041026
317 238 64 128 0.0286988
318 238 64 128 0.0213269
319 238 64 128 0.0209407
143 239 64 128 0.0114533
144 239 64 128 0.0139316
145 239 64 128 0.0201151
146 239 64 128 0.0247218
147 239 64 128 0.0303589
148 239 64 128 0.0341658
149 239 64 128 0.0441502
150 239 64 128 0.0725093
151 239 64 128 0.0948885
152 239 64 128 0.152146
153 239 64 128 0.209448
154 239 64 128 0.271991
155 239 64 128 0.410707
156 239 64 128 0.501051
157 239 64 128 0.605851
158 239 64 128 0.616605
159 239 64 128 0.508744
160 239 64 128 0.465076
161 239 64 128 0.308141
162 239 64 128 0.209066
163 239 64 128 0.169192
164 239 64 128 0.122268
165 239 64 128 0.15922
166 239 64 128 0.179741
167 239 64 128 0.188569
168 239 64 128 0.196244
169 239 64 128 0.205341
170 239 64 128 0.228677
171 239 64 128 0.223076
172 239 64 128 0.252093
173 239 64 128 0.278207
174 239 64 128 0.253373
175 239 64 128 0.229378
176 239 64 128 0.168377
177 239 64 128 0.128842
178 239 64 128 0.0963941
179 239 64 128 0.0453496
180 239 64 128 0.0282628
181 239 64 128 0.0156515
195 239 64 128 0.0126779
196 239 64 128 0.0148948
197 239 64 128 0.0203107
198 239 64 128 0.0272159
199 239 64 128 0.0300031
200 239 64 128 0.0316819
201 239 64 128 0.0256057
202 239 64 128 0.0280135
203 239 64 128 0.0360423
204 239 64 128 0.040783
205 239 64 128 0.0499505
206 239 64 128 0.0487203
207 239 64 128 0.0481927
208 239 64 128 0.0434323
209 239 64 128 0.0279323
210 239 64 128 0.0198798
211 239 64 128 0.0153116
212 239 64 128 0.0145609
213 239 64 128 0.0165458
214 239 64 128 0.0169992
215 239 64 128 0.015061
216 239 64 128 0.014496
217 239 64 128 0.0129704
223 239 64 128 0.010615
225 239 64 128 0.0105164
226 239 64 128 0.0102472
304 239 64 128 0.0104787
305 239 64 128 0.0126128
306 239 64 128 0.0164693
307 239 64 128 0.0206554
308 239 64 128 0.029136
309 239 64 128 0.0452051
310 239 64 128 0.0595035
311 239 64 128 0.0698801
312 239 64 128 0.065639
313 239 64 128 0.0570316
314 239 64 128 0.0596737
315 239 64 128 0.0545255
316 239 64 128 0.0402085
317 239 64 128 0.0270645
318 239 64 128 0.0206085
319 239 64 128 0.0187515
