251 16 98 196 0.0100505
250 17 98 196 0.0100675
251 17 98 196 0.0104423
252 17 98 196 0.0103107
250 18 98 196 0.0104858
251 18 98 196 0.0108327
252 18 98 196 0.0106254
249 19 98 196 0.0100051
250 19 98 196 0.0108842
251 19 98 196 0.0112154
252 19 98 196 0.0109321
249 20 98 196 0.0103246
250 20 98 196 0.0112526
251 20 98 196 0.0115764
252 20 98 196 0.0112172
253 20 98 196 0.0101202
249 21 98 196 0.0106038
250 21 98 196 0.011581
251 21 98 196 0.0119009
252 21 98 196 0.0114661
253 21 98 196 0.0102219
249 22 98 196 0.0108358
250 22 98 196 0.0118591
251 22 98 196 0.0121738
252 22 98 196 0.0116644
253 22 98 196 0.0102764
249 23 98 196 0.0110138
250 23 98 196 0.0120768
251 23 98 196 0.0123804
252 23 98 196 0.0117974
253 23 98 196 0.010279
249 24 98 196 0.0111309
250 24 98 196 0.0122238
251 24 98 196 0.0125057
252 24 98 196 0.0118506
253 24 98 196 0.0102252
249 25 98 196 0.0111803
250 25 98 196 0.01229
251 25 98 196 0.0125349
252 25 98 196 0.0118095
253 25 98 196 0.0101106
249 26 98 196 0.0111551
250 26 98 196 0.0122651
251 26 98 196 0.0124529
252 26 98 196 0.0116594
249 27 98 196 0.0110488
250 27 98 196 0.0121396
251 27 98 196 0.0122457
252 27 98 196 0.0113866
249 28 98 196 0.0108651
250 28 98 196 0.0119175
251 28 98 196 0.0119204
252 28 98 196 0.0110007
249 29 98 196 0.0106195
250 29 98 196 0.0116192
251 29 98 196 0.0115087
252 29 98 196 0.0105379
249 30 98 196 0.0103282
250 30 98 196 0.0112659
251 30 98 196 0.0110439
252 30 98 196 0.0100361
249 31 98 196 0.0100074
250 31 98 196 0.010879
251 31 98 196 0.010559
250 32 98 196 0.0104796
251 32 98 196 0.0100872
250 33 98 196 0.0100889
251 41 98 196 0.0100009
252 41 98 196 0.0102894
251 42 98 196 0.0102704
252 42 98 196 0.0106871
251 43 98 196 0.0104875
252 43 98 196 0.0109756
251 44 98 196 0.0106203
252 44 98 196 0.0111075
251 45 98 196 0.0106402
252 45 98 196 0.0110414
251 46 98 196 0.0105511
252 46 98 196 0.0107889
251 47 98 196 0.0103741
252 47 98 196 0.0103898
251 48 98 196 0.0101303
241 0 85 170 0.011507
242 0 85 170 0.0144581
243 0 85 170 0.0166907
244 0 85 170 0.0164891
245 0 85 170 0.012372
241 1 85 170 0.0111723
242 1 85 170 0.0139314
243 1 85 170 0.0161205
244 1 85 170 0.0160503
245 1 85 170 0.0120839
241 2 85 170 0.0103637
242 2 85 170 0.0126517
243 2 85 170 0.0147313
244 2 85 170 0.0149778
245 2 85 170 0.0113751
242 3 85 170 0.0110695
243 3 85 170 0.0130044
244 3 85 170 0.0136369
245 3 85 170 0.0104789
243 4 85 170 0.0114216
244 4 85 170 0.0123933
243 5 85 170 0.0104604
244 5 85 170 0.0116093
243 6 85 170 0.0103272
244 6 85 170 0.0114365
243 7 85 170 0.0107845
244 7 85 170 0.0116814
242 8 85 170 0.0100824
243 8 85 170 0.011554
244 8 85 170 0.0121188
242 9 85 170 0.0109487
243 9 85 170 0.0123573
244 9 85 170 0.0125235
242 10 85 170 0.0116177
243 10 85 170 0.0129367
244 10 85 170 0.0126902
242 11 85 170 0.0120877
243 11 85 170 0.0133094
244 11 85 170 0.01268
241 12 85 170 0.0100662
242 12 85 170 0.012529
243 12 85 170 0.0136898
244 12 85 170 0.0127448
241 13 85 170 0.0103064
242 13 85 170 0.0131159
243 13 85 170 0.0142968
244 13 85 170 0.0131407
245 13 85 170 0.0103395
241 14 85 170 0.0108669
242 14 85 170 0.0140227
243 14 85 170 0.0153489
244 14 85 170 0.014124
245 14 85 170 0.0112968
241 15 85 170 0.0118583
242 15 85 170 0.0153568
243 15 85 170 0.0169801
244 15 85 170 0.0158522
245 15 85 170 0.0128145
240 16 85 170 0.0101769
241 16 85 170 0.0130985
242 16 85 170 0.0169079
243 16 85 170 0.0189186
244 16 85 170 0.0180137
245 16 85 170 0.0146669
246 16 85 170 0.0102355
240 17 85 170 0.0112064
241 17 85 170 0.0143181
242 17 85 170 0.018371
243 17 85 170 0.0207722
244 17 85 170 0.0201568
245 17 85 170 0.0165303
246 17 85 170 0.0114444
240 18 85 170 0.0120103
241 18 85 170 0.015248
242 18 85 170 0.0194407
243 18 85 170 0.0221485
244 18 85 170 0.0218296
245 18 85 170 0.0180814
246 18 85 170 0.0125413
239 19 85 170 0.0100189
240 19 85 170 0.012353
241 19 85 170 0.0156204
242 19 85 170 0.0198138
243 19 85 170 0.0226574
244 19 85 170 0.0225832
245 19 85 170 0.0189986
246 19 85 170 0.0134122
240 20 85 170 0.0121527
241 20 85 170 0.0153476
242 20 85 170 0.0193908
243 20 85 170 0.0221721
244 20 85 170 0.0222722
245 20 85 170 0.0191725
246 20 85 170 0.014011
240 21 85 170 0.011622
241 21 85 170 0.0146869
242 21 85 170 0.0184629
243 21 85 170 0.0210705
244 21 85 170 0.0213341
245 21 85 170 0.0189006
246 21 85 170 0.0144208
240 22 85 170 0.0110068
241 22 85 170 0.0139345
242 22 85 170 0.0173657
243 22 85 170 0.0197876
244 22 85 170 0.020272
245 22 85 170 0.0185263
246 22 85 170 0.0147391
240 23 85 170 0.0105531
241 23 85 170 0.0133868
242 23 85 170 0.0164347
243 23 85 170 0.0187582
244 23 85 170 0.019589
245 23 85 170 0.0183929
246 23 85 170 0.0150639
247 23 85 170 0.0100211
240 24 85 170 0.0104929
241 24 85 170 0.0133244
242 24 85 170 0.0159916
243 24 85 170 0.0183974
244 24 85 170 0.0197601
245 24 85 170 0.0188252
246 24 85 170 0.0154908
247 24 85 170 0.0104972
240 25 85 170 0.0108238
241 25 85 170 0.0137625
242 25 85 170 0.0161256
243 25 85 170 0.0187801
244 25 85 170 0.0207814
245 25 85 170 0.0198302
246 25 85 170 0.0160808
247 25 85 170 0.0110408
240 26 85 170 0.0113471
241 26 85 170 0.0144943
242 26 85 170 0.0167316
243 26 85 170 0.019697
244 26 85 170 0.0222487
245 26 85 170 0.0211495
246 26 85 170 0.0168658
247 26 85 170 0.0116948
240 27 85 170 0.0118582
241 27 85 170 0.0153062
242 27 85 170 0.0176982
243 27 85 170 0.0209301
244 27 85 170 0.0237456
245 27 85 170 0.0225165
246 27 85 170 0.0178767
247 27 85 170 0.0125024
240 28 85 170 0.0121523
241 28 85 170 0.0159846
242 28 85 170 0.0189144
243 28 85 170 0.0222616
244 28 85 170 0.0248557
245 28 85 170 0.0236646
246 28 85 170 0.0191447
247 28 85 170 0.0135068
240 29 85 170 0.0120803
241 29 85 170 0.0163724
242 29 85 170 0.020295
243 29 85 170 0.0235361
244 29 85 170 0.0252941
245 29 85 170 0.0244258
246 29 85 170 0.0207161
247 29 85 170 0.014755
240 30 85 170 0.0118096
241 30 85 170 0.0166346
242 30 85 170 0.0219033
243 30 85 170 0.0249564
244 30 85 170 0.0255274
245 30 85 170 0.0251948
246 30 85 170 0.0227254
247 30 85 170 0.016316
240 31 85 170 0.0116199
241 31 85 170 0.0170505
242 31 85 170 0.0238554
243 31 85 170 0.026852
244 31 85 170 0.0262882
245 31 85 170 0.0265661
246 31 85 170 0.0253382
247 31 85 170 0.0182664
240 32 85 170 0.0117909
241 32 85 170 0.0178996
242 32 85 170 0.0262674
243 32 85 170 0.0295527
244 32 85 170 0.0283097
245 32 85 170 0.0291341
246 32 85 170 0.0287203
247 32 85 170 0.0206829
248 32 85 170 0.0106229
240 33 85 170 0.0126014
241 33 85 170 0.0194601
242 33 85 170 0.0292544
243 33 85 170 0.0333866
244 33 85 170 0.0323222
245 33 85 170 0.0334912
246 33 85 170 0.033036
247 33 85 170 0.0236414
248 33 85 170 0.0119332
239 34 85 170 0.0108638
240 34 85 170 0.014116
241 34 85 170 0.0217635
242 34 85 170 0.0327272
243 34 85 170 0.0383316
244 34 85 170 0.0384802
245 34 85 170 0.039731
246 34 85 170 0.0382016
247 34 85 170 0.0270609
248 34 85 170 0.0136817
239 35 85 170 0.0119134
240 35 85 170 0.0159161
241 35 85 170 0.0242852
242 35 85 170 0.0361349
243 35 85 170 0.0435749
244 35 85 170 0.0456382
245 35 85 170 0.0468225
246 35 85 170 0.0435727
247 35 85 170 0.030506
248 35 85 170 0.0155422
239 36 85 170 0.012769
240 36 85 170 0.0175168
241 36 85 170 0.0264238
242 36 85 170 0.0388635
243 36 85 170 0.0481956
244 36 85 170 0.0524725
245 36 85 170 0.0535809
246 36 85 170 0.0484284
247 36 85 170 0.033493
248 36 85 170 0.017143
239 37 85 170 0.0131928
240 37 85 170 0.0184332
241 37 85 170 0.0275783
242 37 85 170 0.0402991
243 37 85 170 0.0512728
244 37 85 170 0.0576597
245 37 85 170 0.0588209
246 37 85 170 0.0520475
247 37 85 170 0.035538
248 37 85 170 0.0181126
239 38 85 170 0.0129583
240 38 85 170 0.0182027
241 38 85 170 0.0271764
242 38 85 170 0.0398588
243 38 85 170 0.051929
244 38 85 170 0.0599336
245 38 85 170 0.0614084
246 38 85 170 0.0537418
247 38 85 170 0.0361818
248 38 85 170 0.0180998
239 39 85 170 0.0120963
240 39 85 170 0.0168537
241 39 85 170 0.0252759
242 39 85 170 0.0376482
243 39 85 170 0.0502409
244 39 85 170 0.0592912
245 39 85 170 0.0613268
246 39 85 170 0.0535452
247 39 85 170 0.0355096
248 39 85 170 0.0172017
239 40 85 170 0.0108884
240 40 85 170 0.0148929
241 40 85 170 0.0225495
242 40 85 170 0.0344431
243 40 85 170 0.0472156
244 40 85 170 0.0569607
245 40 85 170 0.0596488
246 40 85 170 0.0521954
247 40 85 170 0.0341369
248 40 85 170 0.0159522
240 41 85 170 0.012847
241 41 85 170 0.0196954
242 41 85 170 0.0310476
243 41 85 170 0.0438985
244 41 85 170 0.0542214
245 41 85 170 0.0574926
246 41 85 170 0.0504593
247 41 85 170 0.0327013
248 41 85 170 0.0149035
240 42 85 170 0.0112426
241 42 85 170 0.0174117
242 42 85 170 0.0282655
243 42 85 170 0.0413354
244 42 85 170 0.0523525
245 42 85 170 0.0559761
246 42 85 170 0.0491038
247 42 85 170 0.0318402
248 42 85 170 0.0146078
240 43 85 170 0.0105246
241 43 85 170 0.016291
242 43 85 170 0.0267814
243 43 85 170 0.0404068
244 43 85 170 0.0524214
245 43 85 170 0.0560371
246 43 85 170 0.0487803
247 43 85 170 0.0320862
248 43 85 170 0.015513
240 44 85 170 0.0105779
241 44 85 170 0.0162042
242 44 85 170 0.0264618
243 44 85 170 0.0408628
244 44 85 170 0.0540429
245 44 85 170 0.0573782
246 44 85 170 0.0493493
247 44 85 170 0.0332504
248 44 85 170 0.0173536
240 45 85 170 0.0110521
241 45 85 170 0.0167189
242 45 85 170 0.0268303
243 45 85 170 0.0419792
244 45 85 170 0.0562225
245 45 85 170 0.0591836
246 45 85 170 0.0503397
247 45 85 170 0.034842
248 45 85 170 0.0195646
240 46 85 170 0.0115963
241 46 85 170 0.017402
242 46 85 170 0.0274091
243 46 85 170 0.04303
244 46 85 170 0.0579636
245 46 85 170 0.0606358
246 46 85 170 0.0512788
247 46 85 170 0.0363686
248 46 85 170 0.0215801
249 46 85 170 0.0111041
240 47 85 170 0.0118598
241 47 85 170 0.0178203
242 47 85 170 0.0277208
243 47 85 170 0.0432898
244 47 85 170 0.0582703
245 47 85 170 0.0609181
246 47 85 170 0.0516946
247 47 85 170 0.0373387
248 47 85 170 0.0228346
249 47 85 170 0.0118152
240 48 85 170 0.0116226
241 48 85 170 0.0176873
242 48 85 170 0.0274444
243 48 85 170 0.0423255
244 48 85 170 0.0566011
245 48 85 170 0.0595955
246 48 85 170 0.0513252
247 48 85 170 0.0374691
248 48 85 170 0.0230046
249 48 85 170 0.0118583
240 49 85 170 0.0110141
241 49 85 170 0.0171072
242 49 85 170 0.0266759
243 49 85 170 0.040483
244 49 85 170 0.0536249
245 49 85 170 0.0572516
246 49 85 170 0.050469
247 49 85 170 0.0370327
248 49 85 170 0.0224124
249 49 85 170 0.0114262
240 50 85 170 0.0102211
241 50 85 170 0.0162485
242 50 85 170 0.0255801
243 50 85 170 0.0382365
244 50 85 170 0.0502106
245 50 85 170 0.0546378
246 50 85 170 0.0495166
247 50 85 170 0.0363943
248 50 85 170 0.0214867
249 50 85 170 0.0107741
241 51 85 170 0.0152798
242 51 85 170 0.0243216
243 51 85 170 0.0360603
244 51 85 170 0.047227
245 51 85 170 0.0525057
246 51 85 170 0.0488588
247 51 85 170 0.0359187
248 51 85 170 0.0206564
249 51 85 170 0.0101574
241 52 85 170 0.0143654
242 52 85 170 0.0230612
243 52 85 170 0.0344148
244 52 85 170 0.0455162
245 52 85 170 0.051581
246 52 85 170 0.0488699
247 52 85 170 0.0359568
248 52 85 170 0.0203372
241 53 85 170 0.0135517
242 53 85 170 0.0218337
243 53 85 170 0.033352
244 53 85 170 0.0451398
245 53 85 170 0.0518406
246 53 85 170 0.0494409
247 53 85 170 0.0364562
248 53 85 170 0.0205699
241 54 85 170 0.0127502
242 54 85 170 0.0205318
243 54 85 170 0.0324598
244 54 85 170 0.0452726
245 54 85 170 0.05241
246 54 85 170 0.0499136
247 54 85 170 0.036906
248 54 85 170 0.0209687
241 55 85 170 0.0118655
242 55 85 170 0.0190403
243 55 85 170 0.0313009
244 55 85 170 0.0450411
245 55 85 170 0.0523683
246 55 85 170 0.0496002
247 55 85 170 0.0367704
248 55 85 170 0.0211246
249 55 85 170 0.0100384
241 56 85 170 0.010802
242 56 85 170 0.017244
243 56 85 170 0.0294381
244 56 85 170 0.0435718
245 56 85 170 0.050795
246 56 85 170 0.0478128
247 56 85 170 0.0355137
248 56 85 170 0.0206288
242 57 85 170 0.0150557
243 57 85 170 0.0265074
244 57 85 170 0.0401241
245 57 85 170 0.0469155
246 57 85 170 0.0439845
247 57 85 170 0.0326935
248 57 85 170 0.0191363
242 58 85 170 0.0126197
243 58 85 170 0.0227529
244 58 85 170 0.0350567
245 58 85 170 0.0411681
246 58 85 170 0.0385526
247 58 85 170 0.0286414
248 58 85 170 0.0168314
242 59 85 170 0.010195
243 59 85 170 0.0187196
244 59 85 170 0.0292722
245 59 85 170 0.0345905
246 59 85 170 0.0324507
247 59 85 170 0.0240716
248 59 85 170 0.0141606
243 60 85 170 0.0149543
244 60 85 170 0.023677
245 60 85 170 0.0282245
246 60 85 170 0.026616
247 60 85 170 0.019701
248 60 85 170 0.011572
243 61 85 170 0.0120039
244 61 85 170 0.0191774
245 61 85 170 0.0231121
246 61 85 170 0.0219856
247 61 85 170 0.0162465
243 62 85 170 0.0102158
244 62 85 170 0.0163661
245 62 85 170 0.0199317
246 62 85 170 0.0191611
247 62 85 170 0.0141691
244 63 85 170 0.0148431
245 63 85 170 0.0182113
246 63 85 170 0.0176816
247 63 85 170 0.0131189
244 64 85 170 0.0140122
245 64 85 170 0.0172519
246 64 85 170 0.0168769
247 64 85 170 0.0125865
244 65 85 170 0.0132776
245 65 85 170 0.0163545
246 65 85 170 0.0160764
247 65 85 170 0.0120621
244 66 85 170 0.0120526
245 66 85 170 0.0148314
246 66 85 170 0.014621
247 66 85 170 0.0110445
244 67 85 170 0.0101417
245 67 85 170 0.0124623
246 67 85 170 0.0123065
216 6 64 128 0.0105906
217 6 64 128 0.011903
218 6 64 128 0.0105627
216 7 64 128 0.0114251
217 7 64 128 0.0128719
218 7 64 128 0.0116119
216 8 64 128 0.0113176
217 8 64 128 0.0125256
218 8 64 128 0.0111067
271 8 64 128 0.0105028
272 8 64 128 0.0106148
216 9 64 128 0.0111729
217 9 64 128 0.0121895
218 9 64 128 0.010611
270 9 64 128 0.0134343
271 9 64 128 0.0146449
272 9 64 128 0.0139084
273 9 64 128 0.0125214
216 10 64 128 0.0113272
217 10 64 128 0.0123564
218 10 64 128 0.010788
269 10 64 128 0.0123632
270 10 64 128 0.0192192
271 10 64 128 0.0198358
272 10 64 128 0.0179279
273 10 64 128 0.0159924
274 10 64 128 0.011309
216 11 64 128 0.0113013
217 11 64 128 0.012328
218 11 64 128 0.0110066
269 11 64 128 0.0144146
270 11 64 128 0.0217691
271 11 64 128 0.0221917
272 11 64 128 0.0197232
273 11 64 128 0.0172565
274 11 64 128 0.0122787
216 12 64 128 0.0109887
217 12 64 128 0.0119709
218 12 64 128 0.0111513
219 12 64 128 0.0109439
269 12 64 128 0.0154006
270 12 64 128 0.0204206
271 12 64 128 0.0209559
272 12 64 128 0.0187715
273 12 64 128 0.016076
274 12 64 128 0.0123407
216 13 64 128 0.011157
217 13 64 128 0.0124672
218 13 64 128 0.0123381
219 13 64 128 0.0129128
225 13 64 128 0.0139325
226 13 64 128 0.0180446
227 13 64 128 0.0189125
228 13 64 128 0.0149097
269 13 64 128 0.0181167
270 13 64 128 0.022762
271 13 64 128 0.0221477
272 13 64 128 0.0198053
273 13 64 128 0.0177879
274 13 64 128 0.0141441
216 14 64 128 0.0124629
217 14 64 128 0.0147053
218 14 64 128 0.0153782
219 14 64 128 0.0159557
220 14 64 128 0.012154
221 14 64 128 0.0116769
222 14 64 128 0.013048
223 14 64 128 0.0152881
224 14 64 128 0.0212258
225 14 64 128 0.0312297
226 14 64 128 0.0412158
227 14 64 128 0.0451636
228 14 64 128 0.0374517
229 14 64 128 0.0229126
230 14 64 128 0.0148965
268 14 64 128 0.0113477
269 14 64 128 0.0244635
270 14 64 128 0.0336713
271 14 64 128 0.0299971
272 14 64 128 0.0260409
273 14 64 128 0.0254302
274 14 64 128 0.0191185
215 15 64 128 0.0104451
216 15 64 128 0.0148832
217 15 64 128 0.01815
218 15 64 128 0.0196566
219 15 64 128 0.0201308
220 15 64 128 0.0166521
221 15 64 128 0.0171518
222 15 64 128 0.0194439
223 15 64 128 0.0249463
224 15 64 128 0.0382783
225 15 64 128 0.0572728
226 15 64 128 0.0772051
227 15 64 128 0.0841025
228 15 64 128 0.0692256
229 15 64 128 0.0430854
230 15 64 128 0.0258406
231 15 64 128 0.0115343
268 15 64 128 0.0148526
269 15 64 128 0.032434
270 15 64 128 0.0463734
271 15 64 128 0.0405371
272 15 64 128 0.0339345
273 15 64 128 0.0326995
274 15 64 128 0.0238643
275 15 64 128 0.0107348
214 16 64 128 0.0111125
215 16 64 128 0.0130123
216 16 64 128 0.0182163
217 16 64 128 0.0221615
218 16 64 128 0.0244475
219 16 64 128 0.025345
220 16 64 128 0.0213798
221 16 64 128 0.0216799
222 16 64 128 0.0229096
223 16 64 128 0.0330473
224 16 64 128 0.0602071
225 16 64 128 0.0931335
226 16 64 128 0.127065
227 16 64 128 0.134936
228 16 64 128 0.109008
229 16 64 128 0.0698665
230 16 64 128 0.0379785
231 16 64 128 0.0157899
268 16 64 128 0.0176717
269 16 64 128 0.0396077
270 16 64 128 0.053811
271 16 64 128 0.0490916
272 16 64 128 0.0395098
273 16 64 128 0.0335533
274 16 64 128 0.025017
275 16 64 128 0.0119312
212 17 64 128 0.0102901
213 17 64 128 0.0116215
214 17 64 128 0.0133484
215 17 64 128 0.0160217
216 17 64 128 0.0220337
217 17 64 128 0.0269664
218 17 64 128 0.0298625
219 17 64 128 0.0310506
220 17 64 128 0.0283061
221 17 64 128 0.029006
222 17 64 128 0.0311279
223 17 64 128 0.0489341
224 17 64 128 0.0952454
225 17 64 128 0.153097
226 17 64 128 0.202435
227 17 64 128 0.211978
228 17 64 128 0.176815
229 17 64 128 0.119874
230 17 64 128 0.0647814
231 17 64 128 0.0268161
232 17 64 128 0.0118924
267 17 64 128 0.010151
268 17 64 128 0.0203178
269 17 64 128 0.045313
270 17 64 128 0.0588619
271 17 64 128 0.0554371
272 17 64 128 0.043222
273 17 64 128 0.0323345
274 17 64 128 0.024086
275 17 64 128 0.0122185
211 18 64 128 0.0102502
212 18 64 128 0.0123584
213 18 64 128 0.0128687
214 18 64 128 0.0144404
215 18 64 128 0.0186961
216 18 64 128 0.0259005
217 18 64 128 0.0329105
218 18 64 128 0.03612
219 18 64 128 0.0366409
220 18 64 128 0.0395009
221 18 64 128 0.043507
222 18 64 128 0.0530691
223 18 64 128 0.0831983
224 18 64 128 0.152041
225 18 64 128 0.251301
226 18 64 128 0.31412
227 18 64 128 0.329412
228 18 64 128 0.293217
229 18 64 128 0.20981
230 18 64 128 0.120706
231 18 64 128 0.0523123
232 18 64 128 0.020488
233 18 64 128 0.0128313
267 18 64 128 0.0129379
268 18 64 128 0.0235168
269 18 64 128 0.0492253
270 18 64 128 0.0662697
271 18 64 128 0.0603258
272 18 64 128 0.0464439
273 18 64 128 0.0353289
274 18 64 128 0.0236736
275 18 64 128 0.0120191
211 19 64 128 0.0126722
212 19 64 128 0.0144735
213 19 64 128 0.0137381
214 19 64 128 0.0150799
215 19 64 128 0.020787
216 19 64 128 0.0298931
217 19 64 128 0.0391399
218 19 64 128 0.0422133
219 19 64 128 0.0421698
220 19 64 128 0.0515801
221 19 64 128 0.0615845
222 19 64 128 0.0821976
223 19 64 128 0.126747
224 19 64 128 0.220817
225 19 64 128 0.367859
226 19 64 128 0.439911
227 19 64 128 0.462803
228 19 64 128 0.430407
229 19 64 128 0.316605
230 19 64 128 0.192451
231 19 64 128 0.0837923
232 19 64 128 0.0293207
233 19 64 128 0.0182235
234 19 64 128 0.0130886
235 19 64 128 0.0119326
267 19 64 128 0.0150285
268 19 64 128 0.0252091
269 19 64 128 0.0494555
270 19 64 128 0.0710418
271 19 64 128 0.0612638
272 19 64 128 0.0468906
273 19 64 128 0.0385821
274 19 64 128 0.0230322
275 19 64 128 0.011277
211 20 64 128 0.0149704
212 20 64 128 0.016462
213 20 64 128 0.0152578
214 20 64 128 0.0169233
215 20 64 128 0.0223391
216 20 64 128 0.0343441
217 20 64 128 0.0444039
218 20 64 128 0.0467884
219 20 64 128 0.0481061
220 20 64 128 0.059144
221 20 64 128 0.076501
222 20 64 128 0.105779
223 20 64 128 0.162614
224 20 64 128 0.284147
225 20 64 128 0.46856
226 20 64 128 0.544036
227 20 64 128 0.571661
228 20 64 128 0.540222
229 20 64 128 0.400642
230 20 64 128 0.254838
231 20 64 128 0.106363
232 20 64 128 0.033276
233 20 64 128 0.0255335
234 20 64 128 0.0159465
235 20 64 128 0.0139202
245 20 64 128 0.010149
267 20 64 128 0.0142234
268 20 64 128 0.0225541
269 20 64 128 0.0440761
270 20 64 128 0.0647723
271 20 64 128 0.0550268
272 20 64 128 0.0412261
273 20 64 128 0.0340887
274 20 64 128 0.0200746
210 21 64 128 0.0109313
211 21 64 128 0.017266
212 21 64 128 0.0183016
213 21 64 128 0.0171814
214 21 64 128 0.0197904
215 21 64 128 0.0239285
216 21 64 128 0.0397322
217 21 64 128 0.0499252
218 21 64 128 0.0518238
219 21 64 128 0.0562653
220 21 64 128 0.065123
221 21 64 128 0.0910716
222 21 64 128 0.128328
223 21 64 128 0.195671
224 21 64 128 0.34126
225 21 64 128 0.547079
226 21 64 128 0.622469
227 21 64 128 0.650001
228 21 64 128 0.614312
229 21 64 128 0.457601
230 21 64 128 0.302843
231 21 64 128 0.124005
232 21 64 128 0.037481
233 21 64 128 0.0342724
234 21 64 128 0.0190968
235 21 64 128 0.0163059
244 21 64 128 0.0126903
245 21 64 128 0.0137925
246 21 64 128 0.010356
267 21 64 128 0.0135341
268 21 64 128 0.0203926
269 21 64 128 0.0409744
270 21 64 128 0.0564853
271 21 64 128 0.0498114
272 21 64 128 0.0358363
273 21 64 128 0.025826
274 21 64 128 0.0164381
210 22 64 128 0.0132893
211 22 64 128 0.0200978
212 22 64 128 0.0200793
213 22 64 128 0.0183878
214 22 64 128 0.0222149
215 22 64 128 0.0265003
216 22 64 128 0.0465822
217 22 64 128 0.0585869
218 22 64 128 0.0615502
219 22 64 128 0.0693039
220 22 64 128 0.0782528
221 22 64 128 0.114681
222 22 64 128 0.166278
223 22 64 128 0.246066
224 22 64 128 0.403284
225 22 64 128 0.617147
226 22 64 128 0.693828
227 22 64 128 0.716541
228 22 64 128 0.672989
229 22 64 128 0.508535
230 22 64 128 0.346128
231 22 64 128 0.15408
232 22 64 128 0.0542765
233 22 64 128 0.0433916
234 22 64 128 0.0255727
235 22 64 128 0.0217299
236 22 64 128 0.0127664
243 22 64 128 0.0138665
244 22 64 128 0.019087
245 22 64 128 0.0210685
246 22 64 128 0.0157793
247 22 64 128 0.0106376
266 22 64 128 0.0147914
267 22 64 128 0.0194671
268 22 64 128 0.0286838
269 22 64 128 0.0544786
270 22 64 128 0.0669971
271 22 64 128 0.0613715
272 22 64 128 0.0435771
273 22 64 128 0.0260271
274 22 64 128 0.0162984
209 23 64 128 0.0120365
210 23 64 128 0.016288
211 23 64 128 0.0230816
212 23 64 128 0.0218531
213 23 64 128 0.0191997
214 23 64 128 0.0241666
215 23 64 128 0.0305466
216 23 64 128 0.0538323
217 23 64 128 0.069543
218 23 64 128 0.0755982
219 23 64 128 0.0862465
220 23 64 128 0.100343
221 23 64 128 0.146312
222 23 64 128 0.218782
223 23 64 128 0.31694
224 23 64 128 0.474979
225 23 64 128 0.685023
226 23 64 128 0.763494
227 23 64 128 0.777972
228 23 64 128 0.726471
229 23 64 128 0.564714
230 23 64 128 0.394048
231 23 64 128 0.204003
232 23 64 128 0.0896172
233 23 64 128 0.0563635
234 23 64 128 0.0360518
235 23 64 128 0.0307505
236 23 64 128 0.0184013
242 23 64 128 0.0112365
243 23 64 128 0.0196968
244 23 64 128 0.0277819
245 23 64 128 0.0309273
246 23 64 128 0.0239334
247 23 64 128 0.0165434
248 23 64 128 0.0127262
266 23 64 128 0.0230851
267 23 64 128 0.0306088
268 23 64 128 0.0448554
269 23 64 128 0.0803284
270 23 64 128 0.0931984
271 23 64 128 0.0854434
272 23 64 128 0.0611945
273 23 64 128 0.0342662
274 23 64 128 0.0191351
209 24 64 128 0.0142921
210 24 64 128 0.0188648
211 24 64 128 0.0248353
212 24 64 128 0.0236444
213 24 64 128 0.0215024
214 24 64 128 0.0271807
215 24 64 128 0.036042
216 24 64 128 0.0587258
217 24 64 128 0.0779058
218 24 64 128 0.0885789
219 24 64 128 0.102162
220 24 64 128 0.125541
221 24 64 128 0.173564
222 24 64 128 0.26606
223 24 64 128 0.3926
224 24 64 128 0.553712
225 24 64 128 0.748281
226 24 64 128 0.821932
227 24 64 128 0.827337
228 24 64 128 0.773279
229 24 64 128 0.62603
230 24 64 128 0.45505
231 24 64 128 0.269955
232 24 64 128 0.142212
233 24 64 128 0.0814217
234 24 64 128 0.0486114
235 24 64 128 0.0416371
236 24 64 128 0.0241815
237 24 64 128 0.0111211
242 24 64 128 0.0154609
243 24 64 128 0.025996
244 24 64 128 0.0352769
245 24 64 128 0.0387162
246 24 64 128 0.032441
247 24 64 128 0.0231201
248 24 64 128 0.0169725
249 24 64 128 0.0143468
250 24 64 128 0.0132803
251 24 64 128 0.0119485
265 24 64 128 0.011163
266 24 64 128 0.0288645
267 24 64 128 0.0369716
268 24 64 128 0.0527683
269 24 64 128 0.0941585
270 24 64 128 0.106012
271 24 64 128 0.0961112
272 24 64 128 0.0679913
273 24 64 128 0.0363097
274 24 64 128 0.019321
208 25 64 128 0.0104763
209 25 64 128 0.0153869
210 25 64 128 0.0203795
211 25 64 128 0.024979
212 25 64 128 0.0252825
213 25 64 128 0.0252976
214 25 64 128 0.031063
215 25 64 128 0.0417564
216 25 64 128 0.0604471
217 25 64 128 0.0821104
218 25 64 128 0.0971823
219 25 64 128 0.112767
220 25 64 128 0.147975
221 25 64 128 0.188999
222 25 64 128 0.297043
223 25 64 128 0.457457
224 25 64 128 0.624545
225 25 64 128 0.799224
226 25 64 128 0.860934
227 25 64 128 0.858638
228 25 64 128 0.808903
229 25 64 128 0.683339
230 25 64 128 0.52335
231 25 64 128 0.340529
232 25 64 128 0.201522
233 25 64 128 0.115737
234 25 64 128 0.0615123
235 25 64 128 0.0531838
236 25 64 128 0.0294993
237 25 64 128 0.0127819
238 25 64 128 0.0121989
241 25 64 128 0.0117121
242 25 64 128 0.019932
243 25 64 128 0.0323315
244 25 64 128 0.0407644
245 25 64 128 0.0442188
246 25 64 128 0.0407689
247 25 64 128 0.0300004
248 25 64 128 0.0210285
249 25 64 128 0.0193876
250 25 64 128 0.0163971
251 25 64 128 0.0155359
252 25 64 128 0.0130264
265 25 64 128 0.0119981
266 25 64 128 0.0308195
267 25 64 128 0.0362182
268 25 64 128 0.0477024
269 25 64 128 0.0879146
270 25 64 128 0.0969911
271 25 64 128 0.0859799
272 25 64 128 0.0576002
273 25 64 128 0.0275987
274 25 64 128 0.0150212
208 26 64 128 0.0110856
209 26 64 128 0.0159157
210 26 64 128 0.0209524
211 26 64 128 0.0248441
212 26 64 128 0.0262869
213 26 64 128 0.027398
214 26 64 128 0.0326809
215 26 64 128 0.0445449
216 26 64 128 0.061476
217 26 64 128 0.0863225
218 26 64 128 0.10189
219 26 64 128 0.115154
220 26 64 128 0.162381
221 26 64 128 0.194186
222 26 64 128 0.316379
223 26 64 128 0.497659
224 26 64 128 0.65318
225 26 64 128 0.822319
226 26 64 128 0.875677
227 26 64 128 0.868573
228 26 64 128 0.824884
229 26 64 128 0.713752
230 26 64 128 0.570129
231 26 64 128 0.392927
232 26 64 128 0.242595
233 26 64 128 0.138124
234 26 64 128 0.073531
235 26 64 128 0.0652266
236 26 64 128 0.0361284
237 26 64 128 0.0153899
238 26 64 128 0.0149626
239 26 64 128 0.010306
240 26 64 128 0.012103
241 26 64 128 0.0149857
242 26 64 128 0.0254433
243 26 64 128 0.0394649
244 26 64 128 0.0480385
245 26 64 128 0.05472
246 26 64 128 0.0515632
247 26 64 128 0.0386565
248 26 64 128 0.0271299
249 26 64 128 0.0235755
250 26 64 128 0.0211537
251 26 64 128 0.0214046
252 26 64 128 0.0197489
253 26 64 128 0.0145026
265 26 64 128 0.0142885
266 26 64 128 0.0354215
267 26 64 128 0.0391466
268 26 64 128 0.0446106
269 26 64 128 0.0817049
270 26 64 128 0.0933493
271 26 64 128 0.0795325
272 26 64 128 0.0483791
273 26 64 128 0.0204321
274 26 64 128 0.0109833
208 27 64 128 0.0116883
209 27 64 128 0.0162176
210 27 64 128 0.0206624
211 27 64 128 0.0250746
212 27 64 128 0.0261703
213 27 64 128 0.0259096
214 27 64 128 0.0303932
215 27 64 128 0.0426997
216 27 64 128 0.0631012
217 27 64 128 0.0920873
218 27 64 128 0.102821
219 27 64 128 0.10882
220 27 64 128 0.165358
221 27 64 128 0.19271
222 27 64 128 0.32876
223 27 64 128 0.508251
224 27 64 128 0.629132
225 27 64 128 0.813599
226 27 64 128 0.868646
227 27 64 128 0.860463
228 27 64 128 0.819871
229 27 64 128 0.70874
230 27 64 128 0.582831
231 27 64 128 0.416425
232 27 64 128 0.254531
233 27 64 128 0.140504
234 27 64 128 0.0852856
235 27 64 128 0.0779735
236 27 64 128 0.0450448
237 27 64 128 0.020083
238 27 64 128 0.0170113
239 27 64 128 0.0127588
240 27 64 128 0.0170123
241 27 64 128 0.0206627
242 27 64 128 0.0322205
243 27 64 128 0.0475695
244 27 64 128 0.0589163
245 27 64 128 0.0728067
246 27 64 128 0.0649879
247 27 64 128 0.0485956
248 27 64 128 0.0353357
249 27 64 128 0.0260646
250 27 64 128 0.0281274
251 27 64 128 0.030089
252 27 64 128 0.0295253
253 27 64 128 0.0253893
254 27 64 128 0.0164744
264 27 64 128 0.0129813
265 27 64 128 0.0193805
266 27 64 128 0.0452937
267 27 64 128 0.0506402
268 27 64 128 0.0515244
269 27 64 128 0.0871997
270 27 64 128 0.109146
271 27 64 128 0.0901576
272 27 64 128 0.0513664
273 27 64 128 0.0221969
274 27 64 128 0.0102988
208 28 64 128 0.011896
209 28 64 128 0.0157313
210 28 64 128 0.0193138
211 28 64 128 0.0242172
212 28 64 128 0.0244994
213 28 64 128 0.0228768
214 28 64 128 0.0269328
215 28 64 128 0.0385173
216 28 64 128 0.0629026
217 28 64 128 0.0931345
218 28 64 128 0.098326
219 28 64 128 0.0989032
220 28 64 128 0.158003
221 28 64 128 0.1911
222 28 64 128 0.335401
223 28 64 128 0.505972
224 28 64 128 0.605472
225 28 64 128 0.799618
226 28 64 128 0.859702
227 28 64 128 0.853453
228 28 64 128 0.811065
229 28 64 128 0.698558
230 28 64 128 0.594552
231 28 64 128 0.432894
232 28 64 128 0.264623
233 28 64 128 0.151531
234 28 64 128 0.101851
235 28 64 128 0.0923191
236 28 64 128 0.0547001
237 28 64 128 0.0256628
238 28 64 128 0.020227
239 28 64 128 0.0169096
240 28 64 128 0.0246757
241 28 64 128 0.0281202
242 28 64 128 0.0388511
243 28 64 128 0.0550852
244 28 64 128 0.0692554
245 28 64 128 0.0876891
246 28 64 128 0.0743173
247 28 64 128 0.0540254
248 28 64 128 0.0397796
249 28 64 128 0.0273421
250 28 64 128 0.0337047
251 28 64 128 0.0374527
252 28 64 128 0.0365928
253 28 64 128 0.0327229
254 28 64 128 0.0227551
255 28 64 128 0.0118123
256 28 64 128 0.0105149
263 28 64 128 0.0103353
264 28 64 128 0.016385
265 28 64 128 0.0230358
266 28 64 128 0.0517288
267 28 64 128 0.0578981
268 28 64 128 0.0548021
269 28 64 128 0.0886933
270 28 64 128 0.117647
271 28 64 128 0.0964231
272 28 64 128 0.0537855
273 28 64 128 0.024237
274 28 64 128 0.0104452
208 29 64 128 0.0113521
209 29 64 128 0.0140248
210 29 64 128 0.0168384
211 29 64 128 0.0211259
212 29 64 128 0.0211762
213 29 64 128 0.0203565
214 29 64 128 0.0247942
215 29 64 128 0.0343309
216 29 64 128 0.0588047
217 29 64 128 0.0846752
218 29 64 128 0.0877938
219 29 64 128 0.0900871
220 29 64 128 0.142713
221 29 64 128 0.192764
222 29 64 128 0.335424
223 29 64 128 0.504127
224 29 64 128 0.623159
225 29 64 128 0.801051
226 29 64 128 0.862719
227 29 64 128 0.859777
228 29 64 128 0.810791
229 29 64 128 0.70699
230 29 64 128 0.62937
231 29 64 128 0.460166
232 29 64 128 0.295799
233 29 64 128 0.193482
234 29 64 128 0.127215
235 29 64 128 0.108701
236 29 64 128 0.0637732
237 29 64 128 0.0313141
238 29 64 128 0.0263492
239 29 64 128 0.0240179
240 29 64 128 0.0350562
241 29 64 128 0.0367757
242 29 64 128 0.044903
243 29 64 128 0.0622489
244 29 64 128 0.0776609
245 29 64 128 0.0920864
246 29 64 128 0.0754621
247 29 64 128 0.0515844
248 29 64 128 0.0368472
249 29 64 128 0.0289548
250 29 64 128 0.0361733
251 29 64 128 0.0413428
252 29 64 128 0.0385342
253 29 64 128 0.0329199
254 29 64 128 0.0257789
255 29 64 128 0.0140623
256 29 64 128 0.013723
257 29 64 128 0.0102415
263 29 64 128 0.011008
264 29 64 128 0.0191825
265 29 64 128 0.0224392
266 29 64 128 0.0484825
267 29 64 128 0.0515009
268 29 64 128 0.0442845
269 29 64 128 0.074099
270 29 64 128 0.0978605
271 29 64 128 0.0813522
272 29 64 128 0.0451534
273 29 64 128 0.0191156
208 30 64 128 0.0102027
209 30 64 128 0.0117065
210 30 64 128 0.0138296
211 30 64 128 0.0170968
212 30 64 128 0.0173762
213 30 64 128 0.018114
214 30 64 128 0.0229457
215 30 64 128 0.030235
216 30 64 128 0.0522764
217 30 64 128 0.0723301
218 30 64 128 0.0757042
219 30 64 128 0.0819149
220 30 64 128 0.124264
221 30 64 128 0.187212
222 30 64 128 0.321876
223 30 64 128 0.489774
224 30 64 128 0.638242
225 30 64 128 0.797561
226 30 64 128 0.857953
227 30 64 128 0.855363
228 30 64 128 0.801372
229 30 64 128 0.709574
230 30 64 128 0.649147
231 30 64 128 0.480997
232 30 64 128 0.331299
233 30 64 128 0.241969
234 30 64 128 0.158491
235 30 64 128 0.125374
236 30 64 128 0.0733272
237 30 64 128 0.0391008
238 30 64 128 0.0353253
239 30 64 128 0.0349404
240 30 64 128 0.0470173
241 30 64 128 0.0473014
242 30 64 128 0.0547346
243 30 64 128 0.0773244
244 30 64 128 0.0969744
245 30 64 128 0.100327
246 30 64 128 0.0786889
247 30 64 128 0.050524
248 30 64 128 0.0352105
249 30 64 128 0.0357812
250 30 64 128 0.0437148
251 30 64 128 0.050105
252 30 64 128 0.0494518
253 30 64 128 0.04596
254 30 64 128 0.0402334
255 30 64 128 0.0258615
256 30 64 128 0.0261718
257 30 64 128 0.0188918
263 30 64 128 0.0144049
264 30 64 128 0.0248224
265 30 64 128 0.0236332
266 30 64 128 0.0456312
267 30 64 128 0.0456966
268 30 64 128 0.0362436
269 30 64 128 0.0616814
270 30 64 128 0.0754049
271 30 64 128 0.065998
272 30 64 128 0.0380629
273 30 64 128 0.0136715
210 31 64 128 0.0109664
211 31 64 128 0.0137423
212 31 64 128 0.0143393
213 31 64 128 0.015484
214 31 64 128 0.0198303
215 31 64 128 0.0258905
216 31 64 128 0.0453692
217 31 64 128 0.0630135
218 31 64 128 0.0668272
219 31 64 128 0.0728901
220 31 64 128 0.107297
221 31 64 128 0.163672
222 31 64 128 0.288819
223 31 64 128 0.448047
224 31 64 128 0.598393
225 31 64 128 0.765246
226 31 64 128 0.82388
227 31 64 128 0.814892
228 31 64 128 0.763619
229 31 64 128 0.67807
230 31 64 128 0.613959
231 31 64 128 0.47641
232 31 64 128 0.350543
233 31 64 128 0.268754
234 31 64 128 0.191748
235 31 64 128 0.140946
236 31 64 128 0.0847769
237 31 64 128 0.0510356
238 31 64 128 0.0467363
239 31 64 128 0.050115
240 31 64 128 0.0593114
241 31 64 128 0.0601951
242 31 64 128 0.0720895
243 31 64 128 0.10691
244 31 64 128 0.137905
245 31 64 128 0.126719
246 31 64 128 0.0942006
247 31 64 128 0.0602373
248 31 64 128 0.0437294
249 31 64 128 0.051163
250 31 64 128 0.0633941
251 31 64 128 0.0711299
252 31 64 128 0.0820255
253 31 64 128 0.0899389
254 31 64 128 0.078834
255 31 64 128 0.0563704
256 31 64 128 0.0558042
257 31 64 128 0.0406082
258 31 64 128 0.0153401
259 31 64 128 0.011651
261 31 64 128 0.0123857
262 31 64 128 0.0176243
263 31 64 128 0.0245494
264 31 64 128 0.036227
265 31 64 128 0.0327682
266 31 64 128 0.0540986
267 31 64 128 0.056049
268 31 64 128 0.048191
269 31 64 128 0.0713573
270 31 64 128 0.0798304
271 31 64 128 0.0741816
272 31 64 128 0.0464915
273 31 64 128 0.0160197
211 32 64 128 0.0109492
212 32 64 128 0.011784
213 32 64 128 0.0125878
214 32 64 128 0.0159541
215 32 64 128 0.0216435
216 32 64 128 0.0383998
217 32 64 128 0.0559577
218 32 64 128 0.060055
219 32 64 128 0.0628185
220 32 64 128 0.0919953
221 32 64 128 0.130611
222 32 64 128 0.24578
223 32 64 128 0.39175
224 32 64 128 0.527388
225 32 64 128 0.719968
226 32 64 128 0.778659
227 32 64 128 0.760081
228 32 64 128 0.714233
229 32 64 128 0.633548
230 32 64 128 0.566621
231 32 64 128 0.469584
232 32 64 128 0.369108
233 32 64 128 0.292108
234 32 64 128 0.226926
235 32 64 128 0.159512
236 32 64 128 0.0981232
237 32 64 128 0.0644739
238 32 64 128 0.060595
239 32 64 128 0.0679923
240 32 64 128 0.0716607
241 32 64 128 0.072986
242 32 64 128 0.0896813
243 32 64 128 0.135179
244 32 64 128 0.17648
245 32 64 128 0.152868
246 32 64 128 0.110163
247 32 64 128 0.0719802
248 32 64 128 0.0539026
249 32 64 128 0.063896
250 32 64 128 0.0804422
251 32 64 128 0.0900637
252 32 64 128 0.115221
253 32 64 128 0.135752
254 32 64 128 0.117102
255 32 64 128 0.090016
256 32 64 128 0.0901457
257 32 64 128 0.0662615
258 32 64 128 0.0277166
259 32 64 128 0.0190847
260 32 64 128 0.0103703
261 32 64 128 0.0177018
262 32 64 128 0.026815
263 32 64 128 0.0355623
264 32 64 128 0.0466938
265 32 64 128 0.0433058
266 32 64 128 0.0654527
267 32 64 128 0.0705905
268 32 64 128 0.0654666
269 32 64 128 0.0875188
270 32 64 128 0.0947964
271 32 64 128 0.0895373
272 32 64 128 0.0582041
273 32 64 128 0.0206606
214 33 64 128 0.0125198
215 33 64 128 0.0180381
216 33 64 128 0.0311287
217 33 64 128 0.0478114
218 33 64 128 0.0523024
219 33 64 128 0.0520354
220 33 64 128 0.0769583
221 33 64 128 0.102633
222 33 64 128 0.206844
223 33 64 128 0.341906
224 33 64 128 0.472897
225 33 64 128 0.68854
226 33 64 128 0.750838
227 33 64 128 0.725074
228 33 64 128 0.67894
229 33 64 128 0.61061
230 33 64 128 0.572414
231 33 64 128 0.494719
232 33 64 128 0.411978
233 33 64 128 0.342647
234 33 64 128 0.26446
235 33 64 128 0.185802
236 33 64 128 0.112521
237 33 64 128 0.0752537
238 33 64 128 0.07649
239 33 64 128 0.0858357
240 33 64 128 0.0837133
241 33 64 128 0.0821368
242 33 64 128 0.0969566
243 33 64 128 0.14011
244 33 64 128 0.179281
245 33 64 128 0.151148
246 33 64 128 0.10842
247 33 64 128 0.0716773
248 33 64 128 0.0522669
249 33 64 128 0.0592487
250 33 64 128 0.0745884
251 33 64 128 0.0868973
252 33 64 128 0.118837
253 33 64 128 0.14159
254 33 64 128 0.121
255 33 64 128 0.104547
256 33 64 128 0.110956
257 33 64 128 0.0823814
258 33 64 128 0.0354542
259 33 64 128 0.0222854
260 33 64 128 0.0123471
261 33 64 128 0.0204137
262 33 64 128 0.0310279
263 33 64 128 0.0387585
264 33 64 128 0.0470086
265 33 64 128 0.0450408
266 33 64 128 0.0654913
267 33 64 128 0.0691627
268 33 64 128 0.0638686
269 33 64 128 0.0838851
270 33 64 128 0.0897132
271 33 64 128 0.0835737
272 33 64 128 0.0533332
273 33 64 128 0.0180454
215 34 64 128 0.0149605
216 34 64 128 0.0244085
217 34 64 128 0.0388426
218 34 64 128 0.0432501
219 34 64 128 0.041199
220 34 64 128 0.0620043
221 34 64 128 0.0818968
222 34 64 128 0.172268
223 34 64 128 0.295364
224 34 64 128 0.4293
225 34 64 128 0.654253
226 34 64 128 0.720064
227 34 64 128 0.687193
228 34 64 128 0.635472
229 34 64 128 0.589352
230 34 64 128 0.602788
231 34 64 128 0.533858
232 34 64 128 0.45896
233 34 64 128 0.395373
234 34 64 128 0.294638
235 34 64 128 0.209558
236 34 64 128 0.123997
237 34 64 128 0.0819106
238 34 64 128 0.0879803
239 34 64 128 0.0965384
240 34 64 128 0.0905685
241 34 64 128 0.0848138
242 34 64 128 0.0930932
243 34 64 128 0.124008
244 34 64 128 0.151873
245 34 64 128 0.127378
246 34 64 128 0.0923401
247 34 64 128 0.0616592
248 34 64 128 0.0425172
249 34 64 128 0.0433073
250 34 64 128 0.0546894
251 34 64 128 0.068831
252 34 64 128 0.100797
253 34 64 128 0.120308
254 34 64 128 0.104207
255 34 64 128 0.106148
256 34 64 128 0.120879
257 34 64 128 0.091726
258 34 64 128 0.0410341
259 34 64 128 0.0228437
260 34 64 128 0.0132422
261 34 64 128 0.0214607
262 34 64 128 0.0310706
263 34 64 128 0.0354953
264 34 64 128 0.0399065
265 34 64 128 0.0398922
266 34 64 128 0.0566977
267 34 64 128 0.0555155
268 34 64 128 0.0474345
269 34 64 128 0.0639633
270 34 64 128 0.0677539
271 34 64 128 0.06096
272 34 64 128 0.0364725
273 34 64 128 0.0104692
215 35 64 128 0.0119403
216 35 64 128 0.0196425
217 35 64 128 0.0313342
218 35 64 128 0.034183
219 35 64 128 0.0311568
220 35 64 128 0.0476914
221 35 64 128 0.0634884
222 35 64 128 0.134737
223 35 64 128 0.236021
224 35 64 128 0.361919
225 35 64 128 0.577566
226 35 64 128 0.640366
227 35 64 128 0.594173
228 35 64 128 0.537116
229 35 64 128 0.521333
230 35 64 128 0.578965
231 35 64 128 0.541191
232 35 64 128 0.466426
233 35 64 128 0.396532
234 35 64 128 0.302916
235 35 64 128 0.213095
236 35 64 128 0.127289
237 35 64 128 0.0846559
238 35 64 128 0.0857896
239 35 64 128 0.0911608
240 35 64 128 0.0851911
241 35 64 128 0.0788379
242 35 64 128 0.0828876
243 35 64 128 0.102934
244 35 64 128 0.121736
245 35 64 128 0.105966
246 35 64 128 0.0772918
247 35 64 128 0.0533469
248 35 64 128 0.0376997
249 35 64 128 0.033529
250 35 64 128 0.0453879
251 35 64 128 0.0579209
252 35 64 128 0.0899014
253 35 64 128 0.114493
254 35 64 128 0.106179
255 35 64 128 0.116344
256 35 64 128 0.133999
257 35 64 128 0.105846
258 35 64 128 0.052005
259 35 64 128 0.0259925
260 35 64 128 0.0157055
261 35 64 128 0.0240141
262 35 64 128 0.0317528
263 35 64 128 0.0327449
264 35 64 128 0.034735
265 35 64 128 0.0364924
266 35 64 128 0.0507946
267 35 64 128 0.0466406
268 35 64 128 0.0358927
269 35 64 128 0.0478852
270 35 64 128 0.0509396
271 35 64 128 0.044785
272 35 64 128 0.0257268
216 36 64 128 0.0165854
217 36 64 128 0.0256002
218 36 64 128 0.0260833
219 36 64 128 0.0227775
220 36 64 128 0.0350209
221 36 64 128 0.0465271
222 36 64 128 0.096771
223 36 64 128 0.17002
224 36 64 128 0.275881
225 36 64 128 0.467851
226 36 64 128 0.521496
227 36 64 128 0.461796
228 36 64 128 0.404584
229 36 64 128 0.420453
230 36 64 128 0.509136
231 36 64 128 0.520546
232 36 64 128 0.446433
233 36 64 128 0.362664
234 36 64 128 0.295128
235 36 64 128 0.20353
236 36 64 128 0.127052
237 36 64 128 0.0854459
238 36 64 128 0.073424
239 36 64 128 0.0740984
240 36 64 128 0.0702709
241 36 64 128 0.0664721
242 36 64 128 0.0696278
243 36 64 128 0.0839019
244 36 64 128 0.0993904
245 36 64 128 0.0928639
246 36 64 128 0.0674118
247 36 64 128 0.0485785
248 36 64 128 0.0380064
249 36 64 128 0.0322862
250 36 64 128 0.0479227
251 36 64 128 0.0563667
252 36 64 128 0.0883092
253 36 64 128 0.124686
254 36 64 128 0.126457
255 36 64 128 0.132543
256 36 64 128 0.149789
257 36 64 128 0.123181
258 36 64 128 0.0652575
259 36 64 128 0.0321203
260 36 64 128 0.0194402
261 36 64 128 0.028293
262 36 64 128 0.0345878
263 36 64 128 0.0325765
264 36 64 128 0.0337381
265 36 64 128 0.036332
266 36 64 128 0.0496488
267 36 64 128 0.0454835
268 36 64 128 0.0332868
269 36 64 128 0.0405874
270 36 64 128 0.044121
271 36 64 128 0.0395985
272 36 64 128 0.0241462
216 37 64 128 0.0135662
217 37 64 128 0.0202277
218 37 64 128 0.0196327
219 37 64 128 0.016919
220 37 64 128 0.0253436
221 37 64 128 0.0336965
222 37 64 128 0.0693876
223 37 64 128 0.122691
224 37 64 128 0.210861
225 37 64 128 0.376774
226 37 64 128 0.421437
227 37 64 128 0.364552
228 37 64 128 0.316514
229 37 64 128 0.354293
230 37 64 128 0.47663
231 37 64 128 0.518633
232 37 64 128 0.45893
233 37 64 128 0.370748
234 37 64 128 0.294638
235 37 64 128 0.209219
236 37 64 128 0.136314
237 37 64 128 0.0876651
238 37 64 128 0.0654127
239 37 64 128 0.0612457
240 37 64 128 0.056933
241 37 64 128 0.0538268
242 37 64 128 0.0552465
243 37 64 128 0.0659149
244 37 64 128 0.0803534
245 37 64 128 0.0778657
246 37 64 128 0.0569783
247 37 64 128 0.0408363
248 37 64 128 0.0324912
249 37 64 128 0.0287916
250 37 64 128 0.0432231
251 37 64 128 0.0491098
252 37 64 128 0.0751206
253 37 64 128 0.115098
254 37 64 128 0.130053
255 37 64 128 0.13148
256 37 64 128 0.155185
257 37 64 128 0.130967
258 37 64 128 0.0687021
259 37 64 128 0.03749
260 37 64 128 0.0216716
261 37 64 128 0.0319911
262 37 64 128 0.0382041
263 37 64 128 0.0327571
264 37 64 128 0.032933
265 37 64 128 0.0346605
266 37 64 128 0.0465009
267 37 64 128 0.0426725
268 37 64 128 0.0298787
269 37 64 128 0.0336157
270 37 64 128 0.037032
271 37 64 128 0.0336628
272 37 64 128 0.0215772
216 38 64 128 0.0100524
217 38 64 128 0.0148087
218 38 64 128 0.0148823
219 38 64 128 0.0133676
220 38 64 128 0.0187547
221 38 64 128 0.0254005
222 38 64 128 0.0546356
223 38 64 128 0.0995842
224 38 64 128 0.176877
225 38 64 128 0.318976
226 38 64 128 0.35852
227 38 64 128 0.321354
228 38 64 128 0.288638
229 38 64 128 0.334838
230 38 64 128 0.492135
231 38 64 128 0.541345
232 38 64 128 0.512527
233 38 64 128 0.432997
234 38 64 128 0.307722
235 38 64 128 0.233375
236 38 64 128 0.153932
237 38 64 128 0.0912638
238 38 64 128 0.0668517
239 38 64 128 0.0591094
240 38 64 128 0.0510556
241 38 64 128 0.0450961
242 38 64 128 0.0429457
243 38 64 128 0.0515169
244 38 64 128 0.0658047
245 38 64 128 0.0612332
246 38 64 128 0.045884
247 38 64 128 0.030093
248 38 64 128 0.0204954
249 38 64 128 0.020939
250 38 64 128 0.0291802
251 38 64 128 0.0350226
252 38 64 128 0.0525415
253 38 64 128 0.0873058
254 38 64 128 0.114483
255 38 64 128 0.117289
256 38 64 128 0.154018
257 38 64 128 0.132737
258 38 64 128 0.0677243
259 38 64 128 0.0451725
260 38 64 128 0.0248072
261 38 64 128 0.0364969
262 38 64 128 0.0434197
263 38 64 128 0.0337541
264 38 64 128 0.0317816
265 38 64 128 0.0310237
266 38 64 128 0.039966
267 38 64 128 0.0355847
268 38 64 128 0.0227294
269 38 64 128 0.0241693
270 38 64 128 0.0264492
271 38 64 128 0.0233122
272 38 64 128 0.0146919
217 39 64 128 0.0103276
218 39 64 128 0.0110714
219 39 64 128 0.0105098
220 39 64 128 0.0136907
221 39 64 128 0.0189019
222 39 64 128 0.0424535
223 39 64 128 0.0795216
224 39 64 128 0.143615
225 39 64 128 0.258797
226 39 64 128 0.297046
227 39 64 128 0.27581
228 39 64 128 0.251869
229 39 64 128 0.29903
230 39 64 128 0.468119
231 39 64 128 0.539371
232 39 64 128 0.546629
233 39 64 128 0.474291
234 39 64 128 0.317574
235 39 64 128 0.245442
236 39 64 128 0.159922
237 39 64 128 0.0916637
238 39 64 128 0.070001
239 39 64 128 0.0613906
240 39 64 128 0.0512535
241 39 64 128 0.0417755
242 39 64 128 0.037623
243 39 64 128 0.0482013
244 39 64 128 0.0649512
245 39 64 128 0.0575968
246 39 64 128 0.0417848
247 39 64 128 0.0251667
248 39 64 128 0.015291
249 39 64 128 0.0185501
250 39 64 128 0.0267345
251 39 64 128 0.0319325
252 39 64 128 0.0539324
253 39 64 128 0.0932323
254 39 64 128 0.121221
255 39 64 128 0.130731
256 39 64 128 0.172691
257 39 64 128 0.153761
258 39 64 128 0.0908446
259 39 64 128 0.0672513
260 39 64 128 0.0380928
261 39 64 128 0.0481119
262 39 64 128 0.0540214
263 39 64 128 0.0397371
264 39 64 128 0.0345153
265 39 64 128 0.0308534
266 39 64 128 0.0360678
267 39 64 128 0.0309734
268 39 64 128 0.0184067
269 39 64 128 0.0174412
270 39 64 128 0.0190364
271 39 64 128 0.0161678
221 40 64 128 0.0125884
222 40 64 128 0.0273342
223 40 64 128 0.0512607
224 40 64 128 0.0962158
225 40 64 128 0.180737
226 40 64 128 0.220734
227 40 64 128 0.200986
228 40 64 128 0.174562
229 40 64 128 0.221544
230 40 64 128 0.372027
231 40 64 128 0.496883
232 40 64 128 0.536792
233 40 64 128 0.462837
234 40 64 128 0.321509
235 40 64 128 0.236719
236 40 64 128 0.150263
237 40 64 128 0.0893843
238 40 64 128 0.0711706
239 40 64 128 0.0648198
240 40 64 128 0.0556858
241 40 64 128 0.0436435
242 40 64 128 0.0403526
243 40 64 128 0.0566556
244 40 64 128 0.0781437
245 40 64 128 0.0704179
246 40 64 128 0.0468429
247 40 64 128 0.0293959
248 40 64 128 0.0221256
249 40 64 128 0.0252221
250 40 64 128 0.0428431
251 40 64 128 0.0458501
252 40 64 128 0.0885214
253 40 64 128 0.147283
254 40 64 128 0.162726
255 40 64 128 0.182177
256 40 64 128 0.218564
257 40 64 128 0.20034
258 40 64 128 0.14201
259 40 64 128 0.10255
260 40 64 128 0.0616201
261 40 64 128 0.0670733
262 40 64 128 0.0696312
263 40 64 128 0.0507731
264 40 64 128 0.041787
265 40 64 128 0.0358281
266 40 64 128 0.0374314
267 40 64 128 0.0320073
268 40 64 128 0.0198991
269 40 64 128 0.0159774
270 40 64 128 0.0179832
271 40 64 128 0.0159627
222 41 64 128 0.0144104
223 41 64 128 0.026811
224 41 64 128 0.0558211
225 41 64 128 0.115942
226 41 64 128 0.158981
227 41 64 128 0.138354
228 41 64 128 0.110566
229 41 64 128 0.161809
230 41 64 128 0.293289
231 41 64 128 0.471735
232 41 64 128 0.539412
233 41 64 128 0.464304
234 41 64 128 0.347897
235 41 64 128 0.246281
236 41 64 128 0.155048
237 41 64 128 0.0956412
238 41 64 128 0.0764084
239 41 64 128 0.0738406
240 41 64 128 0.0625838
241 41 64 128 0.0474421
242 41 64 128 0.044413
243 41 64 128 0.0634326
244 41 64 128 0.0871272
245 41 64 128 0.0791247
246 41 64 128 0.0513058
247 41 64 128 0.0340869
248 41 64 128 0.0284956
249 41 64 128 0.0306327
250 41 64 128 0.0536943
251 41 64 128 0.0568541
252 41 64 128 0.113594
253 41 64 128 0.182854
254 41 64 128 0.188138
255 41 64 128 0.21694
256 41 64 128 0.258275
257 41 64 128 0.23831
258 41 64 128 0.17343
259 41 64 128 0.122444
260 41 64 128 0.0764482
261 41 64 128 0.0809586
262 41 64 128 0.0812313
263 41 64 128 0.0583128
264 41 64 128 0.0465276
265 41 64 128 0.039408
266 41 64 128 0.0389609
267 41 64 128 0.0335028
268 41 64 128 0.0218346
269 41 64 128 0.0160106
270 41 64 128 0.0182769
271 41 64 128 0.0172197
272 41 64 128 0.0108946
223 42 64 128 0.0158833
224 42 64 128 0.0387658
225 42 64 128 0.0871371
226 42 64 128 0.132207
227 42 64 128 0.118172
228 42 64 128 0.0992968
229 42 64 128 0.161422
230 42 64 128 0.296359
231 42 64 128 0.502499
232 42 64 128 0.591896
233 42 64 128 0.523422
234 42 64 128 0.410912
235 42 64 128 0.297096
236 42 64 128 0.192094
237 42 64 128 0.116588
238 42 64 128 0.0891525
239 42 64 128 0.0896161
240 42 64 128 0.0697109
241 42 64 128 0.0500327
242 42 64 128 0.0443751
243 42 64 128 0.058871
244 42 64 128 0.0788746
245 42 64 128 0.0692878
246 42 64 128 0.0479873
247 42 64 128 0.0326366
248 42 64 128 0.0252202
249 42 64 128 0.0273348
250 42 64 128 0.0432777
251 42 64 128 0.0509784
252 42 64 128 0.0997499
253 42 64 128 0.155399
254 42 64 128 0.16519
255 42 64 128 0.20235
256 42 64 128 0.2704
257 42 64 128 0.24556
258 42 64 128 0.156997
259 42 64 128 0.111532
260 42 64 128 0.0730486
261 42 64 128 0.0841348
262 42 64 128 0.0850727
263 42 64 128 0.0584835
264 42 64 128 0.0453572
265 42 64 128 0.0381891
266 42 64 128 0.0379895
267 42 64 128 0.0323392
268 42 64 128 0.0204535
269 42 64 128 0.0145885
270 42 64 128 0.0160843
271 42 64 128 0.0155437
223 43 64 128 0.0127987
224 43 64 128 0.0337427
225 43 64 128 0.0745122
226 43 64 128 0.116953
227 43 64 128 0.111802
228 43 64 128 0.105283
229 43 64 128 0.176979
230 43 64 128 0.325422
231 43 64 128 0.542269
232 43 64 128 0.644498
233 43 64 128 0.585824
234 43 64 128 0.470153
235 43 64 128 0.345676
236 43 64 128 0.229393
237 43 64 128 0.139046
238 43 64 128 0.101357
239 43 64 128 0.100502
240 43 64 128 0.073373
241 43 64 128 0.0497335
242 43 64 128 0.0415645
243 43 64 128 0.0499726
244 43 64 128 0.0630394
245 43 64 128 0.0539067
246 43 64 128 0.0418363
247 43 64 128 0.0291625
248 43 64 128 0.0196644
249 43 64 128 0.0216796
250 43 64 128 0.0305091
251 43 64 128 0.041797
252 43 64 128 0.0769953
253 43 64 128 0.116971
254 43 64 128 0.141274
255 43 64 128 0.196492
256 43 64 128 0.284662
257 43 64 128 0.251391
258 43 64 128 0.143409
259 43 64 128 0.104738
260 43 64 128 0.077529
261 43 64 128 0.0962886
262 43 64 128 0.0966303
263 43 64 128 0.064815
264 43 64 128 0.0489577
265 43 64 128 0.0413136
266 43 64 128 0.0420559
267 43 64 128 0.0347095
268 43 64 128 0.0199325
269 43 64 128 0.0135201
270 43 64 128 0.0141303
271 43 64 128 0.0131604
223 44 64 128 0.0102936
224 44 64 128 0.0271271
225 44 64 128 0.0559474
226 44 64 128 0.0889029
227 44 64 128 0.0887213
228 44 64 128 0.0901509
229 44 64 128 0.163253
230 44 64 128 0.321299
231 44 64 128 0.544515
232 44 64 128 0.648705
233 44 64 128 0.597869
234 44 64 128 0.489837
235 44 64 128 0.353332
236 44 64 128 0.238353
237 44 64 128 0.15118
238 44 64 128 0.105731
239 44 64 128 0.0969
240 44 64 128 0.070993
241 44 64 128 0.0458559
242 44 64 128 0.038262
243 44 64 128 0.0449234
244 44 64 128 0.0513878
245 44 64 128 0.0473453
246 44 64 128 0.038529
247 44 64 128 0.0283519
248 44 64 128 0.0198515
249 44 64 128 0.0207225
250 44 64 128 0.0345842
251 44 64 128 0.0435988
252 44 64 128 0.0767436
253 44 64 128 0.120896
254 44 64 128 0.16267
255 44 64 128 0.252141
256 44 64 128 0.328282
257 44 64 128 0.283611
258 44 64 128 0.179816
259 44 64 128 0.134266
260 44 64 128 0.112692
261 44 64 128 0.133824
262 44 64 128 0.128794
263 44 64 128 0.0888789
264 44 64 128 0.0665665
265 44 64 128 0.056751
266 44 64 128 0.0575054
267 44 64 128 0.0460746
268 44 64 128 0.0244273
269 44 64 128 0.0147592
270 44 64 128 0.0153175
271 44 64 128 0.0127633
224 45 64 128 0.0195572
225 45 64 128 0.0373515
226 45 64 128 0.0600037
227 45 64 128 0.0635501
228 45 64 128 0.0704896
229 45 64 128 0.144534
230 45 64 128 0.31935
231 45 64 128 0.54327
232 45 64 128 0.642271
233 45 64 128 0.600734
234 45 64 128 0.506797
235 45 64 128 0.365835
236 45 64 128 0.252794
237 45 64 128 0.165444
238 45 64 128 0.10923
239 45 64 128 0.0908924
240 45 64 128 0.0667377
241 45 64 128 0.0411701
242 45 64 128 0.0351421
243 45 64 128 0.0422821
244 45 64 128 0.0450048
245 45 64 128 0.0452911
246 45 64 128 0.0360778
247 45 64 128 0.0277706
248 45 64 128 0.0217423
249 45 64 128 0.0222087
250 45 64 128 0.0438712
251 45 64 128 0.0487539
252 45 64 128 0.0824821
253 45 64 128 0.137661
254 45 64 128 0.196891
255 45 64 128 0.312804
256 45 64 128 0.369238
257 45 64 128 0.315451
258 45 64 128 0.223618
259 45 64 128 0.172798
260 45 64 128 0.152524
261 45 64 128 0.173941
262 45 64 128 0.164247
263 45 64 128 0.116742
264 45 64 128 0.0874804
265 45 64 128 0.0752418
266 45 64 128 0.0755087
267 45 64 128 0.0597732
268 45 64 128 0.0306784
269 45 64 128 0.0165739
270 45 64 128 0.017368
271 45 64 128 0.0132055
224 46 64 128 0.0153004
225 46 64 128 0.0308895
226 46 64 128 0.0496774
227 46 64 128 0.0600705
228 46 64 128 0.0741115
229 46 64 128 0.158352
230 46 64 128 0.371187
231 46 64 128 0.586403
232 46 64 128 0.678969
233 46 64 128 0.653141
234 46 64 128 0.56965
235 46 64 128 0.441456
236 46 64 128 0.315105
237 46 64 128 0.197627
238 46 64 128 0.12143
239 46 64 128 0.098096
240 46 64 128 0.0659568
241 46 64 128 0.03899
242 46 64 128 0.0323935
243 46 64 128 0.0383235
244 46 64 128 0.0418221
245 46 64 128 0.0392646
246 46 64 128 0.0309804
247 46 64 128 0.0236962
248 46 64 128 0.0188792
249 46 64 128 0.0217369
250 46 64 128 0.0404646
251 46 64 128 0.0450762
252 46 64 128 0.0682442
253 46 64 128 0.121297
254 46 64 128 0.195978
255 46 64 128 0.303223
256 46 64 128 0.366156
257 46 64 128 0.31108
258 46 64 128 0.216184
259 46 64 128 0.181754
260 46 64 128 0.162443
261 46 64 128 0.18724
262 46 64 128 0.18037
263 46 64 128 0.129832
264 46 64 128 0.0973134
265 46 64 128 0.0842578
266 46 64 128 0.0844658
267 46 64 128 0.066909
268 46 64 128 0.0339369
269 46 64 128 0.0164929
270 46 64 128 0.0169349
271 46 64 128 0.0124615
224 47 64 128 0.0133628
225 47 64 128 0.0315672
226 47 64 128 0.0503002
227 47 64 128 0.0673027
228 47 64 128 0.0870405
229 47 64 128 0.181929
230 47 64 128 0.432789
231 47 64 128 0.640139
232 47 64 128 0.734582
233 47 64 128 0.727564
234 47 64 128 0.648049
235 47 64 128 0.537322
236 47 64 128 0.387696
237 47 64 128 0.232367
238 47 64 128 0.138887
239 47 64 128 0.110668
240 47 64 128 0.0673621
241 47 64 128 0.0387299
242 47 64 128 0.0301943
243 47 64 128 0.0341635
244 47 64 128 0.0403222
245 47 64 128 0.0322313
246 47 64 128 0.0259541
247 47 64 128 0.0191166
248 47 64 128 0.0143197
249 47 64 128 0.020072
250 47 64 128 0.0300628
251 47 64 128 0.0364159
252 47 64 128 0.0470883
253 47 64 128 0.0924103
254 47 64 128 0.176596
255 47 64 128 0.258844
256 47 64 128 0.344039
257 47 64 128 0.292425
258 47 64 128 0.185024
259 47 64 128 0.174713
260 47 64 128 0.155864
261 47 64 128 0.185062
262 47 64 128 0.184275
263 47 64 128 0.133408
264 47 64 128 0.0998722
265 47 64 128 0.086317
266 47 64 128 0.0868662
267 47 64 128 0.0696695
268 47 64 128 0.0352834
269 47 64 128 0.0149526
270 47 64 128 0.0145205
271 47 64 128 0.0106869
224 48 64 128 0.010529
225 48 64 128 0.0272438
226 48 64 128 0.0429864
227 48 64 128 0.0599504
228 48 64 128 0.0783064
229 48 64 128 0.168305
230 48 64 128 0.422247
231 48 64 128 0.638137
232 48 64 128 0.752692
233 48 64 128 0.760615
234 48 64 128 0.679532
235 48 64 128 0.569781
236 48 64 128 0.401494
237 48 64 128 0.242125
238 48 64 128 0.15248
239 48 64 128 0.11122
240 48 64 128 0.0668982
241 48 64 128 0.0381423
242 48 64 128 0.0286945
243 48 64 128 0.0328979
244 48 64 128 0.0392871
245 48 64 128 0.0318069
246 48 64 128 0.0261348
247 48 64 128 0.0196391
248 48 64 128 0.0149506
249 48 64 128 0.020125
250 48 64 128 0.0281543
251 48 64 128 0.0332852
252 48 64 128 0.0477219
253 48 64 128 0.0983084
254 48 64 128 0.181563
255 48 64 128 0.259698
256 48 64 128 0.353699
257 48 64 128 0.303777
258 48 64 128 0.192141
259 48 64 128 0.186017
260 48 64 128 0.16544
261 48 64 128 0.195024
262 48 64 128 0.19493
263 48 64 128 0.142304
264 48 64 128 0.106267
265 48 64 128 0.0901541
266 48 64 128 0.0910156
267 48 64 128 0.0747227
268 48 64 128 0.0381415
269 48 64 128 0.0136303
270 48 64 128 0.0122965
225 49 64 128 0.0177161
226 49 64 128 0.0276896
227 49 64 128 0.0390298
228 49 64 128 0.0514492
229 49 64 128 0.124821
230 49 64 128 0.349994
231 49 64 128 0.589921
232 49 64 128 0.734858
233 49 64 128 0.749611
234 49 64 128 0.666725
235 49 64 128 0.543503
236 49 64 128 0.367243
237 49 64 128 0.231602
238 49 64 128 0.158851
239 49 64 128 0.101669
240 49 64 128 0.0650949
241 49 64 128 0.0371912
242 49 64 128 0.0277286
243 49 64 128 0.0337694
244 49 64 128 0.038053
245 49 64 128 0.0360965
246 49 64 128 0.0300534
247 49 64 128 0.0238774
248 49 64 128 0.0192641
249 49 64 128 0.0211363
250 49 64 128 0.0332724
251 49 64 128 0.03483
252 49 64 128 0.0636884
253 49 64 128 0.126391
254 49 64 128 0.198585
255 49 64 128 0.288625
256 49 64 128 0.375332
257 49 64 128 0.326909
258 49 64 128 0.221254
259 49 64 128 0.200878
260 49 64 128 0.180445
261 49 64 128 0.207201
262 49 64 128 0.203623
263 49 64 128 0.150173
264 49 64 128 0.111331
265 49 64 128 0.0933818
266 49 64 128 0.0947357
267 49 64 128 0.0792239
268 49 64 128 0.0407511
269 49 64 128 0.0125854
270 49 64 128 0.0106332
225 50 64 128 0.0110527
226 50 64 128 0.0174013
227 50 64 128 0.0237623
228 50 64 128 0.0337779
229 50 64 128 0.0961406
230 50 64 128 0.290178
231 50 64 128 0.557055
232 50 64 128 0.722497
233 50 64 128 0.733834
234 50 64 128 0.656841
235 50 64 128 0.52381
236 50 64 128 0.350275
237 50 64 128 0.227486
238 50 64 128 0.158704
239 50 64 128 0.0971251
240 50 64 128 0.065537
241 50 64 128 0.0373214
242 50 64 128 0.0268936
243 50 64 128 0.0333489
244 50 64 128 0.036332
245 50 64 128 0.0366842
246 50 64 128 0.0317003
247 50 64 128 0.0256421
248 50 64 128 0.0200116
249 50 64 128 0.0198466
250 50 64 128 0.0322982
251 50 64 128 0.0323798
252 50 64 128 0.0644872
253 50 64 128 0.12324
254 50 64 128 0.178047
255 50 64 128 0.262351
256 50 64 128 0.341435
257 50 64 128 0.301298
258 50 64 128 0.202866
259 50 64 128 0.171543
260 50 64 128 0.160882
261 50 64 128 0.186353
262 50 64 128 0.183076
263 50 64 128 0.136445
264 50 64 128 0.0990215
265 50 64 128 0.0861499
266 50 64 128 0.0887908
267 50 64 128 0.0739509
268 50 64 128 0.0378873
269 50 64 128 0.0107699
226 51 64 128 0.0154083
227 51 64 128 0.0198183
228 51 64 128 0.0322729
229 51 64 128 0.0931366
230 51 64 128 0.266255
231 51 64 128 0.551394
232 51 64 128 0.720481
233 51 64 128 0.720027
234 51 64 128 0.652452
235 51 64 128 0.51984
236 51 64 128 0.359683
237 51 64 128 0.23217
238 51 64 128 0.151569
239 51 64 128 0.0986585
240 51 64 128 0.0664191
241 51 64 128 0.0375354
242 51 64 128 0.025441
243 51 64 128 0.0300273
244 51 64 128 0.0334287
245 51 64 128 0.0315094
246 51 64 128 0.0291045
247 51 64 128 0.0231472
248 51 64 128 0.0159128
249 51 64 128 0.0159195
250 51 64 128 0.0229044
251 51 64 128 0.0244056
252 51 64 128 0.0446615
253 51 64 128 0.0818758
254 51 64 128 0.119061
255 51 64 128 0.17587
256 51 64 128 0.249152
257 51 64 128 0.22205
258 51 64 128 0.131172
259 51 64 128 0.101224
260 51 64 128 0.10748
261 51 64 128 0.133097
262 51 64 128 0.134804
263 51 64 128 0.102224
264 51 64 128 0.071481
265 51 64 128 0.0703044
266 51 64 128 0.0743818
267 51 64 128 0.0597358
268 51 64 128 0.0300675
226 52 64 128 0.0144629
227 52 64 128 0.0181474
228 52 64 128 0.0319293
229 52 64 128 0.0901947
230 52 64 128 0.246694
231 52 64 128 0.531223
232 52 64 128 0.694313
233 52 64 128 0.679737
234 52 64 128 0.608272
235 52 64 128 0.480346
236 52 64 128 0.344173
237 52 64 128 0.222011
238 52 64 128 0.135689
239 52 64 128 0.0922929
240 52 64 128 0.0602454
241 52 64 128 0.034256
242 52 64 128 0.022277
243 52 64 128 0.0241982
244 52 64 128 0.0282275
245 52 64 128 0.0253644
246 52 64 128 0.0246679
247 52 64 128 0.0193641
248 52 64 128 0.012102
249 52 64 128 0.0121519
250 52 64 128 0.0143965
251 52 64 128 0.0170794
252 52 64 128 0.0256941
253 52 64 128 0.0451476
254 52 64 128 0.0728114
255 52 64 128 0.107966
256 52 64 128 0.164734
257 52 64 128 0.143834
258 52 64 128 0.0686213
259 52 64 128 0.0474241
260 52 64 128 0.0644459
261 52 64 128 0.0863334
262 52 64 128 0.0910283
263 52 64 128 0.0717368
264 52 64 128 0.0501836
265 52 64 128 0.0601039
266 52 64 128 0.0638058
267 52 64 128 0.0481099
268 52 64 128 0.0239152
226 53 64 128 0.0107617
227 53 64 128 0.0137392
228 53 64 128 0.02497
229 53 64 128 0.0743801
230 53 64 128 0.213875
231 53 64 128 0.475651
232 53 64 128 0.627759
233 53 64 128 0.601826
234 53 64 128 0.510821
235 53 64 128 0.390544
236 53 64 128 0.284089
237 53 64 128 0.187596
238 53 64 128 0.112451
239 53 64 128 0.0733044
240 53 64 128 0.0456836
241 53 64 128 0.0267513
242 53 64 128 0.0173199
243 53 64 128 0.0170465
244 53 64 128 0.0209351
245 53 64 128 0.0207861
246 53 64 128 0.0199644
247 53 64 128 0.0159427
248 53 64 128 0.0108261
250 53 64 128 0.0112519
251 53 64 128 0.0133543
252 53 64 128 0.0184694
253 53 64 128 0.0337505
254 53 64 128 0.0611605
255 53 64 128 0.0922057
256 53 64 128 0.12055
257 53 64 128 0.0963201
258 53 64 128 0.0457945
259 53 64 128 0.0355459
260 53 64 128 0.0515462
261 53 64 128 0.0647862
262 53 64 128 0.0678388
263 53 64 128 0.0566167
264 53 64 128 0.0439173
265 53 64 128 0.0595337
266 53 64 128 0.0608344
267 53 64 128 0.0436333
268 53 64 128 0.0220655
228 54 64 128 0.0167808
229 54 64 128 0.0556876
230 54 64 128 0.17648
231 54 64 128 0.400964
232 54 64 128 0.536606
233 54 64 128 0.505336
234 54 64 128 0.400773
235 54 64 128 0.298159
236 54 64 128 0.214638
237 54 64 128 0.144119
238 54 64 128 0.0883284
239 54 64 128 0.0528092
240 54 64 128 0.0316188
241 54 64 128 0.0190026
242 54 64 128 0.0121214
243 54 64 128 0.0108586
244 54 64 128 0.0138895
245 54 64 128 0.0162064
246 54 64 128 0.0149179
247 54 64 128 0.0120707
251 54 64 128 0.0104838
252 54 64 128 0.0149783
253 54 64 128 0.0293862
254 54 64 128 0.0554385
255 54 64 128 0.0839488
256 54 64 128 0.0898729
257 54 64 128 0.0649137
258 54 64 128 0.037438
259 54 64 128 0.0358576
260 54 64 128 0.0464075
261 54 64 128 0.0522078
262 54 64 128 0.0533565
263 54 64 128 0.0467396
264 54 64 128 0.0398511
265 54 64 128 0.0553278
266 54 64 128 0.0548635
267 54 64 128 0.0389817
268 54 64 128 0.0203553
228 55 64 128 0.0116974
229 55 64 128 0.0421577
230 55 64 128 0.141916
231 55 64 128 0.322119
232 55 64 128 0.435582
233 55 64 128 0.406111
234 55 64 128 0.308398
235 55 64 128 0.235283
236 55 64 128 0.162016
237 55 64 128 0.104629
238 55 64 128 0.0680414
239 55 64 128 0.0389243
240 55 64 128 0.0239634
241 55 64 128 0.0138397
245 55 64 128 0.0107726
253 55 64 128 0.0186381
254 55 64 128 0.0359873
255 55 64 128 0.0529933
256 55 64 128 0.0536244
257 55 64 128 0.037648
258 55 64 128 0.0239545
259 55 64 128 0.0261164
260 55 64 128 0.0329557
261 55 64 128 0.0368107
262 55 64 128 0.0388332
263 55 64 128 0.0350263
264 55 64 128 0.0297285
265 55 64 128 0.0403966
266 55 64 128 0.0403423
267 55 64 128 0.0298126
268 55 64 128 0.0161819
229 56 64 128 0.0321669
230 56 64 128 0.108853
231 56 64 128 0.242854
232 56 64 128 0.329971
233 56 64 128 0.305749
234 56 64 128 0.227134
235 56 64 128 0.182723
236 56 64 128 0.118821
237 56 64 128 0.0716937
238 56 64 128 0.050977
239 56 64 128 0.0290982
240 56 64 128 0.0192354
241 56 64 128 0.0102907
254 56 64 128 0.0158369
255 56 64 128 0.0209113
256 56 64 128 0.023955
257 56 64 128 0.0184401
258 56 64 128 0.0114518
259 56 64 128 0.0140687
260 56 64 128 0.0194303
261 56 64 128 0.0251274
262 56 64 128 0.0291156
263 56 64 128 0.0264513
264 56 64 128 0.0210187
265 56 64 128 0.0263131
266 56 64 128 0.0270466
267 56 64 128 0.02156
268 56 64 128 0.0121839
229 57 64 128 0.0234571
230 57 64 128 0.0764174
231 57 64 128 0.167554
232 57 64 128 0.226728
233 57 64 128 0.207409
234 57 64 128 0.15009
235 57 64 128 0.122349
236 57 64 128 0.0767555
237 57 64 128 0.0462677
238 57 64 128 0.0362076
239 57 64 128 0.0202887
240 57 64 128 0.0138814
256 57 64 128 0.0124236
257 57 64 128 0.011018
260 57 64 128 0.0142662
261 57 64 128 0.0230038
262 57 64 128 0.0281618
263 57 64 128 0.0251883
264 57 64 128 0.0202576
265 57 64 128 0.0231189
266 57 64 128 0.0234031
267 57 64 128 0.0189921
268 57 64 128 0.0107645
229 58 64 128 0.0167965
230 58 64 128 0.0503827
231 58 64 128 0.109355
232 58 64 128 0.14446
233 58 64 128 0.128169
234 58 64 128 0.0898344
235 58 64 128 0.0688746
236 58 64 128 0.0430008
237 58 64 128 0.0290752
238 58 64 128 0.024614
239 58 64 128 0.0135883
256 58 64 128 0.0107949
260 58 64 128 0.0129746
261 58 64 128 0.0233887
262 58 64 128 0.0289199
263 58 64 128 0.0256015
264 58 64 128 0.0216077
265 58 64 128 0.0245627
266 58 64 128 0.0241105
267 58 64 128 0.0188622
268 58 64 128 0.01049
229 59 64 128 0.0132905
230 59 64 128 0.0365303
231 59 64 128 0.0798406
232 59 64 128 0.0998356
233 59 64 128 0.0840713
234 59 64 128 0.0595756
235 59 64 128 0.0406211
236 59 64 128 0.0260802
237 59 64 128 0.0201886
238 59 64 128 0.0171495
239 59 64 128 0.0105348
261 59 64 128 0.0180164
262 59 64 128 0.0235121
263 59 64 128 0.0211979
264 59 64 128 0.0179223
265 59 64 128 0.0221571
266 59 64 128 0.0219707
267 59 64 128 0.0168728
229 60 64 128 0.011761
230 60 64 128 0.031193
231 60 64 128 0.0687722
232 60 64 128 0.0811788
233 60 64 128 0.0650576
234 60 64 128 0.0486142
235 60 64 128 0.0307805
236 60 64 128 0.0204957
237 60 64 128 0.0160756
238 60 64 128 0.012625
262 60 64 128 0.0147963
263 60 64 128 0.0143192
264 60 64 128 0.0118244
265 60 64 128 0.0171904
266 60 64 128 0.0179452
267 60 64 128 0.013835
229 61 64 128 0.0103207
230 61 64 128 0.0276099
231 61 64 128 0.059066
232 61 64 128 0.0676738
233 61 64 128 0.0525398
234 61 64 128 0.0388116
235 61 64 128 0.0242848
236 61 64 128 0.0162952
237 61 64 128 0.0122504
263 61 64 128 0.0100931
265 61 64 128 0.014134
266 61 64 128 0.015632
267 61 64 128 0.0121839
230 62 64 128 0.0232506
231 62 64 128 0.0464209
232 62 64 128 0.0525618
233 62 64 128 0.0398063
234 62 64 128 0.0265996
235 62 64 128 0.0170148
236 62 64 128 0.0111692
265 62 64 128 0.0128949
266 62 64 128 0.0146266
267 62 64 128 0.0115794
230 63 64 128 0.0180573
231 63 64 128 0.0337989
232 63 64 128 0.0371713
233 63 64 128 0.0270152
234 63 64 128 0.0165673
235 63 64 128 0.011035
265 63 64 128 0.0109075
266 63 64 128 0.0123844
267 63 64 128 0.010194
230 64 64 128 0.0129107
231 64 64 128 0.0233557
232 64 64 128 0.0236784
233 64 64 128 0.0156882
234 64 64 128 0.0102135
231 65 64 128 0.016438
232 65 64 128 0.0148362
231 66 64 128 0.0127761
232 66 64 128 0.0108152
231 67 64 128 0.0100712
228 85 64 128 0.0101018
228 86 64 128 0.0116257
229 86 64 128 0.0103934
227 87 64 128 0.0116621
228 87 64 128 0.0137622
229 87 64 128 0.0104191
272 87 64 128 0.0100789
227 88 64 128 0.0135139
228 88 64 128 0.0162498
229 88 64 128 0.0101855
271 88 64 128 0.0122967
272 88 64 128 0.0128272
227 89 64 128 0.0160697
228 89 64 128 0.0186879
229 89 64 128 0.0103314
271 89 64 128 0.0133914
272 89 64 128 0.0138482
274 89 64 128 0.0102283
226 90 64 128 0.0106744
227 90 64 128 0.0183654
228 90 64 128 0.0201907
229 90 64 128 0.0105123
271 90 64 128 0.0130949
272 90 64 128 0.0133422
274 90 64 128 0.0106297
226 91 64 128 0.0114617
227 91 64 128 0.0187026
228 91 64 128 0.0196842
269 91 64 128 0.0100776
271 91 64 128 0.0125633
272 91 64 128 0.0125615
226 92 64 128 0.0107318
227 92 64 128 0.0172426
228 92 64 128 0.01751
269 92 64 128 0.0106626
271 92 64 128 0.0119628
272 92 64 128 0.0117921
226 93 64 128 0.0100348
227 93 64 128 0.0156791
228 93 64 128 0.0151748
269 93 64 128 0.0106536
271 93 64 128 0.0106547
272 93 64 128 0.0105283
227 94 64 128 0.0145295
228 94 64 128 0.0133686
269 94 64 128 0.0107484
227 95 64 128 0.0127876
228 95 64 128 0.0117159
267 95 64 128 0.0107501
268 95 64 128 0.0119585
269 95 64 128 0.01321
227 96 64 128 0.0101435
267 96 64 128 0.0144998
268 96 64 128 0.016589
269 96 64 128 0.0183166
270 96 64 128 0.0118541
271 96 64 128 0.0123263
272 96 64 128 0.0117718
266 97 64 128 0.0110322
267 97 64 128 0.0172515
268 97 64 128 0.0199999
269 97 64 128 0.0224218
270 97 64 128 0.0145092
271 97 64 128 0.013988
272 97 64 128 0.0129126
266 98 64 128 0.0112989
267 98 64 128 0.017169
268 98 64 128 0.019668
269 98 64 128 0.022971
270 98 64 128 0.0143275
271 98 64 128 0.0125861
272 98 64 128 0.0111867
266 99 64 128 0.0113531
267 99 64 128 0.0167142
268 99 64 128 0.0183745
269 99 64 128 0.0218371
270 99 64 128 0.0134849
271 99 64 128 0.0105872
266 100 64 128 0.0124712
267 100 64 128 0.0182984
268 100 64 128 0.0190007
269 100 64 128 0.0213204
270 100 64 128 0.0142075
271 100 64 128 0.010478
266 101 64 128 0.0140729
267 101 64 128 0.0205535
268 101 64 128 0.0205022
269 101 64 128 0.0220212
270 101 64 128 0.0153948
271 101 64 128 0.0111052
266 102 64 128 0.0152801
267 102 64 128 0.0215437
268 102 64 128 0.0211467
269 102 64 128 0.0239802
270 102 64 128 0.0153073
271 102 64 128 0.0105898
266 103 64 128 0.0169294
267 103 64 128 0.0231083
268 103 64 128 0.0223972
269 103 64 128 0.0266985
270 103 64 128 0.0145016
266 104 64 128 0.0204043
267 104 64 128 0.0283091
268 104 64 128 0.026728
269 104 64 128 0.0293939
270 104 64 128 0.0144266
266 105 64 128 0.024394
267 105 64 128 0.0344961
268 105 64 128 0.0314753
269 105 64 128 0.0307574
270 105 64 128 0.0149016
266 106 64 128 0.0258906
267 106 64 128 0.0354278
268 106 64 128 0.0307699
269 106 64 128 0.0292142
270 106 64 128 0.0146846
266 107 64 128 0.0248879
267 107 64 128 0.0313817
268 107 64 128 0.025175
269 107 64 128 0.0253044
270 107 64 128 0.0135589
266 108 64 128 0.0244133
267 108 64 128 0.029216
268 108 64 128 0.0217408
269 108 64 128 0.0216929
270 108 64 128 0.0123614
266 109 64 128 0.0254352
267 109 64 128 0.0310724
268 109 64 128 0.0228553
269 109 64 128 0.0198957
270 109 64 128 0.0116546
266 110 64 128 0.0256046
267 110 64 128 0.0315187
268 110 64 128 0.0234212
269 110 64 128 0.019546
270 110 64 128 0.0115148
266 111 64 128 0.0234905
267 111 64 128 0.0274411
268 111 64 128 0.0204472
269 111 64 128 0.0200984
270 111 64 128 0.0118694
266 112 64 128 0.0204084
267 112 64 128 0.0225085
268 112 64 128 0.0172206
269 112 64 128 0.0209568
270 112 64 128 0.0123961
266 113 64 128 0.0175767
267 113 64 128 0.0198904
268 113 64 128 0.0164698
269 113 64 128 0.0213544
270 113 64 128 0.0126439
266 114 64 128 0.0144831
267 114 64 128 0.01755
268 114 64 128 0.0157566
269 114 64 128 0.019938
270 114 64 128 0.0118254
266 115 64 128 0.0105305
267 115 64 128 0.0130455
268 115 64 128 0.0123319
269 115 64 128 0.0157849
269 116 64 128 0.0111784
237 138 64 128 0.0131633
238 138 64 128 0.0154559
239 138 64 128 0.0131304
240 138 64 128 0.0100095
237 139 64 128 0.0185088
238 139 64 128 0.0220138
239 139 64 128 0.0177351
240 139 64 128 0.0140176
236 140 64 128 0.0175448
237 140 64 128 0.03222
238 140 64 128 0.0362633
239 140 64 128 0.0279356
240 140 64 128 0.0222649
241 140 64 128 0.0163697
242 140 64 128 0.0126426
243 140 64 128 0.0108079
235 141 64 128 0.0103254
236 141 64 128 0.0337212
237 141 64 128 0.0593399
238 141 64 128 0.0635408
239 141 64 128 0.0482407
240 141 64 128 0.0387459
241 141 64 128 0.0316267
242 141 64 128 0.0285425
243 141 64 128 0.025865
244 141 64 128 0.0184973
245 141 64 128 0.0117266
235 142 64 128 0.0167403
236 142 64 128 0.0513707
237 142 64 128 0.092859
238 142 64 128 0.101368
239 142 64 128 0.0766205
240 142 64 128 0.0656187
241 142 64 128 0.0517512
242 142 64 128 0.0450154
243 142 64 128 0.0423273
244 142 64 128 0.0302928
245 142 64 128 0.0190228
234 143 64 128 0.0100253
235 143 64 128 0.0245885
236 143 64 128 0.0639713
237 143 64 128 0.126067
238 143 64 128 0.147055
239 143 64 128 0.111028
240 143 64 128 0.104356
241 143 64 128 0.0743286
242 143 64 128 0.0556502
243 143 64 128 0.0547245
244 143 64 128 0.0403591
245 143 64 128 0.0271398
246 143 64 128 0.0109337
234 144 64 128 0.0128777
235 144 64 128 0.0337537
236 144 64 128 0.0800406
237 144 64 128 0.168502
238 144 64 128 0.2062
239 144 64 128 0.157243
240 144 64 128 0.154852
241 144 64 128 0.111466
242 144 64 128 0.0826304
243 144 64 128 0.0823811
244 144 64 128 0.0623527
245 144 64 128 0.0421108
246 144 64 128 0.0167311
226 145 64 128 0.0103453
227 145 64 128 0.0157799
228 145 64 128 0.0139231
234 145 64 128 0.0160916
235 145 64 128 0.044066
236 145 64 128 0.110802
237 145 64 128 0.23215
238 145 64 128 0.285138
239 145 64 128 0.222261
240 145 64 128 0.216262
241 145 64 128 0.177669
242 145 64 128 0.153124
243 145 64 128 0.14874
244 145 64 128 0.112805
245 145 64 128 0.071051
246 145 64 128 0.0291091
226 146 64 128 0.0155322
227 146 64 128 0.0232275
228 146 64 128 0.019564
234 146 64 128 0.0187356
235 146 64 128 0.0534432
236 146 64 128 0.145095
237 146 64 128 0.300522
238 146 64 128 0.37106
239 146 64 128 0.299711
240 146 64 128 0.285979
241 146 64 128 0.263878
242 146 64 128 0.250298
243 146 64 128 0.237237
244 146 64 128 0.182018
245 146 64 128 0.109753
246 146 64 128 0.0451198
247 146 64 128 0.0114657
226 147 64 128 0.0187562
227 147 64 128 0.0262511
228 147 64 128 0.0211061
234 147 64 128 0.0193914
235 147 64 128 0.0589798
236 147 64 128 0.161584
237 147 64 128 0.344235
238 147 64 128 0.44219
239 147 64 128 0.37644
240 147 64 128 0.360389
241 147 64 128 0.349346
242 147 64 128 0.335973
243 147 64 128 0.312228
244 147 64 128 0.247616
245 147 64 128 0.14864
246 147 64 128 0.0589166
247 147 64 128 0.0140011
225 148 64 128 0.0102517
226 148 64 128 0.0209298
227 148 64 128 0.0265881
228 148 64 128 0.019876
234 148 64 128 0.0184104
235 148 64 128 0.0608169
236 148 64 128 0.166025
237 148 64 128 0.369093
238 148 64 128 0.495756
239 148 64 128 0.44432
240 148 64 128 0.434773
241 148 64 128 0.426321
242 148 64 128 0.403897
243 148 64 128 0.372169
244 148 64 128 0.307014
245 148 64 128 0.188313
246 148 64 128 0.0736054
247 148 64 128 0.0160489
225 149 64 128 0.012274
226 149 64 128 0.025881
227 149 64 128 0.0316039
228 149 64 128 0.02189
234 149 64 128 0.017523
235 149 64 128 0.0614955
236 149 64 128 0.185127
237 149 64 128 0.408179
238 149 64 128 0.543951
239 149 64 128 0.499395
240 149 64 128 0.50356
241 149 64 128 0.497401
242 149 64 128 0.472927
243 149 64 128 0.442045
244 149 64 128 0.372937
245 149 64 128 0.237102
246 149 64 128 0.099032
247 149 64 128 0.0236826
225 150 64 128 0.0149084
226 150 64 128 0.0330921
227 150 64 128 0.0411203
228 150 64 128 0.027678
234 150 64 128 0.0171867
235 150 64 128 0.0622174
236 150 64 128 0.220344
237 150 64 128 0.464133
238 150 64 128 0.589853
239 150 64 128 0.541313
240 150 64 128 0.56213
241 150 64 128 0.56121
242 150 64 128 0.543657
243 150 64 128 0.51861
244 150 64 128 0.438662
245 150 64 128 0.289106
246 150 64 128 0.130891
247 150 64 128 0.0350447
225 151 64 128 0.0172914
226 151 64 128 0.0368029
227 151 64 128 0.0458298
228 151 64 128 0.0310997
234 151 64 128 0.0163006
235 151 64 128 0.0625026
236 151 64 128 0.242488
237 151 64 128 0.502569
238 151 64 128 0.625194
239 151 64 128 0.573866
240 151 64 128 0.607058
241 151 64 128 0.611331
242 151 64 128 0.594213
243 151 64 128 0.564341
244 151 64 128 0.474004
245 151 64 128 0.321367
246 151 64 128 0.147944
247 151 64 128 0.0387734
225 152 64 128 0.0189492
226 152 64 128 0.0349677
227 152 64 128 0.0419507
228 152 64 128 0.0291234
234 152 64 128 0.0143983
235 152 64 128 0.0614727
236 152 64 128 0.239283
237 152 64 128 0.508467
238 152 64 128 0.645488
239 152 64 128 0.599367
240 152 64 128 0.637825
241 152 64 128 0.645845
242 152 64 128 0.617935
243 152 64 128 0.569118
244 152 64 128 0.473116
245 152 64 128 0.328865
246 152 64 128 0.145555
247 152 64 128 0.0326058
224 153 64 128 0.0106692
225 153 64 128 0.0202029
226 153 64 128 0.0327534
227 153 64 128 0.0365708
228 153 64 128 0.0249938
234 153 64 128 0.0123143
235 153 64 128 0.0577127
236 153 64 128 0.232
237 153 64 128 0.505437
238 153 64 128 0.654221
239 153 64 128 0.617048
240 153 64 128 0.659008
241 153 64 128 0.671423
242 153 64 128 0.637796
243 153 64 128 0.57555
244 153 64 128 0.476239
245 153 64 128 0.340513
246 153 64 128 0.150631
247 153 64 128 0.0315892
224 154 64 128 0.0125311
225 154 64 128 0.0214516
226 154 64 128 0.0338371
227 154 64 128 0.035026
228 154 64 128 0.0216144
234 154 64 128 0.0106709
235 154 64 128 0.0506844
236 154 64 128 0.233912
237 154 64 128 0.508206
238 154 64 128 0.653732
239 154 64 128 0.626182
240 154 64 128 0.673122
241 154 64 128 0.692569
242 154 64 128 0.668048
243 154 64 128 0.609938
244 154 64 128 0.508751
245 154 64 128 0.3722
246 154 64 128 0.177419
247 154 64 128 0.0440755
224 155 64 128 0.0146394
225 155 64 128 0.023081
226 155 64 128 0.0357264
227 155 64 128 0.0347114
228 155 64 128 0.0191499
235 155 64 128 0.0424176
236 155 64 128 0.22665
237 155 64 128 0.495972
238 155 64 128 0.640921
239 155 64 128 0.627035
240 155 64 128 0.675555
241 155 64 128 0.705361
242 155 64 128 0.690421
243 155 64 128 0.638568
244 155 64 128 0.541888
245 155 64 128 0.394209
246 155 64 128 0.196259
247 155 64 128 0.0550152
223 156 64 128 0.0117092
224 156 64 128 0.0159877
225 156 64 128 0.0250946
226 156 64 128 0.0356258
227 156 64 128 0.0326195
228 156 64 128 0.0173101
235 156 64 128 0.0351347
236 156 64 128 0.195241
237 156 64 128 0.453258
238 156 64 128 0.616397
239 156 64 128 0.622074
240 156 64 128 0.665093
241 156 64 128 0.707263
242 156 64 128 0.689018
243 156 64 128 0.631381
244 156 64 128 0.548261
245 156 64 128 0.381507
246 156 64 128 0.181934
247 156 64 128 0.0509596
223 157 64 128 0.0130809
224 157 64 128 0.0163678
225 157 64 128 0.0258476
226 157 64 128 0.0339922
227 157 64 128 0.029874
228 157 64 128 0.0158584
235 157 64 128 0.0299925
236 157 64 128 0.162883
237 157 64 128 0.41399
238 157 64 128 0.600872
239 157 64 128 0.622585
240 157 64 128 0.660539
241 157 64 128 0.707998
242 157 64 128 0.682304
243 157 64 128 0.618616
244 157 64 128 0.546531
245 157 64 128 0.36315
246 157 64 128 0.160999
247 157 64 128 0.0427276
218 158 64 128 0.0110174
219 158 64 128 0.0104921
220 158 64 128 0.0100185
222 158 64 128 0.0111411
223 158 64 128 0.0133958
224 158 64 128 0.0158946
225 158 64 128 0.0238039
226 158 64 128 0.0321675
227 158 64 128 0.0284367
228 158 64 128 0.0145863
235 158 64 128 0.0276717
236 158 64 128 0.157449
237 158 64 128 0.417056
238 158 64 128 0.615026
239 158 64 128 0.638557
240 158 64 128 0.680461
241 158 64 128 0.717647
242 158 64 128 0.692529
243 158 64 128 0.63759
244 158 64 128 0.561451
245 158 64 128 0.374132
246 158 64 128 0.166565
247 158 64 128 0.0447232
218 159 64 128 0.0123132
219 159 64 128 0.012832
220 159 64 128 0.0113065
221 159 64 128 0.0114616
222 159 64 128 0.0122279
223 159 64 128 0.013029
224 159 64 128 0.0154224
225 159 64 128 0.0212832
226 159 64 128 0.0315139
227 159 64 128 0.0283111
228 159 64 128 0.013384
235 159 64 128 0.0275542
236 159 64 128 0.167461
237 159 64 128 0.442841
238 159 64 128 0.641468
239 159 64 128 0.654426
240 159 64 128 0.70413
241 159 64 128 0.725745
242 159 64 128 0.703592
243 159 64 128 0.661309
244 159 64 128 0.573452
245 159 64 128 0.388893
246 159 64 128 0.179888
247 159 64 128 0.0505789
248 159 64 128 0.0106169
217 160 64 128 0.0121129
218 160 64 128 0.0147732
219 160 64 128 0.0151182
220 160 64 128 0.0140774
221 160 64 128 0.0145544
222 160 64 128 0.0134465
223 160 64 128 0.0127357
224 160 64 128 0.0159958
225 160 64 128 0.0218633
226 160 64 128 0.0332143
227 160 64 128 0.0287172
228 160 64 128 0.0122185
235 160 64 128 0.0284458
236 160 64 128 0.166609
237 160 64 128 0.449623
238 160 64 128 0.648547
239 160 64 128 0.645698
240 160 64 128 0.696862
241 160 64 128 0.714567
242 160 64 128 0.686046
243 160 64 128 0.640541
244 160 64 128 0.548225
245 160 64 128 0.361291
246 160 64 128 0.164199
247 160 64 128 0.0466377
217 161 64 128 0.0152227
218 161 64 128 0.0182085
219 161 64 128 0.0174769
220 161 64 128 0.0182494
221 161 64 128 0.0183528
222 161 64 128 0.0149655
223 161 64 128 0.013026
224 161 64 128 0.0172298
225 161 64 128 0.0247592
226 161 64 128 0.0362584
227 161 64 128 0.0294154
228 161 64 128 0.0114705
235 161 64 128 0.0288482
236 161 64 128 0.150025
237 161 64 128 0.426818
238 161 64 128 0.626339
239 161 64 128 0.609922
240 161 64 128 0.655279
241 161 64 128 0.683199
242 161 64 128 0.644259
243 161 64 128 0.584328
244 161 64 128 0.498478
245 161 64 128 0.304215
246 161 64 128 0.128621
247 161 64 128 0.036821
216 162 64 128 0.0111297
217 162 64 128 0.0180151
218 162 64 128 0.0215879
219 162 64 128 0.0202176
220 162 64 128 0.0228164
221 162 64 128 0.0217775
222 162 64 128 0.0168222
223 162 64 128 0.0142127
224 162 64 128 0.0178568
225 162 64 128 0.0264721
226 162 64 128 0.0382541
227 162 64 128 0.0304565
228 162 64 128 0.0117348
235 162 64 128 0.0271391
236 162 64 128 0.126515
237 162 64 128 0.383772
238 162 64 128 0.578777
239 162 64 128 0.55833
240 162 64 128 0.5956
241 162 64 128 0.640825
242 162 64 128 0.603009
243 162 64 128 0.537266
244 162 64 128 0.465125
245 162 64 128 0.266598
246 162 64 128 0.11035
247 162 64 128 0.0357013
216 163 64 128 0.0123947
217 163 64 128 0.0209715
218 163 64 128 0.0254887
219 163 64 128 0.0236585
220 163 64 128 0.026966
221 163 64 128 0.0242565
222 163 64 128 0.0186202
223 163 64 128 0.0157753
224 163 64 128 0.0174726
225 163 64 128 0.0257271
226 163 64 128 0.0374839
227 163 64 128 0.0306066
228 163 64 128 0.0124781
235 163 64 128 0.0232187
236 163 64 128 0.100837
237 163 64 128 0.325506
238 163 64 128 0.505739
239 163 64 128 0.490275
240 163 64 128 0.520599
241 163 64 128 0.580082
242 163 64 128 0.556246
243 163 64 128 0.499152
244 163 64 128 0.442755
245 163 64 128 0.25274
246 163 64 128 0.112703
247 163 64 128 0.0426965
216 164 64 128 0.0147417
217 164 64 128 0.0259742
218 164 64 128 0.0319845
219 164 64 128 0.0281018
220 164 64 128 0.030091
221 164 64 128 0.0257187
222 164 64 128 0.0195546
223 164 64 128 0.016406
224 164 64 128 0.0165166
225 164 64 128 0.0234362
226 164 64 128 0.0329437
227 164 64 128 0.0274418
228 164 64 128 0.0121015
235 164 64 128 0.0184543
236 164 64 128 0.0736667
237 164 64 128 0.25272
238 164 64 128 0.403314
239 164 64 128 0.39383
240 164 64 128 0.420135
241 164 64 128 0.478093
242 164 64 128 0.468568
243 164 64 128 0.426707
244 164 64 128 0.38162
245 164 64 128 0.223804
246 164 64 128 0.106221
247 164 64 128 0.0426385
215 165 64 128 0.010618
216 165 64 128 0.0178408
217 165 64 128 0.0320203
218 165 64 128 0.0396329
219 165 64 128 0.0327255
220 165 64 128 0.0317586
221 165 64 128 0.0261276
222 165 64 128 0.0192325
223 165 64 128 0.0155013
224 165 64 128 0.0152302
225 165 64 128 0.0203301
226 165 64 128 0.0256094
227 165 64 128 0.021258
228 165 64 128 0.0103224
235 165 64 128 0.0139892
236 165 64 128 0.0477635
237 165 64 128 0.174904
238 165 64 128 0.284801
239 165 64 128 0.277701
240 165 64 128 0.302805
241 165 64 128 0.342932
242 165 64 128 0.340979
243 165 64 128 0.313926
244 165 64 128 0.273839
245 165 64 128 0.167473
246 165 64 128 0.0804077
247 165 64 128 0.0310726
215 166 64 128 0.0112981
216 166 64 128 0.0193545
217 166 64 128 0.033876
218 166 64 128 0.0418508
219 166 64 128 0.0350936
220 166 64 128 0.0317772
221 166 64 128 0.0254684
222 166 64 128 0.0178801
223 166 64 128 0.0135209
224 166 64 128 0.0135202
225 166 64 128 0.0167507
226 166 64 128 0.0192645
227 166 64 128 0.0163368
235 166 64 128 0.0105547
236 166 64 128 0.0291201
237 166 64 128 0.114433
238 166 64 128 0.188466
239 166 64 128 0.180941
240 166 64 128 0.20493
241 166 64 128 0.228119
242 166 64 128 0.228637
243 166 64 128 0.211019
244 166 64 128 0.174452
245 166 64 128 0.11219
246 166 64 128 0.0540201
247 166 64 128 0.0198377
216 167 64 128 0.0180847
217 167 64 128 0.0292679
218 167 64 128 0.0359192
219 167 64 128 0.0339315
220 167 64 128 0.0303992
221 167 64 128 0.0239376
222 167 64 128 0.0158709
223 167 64 128 0.0111388
224 167 64 128 0.0115605
225 167 64 128 0.0133602
226 167 64 128 0.0162709
227 167 64 128 0.0150723
236 167 64 128 0.0203812
237 167 64 128 0.0822842
238 167 64 128 0.134488
239 167 64 128 0.125398
240 167 64 128 0.146477
241 167 64 128 0.163875
242 167 64 128 0.163884
243 167 64 128 0.148828
244 167 64 128 0.11807
245 167 64 128 0.0771448
246 167 64 128 0.0395058
247 167 64 128 0.0162229
216 168 64 128 0.0156667
217 168 64 128 0.0231189
218 168 64 128 0.0284479
219 168 64 128 0.0307804
220 168 64 128 0.0288064
221 168 64 128 0.0221907
222 168 64 128 0.0137948
224 168 64 128 0.0101657
225 168 64 128 0.0115875
226 168 64 128 0.0154037
227 168 64 128 0.0150502
236 168 64 128 0.016319
237 168 64 128 0.062314
238 168 64 128 0.0992395
239 168 64 128 0.0901098
240 168 64 128 0.106924
241 168 64 128 0.121703
242 168 64 128 0.119942
243 168 64 128 0.106247
244 168 64 128 0.0839087
245 168 64 128 0.0543538
246 168 64 128 0.0305282
247 168 64 128 0.0147894
216 169 64 128 0.0136116
217 169 64 128 0.0195979
218 169 64 128 0.0248741
219 169 64 128 0.0271807
220 169 64 128 0.0277014
221 169 64 128 0.0206516
222 169 64 128 0.0120982
225 169 64 128 0.0121416
226 169 64 128 0.0151282
227 169 64 128 0.0139828
236 169 64 128 0.0121348
237 169 64 128 0.0402543
238 169 64 128 0.0616678
239 169 64 128 0.0556739
240 169 64 128 0.0676288
241 169 64 128 0.0757965
242 169 64 128 0.0724831
243 169 64 128 0.0634622
244 169 64 128 0.0512657
245 169 64 128 0.0350321
246 169 64 128 0.0207166
247 169 64 128 0.0105677
216 170 64 128 0.0117337
217 170 64 128 0.0170707
218 170 64 128 0.0224483
219 170 64 128 0.0234034
220 170 64 128 0.0257374
221 170 64 128 0.0187501
222 170 64 128 0.0106411
225 170 64 128 0.0129377
226 170 64 128 0.0144697
227 170 64 128 0.0121741
237 170 64 128 0.0204182
238 170 64 128 0.0291872
239 170 64 128 0.0272491
240 170 64 128 0.0345656
241 170 64 128 0.0359223
242 170 64 128 0.0321294
243 170 64 128 0.0284249
244 170 64 128 0.0246449
245 170 64 128 0.0198976
246 170 64 128 0.0120353
217 171 64 128 0.0132635
218 171 64 128 0.0176307
219 171 64 128 0.019471
220 171 64 128 0.0215886
221 171 64 128 0.0158951
225 171 64 128 0.0118132
226 171 64 128 0.012749
227 171 64 128 0.0103412
238 171 64 128 0.0124742
239 171 64 128 0.0129033
240 171 64 128 0.0165479
241 171 64 128 0.0157989
242 171 64 128 0.0130598
243 171 64 128 0.0118825
244 171 64 128 0.0116683
245 171 64 128 0.0109963
218 172 64 128 0.0120052
219 172 64 128 0.0155215
220 172 64 128 0.0163913
221 172 64 128 0.01252
226 172 64 128 0.0102374
219 173 64 128 0.0117439
220 173 64 128 0.0119418
267 177 64 128 0.0105
266 178 64 128 0.0102231
267 178 64 128 0.0118646
268 178 64 128 0.0116215
266 179 64 128 0.0107023
267 179 64 128 0.0123454
268 179 64 128 0.0120759
266 180 64 128 0.0107886
267 180 64 128 0.0119876
268 180 64 128 0.0111112
266 181 64 128 0.0108204
267 181 64 128 0.0113612
266 182 64 128 0.0109002
267 182 64 128 0.0108147
266 183 64 128 0.0104386
