299 112 98 196 0.0100611
298 113 98 196 0.0100167
299 113 98 196 0.0103009
298 114 98 196 0.0100836
299 114 98 196 0.010459
298 115 98 196 0.0100838
299 115 98 196 0.0105114
298 116 98 196 0.0100077
299 116 98 196 0.0104395
299 117 98 196 0.0102536
319 9 64 128 0.0112971
318 10 64 128 0.0105501
319 10 64 128 0.0202517
318 11 64 128 0.0122939
319 11 64 128 0.0240131
319 12 64 128 0.0179205
319 13 64 128 0.0104094
223 37 64 128 0.0109728
224 37 64 128 0.0122441
222 38 64 128 0.0109613
223 38 64 128 0.015176
224 38 64 128 0.0164069
222 39 64 128 0.0118566
223 39 64 128 0.0168527
224 39 64 128 0.017987
222 40 64 128 0.0106058
223 40 64 128 0.0144546
224 40 64 128 0.0157182
223 41 64 128 0.0117135
224 41 64 128 0.0132555
223 42 64 128 0.0114069
224 42 64 128 0.0132606
223 43 64 128 0.0114946
224 43 64 128 0.0135886
224 44 64 128 0.0118694
235 52 64 128 0.011146
235 53 64 128 0.0110732
235 54 64 128 0.0129831
236 54 64 128 0.0102297
234 55 64 128 0.0100243
235 55 64 128 0.0184258
236 55 64 128 0.0151976
237 55 64 128 0.011349
238 55 64 128 0.0103067
234 56 64 128 0.012372
235 56 64 128 0.0226128
236 56 64 128 0.0194092
237 56 64 128 0.0147523
238 56 64 128 0.0132665
234 57 64 128 0.0113696
235 57 64 128 0.0215679
236 57 64 128 0.0194901
237 57 64 128 0.0155706
238 57 64 128 0.013989
235 58 64 128 0.0179556
236 58 64 128 0.0168382
237 58 64 128 0.0141652
238 58 64 128 0.0127762
235 59 64 128 0.0154563
236 59 64 128 0.0137953
237 59 64 128 0.011566
238 59 64 128 0.0104928
229 60 64 128 0.0115635
234 60 64 128 0.0115174
235 60 64 128 0.0143946
236 60 64 128 0.0115805
228 61 64 128 0.01078
229 61 64 128 0.0126355
230 61 64 128 0.0131699
231 61 64 128 0.0105665
234 61 64 128 0.0118251
235 61 64 128 0.0140548
236 61 64 128 0.0109465
228 62 64 128 0.0143803
229 62 64 128 0.0159119
230 62 64 128 0.0185101
231 62 64 128 0.0148668
232 62 64 128 0.0117133
233 62 64 128 0.0117599
234 62 64 128 0.0127313
235 62 64 128 0.0158048
236 62 64 128 0.0121715
227 63 64 128 0.0132545
228 63 64 128 0.0257961
229 63 64 128 0.030115
230 63 64 128 0.0266236
231 63 64 128 0.0221333
232 63 64 128 0.0184772
233 63 64 128 0.016369
234 63 64 128 0.0181212
235 63 64 128 0.0219534
236 63 64 128 0.0151989
237 63 64 128 0.0100309
227 64 64 128 0.0211051
228 64 64 128 0.0439485
229 64 64 128 0.0529111
230 64 64 128 0.0414332
231 64 64 128 0.0340815
232 64 64 128 0.0286096
233 64 64 128 0.0240247
234 64 64 128 0.0268741
235 64 64 128 0.0303685
236 64 64 128 0.0188309
237 64 64 128 0.0112861
238 64 64 128 0.0112751
227 65 64 128 0.0299574
228 65 64 128 0.0622679
229 65 64 128 0.0730861
230 65 64 128 0.0692968
231 65 64 128 0.0526965
232 65 64 128 0.0395031
233 65 64 128 0.0345998
234 65 64 128 0.0336685
235 65 64 128 0.0352148
236 65 64 128 0.0209342
237 65 64 128 0.0117725
238 65 64 128 0.011856
227 66 64 128 0.0466649
228 66 64 128 0.0926801
229 66 64 128 0.103694
230 66 64 128 0.114872
231 66 64 128 0.0815873
232 66 64 128 0.0535955
233 66 64 128 0.0470951
234 66 64 128 0.0375148
235 66 64 128 0.0350588
236 66 64 128 0.0208828
237 66 64 128 0.0113814
238 66 64 128 0.0109978
226 67 64 128 0.0188815
227 67 64 128 0.0890962
228 67 64 128 0.1708
229 67 64 128 0.188946
230 67 64 128 0.180518
231 67 64 128 0.126394
232 67 64 128 0.0798197
233 67 64 128 0.0594349
234 67 64 128 0.0431155
235 67 64 128 0.03424
236 67 64 128 0.0200162
237 67 64 128 0.0108031
225 68 64 128 0.0127544
226 68 64 128 0.0442671
227 68 64 128 0.163843
228 68 64 128 0.304592
229 68 64 128 0.337357
230 68 64 128 0.266195
231 68 64 128 0.188273
232 68 64 128 0.119877
233 68 64 128 0.0705908
234 68 64 128 0.0513194
235 68 64 128 0.0347718
236 68 64 128 0.0191074
237 68 64 128 0.0103518
225 69 64 128 0.0188029
226 69 64 128 0.0799735
227 69 64 128 0.254332
228 69 64 128 0.445642
229 69 64 128 0.484586
230 69 64 128 0.367522
231 69 64 128 0.259465
232 69 64 128 0.160687
233 69 64 128 0.0816924
234 69 64 128 0.0548174
235 69 64 128 0.0334461
236 69 64 128 0.0175889
225 70 64 128 0.0289726
226 70 64 128 0.124027
227 70 64 128 0.346532
228 70 64 128 0.555219
229 70 64 128 0.581735
230 70 64 128 0.475156
231 70 64 128 0.332029
232 70 64 128 0.192792
233 70 64 128 0.0926884
234 70 64 128 0.049267
235 70 64 128 0.0283564
236 70 64 128 0.0151399
224 71 64 128 0.0121033
225 71 64 128 0.0420577
226 71 64 128 0.182069
227 71 64 128 0.441855
228 71 64 128 0.642614
229 71 64 128 0.650667
230 71 64 128 0.566443
231 71 64 128 0.400505
232 71 64 128 0.222547
233 71 64 128 0.0992759
234 71 64 128 0.0419371
235 71 64 128 0.0232461
236 71 64 128 0.0126318
224 72 64 128 0.0154785
225 72 64 128 0.0572592
226 72 64 128 0.255652
227 72 64 128 0.539118
228 72 64 128 0.719622
229 72 64 128 0.715835
230 72 64 128 0.621284
231 72 64 128 0.457102
232 72 64 128 0.253354
233 72 64 128 0.097198
234 72 64 128 0.0397204
235 72 64 128 0.0215219
236 72 64 128 0.0108382
187 73 64 128 0.0105983
224 73 64 128 0.0191101
225 73 64 128 0.0780839
226 73 64 128 0.320432
227 73 64 128 0.611447
228 73 64 128 0.767957
229 73 64 128 0.752164
230 73 64 128 0.643233
231 73 64 128 0.480901
232 73 64 128 0.26091
233 73 64 128 0.0861222
234 73 64 128 0.0376086
235 73 64 128 0.020074
186 74 64 128 0.0110504
187 74 64 128 0.01214
224 74 64 128 0.0228945
225 74 64 128 0.107582
226 74 64 128 0.349525
227 74 64 128 0.630795
228 74 64 128 0.766601
229 74 64 128 0.728719
230 74 64 128 0.640814
231 74 64 128 0.451594
232 74 64 128 0.219439
233 74 64 128 0.0673133
234 74 64 128 0.0284994
235 74 64 128 0.0147055
186 75 64 128 0.0106237
187 75 64 128 0.0122675
224 75 64 128 0.0275513
225 75 64 128 0.135779
226 75 64 128 0.354349
227 75 64 128 0.617378
228 75 64 128 0.740781
229 75 64 128 0.680317
230 75 64 128 0.607584
231 75 64 128 0.38269
232 75 64 128 0.153601
233 75 64 128 0.0453961
234 75 64 128 0.0159018
186 76 64 128 0.0103658
187 76 64 128 0.0130484
224 76 64 128 0.0338297
225 76 64 128 0.147563
226 76 64 128 0.360896
227 76 64 128 0.609289
228 76 64 128 0.731451
229 76 64 128 0.66451
230 76 64 128 0.531709
231 76 64 128 0.302011
232 76 64 128 0.107892
233 76 64 128 0.0262856
186 77 64 128 0.0100958
187 77 64 128 0.0137164
188 77 64 128 0.0112487
224 77 64 128 0.0380271
225 77 64 128 0.13829
226 77 64 128 0.357361
227 77 64 128 0.590843
228 77 64 128 0.710087
229 77 64 128 0.644776
230 77 64 128 0.419981
231 77 64 128 0.222611
232 77 64 128 0.0854347
233 77 64 128 0.0127429
187 78 64 128 0.0116528
188 78 64 128 0.0100589
224 78 64 128 0.0336664
225 78 64 128 0.110846
226 78 64 128 0.307382
227 78 64 128 0.511229
228 78 64 128 0.603284
229 78 64 128 0.523861
230 78 64 128 0.292291
231 78 64 128 0.147412
232 78 64 128 0.0614185
224 79 64 128 0.0218944
225 79 64 128 0.0743128
226 79 64 128 0.215779
227 79 64 128 0.373687
228 79 64 128 0.419182
229 79 64 128 0.315943
230 79 64 128 0.172664
231 79 64 128 0.0830179
232 79 64 128 0.0308112
224 80 64 128 0.0117352
225 80 64 128 0.0439002
226 80 64 128 0.130186
227 80 64 128 0.237786
228 80 64 128 0.250605
229 80 64 128 0.150716
230 80 64 128 0.0888153
231 80 64 128 0.0399167
225 81 64 128 0.0266457
226 81 64 128 0.0764746
227 81 64 128 0.139507
228 81 64 128 0.146902
229 81 64 128 0.0865878
230 81 64 128 0.0488189
231 81 64 128 0.0200168
225 82 64 128 0.0164779
226 82 64 128 0.0436985
227 82 64 128 0.0742007
228 82 64 128 0.0839309
229 82 64 128 0.0631865
230 82 64 128 0.0300504
231 82 64 128 0.0116513
226 83 64 128 0.0215406
227 83 64 128 0.0343239
228 83 64 128 0.0399532
229 83 64 128 0.0339767
230 83 64 128 0.0150518
227 84 64 128 0.0137644
228 84 64 128 0.0138231
270 129 64 128 0.0108426
271 129 64 128 0.012492
272 129 64 128 0.010195
269 130 64 128 0.0104474
270 130 64 128 0.0177501
271 130 64 128 0.0213001
272 130 64 128 0.0161933
269 131 64 128 0.013207
270 131 64 128 0.0246191
271 131 64 128 0.0304038
272 131 64 128 0.0225044
273 131 64 128 0.0122912
274 131 64 128 0.0115784
269 132 64 128 0.013234
270 132 64 128 0.0255874
271 132 64 128 0.0310796
272 132 64 128 0.0230116
273 132 64 128 0.0132116
274 132 64 128 0.0124997
269 133 64 128 0.0111228
270 133 64 128 0.0216885
271 133 64 128 0.0253291
272 133 64 128 0.0191278
273 133 64 128 0.0121948
274 133 64 128 0.0113238
270 134 64 128 0.0183389
271 134 64 128 0.0219241
272 134 64 128 0.0170109
273 134 64 128 0.0109582
274 134 64 128 0.0101083
270 135 64 128 0.0169717
271 135 64 128 0.0223535
272 135 64 128 0.0175208
273 135 64 128 0.0100059
270 136 64 128 0.0150431
271 136 64 128 0.0208702
272 136 64 128 0.0162615
270 137 64 128 0.0119894
271 137 64 128 0.0159728
272 137 64 128 0.0121943
270 138 64 128 0.0104158
271 138 64 128 0.0128779
270 139 64 128 0.011428
271 139 64 128 0.0141677
272 139 64 128 0.0104718
270 140 64 128 0.0121942
271 140 64 128 0.0153009
272 140 64 128 0.0112563
270 141 64 128 0.0104243
271 141 64 128 0.0125675
91 155 64 128 0.0105423
271 156 64 128 0.0108817
272 156 64 128 0.0125128
273 156 64 128 0.0113037
271 157 64 128 0.0157982
272 157 64 128 0.0182581
273 157 64 128 0.0160927
274 157 64 128 0.0109262
270 158 64 128 0.0100816
271 158 64 128 0.0165708
272 158 64 128 0.0182702
273 158 64 128 0.0156661
274 158 64 128 0.0112731
270 159 64 128 0.0106928
271 159 64 128 0.0169248
272 159 64 128 0.0186976
273 159 64 128 0.0165003
274 159 64 128 0.0118385
270 160 64 128 0.0148531
271 160 64 128 0.0230364
272 160 64 128 0.0291697
273 160 64 128 0.0283313
274 160 64 128 0.0172642
270 161 64 128 0.0203505
271 161 64 128 0.0314166
272 161 64 128 0.043508
273 161 64 128 0.0443267
274 161 64 128 0.0246709
270 162 64 128 0.0215799
271 162 64 128 0.032821
272 162 64 128 0.0461227
273 162 64 128 0.0477872
274 162 64 128 0.0266654
275 162 64 128 0.0101296
270 163 64 128 0.0193671
271 163 64 128 0.0284481
272 163 64 128 0.0385143
273 163 64 128 0.0398249
274 163 64 128 0.0232017
270 164 64 128 0.0206743
271 164 64 128 0.0294726
272 164 64 128 0.0385345
273 164 64 128 0.0386127
274 164 64 128 0.0212947
269 165 64 128 0.0102832
270 165 64 128 0.026176
271 165 64 128 0.0372833
272 165 64 128 0.0492299
273 165 64 128 0.0478172
274 165 64 128 0.0227565
127 166 64 128 0.01175
128 166 64 128 0.0106347
269 166 64 128 0.0107236
270 166 64 128 0.0271395
271 166 64 128 0.0386
272 166 64 128 0.0513774
273 166 64 128 0.0492206
274 166 64 128 0.0214952
127 167 64 128 0.0155234
128 167 64 128 0.015178
270 167 64 128 0.0199363
271 167 64 128 0.0277453
272 167 64 128 0.0365872
273 167 64 128 0.0348311
274 167 64 128 0.0149446
126 168 64 128 0.0109292
127 168 64 128 0.0182658
128 168 64 128 0.0187589
129 168 64 128 0.0113225
270 168 64 128 0.0137051
271 168 64 128 0.0181702
272 168 64 128 0.0239583
273 168 64 128 0.0227522
77 169 64 128 0.0115141
78 169 64 128 0.0139805
79 169 64 128 0.013212
126 169 64 128 0.0103603
127 169 64 128 0.018317
128 169 64 128 0.019866
129 169 64 128 0.012453
269 169 64 128 0.0101396
270 169 64 128 0.0154691
271 169 64 128 0.0201168
272 169 64 128 0.0278655
273 169 64 128 0.0266088
274 169 64 128 0.010324
76 170 64 128 0.0118597
77 170 64 128 0.0176004
78 170 64 128 0.0213545
79 170 64 128 0.0199551
80 170 64 128 0.0129352
127 170 64 128 0.0175137
128 170 64 128 0.0209482
129 170 64 128 0.013544
269 170 64 128 0.0134537
270 170 64 128 0.0193088
271 170 64 128 0.0243013
272 170 64 128 0.0342403
273 170 64 128 0.0330442
274 170 64 128 0.01239
76 171 64 128 0.010399
77 171 64 128 0.0163383
78 171 64 128 0.0189826
79 171 64 128 0.0160772
80 171 64 128 0.0118865
127 171 64 128 0.0177691
128 171 64 128 0.0243233
129 171 64 128 0.0165855
269 171 64 128 0.0142289
270 171 64 128 0.0188891
271 171 64 128 0.0209327
272 171 64 128 0.0282365
273 171 64 128 0.0277184
274 171 64 128 0.0106399
77 172 64 128 0.0115737
78 172 64 128 0.0126504
80 172 64 128 0.0100289
127 172 64 128 0.017401
128 172 64 128 0.0270625
129 172 64 128 0.0202466
269 172 64 128 0.0172032
270 172 64 128 0.0204681
271 172 64 128 0.0198659
272 172 64 128 0.0234202
273 172 64 128 0.0219165
78 173 64 128 0.0114085
79 173 64 128 0.0105466
80 173 64 128 0.0132821
127 173 64 128 0.0139545
128 173 64 128 0.0250739
129 173 64 128 0.0222539
268 173 64 128 0.0147998
269 173 64 128 0.0282391
270 173 64 128 0.0325299
271 173 64 128 0.034611
272 173 64 128 0.0390457
273 173 64 128 0.0323782
274 173 64 128 0.0118895
78 174 64 128 0.0135077
79 174 64 128 0.0163002
80 174 64 128 0.018129
128 174 64 128 0.0195052
129 174 64 128 0.0218406
266 174 64 128 0.0106568
267 174 64 128 0.0145263
268 174 64 128 0.0223755
269 174 64 128 0.0399819
270 174 64 128 0.0460116
271 174 64 128 0.0529111
272 174 64 128 0.060621
273 174 64 128 0.0482551
274 174 64 128 0.0169221
78 175 64 128 0.0120659
79 175 64 128 0.0157039
80 175 64 128 0.0167522
128 175 64 128 0.0140674
129 175 64 128 0.019084
266 175 64 128 0.011386
267 175 64 128 0.0157168
268 175 64 128 0.0233479
269 175 64 128 0.0396193
270 175 64 128 0.0443713
271 175 64 128 0.0512682
272 175 64 128 0.0586799
273 175 64 128 0.0463321
274 175 64 128 0.0163172
80 176 64 128 0.0103064
128 176 64 128 0.0101612
129 176 64 128 0.01503
266 176 64 128 0.0115789
267 176 64 128 0.0169585
268 176 64 128 0.0240539
269 176 64 128 0.0355376
270 176 64 128 0.0356573
271 176 64 128 0.0383545
272 176 64 128 0.0420165
273 176 64 128 0.0327677
274 176 64 128 0.0125786
129 177 64 128 0.0114373
266 177 64 128 0.0189228
267 177 64 128 0.0304309
268 177 64 128 0.0411585
269 177 64 128 0.0518292
270 177 64 128 0.0462753
271 177 64 128 0.0469605
272 177 64 128 0.0481981
273 177 64 128 0.0358478
274 177 64 128 0.0156559
265 178 64 128 0.0104222
266 178 64 128 0.0313599
267 178 64 128 0.0517288
268 178 64 128 0.0696657
269 178 64 128 0.0855349
270 178 64 128 0.0752887
271 178 64 128 0.0770085
272 178 64 128 0.0781003
273 178 64 128 0.0566572
274 178 64 128 0.0252849
275 178 64 128 0.0110979
265 179 64 128 0.0124059
266 179 64 128 0.0354758
267 179 64 128 0.0571706
268 179 64 128 0.0793662
269 179 64 128 0.102047
270 179 64 128 0.0896939
271 179 64 128 0.0897673
272 179 64 128 0.089358
273 179 64 128 0.0641973
274 179 64 128 0.0291785
275 179 64 128 0.0130973
147 180 64 128 0.0113144
148 180 64 128 0.0122349
265 180 64 128 0.012678
266 180 64 128 0.0309532
267 180 64 128 0.0476218
268 180 64 128 0.0700835
269 180 64 128 0.0978256
270 180 64 128 0.0877027
271 180 64 128 0.080525
272 180 64 128 0.0748027
273 180 64 128 0.0532664
274 180 64 128 0.024574
275 180 64 128 0.0110849
134 181 64 128 0.0101659
145 181 64 128 0.0109083
146 181 64 128 0.011631
147 181 64 128 0.0169863
148 181 64 128 0.0192377
149 181 64 128 0.0116164
265 181 64 128 0.0155759
266 181 64 128 0.0415027
267 181 64 128 0.068778
268 181 64 128 0.0966504
269 181 64 128 0.126795
270 181 64 128 0.125277
271 181 64 128 0.107879
272 181 64 128 0.0930922
273 181 64 128 0.0669472
274 181 64 128 0.0265547
275 181 64 128 0.0131966
145 182 64 128 0.0102552
146 182 64 128 0.0101653
147 182 64 128 0.0183295
148 182 64 128 0.0223413
149 182 64 128 0.0123273
264 182 64 128 0.0111951
265 182 64 128 0.024094
266 182 64 128 0.0795134
267 182 64 128 0.141779
268 182 64 128 0.184012
269 182 64 128 0.214521
270 182 64 128 0.224558
271 182 64 128 0.196856
272 182 64 128 0.170862
273 182 64 128 0.124061
274 182 64 128 0.0426447
275 182 64 128 0.02306
147 183 64 128 0.0163638
148 183 64 128 0.0215278
149 183 64 128 0.0110761
264 183 64 128 0.0171886
265 183 64 128 0.0363828
266 183 64 128 0.120489
267 183 64 128 0.209732
268 183 64 128 0.262018
269 183 64 128 0.294913
270 183 64 128 0.301289
271 183 64 128 0.265259
272 183 64 128 0.230998
273 183 64 128 0.165251
274 183 64 128 0.0552518
275 183 64 128 0.0297044
276 183 64 128 0.0122856
147 184 64 128 0.012742
148 184 64 128 0.0176125
264 184 64 128 0.0270906
265 184 64 128 0.0500786
266 184 64 128 0.142213
267 184 64 128 0.223769
268 184 64 128 0.270331
269 184 64 128 0.309733
270 184 64 128 0.286469
271 184 64 128 0.244991
272 184 64 128 0.208391
273 184 64 128 0.141297
274 184 64 128 0.0496283
275 184 64 128 0.0241559
134 185 64 128 0.0113312
148 185 64 128 0.0125737
263 185 64 128 0.0107174
264 185 64 128 0.0375896
265 185 64 128 0.064039
266 185 64 128 0.157947
267 185 64 128 0.223576
268 185 64 128 0.256684
269 185 64 128 0.298125
270 185 64 128 0.250057
271 185 64 128 0.202625
272 185 64 128 0.161345
273 185 64 128 0.100542
274 185 64 128 0.0406356
275 185 64 128 0.0161035
263 186 64 128 0.0130111
264 186 64 128 0.0446663
265 186 64 128 0.0769611
266 186 64 128 0.185184
267 186 64 128 0.259637
268 186 64 128 0.283146
269 186 64 128 0.313571
270 186 64 128 0.278897
271 186 64 128 0.221693
272 186 64 128 0.165051
273 186 64 128 0.10414
274 186 64 128 0.0465329
275 186 64 128 0.0175552
263 187 64 128 0.0139341
264 187 64 128 0.0467246
265 187 64 128 0.0842856
266 187 64 128 0.206816
267 187 64 128 0.297674
268 187 64 128 0.316158
269 187 64 128 0.332994
270 187 64 128 0.326444
271 187 64 128 0.260476
272 187 64 128 0.189
273 187 64 128 0.125992
274 187 64 128 0.0558031
275 187 64 128 0.0229498
263 188 64 128 0.0128395
264 188 64 128 0.0434285
265 188 64 128 0.080991
266 188 64 128 0.195042
267 188 64 128 0.27589
268 188 64 128 0.290568
269 188 64 128 0.307845
270 188 64 128 0.301874
271 188 64 128 0.23524
272 188 64 128 0.166388
273 188 64 128 0.110034
274 188 64 128 0.0471244
275 188 64 128 0.0207018
263 189 64 128 0.0105655
264 189 64 128 0.0373622
265 189 64 128 0.0719869
266 189 64 128 0.162547
267 189 64 128 0.216823
268 189 64 128 0.230276
269 189 64 128 0.25885
270 189 64 128 0.236137
271 189 64 128 0.171622
272 189 64 128 0.113332
273 189 64 128 0.0685697
274 189 64 128 0.027253
275 189 64 128 0.0131031
264 190 64 128 0.0327816
265 190 64 128 0.067909
266 190 64 128 0.145857
267 190 64 128 0.192799
268 190 64 128 0.211604
269 190 64 128 0.247265
270 190 64 128 0.231716
271 190 64 128 0.159808
272 190 64 128 0.095238
273 190 64 128 0.0546064
274 190 64 128 0.0196137
275 190 64 128 0.0107194
264 191 64 128 0.0305528
265 191 64 128 0.0684793
266 191 64 128 0.147006
267 191 64 128 0.206493
268 191 64 128 0.234162
269 191 64 128 0.269432
270 191 64 128 0.282931
271 191 64 128 0.19893
272 191 64 128 0.11561
273 191 64 128 0.0715236
274 191 64 128 0.0263526
275 191 64 128 0.0142751
264 192 64 128 0.0283431
265 192 64 128 0.0632144
266 192 64 128 0.135621
267 192 64 128 0.19514
268 192 64 128 0.225584
269 192 64 128 0.260904
270 192 64 128 0.282784
271 192 64 128 0.202653
272 192 64 128 0.119654
273 192 64 128 0.0759357
274 192 64 128 0.0295516
275 192 64 128 0.015221
264 193 64 128 0.024877
265 193 64 128 0.0495946
266 193 64 128 0.103347
267 193 64 128 0.141301
268 193 64 128 0.166181
269 193 64 128 0.204764
270 193 64 128 0.204741
271 193 64 128 0.14717
272 193 64 128 0.0897019
273 193 64 128 0.0538633
274 193 64 128 0.0227557
275 193 64 128 0.01097
264 194 64 128 0.0205457
265 194 64 128 0.0368594
266 194 64 128 0.0745791
267 194 64 128 0.0948755
268 194 64 128 0.114288
269 194 64 128 0.154266
270 194 64 128 0.140971
271 194 64 128 0.101291
272 194 64 128 0.0635009
273 194 64 128 0.035255
274 194 64 128 0.0167371
264 195 64 128 0.0159398
265 195 64 128 0.0304549
266 195 64 128 0.0633095
267 195 64 128 0.0841245
268 195 64 128 0.102964
269 195 64 128 0.139574
270 195 64 128 0.142308
271 195 64 128 0.103361
272 195 64 128 0.062533
273 195 64 128 0.0368936
274 195 64 128 0.0175427
264 196 64 128 0.0118069
265 196 64 128 0.0258475
266 196 64 128 0.0560934
267 196 64 128 0.080352
268 196 64 128 0.0988189
269 196 64 128 0.130315
270 196 64 128 0.152358
271 196 64 128 0.111873
272 196 64 128 0.0646851
273 196 64 128 0.0404259
274 196 64 128 0.0183742
275 196 64 128 0.0103023
265 197 64 128 0.0192137
266 197 64 128 0.0415031
267 197 64 128 0.0591437
268 197 64 128 0.073492
269 197 64 128 0.10069
270 197 64 128 0.123101
271 197 64 128 0.0912916
272 197 64 128 0.0511514
273 197 64 128 0.030601
274 197 64 128 0.0137415
265 198 64 128 0.0133271
266 198 64 128 0.0264674
267 198 64 128 0.0345057
268 198 64 128 0.0435492
269 198 64 128 0.0657919
270 198 64 128 0.0798778
271 198 64 128 0.0598422
272 198 64 128 0.0326295
273 198 64 128 0.0173943
265 199 64 128 0.011352
266 199 64 128 0.0195504
267 199 64 128 0.0241198
268 199 64 128 0.0299507
269 199 64 128 0.0451119
270 199 64 128 0.0561408
271 199 64 128 0.0418247
272 199 64 128 0.0228837
273 199 64 128 0.0129987
265 200 64 128 0.0113419
266 200 64 128 0.0179729
267 200 64 128 0.0232602
268 200 64 128 0.0279542
269 200 64 128 0.0368278
270 200 64 128 0.0482671
271 200 64 128 0.0350662
272 200 64 128 0.0197507
273 200 64 128 0.0138655
265 201 64 128 0.010058
266 201 64 128 0.0158285
267 201 64 128 0.0209855
268 201 64 128 0.0255534
269 201 64 128 0.0326461
270 201 64 128 0.0418109
271 201 64 128 0.0296302
272 201 64 128 0.0165309
273 201 64 128 0.0122163
266 202 64 128 0.0121478
267 202 64 128 0.0157965
268 202 64 128 0.0204236
269 202 64 128 0.0284809
270 202 64 128 0.0333526
271 202 64 128 0.0231538
272 202 64 128 0.0122299
267 203 64 128 0.010829
268 203 64 128 0.0150368
269 203 64 128 0.0225351
270 203 64 128 0.0249715
271 203 64 128 0.0170479
268 204 64 128 0.0104387
269 204 64 128 0.0153804
270 204 64 128 0.0176508
271 204 64 128 0.0119167
270 205 64 128 0.0115097
271 225 64 128 0.0107238
272 225 64 128 0.010245
271 226 64 128 0.0126375
272 226 64 128 0.0123252
271 227 64 128 0.0115662
272 227 64 128 0.011267
271 228 64 128 0.0101149
272 228 64 128 0.0100906
271 229 64 128 0.0118587
272 229 64 128 0.012799
271 230 64 128 0.0148602
272 230 64 128 0.0170101
271 231 64 128 0.0147668
272 231 64 128 0.0175469
271 232 64 128 0.0115197
272 232 64 128 0.0142519
272 233 64 128 0.0106435
100 234 64 128 0.0123277
75 235 64 128 0.0180628
76 235 64 128 0.0110656
77 235 64 128 0.0104944
78 235 64 128 0.0117351
100 235 64 128 0.0138603
105 235 64 128 0.0112029
106 235 64 128 0.0110271
73 236 64 128 0.0109307
74 236 64 128 0.0165838
75 236 64 128 0.0358631
76 236 64 128 0.0227079
77 236 64 128 0.0235226
78 236 64 128 0.0260176
79 236 64 128 0.0157081
80 236 64 128 0.0169625
100 236 64 128 0.0119329
105 236 64 128 0.0170666
106 236 64 128 0.0172355
107 236 64 128 0.0169031
108 236 64 128 0.0133898
144 236 64 128 0.0163133
72 237 64 128 0.0130758
73 237 64 128 0.0186913
74 237 64 128 0.0266645
75 237 64 128 0.0518313
76 237 64 128 0.0359174
77 237 64 128 0.0334839
78 237 64 128 0.033899
79 237 64 128 0.0220418
80 237 64 128 0.0239942
81 237 64 128 0.013028
104 237 64 128 0.0114988
105 237 64 128 0.027351
106 237 64 128 0.0280916
107 237 64 128 0.035034
108 237 64 128 0.0341299
109 237 64 128 0.0226645
110 237 64 128 0.0265447
111 237 64 128 0.0156083
141 237 64 128 0.0130347
142 237 64 128 0.0130896
143 237 64 128 0.0229751
144 237 64 128 0.0384532
145 237 64 128 0.0222428
146 237 64 128 0.0109414
72 238 64 128 0.0180768
73 238 64 128 0.0281455
74 238 64 128 0.0369385
75 238 64 128 0.0591362
76 238 64 128 0.0464091
77 238 64 128 0.03469
78 238 64 128 0.028796
79 238 64 128 0.0230799
80 238 64 128 0.0255636
81 238 64 128 0.014171
104 238 64 128 0.0164026
105 238 64 128 0.0415427
106 238 64 128 0.0429915
107 238 64 128 0.0603557
108 238 64 128 0.0655618
109 238 64 128 0.0494978
110 238 64 128 0.0563251
111 238 64 128 0.0341672
112 238 64 128 0.0238997
113 238 64 128 0.0208965
140 238 64 128 0.0138548
141 238 64 128 0.0263043
142 238 64 128 0.0263176
143 238 64 128 0.043624
144 238 64 128 0.0702718
145 238 64 128 0.0431601
146 238 64 128 0.0228905
147 238 64 128 0.010534
149 238 64 128 0.0107122
72 239 64 128 0.0204143
73 239 64 128 0.032899
74 239 64 128 0.0417397
75 239 64 128 0.0606059
76 239 64 128 0.0506622
77 239 64 128 0.0333081
78 239 64 128 0.0235612
79 239 64 128 0.0223872
80 239 64 128 0.025079
81 239 64 128 0.0141418
99 239 64 128 0.0105387
100 239 64 128 0.010358
104 239 64 128 0.0189894
105 239 64 128 0.048993
106 239 64 128 0.0508
107 239 64 128 0.0736655
108 239 64 128 0.0824639
109 239 64 128 0.0644867
110 239 64 128 0.0727896
111 239 64 128 0.0444799
112 239 64 128 0.0321639
113 239 64 128 0.0284448
136 239 64 128 0.0112644
139 239 64 128 0.0118954
140 239 64 128 0.018328
141 239 64 128 0.0335786
142 239 64 128 0.0335313
143 239 64 128 0.0546954
144 239 64 128 0.0871264
145 239 64 128 0.0544136
146 239 64 128 0.0294256
147 239 64 128 0.0136301
149 239 64 128 0.0139752
