160 4 64 128 0.0107846
161 4 64 128 0.0110957
162 4 64 128 0.0121324
163 4 64 128 0.0119767
160 5 64 128 0.0132477
161 5 64 128 0.0138783
162 5 64 128 0.0155666
163 5 64 128 0.0153986
164 5 64 128 0.0108014
159 6 64 128 0.0107367
160 6 64 128 0.0155628
161 6 64 128 0.0165398
162 6 64 128 0.0188597
163 6 64 128 0.0186358
164 6 64 128 0.0126007
159 7 64 128 0.0113957
160 7 64 128 0.0167805
161 7 64 128 0.0183897
162 7 64 128 0.0213056
163 7 64 128 0.0208025
164 7 64 128 0.0138615
159 8 64 128 0.0118166
160 8 64 128 0.016861
161 8 64 128 0.0193469
162 8 64 128 0.0226932
163 8 64 128 0.021644
164 8 64 128 0.0143952
165 8 64 128 0.0104017
159 9 64 128 0.0118965
160 9 64 128 0.0165732
161 9 64 128 0.0198692
162 9 64 128 0.0232522
163 9 64 128 0.0214732
164 9 64 128 0.0142007
165 9 64 128 0.0106027
159 10 64 128 0.0114884
160 10 64 128 0.0160793
161 10 64 128 0.0198877
162 10 64 128 0.0228991
163 10 64 128 0.0204442
164 10 64 128 0.0133826
165 10 64 128 0.010255
159 11 64 128 0.0103915
160 11 64 128 0.0146917
161 11 64 128 0.0186054
162 11 64 128 0.0211119
163 11 64 128 0.0184731
164 11 64 128 0.0121783
160 12 64 128 0.0122876
161 12 64 128 0.015865
162 12 64 128 0.0179088
163 12 64 128 0.0157452
164 12 64 128 0.010818
160 13 64 128 0.0100108
161 13 64 128 0.0129115
162 13 64 128 0.0144665
163 13 64 128 0.0130251
161 14 64 128 0.0107924
162 14 64 128 0.0117876
163 14 64 128 0.0109224
147 82 64 128 0.0102055
146 83 64 128 0.010412
147 83 64 128 0.0115535
148 83 64 128 0.0107248
146 84 64 128 0.010938
147 84 64 128 0.0123023
148 84 64 128 0.0116418
146 85 64 128 0.0107473
147 85 64 128 0.0121693
148 85 64 128 0.0121417
149 85 64 128 0.0102602
146 86 64 128 0.0103645
147 86 64 128 0.0117156
148 86 64 128 0.0123657
149 86 64 128 0.011073
146 87 64 128 0.0103582
147 87 64 128 0.0115867
148 87 64 128 0.0124968
149 87 64 128 0.0118451
146 88 64 128 0.010617
147 88 64 128 0.0117828
148 88 64 128 0.0126599
149 88 64 128 0.0124786
146 89 64 128 0.0108127
147 89 64 128 0.0120796
148 89 64 128 0.0129439
149 89 64 128 0.012871
146 90 64 128 0.0109053
147 90 64 128 0.0123486
148 90 64 128 0.0132958
149 90 64 128 0.0131496
146 91 64 128 0.0110024
147 91 64 128 0.0125118
148 91 64 128 0.0135819
149 91 64 128 0.013544
146 92 64 128 0.0109784
147 92 64 128 0.012438
148 92 64 128 0.0136469
149 92 64 128 0.0138465
146 93 64 128 0.010523
147 93 64 128 0.0119599
148 93 64 128 0.0133246
149 93 64 128 0.0134974
154 93 64 128 0.0106084
147 94 64 128 0.011228
148 94 64 128 0.0127085
149 94 64 128 0.0125103
154 94 64 128 0.0115103
147 95 64 128 0.0107885
148 95 64 128 0.0122144
149 95 64 128 0.0116252
153 95 64 128 0.0102998
154 95 64 128 0.0122449
155 95 64 128 0.0102265
147 96 64 128 0.0108257
148 96 64 128 0.0119871
149 96 64 128 0.0111975
153 96 64 128 0.010632
154 96 64 128 0.012687
155 96 64 128 0.0104324
147 97 64 128 0.0107945
148 97 64 128 0.0116228
149 97 64 128 0.0107708
153 97 64 128 0.0105913
154 97 64 128 0.0125696
155 97 64 128 0.0101618
147 98 64 128 0.0102904
148 98 64 128 0.0108292
153 98 64 128 0.0101903
154 98 64 128 0.0117685
154 99 64 128 0.0106199
142 114 64 128 0.0102602
143 114 64 128 0.0107348
144 114 64 128 0.0106937
142 115 64 128 0.0116555
143 115 64 128 0.0126691
144 115 64 128 0.0119476
145 115 64 128 0.0102128
141 116 64 128 0.0106744
142 116 64 128 0.0132434
143 116 64 128 0.0149058
144 116 64 128 0.0134284
145 116 64 128 0.0111412
146 116 64 128 0.0100403
139 117 64 128 0.0104474
140 117 64 128 0.0109374
141 117 64 128 0.0123036
142 117 64 128 0.0154014
143 117 64 128 0.0174551
144 117 64 128 0.0159251
145 117 64 128 0.0127359
146 117 64 128 0.0108894
138 118 64 128 0.0110518
139 118 64 128 0.0116772
140 118 64 128 0.0120315
141 118 64 128 0.0140975
142 118 64 128 0.0174628
143 118 64 128 0.0196417
144 118 64 128 0.0184181
145 118 64 128 0.0145707
146 118 64 128 0.0118853
138 119 64 128 0.0112886
139 119 64 128 0.0117773
140 119 64 128 0.0124528
141 119 64 128 0.0145711
142 119 64 128 0.0182815
143 119 64 128 0.0205012
144 119 64 128 0.0190492
145 119 64 128 0.0157496
146 119 64 128 0.0124334
138 120 64 128 0.0109153
139 120 64 128 0.0110769
140 120 64 128 0.0123962
141 120 64 128 0.0140482
142 120 64 128 0.0181755
143 120 64 128 0.020457
144 120 64 128 0.0183465
145 120 64 128 0.0162504
146 120 64 128 0.0124844
137 121 64 128 0.0102166
138 121 64 128 0.0111225
139 121 64 128 0.0108871
140 121 64 128 0.0126214
141 121 64 128 0.0142902
142 121 64 128 0.0186224
143 121 64 128 0.0210267
144 121 64 128 0.0187327
145 121 64 128 0.0167485
146 121 64 128 0.0124263
137 122 64 128 0.0110076
138 122 64 128 0.0118967
139 122 64 128 0.0113233
140 122 64 128 0.013063
141 122 64 128 0.015394
142 122 64 128 0.0196699
143 122 64 128 0.0222437
144 122 64 128 0.0204094
145 122 64 128 0.01719
146 122 64 128 0.012248
137 123 64 128 0.0108903
138 123 64 128 0.0117313
139 123 64 128 0.0110129
140 123 64 128 0.0126345
141 123 64 128 0.0153832
142 123 64 128 0.0195866
143 123 64 128 0.0223001
144 123 64 128 0.0208111
145 123 64 128 0.0166118
146 123 64 128 0.0114392
138 124 64 128 0.010033
140 124 64 128 0.0109672
141 124 64 128 0.0134706
142 124 64 128 0.0176723
143 124 64 128 0.0204771
144 124 64 128 0.0189249
145 124 64 128 0.0147527
141 125 64 128 0.0112864
142 125 64 128 0.0153211
143 125 64 128 0.0182647
144 125 64 128 0.0168998
145 125 64 128 0.0127423
142 126 64 128 0.0135157
143 126 64 128 0.0166306
144 126 64 128 0.0160738
145 126 64 128 0.0113154
142 127 64 128 0.0114401
143 127 64 128 0.014397
144 127 64 128 0.0145326
143 128 64 128 0.0105475
144 128 64 128 0.0105836
