8 111 64 128 0.0103893
9 111 64 128 0.010344
6 112 64 128 0.0126476
7 112 64 128 0.0151224
8 112 64 128 0.0160811
9 112 64 128 0.0160279
10 112 64 128 0.013702
5 113 64 128 0.0123694
6 113 64 128 0.0153542
7 113 64 128 0.0183677
8 113 64 128 0.0181826
9 113 64 128 0.0170042
10 113 64 128 0.0174481
11 113 64 128 0.0110398
5 114 64 128 0.0152876
6 114 64 128 0.0171933
7 114 64 128 0.0213555
8 114 64 128 0.020838
9 114 64 128 0.0188374
10 114 64 128 0.0220068
11 114 64 128 0.0149414
12 114 64 128 0.0103428
4 115 64 128 0.0116111
5 115 64 128 0.0164511
6 115 64 128 0.0197742
7 115 64 128 0.0266796
8 115 64 128 0.0285545
9 115 64 128 0.0274036
10 115 64 128 0.0302712
11 115 64 128 0.0240071
12 115 64 128 0.0216104
13 115 64 128 0.0195734
14 115 64 128 0.0171679
15 115 64 128 0.0191883
16 115 64 128 0.0146904
17 115 64 128 0.0119209
18 115 64 128 0.010496
4 116 64 128 0.0140101
5 116 64 128 0.018636
6 116 64 128 0.0256316
7 116 64 128 0.0354738
8 116 64 128 0.0386636
9 116 64 128 0.0385676
10 116 64 128 0.041739
11 116 64 128 0.0345575
12 116 64 128 0.0337185
13 116 64 128 0.0311577
14 116 64 128 0.0266581
15 116 64 128 0.0296294
16 116 64 128 0.0236931
17 116 64 128 0.0200094
18 116 64 128 0.0173229
19 116 64 128 0.0124209
3 117 64 128 0.0104577
4 117 64 128 0.0177223
5 117 64 128 0.0251906
6 117 64 128 0.0369248
7 117 64 128 0.0478813
8 117 64 128 0.0465777
9 117 64 128 0.0458367
10 117 64 128 0.0548665
11 117 64 128 0.0415815
12 117 64 128 0.0384694
13 117 64 128 0.0340814
14 117 64 128 0.0258786
15 117 64 128 0.0300457
16 117 64 128 0.0235378
17 117 64 128 0.0191037
18 117 64 128 0.0161566
19 117 64 128 0.0113197
3 118 64 128 0.0126279
4 118 64 128 0.0213237
5 118 64 128 0.032595
6 118 64 128 0.0492651
7 118 64 128 0.059627
8 118 64 128 0.0534813
9 118 64 128 0.0537461
10 118 64 128 0.0695933
11 118 64 128 0.0504344
12 118 64 128 0.043354
13 118 64 128 0.0364909
14 118 64 128 0.0256348
15 118 64 128 0.0312657
16 118 64 128 0.0244704
17 118 64 128 0.0196384
18 118 64 128 0.0166707
19 118 64 128 0.0116336
3 119 64 128 0.0135339
4 119 64 128 0.0224376
5 119 64 128 0.0340582
6 119 64 128 0.0551264
7 119 64 128 0.0644219
8 119 64 128 0.0632574
9 119 64 128 0.0717939
10 119 64 128 0.0863389
11 119 64 128 0.071084
12 119 64 128 0.0631196
13 119 64 128 0.0544382
14 119 64 128 0.0459437
15 119 64 128 0.0532446
16 119 64 128 0.0452528
17 119 64 128 0.0405497
18 119 64 128 0.0361573
19 119 64 128 0.0259633
20 119 64 128 0.0180139
21 119 64 128 0.0133526
3 120 64 128 0.0132802
4 120 64 128 0.0214359
5 120 64 128 0.0304507
6 120 64 128 0.0539632
7 120 64 128 0.0623705
8 120 64 128 0.0725173
9 120 64 128 0.092414
10 120 64 128 0.100124
11 120 64 128 0.0965958
12 120 64 128 0.0914759
13 120 64 128 0.0817788
14 120 64 128 0.0784054
15 120 64 128 0.0873492
16 120 64 128 0.0768826
17 120 64 128 0.0720417
18 120 64 128 0.0652971
19 120 64 128 0.047389
20 120 64 128 0.0312655
21 120 64 128 0.0211191
22 120 64 128 0.0144177
23 120 64 128 0.0101799
3 121 64 128 0.0130227
4 121 64 128 0.0208756
5 121 64 128 0.0287642
6 121 64 128 0.0508628
7 121 64 128 0.0587171
8 121 64 128 0.0721461
9 121 64 128 0.0945974
10 121 64 128 0.101826
11 121 64 128 0.106687
12 121 64 128 0.105418
13 121 64 128 0.0947393
14 121 64 128 0.0920875
15 121 64 128 0.102267
16 121 64 128 0.0883935
17 121 64 128 0.0815965
18 121 64 128 0.073716
19 121 64 128 0.0535512
20 121 64 128 0.0354143
21 121 64 128 0.023375
22 121 64 128 0.0157299
23 121 64 128 0.0110895
3 122 64 128 0.0127638
4 122 64 128 0.0208685
5 122 64 128 0.0300046
6 122 64 128 0.0473007
7 122 64 128 0.0549776
8 122 64 128 0.0614522
9 122 64 128 0.0765148
10 122 64 128 0.0917834
11 122 64 128 0.0988465
12 122 64 128 0.101073
13 122 64 128 0.0900205
14 122 64 128 0.0832563
15 122 64 128 0.0936788
16 122 64 128 0.0769896
17 122 64 128 0.0660226
18 122 64 128 0.0577883
19 122 64 128 0.0418582
20 122 64 128 0.0285296
21 122 64 128 0.0190039
22 122 64 128 0.0128548
3 123 64 128 0.0110704
4 123 64 128 0.0184821
5 123 64 128 0.0276843
6 123 64 128 0.0401633
7 123 64 128 0.0479512
8 123 64 128 0.0501948
9 123 64 128 0.0601417
10 123 64 128 0.08198
11 123 64 128 0.0926367
12 123 64 128 0.0984073
13 123 64 128 0.0898154
14 123 64 128 0.0820105
15 123 64 128 0.0908565
16 123 64 128 0.0748594
17 123 64 128 0.0585641
18 123 64 128 0.0471521
19 123 64 128 0.0342945
20 123 64 128 0.0230885
21 123 64 128 0.0151037
22 123 64 128 0.0101041
4 124 64 128 0.0129315
5 124 64 128 0.0193958
6 124 64 128 0.0289891
7 124 64 128 0.0368447
8 124 64 128 0.0434074
9 124 64 128 0.0562255
10 124 64 128 0.0776881
11 124 64 128 0.0954518
12 124 64 128 0.104153
13 124 64 128 0.100562
14 124 64 128 0.0974857
15 124 64 128 0.103
16 124 64 128 0.0916629
17 124 64 128 0.0711285
18 124 64 128 0.0539036
19 124 64 128 0.0397263
20 124 64 128 0.0244869
21 124 64 128 0.0149332
5 125 64 128 0.0110678
6 125 64 128 0.0187023
7 125 64 128 0.0258178
8 125 64 128 0.0362702
9 125 64 128 0.0522149
10 125 64 128 0.0705451
11 125 64 128 0.0898592
12 125 64 128 0.0980523
13 125 64 128 0.0969021
14 125 64 128 0.0965175
15 125 64 128 0.0986687
16 125 64 128 0.091755
17 125 64 128 0.0723431
18 125 64 128 0.0541843
19 125 64 128 0.0401651
20 125 64 128 0.023496
21 125 64 128 0.0137772
6 126 64 128 0.0128209
7 126 64 128 0.0180353
8 126 64 128 0.0254591
9 126 64 128 0.0389459
10 126 64 128 0.055137
11 126 64 128 0.0657008
12 126 64 128 0.0692123
13 126 64 128 0.0654679
14 126 64 128 0.0614735
15 126 64 128 0.0621798
16 126 64 128 0.0561114
17 126 64 128 0.0440714
18 126 64 128 0.0334534
19 126 64 128 0.0246436
20 126 64 128 0.0145238
7 127 64 128 0.0123475
8 127 64 128 0.0148687
9 127 64 128 0.0238979
10 127 64 128 0.0385216
11 127 64 128 0.0409157
12 127 64 128 0.0414049
13 127 64 128 0.0364374
14 127 64 128 0.0314639
15 127 64 128 0.0347201
16 127 64 128 0.0264399
17 127 64 128 0.0187266
18 127 64 128 0.0144195
19 127 64 128 0.0101892
9 128 64 128 0.0152628
10 128 64 128 0.0279434
11 128 64 128 0.0326351
12 128 64 128 0.0365635
13 128 64 128 0.0372315
14 128 64 128 0.0413659
15 128 64 128 0.0516227
16 128 64 128 0.039649
17 128 64 128 0.0258796
18 128 64 128 0.0181545
19 128 64 128 0.0126524
9 129 64 128 0.0113918
10 129 64 128 0.0217264
11 129 64 128 0.0324186
12 129 64 128 0.0413212
13 129 64 128 0.0489302
14 129 64 128 0.0628201
15 129 64 128 0.0776569
16 129 64 128 0.063768
17 129 64 128 0.0429034
18 129 64 128 0.0293088
19 129 64 128 0.0207474
20 129 64 128 0.0128169
10 130 64 128 0.0161816
11 130 64 128 0.0267977
12 130 64 128 0.0357326
13 130 64 128 0.044254
14 130 64 128 0.0567292
15 130 64 128 0.0666371
16 130 64 128 0.0555748
17 130 64 128 0.0382347
18 130 64 128 0.0261816
19 130 64 128 0.0184269
20 130 64 128 0.0109048
10 131 64 128 0.0109843
11 131 64 128 0.0172513
12 131 64 128 0.0230707
13 131 64 128 0.0283811
14 131 64 128 0.0330652
15 131 64 128 0.034471
16 131 64 128 0.0284711
17 131 64 128 0.0202912
18 131 64 128 0.0141449
11 132 64 128 0.0111781
12 132 64 128 0.0157137
13 132 64 128 0.0192
14 132 64 128 0.0208337
15 132 64 128 0.0207732
16 132 64 128 0.0175476
17 132 64 128 0.0128996
12 133 64 128 0.0141853
13 133 64 128 0.0178127
14 133 64 128 0.0214733
15 133 64 128 0.0257317
16 133 64 128 0.022783
17 133 64 128 0.0162253
18 133 64 128 0.0110495
12 134 64 128 0.011405
13 134 64 128 0.014543
14 134 64 128 0.0187324
15 134 64 128 0.0243158
16 134 64 128 0.0217154
17 134 64 128 0.0153063
18 134 64 128 0.0103747
15 135 64 128 0.0115076
16 135 64 128 0.0101727
305 138 64 128 0.0114299
306 138 64 128 0.0115248
305 139 64 128 0.0126435
306 139 64 128 0.0118479
304 140 64 128 0.0100565
305 140 64 128 0.0138362
306 140 64 128 0.01238
304 141 64 128 0.0118336
305 141 64 128 0.0155956
306 141 64 128 0.0145052
307 141 64 128 0.0117671
308 141 64 128 0.0101734
304 142 64 128 0.0126643
305 142 64 128 0.0162018
306 142 64 128 0.0156751
307 142 64 128 0.0131719
308 142 64 128 0.0110071
304 143 64 128 0.0109139
305 143 64 128 0.0140029
306 143 64 128 0.0132993
307 143 64 128 0.0112649
305 144 64 128 0.0105179
