125 158 64 128 0.0118974
126 158 64 128 0.0131778
127 158 64 128 0.0117529
124 159 64 128 0.0124235
125 159 64 128 0.0151508
126 159 64 128 0.0168676
127 159 64 128 0.0148314
128 159 64 128 0.0109806
124 160 64 128 0.0123124
125 160 64 128 0.0150393
126 160 64 128 0.0171597
127 160 64 128 0.015291
128 160 64 128 0.0111629
124 161 64 128 0.0104038
125 161 64 128 0.0126454
126 161 64 128 0.0150477
127 161 64 128 0.0139592
128 161 64 128 0.0103634
125 162 64 128 0.0114276
126 162 64 128 0.0138946
127 162 64 128 0.0135082
128 162 64 128 0.0105421
124 163 64 128 0.0101103
125 163 64 128 0.0116979
126 163 64 128 0.0139605
127 163 64 128 0.0139197
128 163 64 128 0.0114353
125 164 64 128 0.0107401
126 164 64 128 0.0125239
127 164 64 128 0.0125976
128 164 64 128 0.0106567
126 167 64 128 0.010455
125 168 64 128 0.0100114
126 168 64 128 0.0116072
