229 214 85 170 0.01044
230 214 85 170 0.0109183
229 215 85 170 0.0109275
230 215 85 170 0.0114533
229 216 85 170 0.0108279
230 216 85 170 0.0113382
229 217 85 170 0.0102046
230 217 85 170 0.0106426
229 221 85 170 0.0101412
230 221 85 170 0.0107201
229 222 85 170 0.011972
230 222 85 170 0.0128699
231 222 85 170 0.0106987
233 222 85 170 0.0104172
228 223 85 170 0.010281
229 223 85 170 0.013985
230 223 85 170 0.0152696
231 223 85 170 0.0128057
232 223 85 170 0.011868
233 223 85 170 0.0129455
234 223 85 170 0.0115378
228 224 85 170 0.0112152
229 224 85 170 0.0156301
230 224 85 170 0.0173163
231 224 85 170 0.014683
232 224 85 170 0.0137838
233 224 85 170 0.0151123
234 224 85 170 0.0133828
228 225 85 170 0.0115097
229 225 85 170 0.0163574
230 225 85 170 0.018407
231 225 85 170 0.0158683
232 225 85 170 0.0149996
233 225 85 170 0.0163279
234 225 85 170 0.014411
228 226 85 170 0.0109493
229 226 85 170 0.0158287
230 226 85 170 0.0181641
231 226 85 170 0.0160681
232 226 85 170 0.0152265
233 226 85 170 0.0162293
234 226 85 170 0.0143128
235 226 85 170 0.0100168
229 227 85 170 0.0144176
230 227 85 170 0.0169655
231 227 85 170 0.0155543
232 227 85 170 0.0147501
233 227 85 170 0.0152133
234 227 85 170 0.0134247
229 228 85 170 0.0126465
230 228 85 170 0.0153472
231 228 85 170 0.0147173
232 228 85 170 0.0139764
233 228 85 170 0.013836
234 228 85 170 0.0122182
229 229 85 170 0.0110377
230 229 85 170 0.0138453
231 229 85 170 0.0139475
232 229 85 170 0.0133115
233 229 85 170 0.0126536
234 229 85 170 0.0111648
229 230 85 170 0.0101052
230 230 85 170 0.0129871
231 230 85 170 0.0136283
232 230 85 170 0.0131539
233 230 85 170 0.0122125
234 230 85 170 0.010728
230 231 85 170 0.012892
231 231 85 170 0.0138177
232 231 85 170 0.0135562
233 231 85 170 0.0126149
234 231 85 170 0.0109981
229 232 85 170 0.0102151
230 232 85 170 0.0131095
231 232 85 170 0.0141193
232 232 85 170 0.0140882
233 232 85 170 0.0133426
234 232 85 170 0.0115438
229 233 85 170 0.0103709
230 233 85 170 0.0131469
231 233 85 170 0.0141031
232 233 85 170 0.0142835
233 233 85 170 0.0138313
234 233 85 170 0.0118955
230 234 85 170 0.0125115
231 234 85 170 0.0133388
232 234 85 170 0.0136761
233 234 85 170 0.0135166
234 234 85 170 0.011583
230 235 85 170 0.0107748
231 235 85 170 0.011458
232 235 85 170 0.011865
233 235 85 170 0.0119069
234 235 85 170 0.0101973
207 122 64 128 0.0100174
208 122 64 128 0.010194
204 123 64 128 0.0119637
205 123 64 128 0.0158486
206 123 64 128 0.0173313
207 123 64 128 0.0186045
208 123 64 128 0.0171695
209 123 64 128 0.0111705
191 124 64 128 0.0105078
192 124 64 128 0.0146979
193 124 64 128 0.0170888
194 124 64 128 0.016663
195 124 64 128 0.0135957
196 124 64 128 0.0122757
197 124 64 128 0.011692
198 124 64 128 0.0120926
199 124 64 128 0.0127337
200 124 64 128 0.0105751
201 124 64 128 0.0117477
202 124 64 128 0.0149228
203 124 64 128 0.0206193
204 124 64 128 0.0283971
205 124 64 128 0.0323339
206 124 64 128 0.0342906
207 124 64 128 0.0356378
208 124 64 128 0.0309951
209 124 64 128 0.0194605
210 124 64 128 0.0111221
190 125 64 128 0.0120345
191 125 64 128 0.0205868
192 125 64 128 0.0286745
193 125 64 128 0.032224
194 125 64 128 0.0302714
195 125 64 128 0.0243825
196 125 64 128 0.0214523
197 125 64 128 0.0199846
198 125 64 128 0.0194048
199 125 64 128 0.0189609
200 125 64 128 0.0157618
201 125 64 128 0.0163969
202 125 64 128 0.0208445
203 125 64 128 0.0288999
204 125 64 128 0.0390716
205 125 64 128 0.0452412
206 125 64 128 0.0459462
207 125 64 128 0.0463074
208 125 64 128 0.0401044
209 125 64 128 0.0245739
210 125 64 128 0.0140564
189 126 64 128 0.0151133
190 126 64 128 0.0223796
191 126 64 128 0.0380232
192 126 64 128 0.0510418
193 126 64 128 0.0543614
194 126 64 128 0.0497523
195 126 64 128 0.0402291
196 126 64 128 0.0337146
197 126 64 128 0.0309414
198 126 64 128 0.0272164
199 126 64 128 0.0219962
200 126 64 128 0.019914
201 126 64 128 0.0173555
202 126 64 128 0.0221178
203 126 64 128 0.0301788
204 126 64 128 0.0372747
205 126 64 128 0.0490065
206 126 64 128 0.0464228
207 126 64 128 0.0442453
208 126 64 128 0.0389822
209 126 64 128 0.0225139
210 126 64 128 0.0134291
188 127 64 128 0.0134834
189 127 64 128 0.0249606
190 127 64 128 0.0346804
191 127 64 128 0.0565654
192 127 64 128 0.0728697
193 127 64 128 0.0748349
194 127 64 128 0.0673293
195 127 64 128 0.052986
196 127 64 128 0.044288
197 127 64 128 0.0407198
198 127 64 128 0.0342985
199 127 64 128 0.0260298
200 127 64 128 0.0243282
201 127 64 128 0.0192641
202 127 64 128 0.0243415
203 127 64 128 0.0338138
204 127 64 128 0.0410256
205 127 64 128 0.0579427
206 127 64 128 0.0562644
207 127 64 128 0.0516387
208 127 64 128 0.0429519
209 127 64 128 0.023081
210 127 64 128 0.0130343
188 128 64 128 0.0180623
189 128 64 128 0.0355178
190 128 64 128 0.0464398
191 128 64 128 0.0698769
192 128 64 128 0.085477
193 128 64 128 0.0855168
194 128 64 128 0.0755808
195 128 64 128 0.0555175
196 128 64 128 0.0486568
197 128 64 128 0.0455417
198 128 64 128 0.0392925
199 128 64 128 0.0341843
200 128 64 128 0.029868
201 128 64 128 0.0258997
202 128 64 128 0.0322048
203 128 64 128 0.0474022
204 128 64 128 0.0645654
205 128 64 128 0.0828482
206 128 64 128 0.0908092
207 128 64 128 0.0854112
208 128 64 128 0.0640812
209 128 64 128 0.0342402
210 128 64 128 0.0162051
187 129 64 128 0.0115499
188 129 64 128 0.0242861
189 129 64 128 0.0455824
190 129 64 128 0.0582354
191 129 64 128 0.0773269
192 129 64 128 0.0890683
193 129 64 128 0.0874964
194 129 64 128 0.0746895
195 129 64 128 0.0516234
196 129 64 128 0.0468861
197 129 64 128 0.0446489
198 129 64 128 0.0403823
199 129 64 128 0.0396849
200 129 64 128 0.0334883
201 129 64 128 0.031821
202 129 64 128 0.03976
203 129 64 128 0.0601502
204 129 64 128 0.085954
205 129 64 128 0.103317
206 129 64 128 0.121534
207 129 64 128 0.1167
208 129 64 128 0.0836333
209 129 64 128 0.0449862
210 129 64 128 0.0194908
211 129 64 128 0.010278
186 130 64 128 0.0112982
187 130 64 128 0.0192809
188 130 64 128 0.034398
189 130 64 128 0.0542262
190 130 64 128 0.0711143
191 130 64 128 0.0802203
192 130 64 128 0.0865435
193 130 64 128 0.0842687
194 130 64 128 0.0671518
195 130 64 128 0.0473611
196 130 64 128 0.0405295
197 130 64 128 0.0385042
198 130 64 128 0.0362007
199 130 64 128 0.0348453
200 130 64 128 0.0318126
201 130 64 128 0.0304184
202 130 64 128 0.0395616
203 130 64 128 0.0587653
204 130 64 128 0.0787155
205 130 64 128 0.095276
206 130 64 128 0.114493
207 130 64 128 0.110855
208 130 64 128 0.0789666
209 130 64 128 0.0417976
210 130 64 128 0.0184293
185 131 64 128 0.0117826
186 131 64 128 0.0155038
187 131 64 128 0.0284876
188 131 64 128 0.0451645
189 131 64 128 0.061711
190 131 64 128 0.083365
191 131 64 128 0.0823399
192 131 64 128 0.0823785
193 131 64 128 0.0781809
194 131 64 128 0.0568584
195 131 64 128 0.0431645
196 131 64 128 0.0326589
197 131 64 128 0.0302837
198 131 64 128 0.0294976
199 131 64 128 0.0251523
200 131 64 128 0.0268654
201 131 64 128 0.0250694
202 131 64 128 0.0346208
203 131 64 128 0.0486835
204 131 64 128 0.0559287
205 131 64 128 0.070534
206 131 64 128 0.0842503
207 131 64 128 0.0829322
208 131 64 128 0.0608117
209 131 64 128 0.0309095
210 131 64 128 0.0148265
184 132 64 128 0.0105838
185 132 64 128 0.0138218
186 132 64 128 0.0205658
187 132 64 128 0.0354516
188 132 64 128 0.0516588
189 132 64 128 0.0689129
190 132 64 128 0.0923381
191 132 64 128 0.0880274
192 132 64 128 0.0812832
193 132 64 128 0.0710693
194 132 64 128 0.0480628
195 132 64 128 0.0372486
196 132 64 128 0.0267342
197 132 64 128 0.0240452
198 132 64 128 0.0244867
199 132 64 128 0.0209136
200 132 64 128 0.0227497
201 132 64 128 0.0228669
202 132 64 128 0.0319219
203 132 64 128 0.0425326
204 132 64 128 0.0456445
205 132 64 128 0.0548443
206 132 64 128 0.0642547
207 132 64 128 0.0671578
208 132 64 128 0.0526908
209 132 64 128 0.026162
210 132 64 128 0.0129812
184 133 64 128 0.0139443
185 133 64 128 0.0168562
186 133 64 128 0.0266945
187 133 64 128 0.0410263
188 133 64 128 0.0572103
189 133 64 128 0.0778754
190 133 64 128 0.0985284
191 133 64 128 0.0954054
192 133 64 128 0.0825528
193 133 64 128 0.0646257
194 133 64 128 0.0420951
195 133 64 128 0.0305382
196 133 64 128 0.0229406
197 133 64 128 0.0202756
198 133 64 128 0.0214747
199 133 64 128 0.0215717
200 133 64 128 0.02033
201 133 64 128 0.0233885
202 133 64 128 0.0315835
203 133 64 128 0.0415451
204 133 64 128 0.0492428
205 133 64 128 0.0541496
206 133 64 128 0.0615355
207 133 64 128 0.0684716
208 133 64 128 0.0575429
209 133 64 128 0.0296006
210 133 64 128 0.0144111
236 133 64 128 0.0129176
237 133 64 128 0.0129681
183 134 64 128 0.0150425
184 134 64 128 0.0215468
185 134 64 128 0.0270013
186 134 64 128 0.0341461
187 134 64 128 0.048902
188 134 64 128 0.0700934
189 134 64 128 0.0911466
190 134 64 128 0.104326
191 134 64 128 0.0986471
192 134 64 128 0.0820089
193 134 64 128 0.0603351
194 134 64 128 0.038331
195 134 64 128 0.0256541
196 134 64 128 0.0193816
197 134 64 128 0.017169
198 134 64 128 0.0182784
199 134 64 128 0.0196859
200 134 64 128 0.018377
201 134 64 128 0.0215136
202 134 64 128 0.0294117
203 134 64 128 0.0396896
204 134 64 128 0.0511007
205 134 64 128 0.0614221
206 134 64 128 0.0659506
207 134 64 128 0.0729505
208 134 64 128 0.0650329
209 134 64 128 0.035623
210 134 64 128 0.0187382
235 134 64 128 0.010274
236 134 64 128 0.0132704
237 134 64 128 0.0134939
238 134 64 128 0.0105421
181 135 64 128 0.0103318
182 135 64 128 0.0159386
183 135 64 128 0.023869
184 135 64 128 0.0316557
185 135 64 128 0.0411784
186 135 64 128 0.042431
187 135 64 128 0.0585685
188 135 64 128 0.0870218
189 135 64 128 0.10532
190 135 64 128 0.107979
191 135 64 128 0.0955308
192 135 64 128 0.0778113
193 135 64 128 0.0571452
194 135 64 128 0.0356486
195 135 64 128 0.0229666
196 135 64 128 0.0160119
197 135 64 128 0.0144577
198 135 64 128 0.0148493
199 135 64 128 0.0147262
200 135 64 128 0.0167988
201 135 64 128 0.018338
202 135 64 128 0.0264769
203 135 64 128 0.0373004
204 135 64 128 0.0503681
205 135 64 128 0.0730773
206 135 64 128 0.0747952
207 135 64 128 0.078689
208 135 64 128 0.0728694
209 135 64 128 0.0423127
210 135 64 128 0.0244182
211 135 64 128 0.0107418
180 136 64 128 0.0106408
181 136 64 128 0.0129559
182 136 64 128 0.0191223
183 136 64 128 0.0284217
184 136 64 128 0.0377944
185 136 64 128 0.0473833
186 136 64 128 0.0503447
187 136 64 128 0.0654285
188 136 64 128 0.0934882
189 136 64 128 0.111267
190 136 64 128 0.103781
191 136 64 128 0.0875285
192 136 64 128 0.0705425
193 136 64 128 0.0515939
194 136 64 128 0.0325058
195 136 64 128 0.0206281
196 136 64 128 0.0146263
197 136 64 128 0.0134183
198 136 64 128 0.0132695
199 136 64 128 0.0130346
200 136 64 128 0.0166816
201 136 64 128 0.0210996
202 136 64 128 0.0290883
203 136 64 128 0.04111
204 136 64 128 0.0609541
205 136 64 128 0.0892734
206 136 64 128 0.0930783
207 136 64 128 0.095935
208 136 64 128 0.0869205
209 136 64 128 0.0515784
210 136 64 128 0.0288966
211 136 64 128 0.0148277
180 137 64 128 0.0111624
181 137 64 128 0.0154966
182 137 64 128 0.0202024
183 137 64 128 0.0292698
184 137 64 128 0.0400449
185 137 64 128 0.0450328
186 137 64 128 0.0578891
187 137 64 128 0.0709396
188 137 64 128 0.0904167
189 137 64 128 0.108906
190 137 64 128 0.0952807
191 137 64 128 0.0793551
192 137 64 128 0.0634688
193 137 64 128 0.0452415
194 137 64 128 0.0293542
195 137 64 128 0.0186795
196 137 64 128 0.015671
197 137 64 128 0.0144381
198 137 64 128 0.0144005
199 137 64 128 0.0167611
200 137 64 128 0.0199855
201 137 64 128 0.0325889
202 137 64 128 0.0414539
203 137 64 128 0.0568074
204 137 64 128 0.0893911
205 137 64 128 0.116085
206 137 64 128 0.129044
207 137 64 128 0.132024
208 137 64 128 0.111812
209 137 64 128 0.0678616
210 137 64 128 0.0353613
211 137 64 128 0.0220156
212 137 64 128 0.0129064
235 137 64 128 0.0122295
236 137 64 128 0.0150767
237 137 64 128 0.0149341
238 137 64 128 0.0107227
179 138 64 128 0.0109502
180 138 64 128 0.0160355
181 138 64 128 0.0218068
182 138 64 128 0.0282261
183 138 64 128 0.0385528
184 138 64 128 0.0484559
185 138 64 128 0.0509462
186 138 64 128 0.0668989
187 138 64 128 0.0857346
188 138 64 128 0.102177
189 138 64 128 0.111867
190 138 64 128 0.0999036
191 138 64 128 0.0802685
192 138 64 128 0.0636597
193 138 64 128 0.0472007
194 138 64 128 0.0296158
195 138 64 128 0.0200919
196 138 64 128 0.0174928
197 138 64 128 0.016502
198 138 64 128 0.0171748
199 138 64 128 0.0214452
200 138 64 128 0.0298863
201 138 64 128 0.0486663
202 138 64 128 0.0643683
203 138 64 128 0.0881441
204 138 64 128 0.130404
205 138 64 128 0.168055
206 138 64 128 0.195178
207 138 64 128 0.189197
208 138 64 128 0.14981
209 138 64 128 0.0990691
210 138 64 128 0.0555033
211 138 64 128 0.0331104
212 138 64 128 0.0190574
233 138 64 128 0.0113405
234 138 64 128 0.0103592
235 138 64 128 0.0141412
236 138 64 128 0.0180335
237 138 64 128 0.0175801
238 138 64 128 0.0120747
178 139 64 128 0.0121224
179 139 64 128 0.0188538
180 139 64 128 0.0270009
181 139 64 128 0.033382
182 139 64 128 0.0466957
183 139 64 128 0.0609141
184 139 64 128 0.0676595
185 139 64 128 0.0733791
186 139 64 128 0.0802519
187 139 64 128 0.113859
188 139 64 128 0.138289
189 139 64 128 0.1287
190 139 64 128 0.125721
191 139 64 128 0.0958147
192 139 64 128 0.0758597
193 139 64 128 0.0620288
194 139 64 128 0.0361601
195 139 64 128 0.0275754
196 139 64 128 0.0206439
197 139 64 128 0.0205259
198 139 64 128 0.0225545
199 139 64 128 0.0262718
200 139 64 128 0.048983
201 139 64 128 0.0715442
202 139 64 128 0.103423
203 139 64 128 0.140571
204 139 64 128 0.183886
205 139 64 128 0.251348
206 139 64 128 0.29156
207 139 64 128 0.264674
208 139 64 128 0.201262
209 139 64 128 0.144844
210 139 64 128 0.090456
211 139 64 128 0.0468338
212 139 64 128 0.0234352
213 139 64 128 0.0141374
233 139 64 128 0.0103252
235 139 64 128 0.0123854
236 139 64 128 0.0137375
237 139 64 128 0.012647
177 140 64 128 0.0108708
178 140 64 128 0.0164429
179 140 64 128 0.0256891
180 140 64 128 0.0360119
181 140 64 128 0.0458394
182 140 64 128 0.0651706
183 140 64 128 0.0820924
184 140 64 128 0.0883368
185 140 64 128 0.0982332
186 140 64 128 0.102835
187 140 64 128 0.142925
188 140 64 128 0.170735
189 140 64 128 0.154088
190 140 64 128 0.157309
191 140 64 128 0.122392
192 140 64 128 0.098909
193 140 64 128 0.0826996
194 140 64 128 0.0500805
195 140 64 128 0.0427254
196 140 64 128 0.031002
197 140 64 128 0.0320098
198 140 64 128 0.0364017
199 140 64 128 0.0397965
200 140 64 128 0.0783621
201 140 64 128 0.118936
202 140 64 128 0.175588
203 140 64 128 0.223701
204 140 64 128 0.263456
205 140 64 128 0.3518
206 140 64 128 0.389683
207 140 64 128 0.345327
208 140 64 128 0.262632
209 140 64 128 0.185668
210 140 64 128 0.116136
211 140 64 128 0.0572991
212 140 64 128 0.0270523
213 140 64 128 0.0175316
235 140 64 128 0.0108027
177 141 64 128 0.0115134
178 141 64 128 0.0173851
179 141 64 128 0.0274257
180 141 64 128 0.0371978
181 141 64 128 0.0550415
182 141 64 128 0.0750679
183 141 64 128 0.0912411
184 141 64 128 0.103009
185 141 64 128 0.114296
186 141 64 128 0.136442
187 141 64 128 0.164063
188 141 64 128 0.180427
189 141 64 128 0.183565
190 141 64 128 0.183072
191 141 64 128 0.155711
192 141 64 128 0.130906
193 141 64 128 0.104885
194 141 64 128 0.0726948
195 141 64 128 0.0664744
196 141 64 128 0.0529247
197 141 64 128 0.0552793
198 141 64 128 0.0634429
199 141 64 128 0.0700579
200 141 64 128 0.122344
201 141 64 128 0.204775
202 141 64 128 0.291222
203 141 64 128 0.34316
204 141 64 128 0.379466
205 141 64 128 0.458318
206 141 64 128 0.470765
207 141 64 128 0.424473
208 141 64 128 0.334871
209 141 64 128 0.215767
210 141 64 128 0.125538
211 141 64 128 0.0663488
212 141 64 128 0.0335507
213 141 64 128 0.0198113
214 141 64 128 0.0136892
233 141 64 128 0.0118984
234 141 64 128 0.0101561
235 141 64 128 0.0122922
236 141 64 128 0.0103823
0 142 64 128 0.0113632
1 142 64 128 0.0112649
176 142 64 128 0.0107685
177 142 64 128 0.0120415
178 142 64 128 0.0174419
179 142 64 128 0.0275518
180 142 64 128 0.0369512
181 142 64 128 0.0605036
182 142 64 128 0.0809292
183 142 64 128 0.0984413
184 142 64 128 0.117268
185 142 64 128 0.131073
186 142 64 128 0.171101
187 142 64 128 0.188526
188 142 64 128 0.197368
189 142 64 128 0.222237
190 142 64 128 0.215982
191 142 64 128 0.193425
192 142 64 128 0.170165
193 142 64 128 0.139201
194 142 64 128 0.10695
195 142 64 128 0.0979682
196 142 64 128 0.082922
197 142 64 128 0.0883719
198 142 64 128 0.102102
199 142 64 128 0.118828
200 142 64 128 0.197272
201 142 64 128 0.322412
202 142 64 128 0.432183
203 142 64 128 0.488669
204 142 64 128 0.524333
205 142 64 128 0.580209
206 142 64 128 0.563624
207 142 64 128 0.52287
208 142 64 128 0.436454
209 142 64 128 0.286531
210 142 64 128 0.183347
211 142 64 128 0.105034
212 142 64 128 0.0543509
213 142 64 128 0.0313885
214 142 64 128 0.0194814
215 142 64 128 0.01052
232 142 64 128 0.0119444
233 142 64 128 0.014216
234 142 64 128 0.0123965
235 142 64 128 0.0135853
236 142 64 128 0.0123662
237 142 64 128 0.0106776
168 143 64 128 0.0102783
169 143 64 128 0.0104943
170 143 64 128 0.0121769
171 143 64 128 0.0124089
172 143 64 128 0.0119967
173 143 64 128 0.0123536
174 143 64 128 0.0126423
175 143 64 128 0.0118754
176 143 64 128 0.0131286
177 143 64 128 0.0143937
178 143 64 128 0.0193302
179 143 64 128 0.0299557
180 143 64 128 0.0420209
181 143 64 128 0.0624344
182 143 64 128 0.0882182
183 143 64 128 0.114199
184 143 64 128 0.136411
185 143 64 128 0.157566
186 143 64 128 0.195144
187 143 64 128 0.225886
188 143 64 128 0.250052
189 143 64 128 0.272603
190 143 64 128 0.266518
191 143 64 128 0.231704
192 143 64 128 0.2131
193 143 64 128 0.193609
194 143 64 128 0.153809
195 143 64 128 0.135127
196 143 64 128 0.117062
197 143 64 128 0.129353
198 143 64 128 0.15117
199 143 64 128 0.187467
200 143 64 128 0.315661
201 143 64 128 0.45945
202 143 64 128 0.575056
203 143 64 128 0.643723
204 143 64 128 0.682815
205 143 64 128 0.723461
206 143 64 128 0.695436
207 143 64 128 0.65734
208 143 64 128 0.579938
209 143 64 128 0.44266
210 143 64 128 0.346091
211 143 64 128 0.201819
212 143 64 128 0.101062
213 143 64 128 0.0624498
214 143 64 128 0.028376
215 143 64 128 0.0157642
232 143 64 128 0.0113759
233 143 64 128 0.0136274
234 143 64 128 0.0109224
235 143 64 128 0.011136
167 144 64 128 0.0122494
168 144 64 128 0.0136051
169 144 64 128 0.0134346
170 144 64 128 0.0167355
171 144 64 128 0.0164095
172 144 64 128 0.0160169
173 144 64 128 0.0166853
174 144 64 128 0.015819
175 144 64 128 0.014288
176 144 64 128 0.0149283
177 144 64 128 0.0163666
178 144 64 128 0.0208011
179 144 64 128 0.0316398
180 144 64 128 0.0462869
181 144 64 128 0.0604654
182 144 64 128 0.0916205
183 144 64 128 0.126036
184 144 64 128 0.14828
185 144 64 128 0.174881
186 144 64 128 0.201754
187 144 64 128 0.252025
188 144 64 128 0.299185
189 144 64 128 0.311099
190 144 64 128 0.301628
191 144 64 128 0.256147
192 144 64 128 0.245317
193 144 64 128 0.243281
194 144 64 128 0.201273
195 144 64 128 0.171244
196 144 64 128 0.15846
197 144 64 128 0.184053
198 144 64 128 0.219103
199 144 64 128 0.282624
200 144 64 128 0.454242
201 144 64 128 0.596554
202 144 64 128 0.701713
203 144 64 128 0.776581
204 144 64 128 0.818929
205 144 64 128 0.850962
206 144 64 128 0.82666
207 144 64 128 0.789646
208 144 64 128 0.723858
209 144 64 128 0.622534
210 144 64 128 0.538276
211 144 64 128 0.33546
212 144 64 128 0.176917
213 144 64 128 0.109521
214 144 64 128 0.0521315
215 144 64 128 0.0284042
216 144 64 128 0.0154419
233 144 64 128 0.0112215
167 145 64 128 0.0107141
168 145 64 128 0.012544
169 145 64 128 0.0133372
170 145 64 128 0.0163915
171 145 64 128 0.0160855
172 145 64 128 0.0153761
173 145 64 128 0.0158586
174 145 64 128 0.0153164
175 145 64 128 0.0134526
176 145 64 128 0.013886
177 145 64 128 0.0148496
178 145 64 128 0.0184788
179 145 64 128 0.0280141
180 145 64 128 0.0406869
181 145 64 128 0.0543474
182 145 64 128 0.0835317
183 145 64 128 0.116448
184 145 64 128 0.137458
185 145 64 128 0.158766
186 145 64 128 0.18706
187 145 64 128 0.236079
188 145 64 128 0.28969
189 145 64 128 0.308815
190 145 64 128 0.280195
191 145 64 128 0.25133
192 145 64 128 0.251084
193 145 64 128 0.256582
194 145 64 128 0.234373
195 145 64 128 0.199719
196 145 64 128 0.211282
197 145 64 128 0.258172
198 145 64 128 0.313871
199 145 64 128 0.408192
200 145 64 128 0.579191
201 145 64 128 0.712872
202 145 64 128 0.79709
203 145 64 128 0.854782
204 145 64 128 0.894623
205 145 64 128 0.916812
206 145 64 128 0.901259
207 145 64 128 0.868498
208 145 64 128 0.814166
209 145 64 128 0.737379
210 145 64 128 0.651612
211 145 64 128 0.46863
212 145 64 128 0.279764
213 145 64 128 0.164863
214 145 64 128 0.10273
215 145 64 128 0.0537148
216 145 64 128 0.030594
217 145 64 128 0.0168373
0 146 64 128 0.0134971
1 146 64 128 0.0132244
2 146 64 128 0.0103548
169 146 64 128 0.0114363
170 146 64 128 0.0134996
171 146 64 128 0.0133622
172 146 64 128 0.0121604
173 146 64 128 0.0122635
174 146 64 128 0.0127367
175 146 64 128 0.0109223
176 146 64 128 0.0112527
177 146 64 128 0.0114306
178 146 64 128 0.0142667
179 146 64 128 0.0215437
180 146 64 128 0.0296507
181 146 64 128 0.0467035
182 146 64 128 0.0692166
183 146 64 128 0.0940907
184 146 64 128 0.113397
185 146 64 128 0.123369
186 146 64 128 0.158752
187 146 64 128 0.191097
188 146 64 128 0.234959
189 146 64 128 0.2697
190 146 64 128 0.223817
191 146 64 128 0.225529
192 146 64 128 0.236176
193 146 64 128 0.242495
194 146 64 128 0.251704
195 146 64 128 0.229346
196 146 64 128 0.267219
197 146 64 128 0.332055
198 146 64 128 0.408974
199 146 64 128 0.526654
200 146 64 128 0.672725
201 146 64 128 0.795471
202 146 64 128 0.85736
203 146 64 128 0.886847
204 146 64 128 0.917747
205 146 64 128 0.929922
206 146 64 128 0.921899
207 146 64 128 0.896066
208 146 64 128 0.851349
209 146 64 128 0.784095
210 146 64 128 0.692553
211 146 64 128 0.573457
212 146 64 128 0.384835
213 146 64 128 0.22476
214 146 64 128 0.161411
215 146 64 128 0.0839705
216 146 64 128 0.0486311
217 146 64 128 0.0279536
0 147 64 128 0.012889
1 147 64 128 0.0128865
2 147 64 128 0.0101294
169 147 64 128 0.0108691
170 147 64 128 0.0138149
171 147 64 128 0.0129886
172 147 64 128 0.0115233
173 147 64 128 0.011772
174 147 64 128 0.0120054
175 147 64 128 0.0103527
178 147 64 128 0.0125856
179 147 64 128 0.0180786
180 147 64 128 0.0241131
181 147 64 128 0.0414373
182 147 64 128 0.0600966
183 147 64 128 0.0802671
184 147 64 128 0.097519
185 147 64 128 0.101369
186 147 64 128 0.130198
187 147 64 128 0.151841
188 147 64 128 0.182678
189 147 64 128 0.214905
190 147 64 128 0.184502
191 147 64 128 0.198721
192 147 64 128 0.217086
193 147 64 128 0.229939
194 147 64 128 0.258625
195 147 64 128 0.275081
196 147 64 128 0.312086
197 147 64 128 0.375036
198 147 64 128 0.462725
199 147 64 128 0.582765
200 147 64 128 0.726675
201 147 64 128 0.836749
202 147 64 128 0.885119
203 147 64 128 0.90189
204 147 64 128 0.919518
205 147 64 128 0.926876
206 147 64 128 0.921308
207 147 64 128 0.90187
208 147 64 128 0.863867
209 147 64 128 0.80353
210 147 64 128 0.724948
211 147 64 128 0.628621
212 147 64 128 0.456845
213 147 64 128 0.286628
214 147 64 128 0.194908
215 147 64 128 0.105169
216 147 64 128 0.0594361
217 147 64 128 0.032726
218 147 64 128 0.0125023
169 148 64 128 0.011451
170 148 64 128 0.0165071
171 148 64 128 0.0146238
172 148 64 128 0.0132829
173 148 64 128 0.0140702
174 148 64 128 0.0130554
175 148 64 128 0.0116068
176 148 64 128 0.0102317
177 148 64 128 0.0105772
178 148 64 128 0.0133321
179 148 64 128 0.0177602
180 148 64 128 0.024588
181 148 64 128 0.0385799
182 148 64 128 0.0568845
183 148 64 128 0.0766726
184 148 64 128 0.0916197
185 148 64 128 0.0960019
186 148 64 128 0.107592
187 148 64 128 0.127676
188 148 64 128 0.148005
189 148 64 128 0.161769
190 148 64 128 0.168546
191 148 64 128 0.176954
192 148 64 128 0.199219
193 148 64 128 0.222009
194 148 64 128 0.253625
195 148 64 128 0.319982
196 148 64 128 0.343556
197 148 64 128 0.395248
198 148 64 128 0.482756
199 148 64 128 0.588689
200 148 64 128 0.750192
201 148 64 128 0.846955
202 148 64 128 0.890357
203 148 64 128 0.910708
204 148 64 128 0.915367
205 148 64 128 0.921731
206 148 64 128 0.914783
207 148 64 128 0.898945
208 148 64 128 0.864622
209 148 64 128 0.812184
210 148 64 128 0.756745
211 148 64 128 0.636966
212 148 64 128 0.483932
213 148 64 128 0.332037
214 148 64 128 0.198738
215 148 64 128 0.113194
216 148 64 128 0.0623055
217 148 64 128 0.0318389
218 148 64 128 0.0152478
169 149 64 128 0.0104004
170 149 64 128 0.0156114
171 149 64 128 0.0139443
172 149 64 128 0.0130723
173 149 64 128 0.0139965
174 149 64 128 0.0126847
175 149 64 128 0.0115705
177 149 64 128 0.0105109
178 149 64 128 0.0128484
179 149 64 128 0.0162409
180 149 64 128 0.0233805
181 149 64 128 0.0351189
182 149 64 128 0.0518629
183 149 64 128 0.0695576
184 149 64 128 0.0820408
185 149 64 128 0.0872668
186 149 64 128 0.0912706
187 149 64 128 0.107681
188 149 64 128 0.120019
189 149 64 128 0.124071
190 149 64 128 0.146164
191 149 64 128 0.155128
192 149 64 128 0.179103
193 149 64 128 0.201491
194 149 64 128 0.230013
195 149 64 128 0.322775
196 149 64 128 0.368461
197 149 64 128 0.430608
198 149 64 128 0.51481
199 149 64 128 0.608748
200 149 64 128 0.765526
201 149 64 128 0.84998
202 149 64 128 0.888552
203 149 64 128 0.909337
204 149 64 128 0.907769
205 149 64 128 0.910385
206 149 64 128 0.903389
207 149 64 128 0.886918
208 149 64 128 0.853799
209 149 64 128 0.806768
210 149 64 128 0.751837
211 149 64 128 0.620339
212 149 64 128 0.473172
213 149 64 128 0.330887
214 149 64 128 0.191202
215 149 64 128 0.111859
216 149 64 128 0.0639259
217 149 64 128 0.0328006
218 149 64 128 0.016067
170 150 64 128 0.0101746
171 150 64 128 0.0100728
173 150 64 128 0.010335
174 150 64 128 0.0100686
178 150 64 128 0.0100769
179 150 64 128 0.0123755
180 150 64 128 0.0182496
181 150 64 128 0.030031
182 150 64 128 0.0429363
183 150 64 128 0.0555769
184 150 64 128 0.0654954
185 150 64 128 0.0690435
186 150 64 128 0.0789461
187 150 64 128 0.0865236
188 150 64 128 0.0934399
189 150 64 128 0.103128
190 150 64 128 0.109423
191 150 64 128 0.130566
192 150 64 128 0.155279
193 150 64 128 0.166722
194 150 64 128 0.192672
195 150 64 128 0.281283
196 150 64 128 0.381968
197 150 64 128 0.476687
198 150 64 128 0.558441
199 150 64 128 0.647583
200 150 64 128 0.773111
201 150 64 128 0.85071
202 150 64 128 0.883341
203 150 64 128 0.89495
204 150 64 128 0.893819
205 150 64 128 0.890437
206 150 64 128 0.885652
207 150 64 128 0.864287
208 150 64 128 0.829229
209 150 64 128 0.784041
210 150 64 128 0.707967
211 150 64 128 0.591876
212 150 64 128 0.435935
213 150 64 128 0.285684
214 150 64 128 0.180065
215 150 64 128 0.104324
216 150 64 128 0.0655648
217 150 64 128 0.0365613
218 150 64 128 0.0148798
219 150 64 128 0.0103471
180 151 64 128 0.0137108
181 151 64 128 0.0247601
182 151 64 128 0.0349691
183 151 64 128 0.0442547
184 151 64 128 0.0515289
185 151 64 128 0.0524907
186 151 64 128 0.0654258
187 151 64 128 0.0662057
188 151 64 128 0.070573
189 151 64 128 0.0855697
190 151 64 128 0.077569
191 151 64 128 0.103867
192 151 64 128 0.128992
193 151 64 128 0.135166
194 151 64 128 0.160356
195 151 64 128 0.240532
196 151 64 128 0.3652
197 151 64 128 0.477942
198 151 64 128 0.557241
199 151 64 128 0.637388
200 151 64 128 0.747163
201 151 64 128 0.831061
202 151 64 128 0.864137
203 151 64 128 0.86663
204 151 64 128 0.864736
205 151 64 128 0.862157
206 151 64 128 0.857609
207 151 64 128 0.828695
208 151 64 128 0.786413
209 151 64 128 0.741534
210 151 64 128 0.664491
211 151 64 128 0.553684
212 151 64 128 0.388027
213 151 64 128 0.238009
214 151 64 128 0.159813
215 151 64 128 0.0927088
216 151 64 128 0.0618222
217 151 64 128 0.0360716
218 151 64 128 0.0132445
219 151 64 128 0.0103477
180 152 64 128 0.0119605
181 152 64 128 0.0200687
182 152 64 128 0.0300292
183 152 64 128 0.0394929
184 152 64 128 0.0442152
185 152 64 128 0.0430468
186 152 64 128 0.0485419
187 152 64 128 0.0482452
188 152 64 128 0.0523691
189 152 64 128 0.0638043
190 152 64 128 0.0601515
191 152 64 128 0.0767211
192 152 64 128 0.101633
193 152 64 128 0.114643
194 152 64 128 0.14046
195 152 64 128 0.221439
196 152 64 128 0.315458
197 152 64 128 0.416771
198 152 64 128 0.493274
199 152 64 128 0.557647
200 152 64 128 0.685605
201 152 64 128 0.788418
202 152 64 128 0.829676
203 152 64 128 0.828971
204 152 64 128 0.822232
205 152 64 128 0.828713
206 152 64 128 0.821504
207 152 64 128 0.781958
208 152 64 128 0.725803
209 152 64 128 0.682034
210 152 64 128 0.63688
211 152 64 128 0.507228
212 152 64 128 0.340038
213 152 64 128 0.209034
214 152 64 128 0.130139
215 152 64 128 0.0790174
216 152 64 128 0.0515133
217 152 64 128 0.0291217
218 152 64 128 0.0121938
180 153 64 128 0.0103264
181 153 64 128 0.0152374
182 153 64 128 0.0244391
183 153 64 128 0.0337586
184 153 64 128 0.0364678
185 153 64 128 0.0340758
186 153 64 128 0.0318571
187 153 64 128 0.0325177
188 153 64 128 0.0365519
189 153 64 128 0.0421529
190 153 64 128 0.0464737
191 153 64 128 0.0524319
192 153 64 128 0.0745734
193 153 64 128 0.0936607
194 153 64 128 0.11856
195 153 64 128 0.19673
196 153 64 128 0.26054
197 153 64 128 0.348976
198 153 64 128 0.423475
199 153 64 128 0.480254
200 153 64 128 0.631608
201 153 64 128 0.750309
202 153 64 128 0.796886
203 153 64 128 0.796239
204 153 64 128 0.787442
205 153 64 128 0.798182
206 153 64 128 0.790954
207 153 64 128 0.733449
208 153 64 128 0.656971
209 153 64 128 0.617655
210 153 64 128 0.59341
211 153 64 128 0.453983
212 153 64 128 0.292719
213 153 64 128 0.179222
214 153 64 128 0.101462
215 153 64 128 0.065159
216 153 64 128 0.0417117
217 153 64 128 0.023021
218 153 64 128 0.0116447
182 154 64 128 0.0159995
183 154 64 128 0.0222398
184 154 64 128 0.0237592
185 154 64 128 0.0211953
186 154 64 128 0.0186487
187 154 64 128 0.0191715
188 154 64 128 0.0218298
189 154 64 128 0.0249409
190 154 64 128 0.0287828
191 154 64 128 0.033576
192 154 64 128 0.0498095
193 154 64 128 0.0651621
194 154 64 128 0.0860425
195 154 64 128 0.149558
196 154 64 128 0.22142
197 154 64 128 0.31455
198 154 64 128 0.387903
199 154 64 128 0.453065
200 154 64 128 0.609419
201 154 64 128 0.729649
202 154 64 128 0.772001
203 154 64 128 0.770896
204 154 64 128 0.764601
205 154 64 128 0.765801
206 154 64 128 0.763205
207 154 64 128 0.682186
208 154 64 128 0.583712
209 154 64 128 0.551748
210 154 64 128 0.509663
211 154 64 128 0.392147
212 154 64 128 0.24432
213 154 64 128 0.13481
214 154 64 128 0.0808758
215 154 64 128 0.0524239
216 154 64 128 0.0370035
217 154 64 128 0.0224602
218 154 64 128 0.0112525
183 155 64 128 0.0108958
184 155 64 128 0.011807
188 155 64 128 0.0105467
189 155 64 128 0.0130903
190 155 64 128 0.0132364
191 155 64 128 0.0202653
192 155 64 128 0.031067
193 155 64 128 0.0398269
194 155 64 128 0.0565623
195 155 64 128 0.105604
196 155 64 128 0.19155
197 155 64 128 0.28891
198 155 64 128 0.358681
199 155 64 128 0.431237
200 155 64 128 0.578197
201 155 64 128 0.690476
202 155 64 128 0.726577
203 155 64 128 0.720147
204 155 64 128 0.705844
205 155 64 128 0.690042
206 155 64 128 0.687154
207 155 64 128 0.596502
208 155 64 128 0.491293
209 155 64 128 0.460856
210 155 64 128 0.394875
211 155 64 128 0.310904
212 155 64 128 0.189004
213 155 64 128 0.0895907
214 155 64 128 0.063234
215 155 64 128 0.0404269
216 155 64 128 0.0327562
217 155 64 128 0.0221896
218 155 64 128 0.0102702
219 155 64 128 0.0100427
191 156 64 128 0.0120039
192 156 64 128 0.0209623
193 156 64 128 0.0277537
194 156 64 128 0.0429366
195 156 64 128 0.0887026
196 156 64 128 0.161717
197 156 64 128 0.245399
198 156 64 128 0.30658
199 156 64 128 0.369659
200 156 64 128 0.500686
201 156 64 128 0.601671
202 156 64 128 0.636397
203 156 64 128 0.617603
204 156 64 128 0.574472
205 156 64 128 0.542534
206 156 64 128 0.52689
207 156 64 128 0.454994
208 156 64 128 0.370378
209 156 64 128 0.329845
210 156 64 128 0.267016
211 156 64 128 0.206334
212 156 64 128 0.124597
213 156 64 128 0.0582343
214 156 64 128 0.0434263
215 156 64 128 0.0288756
216 156 64 128 0.0245282
217 156 64 128 0.0171459
192 157 64 128 0.016023
193 157 64 128 0.0233878
194 157 64 128 0.037871
195 157 64 128 0.0832008
196 157 64 128 0.131532
197 157 64 128 0.196164
198 157 64 128 0.246792
199 157 64 128 0.290662
200 157 64 128 0.403368
201 157 64 128 0.489323
202 157 64 128 0.521243
203 157 64 128 0.490798
204 157 64 128 0.420784
205 157 64 128 0.379195
206 157 64 128 0.3482
207 157 64 128 0.303511
208 157 64 128 0.248739
209 157 64 128 0.199545
210 157 64 128 0.157031
211 157 64 128 0.111099
212 157 64 128 0.0678578
213 157 64 128 0.038798
214 157 64 128 0.0255539
215 157 64 128 0.0191213
216 157 64 128 0.0155314
217 157 64 128 0.0104337
192 158 64 128 0.0116984
193 158 64 128 0.0181113
194 158 64 128 0.0302293
195 158 64 128 0.0665024
196 158 64 128 0.102772
197 158 64 128 0.16012
198 158 64 128 0.202062
199 158 64 128 0.229152
200 158 64 128 0.323755
201 158 64 128 0.389683
202 158 64 128 0.409559
203 158 64 128 0.377082
204 158 64 128 0.308863
205 158 64 128 0.268044
206 158 64 128 0.231804
207 158 64 128 0.197828
208 158 64 128 0.159515
209 158 64 128 0.118101
210 158 64 128 0.0936223
211 158 64 128 0.0610138
212 158 64 128 0.0371372
213 158 64 128 0.0254008
214 158 64 128 0.0151951
215 158 64 128 0.012665
216 158 64 128 0.0103071
193 159 64 128 0.0114961
194 159 64 128 0.0200514
195 159 64 128 0.0421245
196 159 64 128 0.0756019
197 159 64 128 0.130165
198 159 64 128 0.16398
199 159 64 128 0.18044
200 159 64 128 0.255981
201 159 64 128 0.301922
202 159 64 128 0.307139
203 159 64 128 0.280496
204 159 64 128 0.234766
205 159 64 128 0.202538
206 159 64 128 0.170809
207 159 64 128 0.136091
208 159 64 128 0.103251
209 159 64 128 0.0791967
210 159 64 128 0.0655355
211 159 64 128 0.0449659
212 159 64 128 0.0262509
213 159 64 128 0.0160809
214 159 64 128 0.0108498
194 160 64 128 0.0118287
195 160 64 128 0.0237131
196 160 64 128 0.0497759
197 160 64 128 0.0901506
198 160 64 128 0.113352
199 160 64 128 0.125274
200 160 64 128 0.178539
201 160 64 128 0.211612
202 160 64 128 0.211269
203 160 64 128 0.192335
204 160 64 128 0.168242
205 160 64 128 0.147116
206 160 64 128 0.123949
207 160 64 128 0.0934845
208 160 64 128 0.067184
209 160 64 128 0.0549991
210 160 64 128 0.0462481
211 160 64 128 0.0338516
212 160 64 128 0.0195797
213 160 64 128 0.0104785
195 161 64 128 0.0140287
196 161 64 128 0.0281611
197 161 64 128 0.046921
198 161 64 128 0.0591472
199 161 64 128 0.0701956
200 161 64 128 0.101744
201 161 64 128 0.1289
202 161 64 128 0.13195
203 161 64 128 0.119796
204 161 64 128 0.108224
205 161 64 128 0.0962364
206 161 64 128 0.0820456
207 161 64 128 0.0620928
208 161 64 128 0.0444059
209 161 64 128 0.0358674
210 161 64 128 0.0285537
211 161 64 128 0.020595
212 161 64 128 0.0126871
196 162 64 128 0.0153857
197 162 64 128 0.0213113
198 162 64 128 0.0274254
199 162 64 128 0.0374418
200 162 64 128 0.0551749
201 162 64 128 0.078609
202 162 64 128 0.0863528
203 162 64 128 0.07934
204 162 64 128 0.0716659
205 162 64 128 0.0631399
206 162 64 128 0.0561019
207 162 64 128 0.0446324
208 162 64 128 0.0317518
209 162 64 128 0.0237867
210 162 64 128 0.0174957
211 162 64 128 0.0120905
196 163 64 128 0.0107396
197 163 64 128 0.0155944
198 163 64 128 0.0207156
199 163 64 128 0.0282472
200 163 64 128 0.0404554
201 163 64 128 0.059503
202 163 64 128 0.0691067
203 163 64 128 0.0654862
204 163 64 128 0.0567704
205 163 64 128 0.0472824
206 163 64 128 0.0444999
207 163 64 128 0.0368405
208 163 64 128 0.0247282
209 163 64 128 0.0173874
210 163 64 128 0.0128787
197 164 64 128 0.0140547
198 164 64 128 0.018758
199 164 64 128 0.0235161
200 164 64 128 0.0321782
201 164 64 128 0.045253
202 164 64 128 0.05329
203 164 64 128 0.0517453
204 164 64 128 0.04359
205 164 64 128 0.0346697
206 164 64 128 0.0332896
207 164 64 128 0.0276999
208 164 64 128 0.017581
209 164 64 128 0.0119341
198 165 64 128 0.0113978
199 165 64 128 0.013941
200 165 64 128 0.0180443
201 165 64 128 0.0242543
202 165 64 128 0.0283012
203 165 64 128 0.0278999
204 165 64 128 0.0240996
205 165 64 128 0.0193179
206 165 64 128 0.0174034
207 165 64 128 0.0138569
231 172 64 128 0.0102471
232 172 64 128 0.0112765
233 172 64 128 0.0101911
234 172 64 128 0.0112484
235 172 64 128 0.0129317
236 172 64 128 0.0120029
232 173 64 128 0.0110615
233 173 64 128 0.010628
234 173 64 128 0.0121475
235 173 64 128 0.0137582
236 173 64 128 0.0144935
237 173 64 128 0.0118062
234 174 64 128 0.0115826
235 174 64 128 0.0125405
236 174 64 128 0.0153722
237 174 64 128 0.0134816
234 175 64 128 0.0118042
235 175 64 128 0.012925
236 175 64 128 0.0167957
237 175 64 128 0.0178624
238 175 64 128 0.0143954
239 175 64 128 0.0106627
234 176 64 128 0.0128594
235 176 64 128 0.0151311
236 176 64 128 0.01932
237 176 64 128 0.0239282
238 176 64 128 0.0234548
239 176 64 128 0.0169855
240 176 64 128 0.0114341
234 177 64 128 0.0131111
235 177 64 128 0.016745
236 177 64 128 0.0222504
237 177 64 128 0.0275332
238 177 64 128 0.0278309
239 177 64 128 0.0219095
240 177 64 128 0.0147107
241 177 64 128 0.0111828
234 178 64 128 0.0123117
235 178 64 128 0.0171024
236 178 64 128 0.0251832
237 178 64 128 0.0281408
238 178 64 128 0.0263771
239 178 64 128 0.0242122
240 178 64 128 0.0170059
241 178 64 128 0.0129266
234 179 64 128 0.0118722
235 179 64 128 0.017643
236 179 64 128 0.0280802
237 179 64 128 0.029481
238 179 64 128 0.0258203
239 179 64 128 0.0258112
240 179 64 128 0.0179796
241 179 64 128 0.0134313
234 180 64 128 0.0120662
235 180 64 128 0.0184386
236 180 64 128 0.0298381
237 180 64 128 0.0321163
238 180 64 128 0.028354
239 180 64 128 0.0268639
240 180 64 128 0.0172888
241 180 64 128 0.01245
234 181 64 128 0.0110147
235 181 64 128 0.0169611
236 181 64 128 0.0274567
237 181 64 128 0.0306487
238 181 64 128 0.0274634
239 181 64 128 0.0241391
240 181 64 128 0.0145349
241 181 64 128 0.0102958
235 182 64 128 0.0120604
236 182 64 128 0.0199315
237 182 64 128 0.0224106
238 182 64 128 0.0195884
239 182 64 128 0.016509
240 182 64 128 0.0100561
236 183 64 128 0.0121273
237 183 64 128 0.013675
238 183 64 128 0.0114546
237 184 64 128 0.0102157
