164 0 64 128 0.0107412
165 0 64 128 0.0107896
166 0 64 128 0.0113335
167 0 64 128 0.011567
168 0 64 128 0.0128269
169 0 64 128 0.0147936
170 0 64 128 0.0144259
171 0 64 128 0.0159398
172 0 64 128 0.0168976
173 0 64 128 0.018193
174 0 64 128 0.0203334
175 0 64 128 0.0197692
176 0 64 128 0.0206291
177 0 64 128 0.0202984
178 0 64 128 0.0201391
179 0 64 128 0.0218832
180 0 64 128 0.0221801
181 0 64 128 0.0227753
182 0 64 128 0.0217291
183 0 64 128 0.0202843
184 0 64 128 0.0203229
185 0 64 128 0.0200196
186 0 64 128 0.0198704
187 0 64 128 0.019618
188 0 64 128 0.0197351
189 0 64 128 0.020756
190 0 64 128 0.0220208
191 0 64 128 0.0230794
192 0 64 128 0.0234612
193 0 64 128 0.0235163
194 0 64 128 0.0244919
195 0 64 128 0.0265427
196 0 64 128 0.0263763
197 0 64 128 0.0252052
198 0 64 128 0.024439
199 0 64 128 0.0247686
200 0 64 128 0.0265715
201 0 64 128 0.0268619
202 0 64 128 0.0279712
203 0 64 128 0.0333185
204 0 64 128 0.040881
205 0 64 128 0.045145
206 0 64 128 0.0489737
207 0 64 128 0.0509282
208 0 64 128 0.0517627
209 0 64 128 0.0536269
210 0 64 128 0.0556867
211 0 64 128 0.0581225
212 0 64 128 0.0572374
213 0 64 128 0.0533003
214 0 64 128 0.0506213
215 0 64 128 0.0522256
216 0 64 128 0.0583451
217 0 64 128 0.0601565
218 0 64 128 0.0574307
219 0 64 128 0.0569013
220 0 64 128 0.0582503
221 0 64 128 0.0551357
222 0 64 128 0.0509867
223 0 64 128 0.0479091
224 0 64 128 0.0444736
225 0 64 128 0.0411897
226 0 64 128 0.0385357
227 0 64 128 0.0405667
228 0 64 128 0.0446548
229 0 64 128 0.045103
230 0 64 128 0.0429593
231 0 64 128 0.0414566
232 0 64 128 0.0420425
233 0 64 128 0.0430406
234 0 64 128 0.0447632
235 0 64 128 0.0490291
236 0 64 128 0.0458481
237 0 64 128 0.0442011
238 0 64 128 0.0445237
239 0 64 128 0.0421776
240 0 64 128 0.0443716
241 0 64 128 0.0449383
242 0 64 128 0.0466705
243 0 64 128 0.0475041
244 0 64 128 0.0457288
245 0 64 128 0.0497898
246 0 64 128 0.0539361
247 0 64 128 0.0588631
248 0 64 128 0.0623928
249 0 64 128 0.0637158
250 0 64 128 0.0696124
251 0 64 128 0.0721845
252 0 64 128 0.0748358
253 0 64 128 0.0777139
254 0 64 128 0.0793993
255 0 64 128 0.0866357
256 0 64 128 0.0954304
257 0 64 128 0.110862
258 0 64 128 0.125511
259 0 64 128 0.13617
260 0 64 128 0.15868
261 0 64 128 0.165216
262 0 64 128 0.163215
263 0 64 128 0.153041
264 0 64 128 0.134083
265 0 64 128 0.130472
266 0 64 128 0.117434
267 0 64 128 0.114152
268 0 64 128 0.118394
269 0 64 128 0.111102
270 0 64 128 0.110885
271 0 64 128 0.114093
272 0 64 128 0.125071
273 0 64 128 0.132516
274 0 64 128 0.1294
275 0 64 128 0.13876
276 0 64 128 0.143455
277 0 64 128 0.148486
278 0 64 128 0.157801
279 0 64 128 0.159502
280 0 64 128 0.150109
281 0 64 128 0.15489
282 0 64 128 0.159217
283 0 64 128 0.15679
284 0 64 128 0.155794
285 0 64 128 0.146364
286 0 64 128 0.14006
287 0 64 128 0.124269
288 0 64 128 0.102882
289 0 64 128 0.0963453
290 0 64 128 0.0991301
291 0 64 128 0.0954336
292 0 64 128 0.0904267
293 0 64 128 0.0897496
294 0 64 128 0.0866165
295 0 64 128 0.0755048
296 0 64 128 0.0683058
297 0 64 128 0.0633854
298 0 64 128 0.0605695
299 0 64 128 0.0619528
300 0 64 128 0.0598641
301 0 64 128 0.0608031
302 0 64 128 0.0641235
303 0 64 128 0.0665088
304 0 64 128 0.068143
305 0 64 128 0.069822
306 0 64 128 0.0698375
307 0 64 128 0.0698124
308 0 64 128 0.0705523
309 0 64 128 0.0697346
310 0 64 128 0.0664198
311 0 64 128 0.066465
312 0 64 128 0.0680741
313 0 64 128 0.0714292
314 0 64 128 0.0786428
315 0 64 128 0.0833744
316 0 64 128 0.0822831
317 0 64 128 0.0817287
318 0 64 128 0.0849413
319 0 64 128 0.0871978
157 1 64 128 0.0100657
158 1 64 128 0.0107968
159 1 64 128 0.0118927
160 1 64 128 0.0119861
161 1 64 128 0.0120142
162 1 64 128 0.0114247
163 1 64 128 0.0112874
164 1 64 128 0.0120366
165 1 64 128 0.0121908
166 1 64 128 0.0133051
167 1 64 128 0.0139909
168 1 64 128 0.015162
169 1 64 128 0.0170632
170 1 64 128 0.0172124
171 1 64 128 0.0178874
172 1 64 128 0.0182316
173 1 64 128 0.0199218
174 1 64 128 0.0227118
175 1 64 128 0.0225856
176 1 64 128 0.0233723
177 1 64 128 0.0228083
178 1 64 128 0.022577
179 1 64 128 0.0244058
180 1 64 128 0.0247955
181 1 64 128 0.0253961
182 1 64 128 0.0240501
183 1 64 128 0.0223809
184 1 64 128 0.0223624
185 1 64 128 0.0217291
186 1 64 128 0.0219047
187 1 64 128 0.0217874
188 1 64 128 0.0226241
189 1 64 128 0.0252445
190 1 64 128 0.0271228
191 1 64 128 0.0292051
192 1 64 128 0.0306375
193 1 64 128 0.0313694
194 1 64 128 0.0317351
195 1 64 128 0.0312107
196 1 64 128 0.0308668
197 1 64 128 0.0303292
198 1 64 128 0.0296141
199 1 64 128 0.0297134
200 1 64 128 0.0307871
201 1 64 128 0.0308019
202 1 64 128 0.0323102
203 1 64 128 0.0376277
204 1 64 128 0.0445343
205 1 64 128 0.0490785
206 1 64 128 0.0535267
207 1 64 128 0.0553856
208 1 64 128 0.0555616
209 1 64 128 0.0576074
210 1 64 128 0.0610939
211 1 64 128 0.0631709
212 1 64 128 0.0624331
213 1 64 128 0.0598136
214 1 64 128 0.0581463
215 1 64 128 0.0603059
216 1 64 128 0.0653343
217 1 64 128 0.0661658
218 1 64 128 0.0637139
219 1 64 128 0.0629622
220 1 64 128 0.061849
221 1 64 128 0.0576796
222 1 64 128 0.052477
223 1 64 128 0.0480695
224 1 64 128 0.0442422
225 1 64 128 0.0406717
226 1 64 128 0.0381715
227 1 64 128 0.039815
228 1 64 128 0.043449
229 1 64 128 0.0442053
230 1 64 128 0.0422443
231 1 64 128 0.0414788
232 1 64 128 0.0432366
233 1 64 128 0.045581
234 1 64 128 0.0478928
235 1 64 128 0.0513252
236 1 64 128 0.0499659
237 1 64 128 0.0498461
238 1 64 128 0.0506172
239 1 64 128 0.0497235
240 1 64 128 0.0535148
241 1 64 128 0.0556023
242 1 64 128 0.0580617
243 1 64 128 0.0594641
244 1 64 128 0.0583866
245 1 64 128 0.0611809
246 1 64 128 0.0622058
247 1 64 128 0.0661718
248 1 64 128 0.0708677
249 1 64 128 0.0724263
250 1 64 128 0.0774669
251 1 64 128 0.0780563
252 1 64 128 0.0797336
253 1 64 128 0.0829245
254 1 64 128 0.085154
255 1 64 128 0.093427
256 1 64 128 0.102293
257 1 64 128 0.11785
258 1 64 128 0.132959
259 1 64 128 0.142272
260 1 64 128 0.160753
261 1 64 128 0.166448
262 1 64 128 0.166022
263 1 64 128 0.156247
264 1 64 128 0.135368
265 1 64 128 0.12948
266 1 64 128 0.116554
267 1 64 128 0.114248
268 1 64 128 0.118867
269 1 64 128 0.111618
270 1 64 128 0.111189
271 1 64 128 0.114368
272 1 64 128 0.12521
273 1 64 128 0.131368
274 1 64 128 0.125785
275 1 64 128 0.133474
276 1 64 128 0.137914
277 1 64 128 0.14254
278 1 64 128 0.150333
279 1 64 128 0.151872
280 1 64 128 0.146536
281 1 64 128 0.15241
282 1 64 128 0.158672
283 1 64 128 0.160775
284 1 64 128 0.162547
285 1 64 128 0.152935
286 1 64 128 0.143245
287 1 64 128 0.128369
288 1 64 128 0.110221
289 1 64 128 0.102962
290 1 64 128 0.106478
291 1 64 128 0.101258
292 1 64 128 0.0944922
293 1 64 128 0.0933343
294 1 64 128 0.0894357
295 1 64 128 0.0776811
296 1 64 128 0.0694568
297 1 64 128 0.063796
298 1 64 128 0.059796
299 1 64 128 0.0594482
300 1 64 128 0.0578578
301 1 64 128 0.0576602
302 1 64 128 0.0590338
303 1 64 128 0.0604011
304 1 64 128 0.0610564
305 1 64 128 0.0611477
306 1 64 128 0.0613794
307 1 64 128 0.0617376
308 1 64 128 0.0625166
309 1 64 128 0.062758
310 1 64 128 0.0601269
311 1 64 128 0.0600726
312 1 64 128 0.060999
313 1 64 128 0.0636651
314 1 64 128 0.0708382
315 1 64 128 0.0762086
316 1 64 128 0.0752249
317 1 64 128 0.0735446
318 1 64 128 0.0756156
319 1 64 128 0.0778699
145 2 64 128 0.010336
146 2 64 128 0.0106645
147 2 64 128 0.0102776
151 2 64 128 0.0101824
152 2 64 128 0.0101161
153 2 64 128 0.0102724
154 2 64 128 0.0108381
155 2 64 128 0.0114693
156 2 64 128 0.0125117
157 2 64 128 0.0133388
158 2 64 128 0.014166
159 2 64 128 0.0151695
160 2 64 128 0.0156046
161 2 64 128 0.0156281
162 2 64 128 0.0150058
163 2 64 128 0.0145497
164 2 64 128 0.014685
165 2 64 128 0.0150501
166 2 64 128 0.0172705
167 2 64 128 0.0187782
168 2 64 128 0.0197771
169 2 64 128 0.0214829
170 2 64 128 0.022276
171 2 64 128 0.0218043
172 2 64 128 0.0211507
173 2 64 128 0.0232655
174 2 64 128 0.0269709
175 2 64 128 0.0273209
176 2 64 128 0.0281045
177 2 64 128 0.0270343
178 2 64 128 0.0264054
179 2 64 128 0.0282926
180 2 64 128 0.028663
181 2 64 128 0.02925
182 2 64 128 0.0277503
183 2 64 128 0.0260861
184 2 64 128 0.0262699
185 2 64 128 0.0255757
186 2 64 128 0.0261398
187 2 64 128 0.0260354
188 2 64 128 0.0279949
189 2 64 128 0.0332335
190 2 64 128 0.0363822
191 2 64 128 0.0401444
192 2 64 128 0.0432918
193 2 64 128 0.045435
194 2 64 128 0.045616
195 2 64 128 0.0418035
196 2 64 128 0.0402593
197 2 64 128 0.0402965
198 2 64 128 0.0402644
199 2 64 128 0.0401022
200 2 64 128 0.0394002
201 2 64 128 0.0386614
202 2 64 128 0.0406021
203 2 64 128 0.0457867
204 2 64 128 0.0516175
205 2 64 128 0.0558681
206 2 64 128 0.0601721
207 2 64 128 0.0614074
208 2 64 128 0.0608367
209 2 64 128 0.0630174
210 2 64 128 0.0673552
211 2 64 128 0.068201
212 2 64 128 0.0675488
213 2 64 128 0.0667858
214 2 64 128 0.0664129
215 2 64 128 0.069271
216 2 64 128 0.0732425
217 2 64 128 0.0732234
218 2 64 128 0.0715184
219 2 64 128 0.0706228
220 2 64 128 0.0658163
221 2 64 128 0.0605115
222 2 64 128 0.0539956
223 2 64 128 0.0476248
224 2 64 128 0.0435191
225 2 64 128 0.0400582
226 2 64 128 0.0385559
227 2 64 128 0.0398047
228 2 64 128 0.0423889
229 2 64 128 0.0437604
230 2 64 128 0.0430851
231 2 64 128 0.0434054
232 2 64 128 0.0466565
233 2 64 128 0.0510579
234 2 64 128 0.054329
235 2 64 128 0.0567758
236 2 64 128 0.0576193
237 2 64 128 0.0592346
238 2 64 128 0.0606152
239 2 64 128 0.062062
240 2 64 128 0.0683532
241 2 64 128 0.071823
242 2 64 128 0.0744198
243 2 64 128 0.0765104
244 2 64 128 0.0767377
245 2 64 128 0.0775565
246 2 64 128 0.0733316
247 2 64 128 0.0751634
248 2 64 128 0.0811103
249 2 64 128 0.0827914
250 2 64 128 0.086432
251 2 64 128 0.083606
252 2 64 128 0.0836847
253 2 64 128 0.0872818
254 2 64 128 0.0898271
255 2 64 128 0.0994265
256 2 64 128 0.108159
257 2 64 128 0.123443
258 2 64 128 0.138833
259 2 64 128 0.145564
260 2 64 128 0.156632
261 2 64 128 0.160788
262 2 64 128 0.162981
263 2 64 128 0.154643
264 2 64 128 0.13263
265 2 64 128 0.124222
266 2 64 128 0.111487
267 2 64 128 0.110941
268 2 64 128 0.116897
269 2 64 128 0.110689
270 2 64 128 0.111553
271 2 64 128 0.115808
272 2 64 128 0.126501
273 2 64 128 0.130867
274 2 64 128 0.122064
275 2 64 128 0.126429
276 2 64 128 0.13153
277 2 64 128 0.135766
278 2 64 128 0.139455
279 2 64 128 0.139689
280 2 64 128 0.141201
281 2 64 128 0.148957
282 2 64 128 0.156402
283 2 64 128 0.16344
284 2 64 128 0.169249
285 2 64 128 0.159243
286 2 64 128 0.143918
287 2 64 128 0.130284
288 2 64 128 0.117508
289 2 64 128 0.109221
290 2 64 128 0.112638
291 2 64 128 0.104855
292 2 64 128 0.0954936
293 2 64 128 0.0930785
294 2 64 128 0.0876004
295 2 64 128 0.0752765
296 2 64 128 0.0660359
297 2 64 128 0.0596211
298 2 64 128 0.0539785
299 2 64 128 0.0510059
300 2 64 128 0.0502985
301 2 64 128 0.0483544
302 2 64 128 0.0467387
303 2 64 128 0.0465542
304 2 64 128 0.0456439
305 2 64 128 0.0433807
306 2 64 128 0.0440055
307 2 64 128 0.0448743
308 2 64 128 0.0456184
309 2 64 128 0.0475256
310 2 64 128 0.0460387
311 2 64 128 0.0459322
312 2 64 128 0.0460181
313 2 64 128 0.0475943
314 2 64 128 0.0541499
315 2 64 128 0.0601346
316 2 64 128 0.0594472
317 2 64 128 0.0563272
318 2 64 128 0.0565743
319 2 64 128 0.0585376
144 3 64 128 0.0100783
145 3 64 128 0.0113433
146 3 64 128 0.011446
147 3 64 128 0.0109532
148 3 64 128 0.0103092
150 3 64 128 0.010309
151 3 64 128 0.0108725
152 3 64 128 0.011171
153 3 64 128 0.0114379
154 3 64 128 0.0118584
155 3 64 128 0.0126024
156 3 64 128 0.0143426
157 3 64 128 0.0154513
158 3 64 128 0.0158555
159 3 64 128 0.0163013
160 3 64 128 0.0165459
161 3 64 128 0.016919
162 3 64 128 0.0165259
163 3 64 128 0.0163705
164 3 64 128 0.0170027
165 3 64 128 0.0175698
166 3 64 128 0.0205967
167 3 64 128 0.0226091
168 3 64 128 0.0234974
169 3 64 128 0.0248923
170 3 64 128 0.0253995
171 3 64 128 0.0251716
172 3 64 128 0.0242186
173 3 64 128 0.0258823
174 3 64 128 0.0294637
175 3 64 128 0.0293027
176 3 64 128 0.0304021
177 3 64 128 0.0288463
178 3 64 128 0.027312
179 3 64 128 0.028961
180 3 64 128 0.0288859
181 3 64 128 0.0294123
182 3 64 128 0.0287966
183 3 64 128 0.0281517
184 3 64 128 0.0291729
185 3 64 128 0.0297933
186 3 64 128 0.0302269
187 3 64 128 0.0296376
188 3 64 128 0.0318307
189 3 64 128 0.0379454
190 3 64 128 0.0422489
191 3 64 128 0.0467261
192 3 64 128 0.0505288
193 3 64 128 0.0539294
194 3 64 128 0.0562096
195 3 64 128 0.0538433
196 3 64 128 0.0493981
197 3 64 128 0.0482948
198 3 64 128 0.0499845
199 3 64 128 0.0499215
200 3 64 128 0.0470768
201 3 64 128 0.0452636
202 3 64 128 0.0467095
203 3 64 128 0.0515342
204 3 64 128 0.0568834
205 3 64 128 0.0589706
206 3 64 128 0.0601171
207 3 64 128 0.0599003
208 3 64 128 0.059962
209 3 64 128 0.0617356
210 3 64 128 0.0623845
211 3 64 128 0.0611073
212 3 64 128 0.0601096
213 3 64 128 0.0592116
214 3 64 128 0.058306
215 3 64 128 0.0607946
216 3 64 128 0.0663929
217 3 64 128 0.0681215
218 3 64 128 0.067475
219 3 64 128 0.0671563
220 3 64 128 0.0619966
221 3 64 128 0.0579387
222 3 64 128 0.0520874
223 3 64 128 0.0456395
224 3 64 128 0.0424926
225 3 64 128 0.0406117
226 3 64 128 0.0414155
227 3 64 128 0.043126
228 3 64 128 0.0444885
229 3 64 128 0.0463445
230 3 64 128 0.0487315
231 3 64 128 0.0491073
232 3 64 128 0.0516562
233 3 64 128 0.0562848
234 3 64 128 0.059878
235 3 64 128 0.0629701
236 3 64 128 0.0624623
237 3 64 128 0.0625976
238 3 64 128 0.0638089
239 3 64 128 0.0658866
240 3 64 128 0.072606
241 3 64 128 0.0735299
242 3 64 128 0.0733208
243 3 64 128 0.0749391
244 3 64 128 0.076001
245 3 64 128 0.0764098
246 3 64 128 0.0700777
247 3 64 128 0.0696586
248 3 64 128 0.0741872
249 3 64 128 0.0751735
250 3 64 128 0.0783489
251 3 64 128 0.0739722
252 3 64 128 0.0735269
253 3 64 128 0.0769608
254 3 64 128 0.0780548
255 3 64 128 0.087059
256 3 64 128 0.0949987
257 3 64 128 0.108803
258 3 64 128 0.12299
259 3 64 128 0.127906
260 3 64 128 0.134284
261 3 64 128 0.137401
262 3 64 128 0.140509
263 3 64 128 0.134799
264 3 64 128 0.117943
265 3 64 128 0.112
266 3 64 128 0.0994581
267 3 64 128 0.0999498
268 3 64 128 0.108233
269 3 64 128 0.105005
270 3 64 128 0.110692
271 3 64 128 0.118276
272 3 64 128 0.129085
273 3 64 128 0.133679
274 3 64 128 0.126035
275 3 64 128 0.127785
276 3 64 128 0.135956
277 3 64 128 0.140759
278 3 64 128 0.138809
279 3 64 128 0.135877
280 3 64 128 0.140196
281 3 64 128 0.148709
282 3 64 128 0.151144
283 3 64 128 0.153129
284 3 64 128 0.158894
285 3 64 128 0.148592
286 3 64 128 0.131239
287 3 64 128 0.117414
288 3 64 128 0.106687
289 3 64 128 0.0984479
290 3 64 128 0.0982988
291 3 64 128 0.0894992
292 3 64 128 0.0801022
293 3 64 128 0.0760548
294 3 64 128 0.0692075
295 3 64 128 0.0580439
296 3 64 128 0.0502862
297 3 64 128 0.0448959
298 3 64 128 0.0395479
299 3 64 128 0.036272
300 3 64 128 0.036013
301 3 64 128 0.0338131
302 3 64 128 0.0317522
303 3 64 128 0.0313493
304 3 64 128 0.0300217
305 3 64 128 0.0276578
306 3 64 128 0.0285198
307 3 64 128 0.0292436
308 3 64 128 0.0297056
309 3 64 128 0.0319595
310 3 64 128 0.0309256
311 3 64 128 0.0310978
312 3 64 128 0.0316573
313 3 64 128 0.0329752
314 3 64 128 0.037796
315 3 64 128 0.0427622
316 3 64 128 0.0424923
317 3 64 128 0.0400041
318 3 64 128 0.0397697
319 3 64 128 0.0408509
143 4 64 128 0.0103233
144 4 64 128 0.0107605
145 4 64 128 0.0117541
146 4 64 128 0.0113632
147 4 64 128 0.0108517
148 4 64 128 0.0104052
150 4 64 128 0.0101823
151 4 64 128 0.0111133
152 4 64 128 0.0119133
153 4 64 128 0.012239
154 4 64 128 0.0123467
155 4 64 128 0.0131076
156 4 64 128 0.0152758
157 4 64 128 0.016269
158 4 64 128 0.0160586
159 4 64 128 0.0159345
160 4 64 128 0.0157635
161 4 64 128 0.0163546
162 4 64 128 0.0162758
163 4 64 128 0.0167711
164 4 64 128 0.0184051
165 4 64 128 0.0193432
166 4 64 128 0.0225053
167 4 64 128 0.0247523
168 4 64 128 0.0257669
169 4 64 128 0.0268277
170 4 64 128 0.026997
171 4 64 128 0.0278292
172 4 64 128 0.0271979
173 4 64 128 0.0281199
174 4 64 128 0.0307941
175 4 64 128 0.0295835
176 4 64 128 0.0310793
177 4 64 128 0.0293731
178 4 64 128 0.0268215
179 4 64 128 0.0278117
180 4 64 128 0.0273953
181 4 64 128 0.0278897
182 4 64 128 0.0286459
183 4 64 128 0.0293388
184 4 64 128 0.0310313
185 4 64 128 0.0336167
186 4 64 128 0.0347083
187 4 64 128 0.0341131
188 4 64 128 0.0360218
189 4 64 128 0.0417613
190 4 64 128 0.0468619
191 4 64 128 0.0524345
192 4 64 128 0.0568559
193 4 64 128 0.0607268
194 4 64 128 0.0653658
195 4 64 128 0.0669281
196 4 64 128 0.0592644
197 4 64 128 0.0557644
198 4 64 128 0.0581497
199 4 64 128 0.0573283
200 4 64 128 0.0530501
201 4 64 128 0.0503024
202 4 64 128 0.0505497
203 4 64 128 0.054292
204 4 64 128 0.0587008
205 4 64 128 0.0580427
206 4 64 128 0.0555821
207 4 64 128 0.0540881
208 4 64 128 0.0552305
209 4 64 128 0.0563192
210 4 64 128 0.0522831
211 4 64 128 0.0493338
212 4 64 128 0.0482359
213 4 64 128 0.0465968
214 4 64 128 0.0444163
215 4 64 128 0.04578
216 4 64 128 0.0540402
217 4 64 128 0.0583479
218 4 64 128 0.0585967
219 4 64 128 0.0593106
220 4 64 128 0.0555403
221 4 64 128 0.0538725
222 4 64 128 0.0495022
223 4 64 128 0.0440667
224 4 64 128 0.0428263
225 4 64 128 0.0426512
226 4 64 128 0.0453642
227 4 64 128 0.0474205
228 4 64 128 0.0475238
229 4 64 128 0.049458
230 4 64 128 0.054602
231 4 64 128 0.0546014
232 4 64 128 0.0550273
233 4 64 128 0.0582652
234 4 64 128 0.0618428
235 4 64 128 0.0658803
236 4 64 128 0.0626352
237 4 64 128 0.0600496
238 4 64 128 0.0604135
239 4 64 128 0.0615403
240 4 64 128 0.0665968
241 4 64 128 0.063507
242 4 64 128 0.0597338
243 4 64 128 0.0600169
244 4 64 128 0.0610463
245 4 64 128 0.0619367
246 4 64 128 0.0561699
247 4 64 128 0.0540159
248 4 64 128 0.0556309
249 4 64 128 0.0555034
250 4 64 128 0.0588823
251 4 64 128 0.0549247
252 4 64 128 0.0549047
253 4 64 128 0.0578045
254 4 64 128 0.0569239
255 4 64 128 0.0641528
256 4 64 128 0.0706025
257 4 64 128 0.0819819
258 4 64 128 0.0943581
259 4 64 128 0.0990858
260 4 64 128 0.10385
261 4 64 128 0.105837
262 4 64 128 0.108006
263 4 64 128 0.104993
264 4 64 128 0.0959004
265 4 64 128 0.0947335
266 4 64 128 0.0831897
267 4 64 128 0.0840792
268 4 64 128 0.0939698
269 4 64 128 0.0938626
270 4 64 128 0.104375
271 4 64 128 0.114919
272 4 64 128 0.125648
273 4 64 128 0.131362
274 4 64 128 0.127077
275 4 64 128 0.128238
276 4 64 128 0.139233
277 4 64 128 0.14458
278 4 64 128 0.138802
279 4 64 128 0.133395
280 4 64 128 0.136987
281 4 64 128 0.144363
282 4 64 128 0.139689
283 4 64 128 0.132699
284 4 64 128 0.135735
285 4 64 128 0.126072
286 4 64 128 0.110188
287 4 64 128 0.096158
288 4 64 128 0.0854286
289 4 64 128 0.0776393
290 4 64 128 0.0729104
291 4 64 128 0.0645135
292 4 64 128 0.0570648
293 4 64 128 0.0521973
294 4 64 128 0.0448876
295 4 64 128 0.035831
296 4 64 128 0.0307216
297 4 64 128 0.0273269
298 4 64 128 0.023616
299 4 64 128 0.0215097
300 4 64 128 0.0210772
301 4 64 128 0.0196986
302 4 64 128 0.0189263
303 4 64 128 0.0190457
304 4 64 128 0.0181362
305 4 64 128 0.0171722
306 4 64 128 0.0181005
307 4 64 128 0.0183615
308 4 64 128 0.0184736
309 4 64 128 0.0200036
310 4 64 128 0.0189063
311 4 64 128 0.0194282
312 4 64 128 0.0210824
313 4 64 128 0.0227232
314 4 64 128 0.0254443
315 4 64 128 0.0283572
316 4 64 128 0.0283769
317 4 64 128 0.0276575
318 4 64 128 0.0279083
319 4 64 128 0.0280027
142 5 64 128 0.010895
143 5 64 128 0.0116829
144 5 64 128 0.0120745
145 5 64 128 0.0126629
146 5 64 128 0.0117095
147 5 64 128 0.0114002
148 5 64 128 0.0112435
149 5 64 128 0.0105025
150 5 64 128 0.0110832
151 5 64 128 0.0121614
152 5 64 128 0.0131591
153 5 64 128 0.0134243
154 5 64 128 0.0133409
155 5 64 128 0.0144233
156 5 64 128 0.0162351
157 5 64 128 0.0166389
158 5 64 128 0.0162044
159 5 64 128 0.0161723
160 5 64 128 0.0159483
161 5 64 128 0.0159465
162 5 64 128 0.0159736
163 5 64 128 0.0168908
164 5 64 128 0.018834
165 5 64 128 0.0205406
166 5 64 128 0.0230623
167 5 64 128 0.0255839
168 5 64 128 0.0271162
169 5 64 128 0.02797
170 5 64 128 0.0291926
171 5 64 128 0.0305405
172 5 64 128 0.0303514
173 5 64 128 0.0313165
174 5 64 128 0.0331175
175 5 64 128 0.0312207
176 5 64 128 0.032789
177 5 64 128 0.0315269
178 5 64 128 0.0284122
179 5 64 128 0.0283061
180 5 64 128 0.0284032
181 5 64 128 0.0289969
182 5 64 128 0.030564
183 5 64 128 0.0317408
184 5 64 128 0.0328381
185 5 64 128 0.0366647
186 5 64 128 0.0409022
187 5 64 128 0.0420423
188 5 64 128 0.0440777
189 5 64 128 0.0498467
190 5 64 128 0.0553781
191 5 64 128 0.06457
192 5 64 128 0.0713558
193 5 64 128 0.0744635
194 5 64 128 0.078611
195 5 64 128 0.0818113
196 5 64 128 0.0727007
197 5 64 128 0.066792
198 5 64 128 0.0661879
199 5 64 128 0.0621955
200 5 64 128 0.0582309
201 5 64 128 0.0551847
202 5 64 128 0.0541541
203 5 64 128 0.0555704
204 5 64 128 0.0570205
205 5 64 128 0.0551343
206 5 64 128 0.0525916
207 5 64 128 0.0512946
208 5 64 128 0.0522492
209 5 64 128 0.0528866
210 5 64 128 0.0489651
211 5 64 128 0.0464375
212 5 64 128 0.0464099
213 5 64 128 0.0460069
214 5 64 128 0.043923
215 5 64 128 0.044273
216 5 64 128 0.0531689
217 5 64 128 0.0577685
218 5 64 128 0.05821
219 5 64 128 0.0598147
220 5 64 128 0.0555689
221 5 64 128 0.0549804
222 5 64 128 0.0506768
223 5 64 128 0.0454571
224 5 64 128 0.0462323
225 5 64 128 0.045838
226 5 64 128 0.0478046
227 5 64 128 0.0486113
228 5 64 128 0.0474755
229 5 64 128 0.0489235
230 5 64 128 0.0537039
231 5 64 128 0.0541214
232 5 64 128 0.0529568
233 5 64 128 0.0544404
234 5 64 128 0.0583643
235 5 64 128 0.0613916
236 5 64 128 0.0581339
237 5 64 128 0.0552721
238 5 64 128 0.054621
239 5 64 128 0.0543853
240 5 64 128 0.0568211
241 5 64 128 0.0526964
242 5 64 128 0.0481848
243 5 64 128 0.0471514
244 5 64 128 0.0472125
245 5 64 128 0.0478141
246 5 64 128 0.0427638
247 5 64 128 0.0398131
248 5 64 128 0.0395374
249 5 64 128 0.038654
250 5 64 128 0.0420136
251 5 64 128 0.0393338
252 5 64 128 0.0398856
253 5 64 128 0.0423659
254 5 64 128 0.041099
255 5 64 128 0.0470978
256 5 64 128 0.0515363
257 5 64 128 0.060209
258 5 64 128 0.0716891
259 5 64 128 0.0780951
260 5 64 128 0.0825147
261 5 64 128 0.0821954
262 5 64 128 0.082473
263 5 64 128 0.0807674
264 5 64 128 0.0753844
265 5 64 128 0.0760353
266 5 64 128 0.0672794
267 5 64 128 0.0685634
268 5 64 128 0.0772336
269 5 64 128 0.077842
270 5 64 128 0.0880765
271 5 64 128 0.0975752
272 5 64 128 0.107363
273 5 64 128 0.112774
274 5 64 128 0.109499
275 5 64 128 0.11276
276 5 64 128 0.122544
277 5 64 128 0.126874
278 5 64 128 0.122768
279 5 64 128 0.11897
280 5 64 128 0.121466
281 5 64 128 0.125663
282 5 64 128 0.118879
283 5 64 128 0.110324
284 5 64 128 0.111681
285 5 64 128 0.104412
286 5 64 128 0.0911563
287 5 64 128 0.0792483
288 5 64 128 0.0699951
289 5 64 128 0.061778
290 5 64 128 0.0555084
291 5 64 128 0.0478317
292 5 64 128 0.0423093
293 5 64 128 0.0387126
294 5 64 128 0.0323286
295 5 64 128 0.0247384
296 5 64 128 0.0208605
297 5 64 128 0.0187477
298 5 64 128 0.0163752
299 5 64 128 0.0146821
300 5 64 128 0.013553
301 5 64 128 0.0127704
302 5 64 128 0.0126759
303 5 64 128 0.0126441
304 5 64 128 0.0119573
305 5 64 128 0.0118266
306 5 64 128 0.0127472
307 5 64 128 0.0129327
308 5 64 128 0.0129147
309 5 64 128 0.0136834
310 5 64 128 0.0126544
311 5 64 128 0.0131736
312 5 64 128 0.0151308
313 5 64 128 0.0168993
314 5 64 128 0.0183124
315 5 64 128 0.0195162
316 5 64 128 0.0194213
317 5 64 128 0.0195559
318 5 64 128 0.0200427
319 5 64 128 0.0197642
141 6 64 128 0.0102578
142 6 64 128 0.011905
143 6 64 128 0.0131655
144 6 64 128 0.0133827
145 6 64 128 0.0135919
146 6 64 128 0.0123148
147 6 64 128 0.0122418
148 6 64 128 0.0123516
149 6 64 128 0.0116521
150 6 64 128 0.0126449
151 6 64 128 0.0137321
152 6 64 128 0.0146787
153 6 64 128 0.0149138
154 6 64 128 0.0149558
155 6 64 128 0.0164723
156 6 64 128 0.0175639
157 6 64 128 0.017291
158 6 64 128 0.0170527
159 6 64 128 0.0176213
160 6 64 128 0.0175132
161 6 64 128 0.0165331
162 6 64 128 0.0165782
163 6 64 128 0.0176671
164 6 64 128 0.0192347
165 6 64 128 0.0216573
166 6 64 128 0.0235633
167 6 64 128 0.0264461
168 6 64 128 0.0287011
169 6 64 128 0.0299101
170 6 64 128 0.032974
171 6 64 128 0.0340453
172 6 64 128 0.034258
173 6 64 128 0.0361237
174 6 64 128 0.0373533
175 6 64 128 0.0347171
176 6 64 128 0.0358907
177 6 64 128 0.0352548
178 6 64 128 0.0320043
179 6 64 128 0.0308752
180 6 64 128 0.0319111
181 6 64 128 0.032702
182 6 64 128 0.0341699
183 6 64 128 0.0349109
184 6 64 128 0.0347572
185 6 64 128 0.0384636
186 6 64 128 0.0463453
187 6 64 128 0.0496242
188 6 64 128 0.0521239
189 6 64 128 0.0588257
190 6 64 128 0.0646811
191 6 64 128 0.0782964
192 6 64 128 0.0876045
193 6 64 128 0.0891931
194 6 64 128 0.0915048
195 6 64 128 0.0945665
196 6 64 128 0.0867776
197 6 64 128 0.0792163
198 6 64 128 0.073254
199 6 64 128 0.0652281
200 6 64 128 0.062321
201 6 64 128 0.0592297
202 6 64 128 0.056787
203 6 64 128 0.0553872
204 6 64 128 0.0535129
205 6 64 128 0.0518776
206 6 64 128 0.0517118
207 6 64 128 0.0511063
208 6 64 128 0.0505164
209 6 64 128 0.0509169
210 6 64 128 0.0503654
211 6 64 128 0.049528
212 6 64 128 0.0509598
213 6 64 128 0.0527707
214 6 64 128 0.0518964
215 6 64 128 0.0517451
216 6 64 128 0.0590828
217 6 64 128 0.0618502
218 6 64 128 0.061855
219 6 64 128 0.0638631
220 6 64 128 0.0580117
221 6 64 128 0.0572375
222 6 64 128 0.0521608
223 6 64 128 0.0466994
224 6 64 128 0.0488215
225 6 64 128 0.0467938
226 6 64 128 0.0462467
227 6 64 128 0.0449804
228 6 64 128 0.0430736
229 6 64 128 0.0438834
230 6 64 128 0.0460357
231 6 64 128 0.0473283
232 6 64 128 0.0458618
233 6 64 128 0.0460898
234 6 64 128 0.0502284
235 6 64 128 0.0511712
236 6 64 128 0.0499639
237 6 64 128 0.0486627
238 6 64 128 0.0473474
239 6 64 128 0.0462163
240 6 64 128 0.046144
241 6 64 128 0.0434813
242 6 64 128 0.0406083
243 6 64 128 0.0387882
244 6 64 128 0.0375286
245 6 64 128 0.0371894
246 6 64 128 0.0326128
247 6 64 128 0.029767
248 6 64 128 0.0290495
249 6 64 128 0.027986
250 6 64 128 0.0308341
251 6 64 128 0.0295608
252 6 64 128 0.0304334
253 6 64 128 0.0325531
254 6 64 128 0.0322374
255 6 64 128 0.0374352
256 6 64 128 0.040014
257 6 64 128 0.0462392
258 6 64 128 0.0570448
259 6 64 128 0.0653898
260 6 64 128 0.0699764
261 6 64 128 0.0672893
262 6 64 128 0.0659537
263 6 64 128 0.0644264
264 6 64 128 0.058701
265 6 64 128 0.0583189
266 6 64 128 0.0533064
267 6 64 128 0.0549029
268 6 64 128 0.0604973
269 6 64 128 0.0602832
270 6 64 128 0.0664039
271 6 64 128 0.0721503
272 6 64 128 0.0803113
273 6 64 128 0.0843143
274 6 64 128 0.0803823
275 6 64 128 0.086558
276 6 64 128 0.0924344
277 6 64 128 0.0947564
278 6 64 128 0.0956057
279 6 64 128 0.0962662
280 6 64 128 0.0980963
281 6 64 128 0.0988055
282 6 64 128 0.0942358
283 6 64 128 0.0901786
284 6 64 128 0.0914238
285 6 64 128 0.0867434
286 6 64 128 0.076121
287 6 64 128 0.0675929
288 6 64 128 0.0607707
289 6 64 128 0.052119
290 6 64 128 0.047195
291 6 64 128 0.0403656
292 6 64 128 0.0361227
293 6 64 128 0.0348727
294 6 64 128 0.0303689
295 6 64 128 0.0236327
296 6 64 128 0.0196424
297 6 64 128 0.0179293
298 6 64 128 0.0162944
299 6 64 128 0.0142895
300 6 64 128 0.0124436
301 6 64 128 0.0117525
302 6 64 128 0.0114051
303 6 64 128 0.0106493
306 6 64 128 0.0104974
307 6 64 128 0.0109316
308 6 64 128 0.0109764
309 6 64 128 0.0112529
310 6 64 128 0.0105701
311 6 64 128 0.0108401
312 6 64 128 0.0122628
313 6 64 128 0.0137814
314 6 64 128 0.0147395
315 6 64 128 0.0150702
316 6 64 128 0.0146514
317 6 64 128 0.0146237
318 6 64 128 0.0149545
319 6 64 128 0.0148194
141 7 64 128 0.0100712
142 7 64 128 0.0118002
143 7 64 128 0.0131665
144 7 64 128 0.013238
145 7 64 128 0.0132192
146 7 64 128 0.0122028
147 7 64 128 0.0120475
148 7 64 128 0.012301
149 7 64 128 0.0122967
150 7 64 128 0.0134193
151 7 64 128 0.0146873
152 7 64 128 0.0156728
153 7 64 128 0.016171
154 7 64 128 0.0167696
155 7 64 128 0.0183126
156 7 64 128 0.019244
157 7 64 128 0.0188298
158 7 64 128 0.0189055
159 7 64 128 0.0199467
160 7 64 128 0.0194963
161 7 64 128 0.0181854
162 7 64 128 0.0185006
163 7 64 128 0.0198039
164 7 64 128 0.0210152
165 7 64 128 0.0232898
166 7 64 128 0.0258534
167 7 64 128 0.029067
168 7 64 128 0.0318684
169 7 64 128 0.0345341
170 7 64 128 0.0384688
171 7 64 128 0.0388907
172 7 64 128 0.039498
173 7 64 128 0.0425824
174 7 64 128 0.0434797
175 7 64 128 0.0389465
176 7 64 128 0.0392811
177 7 64 128 0.0386797
178 7 64 128 0.0353598
179 7 64 128 0.0340586
180 7 64 128 0.0353677
181 7 64 128 0.0363384
182 7 64 128 0.0368946
183 7 64 128 0.0368753
184 7 64 128 0.0363804
185 7 64 128 0.0384623
186 7 64 128 0.0464963
187 7 64 128 0.0495729
188 7 64 128 0.0522255
189 7 64 128 0.0605297
190 7 64 128 0.0669804
191 7 64 128 0.0819568
192 7 64 128 0.0905378
193 7 64 128 0.0908584
194 7 64 128 0.0940383
195 7 64 128 0.0986814
196 7 64 128 0.0952125
197 7 64 128 0.0872282
198 7 64 128 0.0771577
199 7 64 128 0.0675097
200 7 64 128 0.0642938
201 7 64 128 0.0605466
202 7 64 128 0.0561526
203 7 64 128 0.052923
204 7 64 128 0.0507452
205 7 64 128 0.0495468
206 7 64 128 0.0502988
207 7 64 128 0.0486783
208 7 64 128 0.0460837
209 7 64 128 0.046141
210 7 64 128 0.0465246
211 7 64 128 0.0464312
212 7 64 128 0.0479913
213 7 64 128 0.0500008
214 7 64 128 0.0498369
215 7 64 128 0.0497984
216 7 64 128 0.054921
217 7 64 128 0.0558029
218 7 64 128 0.0551795
219 7 64 128 0.0569317
220 7 64 128 0.0515132
221 7 64 128 0.0507662
222 7 64 128 0.0462238
223 7 64 128 0.0416504
224 7 64 128 0.0437596
225 7 64 128 0.0406615
226 7 64 128 0.0385052
227 7 64 128 0.0363711
228 7 64 128 0.0347943
229 7 64 128 0.0355252
230 7 64 128 0.0357308
231 7 64 128 0.0371348
232 7 64 128 0.0366529
233 7 64 128 0.0367041
234 7 64 128 0.0397899
235 7 64 128 0.0402021
236 7 64 128 0.0397399
237 7 64 128 0.0387953
238 7 64 128 0.0376498
239 7 64 128 0.0367451
240 7 64 128 0.0352675
241 7 64 128 0.033265
242 7 64 128 0.0316415
243 7 64 128 0.0298303
244 7 64 128 0.027834
245 7 64 128 0.0270407
246 7 64 128 0.0235318
247 7 64 128 0.0213795
248 7 64 128 0.0208543
249 7 64 128 0.0200586
250 7 64 128 0.0220209
251 7 64 128 0.0217985
252 7 64 128 0.0226011
253 7 64 128 0.0240627
254 7 64 128 0.024427
255 7 64 128 0.028106
256 7 64 128 0.0298938
257 7 64 128 0.0343763
258 7 64 128 0.0428281
259 7 64 128 0.0507977
260 7 64 128 0.0559207
261 7 64 128 0.0531079
262 7 64 128 0.0517745
263 7 64 128 0.0505384
264 7 64 128 0.0442851
265 7 64 128 0.0432301
266 7 64 128 0.0410657
267 7 64 128 0.0424185
268 7 64 128 0.0457938
269 7 64 128 0.0459967
270 7 64 128 0.0490765
271 7 64 128 0.052456
272 7 64 128 0.0589706
273 7 64 128 0.0622718
274 7 64 128 0.0596364
275 7 64 128 0.0663103
276 7 64 128 0.0698129
277 7 64 128 0.0708932
278 7 64 128 0.0744529
279 7 64 128 0.0785245
280 7 64 128 0.0795458
281 7 64 128 0.0791727
282 7 64 128 0.0760086
283 7 64 128 0.073938
284 7 64 128 0.0752572
285 7 64 128 0.0705616
286 7 64 128 0.0621527
287 7 64 128 0.0552969
288 7 64 128 0.0490607
289 7 64 128 0.0419975
290 7 64 128 0.0387116
291 7 64 128 0.03319
292 7 64 128 0.0297838
293 7 64 128 0.0296625
294 7 64 128 0.0270257
295 7 64 128 0.02148
296 7 64 128 0.0176369
297 7 64 128 0.0161568
298 7 64 128 0.015137
299 7 64 128 0.0134161
300 7 64 128 0.0115405
301 7 64 128 0.0107671
302 7 64 128 0.0101033
313 7 64 128 0.0106966
314 7 64 128 0.011473
315 7 64 128 0.0117088
316 7 64 128 0.0112124
317 7 64 128 0.0110382
318 7 64 128 0.0113021
319 7 64 128 0.0112613
142 8 64 128 0.0109675
143 8 64 128 0.0121411
144 8 64 128 0.0121833
145 8 64 128 0.0121373
146 8 64 128 0.0117904
147 8 64 128 0.0113967
148 8 64 128 0.0117137
149 8 64 128 0.0127369
150 8 64 128 0.0137565
151 8 64 128 0.0152672
152 8 64 128 0.0164535
153 8 64 128 0.0174539
154 8 64 128 0.0187114
155 8 64 128 0.0198814
156 8 64 128 0.0210318
157 8 64 128 0.0208285
158 8 64 128 0.0210196
159 8 64 128 0.0220077
160 8 64 128 0.0208115
161 8 64 128 0.0198044
162 8 64 128 0.0204236
163 8 64 128 0.0218796
164 8 64 128 0.022933
165 8 64 128 0.024252
166 8 64 128 0.0282012
167 8 64 128 0.0315115
168 8 64 128 0.0344841
169 8 64 128 0.0389606
170 8 64 128 0.042429
171 8 64 128 0.0422291
172 8 64 128 0.0430667
173 8 64 128 0.0469441
174 8 64 128 0.0476824
175 8 64 128 0.0409785
176 8 64 128 0.0402416
177 8 64 128 0.0390922
178 8 64 128 0.035823
179 8 64 128 0.0350353
180 8 64 128 0.0357535
181 8 64 128 0.036768
182 8 64 128 0.0361945
183 8 64 128 0.0356319
184 8 64 128 0.0358775
185 8 64 128 0.0356942
186 8 64 128 0.040469
187 8 64 128 0.0411734
188 8 64 128 0.0435359
189 8 64 128 0.0531914
190 8 64 128 0.0600763
191 8 64 128 0.072788
192 8 64 128 0.0778589
193 8 64 128 0.0777159
194 8 64 128 0.084144
195 8 64 128 0.0919211
196 8 64 128 0.0938547
197 8 64 128 0.0869961
198 8 64 128 0.0761182
199 8 64 128 0.0678733
200 8 64 128 0.0630956
201 8 64 128 0.058108
202 8 64 128 0.0519118
203 8 64 128 0.0485161
204 8 64 128 0.0487564
205 8 64 128 0.0474322
206 8 64 128 0.0470439
207 8 64 128 0.0432967
208 8 64 128 0.0392515
209 8 64 128 0.0388652
210 8 64 128 0.0370298
211 8 64 128 0.0362691
212 8 64 128 0.0365416
213 8 64 128 0.0367188
214 8 64 128 0.0365149
215 8 64 128 0.0369202
216 8 64 128 0.0400872
217 8 64 128 0.0399157
218 8 64 128 0.0388477
219 8 64 128 0.0399345
220 8 64 128 0.0368421
221 8 64 128 0.0364868
222 8 64 128 0.0338177
223 8 64 128 0.0311553
224 8 64 128 0.0321476
225 8 64 128 0.0291541
226 8 64 128 0.0269491
227 8 64 128 0.0253784
228 8 64 128 0.0249269
229 8 64 128 0.026039
230 8 64 128 0.0257342
231 8 64 128 0.0263415
232 8 64 128 0.0273834
233 8 64 128 0.0280545
234 8 64 128 0.0290994
235 8 64 128 0.0305661
236 8 64 128 0.0292006
237 8 64 128 0.0271421
238 8 64 128 0.0267269
239 8 64 128 0.0269014
240 8 64 128 0.0253457
241 8 64 128 0.0226041
242 8 64 128 0.0210714
243 8 64 128 0.0198883
244 8 64 128 0.0179622
245 8 64 128 0.0174016
246 8 64 128 0.0154633
247 8 64 128 0.0142633
248 8 64 128 0.0140508
249 8 64 128 0.0136584
250 8 64 128 0.014735
251 8 64 128 0.0150105
252 8 64 128 0.015462
253 8 64 128 0.0160982
254 8 64 128 0.0164053
255 8 64 128 0.0181444
256 8 64 128 0.0200915
257 8 64 128 0.0235953
258 8 64 128 0.0284533
259 8 64 128 0.0337511
260 8 64 128 0.0393322
261 8 64 128 0.038381
262 8 64 128 0.0383801
263 8 64 128 0.0377877
264 8 64 128 0.0320866
265 8 64 128 0.0315707
266 8 64 128 0.0308941
267 8 64 128 0.0316338
268 8 64 128 0.0342917
269 8 64 128 0.036276
270 8 64 128 0.0388222
271 8 64 128 0.0421127
272 8 64 128 0.0473292
273 8 64 128 0.0507727
274 8 64 128 0.0510804
275 8 64 128 0.0557055
276 8 64 128 0.0590899
277 8 64 128 0.060053
278 8 64 128 0.0629168
279 8 64 128 0.0677967
280 8 64 128 0.0681572
281 8 64 128 0.069034
282 8 64 128 0.0653847
283 8 64 128 0.0614091
284 8 64 128 0.0623493
285 8 64 128 0.055756
286 8 64 128 0.0491611
287 8 64 128 0.0421963
288 8 64 128 0.034909
289 8 64 128 0.0309831
290 8 64 128 0.0286215
291 8 64 128 0.0247418
292 8 64 128 0.0219028
293 8 64 128 0.0212563
294 8 64 128 0.0197796
295 8 64 128 0.0157558
296 8 64 128 0.0127122
297 8 64 128 0.0115071
298 8 64 128 0.0109784
299 8 64 128 0.010172
142 9 64 128 0.0110433
143 9 64 128 0.0123576
144 9 64 128 0.0125096
145 9 64 128 0.0126161
146 9 64 128 0.0127126
147 9 64 128 0.0125395
148 9 64 128 0.0130054
149 9 64 128 0.0143914
150 9 64 128 0.0155821
151 9 64 128 0.0169182
152 9 64 128 0.0182973
153 9 64 128 0.0197008
154 9 64 128 0.0210078
155 9 64 128 0.0218847
156 9 64 128 0.0224782
157 9 64 128 0.0219469
158 9 64 128 0.0217406
159 9 64 128 0.0219826
160 9 64 128 0.0203
161 9 64 128 0.0192875
162 9 64 128 0.0195391
163 9 64 128 0.0206325
164 9 64 128 0.021431
165 9 64 128 0.0218195
166 9 64 128 0.0257588
167 9 64 128 0.0286582
168 9 64 128 0.0313967
169 9 64 128 0.0361687
170 9 64 128 0.0387267
171 9 64 128 0.0382999
172 9 64 128 0.0388827
173 9 64 128 0.0422329
174 9 64 128 0.0429195
175 9 64 128 0.0363967
176 9 64 128 0.0347325
177 9 64 128 0.0331609
178 9 64 128 0.0304824
179 9 64 128 0.029894
180 9 64 128 0.0297659
181 9 64 128 0.0305712
182 9 64 128 0.0296656
183 9 64 128 0.0292472
184 9 64 128 0.0302352
185 9 64 128 0.0288785
186 9 64 128 0.0307014
187 9 64 128 0.0296363
188 9 64 128 0.0316022
189 9 64 128 0.0408619
190 9 64 128 0.0468855
191 9 64 128 0.0561221
192 9 64 128 0.0588138
193 9 64 128 0.0591398
194 9 64 128 0.0669814
195 9 64 128 0.0760084
196 9 64 128 0.0806601
197 9 64 128 0.0766332
198 9 64 128 0.06881
199 9 64 128 0.0632041
200 9 64 128 0.0577084
201 9 64 128 0.051719
202 9 64 128 0.045507
203 9 64 128 0.0435365
204 9 64 128 0.0453291
205 9 64 128 0.0430869
206 9 64 128 0.0418869
207 9 64 128 0.0379651
208 9 64 128 0.0341029
209 9 64 128 0.033471
210 9 64 128 0.0300118
211 9 64 128 0.0282895
212 9 64 128 0.0272409
213 9 64 128 0.0262035
214 9 64 128 0.0261797
215 9 64 128 0.0267462
216 9 64 128 0.0285499
217 9 64 128 0.0279522
218 9 64 128 0.0269279
219 9 64 128 0.0275577
220 9 64 128 0.0255843
221 9 64 128 0.0249493
222 9 64 128 0.0236302
223 9 64 128 0.0222802
224 9 64 128 0.0221464
225 9 64 128 0.0198034
226 9 64 128 0.0179457
227 9 64 128 0.0169766
228 9 64 128 0.0173111
229 9 64 128 0.0184474
230 9 64 128 0.0178454
231 9 64 128 0.0175742
232 9 64 128 0.0192952
233 9 64 128 0.0203436
234 9 64 128 0.0198985
235 9 64 128 0.0217177
236 9 64 128 0.0201717
237 9 64 128 0.0177492
238 9 64 128 0.0176876
239 9 64 128 0.0187111
240 9 64 128 0.0179376
241 9 64 128 0.0148968
242 9 64 128 0.0133359
243 9 64 128 0.0128346
244 9 64 128 0.011365
245 9 64 128 0.0110754
246 9 64 128 0.010283
250 9 64 128 0.0104116
251 9 64 128 0.0106924
252 9 64 128 0.0108389
253 9 64 128 0.0110424
254 9 64 128 0.0111285
255 9 64 128 0.0120821
256 9 64 128 0.0141001
257 9 64 128 0.0171014
258 9 64 128 0.0196431
259 9 64 128 0.0223089
260 9 64 128 0.0275538
261 9 64 128 0.0279189
262 9 64 128 0.0288591
263 9 64 128 0.0285998
264 9 64 128 0.0234306
265 9 64 128 0.0233757
266 9 64 128 0.0236111
267 9 64 128 0.0241406
268 9 64 128 0.0263638
269 9 64 128 0.0292458
270 9 64 128 0.0320454
271 9 64 128 0.0355306
272 9 64 128 0.0398863
273 9 64 128 0.0429573
274 9 64 128 0.0440544
275 9 64 128 0.0467235
276 9 64 128 0.0498109
277 9 64 128 0.0508764
278 9 64 128 0.0524156
279 9 64 128 0.0560953
280 9 64 128 0.0569973
281 9 64 128 0.0588988
282 9 64 128 0.0554417
283 9 64 128 0.0507722
284 9 64 128 0.0509388
285 9 64 128 0.0443959
286 9 64 128 0.0396128
287 9 64 128 0.0332665
288 9 64 128 0.0261828
289 9 64 128 0.0242443
290 9 64 128 0.0225389
291 9 64 128 0.0200929
292 9 64 128 0.0176862
293 9 64 128 0.016102
294 9 64 128 0.0146562
295 9 64 128 0.0116274
141 10 64 128 0.0100676
142 10 64 128 0.0121182
143 10 64 128 0.0139386
144 10 64 128 0.0142995
145 10 64 128 0.0146282
146 10 64 128 0.0147531
147 10 64 128 0.0152941
148 10 64 128 0.0159672
149 10 64 128 0.0168228
150 10 64 128 0.018476
151 10 64 128 0.0192344
152 10 64 128 0.020685
153 10 64 128 0.0221925
154 10 64 128 0.0228672
155 10 64 128 0.0236896
156 10 64 128 0.0228426
157 10 64 128 0.0213755
158 10 64 128 0.0203764
159 10 64 128 0.0194086
160 10 64 128 0.0177385
161 10 64 128 0.0161981
162 10 64 128 0.0154435
163 10 64 128 0.0156937
164 10 64 128 0.0160821
165 10 64 128 0.0160263
166 10 64 128 0.018155
167 10 64 128 0.0201659
168 10 64 128 0.0223297
169 10 64 128 0.0255439
170 10 64 128 0.0273256
171 10 64 128 0.0271255
172 10 64 128 0.0270948
173 10 64 128 0.0287446
174 10 64 128 0.0293765
175 10 64 128 0.0256808
176 10 64 128 0.0235116
177 10 64 128 0.0219602
178 10 64 128 0.0203412
179 10 64 128 0.019349
180 10 64 128 0.0185722
181 10 64 128 0.0189549
182 10 64 128 0.0186481
183 10 64 128 0.0189446
184 10 64 128 0.0201231
185 10 64 128 0.0191876
186 10 64 128 0.0200732
187 10 64 128 0.0189868
188 10 64 128 0.0206559
189 10 64 128 0.0276762
190 10 64 128 0.0315749
191 10 64 128 0.0378345
192 10 64 128 0.040699
193 10 64 128 0.0421355
194 10 64 128 0.0483846
195 10 64 128 0.0559761
196 10 64 128 0.0598208
197 10 64 128 0.0593471
198 10 64 128 0.056877
199 10 64 128 0.0538374
200 10 64 128 0.0492407
201 10 64 128 0.042941
202 10 64 128 0.0384515
203 10 64 128 0.0384901
204 10 64 128 0.0394628
205 10 64 128 0.0358822
206 10 64 128 0.0351299
207 10 64 128 0.0335276
208 10 64 128 0.0313309
209 10 64 128 0.0307243
210 10 64 128 0.0277591
211 10 64 128 0.0255005
212 10 64 128 0.0238865
213 10 64 128 0.0232416
214 10 64 128 0.0238376
215 10 64 128 0.0241248
216 10 64 128 0.0253041
217 10 64 128 0.0246883
218 10 64 128 0.0241181
219 10 64 128 0.0247428
220 10 64 128 0.021883
221 10 64 128 0.0202224
222 10 64 128 0.0190455
223 10 64 128 0.0178386
224 10 64 128 0.017154
225 10 64 128 0.0155825
226 10 64 128 0.0138792
227 10 64 128 0.0129241
228 10 64 128 0.0132933
229 10 64 128 0.0139235
230 10 64 128 0.0127574
231 10 64 128 0.0120297
232 10 64 128 0.0132006
233 10 64 128 0.0139768
234 10 64 128 0.0132733
235 10 64 128 0.014077
236 10 64 128 0.0137466
237 10 64 128 0.0123654
238 10 64 128 0.0120086
239 10 64 128 0.0131583
240 10 64 128 0.0134235
241 10 64 128 0.0111993
255 10 64 128 0.0107459
256 10 64 128 0.0123059
257 10 64 128 0.0149588
258 10 64 128 0.0172224
259 10 64 128 0.0185409
260 10 64 128 0.0225522
261 10 64 128 0.0227149
262 10 64 128 0.0235126
263 10 64 128 0.0230973
264 10 64 128 0.0181533
265 10 64 128 0.017962
266 10 64 128 0.0189152
267 10 64 128 0.0198187
268 10 64 128 0.0213668
269 10 64 128 0.023569
270 10 64 128 0.0263196
271 10 64 128 0.0293267
272 10 64 128 0.0332067
273 10 64 128 0.035126
274 10 64 128 0.0341516
275 10 64 128 0.036095
276 10 64 128 0.037792
277 10 64 128 0.0387467
278 10 64 128 0.0398857
279 10 64 128 0.041509
280 10 64 128 0.0438513
281 10 64 128 0.0453454
282 10 64 128 0.0435036
283 10 64 128 0.0411017
284 10 64 128 0.0404544
285 10 64 128 0.0366911
286 10 64 128 0.0336221
287 10 64 128 0.02936
288 10 64 128 0.0245298
289 10 64 128 0.022557
290 10 64 128 0.0213784
291 10 64 128 0.0198427
292 10 64 128 0.0178115
293 10 64 128 0.0156945
294 10 64 128 0.0135111
295 10 64 128 0.0107634
141 11 64 128 0.010128
142 11 64 128 0.0121535
143 11 64 128 0.0140486
144 11 64 128 0.0145971
145 11 64 128 0.0149912
146 11 64 128 0.0151604
147 11 64 128 0.0161454
148 11 64 128 0.0167933
149 11 64 128 0.0170591
150 11 64 128 0.0188082
151 11 64 128 0.0192754
152 11 64 128 0.0206521
153 11 64 128 0.0219634
154 11 64 128 0.022126
155 11 64 128 0.0228388
156 11 64 128 0.0210092
157 11 64 128 0.0190651
158 11 64 128 0.017572
159 11 64 128 0.0156794
160 11 64 128 0.0141628
161 11 64 128 0.0123824
162 11 64 128 0.011028
163 11 64 128 0.0106585
164 11 64 128 0.0107642
165 11 64 128 0.0106753
166 11 64 128 0.0111649
167 11 64 128 0.0122494
168 11 64 128 0.013682
169 11 64 128 0.015254
170 11 64 128 0.0164883
171 11 64 128 0.0166144
172 11 64 128 0.0163432
173 11 64 128 0.0166681
174 11 64 128 0.0170729
175 11 64 128 0.0159373
176 11 64 128 0.0138227
177 11 64 128 0.0124914
178 11 64 128 0.0116551
179 11 64 128 0.0103598
183 11 64 128 0.0101693
184 11 64 128 0.0111997
185 11 64 128 0.01109
186 11 64 128 0.0118865
187 11 64 128 0.0113655
188 11 64 128 0.0128442
189 11 64 128 0.0175882
190 11 64 128 0.0197261
191 11 64 128 0.024118
192 11 64 128 0.0276203
193 11 64 128 0.0299755
194 11 64 128 0.0347197
195 11 64 128 0.0410763
196 11 64 128 0.0437599
197 11 64 128 0.045061
198 11 64 128 0.0459126
199 11 64 128 0.0448202
200 11 64 128 0.0416418
201 11 64 128 0.0356409
202 11 64 128 0.0322638
203 11 64 128 0.0326781
204 11 64 128 0.0319033
205 11 64 128 0.0277143
206 11 64 128 0.0275041
207 11 64 128 0.0277596
208 11 64 128 0.0269094
209 11 64 128 0.0263573
210 11 64 128 0.0243245
211 11 64 128 0.0220645
212 11 64 128 0.0205602
213 11 64 128 0.0205518
214 11 64 128 0.0213627
215 11 64 128 0.0213988
216 11 64 128 0.022616
217 11 64 128 0.0222043
218 11 64 128 0.021912
219 11 64 128 0.0227075
220 11 64 128 0.0193834
221 11 64 128 0.0172204
222 11 64 128 0.0159646
223 11 64 128 0.0146427
224 11 64 128 0.0138401
225 11 64 128 0.0130697
226 11 64 128 0.0115987
227 11 64 128 0.010551
228 11 64 128 0.0108016
229 11 64 128 0.0111175
236 11 64 128 0.0100259
240 11 64 128 0.0105818
256 11 64 128 0.0107156
257 11 64 128 0.0128236
258 11 64 128 0.0151533
259 11 64 128 0.0160769
260 11 64 128 0.0186881
261 11 64 128 0.0183568
262 11 64 128 0.0186871
263 11 64 128 0.01814
264 11 64 128 0.0140309
265 11 64 128 0.0137236
266 11 64 128 0.0149822
267 11 64 128 0.0162043
268 11 64 128 0.017336
269 11 64 128 0.0187832
270 11 64 128 0.0210944
271 11 64 128 0.0235244
272 11 64 128 0.0270842
273 11 64 128 0.0283458
274 11 64 128 0.0260424
275 11 64 128 0.0274803
276 11 64 128 0.0279672
277 11 64 128 0.0288601
278 11 64 128 0.030241
279 11 64 128 0.0307427
280 11 64 128 0.0332694
281 11 64 128 0.0336515
282 11 64 128 0.0329751
283 11 64 128 0.0327492
284 11 64 128 0.0319617
285 11 64 128 0.0302538
286 11 64 128 0.02803
287 11 64 128 0.0255603
288 11 64 128 0.0228898
289 11 64 128 0.0205442
290 11 64 128 0.0194231
291 11 64 128 0.0182846
292 11 64 128 0.016576
293 11 64 128 0.0144986
294 11 64 128 0.0122025
142 12 64 128 0.0102051
143 12 64 128 0.0113981
144 12 64 128 0.0120233
145 12 64 128 0.0122643
146 12 64 128 0.0127073
147 12 64 128 0.0134726
148 12 64 128 0.0137807
149 12 64 128 0.0139316
150 12 64 128 0.0151305
151 12 64 128 0.0158534
152 12 64 128 0.0170045
153 12 64 128 0.0178909
154 12 64 128 0.0180757
155 12 64 128 0.0184987
156 12 64 128 0.0168424
157 12 64 128 0.0153767
158 12 64 128 0.0140398
159 12 64 128 0.0119465
160 12 64 128 0.0105071
169 12 64 128 0.0102821
170 12 64 128 0.0111955
171 12 64 128 0.0114984
172 12 64 128 0.0116621
173 12 64 128 0.0118717
174 12 64 128 0.0118616
175 12 64 128 0.0113102
189 12 64 128 0.0123823
190 12 64 128 0.014025
191 12 64 128 0.0177364
192 12 64 128 0.020944
193 12 64 128 0.0234972
194 12 64 128 0.0284848
195 12 64 128 0.035269
196 12 64 128 0.0383425
197 12 64 128 0.0387613
198 12 64 128 0.0389559
199 12 64 128 0.0389228
200 12 64 128 0.0368627
201 12 64 128 0.0316661
202 12 64 128 0.0277366
203 12 64 128 0.0261882
204 12 64 128 0.0239635
205 12 64 128 0.0204112
206 12 64 128 0.0200928
207 12 64 128 0.0200645
208 12 64 128 0.0192441
209 12 64 128 0.018654
210 12 64 128 0.0168849
211 12 64 128 0.015101
212 12 64 128 0.0141528
213 12 64 128 0.0141648
214 12 64 128 0.0144293
215 12 64 128 0.0144644
216 12 64 128 0.016118
217 12 64 128 0.0159911
218 12 64 128 0.015536
219 12 64 128 0.0164385
220 12 64 128 0.0143485
221 12 64 128 0.0128211
222 12 64 128 0.0118837
223 12 64 128 0.010777
224 12 64 128 0.0100946
225 12 64 128 0.0100037
258 12 64 128 0.0101563
259 12 64 128 0.0111688
260 12 64 128 0.0127529
261 12 64 128 0.0124332
262 12 64 128 0.0125097
263 12 64 128 0.0121394
266 12 64 128 0.0107721
267 12 64 128 0.0118768
268 12 64 128 0.0130648
269 12 64 128 0.0145208
270 12 64 128 0.0161169
271 12 64 128 0.0182269
272 12 64 128 0.0213777
273 12 64 128 0.023009
274 12 64 128 0.0219765
275 12 64 128 0.0225519
276 12 64 128 0.0227735
277 12 64 128 0.0237522
278 12 64 128 0.0255408
279 12 64 128 0.0265642
280 12 64 128 0.0272232
281 12 64 128 0.0265722
282 12 64 128 0.0256655
283 12 64 128 0.0256675
284 12 64 128 0.0255914
285 12 64 128 0.0234539
286 12 64 128 0.0210629
287 12 64 128 0.0191263
288 12 64 128 0.0172406
289 12 64 128 0.0152825
290 12 64 128 0.013734
291 12 64 128 0.0126257
292 12 64 128 0.0112073
148 13 64 128 0.0100057
149 13 64 128 0.0102926
150 13 64 128 0.0108804
151 13 64 128 0.0116979
152 13 64 128 0.0124905
153 13 64 128 0.0129123
154 13 64 128 0.0131573
155 13 64 128 0.0133901
156 13 64 128 0.0122485
157 13 64 128 0.0113953
158 13 64 128 0.0104386
173 13 64 128 0.0100461
190 13 64 128 0.0110808
191 13 64 128 0.01445
192 13 64 128 0.0169323
193 13 64 128 0.019128
194 13 64 128 0.024253
195 13 64 128 0.0311732
196 13 64 128 0.0349553
197 13 64 128 0.0344597
198 13 64 128 0.0333005
199 13 64 128 0.0336237
200 13 64 128 0.0323949
201 13 64 128 0.0284378
202 13 64 128 0.024189
203 13 64 128 0.0208753
204 13 64 128 0.0178576
205 13 64 128 0.0153014
206 13 64 128 0.0146325
207 13 64 128 0.0135846
208 13 64 128 0.0123462
209 13 64 128 0.011794
210 13 64 128 0.0101298
216 13 64 128 0.0100865
217 13 64 128 0.0102689
219 13 64 128 0.0105262
269 13 64 128 0.0104815
270 13 64 128 0.0114713
271 13 64 128 0.0132138
272 13 64 128 0.0156186
273 13 64 128 0.0174595
274 13 64 128 0.0179986
275 13 64 128 0.0179609
276 13 64 128 0.0182819
277 13 64 128 0.0191627
278 13 64 128 0.0209158
279 13 64 128 0.0225253
280 13 64 128 0.0214886
281 13 64 128 0.0205048
282 13 64 128 0.0192794
283 13 64 128 0.0188185
284 13 64 128 0.0193443
285 13 64 128 0.0165681
286 13 64 128 0.0142248
287 13 64 128 0.0125531
288 13 64 128 0.0109665
191 14 64 128 0.0105923
192 14 64 128 0.0124715
193 14 64 128 0.0140223
194 14 64 128 0.0177601
195 14 64 128 0.0230541
196 14 64 128 0.026725
197 14 64 128 0.0272415
198 14 64 128 0.0266881
199 14 64 128 0.0269427
200 14 64 128 0.0263918
201 14 64 128 0.0239422
202 14 64 128 0.0209745
203 14 64 128 0.0179998
204 14 64 128 0.0149942
205 14 64 128 0.0130351
206 14 64 128 0.012163
207 14 64 128 0.0106785
273 14 64 128 0.0107756
274 14 64 128 0.0112931
275 14 64 128 0.011338
276 14 64 128 0.0115786
277 14 64 128 0.0119825
278 14 64 128 0.0129512
279 14 64 128 0.0139995
280 14 64 128 0.0131285
281 14 64 128 0.0127683
282 14 64 128 0.0121606
283 14 64 128 0.0117322
284 14 64 128 0.0120466
285 14 64 128 0.0102391
194 15 64 128 0.0114085
195 15 64 128 0.0146592
196 15 64 128 0.0177517
197 15 64 128 0.0197362
198 15 64 128 0.0204525
199 15 64 128 0.0206117
200 15 64 128 0.0207815
201 15 64 128 0.0196241
202 15 64 128 0.0181138
203 15 64 128 0.0162827
204 15 64 128 0.0139091
205 15 64 128 0.0123225
206 15 64 128 0.0112889
195 16 64 128 0.0103843
196 16 64 128 0.0129577
197 16 64 128 0.0151508
198 16 64 128 0.0161405
199 16 64 128 0.0164949
200 16 64 128 0.0175295
201 16 64 128 0.0170254
202 16 64 128 0.0156457
203 16 64 128 0.014216
204 16 64 128 0.0128073
205 16 64 128 0.0116594
206 16 64 128 0.0103736
196 17 64 128 0.0106728
197 17 64 128 0.0122208
198 17 64 128 0.01286
199 17 64 128 0.0135019
200 17 64 128 0.0151128
201 17 64 128 0.0148048
202 17 64 128 0.0130479
203 17 64 128 0.0116241
204 17 64 128 0.0110442
205 17 64 128 0.010364
200 18 64 128 0.0113024
201 18 64 128 0.0110734
256 72 64 128 0.0118883
257 72 64 128 0.0123251
254 73 64 128 0.0127888
255 73 64 128 0.014297
256 73 64 128 0.0194434
257 73 64 128 0.0199898
258 73 64 128 0.0154988
259 73 64 128 0.0133761
260 73 64 128 0.0121431
253 74 64 128 0.0107962
254 74 64 128 0.0135645
255 74 64 128 0.0158643
256 74 64 128 0.0217706
257 74 64 128 0.0227966
258 74 64 128 0.0179713
259 74 64 128 0.0147838
260 74 64 128 0.013286
261 74 64 128 0.0103062
253 75 64 128 0.0102273
254 75 64 128 0.0124165
255 75 64 128 0.0154846
256 75 64 128 0.0214169
257 75 64 128 0.0229556
258 75 64 128 0.0189184
259 75 64 128 0.0153756
260 75 64 128 0.0135905
261 75 64 128 0.0102253
253 76 64 128 0.011247
254 76 64 128 0.0137778
255 76 64 128 0.0171023
256 76 64 128 0.0240058
257 76 64 128 0.0255306
258 76 64 128 0.0217267
259 76 64 128 0.0197569
260 76 64 128 0.0172616
261 76 64 128 0.0127822
253 77 64 128 0.0127955
254 77 64 128 0.0161498
255 77 64 128 0.0192993
256 77 64 128 0.0273499
257 77 64 128 0.0284321
258 77 64 128 0.0244531
259 77 64 128 0.0248971
260 77 64 128 0.0217747
261 77 64 128 0.0161757
262 77 64 128 0.0103464
253 78 64 128 0.0111567
254 78 64 128 0.0141435
255 78 64 128 0.0171473
256 78 64 128 0.0241608
257 78 64 128 0.0249109
258 78 64 128 0.0217015
259 78 64 128 0.0228107
260 78 64 128 0.0202256
261 78 64 128 0.0152217
255 79 64 128 0.0109602
256 79 64 128 0.0150661
257 79 64 128 0.0157595
258 79 64 128 0.0141487
259 79 64 128 0.0139575
260 79 64 128 0.0128517
