101 0 98 196 0.0146284
102 0 98 196 0.0215792
103 0 98 196 0.0322465
104 0 98 196 0.0441827
105 0 98 196 0.0482507
106 0 98 196 0.0401851
107 0 98 196 0.0293185
108 0 98 196 0.0246983
109 0 98 196 0.0232005
110 0 98 196 0.0185551
111 0 98 196 0.0117216
101 1 98 196 0.0144995
102 1 98 196 0.0214101
103 1 98 196 0.0320194
104 1 98 196 0.0438798
105 1 98 196 0.0478822
106 1 98 196 0.0397849
107 1 98 196 0.0289261
108 1 98 196 0.0243543
109 1 98 196 0.0229336
110 1 98 196 0.0183777
111 1 98 196 0.0116237
101 2 98 196 0.0141415
102 2 98 196 0.0209387
103 2 98 196 0.0313826
104 2 98 196 0.0430271
105 2 98 196 0.046848
106 2 98 196 0.0386709
107 2 98 196 0.0278426
108 2 98 196 0.0234056
109 2 98 196 0.0221945
110 2 98 196 0.017884
111 2 98 196 0.0113501
101 3 98 196 0.013598
102 3 98 196 0.0202194
103 3 98 196 0.0304027
104 3 98 196 0.0417086
105 3 98 196 0.0452545
106 3 98 196 0.0369735
107 3 98 196 0.0262081
108 3 98 196 0.0219769
109 3 98 196 0.0210756
110 3 98 196 0.0171315
111 3 98 196 0.0109306
101 4 98 196 0.0129124
102 4 98 196 0.019306
103 4 98 196 0.0291463
104 4 98 196 0.0400084
105 4 98 196 0.0432085
106 4 98 196 0.0348228
107 4 98 196 0.0241632
108 4 98 196 0.020193
109 4 98 196 0.0196691
110 4 98 196 0.016178
111 4 98 196 0.010395
101 5 98 196 0.0121282
102 5 98 196 0.0182529
103 5 98 196 0.02768
104 5 98 196 0.0380105
105 5 98 196 0.0408164
106 5 98 196 0.0323491
107 5 98 196 0.021848
108 5 98 196 0.0181788
109 5 98 196 0.0180674
110 5 98 196 0.015081
101 6 98 196 0.0112889
102 6 98 196 0.017114
103 6 98 196 0.0260705
104 6 98 196 0.035799
105 6 98 196 0.038185
106 6 98 196 0.0296826
107 6 98 196 0.019403
108 6 98 196 0.0160591
109 6 98 196 0.0163629
110 6 98 196 0.0138981
101 7 98 196 0.0104378
102 7 98 196 0.0159436
103 7 98 196 0.0243844
104 7 98 196 0.0334579
105 7 98 196 0.0354208
106 7 98 196 0.0269536
107 7 98 196 0.0169684
108 7 98 196 0.0139586
109 7 98 196 0.0146479
110 7 98 196 0.012687
102 8 98 196 0.0147957
103 8 98 196 0.0226883
104 8 98 196 0.0310713
105 8 98 196 0.0326305
106 8 98 196 0.0242922
107 8 98 196 0.0146845
108 8 98 196 0.0120022
109 8 98 196 0.0130148
110 8 98 196 0.0115053
102 9 98 196 0.0137244
103 9 98 196 0.0210488
104 9 98 196 0.0287231
105 9 98 196 0.0299206
106 9 98 196 0.0218287
107 9 98 196 0.0126917
108 9 98 196 0.0103146
109 9 98 196 0.0115557
110 9 98 196 0.0104106
102 10 98 196 0.0127678
103 10 98 196 0.0195163
104 10 98 196 0.0264805
105 10 98 196 0.027374
106 10 98 196 0.0196556
107 10 98 196 0.0110829
109 10 98 196 0.0103336
102 11 98 196 0.0119222
103 11 98 196 0.0180995
104 11 98 196 0.0243671
105 11 98 196 0.0250124
106 11 98 196 0.017769
102 12 98 196 0.0111776
103 12 98 196 0.0168005
104 12 98 196 0.0223994
105 12 98 196 0.0228479
106 12 98 196 0.0161493
102 13 98 196 0.0105236
103 13 98 196 0.0156214
104 13 98 196 0.0205941
105 13 98 196 0.0208924
106 13 98 196 0.0147768
103 14 98 196 0.0145641
104 14 98 196 0.0189678
105 14 98 196 0.019158
106 14 98 196 0.0136322
103 15 98 196 0.0136308
104 15 98 196 0.017537
105 15 98 196 0.0176566
106 15 98 196 0.0126958
103 16 98 196 0.0128234
104 16 98 196 0.0163184
105 16 98 196 0.0164003
106 16 98 196 0.0119482
103 17 98 196 0.012144
104 17 98 196 0.0153286
105 17 98 196 0.015401
106 17 98 196 0.0113697
103 18 98 196 0.0115946
104 18 98 196 0.0145839
105 18 98 196 0.0146705
106 18 98 196 0.0109409
103 19 98 196 0.0111675
104 19 98 196 0.0140775
105 19 98 196 0.0141973
106 19 98 196 0.0106388
103 20 98 196 0.0108389
104 20 98 196 0.0137631
105 20 98 196 0.0139304
106 20 98 196 0.0104355
103 21 98 196 0.0105832
104 21 98 196 0.0135906
105 21 98 196 0.0138149
106 21 98 196 0.0103021
103 22 98 196 0.0103748
104 22 98 196 0.0135098
105 22 98 196 0.013796
106 22 98 196 0.0102099
103 23 98 196 0.0101884
104 23 98 196 0.0134705
105 23 98 196 0.0138187
106 23 98 196 0.0101302
104 24 98 196 0.0134225
105 24 98 196 0.0138282
106 24 98 196 0.0100343
104 25 98 196 0.0133156
105 25 98 196 0.0137696
104 26 98 196 0.0130998
105 26 98 196 0.0135879
104 27 98 196 0.012726
105 27 98 196 0.0132297
104 28 98 196 0.012185
105 28 98 196 0.0126847
104 29 98 196 0.0115132
105 29 98 196 0.0119928
104 30 98 196 0.0107495
105 30 98 196 0.0111963
105 31 98 196 0.0103378
106 0 85 170 0.0157791
107 0 85 170 0.0292424
108 0 85 170 0.0399665
109 0 85 170 0.0421906
110 0 85 170 0.0334232
111 0 85 170 0.019471
112 0 85 170 0.0105666
124 0 85 170 0.0105717
125 0 85 170 0.0111202
126 0 85 170 0.0140295
127 0 85 170 0.0204313
128 0 85 170 0.0222363
129 0 85 170 0.0180038
130 0 85 170 0.0159337
131 0 85 170 0.0161288
132 0 85 170 0.0124855
106 1 85 170 0.0169149
107 1 85 170 0.0311796
108 1 85 170 0.0423595
109 1 85 170 0.0444195
110 1 85 170 0.0349491
111 1 85 170 0.02018
112 1 85 170 0.0109077
124 1 85 170 0.0104398
125 1 85 170 0.0110738
126 1 85 170 0.0140119
127 1 85 170 0.0203078
128 1 85 170 0.022088
129 1 85 170 0.0179279
130 1 85 170 0.015758
131 1 85 170 0.0157785
132 1 85 170 0.0122399
106 2 85 170 0.0197138
107 2 85 170 0.0359152
108 2 85 170 0.0481584
109 2 85 170 0.0497681
110 2 85 170 0.0385891
111 2 85 170 0.0218717
112 2 85 170 0.0117183
124 2 85 170 0.0100892
125 2 85 170 0.010934
126 2 85 170 0.0139509
127 2 85 170 0.0199982
128 2 85 170 0.0217217
129 2 85 170 0.0177349
130 2 85 170 0.0153193
131 2 85 170 0.0149161
132 2 85 170 0.0116363
105 3 85 170 0.010333
106 3 85 170 0.023263
107 3 85 170 0.0418349
108 3 85 170 0.0552927
109 3 85 170 0.0562291
110 3 85 170 0.0429369
111 3 85 170 0.0238925
112 3 85 170 0.0126795
125 3 85 170 0.0107002
126 3 85 170 0.0138339
127 3 85 170 0.0195939
128 3 85 170 0.0212551
129 3 85 170 0.0174765
130 3 85 170 0.0147508
131 3 85 170 0.0138245
132 3 85 170 0.0108746
105 4 85 170 0.011909
106 4 85 170 0.0266498
107 4 85 170 0.0473243
108 4 85 170 0.061692
109 4 85 170 0.061795
110 4 85 170 0.0465862
111 4 85 170 0.0255892
112 4 85 170 0.0134721
125 4 85 170 0.0103714
126 4 85 170 0.0136485
127 4 85 170 0.0191865
128 4 85 170 0.0208059
129 4 85 170 0.0172046
130 4 85 170 0.0141852
131 4 85 170 0.0127864
132 4 85 170 0.0101543
105 5 85 170 0.0130441
106 5 85 170 0.0289701
107 5 85 170 0.0507851
108 5 85 170 0.0653073
109 5 85 170 0.0644808
110 5 85 170 0.0481467
111 5 85 170 0.0263156
112 5 85 170 0.0137807
126 5 85 170 0.0133826
127 5 85 170 0.0188664
128 5 85 170 0.0204907
129 5 85 170 0.0169705
130 5 85 170 0.0137543
131 5 85 170 0.0120821
105 6 85 170 0.0136165
106 6 85 170 0.0299356
107 6 85 170 0.0517149
108 6 85 170 0.065571
109 6 85 170 0.0638441
110 6 85 170 0.0473445
111 6 85 170 0.0259263
112 6 85 170 0.013524
126 6 85 170 0.0130398
127 6 85 170 0.0186595
128 6 85 170 0.0203392
129 6 85 170 0.0167878
130 6 85 170 0.0135099
131 6 85 170 0.0118201
105 7 85 170 0.0139521
106 7 85 170 0.0302631
107 7 85 170 0.051402
108 7 85 170 0.0643359
109 7 85 170 0.0619629
110 7 85 170 0.0457297
111 7 85 170 0.0250941
112 7 85 170 0.0130045
126 7 85 170 0.0126502
127 7 85 170 0.018486
128 7 85 170 0.0202395
129 7 85 170 0.016609
130 7 85 170 0.013373
131 7 85 170 0.0118279
105 8 85 170 0.0144181
106 8 85 170 0.0307624
107 8 85 170 0.0512999
108 8 85 170 0.063678
109 8 85 170 0.0611477
110 8 85 170 0.0450205
111 8 85 170 0.0245673
112 8 85 170 0.0125598
126 8 85 170 0.0122463
127 8 85 170 0.0182564
128 8 85 170 0.0200669
129 8 85 170 0.0163805
130 8 85 170 0.0132525
131 8 85 170 0.0119073
105 9 85 170 0.0153819
106 9 85 170 0.0322431
107 9 85 170 0.0528623
108 9 85 170 0.0656733
109 9 85 170 0.063709
110 9 85 170 0.0469352
111 9 85 170 0.0250943
112 9 85 170 0.0125275
126 9 85 170 0.0118606
127 9 85 170 0.0178811
128 9 85 170 0.0196964
129 9 85 170 0.016049
130 9 85 170 0.0130571
131 9 85 170 0.0118599
105 10 85 170 0.0171777
106 10 85 170 0.0354472
107 10 85 170 0.0574247
108 10 85 170 0.0722223
109 10 85 170 0.0717509
110 10 85 170 0.0530379
111 10 85 170 0.0273618
112 10 85 170 0.0132195
126 10 85 170 0.011523
127 10 85 170 0.0172781
128 10 85 170 0.0190138
129 10 85 170 0.0155659
130 10 85 170 0.0127027
131 10 85 170 0.0115014
105 11 85 170 0.0196981
106 11 85 170 0.0402037
107 11 85 170 0.0647349
108 11 85 170 0.0828625
109 11 85 170 0.0846008
110 11 85 170 0.0628182
111 11 85 170 0.0312313
112 11 85 170 0.0146013
113 11 85 170 0.0105217
126 11 85 170 0.0112316
127 11 85 170 0.0164684
128 11 85 170 0.0180491
129 11 85 170 0.0149486
130 11 85 170 0.0121949
131 11 85 170 0.0108361
105 12 85 170 0.022519
106 12 85 170 0.0456882
107 12 85 170 0.073404
108 12 85 170 0.0954397
109 12 85 170 0.0995976
110 12 85 170 0.0742804
111 12 85 170 0.0359728
112 12 85 170 0.0163904
113 12 85 170 0.0123017
126 12 85 170 0.0109611
127 12 85 170 0.0155464
128 12 85 170 0.0169357
129 12 85 170 0.0142614
130 12 85 170 0.0116044
131 12 85 170 0.0100031
74 13 85 170 0.010412
75 13 85 170 0.0102946
105 13 85 170 0.0252096
106 13 85 170 0.0510619
107 13 85 170 0.0820182
108 13 85 170 0.107763
109 13 85 170 0.114037
110 13 85 170 0.0853962
111 13 85 170 0.0408437
112 13 85 170 0.018299
113 13 85 170 0.0139466
126 13 85 170 0.0106861
127 13 85 170 0.0146082
128 13 85 170 0.015809
129 13 85 170 0.0135696
130 13 85 170 0.0110029
73 14 85 170 0.0100906
74 14 85 170 0.0107257
75 14 85 170 0.0106479
105 14 85 170 0.0273391
106 14 85 170 0.0554863
107 14 85 170 0.089164
108 14 85 170 0.117642
109 14 85 170 0.125216
110 14 85 170 0.0941377
111 14 85 170 0.0451012
112 14 85 170 0.0200389
113 14 85 170 0.0150455
114 14 85 170 0.0104019
126 14 85 170 0.010381
127 14 85 170 0.0137498
128 14 85 170 0.0148046
129 14 85 170 0.0129387
130 14 85 170 0.0104624
73 15 85 170 0.0100455
74 15 85 170 0.0107519
75 15 85 170 0.0106885
105 15 85 170 0.0286025
106 15 85 170 0.0583634
107 15 85 170 0.0938281
108 15 85 170 0.123503
109 15 85 170 0.131192
110 15 85 170 0.0990405
111 15 85 170 0.0481969
112 15 85 170 0.021399
113 15 85 170 0.0153124
114 15 85 170 0.0104794
126 15 85 170 0.0100265
127 15 85 170 0.0130485
128 15 85 170 0.0140297
129 15 85 170 0.012419
130 15 85 170 0.0100379
74 16 85 170 0.0106431
75 16 85 170 0.0105578
105 16 85 170 0.0292971
106 16 85 170 0.060245
107 16 85 170 0.0969092
108 16 85 170 0.12673
109 16 85 170 0.133665
110 16 85 170 0.101332
111 16 85 170 0.0505095
112 16 85 170 0.0225333
113 16 85 170 0.0150584
114 16 85 170 0.0101316
127 16 85 170 0.012491
128 16 85 170 0.0134567
129 16 85 170 0.0119895
74 17 85 170 0.0106247
75 17 85 170 0.0104715
105 17 85 170 0.0298993
106 17 85 170 0.0620254
107 17 85 170 0.0998758
108 17 85 170 0.129586
109 17 85 170 0.135421
110 17 85 170 0.10304
111 17 85 170 0.0526941
112 17 85 170 0.023705
113 17 85 170 0.014772
127 17 85 170 0.0120374
128 17 85 170 0.0130176
129 17 85 170 0.0116076
73 18 85 170 0.010143
74 18 85 170 0.0109221
75 18 85 170 0.0106458
105 18 85 170 0.0308857
106 18 85 170 0.064599
107 18 85 170 0.104196
108 18 85 170 0.134333
109 18 85 170 0.139245
110 18 85 170 0.106195
111 18 85 170 0.0554059
112 18 85 170 0.025177
113 18 85 170 0.0149421
127 18 85 170 0.0116474
128 18 85 170 0.0126446
129 18 85 170 0.011231
73 19 85 170 0.0109783
74 19 85 170 0.011759
75 19 85 170 0.011295
104 19 85 170 0.0102039
105 19 85 170 0.0327299
106 19 85 170 0.0688547
107 19 85 170 0.11133
108 19 85 170 0.143221
109 19 85 170 0.147906
110 19 85 170 0.112816
111 19 85 170 0.0592961
112 19 85 170 0.0272106
113 19 85 170 0.0160542
114 19 85 170 0.0102337
127 19 85 170 0.0112812
128 19 85 170 0.0122698
129 19 85 170 0.0108173
72 20 85 170 0.0109556
73 20 85 170 0.0123909
74 20 85 170 0.0131721
75 20 85 170 0.0124656
76 20 85 170 0.0101851
104 20 85 170 0.0110812
105 20 85 170 0.035591
106 20 85 170 0.0750379
107 20 85 170 0.121628
108 20 85 170 0.156921
109 20 85 170 0.162416
110 20 85 170 0.123674
111 20 85 170 0.0645639
112 20 85 170 0.0298354
113 20 85 170 0.0182432
114 20 85 170 0.0116212
127 20 85 170 0.0109057
128 20 85 170 0.0118446
129 20 85 170 0.0103404
72 21 85 170 0.0123255
73 21 85 170 0.0140583
74 21 85 170 0.0148401
75 21 85 170 0.013882
76 21 85 170 0.0112125
104 21 85 170 0.0121808
105 21 85 170 0.0390242
106 21 85 170 0.0821616
107 21 85 170 0.133319
108 21 85 170 0.173082
109 21 85 170 0.180413
110 21 85 170 0.137153
111 21 85 170 0.0705425
112 21 85 170 0.0326376
113 21 85 170 0.0209713
114 21 85 170 0.0134218
127 21 85 170 0.0105017
128 21 85 170 0.0113571
71 22 85 170 0.0105658
72 22 85 170 0.013585
73 22 85 170 0.0156176
74 22 85 170 0.0164009
75 22 85 170 0.0152324
76 22 85 170 0.0122568
104 22 85 170 0.0132825
105 22 85 170 0.0425168
106 22 85 170 0.0890994
107 22 85 170 0.144392
108 22 85 170 0.189009
109 22 85 170 0.199155
110 22 85 170 0.151369
111 22 85 170 0.076467
112 22 85 170 0.0351534
113 22 85 170 0.0236251
114 22 85 170 0.0151995
127 22 85 170 0.0100513
128 22 85 170 0.0107995
71 23 85 170 0.0111255
72 23 85 170 0.014427
73 23 85 170 0.0167062
74 23 85 170 0.0174927
75 23 85 170 0.0162047
76 23 85 170 0.0130839
104 23 85 170 0.0141659
105 23 85 170 0.045556
106 23 85 170 0.0947249
107 23 85 170 0.152836
108 23 85 170 0.202009
109 23 85 170 0.215901
110 23 85 170 0.164435
111 23 85 170 0.0815728
112 23 85 170 0.036919
113 23 85 170 0.0255908
114 23 85 170 0.0165183
128 23 85 170 0.0101638
71 24 85 170 0.0111539
72 24 85 170 0.0145638
73 24 85 170 0.0169832
74 24 85 170 0.0177751
75 24 85 170 0.016505
76 24 85 170 0.0134714
77 24 85 170 0.0102533
104 24 85 170 0.0146234
105 24 85 170 0.0476528
106 24 85 170 0.097975
107 24 85 170 0.156766
108 24 85 170 0.209538
109 24 85 170 0.228032
110 24 85 170 0.174543
111 24 85 170 0.0851347
112 24 85 170 0.0375032
113 24 85 170 0.0262914
114 24 85 170 0.016967
71 25 85 170 0.010683
72 25 85 170 0.0140333
73 25 85 170 0.0164825
74 25 85 170 0.0172749
75 25 85 170 0.0161422
76 25 85 170 0.0134026
77 25 85 170 0.0102856
104 25 85 170 0.014663
105 25 85 170 0.0487237
106 25 85 170 0.0988624
107 25 85 170 0.156449
108 25 85 170 0.211656
109 25 85 170 0.235036
110 25 85 170 0.181178
111 25 85 170 0.0871027
112 25 85 170 0.0370318
113 25 85 170 0.0257709
114 25 85 170 0.0165593
72 26 85 170 0.013146
73 26 85 170 0.0155503
74 26 85 170 0.0163254
75 26 85 170 0.0153789
76 26 85 170 0.0130323
77 26 85 170 0.0101125
104 26 85 170 0.0144728
105 26 85 170 0.0490238
106 26 85 170 0.0982993
107 26 85 170 0.15395
108 26 85 170 0.210589
109 26 85 170 0.238162
110 26 85 170 0.184909
111 26 85 170 0.0879908
112 26 85 170 0.0360956
113 26 85 170 0.0245923
114 26 85 170 0.0156639
72 27 85 170 0.0122206
73 27 85 170 0.0145429
74 27 85 170 0.0152696
75 27 85 170 0.0144853
76 27 85 170 0.0125206
104 27 85 170 0.0142465
105 27 85 170 0.0488189
106 27 85 170 0.0972254
107 27 85 170 0.15139
108 27 85 170 0.208634
109 27 85 170 0.238713
110 27 85 170 0.186336
111 27 85 170 0.0883303
112 27 85 170 0.0353001
113 27 85 170 0.023335
114 27 85 170 0.0146601
72 28 85 170 0.0115757
73 28 85 170 0.0138164
74 28 85 170 0.0144503
75 28 85 170 0.0137317
76 28 85 170 0.0120276
104 28 85 170 0.0141777
105 28 85 170 0.0483747
106 28 85 170 0.0965806
107 28 85 170 0.150888
108 28 85 170 0.208084
109 28 85 170 0.237993
110 28 85 170 0.186063
111 28 85 170 0.0886528
112 28 85 170 0.0352505
113 28 85 170 0.0225778
114 28 85 170 0.0139276
72 29 85 170 0.0114609
73 29 85 170 0.0136504
74 29 85 170 0.0141398
75 29 85 170 0.0133354
76 29 85 170 0.0116843
104 29 85 170 0.0144164
105 29 85 170 0.0479155
106 29 85 170 0.0971023
107 29 85 170 0.154062
108 29 85 170 0.210731
109 29 85 170 0.237112
110 29 85 170 0.184647
111 29 85 170 0.08938
112 29 85 170 0.0364026
113 29 85 170 0.0227775
114 29 85 170 0.0137713
72 30 85 170 0.0117296
73 30 85 170 0.0138876
74 30 85 170 0.0142058
75 30 85 170 0.0132122
76 30 85 170 0.0114559
104 30 85 170 0.0148634
105 30 85 170 0.04743
106 30 85 170 0.0983741
107 30 85 170 0.159666
108 30 85 170 0.215487
109 30 85 170 0.236079
110 30 85 170 0.182397
111 30 85 170 0.0903079
112 30 85 170 0.0383576
113 30 85 170 0.023691
114 30 85 170 0.0140697
72 31 85 170 0.0120953
73 31 85 170 0.0142162
74 31 85 170 0.014373
75 31 85 170 0.013171
76 31 85 170 0.0112485
104 31 85 170 0.0153312
105 31 85 170 0.0468232
106 31 85 170 0.0995705
107 31 85 170 0.165438
108 31 85 170 0.220243
109 31 85 170 0.234518
110 31 85 170 0.179538
111 31 85 170 0.0910108
112 31 85 170 0.0404141
113 31 85 170 0.0248273
114 31 85 170 0.0145504
72 32 85 170 0.0122711
73 32 85 170 0.0143238
74 32 85 170 0.0143659
75 32 85 170 0.0130204
76 32 85 170 0.0109683
104 32 85 170 0.0156323
105 32 85 170 0.0460001
106 32 85 170 0.0998658
107 32 85 170 0.169115
108 32 85 170 0.222889
109 32 85 170 0.232047
110 32 85 170 0.176289
111 32 85 170 0.0910628
112 32 85 170 0.0418704
113 32 85 170 0.0256952
114 32 85 170 0.014941
72 33 85 170 0.0119709
73 33 85 170 0.0138992
74 33 85 170 0.0139096
75 33 85 170 0.0125697
76 33 85 170 0.0105217
104 33 85 170 0.0155795
105 33 85 170 0.0448661
106 33 85 170 0.098436
107 33 85 170 0.168439
108 33 85 170 0.221321
109 33 85 170 0.228288
110 33 85 170 0.172874
111 33 85 170 0.0900389
112 33 85 170 0.0420264
113 33 85 170 0.0258045
114 33 85 170 0.0149693
72 34 85 170 0.0110607
73 34 85 170 0.0128005
74 34 85 170 0.012877
75 34 85 170 0.0117292
104 34 85 170 0.0150835
105 34 85 170 0.0433846
106 34 85 170 0.0949051
107 34 85 170 0.162348
108 34 85 170 0.214525
109 34 85 170 0.223018
110 34 85 170 0.169363
111 34 85 170 0.087736
112 34 85 170 0.040551
113 34 85 170 0.0249088
114 34 85 170 0.0144906
73 35 85 170 0.0112683
74 35 85 170 0.0114747
75 35 85 170 0.0106379
104 35 85 170 0.0142758
105 35 85 170 0.0416507
106 35 85 170 0.0899076
107 35 85 170 0.152476
108 35 85 170 0.203941
109 35 85 170 0.216365
110 35 85 170 0.165493
111 35 85 170 0.0844509
112 35 85 170 0.0379453
113 35 85 170 0.023312
114 35 85 170 0.0136467
104 36 85 170 0.0133181
105 36 85 170 0.0397777
106 36 85 170 0.0842165
107 36 85 170 0.140826
108 36 85 170 0.191351
109 36 85 170 0.208503
110 36 85 170 0.160951
111 36 85 170 0.0805491
112 36 85 170 0.0348247
113 36 85 170 0.0213931
114 36 85 170 0.0126191
104 37 85 170 0.012372
105 37 85 170 0.0378785
106 37 85 170 0.0786045
107 37 85 170 0.129401
108 37 85 170 0.178534
109 37 85 170 0.199608
110 37 85 170 0.155427
111 37 85 170 0.076396
112 37 85 170 0.0318043
113 37 85 170 0.0195312
114 37 85 170 0.0115889
104 38 85 170 0.0115932
105 38 85 170 0.0360611
106 38 85 170 0.0738156
107 38 85 170 0.120133
108 38 85 170 0.167208
109 38 85 170 0.189853
110 38 85 170 0.148624
111 38 85 170 0.0723443
112 38 85 170 0.0294769
113 38 85 170 0.0180921
114 38 85 170 0.0107314
104 39 85 170 0.0110049
105 39 85 170 0.0343202
106 39 85 170 0.0699557
107 39 85 170 0.113375
108 39 85 170 0.157746
109 39 85 170 0.179378
110 39 85 170 0.140567
111 39 85 170 0.0684684
112 39 85 170 0.0279406
113 39 85 170 0.0171494
114 39 85 170 0.010093
104 40 85 170 0.0105008
105 40 85 170 0.0325394
106 40 85 170 0.0665087
107 40 85 170 0.107939
108 40 85 170 0.149206
109 40 85 170 0.168285
110 40 85 170 0.131594
111 40 85 170 0.0645709
112 40 85 170 0.0268109
113 40 85 170 0.016492
105 41 85 170 0.0305982
106 41 85 170 0.0629329
107 41 85 170 0.102575
108 41 85 170 0.140594
109 41 85 170 0.156676
110 41 85 170 0.122057
111 41 85 170 0.0604431
112 41 85 170 0.0256835
113 41 85 170 0.0158968
105 42 85 170 0.028376
106 42 85 170 0.0586863
107 42 85 170 0.0960337
108 42 85 170 0.130915
109 42 85 170 0.144654
110 42 85 170 0.112307
111 42 85 170 0.0558766
112 42 85 170 0.0241541
113 42 85 170 0.0151408
105 43 85 170 0.0257881
106 43 85 170 0.0533442
107 43 85 170 0.0873055
108 43 85 170 0.119385
109 43 85 170 0.132358
110 43 85 170 0.102685
111 43 85 170 0.050723
112 43 85 170 0.0218945
113 43 85 170 0.0140391
105 44 85 170 0.0229987
106 44 85 170 0.0472838
107 44 85 170 0.0770388
108 44 85 170 0.106657
109 44 85 170 0.12019
110 44 85 170 0.0934528
111 44 85 170 0.0452482
112 44 85 170 0.0190979
113 44 85 170 0.0126679
105 45 85 170 0.0202761
106 45 85 170 0.0412188
107 45 85 170 0.0665772
108 45 85 170 0.0939922
109 45 85 170 0.108658
110 45 85 170 0.084843
111 45 85 170 0.0398914
112 45 85 170 0.0161763
113 45 85 170 0.0112127
105 46 85 170 0.0178889
106 46 85 170 0.0358639
107 46 85 170 0.0572662
108 46 85 170 0.0826497
109 46 85 170 0.0982737
110 46 85 170 0.0770866
111 46 85 170 0.0350927
112 46 85 170 0.0135426
105 47 85 170 0.0161056
106 47 85 170 0.0319333
107 47 85 170 0.0504505
108 47 85 170 0.0738896
109 47 85 170 0.0895456
110 47 85 170 0.0704146
111 47 85 170 0.0312917
112 47 85 170 0.0116091
105 48 85 170 0.0150678
106 48 85 170 0.0298092
107 48 85 170 0.0468534
108 48 85 170 0.0683768
109 48 85 170 0.082715
110 48 85 170 0.0649224
111 48 85 170 0.0287199
112 48 85 170 0.0106071
105 49 85 170 0.0145792
106 49 85 170 0.0289879
107 49 85 170 0.045541
108 49 85 170 0.0651899
109 49 85 170 0.0773066
110 49 85 170 0.0603437
111 49 85 170 0.0270537
112 49 85 170 0.0102838
105 50 85 170 0.0143879
106 50 85 170 0.02882
107 50 85 170 0.0453065
108 50 85 170 0.063146
109 50 85 170 0.0727269
110 50 85 170 0.0563527
111 50 85 170 0.0258781
112 50 85 170 0.0103067
105 51 85 170 0.0142419
106 51 85 170 0.0286557
107 51 85 170 0.0449428
108 51 85 170 0.0610622
109 51 85 170 0.0683824
110 51 85 170 0.0526235
111 51 85 170 0.0247782
112 51 85 170 0.0103436
105 52 85 170 0.013895
106 52 85 170 0.0278609
107 52 85 170 0.0432721
108 52 85 170 0.0577844
109 52 85 170 0.0636945
110 52 85 170 0.0488384
111 52 85 170 0.0233489
112 52 85 170 0.0100694
105 53 85 170 0.0132715
106 53 85 170 0.0262488
107 53 85 170 0.0399711
108 53 85 170 0.0530099
109 53 85 170 0.0585222
110 53 85 170 0.0449198
111 53 85 170 0.0214747
105 54 85 170 0.0124893
106 54 85 170 0.0241418
107 54 85 170 0.0356878
108 54 85 170 0.0474027
109 54 85 170 0.0532216
110 54 85 170 0.0410636
111 54 85 170 0.0193694
105 55 85 170 0.011677
106 55 85 170 0.0218895
107 55 85 170 0.0311229
108 55 85 170 0.0416792
109 55 85 170 0.0481755
110 55 85 170 0.0374801
111 55 85 170 0.0172646
105 56 85 170 0.010963
106 56 85 170 0.0198417
107 56 85 170 0.0269767
108 56 85 170 0.0365561
109 56 85 170 0.043767
110 56 85 170 0.0343798
111 56 85 170 0.0153919
105 57 85 170 0.0104563
106 57 85 170 0.0183039
107 57 85 170 0.023869
108 57 85 170 0.0326629
109 57 85 170 0.0403206
110 57 85 170 0.0319359
111 57 85 170 0.0139536
105 58 85 170 0.0101044
106 58 85 170 0.0172144
107 58 85 170 0.0217484
108 58 85 170 0.0299086
109 58 85 170 0.0376771
110 58 85 170 0.0300126
111 58 85 170 0.0129073
106 59 85 170 0.0163301
107 59 85 170 0.0202318
108 59 85 170 0.0278462
109 59 85 170 0.0354376
110 59 85 170 0.0283218
111 59 85 170 0.0120899
106 60 85 170 0.0154064
107 60 85 170 0.0189337
108 60 85 170 0.0260258
109 60 85 170 0.0332018
110 60 85 170 0.0265739
111 60 85 170 0.0113377
106 61 85 170 0.0141989
107 61 85 170 0.0174688
108 61 85 170 0.0239979
109 61 85 170 0.0305693
110 61 85 170 0.0244795
111 61 85 170 0.0104867
106 62 85 170 0.0125666
107 62 85 170 0.0155878
108 62 85 170 0.0214729
109 62 85 170 0.0273031
110 62 85 170 0.0218725
106 63 85 170 0.0106959
107 63 85 170 0.0134731
108 63 85 170 0.0186691
109 63 85 170 0.0236834
110 63 85 170 0.0189768
107 64 85 170 0.0113922
108 64 85 170 0.0159046
109 64 85 170 0.0200921
110 64 85 170 0.0160935
108 65 85 170 0.0134979
109 65 85 170 0.0169115
110 65 85 170 0.0135235
108 66 85 170 0.0117611
109 66 85 170 0.0145168
110 66 85 170 0.0115625
108 67 85 170 0.0107621
109 67 85 170 0.0130024
110 67 85 170 0.0102889
108 68 85 170 0.0102445
109 68 85 170 0.0120903
109 69 85 170 0.011477
109 70 85 170 0.0108587
114 0 64 128 0.0117993
115 0 64 128 0.0119429
116 0 64 128 0.0146667
117 0 64 128 0.0103816
113 1 64 128 0.0115223
114 1 64 128 0.0144801
115 1 64 128 0.0147182
116 1 64 128 0.0191155
117 1 64 128 0.0135023
112 2 64 128 0.0106606
113 2 64 128 0.0149754
114 2 64 128 0.0198721
115 2 64 128 0.0204391
116 2 64 128 0.027265
117 2 64 128 0.0191259
112 3 64 128 0.012623
113 3 64 128 0.01818
114 3 64 128 0.0245101
115 3 64 128 0.0256158
116 3 64 128 0.0324272
117 3 64 128 0.0224605
112 4 64 128 0.0145083
113 4 64 128 0.0210013
114 4 64 128 0.0281834
115 4 64 128 0.0294198
116 4 64 128 0.0349706
117 4 64 128 0.0239177
129 4 64 128 0.0118149
130 4 64 128 0.0106165
111 5 64 128 0.0112343
112 5 64 128 0.016701
113 5 64 128 0.0239549
114 5 64 128 0.0318102
115 5 64 128 0.0320661
116 5 64 128 0.0377159
117 5 64 128 0.0256919
128 5 64 128 0.0104316
129 5 64 128 0.0151675
130 5 64 128 0.0131469
111 6 64 128 0.0131827
112 6 64 128 0.0188608
113 6 64 128 0.0265614
114 6 64 128 0.0347456
115 6 64 128 0.0337569
116 6 64 128 0.0401365
117 6 64 128 0.0272423
128 6 64 128 0.0132158
129 6 64 128 0.0189179
130 6 64 128 0.0159907
131 6 64 128 0.0109142
111 7 64 128 0.0142556
112 7 64 128 0.0202595
113 7 64 128 0.0278037
114 7 64 128 0.0354989
115 7 64 128 0.0346691
116 7 64 128 0.0398266
117 7 64 128 0.0265038
128 7 64 128 0.0146089
129 7 64 128 0.020945
130 7 64 128 0.0180566
131 7 64 128 0.0125704
111 8 64 128 0.0147791
112 8 64 128 0.0210811
113 8 64 128 0.0278168
114 8 64 128 0.0343605
115 8 64 128 0.0346691
116 8 64 128 0.0368981
117 8 64 128 0.0236815
128 8 64 128 0.014645
129 8 64 128 0.0210858
130 8 64 128 0.0189782
131 8 64 128 0.0137236
111 9 64 128 0.0163151
112 9 64 128 0.0223192
113 9 64 128 0.0277705
114 9 64 128 0.0332098
115 9 64 128 0.0333614
116 9 64 128 0.0337194
117 9 64 128 0.0210091
128 9 64 128 0.0149754
129 9 64 128 0.0209323
130 9 64 128 0.0190504
131 9 64 128 0.0141432
111 10 64 128 0.0189054
112 10 64 128 0.0243246
113 10 64 128 0.0284943
114 10 64 128 0.0329343
115 10 64 128 0.0310607
116 10 64 128 0.0313433
117 10 64 128 0.0194004
128 10 64 128 0.0159977
129 10 64 128 0.0212257
130 10 64 128 0.01868
131 10 64 128 0.0139453
111 11 64 128 0.0204997
112 11 64 128 0.0265459
113 11 64 128 0.0303065
114 11 64 128 0.0330125
115 11 64 128 0.0290441
116 11 64 128 0.0289495
117 11 64 128 0.0179006
128 11 64 128 0.0163541
129 11 64 128 0.0214824
130 11 64 128 0.01839
131 11 64 128 0.0137027
110 12 64 128 0.0100469
111 12 64 128 0.0203746
112 12 64 128 0.0285394
113 12 64 128 0.0328003
114 12 64 128 0.0328661
115 12 64 128 0.0279626
116 12 64 128 0.0261272
117 12 64 128 0.0159253
128 12 64 128 0.0155796
129 12 64 128 0.0214876
130 12 64 128 0.0184774
131 12 64 128 0.0137637
110 13 64 128 0.0108193
111 13 64 128 0.0207976
112 13 64 128 0.0302082
113 13 64 128 0.0341707
114 13 64 128 0.0320016
115 13 64 128 0.0270592
116 13 64 128 0.0235628
117 13 64 128 0.0139065
128 13 64 128 0.0152702
129 13 64 128 0.0217471
130 13 64 128 0.0187635
131 13 64 128 0.0139555
132 13 64 128 0.0100909
110 14 64 128 0.0125868
111 14 64 128 0.0230498
112 14 64 128 0.0311992
113 14 64 128 0.033092
114 14 64 128 0.0301352
115 14 64 128 0.0256564
116 14 64 128 0.0217185
117 14 64 128 0.0122218
128 14 64 128 0.0164207
129 14 64 128 0.0225169
130 14 64 128 0.019043
131 14 64 128 0.0140895
132 14 64 128 0.0105252
91 15 64 128 0.0107211
92 15 64 128 0.0120823
93 15 64 128 0.0100645
110 15 64 128 0.0138377
111 15 64 128 0.0241771
112 15 64 128 0.0302221
113 15 64 128 0.0302748
114 15 64 128 0.0276089
115 15 64 128 0.0238617
116 15 64 128 0.0199349
117 15 64 128 0.0106903
128 15 64 128 0.0173527
129 15 64 128 0.0229943
130 15 64 128 0.0192091
131 15 64 128 0.0141265
132 15 64 128 0.0108355
91 16 64 128 0.0142898
92 16 64 128 0.0157291
93 16 64 128 0.0123251
110 16 64 128 0.0132779
111 16 64 128 0.0216384
112 16 64 128 0.0266024
113 16 64 128 0.0269526
114 16 64 128 0.0250414
115 16 64 128 0.0220457
116 16 64 128 0.0176516
128 16 64 128 0.016471
129 16 64 128 0.0224346
130 16 64 128 0.0191623
131 16 64 128 0.0140578
132 16 64 128 0.0107546
91 17 64 128 0.0182383
92 17 64 128 0.0198031
93 17 64 128 0.0149494
110 17 64 128 0.0126656
111 17 64 128 0.0190647
112 17 64 128 0.0236369
113 17 64 128 0.0249758
114 17 64 128 0.023815
115 17 64 128 0.0211245
116 17 64 128 0.015892
128 17 64 128 0.015194
129 17 64 128 0.0214092
130 17 64 128 0.0187476
131 17 64 128 0.0138824
132 17 64 128 0.0105666
90 18 64 128 0.0120269
91 18 64 128 0.0215873
92 18 64 128 0.0232208
93 18 64 128 0.0178712
94 18 64 128 0.0122242
110 18 64 128 0.0142708
111 18 64 128 0.0211313
112 18 64 128 0.0251476
113 18 64 128 0.0260181
114 18 64 128 0.0251958
115 18 64 128 0.0219821
116 18 64 128 0.0159168
128 18 64 128 0.0155013
129 18 64 128 0.0207486
130 18 64 128 0.017805
131 18 64 128 0.0135815
132 18 64 128 0.0106413
90 19 64 128 0.0141705
91 19 64 128 0.0246454
92 19 64 128 0.0263139
93 19 64 128 0.0209058
94 19 64 128 0.0150118
109 19 64 128 0.0105787
110 19 64 128 0.0168806
111 19 64 128 0.0255421
112 19 64 128 0.0292979
113 19 64 128 0.0288041
114 19 64 128 0.0276197
115 19 64 128 0.0238886
116 19 64 128 0.0169505
128 19 64 128 0.0163772
129 19 64 128 0.020088
130 19 64 128 0.0162794
131 19 64 128 0.0129757
132 19 64 128 0.010662
90 20 64 128 0.0166585
91 20 64 128 0.028265
92 20 64 128 0.0300177
93 20 64 128 0.0238229
94 20 64 128 0.0172576
95 20 64 128 0.0112957
109 20 64 128 0.0112161
110 20 64 128 0.0178345
111 20 64 128 0.0270686
112 20 64 128 0.0318642
113 20 64 128 0.0308744
114 20 64 128 0.0284412
115 20 64 128 0.025468
116 20 64 128 0.0174
128 20 64 128 0.0155738
129 20 64 128 0.0185862
130 20 64 128 0.01422
131 20 64 128 0.0118601
132 20 64 128 0.0100495
90 21 64 128 0.0190452
91 21 64 128 0.0322585
92 21 64 128 0.0342013
93 21 64 128 0.0265534
94 21 64 128 0.018885
95 21 64 128 0.0132668
109 21 64 128 0.0108454
110 21 64 128 0.0175933
111 21 64 128 0.0262299
112 21 64 128 0.033206
113 21 64 128 0.0329826
114 21 64 128 0.0288484
115 21 64 128 0.027122
116 21 64 128 0.0178848
128 21 64 128 0.0136935
129 21 64 128 0.0167578
130 21 64 128 0.0124214
131 21 64 128 0.0107441
90 22 64 128 0.0204015
91 22 64 128 0.0356998
92 22 64 128 0.0379651
93 22 64 128 0.0291286
94 22 64 128 0.0204849
95 22 64 128 0.014217
109 22 64 128 0.0114389
110 22 64 128 0.0187928
111 22 64 128 0.0275713
112 22 64 128 0.0368803
113 22 64 128 0.0380847
114 22 64 128 0.0326678
115 22 64 128 0.0304988
116 22 64 128 0.020546
128 22 64 128 0.0133229
129 22 64 128 0.0160463
130 22 64 128 0.0121609
131 22 64 128 0.0106121
90 23 64 128 0.0208899
91 23 64 128 0.0381886
92 23 64 128 0.0406339
93 23 64 128 0.0311278
94 23 64 128 0.0219068
95 23 64 128 0.0140266
109 23 64 128 0.0129681
110 23 64 128 0.0213918
111 23 64 128 0.0311988
112 23 64 128 0.0425563
113 23 64 128 0.0454285
114 23 64 128 0.0396155
115 23 64 128 0.0359493
116 23 64 128 0.0251036
117 23 64 128 0.0112187
128 23 64 128 0.0145491
129 23 64 128 0.0163181
130 23 64 128 0.0131323
131 23 64 128 0.0112746
90 24 64 128 0.0218534
91 24 64 128 0.0399065
92 24 64 128 0.0417967
93 24 64 128 0.031645
94 24 64 128 0.0221866
95 24 64 128 0.0134583
109 24 64 128 0.0132153
110 24 64 128 0.0224149
111 24 64 128 0.0323463
112 24 64 128 0.0456494
113 24 64 128 0.0502307
114 24 64 128 0.04493
115 24 64 128 0.0423871
116 24 64 128 0.0286419
117 24 64 128 0.0124513
128 24 64 128 0.0147224
129 24 64 128 0.0157245
130 24 64 128 0.0133172
131 24 64 128 0.0112702
89 25 64 128 0.0103975
90 25 64 128 0.0234868
91 25 64 128 0.0405179
92 25 64 128 0.0411496
93 25 64 128 0.0303514
94 25 64 128 0.0209116
95 25 64 128 0.0128769
109 25 64 128 0.0114729
110 25 64 128 0.0206965
111 25 64 128 0.0294959
112 25 64 128 0.0447011
113 25 64 128 0.0511375
114 25 64 128 0.0473008
115 25 64 128 0.0488521
116 25 64 128 0.0303272
117 25 64 128 0.0123547
128 25 64 128 0.0129679
129 25 64 128 0.0137221
130 25 64 128 0.011957
131 25 64 128 0.0101012
89 26 64 128 0.0108131
90 26 64 128 0.024022
91 26 64 128 0.038801
92 26 64 128 0.0385438
93 26 64 128 0.027897
94 26 64 128 0.0186326
95 26 64 128 0.011929
110 26 64 128 0.0182546
111 26 64 128 0.02681
112 26 64 128 0.0436854
113 26 64 128 0.0527006
114 26 64 128 0.0513934
115 26 64 128 0.0547093
116 26 64 128 0.0329265
117 26 64 128 0.0130516
128 26 64 128 0.0115201
129 26 64 128 0.0120316
130 26 64 128 0.0104824
89 27 64 128 0.0104342
90 27 64 128 0.0226595
91 27 64 128 0.0346567
92 27 64 128 0.0344273
93 27 64 128 0.0250184
94 27 64 128 0.0160317
95 27 64 128 0.0105094
110 27 64 128 0.0167761
111 27 64 128 0.0270565
112 27 64 128 0.0454102
113 27 64 128 0.0578727
114 27 64 128 0.0598895
115 27 64 128 0.0602884
116 27 64 128 0.0383286
117 27 64 128 0.0157996
128 27 64 128 0.0117328
129 27 64 128 0.0116961
89 28 64 128 0.0102912
90 28 64 128 0.0214524
91 28 64 128 0.0309749
92 28 64 128 0.0306961
93 28 64 128 0.0224431
94 28 64 128 0.0138971
110 28 64 128 0.0164005
111 28 64 128 0.0282449
112 28 64 128 0.0485502
113 28 64 128 0.064288
114 28 64 128 0.0691809
115 28 64 128 0.0682388
116 28 64 128 0.04542
117 28 64 128 0.0191346
128 28 64 128 0.0120637
129 28 64 128 0.0115594
89 29 64 128 0.0111798
90 29 64 128 0.0220259
91 29 64 128 0.030042
92 29 64 128 0.0288087
93 29 64 128 0.0206574
94 29 64 128 0.0127664
110 29 64 128 0.0170023
111 29 64 128 0.0285851
112 29 64 128 0.0518368
113 29 64 128 0.069819
114 29 64 128 0.0763897
115 29 64 128 0.081164
116 29 64 128 0.053683
117 29 64 128 0.02209
128 29 64 128 0.0112411
129 29 64 128 0.0106295
89 30 64 128 0.0121275
90 30 64 128 0.0226459
91 30 64 128 0.030019
92 30 64 128 0.0276604
93 30 64 128 0.0192122
94 30 64 128 0.0121368
110 30 64 128 0.0183444
111 30 64 128 0.0298921
112 30 64 128 0.0566789
113 30 64 128 0.0764244
114 30 64 128 0.0852182
115 30 64 128 0.100108
116 30 64 128 0.0667024
117 30 64 128 0.0272531
128 30 64 128 0.0107681
89 31 64 128 0.0120234
90 31 64 128 0.021351
91 31 64 128 0.0286451
92 31 64 128 0.0258736
93 31 64 128 0.0175639
94 31 64 128 0.0113528
110 31 64 128 0.0200821
111 31 64 128 0.0340715
112 31 64 128 0.0645128
113 31 64 128 0.0863441
114 31 64 128 0.0996618
115 31 64 128 0.125007
116 31 64 128 0.0875408
117 31 64 128 0.0371069
118 31 64 128 0.0114027
127 31 64 128 0.0110137
128 31 64 128 0.01233
129 31 64 128 0.0103375
89 32 64 128 0.0115648
90 32 64 128 0.0198401
91 32 64 128 0.0272638
92 32 64 128 0.0242434
93 32 64 128 0.0159937
94 32 64 128 0.0103792
110 32 64 128 0.0213699
111 32 64 128 0.0381555
112 32 64 128 0.0729089
113 32 64 128 0.0974018
114 32 64 128 0.115612
115 32 64 128 0.151286
116 32 64 128 0.10984
117 32 64 128 0.0481313
118 32 64 128 0.0148653
126 32 64 128 0.010274
127 32 64 128 0.0140068
128 32 64 128 0.0145608
129 32 64 128 0.0111148
89 33 64 128 0.0120042
90 33 64 128 0.0208348
91 33 64 128 0.0282476
92 33 64 128 0.0241954
93 33 64 128 0.0150449
110 33 64 128 0.0212902
111 33 64 128 0.0378782
112 33 64 128 0.0783969
113 33 64 128 0.106283
114 33 64 128 0.126901
115 33 64 128 0.17338
116 33 64 128 0.124906
117 33 64 128 0.0552891
118 33 64 128 0.0188877
126 33 64 128 0.0113016
127 33 64 128 0.0151518
128 33 64 128 0.0152053
129 33 64 128 0.0106608
89 34 64 128 0.0131965
90 34 64 128 0.0232072
91 34 64 128 0.0303919
92 34 64 128 0.0251064
93 34 64 128 0.0147213
110 34 64 128 0.0201427
111 34 64 128 0.0347602
112 34 64 128 0.0819815
113 34 64 128 0.115319
114 34 64 128 0.137998
115 34 64 128 0.193256
116 34 64 128 0.137014
117 34 64 128 0.0615105
118 34 64 128 0.0234043
126 34 64 128 0.0116981
127 34 64 128 0.0153136
128 34 64 128 0.0148504
89 35 64 128 0.014216
90 35 64 128 0.0237494
91 35 64 128 0.0305713
92 35 64 128 0.0252403
93 35 64 128 0.0147142
110 35 64 128 0.0189195
111 35 64 128 0.0335139
112 35 64 128 0.0870902
113 35 64 128 0.129704
114 35 64 128 0.15885
115 35 64 128 0.216841
116 35 64 128 0.15726
117 35 64 128 0.0738859
118 35 64 128 0.0283144
126 35 64 128 0.0139243
127 35 64 128 0.0172306
128 35 64 128 0.0156257
89 36 64 128 0.0148468
90 36 64 128 0.022469
91 36 64 128 0.0288692
92 36 64 128 0.0244741
93 36 64 128 0.0147912
110 36 64 128 0.0182385
111 36 64 128 0.0352303
112 36 64 128 0.0934982
113 36 64 128 0.146546
114 36 64 128 0.185556
115 36 64 128 0.241811
116 36 64 128 0.182573
117 36 64 128 0.0902028
118 36 64 128 0.0331222
125 36 64 128 0.0119725
126 36 64 128 0.0175994
127 36 64 128 0.020568
128 36 64 128 0.0174119
129 36 64 128 0.0106905
89 37 64 128 0.0154979
90 37 64 128 0.0221733
91 37 64 128 0.0281581
92 37 64 128 0.0240874
93 37 64 128 0.0147894
110 37 64 128 0.0183666
111 37 64 128 0.037799
112 37 64 128 0.0978049
113 37 64 128 0.156011
114 37 64 128 0.202279
115 37 64 128 0.258732
116 37 64 128 0.197652
117 37 64 128 0.100221
118 37 64 128 0.0369982
119 37 64 128 0.0102054
125 37 64 128 0.0137049
126 37 64 128 0.0198903
127 37 64 128 0.0223361
128 37 64 128 0.0181438
129 37 64 128 0.0108894
89 38 64 128 0.0162945
90 38 64 128 0.0237278
91 38 64 128 0.0292442
92 38 64 128 0.0243017
93 38 64 128 0.0145086
110 38 64 128 0.0189784
111 38 64 128 0.0397378
112 38 64 128 0.098976
113 38 64 128 0.155858
114 38 64 128 0.204609
115 38 64 128 0.265248
116 38 64 128 0.198955
117 38 64 128 0.101312
118 38 64 128 0.0396248
125 38 64 128 0.0151132
126 38 64 128 0.0203974
127 38 64 128 0.0221638
128 38 64 128 0.0176182
89 39 64 128 0.0169664
90 39 64 128 0.0253356
91 39 64 128 0.0301093
92 39 64 128 0.0238947
93 39 64 128 0.0137001
110 39 64 128 0.0189925
111 39 64 128 0.0405335
112 39 64 128 0.0992145
113 39 64 128 0.154097
114 39 64 128 0.203617
115 39 64 128 0.268584
116 39 64 128 0.198865
117 39 64 128 0.10116
118 39 64 128 0.0413707
119 39 64 128 0.0101887
125 39 64 128 0.0175251
126 39 64 128 0.0220108
127 39 64 128 0.0232184
128 39 64 128 0.0181493
89 40 64 128 0.0178279
90 40 64 128 0.0264004
91 40 64 128 0.0299733
92 40 64 128 0.0225716
93 40 64 128 0.0125152
110 40 64 128 0.0179807
111 40 64 128 0.0398232
112 40 64 128 0.0995741
113 40 64 128 0.154837
114 40 64 128 0.205069
115 40 64 128 0.272777
116 40 64 128 0.203241
117 40 64 128 0.10349
118 40 64 128 0.0426056
119 40 64 128 0.0115689
124 40 64 128 0.0121733
125 40 64 128 0.0213431
126 40 64 128 0.0259796
127 40 64 128 0.0267416
128 40 64 128 0.0205263
129 40 64 128 0.0105305
88 41 64 128 0.010995
89 41 64 128 0.0204031
90 41 64 128 0.0290599
91 41 64 128 0.0308854
92 41 64 128 0.0220679
93 41 64 128 0.0119045
110 41 64 128 0.01691
111 41 64 128 0.0374123
112 41 64 128 0.0983994
113 41 64 128 0.153088
114 41 64 128 0.202146
115 41 64 128 0.274262
116 41 64 128 0.202904
117 41 64 128 0.102813
118 41 64 128 0.0436093
119 41 64 128 0.012283
124 41 64 128 0.0140471
125 41 64 128 0.0249535
126 41 64 128 0.0298636
127 41 64 128 0.0296886
128 41 64 128 0.0221819
129 41 64 128 0.0112118
88 42 64 128 0.0133978
89 42 64 128 0.025293
90 42 64 128 0.0342685
91 42 64 128 0.0340361
92 42 64 128 0.0235487
93 42 64 128 0.0124905
110 42 64 128 0.016422
111 42 64 128 0.0335978
112 42 64 128 0.0943805
113 42 64 128 0.145088
114 42 64 128 0.189878
115 42 64 128 0.268553
116 42 64 128 0.1905
117 42 64 128 0.0948157
118 42 64 128 0.04397
119 42 64 128 0.0111038
124 42 64 128 0.0144308
125 42 64 128 0.0270288
126 42 64 128 0.0317303
127 42 64 128 0.0299314
128 42 64 128 0.0214278
129 42 64 128 0.010512
88 43 64 128 0.01589
89 43 64 128 0.0298405
90 43 64 128 0.0383783
91 43 64 128 0.0369721
92 43 64 128 0.0257059
93 43 64 128 0.013605
110 43 64 128 0.0156626
111 43 64 128 0.0301195
112 43 64 128 0.0882397
113 43 64 128 0.134088
114 43 64 128 0.173461
115 43 64 128 0.251063
116 43 64 128 0.169671
117 43 64 128 0.0821008
118 43 64 128 0.0411933
124 43 64 128 0.0141516
125 43 64 128 0.027842
126 43 64 128 0.0325274
127 43 64 128 0.0296863
128 43 64 128 0.0204715
88 44 64 128 0.0177479
89 44 64 128 0.0316388
90 44 64 128 0.0381996
91 44 64 128 0.0373616
92 44 64 128 0.0270385
93 44 64 128 0.0144226
110 44 64 128 0.0138665
111 44 64 128 0.0286173
112 44 64 128 0.0812765
113 44 64 128 0.124196
114 44 64 128 0.159176
115 44 64 128 0.220184
116 44 64 128 0.146331
117 44 64 128 0.0685558
118 44 64 128 0.0335336
124 44 64 128 0.0141315
125 44 64 128 0.0279412
126 44 64 128 0.0334264
127 44 64 128 0.0311651
128 44 64 128 0.0214555
87 45 64 128 0.0103564
88 45 64 128 0.0195772
89 45 64 128 0.0324946
90 45 64 128 0.0369977
91 45 64 128 0.0368187
92 45 64 128 0.0273915
93 45 64 128 0.0145458
110 45 64 128 0.0120787
111 45 64 128 0.0289184
112 45 64 128 0.0757116
113 45 64 128 0.117176
114 45 64 128 0.149192
115 45 64 128 0.188805
116 45 64 128 0.127242
117 45 64 128 0.0579145
118 45 64 128 0.0247875
124 45 64 128 0.0140919
125 45 64 128 0.027731
126 45 64 128 0.034027
127 45 64 128 0.0325538
128 45 64 128 0.0226198
129 45 64 128 0.0100884
87 46 64 128 0.0121891
88 46 64 128 0.0222012
89 46 64 128 0.0350314
90 46 64 128 0.0391901
91 46 64 128 0.0377357
92 46 64 128 0.0270152
93 46 64 128 0.0137841
110 46 64 128 0.0116333
111 46 64 128 0.0301938
112 46 64 128 0.0735304
113 46 64 128 0.113702
114 46 64 128 0.143956
115 46 64 128 0.1718
116 46 64 128 0.118189
117 46 64 128 0.0531853
118 46 64 128 0.0197585
124 46 64 128 0.0134916
125 46 64 128 0.0274927
126 46 64 128 0.0335399
127 46 64 128 0.0312805
128 46 64 128 0.0214849
87 47 64 128 0.0140533
88 47 64 128 0.0250113
89 47 64 128 0.0383315
90 47 64 128 0.0429922
91 47 64 128 0.0392923
92 47 64 128 0.0261526
93 47 64 128 0.0125548
110 47 64 128 0.0118625
111 47 64 128 0.0307625
112 47 64 128 0.0727244
113 47 64 128 0.111421
114 47 64 128 0.140199
115 47 64 128 0.165473
116 47 64 128 0.115335
117 47 64 128 0.0520882
118 47 64 128 0.0180663
124 47 64 128 0.0125672
125 47 64 128 0.0268825
126 47 64 128 0.0318416
127 47 64 128 0.0283293
128 47 64 128 0.0191453
86 48 64 128 0.0106395
87 48 64 128 0.0155164
88 48 64 128 0.0268265
89 48 64 128 0.040006
90 48 64 128 0.0440782
91 48 64 128 0.0393374
92 48 64 128 0.0250355
93 48 64 128 0.0115187
110 48 64 128 0.0112798
111 48 64 128 0.0287296
112 48 64 128 0.0695874
113 48 64 128 0.106689
114 48 64 128 0.133155
115 48 64 128 0.157961
116 48 64 128 0.110658
117 48 64 128 0.0500479
118 48 64 128 0.0170132
124 48 64 128 0.0118637
125 48 64 128 0.0253078
126 48 64 128 0.0291222
127 48 64 128 0.0261452
128 48 64 128 0.0181395
86 49 64 128 0.0116537
87 49 64 128 0.0166989
88 49 64 128 0.027779
89 49 64 128 0.0401777
90 49 64 128 0.0429862
91 49 64 128 0.0380484
92 49 64 128 0.0237919
93 49 64 128 0.0107906
111 49 64 128 0.024659
112 49 64 128 0.0627358
113 49 64 128 0.0975141
114 49 64 128 0.121409
115 49 64 128 0.144651
116 49 64 128 0.100483
117 49 64 128 0.0449337
118 49 64 128 0.015403
124 49 64 128 0.0111757
125 49 64 128 0.0227554
126 49 64 128 0.0255935
127 49 64 128 0.024429
128 49 64 128 0.0179312
86 50 64 128 0.0125762
87 50 64 128 0.0180873
88 50 64 128 0.0289068
89 50 64 128 0.0407146
90 50 64 128 0.0435768
91 50 64 128 0.0372015
92 50 64 128 0.0224793
93 50 64 128 0.0101053
111 50 64 128 0.0208115
112 50 64 128 0.0525207
113 50 64 128 0.0832146
114 50 64 128 0.105969
115 50 64 128 0.126175
116 50 64 128 0.0843679
117 50 64 128 0.0364393
118 50 64 128 0.0131274
125 50 64 128 0.0196262
126 50 64 128 0.0214938
127 50 64 128 0.0210195
128 50 64 128 0.0158969
86 51 64 128 0.0132725
87 51 64 128 0.0194943
88 51 64 128 0.0305101
89 51 64 128 0.0423761
90 51 64 128 0.0461107
91 51 64 128 0.0370538
92 51 64 128 0.0212315
111 51 64 128 0.0181804
112 51 64 128 0.0413144
113 51 64 128 0.0664933
114 51 64 128 0.0888946
115 51 64 128 0.104975
116 51 64 128 0.0652558
117 51 64 128 0.0263148
118 51 64 128 0.0104191
125 51 64 128 0.0163626
126 51 64 128 0.0173814
127 51 64 128 0.0161015
128 51 64 128 0.0119929
85 52 64 128 0.0102524
86 52 64 128 0.0136113
87 52 64 128 0.0200162
88 52 64 128 0.0320794
89 52 64 128 0.0446922
90 52 64 128 0.0469876
91 52 64 128 0.0362252
92 52 64 128 0.0202592
111 52 64 128 0.0163783
112 52 64 128 0.0335453
113 52 64 128 0.0535506
114 52 64 128 0.0732856
115 52 64 128 0.085259
116 52 64 128 0.0495512
117 52 64 128 0.0184134
125 52 64 128 0.0134383
126 52 64 128 0.0141446
127 52 64 128 0.012365
85 53 64 128 0.0101725
86 53 64 128 0.0134368
87 53 64 128 0.0192137
88 53 64 128 0.0326968
89 53 64 128 0.0462826
90 53 64 128 0.0445911
91 53 64 128 0.0339562
92 53 64 128 0.0194081
111 53 64 128 0.0151294
112 53 64 128 0.0305041
113 53 64 128 0.0466129
114 53 64 128 0.0608463
115 53 64 128 0.0692051
116 53 64 128 0.0398737
117 53 64 128 0.0142943
125 53 64 128 0.0110857
126 53 64 128 0.0120923
127 53 64 128 0.0108997
86 54 64 128 0.0125547
87 54 64 128 0.0174402
88 54 64 128 0.0308614
89 54 64 128 0.0444207
90 54 64 128 0.0407525
91 54 64 128 0.030599
92 54 64 128 0.0179394
111 54 64 128 0.0144404
112 54 64 128 0.0283438
113 54 64 128 0.0413318
114 54 64 128 0.0509839
115 54 64 128 0.0556317
116 54 64 128 0.0325697
117 54 64 128 0.0117129
126 54 64 128 0.0105888
127 54 64 128 0.0100617
86 55 64 128 0.0110329
87 55 64 128 0.0152003
88 55 64 128 0.0262787
89 55 64 128 0.0382448
90 55 64 128 0.0369108
91 55 64 128 0.0267089
92 55 64 128 0.0155452
111 55 64 128 0.014128
112 55 64 128 0.0245446
113 55 64 128 0.0348277
114 55 64 128 0.0429963
115 55 64 128 0.043689
116 55 64 128 0.0250416
87 56 64 128 0.0131931
88 56 64 128 0.0217009
89 56 64 128 0.0316961
90 56 64 128 0.0328142
91 56 64 128 0.0230927
92 56 64 128 0.0130869
111 56 64 128 0.0134884
112 56 64 128 0.0209047
113 56 64 128 0.0291916
114 56 64 128 0.0364102
115 56 64 128 0.0340538
116 56 64 128 0.0185985
87 57 64 128 0.0119053
88 57 64 128 0.0194253
89 57 64 128 0.0281697
90 57 64 128 0.0283034
91 57 64 128 0.0203754
92 57 64 128 0.0113463
111 57 64 128 0.012051
112 57 64 128 0.0190982
113 57 64 128 0.0262712
114 57 64 128 0.0308585
115 57 64 128 0.0272957
116 57 64 128 0.0145628
87 58 64 128 0.0109089
88 58 64 128 0.018314
89 58 64 128 0.0262919
90 58 64 128 0.0245203
91 58 64 128 0.0183515
92 58 64 128 0.0101477
111 58 64 128 0.0105219
112 58 64 128 0.0179036
113 58 64 128 0.0241981
114 58 64 128 0.0262492
115 58 64 128 0.0227218
116 58 64 128 0.0121122
88 59 64 128 0.0167051
89 59 64 128 0.0239093
90 59 64 128 0.022517
91 59 64 128 0.0166201
112 59 64 128 0.0157447
113 59 64 128 0.0207338
114 59 64 128 0.0225229
115 59 64 128 0.0193944
116 59 64 128 0.0100784
88 60 64 128 0.0146822
89 60 64 128 0.020978
90 60 64 128 0.0209499
91 60 64 128 0.0147895
112 60 64 128 0.0130416
113 60 64 128 0.0167153
114 60 64 128 0.0194264
115 60 64 128 0.0167048
88 61 64 128 0.0129081
89 61 64 128 0.0181718
90 61 64 128 0.0178308
91 61 64 128 0.012521
112 61 64 128 0.0108897
113 61 64 128 0.0139609
114 61 64 128 0.0166807
115 61 64 128 0.014213
88 62 64 128 0.0113427
89 62 64 128 0.0154899
90 62 64 128 0.0136365
113 62 64 128 0.0126588
114 62 64 128 0.0144658
115 62 64 128 0.01194
89 63 64 128 0.0125751
90 63 64 128 0.0101755
113 63 64 128 0.0120753
114 63 64 128 0.0131851
115 63 64 128 0.0101561
113 64 64 128 0.011654
114 64 64 128 0.0125495
113 65 64 128 0.0110069
114 65 64 128 0.01169
113 66 64 128 0.01002
114 66 64 128 0.0103544
129 99 64 128 0.0108517
129 100 64 128 0.0127581
130 100 64 128 0.0104808
128 101 64 128 0.0110032
129 101 64 128 0.0140589
130 101 64 128 0.011897
131 101 64 128 0.0112155
128 102 64 128 0.010227
129 102 64 128 0.0128711
130 102 64 128 0.01158
131 102 64 128 0.0103397
129 103 64 128 0.010338
130 103 64 128 0.0100824
