225 0 64 128 0.0185931
226 0 64 128 0.0327143
227 0 64 128 0.0441928
228 0 64 128 0.0473647
229 0 64 128 0.041968
230 0 64 128 0.0326387
231 0 64 128 0.0213243
225 1 64 128 0.0160744
226 1 64 128 0.0289225
227 1 64 128 0.0395099
228 1 64 128 0.0422217
229 1 64 128 0.0370966
230 1 64 128 0.029254
231 1 64 128 0.0204475
232 1 64 128 0.0101214
225 2 64 128 0.0114356
226 2 64 128 0.0219953
227 2 64 128 0.030918
228 2 64 128 0.0329091
229 2 64 128 0.02863
230 2 64 128 0.0232581
231 2 64 128 0.0188696
232 2 64 128 0.0106828
226 3 64 128 0.0176259
227 3 64 128 0.0253894
228 3 64 128 0.0272209
229 3 64 128 0.0243222
230 3 64 128 0.0199123
231 3 64 128 0.0178683
232 3 64 128 0.0109221
226 4 64 128 0.0152689
227 4 64 128 0.0221706
228 4 64 128 0.0241521
229 4 64 128 0.0225745
230 4 64 128 0.0182571
231 4 64 128 0.0168002
232 4 64 128 0.0104822
226 5 64 128 0.0121875
227 5 64 128 0.0178111
228 5 64 128 0.0196408
229 5 64 128 0.0186011
230 5 64 128 0.0152052
231 5 64 128 0.0144258
227 6 64 128 0.0123954
228 6 64 128 0.0138017
229 6 64 128 0.0127122
230 6 64 128 0.0109797
231 6 64 128 0.0111703
216 114 64 128 0.010665
216 115 64 128 0.0118327
217 115 64 128 0.011205
215 116 64 128 0.0109212
216 116 64 128 0.0127343
217 116 64 128 0.0123864
218 116 64 128 0.010935
215 117 64 128 0.0126461
216 117 64 128 0.0148635
217 117 64 128 0.0148062
218 117 64 128 0.0129607
215 118 64 128 0.0146624
216 118 64 128 0.0178475
217 118 64 128 0.0178442
218 118 64 128 0.0150607
214 119 64 128 0.0105975
215 119 64 128 0.016631
216 119 64 128 0.0204506
217 119 64 128 0.0200352
218 119 64 128 0.016015
213 120 64 128 0.0103179
214 120 64 128 0.0124858
215 120 64 128 0.0200434
216 120 64 128 0.023954
217 120 64 128 0.0229077
218 120 64 128 0.0176878
213 121 64 128 0.0131471
214 121 64 128 0.0169649
215 121 64 128 0.0277578
216 121 64 128 0.0315928
217 121 64 128 0.0303092
218 121 64 128 0.0243
219 121 64 128 0.0126603
213 122 64 128 0.016677
214 122 64 128 0.0232367
215 122 64 128 0.0381344
216 122 64 128 0.0427569
217 122 64 128 0.0413804
218 122 64 128 0.0342248
219 122 64 128 0.0185853
212 123 64 128 0.0102253
213 123 64 128 0.0184798
214 123 64 128 0.0272538
215 123 64 128 0.044037
216 123 64 128 0.0521039
217 123 64 128 0.0494769
218 123 64 128 0.0386705
219 123 64 128 0.0220585
213 124 64 128 0.0179479
214 124 64 128 0.0275389
215 124 64 128 0.0433318
216 124 64 128 0.0579213
217 124 64 128 0.0528167
218 124 64 128 0.0353037
219 124 64 128 0.0211383
213 125 64 128 0.0180259
214 125 64 128 0.0277003
215 125 64 128 0.0436901
216 125 64 128 0.0656944
217 125 64 128 0.0591976
218 125 64 128 0.0344591
219 125 64 128 0.0202654
212 126 64 128 0.0121321
213 126 64 128 0.020416
214 126 64 128 0.0300543
215 126 64 128 0.0497106
216 126 64 128 0.0776564
217 126 64 128 0.0721649
218 126 64 128 0.0421331
219 126 64 128 0.0223113
212 127 64 128 0.0138122
213 127 64 128 0.0222315
214 127 64 128 0.0317229
215 127 64 128 0.05433
216 127 64 128 0.0846636
217 127 64 128 0.080335
218 127 64 128 0.0482129
219 127 64 128 0.0237731
212 128 64 128 0.0130389
213 128 64 128 0.0210544
214 128 64 128 0.0303741
215 128 64 128 0.051666
216 128 64 128 0.0801077
217 128 64 128 0.0749134
218 128 64 128 0.0439479
219 128 64 128 0.0216462
212 129 64 128 0.0122926
213 129 64 128 0.0201451
214 129 64 128 0.030171
215 129 64 128 0.0502203
216 129 64 128 0.0775768
217 129 64 128 0.0703202
218 129 64 128 0.0392526
219 129 64 128 0.0201291
212 130 64 128 0.0146101
213 130 64 128 0.0233358
214 130 64 128 0.0357326
215 130 64 128 0.0599154
216 130 64 128 0.0923467
217 130 64 128 0.0832932
218 130 64 128 0.0463607
219 130 64 128 0.0242184
212 131 64 128 0.0181593
213 131 64 128 0.0272498
214 131 64 128 0.042018
215 131 64 128 0.072221
216 131 64 128 0.111587
217 131 64 128 0.100958
218 131 64 128 0.0569475
219 131 64 128 0.0302836
211 132 64 128 0.0116776
212 132 64 128 0.0193726
213 132 64 128 0.0260625
214 132 64 128 0.0407773
215 132 64 128 0.0721473
216 132 64 128 0.11277
217 132 64 128 0.10014
218 132 64 128 0.0553518
219 132 64 128 0.0316222
211 133 64 128 0.0137619
212 133 64 128 0.0192559
213 133 64 128 0.0221849
214 133 64 128 0.0356466
215 133 64 128 0.0634553
216 133 64 128 0.103625
217 133 64 128 0.0885422
218 133 64 128 0.0451228
219 133 64 128 0.0296765
211 134 64 128 0.0177674
212 134 64 128 0.0216495
213 134 64 128 0.023131
214 134 64 128 0.0376003
215 134 64 128 0.0616539
216 134 64 128 0.110561
217 134 64 128 0.0929838
218 134 64 128 0.0418858
219 134 64 128 0.0309748
211 135 64 128 0.0225476
212 135 64 128 0.0260862
213 135 64 128 0.0286806
214 135 64 128 0.0458526
215 135 64 128 0.0674677
216 135 64 128 0.129886
217 135 64 128 0.110833
218 135 64 128 0.0469996
219 135 64 128 0.035242
211 136 64 128 0.0240842
212 136 64 128 0.0278664
213 136 64 128 0.0309893
214 136 64 128 0.0480469
215 136 64 128 0.0670449
216 136 64 128 0.128377
217 136 64 128 0.110503
218 136 64 128 0.0476942
219 136 64 128 0.0354948
211 137 64 128 0.0218841
212 137 64 128 0.0262664
213 137 64 128 0.0279996
214 137 64 128 0.0413788
215 137 64 128 0.0592821
216 137 64 128 0.101464
217 137 64 128 0.086136
218 137 64 128 0.0408538
219 137 64 128 0.0303307
211 138 64 128 0.020832
212 138 64 128 0.0266884
213 138 64 128 0.0266688
214 138 64 128 0.0378609
215 138 64 128 0.0627772
216 138 64 128 0.0886861
217 138 64 128 0.0716494
218 138 64 128 0.038489
219 138 64 128 0.0269996
211 139 64 128 0.0230324
212 139 64 128 0.030984
213 139 64 128 0.0301085
214 139 64 128 0.0432509
215 139 64 128 0.0836104
216 139 64 128 0.108655
217 139 64 128 0.0840541
218 139 64 128 0.0457603
219 139 64 128 0.0290082
211 140 64 128 0.0233824
212 140 64 128 0.0319339
213 140 64 128 0.0311762
214 140 64 128 0.0465988
215 140 64 128 0.0962241
216 140 64 128 0.125077
217 140 64 128 0.095253
218 140 64 128 0.0497309
219 140 64 128 0.0299039
211 141 64 128 0.0182081
212 141 64 128 0.0245419
213 141 64 128 0.0246726
214 141 64 128 0.0395266
215 141 64 128 0.0820481
216 141 64 128 0.109692
217 141 64 128 0.0829379
218 141 64 128 0.0407399
219 141 64 128 0.0248016
211 142 64 128 0.0122593
212 142 64 128 0.0158979
213 142 64 128 0.0170705
214 142 64 128 0.0305939
215 142 64 128 0.0619854
216 142 64 128 0.0884565
217 142 64 128 0.0664944
218 142 64 128 0.0291849
219 142 64 128 0.0190349
211 143 64 128 0.0107492
212 143 64 128 0.0137344
213 143 64 128 0.0154924
214 143 64 128 0.029379
215 143 64 128 0.0593534
216 143 64 128 0.0907043
217 143 64 128 0.0680617
218 143 64 128 0.0268451
219 143 64 128 0.0184931
211 144 64 128 0.011261
212 144 64 128 0.0147126
213 144 64 128 0.0165329
214 144 64 128 0.030603
215 144 64 128 0.0630641
216 144 64 128 0.0988638
217 144 64 128 0.0745715
218 144 64 128 0.028871
219 144 64 128 0.0197751
212 145 64 128 0.0124719
213 145 64 128 0.0139767
214 145 64 128 0.0251932
215 145 64 128 0.0530164
216 145 64 128 0.0836051
217 145 64 128 0.0641111
218 145 64 128 0.0259394
219 145 64 128 0.0171007
214 146 64 128 0.0160653
215 146 64 128 0.0347984
216 146 64 128 0.0554103
217 146 64 128 0.0444831
218 146 64 128 0.0200778
219 146 64 128 0.0121199
214 147 64 128 0.0119485
215 147 64 128 0.0265066
216 147 64 128 0.0440092
217 147 64 128 0.0378111
218 147 64 128 0.0188056
219 147 64 128 0.0100853
214 148 64 128 0.0128438
215 148 64 128 0.0282997
216 148 64 128 0.049189
217 148 64 128 0.0431413
218 148 64 128 0.0211584
219 148 64 128 0.010818
214 149 64 128 0.0118913
215 149 64 128 0.0262269
216 149 64 128 0.0472039
217 149 64 128 0.0414159
218 149 64 128 0.0195429
215 150 64 128 0.0166687
216 150 64 128 0.0318528
217 150 64 128 0.0280531
218 150 64 128 0.0125865
216 151 64 128 0.0185753
217 151 64 128 0.0162815
216 152 64 128 0.0153704
217 152 64 128 0.0130485
216 153 64 128 0.0146191
217 153 64 128 0.0121647
216 154 64 128 0.0103202
279 228 64 128 0.0102124
280 228 64 128 0.0116669
279 229 64 128 0.0107297
280 229 64 128 0.0122225
279 230 64 128 0.0106693
280 230 64 128 0.0123178
278 231 64 128 0.0107501
279 231 64 128 0.0135996
280 231 64 128 0.0158589
281 231 64 128 0.0109722
277 232 64 128 0.0115175
278 232 64 128 0.0154255
279 232 64 128 0.0182116
280 232 64 128 0.0213238
281 232 64 128 0.0152089
304 232 64 128 0.0111727
277 233 64 128 0.0121338
278 233 64 128 0.0166185
279 233 64 128 0.0197364
280 233 64 128 0.0233388
281 233 64 128 0.0170992
303 233 64 128 0.0101231
304 233 64 128 0.0123912
305 233 64 128 0.0101013
277 234 64 128 0.0106069
278 234 64 128 0.014449
279 234 64 128 0.0184735
280 234 64 128 0.0220986
281 234 64 128 0.0166317
302 234 64 128 0.0103015
303 234 64 128 0.012008
304 234 64 128 0.0132242
305 234 64 128 0.0110004
277 235 64 128 0.0106105
278 235 64 128 0.0152468
279 235 64 128 0.0203894
280 235 64 128 0.0240309
281 235 64 128 0.018377
282 235 64 128 0.0104009
297 235 64 128 0.0110266
302 235 64 128 0.0108946
303 235 64 128 0.0125856
304 235 64 128 0.0132501
305 235 64 128 0.0117872
306 235 64 128 0.0107978
277 236 64 128 0.0133718
278 236 64 128 0.0208836
279 236 64 128 0.0271252
280 236 64 128 0.0311665
281 236 64 128 0.0239149
282 236 64 128 0.0135918
296 236 64 128 0.0102444
297 236 64 128 0.0116008
302 236 64 128 0.0106248
303 236 64 128 0.0117787
304 236 64 128 0.0129496
305 236 64 128 0.0127961
306 236 64 128 0.0125106
307 236 64 128 0.0114187
308 236 64 128 0.0102169
277 237 64 128 0.0157158
278 237 64 128 0.0252636
279 237 64 128 0.0326219
280 237 64 128 0.0376663
281 237 64 128 0.0294421
282 237 64 128 0.0171345
296 237 64 128 0.0109819
297 237 64 128 0.0121587
302 237 64 128 0.0113039
303 237 64 128 0.0125471
304 237 64 128 0.0143251
305 237 64 128 0.0147853
306 237 64 128 0.015166
307 237 64 128 0.0143214
308 237 64 128 0.0131667
309 237 64 128 0.0125501
277 238 64 128 0.0156117
278 238 64 128 0.0246491
279 238 64 128 0.0330474
280 238 64 128 0.0395306
281 238 64 128 0.0320886
282 238 64 128 0.0197017
283 238 64 128 0.0106812
296 238 64 128 0.0118458
297 238 64 128 0.0130244
302 238 64 128 0.0136435
303 238 64 128 0.0160836
304 238 64 128 0.0178962
305 238 64 128 0.0176886
306 238 64 128 0.0185174
307 238 64 128 0.017422
308 238 64 128 0.0156042
309 238 64 128 0.015333
310 238 64 128 0.0101164
277 239 64 128 0.0150058
278 239 64 128 0.0232353
279 239 64 128 0.0321038
280 239 64 128 0.0393473
281 239 64 128 0.0326629
282 239 64 128 0.0206711
283 239 64 128 0.0113473
296 239 64 128 0.0122789
297 239 64 128 0.0135029
298 239 64 128 0.0105381
302 239 64 128 0.0151018
303 239 64 128 0.0183438
304 239 64 128 0.0200369
305 239 64 128 0.0192374
306 239 64 128 0.0202271
307 239 64 128 0.0189023
308 239 64 128 0.0166169
309 239 64 128 0.0165667
310 239 64 128 0.0107508
