0 0 64 128 0.0311102
1 0 64 128 0.0308905
2 0 64 128 0.0370869
3 0 64 128 0.0430667
4 0 64 128 0.0460908
5 0 64 128 0.0514233
6 0 64 128 0.0559154
7 0 64 128 0.0615093
8 0 64 128 0.0649556
9 0 64 128 0.0668329
10 0 64 128 0.067299
11 0 64 128 0.0573949
12 0 64 128 0.0515704
13 0 64 128 0.0486795
14 0 64 128 0.0437504
15 0 64 128 0.0390304
16 0 64 128 0.0346367
17 0 64 128 0.0302719
18 0 64 128 0.0255402
19 0 64 128 0.0205733
20 0 64 128 0.016269
21 0 64 128 0.0132778
22 0 64 128 0.0100541
33 0 64 128 0.0109336
34 0 64 128 0.0133353
35 0 64 128 0.014953
36 0 64 128 0.0172051
37 0 64 128 0.0224801
38 0 64 128 0.0260385
39 0 64 128 0.0263899
40 0 64 128 0.0268726
41 0 64 128 0.0257449
42 0 64 128 0.0263017
43 0 64 128 0.0241101
44 0 64 128 0.019529
45 0 64 128 0.0183824
46 0 64 128 0.0163054
47 0 64 128 0.0149307
48 0 64 128 0.0140468
49 0 64 128 0.0125034
50 0 64 128 0.0111502
51 0 64 128 0.0110025
0 1 64 128 0.0302274
1 1 64 128 0.0303583
2 1 64 128 0.0362395
3 1 64 128 0.042826
4 1 64 128 0.0471447
5 1 64 128 0.0525104
6 1 64 128 0.0571601
7 1 64 128 0.0619893
8 1 64 128 0.0652433
9 1 64 128 0.0675998
10 1 64 128 0.0673966
11 1 64 128 0.0565594
12 1 64 128 0.0510274
13 1 64 128 0.0480906
14 1 64 128 0.0424039
15 1 64 128 0.0376565
16 1 64 128 0.0332895
17 1 64 128 0.0287519
18 1 64 128 0.0237339
19 1 64 128 0.0189717
20 1 64 128 0.0154106
21 1 64 128 0.0123664
33 1 64 128 0.0107854
34 1 64 128 0.0130789
35 1 64 128 0.0149392
36 1 64 128 0.0170046
37 1 64 128 0.0223796
38 1 64 128 0.0267442
39 1 64 128 0.0285578
40 1 64 128 0.0302318
41 1 64 128 0.0284096
42 1 64 128 0.0288426
43 1 64 128 0.026226
44 1 64 128 0.0208993
45 1 64 128 0.0202198
46 1 64 128 0.0176214
47 1 64 128 0.0159267
48 1 64 128 0.0148025
49 1 64 128 0.0131851
50 1 64 128 0.0123945
51 1 64 128 0.0117661
52 1 64 128 0.0102423
201 1 64 128 0.0103447
202 1 64 128 0.0108812
203 1 64 128 0.0102825
0 2 64 128 0.0273958
1 2 64 128 0.0280769
2 2 64 128 0.0330362
3 2 64 128 0.039948
4 2 64 128 0.0457906
5 2 64 128 0.0508357
6 2 64 128 0.0555551
7 2 64 128 0.058929
8 2 64 128 0.0620533
9 2 64 128 0.0655428
10 2 64 128 0.0645054
11 2 64 128 0.0531808
12 2 64 128 0.0481437
13 2 64 128 0.0449216
14 2 64 128 0.0383525
15 2 64 128 0.0337736
16 2 64 128 0.0295464
17 2 64 128 0.0249682
18 2 64 128 0.0198705
19 2 64 128 0.015715
20 2 64 128 0.013403
21 2 64 128 0.0103526
33 2 64 128 0.0100576
34 2 64 128 0.0121187
35 2 64 128 0.0143522
36 2 64 128 0.0160928
37 2 64 128 0.021316
38 2 64 128 0.026543
39 2 64 128 0.0302938
40 2 64 128 0.0336022
41 2 64 128 0.0309746
42 2 64 128 0.0314031
43 2 64 128 0.028324
44 2 64 128 0.0221356
45 2 64 128 0.0222769
46 2 64 128 0.0188781
47 2 64 128 0.0166511
48 2 64 128 0.0153081
49 2 64 128 0.0137446
50 2 64 128 0.0137068
51 2 64 128 0.01244
52 2 64 128 0.0110433
199 2 64 128 0.0103417
200 2 64 128 0.0110814
201 2 64 128 0.012985
202 2 64 128 0.0146212
203 2 64 128 0.0143998
204 2 64 128 0.0129546
205 2 64 128 0.0117002
0 3 64 128 0.0226888
1 3 64 128 0.0234892
2 3 64 128 0.0270146
3 3 64 128 0.0321979
4 3 64 128 0.0369265
5 3 64 128 0.0408298
6 3 64 128 0.0450259
7 3 64 128 0.0473914
8 3 64 128 0.0509661
9 3 64 128 0.0557212
10 3 64 128 0.0551395
11 3 64 128 0.0465635
12 3 64 128 0.0417791
13 3 64 128 0.0379124
14 3 64 128 0.0320172
15 3 64 128 0.0280224
16 3 64 128 0.0240904
17 3 64 128 0.0201596
18 3 64 128 0.0160948
19 3 64 128 0.0128838
20 3 64 128 0.0110791
34 3 64 128 0.0103444
35 3 64 128 0.0126373
36 3 64 128 0.0142101
37 3 64 128 0.0185411
38 3 64 128 0.022822
39 3 64 128 0.0259796
40 3 64 128 0.0289965
41 3 64 128 0.0269894
42 3 64 128 0.0279129
43 3 64 128 0.0253033
44 3 64 128 0.0198165
45 3 64 128 0.0203711
46 3 64 128 0.0168648
47 3 64 128 0.0144371
48 3 64 128 0.0134847
49 3 64 128 0.0124081
50 3 64 128 0.0121603
51 3 64 128 0.0111008
52 3 64 128 0.010113
199 3 64 128 0.0111348
200 3 64 128 0.0124542
201 3 64 128 0.0142859
202 3 64 128 0.0151033
203 3 64 128 0.0143957
204 3 64 128 0.0131315
205 3 64 128 0.0117084
206 3 64 128 0.0102318
0 4 64 128 0.0183962
1 4 64 128 0.0190371
2 4 64 128 0.021088
3 4 64 128 0.0237074
4 4 64 128 0.026103
5 4 64 128 0.0286115
6 4 64 128 0.0318217
7 4 64 128 0.0339978
8 4 64 128 0.0381425
9 4 64 128 0.0433646
10 4 64 128 0.0440348
11 4 64 128 0.0399178
12 4 64 128 0.0355256
13 4 64 128 0.0311764
14 4 64 128 0.0266163
15 4 64 128 0.0228394
16 4 64 128 0.0191058
17 4 64 128 0.0160395
18 4 64 128 0.0133483
19 4 64 128 0.0110189
35 4 64 128 0.0109233
36 4 64 128 0.0124096
37 4 64 128 0.0158273
38 4 64 128 0.0184805
39 4 64 128 0.0197664
40 4 64 128 0.0216378
41 4 64 128 0.020794
42 4 64 128 0.0220068
43 4 64 128 0.0201804
44 4 64 128 0.0161943
45 4 64 128 0.0166906
46 4 64 128 0.0136341
47 4 64 128 0.0112642
48 4 64 128 0.0108424
49 4 64 128 0.0102994
199 4 64 128 0.0119389
200 4 64 128 0.013572
201 4 64 128 0.0153097
202 4 64 128 0.0149275
203 4 64 128 0.01372
204 4 64 128 0.0132546
205 4 64 128 0.0113357
206 4 64 128 0.0103381
0 5 64 128 0.0172828
1 5 64 128 0.0179001
2 5 64 128 0.0190071
3 5 64 128 0.0204098
4 5 64 128 0.0220615
5 5 64 128 0.0238099
6 5 64 128 0.0259589
7 5 64 128 0.028768
8 5 64 128 0.0328244
9 5 64 128 0.036783
10 5 64 128 0.0383187
11 5 64 128 0.037384
12 5 64 128 0.0341323
13 5 64 128 0.0301515
14 5 64 128 0.0258873
15 5 64 128 0.0209838
16 5 64 128 0.0170504
17 5 64 128 0.0142744
18 5 64 128 0.0120039
19 5 64 128 0.0100195
35 5 64 128 0.0107704
36 5 64 128 0.0120545
37 5 64 128 0.0155884
38 5 64 128 0.0179964
39 5 64 128 0.0187803
40 5 64 128 0.020828
41 5 64 128 0.0200429
42 5 64 128 0.0203681
43 5 64 128 0.0185406
44 5 64 128 0.0152922
45 5 64 128 0.0154618
46 5 64 128 0.012881
47 5 64 128 0.0105481
48 5 64 128 0.01001
198 5 64 128 0.0112955
199 5 64 128 0.0145149
200 5 64 128 0.0159092
201 5 64 128 0.0181945
202 5 64 128 0.0188564
203 5 64 128 0.018458
204 5 64 128 0.0179145
205 5 64 128 0.0146501
206 5 64 128 0.0131749
207 5 64 128 0.0134899
208 5 64 128 0.012756
209 5 64 128 0.0110195
210 5 64 128 0.0109674
0 6 64 128 0.0179477
1 6 64 128 0.0186184
2 6 64 128 0.0193836
3 6 64 128 0.0208831
4 6 64 128 0.0231036
5 6 64 128 0.0246931
6 6 64 128 0.0261742
7 6 64 128 0.0297173
8 6 64 128 0.0329447
9 6 64 128 0.0346738
10 6 64 128 0.0363109
11 6 64 128 0.0367441
12 6 64 128 0.0349686
13 6 64 128 0.0320002
14 6 64 128 0.0274593
15 6 64 128 0.02118
16 6 64 128 0.0170518
17 6 64 128 0.0140724
18 6 64 128 0.0114179
35 6 64 128 0.0113216
36 6 64 128 0.0123474
37 6 64 128 0.0165696
38 6 64 128 0.019681
39 6 64 128 0.0210787
40 6 64 128 0.0241968
41 6 64 128 0.0226843
42 6 64 128 0.021655
43 6 64 128 0.0194626
44 6 64 128 0.0163172
45 6 64 128 0.0160379
46 6 64 128 0.0138385
47 6 64 128 0.0116248
48 6 64 128 0.0105536
198 6 64 128 0.0134795
199 6 64 128 0.0175754
200 6 64 128 0.0185327
201 6 64 128 0.0219372
202 6 64 128 0.0250579
203 6 64 128 0.0260005
204 6 64 128 0.0245582
205 6 64 128 0.0197597
206 6 64 128 0.0174788
207 6 64 128 0.018926
208 6 64 128 0.0185622
209 6 64 128 0.0152232
210 6 64 128 0.0150967
211 6 64 128 0.0124546
212 6 64 128 0.0102783
0 7 64 128 0.0166855
1 7 64 128 0.017162
2 7 64 128 0.0179572
3 7 64 128 0.0195481
4 7 64 128 0.0216091
5 7 64 128 0.023071
6 7 64 128 0.0247524
7 7 64 128 0.0280407
8 7 64 128 0.0300406
9 7 64 128 0.0302855
10 7 64 128 0.0313745
11 7 64 128 0.0322682
12 7 64 128 0.0313233
13 7 64 128 0.0292937
14 7 64 128 0.0255823
15 7 64 128 0.0198906
16 7 64 128 0.0163537
17 7 64 128 0.0132653
18 7 64 128 0.0103995
35 7 64 128 0.0104094
36 7 64 128 0.011324
37 7 64 128 0.0155076
38 7 64 128 0.0184237
39 7 64 128 0.0196426
40 7 64 128 0.0228311
41 7 64 128 0.0212319
42 7 64 128 0.0200116
43 7 64 128 0.0183483
44 7 64 128 0.0157569
45 7 64 128 0.0150177
46 7 64 128 0.0132269
47 7 64 128 0.0115218
48 7 64 128 0.0103033
198 7 64 128 0.0136446
199 7 64 128 0.018157
200 7 64 128 0.0191853
201 7 64 128 0.0237764
202 7 64 128 0.0279938
203 7 64 128 0.0288806
204 7 64 128 0.0266821
205 7 64 128 0.0214787
206 7 64 128 0.0196747
207 7 64 128 0.020955
208 7 64 128 0.0201497
209 7 64 128 0.016975
210 7 64 128 0.0165693
211 7 64 128 0.0137632
212 7 64 128 0.0116103
213 7 64 128 0.0113685
214 7 64 128 0.0106001
0 8 64 128 0.0135285
1 8 64 128 0.0135799
2 8 64 128 0.0145157
3 8 64 128 0.0157379
4 8 64 128 0.0165542
5 8 64 128 0.0176635
6 8 64 128 0.0200921
7 8 64 128 0.0222817
8 8 64 128 0.0231293
9 8 64 128 0.0230148
10 8 64 128 0.0231873
11 8 64 128 0.0240364
12 8 64 128 0.0231304
13 8 64 128 0.0217572
14 8 64 128 0.0199617
15 8 64 128 0.0166108
16 8 64 128 0.0143856
17 8 64 128 0.0115691
37 8 64 128 0.0128266
38 8 64 128 0.0144614
39 8 64 128 0.0144849
40 8 64 128 0.0166749
41 8 64 128 0.0157142
42 8 64 128 0.0153992
43 8 64 128 0.0149916
44 8 64 128 0.0133743
45 8 64 128 0.0122888
46 8 64 128 0.0109471
198 8 64 128 0.011863
199 8 64 128 0.0162397
200 8 64 128 0.0179323
201 8 64 128 0.0233763
202 8 64 128 0.0269588
203 8 64 128 0.0265419
204 8 64 128 0.0242225
205 8 64 128 0.0200439
206 8 64 128 0.0197036
207 8 64 128 0.0198503
208 8 64 128 0.0181626
209 8 64 128 0.0165695
210 8 64 128 0.0158612
211 8 64 128 0.013767
212 8 64 128 0.0121024
213 8 64 128 0.011997
214 8 64 128 0.0117817
0 9 64 128 0.0118404
1 9 64 128 0.0115582
2 9 64 128 0.0124632
3 9 64 128 0.0131927
4 9 64 128 0.0128441
5 9 64 128 0.0134104
6 9 64 128 0.0161103
7 9 64 128 0.0175965
8 9 64 128 0.0179408
9 9 64 128 0.0177699
10 9 64 128 0.0170798
11 9 64 128 0.0173184
12 9 64 128 0.0162675
13 9 64 128 0.0155175
14 9 64 128 0.015184
15 9 64 128 0.0135586
16 9 64 128 0.0125435
17 9 64 128 0.0103856
37 9 64 128 0.0122164
38 9 64 128 0.0127891
39 9 64 128 0.0118936
40 9 64 128 0.0135823
41 9 64 128 0.0128685
42 9 64 128 0.0129777
43 9 64 128 0.0131178
44 9 64 128 0.0118672
45 9 64 128 0.0106839
198 9 64 128 0.0104607
199 9 64 128 0.0144329
200 9 64 128 0.0169099
201 9 64 128 0.0225758
202 9 64 128 0.0255849
203 9 64 128 0.0246175
204 9 64 128 0.022862
205 9 64 128 0.0205105
206 9 64 128 0.0206346
207 9 64 128 0.0206564
208 9 64 128 0.0193077
209 9 64 128 0.0182318
210 9 64 128 0.0177507
211 9 64 128 0.0157813
212 9 64 128 0.0142785
213 9 64 128 0.0144118
214 9 64 128 0.0142284
215 9 64 128 0.0117667
0 10 64 128 0.0125329
1 10 64 128 0.0121202
2 10 64 128 0.0127058
3 10 64 128 0.0129995
4 10 64 128 0.0121412
5 10 64 128 0.0121158
6 10 64 128 0.0142282
7 10 64 128 0.0157623
8 10 64 128 0.0162691
9 10 64 128 0.0159118
10 10 64 128 0.0147188
11 10 64 128 0.0140683
12 10 64 128 0.0130699
13 10 64 128 0.0129592
14 10 64 128 0.012999
15 10 64 128 0.0116068
16 10 64 128 0.0112924
17 10 64 128 0.0100126
35 10 64 128 0.0108325
36 10 64 128 0.0117828
37 10 64 128 0.0142118
38 10 64 128 0.0144813
39 10 64 128 0.0134775
40 10 64 128 0.0156318
41 10 64 128 0.014528
42 10 64 128 0.0141655
43 10 64 128 0.0137785
44 10 64 128 0.0120703
45 10 64 128 0.0110857
46 10 64 128 0.0104211
198 10 64 128 0.0101998
199 10 64 128 0.0137303
200 10 64 128 0.0168201
201 10 64 128 0.022008
202 10 64 128 0.0252145
203 10 64 128 0.0251263
204 10 64 128 0.0243289
205 10 64 128 0.0237954
206 10 64 128 0.0229218
207 10 64 128 0.0241623
208 10 64 128 0.0244792
209 10 64 128 0.0222578
210 10 64 128 0.02245
211 10 64 128 0.0197506
212 10 64 128 0.0179501
213 10 64 128 0.0184984
214 10 64 128 0.0178368
215 10 64 128 0.0146234
216 10 64 128 0.0109502
0 11 64 128 0.0130724
1 11 64 128 0.0125463
2 11 64 128 0.0126289
3 11 64 128 0.0124801
4 11 64 128 0.0114773
5 11 64 128 0.0110809
6 11 64 128 0.0122577
7 11 64 128 0.0137109
8 11 64 128 0.0143122
9 11 64 128 0.0137846
10 11 64 128 0.0125895
11 11 64 128 0.0115461
12 11 64 128 0.0108381
13 11 64 128 0.0111409
14 11 64 128 0.011119
35 11 64 128 0.0118749
36 11 64 128 0.0127506
37 11 64 128 0.0149665
38 11 64 128 0.0151331
39 11 64 128 0.0142759
40 11 64 128 0.0167854
41 11 64 128 0.0156333
42 11 64 128 0.0151188
43 11 64 128 0.0142544
44 11 64 128 0.0121802
45 11 64 128 0.0116208
46 11 64 128 0.0110299
199 11 64 128 0.0128343
200 11 64 128 0.0163432
201 11 64 128 0.0205883
202 11 64 128 0.0239142
203 11 64 128 0.0249465
204 11 64 128 0.0247768
205 11 64 128 0.0250437
206 11 64 128 0.0233698
207 11 64 128 0.0252323
208 11 64 128 0.0265012
209 11 64 128 0.0234998
210 11 64 128 0.0238577
211 11 64 128 0.0209712
212 11 64 128 0.0191993
213 11 64 128 0.0203002
214 11 64 128 0.0198545
215 11 64 128 0.0160965
216 11 64 128 0.012053
0 12 64 128 0.0121147
1 12 64 128 0.0113639
2 12 64 128 0.0108365
3 12 64 128 0.0102197
8 12 64 128 0.0101516
35 12 64 128 0.0101826
36 12 64 128 0.0109558
37 12 64 128 0.0126697
38 12 64 128 0.0126028
39 12 64 128 0.0117528
40 12 64 128 0.0139036
41 12 64 128 0.0134622
42 12 64 128 0.0137359
43 12 64 128 0.0131067
44 12 64 128 0.0112245
45 12 64 128 0.0111423
46 12 64 128 0.0104474
199 12 64 128 0.0111794
200 12 64 128 0.0148342
201 12 64 128 0.0180485
202 12 64 128 0.0209625
203 12 64 128 0.022489
204 12 64 128 0.0222971
205 12 64 128 0.022107
206 12 64 128 0.0207419
207 12 64 128 0.0216906
208 12 64 128 0.0222514
209 12 64 128 0.0199474
210 12 64 128 0.0196167
211 12 64 128 0.0176253
212 12 64 128 0.0165163
213 12 64 128 0.0182067
214 12 64 128 0.0191003
215 12 64 128 0.0153441
216 12 64 128 0.0121899
0 13 64 128 0.0112209
1 13 64 128 0.0101631
37 13 64 128 0.0102645
38 13 64 128 0.0101208
40 13 64 128 0.0108859
41 13 64 128 0.0110172
42 13 64 128 0.0121999
43 13 64 128 0.0120328
44 13 64 128 0.0102922
45 13 64 128 0.010369
199 13 64 128 0.0100119
200 13 64 128 0.0133056
201 13 64 128 0.0160216
202 13 64 128 0.0185632
203 13 64 128 0.0200075
204 13 64 128 0.0197074
205 13 64 128 0.0191505
206 13 64 128 0.0182952
207 13 64 128 0.0182123
208 13 64 128 0.0179829
209 13 64 128 0.0167322
210 13 64 128 0.0158665
211 13 64 128 0.0144123
212 13 64 128 0.0138086
213 13 64 128 0.0159149
214 13 64 128 0.0179577
215 13 64 128 0.0149037
216 13 64 128 0.0123896
0 14 64 128 0.0115886
1 14 64 128 0.0101862
37 14 64 128 0.0100131
38 14 64 128 0.0101314
40 14 64 128 0.0107706
41 14 64 128 0.0106979
42 14 64 128 0.01221
43 14 64 128 0.012277
44 14 64 128 0.0102126
156 14 64 128 0.0103736
157 14 64 128 0.0107437
199 14 64 128 0.0101019
200 14 64 128 0.0124694
201 14 64 128 0.0155096
202 14 64 128 0.0181469
203 14 64 128 0.0191404
204 14 64 128 0.0190462
205 14 64 128 0.0191506
206 14 64 128 0.0182787
207 14 64 128 0.0181804
208 14 64 128 0.0182858
209 14 64 128 0.01746
210 14 64 128 0.0169124
211 14 64 128 0.0147015
212 14 64 128 0.0138992
213 14 64 128 0.016076
214 14 64 128 0.0180921
215 14 64 128 0.0163864
216 14 64 128 0.0133074
217 14 64 128 0.010225
0 15 64 128 0.0121704
1 15 64 128 0.0104191
37 15 64 128 0.0102322
38 15 64 128 0.0105655
40 15 64 128 0.0112145
41 15 64 128 0.0108327
42 15 64 128 0.0123144
43 15 64 128 0.0124689
44 15 64 128 0.0102159
49 15 64 128 0.010068
50 15 64 128 0.0105583
155 15 64 128 0.0100844
156 15 64 128 0.0115058
157 15 64 128 0.0122094
158 15 64 128 0.0112224
199 15 64 128 0.0100347
200 15 64 128 0.0114632
201 15 64 128 0.0148097
202 15 64 128 0.0176039
203 15 64 128 0.0181321
204 15 64 128 0.018107
205 15 64 128 0.0189475
206 15 64 128 0.0180652
207 15 64 128 0.0183151
208 15 64 128 0.0189608
209 15 64 128 0.0182274
210 15 64 128 0.0180668
211 15 64 128 0.0152059
212 15 64 128 0.0141458
213 15 64 128 0.0160372
214 15 64 128 0.0175585
215 15 64 128 0.0172085
216 15 64 128 0.0139089
217 15 64 128 0.0103226
0 16 64 128 0.0118274
42 16 64 128 0.0109972
43 16 64 128 0.0112538
156 16 64 128 0.0107115
157 16 64 128 0.0114907
158 16 64 128 0.0108106
201 16 64 128 0.0122684
202 16 64 128 0.0148451
203 16 64 128 0.0152128
204 16 64 128 0.0147086
205 16 64 128 0.0153631
206 16 64 128 0.0150386
207 16 64 128 0.0152213
208 16 64 128 0.01559
209 16 64 128 0.0150364
210 16 64 128 0.0145566
211 16 64 128 0.0125267
212 16 64 128 0.0118093
213 16 64 128 0.0131473
214 16 64 128 0.0145597
215 16 64 128 0.0149817
216 16 64 128 0.0132173
217 16 64 128 0.0100533
0 17 64 128 0.0111527
202 17 64 128 0.0113305
203 17 64 128 0.0118461
204 17 64 128 0.0109252
205 17 64 128 0.0110995
206 17 64 128 0.0113855
207 17 64 128 0.0114165
208 17 64 128 0.0112243
209 17 64 128 0.0107233
214 17 64 128 0.0115488
215 17 64 128 0.0123706
216 17 64 128 0.0121897
0 18 64 128 0.0110993
35 18 64 128 0.010038
43 18 64 128 0.0101656
203 18 64 128 0.0101479
205 18 64 128 0.0100225
206 18 64 128 0.0102478
207 18 64 128 0.0106104
208 18 64 128 0.0104593
214 18 64 128 0.0116966
215 18 64 128 0.012934
216 18 64 128 0.0121329
0 19 64 128 0.0112024
1 19 64 128 0.0103729
35 19 64 128 0.0111818
37 19 64 128 0.0104086
42 19 64 128 0.0104295
43 19 64 128 0.0111681
45 19 64 128 0.010311
47 19 64 128 0.0105445
48 19 64 128 0.010959
49 19 64 128 0.0105753
50 19 64 128 0.0108568
51 19 64 128 0.0105426
205 19 64 128 0.0107125
206 19 64 128 0.0104888
207 19 64 128 0.0113738
208 19 64 128 0.0117138
209 19 64 128 0.0104277
210 19 64 128 0.011311
211 19 64 128 0.0102482
213 19 64 128 0.0114384
214 19 64 128 0.0133656
215 19 64 128 0.0148405
216 19 64 128 0.0123559
0 20 64 128 0.0104071
35 20 64 128 0.0105799
37 20 64 128 0.0101125
42 20 64 128 0.0102406
43 20 64 128 0.0109158
45 20 64 128 0.0104442
46 20 64 128 0.0104527
47 20 64 128 0.011096
48 20 64 128 0.0115957
49 20 64 128 0.0115125
50 20 64 128 0.0118868
51 20 64 128 0.0115352
207 20 64 128 0.0100771
208 20 64 128 0.0107436
210 20 64 128 0.0106823
213 20 64 128 0.0109867
214 20 64 128 0.0128646
215 20 64 128 0.0139717
216 20 64 128 0.0113214
46 21 64 128 0.0103951
47 21 64 128 0.0112634
48 21 64 128 0.0119329
49 21 64 128 0.0120443
50 21 64 128 0.0122554
51 21 64 128 0.0116403
214 21 64 128 0.0100389
215 21 64 128 0.0103855
47 22 64 128 0.0116903
48 22 64 128 0.0128516
49 22 64 128 0.0129823
50 22 64 128 0.0135417
51 22 64 128 0.0130371
52 22 64 128 0.0113959
47 23 64 128 0.012094
48 23 64 128 0.0139341
49 23 64 128 0.0140187
50 23 64 128 0.0153924
51 23 64 128 0.0153905
52 23 64 128 0.0137749
53 23 64 128 0.0115161
47 24 64 128 0.0111876
48 24 64 128 0.0133561
49 24 64 128 0.0136263
50 24 64 128 0.0153463
51 24 64 128 0.0156217
52 24 64 128 0.014085
53 24 64 128 0.0117018
54 24 64 128 0.0100019
56 24 64 128 0.0103343
48 25 64 128 0.0107785
49 25 64 128 0.0114735
50 25 64 128 0.0127811
51 25 64 128 0.012828
52 25 64 128 0.0114785
50 26 64 128 0.0102364
18 46 64 128 0.011541
19 46 64 128 0.0117481
20 46 64 128 0.0101357
17 47 64 128 0.0108251
18 47 64 128 0.0137349
19 47 64 128 0.0141523
20 47 64 128 0.0117679
21 47 64 128 0.0109693
22 47 64 128 0.0107108
17 48 64 128 0.0127609
18 48 64 128 0.016685
19 48 64 128 0.0176711
20 48 64 128 0.0148482
21 48 64 128 0.0144694
22 48 64 128 0.0142285
23 48 64 128 0.0136469
24 48 64 128 0.0121155
14 49 64 128 0.0118663
15 49 64 128 0.012374
16 49 64 128 0.0124414
17 49 64 128 0.0150629
18 49 64 128 0.0196679
19 49 64 128 0.021281
20 49 64 128 0.0184858
21 49 64 128 0.0190378
22 49 64 128 0.0190511
23 49 64 128 0.0185658
24 49 64 128 0.0169549
25 49 64 128 0.0121829
13 50 64 128 0.0108267
14 50 64 128 0.0148894
15 50 64 128 0.015089
16 50 64 128 0.0158374
17 50 64 128 0.0175914
18 50 64 128 0.0210294
19 50 64 128 0.0225675
20 50 64 128 0.0201355
21 50 64 128 0.0216656
22 50 64 128 0.0217125
23 50 64 128 0.0207666
24 50 64 128 0.0187337
25 50 64 128 0.0132724
12 51 64 128 0.0100232
13 51 64 128 0.0143259
14 51 64 128 0.0184107
15 51 64 128 0.0171596
16 51 64 128 0.0192579
17 51 64 128 0.0200742
18 51 64 128 0.021134
19 51 64 128 0.0218713
20 51 64 128 0.0200434
21 51 64 128 0.0223065
22 51 64 128 0.0222834
23 51 64 128 0.0204449
24 51 64 128 0.0175149
25 51 64 128 0.0119811
9 52 64 128 0.0108575
10 52 64 128 0.0105791
11 52 64 128 0.0117623
12 52 64 128 0.0129179
13 52 64 128 0.0171708
14 52 64 128 0.0207129
15 52 64 128 0.0187059
16 52 64 128 0.020886
17 52 64 128 0.0221073
18 52 64 128 0.0224798
19 52 64 128 0.0224519
20 52 64 128 0.0214138
21 52 64 128 0.0240633
22 52 64 128 0.0245894
23 52 64 128 0.0221219
24 52 64 128 0.017627
25 52 64 128 0.0117367
7 53 64 128 0.0105912
8 53 64 128 0.0122146
9 53 64 128 0.0138589
10 53 64 128 0.0137795
11 53 64 128 0.0141766
12 53 64 128 0.0155448
13 53 64 128 0.0191696
14 53 64 128 0.0216742
15 53 64 128 0.0198939
16 53 64 128 0.020433
17 53 64 128 0.0235409
18 53 64 128 0.0257411
19 53 64 128 0.0253842
20 53 64 128 0.0249249
21 53 64 128 0.0275242
22 53 64 128 0.029229
23 53 64 128 0.0266146
24 53 64 128 0.0202028
25 53 64 128 0.0135683
6 54 64 128 0.0108606
7 54 64 128 0.0129233
8 54 64 128 0.0154068
9 54 64 128 0.017292
10 54 64 128 0.0173684
11 54 64 128 0.0174918
12 54 64 128 0.0193903
13 54 64 128 0.0227094
14 54 64 128 0.0238024
15 54 64 128 0.0209234
16 54 64 128 0.020112
17 54 64 128 0.0246379
18 54 64 128 0.028534
19 54 64 128 0.0280518
20 54 64 128 0.0270204
21 54 64 128 0.0290475
22 54 64 128 0.0313929
23 54 64 128 0.0285327
24 54 64 128 0.0209782
25 54 64 128 0.0144394
26 54 64 128 0.0102635
6 55 64 128 0.0115308
7 55 64 128 0.0147717
8 55 64 128 0.0188434
9 55 64 128 0.0214119
10 55 64 128 0.0213741
11 55 64 128 0.0224101
12 55 64 128 0.0250155
13 55 64 128 0.0287717
14 55 64 128 0.0284277
15 55 64 128 0.0221043
16 55 64 128 0.0213628
17 55 64 128 0.0254738
18 55 64 128 0.0291632
19 55 64 128 0.0286407
20 55 64 128 0.0256771
21 55 64 128 0.0267338
22 55 64 128 0.028432
23 55 64 128 0.024886
24 55 64 128 0.0176444
25 55 64 128 0.0125954
6 56 64 128 0.0124909
7 56 64 128 0.0164499
8 56 64 128 0.0221665
9 56 64 128 0.0259394
10 56 64 128 0.0256526
11 56 64 128 0.0278366
12 56 64 128 0.0303808
13 56 64 128 0.0343805
14 56 64 128 0.0334647
15 56 64 128 0.0240069
16 56 64 128 0.023215
17 56 64 128 0.0255814
18 56 64 128 0.0282572
19 56 64 128 0.0280745
20 56 64 128 0.0234936
21 56 64 128 0.0238117
22 56 64 128 0.0240901
23 56 64 128 0.0198317
24 56 64 128 0.0137883
25 56 64 128 0.0102597
5 57 64 128 0.0105664
6 57 64 128 0.0143923
7 57 64 128 0.0183748
8 57 64 128 0.0251942
9 57 64 128 0.030601
10 57 64 128 0.0301791
11 57 64 128 0.0328924
12 57 64 128 0.0339699
13 57 64 128 0.0371021
14 57 64 128 0.0368537
15 57 64 128 0.0268117
16 57 64 128 0.0245695
17 57 64 128 0.0246149
18 57 64 128 0.0265707
19 57 64 128 0.0272198
20 57 64 128 0.0226919
21 57 64 128 0.0229812
22 57 64 128 0.0217895
23 57 64 128 0.0172266
24 57 64 128 0.0125589
5 58 64 128 0.0116744
6 58 64 128 0.0168005
7 58 64 128 0.0210482
8 58 64 128 0.028595
9 58 64 128 0.0354435
10 58 64 128 0.0354773
11 58 64 128 0.0385283
12 58 64 128 0.0377108
13 58 64 128 0.0387827
14 58 64 128 0.0385532
15 58 64 128 0.0290761
16 58 64 128 0.0251943
17 58 64 128 0.0229934
18 58 64 128 0.0240278
19 58 64 128 0.025188
20 58 64 128 0.0214699
21 58 64 128 0.0220577
22 58 64 128 0.0201421
23 58 64 128 0.0157729
24 58 64 128 0.012133
5 59 64 128 0.0122848
6 59 64 128 0.0189641
7 59 64 128 0.0246574
8 59 64 128 0.0328919
9 59 64 128 0.0403826
10 59 64 128 0.0417984
11 59 64 128 0.0455807
12 59 64 128 0.0435729
13 59 64 128 0.0416567
14 59 64 128 0.0389904
15 59 64 128 0.0293057
16 59 64 128 0.0250349
17 59 64 128 0.0212472
18 59 64 128 0.0205372
19 59 64 128 0.0210748
20 59 64 128 0.0177056
21 59 64 128 0.0183959
22 59 64 128 0.0170934
23 59 64 128 0.0133983
24 59 64 128 0.0100817
5 60 64 128 0.0122644
6 60 64 128 0.0197708
7 60 64 128 0.0273735
8 60 64 128 0.0365174
9 60 64 128 0.0440859
10 60 64 128 0.0469686
11 60 64 128 0.0515861
12 60 64 128 0.0488612
13 60 64 128 0.0441936
14 60 64 128 0.0385356
15 60 64 128 0.0280066
16 60 64 128 0.0238671
17 60 64 128 0.0194836
18 60 64 128 0.0170983
19 60 64 128 0.0163852
20 60 64 128 0.0130913
21 60 64 128 0.013547
22 60 64 128 0.0134396
23 60 64 128 0.0107179
5 61 64 128 0.0116567
6 61 64 128 0.0181673
7 61 64 128 0.0269191
8 61 64 128 0.0373733
9 61 64 128 0.0449738
10 61 64 128 0.0482591
11 61 64 128 0.05324
12 61 64 128 0.0496055
13 61 64 128 0.0437603
14 61 64 128 0.0374911
15 61 64 128 0.0263228
16 61 64 128 0.0214797
17 61 64 128 0.017645
18 61 64 128 0.0149408
19 61 64 128 0.0132829
20 61 64 128 0.0104242
21 61 64 128 0.0103356
22 61 64 128 0.0108538
5 62 64 128 0.010543
6 62 64 128 0.0150163
7 62 64 128 0.0240148
8 62 64 128 0.035825
9 62 64 128 0.0436242
10 62 64 128 0.046393
11 62 64 128 0.0510914
12 62 64 128 0.0464273
13 62 64 128 0.0407035
14 62 64 128 0.0356945
15 62 64 128 0.0243276
16 62 64 128 0.0184184
17 62 64 128 0.0155989
18 62 64 128 0.013552
19 62 64 128 0.0115677
6 63 64 128 0.0122143
7 63 64 128 0.0210211
8 63 64 128 0.0336067
9 63 64 128 0.0418001
10 63 64 128 0.0439712
11 63 64 128 0.0478116
12 63 64 128 0.0424743
13 63 64 128 0.0370103
14 63 64 128 0.0327535
15 63 64 128 0.0215282
16 63 64 128 0.0156242
17 63 64 128 0.0131936
18 63 64 128 0.0115047
6 64 64 128 0.0105817
7 64 64 128 0.0190006
8 64 64 128 0.0317668
9 64 64 128 0.0404197
10 64 64 128 0.0419034
11 64 64 128 0.0446455
12 64 64 128 0.0391611
13 64 64 128 0.0335473
14 64 64 128 0.0289023
15 64 64 128 0.0182444
16 64 64 128 0.0133886
17 64 64 128 0.0106867
7 65 64 128 0.0178678
8 65 64 128 0.0307143
9 65 64 128 0.0396249
10 65 64 128 0.0396206
11 65 64 128 0.041574
12 65 64 128 0.0363694
13 65 64 128 0.0301942
14 65 64 128 0.0248999
15 65 64 128 0.0154754
16 65 64 128 0.011442
7 66 64 128 0.0168972
8 66 64 128 0.0294607
9 66 64 128 0.0380842
10 66 64 128 0.0362046
11 66 64 128 0.0378415
12 66 64 128 0.0332225
13 66 64 128 0.0264749
14 66 64 128 0.0209371
15 66 64 128 0.0133454
7 67 64 128 0.0146007
8 67 64 128 0.0252733
9 67 64 128 0.0326348
10 67 64 128 0.0303644
11 67 64 128 0.0318148
12 67 64 128 0.0279488
13 67 64 128 0.0215063
14 67 64 128 0.0164597
15 67 64 128 0.0108343
7 68 64 128 0.0106956
8 68 64 128 0.0177227
9 68 64 128 0.0228704
10 68 64 128 0.0222537
11 68 64 128 0.0234037
12 68 64 128 0.0203519
13 68 64 128 0.0153681
14 68 64 128 0.0115073
8 69 64 128 0.0110464
9 69 64 128 0.013939
10 69 64 128 0.0148631
11 69 64 128 0.0156087
12 69 64 128 0.0133882
13 69 64 128 0.0100498
10 70 64 128 0.0103909
11 70 64 128 0.0107078
309 115 64 128 0.0113784
308 116 64 128 0.01188
309 116 64 128 0.0141653
310 116 64 128 0.0117779
308 117 64 128 0.0106382
309 117 64 128 0.0128556
310 117 64 128 0.0104646
181 129 64 128 0.0108677
182 129 64 128 0.0101522
180 130 64 128 0.0103342
181 130 64 128 0.0119095
182 130 64 128 0.0115294
183 130 64 128 0.01015
180 131 64 128 0.0106525
181 131 64 128 0.0125582
182 131 64 128 0.0127605
183 131 64 128 0.0112608
180 132 64 128 0.0130578
181 132 64 128 0.015522
182 132 64 128 0.0158311
183 132 64 128 0.0143899
184 132 64 128 0.0117059
179 133 64 128 0.0103236
180 133 64 128 0.0161808
181 133 64 128 0.0192759
182 133 64 128 0.0195775
183 133 64 128 0.0184713
184 133 64 128 0.0160338
185 133 64 128 0.012284
188 133 64 128 0.0104474
189 133 64 128 0.0110903
190 133 64 128 0.0107871
179 134 64 128 0.0104287
180 134 64 128 0.0161947
181 134 64 128 0.0196802
182 134 64 128 0.0208809
183 134 64 128 0.0204543
184 134 64 128 0.0179572
185 134 64 128 0.0137392
186 134 64 128 0.0106851
187 134 64 128 0.0106596
188 134 64 128 0.0119802
189 134 64 128 0.0123334
190 134 64 128 0.0119041
191 134 64 128 0.0109002
180 135 64 128 0.0131064
181 135 64 128 0.0167468
182 135 64 128 0.0194926
183 135 64 128 0.0197801
184 135 64 128 0.0168822
185 135 64 128 0.0132776
186 135 64 128 0.0107258
187 135 64 128 0.0114518
188 135 64 128 0.0129222
189 135 64 128 0.0123764
190 135 64 128 0.0117889
191 135 64 128 0.0112011
180 136 64 128 0.0107081
181 136 64 128 0.014584
182 136 64 128 0.0180017
183 136 64 128 0.0183666
184 136 64 128 0.015432
185 136 64 128 0.0127083
186 136 64 128 0.0105581
187 136 64 128 0.0119664
188 136 64 128 0.013886
189 136 64 128 0.0129047
190 136 64 128 0.0122425
191 136 64 128 0.0117987
180 137 64 128 0.0103139
181 137 64 128 0.0144798
182 137 64 128 0.0172456
183 137 64 128 0.0170088
184 137 64 128 0.01463
185 137 64 128 0.0125881
186 137 64 128 0.0104958
187 137 64 128 0.0122203
188 137 64 128 0.0147546
189 137 64 128 0.0140856
190 137 64 128 0.0134711
191 137 64 128 0.0127736
192 137 64 128 0.0100034
181 138 64 128 0.0133032
182 138 64 128 0.015299
183 138 64 128 0.0146888
184 138 64 128 0.012937
185 138 64 128 0.0114938
187 138 64 128 0.0117003
188 138 64 128 0.0142899
189 138 64 128 0.0137441
190 138 64 128 0.0132187
191 138 64 128 0.0123338
182 139 64 128 0.011332
183 139 64 128 0.0110554
187 139 64 128 0.010206
188 139 64 128 0.0120329
189 139 64 128 0.0109891
190 139 64 128 0.0105378
163 153 64 128 0.0111071
163 154 64 128 0.0129489
164 154 64 128 0.0123125
163 155 64 128 0.015054
164 155 64 128 0.0150803
165 155 64 128 0.0104638
162 156 64 128 0.0103772
163 156 64 128 0.0170656
164 156 64 128 0.0175194
165 156 64 128 0.0130916
162 157 64 128 0.0106539
163 157 64 128 0.0184358
164 157 64 128 0.0195554
165 157 64 128 0.0151185
163 158 64 128 0.018681
164 158 64 128 0.0211966
165 158 64 128 0.015622
163 159 64 128 0.0181263
164 159 64 128 0.0220163
165 159 64 128 0.0152382
163 160 64 128 0.0173679
164 160 64 128 0.0214543
165 160 64 128 0.0151532
163 161 64 128 0.0161724
164 161 64 128 0.0195427
165 161 64 128 0.0152696
166 161 64 128 0.0101402
163 162 64 128 0.0138226
164 162 64 128 0.01671
165 162 64 128 0.0147011
166 162 64 128 0.0101237
163 163 64 128 0.0107202
164 163 64 128 0.0137041
165 163 64 128 0.0134342
164 164 64 128 0.0115565
165 164 64 128 0.012296
164 165 64 128 0.010384
165 165 64 128 0.011385
319 172 64 128 0.0104779
318 173 64 128 0.0115421
319 173 64 128 0.0125173
317 174 64 128 0.0100912
318 174 64 128 0.0131289
319 174 64 128 0.0142825
317 175 64 128 0.0118276
318 175 64 128 0.0148367
319 175 64 128 0.0152045
316 176 64 128 0.0100346
317 176 64 128 0.0142388
318 176 64 128 0.0175219
319 176 64 128 0.016699
316 177 64 128 0.0126022
317 177 64 128 0.0178231
318 177 64 128 0.0224751
319 177 64 128 0.02163
315 178 64 128 0.0114799
316 178 64 128 0.0155769
317 178 64 128 0.0223934
318 178 64 128 0.0292312
319 178 64 128 0.0297334
38 179 64 128 0.0102748
39 179 64 128 0.0103714
315 179 64 128 0.0143808
316 179 64 128 0.0193669
317 179 64 128 0.0269639
318 179 64 128 0.0352752
319 179 64 128 0.0370678
38 180 64 128 0.0116233
39 180 64 128 0.0119674
314 180 64 128 0.0103105
315 180 64 128 0.0181929
316 180 64 128 0.0235069
317 180 64 128 0.0307829
318 180 64 128 0.0389968
319 180 64 128 0.0408397
37 181 64 128 0.010915
38 181 64 128 0.0142585
39 181 64 128 0.0156012
40 181 64 128 0.0130812
41 181 64 128 0.0111883
314 181 64 128 0.0119386
315 181 64 128 0.0201018
316 181 64 128 0.025961
317 181 64 128 0.0335877
318 181 64 128 0.0405721
319 181 64 128 0.0406281
37 182 64 128 0.012854
38 182 64 128 0.0194552
39 182 64 128 0.0227731
40 182 64 128 0.0211155
41 182 64 128 0.0159214
42 182 64 128 0.0144431
43 182 64 128 0.0116398
314 182 64 128 0.0117002
315 182 64 128 0.0185036
316 182 64 128 0.0254664
317 182 64 128 0.0349992
318 182 64 128 0.0401875
319 182 64 128 0.0367647
37 183 64 128 0.0141986
38 183 64 128 0.023777
39 183 64 128 0.0292535
40 183 64 128 0.0279815
41 183 64 128 0.0199863
42 183 64 128 0.0183557
43 183 64 128 0.0155876
314 183 64 128 0.0108008
315 183 64 128 0.0157768
316 183 64 128 0.0232617
317 183 64 128 0.0341943
318 183 64 128 0.0375726
319 183 64 128 0.0309575
37 184 64 128 0.0136686
38 184 64 128 0.0243113
39 184 64 128 0.0313745
40 184 64 128 0.0289965
41 184 64 128 0.0215398
42 184 64 128 0.0198683
43 184 64 128 0.0171095
44 184 64 128 0.0106599
314 184 64 128 0.0103843
315 184 64 128 0.0141959
316 184 64 128 0.0206309
317 184 64 128 0.030582
318 184 64 128 0.0326444
319 184 64 128 0.0249756
37 185 64 128 0.0127729
38 185 64 128 0.0236595
39 185 64 128 0.0318525
40 185 64 128 0.0287139
41 185 64 128 0.0233233
42 185 64 128 0.0220104
43 185 64 128 0.0189428
44 185 64 128 0.0128138
315 185 64 128 0.012804
316 185 64 128 0.0172999
317 185 64 128 0.0248617
318 185 64 128 0.0264298
319 185 64 128 0.0198803
37 186 64 128 0.0132636
38 186 64 128 0.0250116
39 186 64 128 0.0341217
40 186 64 128 0.032629
41 186 64 128 0.0282234
42 186 64 128 0.0279198
43 186 64 128 0.0240701
44 186 64 128 0.0164296
45 186 64 128 0.0129648
315 186 64 128 0.0101593
316 186 64 128 0.0128582
317 186 64 128 0.0181776
318 186 64 128 0.020211
319 186 64 128 0.0163648
37 187 64 128 0.0135681
38 187 64 128 0.0257164
39 187 64 128 0.0350915
40 187 64 128 0.0361556
41 187 64 128 0.0319478
42 187 64 128 0.0330255
43 187 64 128 0.0287486
44 187 64 128 0.0192315
45 187 64 128 0.0164633
317 187 64 128 0.0123788
318 187 64 128 0.0150157
319 187 64 128 0.0138956
37 188 64 128 0.0110678
38 188 64 128 0.0212842
39 188 64 128 0.0296529
40 188 64 128 0.0314843
41 188 64 128 0.0280526
42 188 64 128 0.0303935
43 188 64 128 0.0271258
44 188 64 128 0.0179812
45 188 64 128 0.0157545
318 188 64 128 0.0116728
319 188 64 128 0.0115189
38 189 64 128 0.0136892
39 189 64 128 0.020307
40 189 64 128 0.0213978
41 189 64 128 0.0192526
42 189 64 128 0.0223313
43 189 64 128 0.0208652
44 189 64 128 0.0139087
45 189 64 128 0.0119137
39 190 64 128 0.0140681
40 190 64 128 0.0149849
41 190 64 128 0.0137026
42 190 64 128 0.0166617
43 190 64 128 0.0161284
44 190 64 128 0.0109072
39 191 64 128 0.0121086
40 191 64 128 0.0136935
41 191 64 128 0.0127075
42 191 64 128 0.0148406
43 191 64 128 0.0141471
39 192 64 128 0.010083
40 192 64 128 0.0117517
41 192 64 128 0.011103
42 192 64 128 0.0123032
43 192 64 128 0.0114882
229 198 64 128 0.0109683
230 198 64 128 0.0102415
228 199 64 128 0.0100961
229 199 64 128 0.0123737
230 199 64 128 0.01209
228 200 64 128 0.0115726
229 200 64 128 0.0142596
230 200 64 128 0.0150506
264 200 64 128 0.0106721
265 200 64 128 0.0100352
228 201 64 128 0.0126015
229 201 64 128 0.0178845
230 201 64 128 0.0195628
231 201 64 128 0.0117906
264 201 64 128 0.0117086
265 201 64 128 0.0101939
228 202 64 128 0.0130258
229 202 64 128 0.0212692
230 202 64 128 0.0237314
231 202 64 128 0.0142513
263 202 64 128 0.0107426
264 202 64 128 0.0122768
228 203 64 128 0.0128416
229 203 64 128 0.0210649
230 203 64 128 0.0246861
231 203 64 128 0.0152263
263 203 64 128 0.0101102
264 203 64 128 0.0109733
228 204 64 128 0.012022
229 204 64 128 0.0178482
230 204 64 128 0.0225678
231 204 64 128 0.0146091
228 205 64 128 0.010531
229 205 64 128 0.0151119
230 205 64 128 0.0197745
231 205 64 128 0.0133254
229 206 64 128 0.0138675
230 206 64 128 0.0174095
231 206 64 128 0.0119495
229 207 64 128 0.0122335
230 207 64 128 0.0150418
231 207 64 128 0.0106266
230 208 64 128 0.0125602
230 209 64 128 0.0105416
231 216 64 128 0.0106202
230 217 64 128 0.0108957
231 217 64 128 0.0116673
232 217 64 128 0.011012
230 218 64 128 0.0121783
231 218 64 128 0.013204
232 218 64 128 0.0127072
233 218 64 128 0.010871
230 219 64 128 0.0132328
231 219 64 128 0.0148993
232 219 64 128 0.0145249
233 219 64 128 0.0128269
230 220 64 128 0.0141319
231 220 64 128 0.0157453
232 220 64 128 0.0157856
233 220 64 128 0.0145371
234 220 64 128 0.010432
230 221 64 128 0.0145941
231 221 64 128 0.0155427
232 221 64 128 0.0164368
233 221 64 128 0.0159586
234 221 64 128 0.0106532
230 222 64 128 0.0138402
231 222 64 128 0.0152362
232 222 64 128 0.0173083
233 222 64 128 0.0173976
234 222 64 128 0.0119153
235 222 64 128 0.0116914
236 222 64 128 0.0105984
237 222 64 128 0.0116082
238 222 64 128 0.0120792
230 223 64 128 0.0117254
231 223 64 128 0.0152122
232 223 64 128 0.0185647
233 223 64 128 0.0188135
234 223 64 128 0.0149467
235 223 64 128 0.014985
236 223 64 128 0.013486
237 223 64 128 0.0146621
238 223 64 128 0.0161072
239 223 64 128 0.0116544
231 224 64 128 0.0145232
232 224 64 128 0.0188539
233 224 64 128 0.0193915
234 224 64 128 0.0171554
235 224 64 128 0.0173035
236 224 64 128 0.0152522
237 224 64 128 0.0165167
238 224 64 128 0.0186829
239 224 64 128 0.0141311
231 225 64 128 0.0125455
232 225 64 128 0.0172396
233 225 64 128 0.0185932
234 225 64 128 0.0167499
235 225 64 128 0.0173089
236 225 64 128 0.0148978
237 225 64 128 0.0163419
238 225 64 128 0.0183431
239 225 64 128 0.0127296
231 226 64 128 0.0102368
232 226 64 128 0.0147378
233 226 64 128 0.0170834
234 226 64 128 0.0158558
235 226 64 128 0.0168731
236 226 64 128 0.0145496
237 226 64 128 0.016052
238 226 64 128 0.0172699
239 226 64 128 0.0105919
232 227 64 128 0.0125128
233 227 64 128 0.0155726
234 227 64 128 0.0165811
235 227 64 128 0.0178186
236 227 64 128 0.0161688
237 227 64 128 0.0173771
238 227 64 128 0.0176201
239 227 64 128 0.0109515
232 228 64 128 0.0104814
233 228 64 128 0.0137693
234 228 64 128 0.0169197
235 228 64 128 0.0184155
236 228 64 128 0.0176588
237 228 64 128 0.0182862
238 228 64 128 0.0176742
239 228 64 128 0.0118673
233 229 64 128 0.0111997
234 229 64 128 0.0140979
235 229 64 128 0.0162551
236 229 64 128 0.016138
237 229 64 128 0.0160659
238 229 64 128 0.0149509
239 229 64 128 0.0102493
235 230 64 128 0.0126618
236 230 64 128 0.0129128
237 230 64 128 0.0122549
238 230 64 128 0.01087
235 231 64 128 0.0105946
236 231 64 128 0.0111286
237 231 64 128 0.0102412
235 232 64 128 0.0100899
236 232 64 128 0.0107254
