128 137 64 128 0.0104781
129 137 64 128 0.0117011
126 138 64 128 0.0105653
127 138 64 128 0.0111536
128 138 64 128 0.0121844
129 138 64 128 0.0134646
126 139 64 128 0.0118938
127 139 64 128 0.0123796
128 139 64 128 0.0128685
129 139 64 128 0.0140571
126 140 64 128 0.0125567
127 140 64 128 0.0128968
128 140 64 128 0.0130416
129 140 64 128 0.0141097
126 141 64 128 0.0121996
127 141 64 128 0.0125796
128 141 64 128 0.0131808
129 141 64 128 0.0141969
126 142 64 128 0.011631
127 142 64 128 0.0120848
128 142 64 128 0.0132173
129 142 64 128 0.0141812
126 143 64 128 0.0116327
127 143 64 128 0.0120092
128 143 64 128 0.0129585
129 143 64 128 0.0137957
126 144 64 128 0.011428
127 144 64 128 0.0116671
128 144 64 128 0.0121871
129 144 64 128 0.0129189
127 145 64 128 0.0100969
128 145 64 128 0.0107274
129 145 64 128 0.0115031
