82 42 64 128 0.0110327
83 42 64 128 0.0107217
82 43 64 128 0.0116929
83 43 64 128 0.0110939
81 47 64 128 0.0122021
82 47 64 128 0.0147913
83 47 64 128 0.0121494
81 48 64 128 0.0125138
82 48 64 128 0.0159834
83 48 64 128 0.0137994
81 49 64 128 0.0112623
82 49 64 128 0.0145664
83 49 64 128 0.0130455
81 50 64 128 0.014051
82 50 64 128 0.016297
83 50 64 128 0.0136159
80 51 64 128 0.0117396
81 51 64 128 0.020608
82 51 64 128 0.0211088
83 51 64 128 0.0156428
84 51 64 128 0.0105977
79 52 64 128 0.0114508
80 52 64 128 0.0147506
81 52 64 128 0.0244169
82 52 64 128 0.0227346
83 52 64 128 0.0154144
84 52 64 128 0.0109746
79 53 64 128 0.0138883
80 53 64 128 0.0173403
81 53 64 128 0.0238969
82 53 64 128 0.0200395
83 53 64 128 0.0123688
78 54 64 128 0.0118853
79 54 64 128 0.0166026
80 54 64 128 0.0195441
81 54 64 128 0.0257756
82 54 64 128 0.0205041
83 54 64 128 0.0112364
77 55 64 128 0.0115705
78 55 64 128 0.0168534
79 55 64 128 0.0203762
80 55 64 128 0.0218017
81 55 64 128 0.0332174
82 55 64 128 0.0277457
83 55 64 128 0.0146739
76 56 64 128 0.0111487
77 56 64 128 0.0153428
78 56 64 128 0.0228964
79 56 64 128 0.0264598
80 56 64 128 0.0254015
81 56 64 128 0.0389741
82 56 64 128 0.0341744
83 56 64 128 0.0191805
84 56 64 128 0.0117128
76 57 64 128 0.0122549
77 57 64 128 0.0178098
78 57 64 128 0.0286176
79 57 64 128 0.0349319
80 57 64 128 0.0309379
81 57 64 128 0.0369929
82 57 64 128 0.0331944
83 57 64 128 0.021284
84 57 64 128 0.012343
76 58 64 128 0.0122463
77 58 64 128 0.0185222
78 58 64 128 0.0317312
79 58 64 128 0.0411653
80 58 64 128 0.0358978
81 58 64 128 0.031604
82 58 64 128 0.0282749
83 58 64 128 0.0210826
84 58 64 128 0.0115161
76 59 64 128 0.0111384
77 59 64 128 0.0173933
78 59 64 128 0.030332
79 59 64 128 0.0405448
80 59 64 128 0.0374631
81 59 64 128 0.0284686
82 59 64 128 0.0243826
83 59 64 128 0.0194116
84 59 64 128 0.0102493
77 60 64 128 0.0152197
78 60 64 128 0.0260766
79 60 64 128 0.0352393
80 60 64 128 0.0354087
81 60 64 128 0.0264491
82 60 64 128 0.0211426
83 60 64 128 0.016451
77 61 64 128 0.0130581
78 61 64 128 0.0217549
79 61 64 128 0.0296305
80 61 64 128 0.0305518
81 61 64 128 0.022278
82 61 64 128 0.0164816
83 61 64 128 0.0122475
77 62 64 128 0.0112739
78 62 64 128 0.0182299
79 62 64 128 0.0249681
80 62 64 128 0.0244613
81 62 64 128 0.0166895
82 62 64 128 0.0112235
93 62 64 128 0.0112722
78 63 64 128 0.0152676
79 63 64 128 0.0207413
80 63 64 128 0.0190578
81 63 64 128 0.0125659
92 63 64 128 0.0105308
93 63 64 128 0.0131011
94 63 64 128 0.0127727
95 63 64 128 0.0102517
78 64 64 128 0.0127279
79 64 64 128 0.0169766
80 64 64 128 0.0149136
81 64 64 128 0.0103086
92 64 64 128 0.0103571
93 64 64 128 0.0141226
94 64 64 128 0.0159669
95 64 64 128 0.0122514
78 65 64 128 0.0105617
79 65 64 128 0.0141652
80 65 64 128 0.0114515
93 65 64 128 0.0139522
94 65 64 128 0.0169396
95 65 64 128 0.0128265
79 66 64 128 0.0122755
93 66 64 128 0.0126487
94 66 64 128 0.0151795
95 66 64 128 0.0116557
79 67 64 128 0.0105893
93 67 64 128 0.0108345
94 67 64 128 0.0128845
94 68 64 128 0.0112752
135 138 64 128 0.0102542
74 140 64 128 0.0115168
75 140 64 128 0.0111705
136 140 64 128 0.0105272
73 141 64 128 0.0106351
74 141 64 128 0.0187516
75 141 64 128 0.0195998
76 141 64 128 0.0159121
77 141 64 128 0.0147104
78 141 64 128 0.0116174
132 141 64 128 0.0102069
133 141 64 128 0.0124282
134 141 64 128 0.0131361
135 141 64 128 0.0136534
136 141 64 128 0.0142701
137 141 64 128 0.0128746
138 141 64 128 0.0102882
73 142 64 128 0.0147917
74 142 64 128 0.0280564
75 142 64 128 0.030388
76 142 64 128 0.0237473
77 142 64 128 0.0217082
78 142 64 128 0.0171977
132 142 64 128 0.0134974
133 142 64 128 0.0166754
134 142 64 128 0.0178934
135 142 64 128 0.0172527
136 142 64 128 0.0177778
137 142 64 128 0.0154409
138 142 64 128 0.011973
73 143 64 128 0.0184469
74 143 64 128 0.0380434
75 143 64 128 0.041728
76 143 64 128 0.0324804
77 143 64 128 0.0269072
78 143 64 128 0.020519
79 143 64 128 0.0101238
132 143 64 128 0.0137008
133 143 64 128 0.0168995
134 143 64 128 0.0180484
135 143 64 128 0.0170946
136 143 64 128 0.017715
137 143 64 128 0.0157128
138 143 64 128 0.012538
139 143 64 128 0.0104415
73 144 64 128 0.0211397
74 144 64 128 0.0451127
75 144 64 128 0.0484512
76 144 64 128 0.0377754
77 144 64 128 0.0289531
78 144 64 128 0.0213312
79 144 64 128 0.0118368
132 144 64 128 0.0128247
133 144 64 128 0.0157946
134 144 64 128 0.0167387
135 144 64 128 0.0155782
136 144 64 128 0.0162926
137 144 64 128 0.0150729
138 144 64 128 0.0125004
139 144 64 128 0.0107211
73 145 64 128 0.022626
74 145 64 128 0.0455425
75 145 64 128 0.0452827
76 145 64 128 0.0349905
77 145 64 128 0.0271253
78 145 64 128 0.020177
79 145 64 128 0.011383
132 145 64 128 0.0139579
133 145 64 128 0.0175225
134 145 64 128 0.0188924
135 145 64 128 0.0165949
136 145 64 128 0.0170961
137 145 64 128 0.0157091
138 145 64 128 0.01272
139 145 64 128 0.0110215
73 146 64 128 0.0229076
74 146 64 128 0.0414039
75 146 64 128 0.0364578
76 146 64 128 0.02773
77 146 64 128 0.0231296
78 146 64 128 0.0177389
131 146 64 128 0.0110115
132 146 64 128 0.0156905
133 146 64 128 0.0198859
134 146 64 128 0.021834
135 146 64 128 0.018599
136 146 64 128 0.0188655
137 146 64 128 0.0166903
138 146 64 128 0.012787
139 146 64 128 0.011093
73 147 64 128 0.0221105
74 147 64 128 0.03758
75 147 64 128 0.0307831
76 147 64 128 0.0235379
77 147 64 128 0.0198071
78 147 64 128 0.0147658
131 147 64 128 0.0102179
132 147 64 128 0.0144852
133 147 64 128 0.0177181
134 147 64 128 0.0193411
135 147 64 128 0.0174481
136 147 64 128 0.0180141
137 147 64 128 0.0156095
138 147 64 128 0.0117032
139 147 64 128 0.0103253
73 148 64 128 0.020265
74 148 64 128 0.0347974
75 148 64 128 0.0295121
76 148 64 128 0.0230207
77 148 64 128 0.0175818
78 148 64 128 0.011885
132 148 64 128 0.0109426
133 148 64 128 0.0122989
134 148 64 128 0.0129558
135 148 64 128 0.0135933
136 148 64 128 0.0148525
137 148 64 128 0.0129119
73 149 64 128 0.0173409
74 149 64 128 0.0305149
75 149 64 128 0.0279143
76 149 64 128 0.0213158
77 149 64 128 0.0149726
134 149 64 128 0.0102656
135 149 64 128 0.0110884
136 149 64 128 0.0127475
137 149 64 128 0.0112669
73 150 64 128 0.0138801
74 150 64 128 0.0246329
75 150 64 128 0.0240564
76 150 64 128 0.016947
77 150 64 128 0.0116286
133 150 64 128 0.0118872
134 150 64 128 0.0128013
135 150 64 128 0.0111306
136 150 64 128 0.0125875
137 150 64 128 0.0112134
140 150 64 128 0.010158
141 150 64 128 0.0103716
73 151 64 128 0.0111006
74 151 64 128 0.0200537
75 151 64 128 0.0195379
76 151 64 128 0.0126491
133 151 64 128 0.0133326
134 151 64 128 0.0146934
135 151 64 128 0.0113978
136 151 64 128 0.0122114
137 151 64 128 0.0106851
141 151 64 128 0.0100264
74 152 64 128 0.0177973
75 152 64 128 0.0154738
133 152 64 128 0.0116532
134 152 64 128 0.0127324
135 152 64 128 0.0103874
136 152 64 128 0.0103813
74 153 64 128 0.0151922
75 153 64 128 0.0117385
74 154 64 128 0.0105833
59 166 64 128 0.0100407
58 167 64 128 0.0108596
59 167 64 128 0.015704
60 167 64 128 0.0105476
57 168 64 128 0.0115967
58 168 64 128 0.0244687
59 168 64 128 0.0312113
60 168 64 128 0.0208072
61 168 64 128 0.0120952
56 169 64 128 0.0118807
57 169 64 128 0.0309316
58 169 64 128 0.0544787
59 169 64 128 0.0602092
60 169 64 128 0.0416966
61 169 64 128 0.0222404
62 169 64 128 0.0118161
55 170 64 128 0.0102196
56 170 64 128 0.0207378
57 170 64 128 0.0526546
58 170 64 128 0.0866258
59 170 64 128 0.0892935
60 170 64 128 0.0589764
61 170 64 128 0.030316
62 170 64 128 0.0161108
63 170 64 128 0.0102585
55 171 64 128 0.0133
56 171 64 128 0.0297815
57 171 64 128 0.0683815
58 171 64 128 0.108225
59 171 64 128 0.10686
60 171 64 128 0.0603364
61 171 64 128 0.0301185
62 171 64 128 0.0165857
55 172 64 128 0.0201966
56 172 64 128 0.0453786
57 172 64 128 0.0921529
58 172 64 128 0.13789
59 172 64 128 0.130562
60 172 64 128 0.0637149
61 172 64 128 0.0295353
62 172 64 128 0.0156277
54 173 64 128 0.0152892
55 173 64 128 0.0363932
56 173 64 128 0.0742268
57 173 64 128 0.140803
58 173 64 128 0.198529
59 173 64 128 0.182052
60 173 64 128 0.0921054
61 173 64 128 0.0390202
62 173 64 128 0.0168495
53 174 64 128 0.0101035
54 174 64 128 0.0242909
55 174 64 128 0.0542364
56 174 64 128 0.102419
57 174 64 128 0.18966
58 174 64 128 0.258617
59 174 64 128 0.23198
60 174 64 128 0.123806
61 174 64 128 0.0500583
62 174 64 128 0.0185019
53 175 64 128 0.0123515
54 175 64 128 0.0287892
55 175 64 128 0.0603286
56 175 64 128 0.107237
57 175 64 128 0.195878
58 175 64 128 0.262575
59 175 64 128 0.228399
60 175 64 128 0.117104
61 175 64 128 0.0456136
62 175 64 128 0.016379
53 176 64 128 0.0134141
54 176 64 128 0.0294368
55 176 64 128 0.0574635
56 176 64 128 0.0943942
57 176 64 128 0.167373
58 176 64 128 0.218005
59 176 64 128 0.177707
60 176 64 128 0.0782073
61 176 64 128 0.0285628
62 176 64 128 0.0111812
53 177 64 128 0.0157194
54 177 64 128 0.0317517
55 177 64 128 0.0606457
56 177 64 128 0.091073
57 177 64 128 0.150546
58 177 64 128 0.180658
59 177 64 128 0.130937
60 177 64 128 0.0498931
61 177 64 128 0.016962
52 178 64 128 0.0128852
53 178 64 128 0.0192742
54 178 64 128 0.0359928
55 178 64 128 0.0705115
56 178 64 128 0.100296
57 178 64 128 0.153121
58 178 64 128 0.165102
59 178 64 128 0.106263
60 178 64 128 0.0450329
61 178 64 128 0.0159192
52 179 64 128 0.0156646
53 179 64 128 0.0212202
54 179 64 128 0.0361838
55 179 64 128 0.0706939
56 179 64 128 0.0964535
57 179 64 128 0.136846
58 179 64 128 0.136683
59 179 64 128 0.0823295
60 179 64 128 0.0406457
61 179 64 128 0.0150422
52 180 64 128 0.0156792
53 180 64 128 0.0201969
54 180 64 128 0.0301438
55 180 64 128 0.0550167
56 180 64 128 0.0698163
57 180 64 128 0.0883546
58 180 64 128 0.0832228
59 180 64 128 0.0495481
60 180 64 128 0.0251413
52 181 64 128 0.0142561
53 181 64 128 0.0177474
54 181 64 128 0.0229488
55 181 64 128 0.0368159
56 181 64 128 0.0412747
57 181 64 128 0.0423572
58 181 64 128 0.0367175
59 181 64 128 0.0228265
60 181 64 128 0.0104051
52 182 64 128 0.0126026
53 182 64 128 0.0152034
54 182 64 128 0.0184067
55 182 64 128 0.0262802
56 182 64 128 0.0266056
57 182 64 128 0.0239748
58 182 64 128 0.0196433
59 182 64 128 0.012534
52 183 64 128 0.0108596
53 183 64 128 0.0125419
54 183 64 128 0.0149572
55 183 64 128 0.0198697
56 183 64 128 0.0195756
57 183 64 128 0.019571
58 183 64 128 0.0169614
59 183 64 128 0.0102285
54 184 64 128 0.0107858
55 184 64 128 0.0130823
56 184 64 128 0.0123575
57 184 64 128 0.0131245
58 184 64 128 0.0116841
