177 6 85 170 0.0111717
178 6 85 170 0.0110138
179 6 85 170 0.0105719
180 6 85 170 0.0105342
176 7 85 170 0.0112677
177 7 85 170 0.0131427
178 7 85 170 0.0130311
179 7 85 170 0.0123436
180 7 85 170 0.011799
181 7 85 170 0.0105183
173 8 85 170 0.0102269
174 8 85 170 0.0103702
175 8 85 170 0.0107641
176 8 85 170 0.0128856
177 8 85 170 0.0147835
178 8 85 170 0.0148031
179 8 85 170 0.0139467
180 8 85 170 0.0128998
181 8 85 170 0.0113634
173 9 85 170 0.0109903
174 9 85 170 0.0112397
175 9 85 170 0.0117505
176 9 85 170 0.0137983
177 9 85 170 0.0157256
178 9 85 170 0.0160198
179 9 85 170 0.0151932
180 9 85 170 0.0138042
181 9 85 170 0.0120567
182 9 85 170 0.0100831
173 10 85 170 0.0108889
174 10 85 170 0.0111931
175 10 85 170 0.0117206
176 10 85 170 0.0136321
177 10 85 170 0.0156359
178 10 85 170 0.0163994
179 10 85 170 0.0159117
180 10 85 170 0.0144838
181 10 85 170 0.0126082
182 10 85 170 0.0105616
173 11 85 170 0.0100103
174 11 85 170 0.0103232
175 11 85 170 0.0107799
176 11 85 170 0.0125242
177 11 85 170 0.0146572
178 11 85 170 0.0160389
179 11 85 170 0.0161499
180 11 85 170 0.0149662
181 11 85 170 0.0130468
182 11 85 170 0.0108904
176 12 85 170 0.0109772
177 12 85 170 0.0132732
178 12 85 170 0.0153062
179 12 85 170 0.0161125
180 12 85 170 0.0153189
181 12 85 170 0.0134157
182 12 85 170 0.0111419
177 13 85 170 0.0119752
178 13 85 170 0.0145755
179 13 85 170 0.0160077
180 13 85 170 0.0156105
181 13 85 170 0.0137584
182 13 85 170 0.0113896
177 14 85 170 0.0112542
178 14 85 170 0.0142208
179 14 85 170 0.0160436
180 14 85 170 0.0159095
181 14 85 170 0.0141181
182 14 85 170 0.0117069
183 14 85 170 0.0101374
177 15 85 170 0.0114681
178 15 85 170 0.0145113
179 15 85 170 0.0163662
180 15 85 170 0.0162589
181 15 85 170 0.0145209
182 15 85 170 0.0121437
183 15 85 170 0.0104856
177 16 85 170 0.0123393
178 16 85 170 0.0152163
179 16 85 170 0.0168254
180 16 85 170 0.0165817
181 16 85 170 0.0149096
182 16 85 170 0.0126366
183 16 85 170 0.0107783
176 17 85 170 0.010438
177 17 85 170 0.0134004
178 17 85 170 0.0159563
179 17 85 170 0.0171828
180 17 85 170 0.0167646
181 17 85 170 0.015202
182 17 85 170 0.0130888
183 17 85 170 0.0110013
176 18 85 170 0.0112228
177 18 85 170 0.0141841
178 18 85 170 0.0163513
179 18 85 170 0.0171999
180 18 85 170 0.0166945
181 18 85 170 0.0153162
182 18 85 170 0.0134033
183 18 85 170 0.0111402
176 19 85 170 0.0113383
177 19 85 170 0.0142254
178 19 85 170 0.0160237
179 19 85 170 0.0166395
180 19 85 170 0.0162588
181 19 85 170 0.0151703
182 19 85 170 0.0134835
183 19 85 170 0.0111808
176 20 85 170 0.0105764
177 20 85 170 0.013313
178 20 85 170 0.0148175
179 20 85 170 0.0154146
180 20 85 170 0.0154131
181 20 85 170 0.0147195
182 20 85 170 0.0132705
183 20 85 170 0.0110992
177 21 85 170 0.0117223
178 21 85 170 0.0130016
179 21 85 170 0.013726
180 21 85 170 0.014244
181 21 85 170 0.0139893
182 21 85 170 0.012778
183 21 85 170 0.0108542
178 22 85 170 0.0108931
179 22 85 170 0.0118069
180 22 85 170 0.0128527
181 22 85 170 0.0130131
182 22 85 170 0.0120277
183 22 85 170 0.0104023
180 23 85 170 0.0113403
181 23 85 170 0.0118243
182 23 85 170 0.0110414
181 24 85 170 0.0104585
194 9 64 128 0.0116409
195 9 64 128 0.0102922
193 10 64 128 0.0111871
194 10 64 128 0.0153694
195 10 64 128 0.0141194
196 10 64 128 0.0128685
192 11 64 128 0.0107057
193 11 64 128 0.0133437
194 11 64 128 0.0187382
195 11 64 128 0.0177321
196 11 64 128 0.0169967
197 11 64 128 0.0120354
191 12 64 128 0.0105511
192 12 64 128 0.0117318
193 12 64 128 0.0143398
194 12 64 128 0.0205766
195 12 64 128 0.0199746
196 12 64 128 0.0204936
197 12 64 128 0.0149926
191 13 64 128 0.0104997
192 13 64 128 0.0113111
193 13 64 128 0.0139842
194 13 64 128 0.0204927
195 13 64 128 0.0199143
196 13 64 128 0.0217352
197 13 64 128 0.016421
199 13 64 128 0.010519
193 14 64 128 0.0123456
194 14 64 128 0.0184526
195 14 64 128 0.017232
196 14 64 128 0.0197691
197 14 64 128 0.0154038
199 14 64 128 0.0110496
218 14 64 128 0.0102001
219 14 64 128 0.0106728
193 15 64 128 0.0100838
194 15 64 128 0.0152507
195 15 64 128 0.0134496
196 15 64 128 0.01603
197 15 64 128 0.0130649
199 15 64 128 0.0107551
218 15 64 128 0.0105465
219 15 64 128 0.0119179
194 16 64 128 0.0117741
195 16 64 128 0.0101732
196 16 64 128 0.0122167
197 16 64 128 0.0107169
199 16 64 128 0.0101141
217 16 64 128 0.0101884
218 16 64 128 0.012232
219 16 64 128 0.0135797
266 16 64 128 0.011964
267 16 64 128 0.0101222
217 17 64 128 0.0107806
218 17 64 128 0.0136881
219 17 64 128 0.0149716
220 17 64 128 0.0109378
265 17 64 128 0.0103966
266 17 64 128 0.0162116
267 17 64 128 0.013853
218 18 64 128 0.0127678
219 18 64 128 0.0150954
220 18 64 128 0.0108791
265 18 64 128 0.0133708
266 18 64 128 0.0191099
267 18 64 128 0.0159943
218 19 64 128 0.0100906
219 19 64 128 0.0136776
264 19 64 128 0.0105231
265 19 64 128 0.0159386
266 19 64 128 0.0228003
267 19 64 128 0.0190934
219 20 64 128 0.0108437
264 20 64 128 0.0143127
265 20 64 128 0.017577
266 20 64 128 0.0309023
267 20 64 128 0.027272
264 21 64 128 0.0207706
265 21 64 128 0.0222387
266 21 64 128 0.0447102
267 21 64 128 0.0399095
268 21 64 128 0.0123409
263 22 64 128 0.0126355
264 22 64 128 0.0286711
265 22 64 128 0.0367863
266 22 64 128 0.0637114
267 22 64 128 0.0530094
268 22 64 128 0.0163959
269 22 64 128 0.0104141
41 23 64 128 0.0102263
263 23 64 128 0.016137
264 23 64 128 0.0379949
265 23 64 128 0.058871
266 23 64 128 0.0844422
267 23 64 128 0.0646805
268 23 64 128 0.0219658
269 23 64 128 0.0132086
272 23 64 128 0.0105513
39 24 64 128 0.0101829
40 24 64 128 0.0146452
41 24 64 128 0.016411
42 24 64 128 0.0115355
263 24 64 128 0.0208147
264 24 64 128 0.0500327
265 24 64 128 0.0761812
266 24 64 128 0.100333
267 24 64 128 0.075377
268 24 64 128 0.0279986
269 24 64 128 0.0168563
270 24 64 128 0.0120845
271 24 64 128 0.0138176
272 24 64 128 0.0148124
273 24 64 128 0.0100911
39 25 64 128 0.0143661
40 25 64 128 0.021886
41 25 64 128 0.0251305
42 25 64 128 0.0165362
263 25 64 128 0.0263024
264 25 64 128 0.0637664
265 25 64 128 0.0839742
266 25 64 128 0.108585
267 25 64 128 0.0839498
268 25 64 128 0.0326728
269 25 64 128 0.0206162
270 25 64 128 0.0155392
271 25 64 128 0.0184232
272 25 64 128 0.0195974
273 25 64 128 0.0137268
38 26 64 128 0.0101245
39 26 64 128 0.0191087
40 26 64 128 0.0300056
41 26 64 128 0.0332316
42 26 64 128 0.0220618
43 26 64 128 0.0117915
44 26 64 128 0.0100547
263 26 64 128 0.0302475
264 26 64 128 0.0743213
265 26 64 128 0.0906331
266 26 64 128 0.112794
267 26 64 128 0.0864631
268 26 64 128 0.0330029
269 26 64 128 0.0213227
270 26 64 128 0.0171294
271 26 64 128 0.020511
272 26 64 128 0.0217981
273 26 64 128 0.0159149
38 27 64 128 0.0113988
39 27 64 128 0.0235013
40 27 64 128 0.0372529
41 27 64 128 0.0383707
42 27 64 128 0.0275423
43 27 64 128 0.0166512
44 27 64 128 0.0123678
45 27 64 128 0.0109328
263 27 64 128 0.0320403
264 27 64 128 0.0800297
265 27 64 128 0.102206
266 27 64 128 0.117909
267 27 64 128 0.0843056
268 27 64 128 0.0298724
269 27 64 128 0.0185475
270 27 64 128 0.0164041
271 27 64 128 0.0195214
272 27 64 128 0.0211865
273 27 64 128 0.0166169
274 27 64 128 0.010014
38 28 64 128 0.0118208
39 28 64 128 0.0256757
40 28 64 128 0.0412479
41 28 64 128 0.0408788
42 28 64 128 0.0324703
43 28 64 128 0.0222733
44 28 64 128 0.0153263
45 28 64 128 0.0143164
46 28 64 128 0.0103225
262 28 64 128 0.010609
263 28 64 128 0.0358527
264 28 64 128 0.0880672
265 28 64 128 0.115953
266 28 64 128 0.130778
267 28 64 128 0.0927239
268 28 64 128 0.0340395
269 28 64 128 0.0192132
270 28 64 128 0.0164955
271 28 64 128 0.0207777
272 28 64 128 0.0252165
273 28 64 128 0.0213835
274 28 64 128 0.0117602
38 29 64 128 0.0114297
39 29 64 128 0.0244158
40 29 64 128 0.0405375
41 29 64 128 0.0416092
42 29 64 128 0.036488
43 29 64 128 0.0277986
44 29 64 128 0.0198145
45 29 64 128 0.0184809
46 29 64 128 0.0137302
262 29 64 128 0.0124168
263 29 64 128 0.0444935
264 29 64 128 0.103132
265 29 64 128 0.129281
266 29 64 128 0.155281
267 29 64 128 0.121567
268 29 64 128 0.0526415
269 29 64 128 0.0283111
270 29 64 128 0.0199968
271 29 64 128 0.0282786
272 29 64 128 0.0389786
273 29 64 128 0.0339508
274 29 64 128 0.0171149
275 29 64 128 0.0103609
38 30 64 128 0.0103872
39 30 64 128 0.0216122
40 30 64 128 0.0376508
41 30 64 128 0.0418603
42 30 64 128 0.0397837
43 30 64 128 0.0325812
44 30 64 128 0.0253941
45 30 64 128 0.0246854
46 30 64 128 0.0192724
47 30 64 128 0.0119136
262 30 64 128 0.0150884
263 30 64 128 0.0526239
264 30 64 128 0.115028
265 30 64 128 0.145389
266 30 64 128 0.182626
267 30 64 128 0.151435
268 30 64 128 0.0728548
269 30 64 128 0.0389454
270 30 64 128 0.0252737
271 30 64 128 0.0373717
272 30 64 128 0.0538004
273 30 64 128 0.0476704
274 30 64 128 0.0241918
275 30 64 128 0.0139812
39 31 64 128 0.0195363
40 31 64 128 0.0355636
41 31 64 128 0.0427072
42 31 64 128 0.0425257
43 31 64 128 0.0361831
44 31 64 128 0.03142
45 31 64 128 0.033873
46 31 64 128 0.0275494
47 31 64 128 0.0167643
262 31 64 128 0.0187851
263 31 64 128 0.0545399
264 31 64 128 0.113323
265 31 64 128 0.167301
266 31 64 128 0.202345
267 31 64 128 0.160589
268 31 64 128 0.0801959
269 31 64 128 0.0430078
270 31 64 128 0.0299833
271 31 64 128 0.0424322
272 31 64 128 0.0598419
273 31 64 128 0.0550066
274 31 64 128 0.0304814
275 31 64 128 0.0180966
276 31 64 128 0.0112512
39 32 64 128 0.0181318
40 32 64 128 0.0340148
41 32 64 128 0.0431711
42 32 64 128 0.0439362
43 32 64 128 0.0391319
44 32 64 128 0.0379604
45 32 64 128 0.0435279
46 32 64 128 0.0378783
47 32 64 128 0.0233618
262 32 64 128 0.0225057
263 32 64 128 0.0545603
264 32 64 128 0.108593
265 32 64 128 0.188215
266 32 64 128 0.212717
267 32 64 128 0.156893
268 32 64 128 0.0799934
269 32 64 128 0.0427971
270 32 64 128 0.0337675
271 32 64 128 0.0448568
272 32 64 128 0.0607823
273 32 64 128 0.058581
274 32 64 128 0.0359387
275 32 64 128 0.0218565
276 32 64 128 0.0132848
39 33 64 128 0.016494
40 33 64 128 0.0315623
41 33 64 128 0.0415838
42 33 64 128 0.0429767
43 33 64 128 0.0421046
44 33 64 128 0.0450577
45 33 64 128 0.0500527
46 33 64 128 0.0489364
47 33 64 128 0.0321879
48 33 64 128 0.0131713
262 33 64 128 0.0248697
263 33 64 128 0.0597436
264 33 64 128 0.11698
265 33 64 128 0.198009
266 33 64 128 0.214916
267 33 64 128 0.157395
268 33 64 128 0.0836106
269 33 64 128 0.0439296
270 33 64 128 0.0368563
271 33 64 128 0.0481759
272 33 64 128 0.0644616
273 33 64 128 0.0640679
274 33 64 128 0.0411878
275 33 64 128 0.0243422
276 33 64 128 0.0142702
39 34 64 128 0.0141401
40 34 64 128 0.0273485
41 34 64 128 0.0372601
42 34 64 128 0.0396436
43 34 64 128 0.0435336
44 34 64 128 0.0497005
45 34 64 128 0.0523188
46 34 64 128 0.0578794
47 34 64 128 0.0407122
48 34 64 128 0.0165849
262 34 64 128 0.0251677
263 34 64 128 0.0659652
264 34 64 128 0.129421
265 34 64 128 0.191041
266 34 64 128 0.205528
267 34 64 128 0.157311
268 34 64 128 0.0866376
269 34 64 128 0.0452492
270 34 64 128 0.0377371
271 34 64 128 0.050283
272 34 64 128 0.0683969
273 34 64 128 0.068629
274 34 64 128 0.0440553
275 34 64 128 0.0247504
276 34 64 128 0.013945
39 35 64 128 0.0108824
40 35 64 128 0.0209641
41 35 64 128 0.0301846
42 35 64 128 0.0345615
43 35 64 128 0.0407183
44 35 64 128 0.0473891
45 35 64 128 0.0506782
46 35 64 128 0.0611549
47 35 64 128 0.0448504
48 35 64 128 0.0187874
262 35 64 128 0.0231757
263 35 64 128 0.0632089
264 35 64 128 0.123458
265 35 64 128 0.164997
266 35 64 128 0.179197
267 35 64 128 0.140258
268 35 64 128 0.0763892
269 35 64 128 0.0419727
270 35 64 128 0.034124
271 35 64 128 0.0461985
272 35 64 128 0.0647345
273 35 64 128 0.0651349
274 35 64 128 0.0410991
275 35 64 128 0.0225021
276 35 64 128 0.0123558
40 36 64 128 0.013934
41 36 64 128 0.0220673
42 36 64 128 0.0287584
43 36 64 128 0.0342997
44 36 64 128 0.0391423
45 36 64 128 0.0461184
46 36 64 128 0.0585658
47 36 64 128 0.0443824
48 36 64 128 0.0199892
262 36 64 128 0.0203759
263 36 64 128 0.0535698
264 36 64 128 0.101905
265 36 64 128 0.130452
266 36 64 128 0.144321
267 36 64 128 0.111726
268 36 64 128 0.0579531
269 36 64 128 0.0356056
270 36 64 128 0.0283031
271 36 64 128 0.0388484
272 36 64 128 0.0580808
273 36 64 128 0.0592611
274 36 64 128 0.0356867
275 36 64 128 0.0199079
276 36 64 128 0.0109361
41 37 64 128 0.0160719
42 37 64 128 0.0235913
43 37 64 128 0.0278256
44 37 64 128 0.0307767
45 37 64 128 0.0401739
46 37 64 128 0.0528688
47 37 64 128 0.042477
48 37 64 128 0.0217216
262 37 64 128 0.0196777
263 37 64 128 0.0495909
264 37 64 128 0.0894443
265 37 64 128 0.108841
266 37 64 128 0.121014
267 37 64 128 0.0960604
268 37 64 128 0.0516822
269 37 64 128 0.0330732
270 37 64 128 0.0264479
271 37 64 128 0.037922
272 37 64 128 0.0636828
273 37 64 128 0.0675855
274 37 64 128 0.0370096
275 37 64 128 0.0217075
276 37 64 128 0.0122683
41 38 64 128 0.0131995
42 38 64 128 0.0196832
43 38 64 128 0.0231946
44 38 64 128 0.0254785
45 38 64 128 0.0346003
46 38 64 128 0.0467739
47 38 64 128 0.0413856
48 38 64 128 0.0246982
49 38 64 128 0.0121498
262 38 64 128 0.021377
263 38 64 128 0.0535946
264 38 64 128 0.091718
265 38 64 128 0.104604
266 38 64 128 0.113919
267 38 64 128 0.097954
268 38 64 128 0.0604249
269 38 64 128 0.0355449
270 38 64 128 0.029274
271 38 64 128 0.0446118
272 38 64 128 0.0822824
273 38 64 128 0.0910225
274 38 64 128 0.0474
275 38 64 128 0.0283877
276 38 64 128 0.0163006
41 39 64 128 0.0115535
42 39 64 128 0.016679
43 39 64 128 0.0200101
44 39 64 128 0.0227639
45 39 64 128 0.0314035
46 39 64 128 0.0427831
47 39 64 128 0.0419947
48 39 64 128 0.0284977
49 39 64 128 0.0145108
194 39 64 128 0.0107794
195 39 64 128 0.0108694
262 39 64 128 0.0222867
263 39 64 128 0.0540732
264 39 64 128 0.0884938
265 39 64 128 0.099456
266 39 64 128 0.106912
267 39 64 128 0.0955568
268 39 64 128 0.0634636
269 39 64 128 0.0364189
270 39 64 128 0.0301867
271 39 64 128 0.0486957
272 39 64 128 0.095176
273 39 64 128 0.109506
274 39 64 128 0.0599355
275 39 64 128 0.0347588
276 39 64 128 0.0194837
42 40 64 128 0.0141335
43 40 64 128 0.0175935
44 40 64 128 0.0214757
45 40 64 128 0.0307012
46 40 64 128 0.0415462
47 40 64 128 0.0438625
48 40 64 128 0.0322022
49 40 64 128 0.016684
193 40 64 128 0.0100349
194 40 64 128 0.0157798
195 40 64 128 0.0174816
196 40 64 128 0.012664
262 40 64 128 0.0205503
263 40 64 128 0.0452824
264 40 64 128 0.0698565
265 40 64 128 0.0828204
266 40 64 128 0.0899877
267 40 64 128 0.0770164
268 40 64 128 0.0502215
269 40 64 128 0.0319551
270 40 64 128 0.0256812
271 40 64 128 0.0442114
272 40 64 128 0.0911051
273 40 64 128 0.110155
274 40 64 128 0.0681509
275 40 64 128 0.037097
276 40 64 128 0.0195498
277 40 64 128 0.0102086
42 41 64 128 0.0115553
43 41 64 128 0.0150162
44 41 64 128 0.0196163
45 41 64 128 0.0288401
46 41 64 128 0.0400749
47 41 64 128 0.0441004
48 41 64 128 0.0340634
49 41 64 128 0.0186655
50 41 64 128 0.0110263
193 41 64 128 0.0157859
194 41 64 128 0.0235272
195 41 64 128 0.0261165
196 41 64 128 0.0183051
197 41 64 128 0.0126454
198 41 64 128 0.0108546
262 41 64 128 0.0174111
263 41 64 128 0.0347412
264 41 64 128 0.0497826
265 41 64 128 0.0624244
266 41 64 128 0.0680393
267 41 64 128 0.0538327
268 41 64 128 0.0333563
269 41 64 128 0.0251198
270 41 64 128 0.0193481
271 41 64 128 0.0351615
272 41 64 128 0.0761584
273 41 64 128 0.0971176
274 41 64 128 0.0677296
275 41 64 128 0.0353413
276 41 64 128 0.0172377
43 42 64 128 0.0117248
44 42 64 128 0.0159044
45 42 64 128 0.0232975
46 42 64 128 0.0357552
47 42 64 128 0.0402869
48 42 64 128 0.0325839
49 42 64 128 0.0200523
50 42 64 128 0.0108375
192 42 64 128 0.0122877
193 42 64 128 0.0244837
194 42 64 128 0.0337596
195 42 64 128 0.0354184
196 42 64 128 0.0218861
197 42 64 128 0.0138797
198 42 64 128 0.0123782
262 42 64 128 0.0140766
263 42 64 128 0.0284828
264 42 64 128 0.0393791
265 42 64 128 0.0455497
266 42 64 128 0.0467334
267 42 64 128 0.0364911
268 42 64 128 0.0236439
269 42 64 128 0.0187824
270 42 64 128 0.0144135
271 42 64 128 0.0257585
272 42 64 128 0.0574842
273 42 64 128 0.0765198
274 42 64 128 0.0571002
275 42 64 128 0.0302114
276 42 64 128 0.0136409
44 43 64 128 0.0115517
45 43 64 128 0.0163655
46 43 64 128 0.0284262
47 43 64 128 0.0323078
48 43 64 128 0.0273313
49 43 64 128 0.0190922
192 43 64 128 0.0162152
193 43 64 128 0.0314883
194 43 64 128 0.042241
195 43 64 128 0.0423651
196 43 64 128 0.0244457
197 43 64 128 0.0146436
198 43 64 128 0.0131095
262 43 64 128 0.0105308
263 43 64 128 0.0232269
264 43 64 128 0.0323846
265 43 64 128 0.0315321
266 43 64 128 0.0287449
267 43 64 128 0.0239794
268 43 64 128 0.0177499
269 43 64 128 0.0131052
270 43 64 128 0.0104372
271 43 64 128 0.0172751
272 43 64 128 0.0392341
273 43 64 128 0.0543984
274 43 64 128 0.0423163
275 43 64 128 0.0234993
45 44 64 128 0.0107709
46 44 64 128 0.018869
47 44 64 128 0.0211377
48 44 64 128 0.0187224
49 44 64 128 0.0145558
192 44 64 128 0.0170532
193 44 64 128 0.0325386
194 44 64 128 0.0448655
195 44 64 128 0.0441766
196 44 64 128 0.026937
197 44 64 128 0.016476
198 44 64 128 0.0135591
263 44 64 128 0.0152753
264 44 64 128 0.0214836
265 44 64 128 0.0188478
266 44 64 128 0.0158041
267 44 64 128 0.0137364
268 44 64 128 0.0109309
271 44 64 128 0.0103651
272 44 64 128 0.0245364
273 44 64 128 0.0359814
274 44 64 128 0.0297119
275 44 64 128 0.0169719
46 45 64 128 0.0101614
47 45 64 128 0.0108884
48 45 64 128 0.0102981
192 45 64 128 0.0162083
193 45 64 128 0.0297227
194 45 64 128 0.0418184
195 45 64 128 0.0407792
196 45 64 128 0.0269989
197 45 64 128 0.0171783
198 45 64 128 0.0130212
264 45 64 128 0.0102655
272 45 64 128 0.0143291
273 45 64 128 0.0226637
274 45 64 128 0.0199507
275 45 64 128 0.0112881
192 46 64 128 0.0159983
193 46 64 128 0.0268138
194 46 64 128 0.0348701
195 46 64 128 0.0333081
196 46 64 128 0.0220884
197 46 64 128 0.0141202
198 46 64 128 0.0107302
273 46 64 128 0.0144627
274 46 64 128 0.0121134
192 47 64 128 0.01712
193 47 64 128 0.0257859
194 47 64 128 0.0280526
195 47 64 128 0.0259494
196 47 64 128 0.0160379
197 47 64 128 0.0100952
192 48 64 128 0.0193811
193 48 64 128 0.0275002
194 48 64 128 0.0259686
195 48 64 128 0.0237844
196 48 64 128 0.0150748
191 49 64 128 0.0100584
192 49 64 128 0.0208751
193 49 64 128 0.0292485
194 49 64 128 0.0267201
195 49 64 128 0.0247892
196 49 64 128 0.0175371
197 49 64 128 0.0123604
192 50 64 128 0.0186227
193 50 64 128 0.0260073
194 50 64 128 0.024016
195 50 64 128 0.0221336
196 50 64 128 0.0163924
197 50 64 128 0.0116378
192 51 64 128 0.0132362
193 51 64 128 0.0182342
194 51 64 128 0.0172856
195 51 64 128 0.0151485
196 51 64 128 0.0107349
223 51 64 128 0.0108517
224 51 64 128 0.016015
225 51 64 128 0.0158806
193 52 64 128 0.0121949
194 52 64 128 0.0120721
223 52 64 128 0.0159443
224 52 64 128 0.0243572
225 52 64 128 0.0241348
226 52 64 128 0.0120984
193 53 64 128 0.0104692
194 53 64 128 0.0105715
223 53 64 128 0.0222812
224 53 64 128 0.035968
225 53 64 128 0.0352266
226 53 64 128 0.0172083
222 54 64 128 0.015593
223 54 64 128 0.0364595
224 54 64 128 0.0579656
225 54 64 128 0.0583269
226 54 64 128 0.0282336
222 55 64 128 0.0255942
223 55 64 128 0.0602988
224 55 64 128 0.0917584
225 55 64 128 0.0951397
226 55 64 128 0.0461621
227 55 64 128 0.0110842
222 56 64 128 0.0345512
223 56 64 128 0.0829059
224 56 64 128 0.123806
225 56 64 128 0.127756
226 56 64 128 0.0620651
227 56 64 128 0.014583
222 57 64 128 0.0398661
223 57 64 128 0.09785
224 57 64 128 0.146361
225 57 64 128 0.14442
226 57 64 128 0.0699172
227 57 64 128 0.0172117
221 58 64 128 0.0127182
222 58 64 128 0.0512823
223 58 64 128 0.122755
224 58 64 128 0.182035
225 58 64 128 0.16771
226 58 64 128 0.0802679
227 58 64 128 0.0211227
228 58 64 128 0.0105738
221 59 64 128 0.0230163
222 59 64 128 0.0776685
223 59 64 128 0.174282
224 59 64 128 0.252544
225 59 64 128 0.220884
226 59 64 128 0.104471
227 59 64 128 0.0286865
228 59 64 128 0.0139464
134 60 64 128 0.010368
135 60 64 128 0.0108175
221 60 64 128 0.0343451
222 60 64 128 0.105013
223 60 64 128 0.228954
224 60 64 128 0.3309
225 60 64 128 0.282308
226 60 64 128 0.135075
227 60 64 128 0.0394343
228 60 64 128 0.017949
221 61 64 128 0.03995
222 61 64 128 0.113583
223 61 64 128 0.252741
224 61 64 128 0.376506
225 61 64 128 0.317796
226 61 64 128 0.159105
227 61 64 128 0.0518675
228 61 64 128 0.0204356
220 62 64 128 0.0112957
221 62 64 128 0.041779
222 62 64 128 0.111434
223 62 64 128 0.255275
224 62 64 128 0.393812
225 62 64 128 0.334575
226 62 64 128 0.178338
227 62 64 128 0.0647664
228 62 64 128 0.0224894
220 63 64 128 0.0137129
221 63 64 128 0.0463075
222 63 64 128 0.121093
223 63 64 128 0.269286
224 63 64 128 0.411581
225 63 64 128 0.361803
226 63 64 128 0.202268
227 63 64 128 0.0770608
228 63 64 128 0.0268525
229 63 64 128 0.0108014
220 64 64 128 0.0165562
221 64 64 128 0.0521121
222 64 64 128 0.139987
223 64 64 128 0.294694
224 64 64 128 0.433214
225 64 64 128 0.397682
226 64 64 128 0.227829
227 64 64 128 0.0874885
228 64 64 128 0.0329598
229 64 64 128 0.0138892
134 65 64 128 0.011342
135 65 64 128 0.0103311
220 65 64 128 0.0178005
221 65 64 128 0.0511924
222 65 64 128 0.144432
223 65 64 128 0.30367
224 65 64 128 0.440558
225 65 64 128 0.414174
226 65 64 128 0.241358
227 65 64 128 0.0946493
228 65 64 128 0.0374435
229 65 64 128 0.0154555
125 66 64 128 0.0107481
134 66 64 128 0.0116922
135 66 64 128 0.0105357
220 66 64 128 0.0174371
221 66 64 128 0.0448304
222 66 64 128 0.13205
223 66 64 128 0.292269
224 66 64 128 0.432477
225 66 64 128 0.40332
226 66 64 128 0.238844
227 66 64 128 0.0982095
228 66 64 128 0.0388679
229 66 64 128 0.0153326
125 67 64 128 0.0126634
126 67 64 128 0.011159
127 67 64 128 0.0103523
134 67 64 128 0.0119466
135 67 64 128 0.0105537
220 67 64 128 0.0180871
221 67 64 128 0.046398
222 67 64 128 0.12851
223 67 64 128 0.288161
224 67 64 128 0.430418
225 67 64 128 0.383928
226 67 64 128 0.22908
227 67 64 128 0.0992114
228 67 64 128 0.0383873
229 67 64 128 0.0159894
125 68 64 128 0.0115351
126 68 64 128 0.0100831
133 68 64 128 0.0101131
134 68 64 128 0.0122872
135 68 64 128 0.0106227
220 68 64 128 0.0209414
221 68 64 128 0.0603422
222 68 64 128 0.143909
223 68 64 128 0.301893
224 68 64 128 0.441666
225 68 64 128 0.368705
226 68 64 128 0.219869
227 68 64 128 0.099218
228 68 64 128 0.0369358
229 68 64 128 0.0183012
134 69 64 128 0.0112797
220 69 64 128 0.0240964
221 69 64 128 0.0723523
222 69 64 128 0.154734
223 69 64 128 0.306953
224 69 64 128 0.443316
225 69 64 128 0.355201
226 69 64 128 0.215485
227 69 64 128 0.100623
228 69 64 128 0.0346955
229 69 64 128 0.019733
219 70 64 128 0.010516
220 70 64 128 0.025987
221 70 64 128 0.0722478
222 70 64 128 0.145107
223 70 64 128 0.285795
224 70 64 128 0.419385
225 70 64 128 0.340244
226 70 64 128 0.216467
227 70 64 128 0.103996
228 70 64 128 0.0322569
229 70 64 128 0.018571
219 71 64 128 0.0114097
220 71 64 128 0.0271076
221 71 64 128 0.068528
222 71 64 128 0.133315
223 71 64 128 0.260159
224 71 64 128 0.384758
225 71 64 128 0.323676
226 71 64 128 0.213424
227 71 64 128 0.104194
228 71 64 128 0.0316823
229 71 64 128 0.0167083
219 72 64 128 0.0121268
220 72 64 128 0.0281831
221 72 64 128 0.0703219
222 72 64 128 0.13733
223 72 64 128 0.251653
224 72 64 128 0.356126
225 72 64 128 0.30595
226 72 64 128 0.198131
227 72 64 128 0.096515
228 72 64 128 0.0341925
229 72 64 128 0.016117
219 73 64 128 0.0126437
220 73 64 128 0.0292256
221 73 64 128 0.0734268
222 73 64 128 0.143845
223 73 64 128 0.246986
224 73 64 128 0.33174
225 73 64 128 0.287783
226 73 64 128 0.176521
227 73 64 128 0.0833037
228 73 64 128 0.0357633
229 73 64 128 0.0159958
219 74 64 128 0.0130856
220 74 64 128 0.0303087
221 74 64 128 0.0713264
222 74 64 128 0.134192
223 74 64 128 0.226509
224 74 64 128 0.305527
225 74 64 128 0.269363
226 74 64 128 0.157267
227 74 64 128 0.0687215
228 74 64 128 0.0317285
229 74 64 128 0.014914
219 75 64 128 0.0149233
220 75 64 128 0.0335555
221 75 64 128 0.0696385
222 75 64 128 0.118663
223 75 64 128 0.200051
224 75 64 128 0.279685
225 75 64 128 0.246302
226 75 64 128 0.138323
227 75 64 128 0.0549876
228 75 64 128 0.0242219
229 75 64 128 0.0128455
219 76 64 128 0.0199325
220 76 64 128 0.0415628
221 76 64 128 0.0782667
222 76 64 128 0.118688
223 76 64 128 0.188791
224 76 64 128 0.259196
225 76 64 128 0.212737
226 76 64 128 0.113383
227 76 64 128 0.0433184
228 76 64 128 0.0181752
229 76 64 128 0.0103962
219 77 64 128 0.0259047
220 77 64 128 0.0509824
221 77 64 128 0.0909064
222 77 64 128 0.12866
223 77 64 128 0.186591
224 77 64 128 0.236173
225 77 64 128 0.170743
226 77 64 128 0.0844025
227 77 64 128 0.0334435
228 77 64 128 0.0145264
219 78 64 128 0.0280275
220 78 64 128 0.0545628
221 78 64 128 0.090604
222 78 64 128 0.124975
223 78 64 128 0.169185
224 78 64 128 0.194595
225 78 64 128 0.12783
226 78 64 128 0.0589103
227 78 64 128 0.0241258
228 78 64 128 0.0114825
291 78 64 128 0.0110293
292 78 64 128 0.0115857
219 79 64 128 0.0253635
220 79 64 128 0.0504255
221 79 64 128 0.0750797
222 79 64 128 0.103037
223 79 64 128 0.132986
224 79 64 128 0.137805
225 79 64 128 0.0898693
226 79 64 128 0.0402843
227 79 64 128 0.0155833
291 79 64 128 0.0155386
292 79 64 128 0.0161134
293 79 64 128 0.0122128
219 80 64 128 0.0210263
220 80 64 128 0.0423286
221 80 64 128 0.0573814
222 80 64 128 0.0782069
223 80 64 128 0.0960805
224 80 64 128 0.0891851
225 80 64 128 0.0608717
226 80 64 128 0.0274812
290 80 64 128 0.0134998
291 80 64 128 0.0225335
292 80 64 128 0.0229417
293 80 64 128 0.0177166
294 80 64 128 0.0162229
295 80 64 128 0.0109518
219 81 64 128 0.0170884
220 81 64 128 0.0334128
221 81 64 128 0.0448548
222 81 64 128 0.0593992
223 81 64 128 0.0689942
224 81 64 128 0.0603264
225 81 64 128 0.0418842
226 81 64 128 0.0190637
290 81 64 128 0.0162334
291 81 64 128 0.0308688
292 81 64 128 0.0311717
293 81 64 128 0.0234859
294 81 64 128 0.0260701
295 81 64 128 0.0147182
219 82 64 128 0.0137169
220 82 64 128 0.0254544
221 82 64 128 0.0349051
222 82 64 128 0.0441049
223 82 64 128 0.0489687
224 82 64 128 0.0431018
225 82 64 128 0.0294947
226 82 64 128 0.0133026
289 82 64 128 0.0108838
290 82 64 128 0.0174877
291 82 64 128 0.0345087
292 82 64 128 0.0355768
293 82 64 128 0.0275041
294 82 64 128 0.0312792
295 82 64 128 0.0172726
219 83 64 128 0.0108927
220 83 64 128 0.0195361
221 83 64 128 0.025521
222 83 64 128 0.0303924
223 83 64 128 0.0333218
224 83 64 128 0.0303357
225 83 64 128 0.0207739
290 83 64 128 0.0170979
291 83 64 128 0.0308796
292 83 64 128 0.0338283
293 83 64 128 0.0286674
294 83 64 128 0.0283221
295 83 64 128 0.0179907
220 84 64 128 0.0153802
221 84 64 128 0.0180865
222 84 64 128 0.0200117
223 84 64 128 0.022246
224 84 64 128 0.0211013
225 84 64 128 0.0148382
290 84 64 128 0.0155861
291 84 64 128 0.0265704
292 84 64 128 0.0313161
293 84 64 128 0.0282659
294 84 64 128 0.0238197
295 84 64 128 0.0175229
220 85 64 128 0.012427
221 85 64 128 0.013723
222 85 64 128 0.014288
223 85 64 128 0.015795
224 85 64 128 0.0151342
225 85 64 128 0.0110341
290 85 64 128 0.0136464
291 85 64 128 0.02708
292 85 64 128 0.0324749
293 85 64 128 0.0275656
294 85 64 128 0.023549
295 85 64 128 0.0167156
221 86 64 128 0.0107803
222 86 64 128 0.0110201
223 86 64 128 0.0119812
224 86 64 128 0.0112918
290 86 64 128 0.0122412
291 86 64 128 0.0290153
292 86 64 128 0.0341147
293 86 64 128 0.0264697
294 86 64 128 0.024778
295 86 64 128 0.0164595
296 86 64 128 0.0100796
290 87 64 128 0.0120381
291 87 64 128 0.0277276
292 87 64 128 0.032043
293 87 64 128 0.0245304
294 87 64 128 0.0235145
295 87 64 128 0.0172582
296 87 64 128 0.0110571
290 88 64 128 0.0116143
291 88 64 128 0.0232252
292 88 64 128 0.0264945
293 88 64 128 0.0210834
294 88 64 128 0.019875
295 88 64 128 0.0172895
296 88 64 128 0.0114888
291 89 64 128 0.0171943
292 89 64 128 0.0193077
293 89 64 128 0.0155969
294 89 64 128 0.0154059
295 89 64 128 0.0142538
291 90 64 128 0.011199
292 90 64 128 0.012285
294 90 64 128 0.0110572
279 105 64 128 0.0154066
280 105 64 128 0.0154444
281 105 64 128 0.0139958
282 105 64 128 0.0104835
279 106 64 128 0.0163378
280 106 64 128 0.0166814
281 106 64 128 0.015146
282 106 64 128 0.0111856
279 107 64 128 0.0103958
280 107 64 128 0.0114311
281 107 64 128 0.0104793
225 108 64 128 0.010575
225 109 64 128 0.0111956
279 109 64 128 0.0106166
280 109 64 128 0.0114341
281 109 64 128 0.0105764
225 110 64 128 0.0120687
226 110 64 128 0.0105295
279 110 64 128 0.0123197
280 110 64 128 0.0126928
281 110 64 128 0.0116559
225 111 64 128 0.0135499
226 111 64 128 0.0111339
225 112 64 128 0.014931
226 112 64 128 0.0120618
225 113 64 128 0.0155739
226 113 64 128 0.0136763
227 113 64 128 0.0103627
225 114 64 128 0.0156264
226 114 64 128 0.0150354
227 114 64 128 0.0115411
225 115 64 128 0.0154638
226 115 64 128 0.0152747
227 115 64 128 0.0118707
225 116 64 128 0.0157531
226 116 64 128 0.0156423
227 116 64 128 0.0122779
225 117 64 128 0.0171065
226 117 64 128 0.0177985
227 117 64 128 0.0140074
228 117 64 128 0.0102564
224 118 64 128 0.0113516
225 118 64 128 0.0186617
226 118 64 128 0.0202782
227 118 64 128 0.0160103
228 118 64 128 0.0109491
224 119 64 128 0.0124242
225 119 64 128 0.0188494
226 119 64 128 0.0201135
227 119 64 128 0.0161272
228 119 64 128 0.0110615
224 120 64 128 0.0123363
225 120 64 128 0.0176611
226 120 64 128 0.0175744
227 120 64 128 0.0144657
228 120 64 128 0.0105719
224 121 64 128 0.0111215
225 121 64 128 0.0163374
226 121 64 128 0.0155258
227 121 64 128 0.0129528
225 122 64 128 0.0149863
226 122 64 128 0.0145377
227 122 64 128 0.0119878
225 123 64 128 0.012298
226 123 64 128 0.0122988
227 123 64 128 0.0100493
64 139 64 128 0.0102762
63 140 64 128 0.0105015
64 140 64 128 0.013428
63 141 64 128 0.010904
64 141 64 128 0.0150017
63 142 64 128 0.0120897
64 142 64 128 0.0175861
65 142 64 128 0.0115299
63 143 64 128 0.01653
64 143 64 128 0.0236689
65 143 64 128 0.0154745
62 144 64 128 0.010643
63 144 64 128 0.0216933
64 144 64 128 0.0306799
65 144 64 128 0.0201484
66 144 64 128 0.0126132
53 145 64 128 0.010507
62 145 64 128 0.0108074
63 145 64 128 0.024101
64 145 64 128 0.0351237
65 145 64 128 0.0237674
66 145 64 128 0.0158272
67 145 64 128 0.0110959
52 146 64 128 0.0105578
53 146 64 128 0.0115222
62 146 64 128 0.0108352
63 146 64 128 0.0272921
64 146 64 128 0.0408942
65 146 64 128 0.0281749
66 146 64 128 0.0199389
67 146 64 128 0.0147561
68 146 64 128 0.012185
69 146 64 128 0.012142
52 147 64 128 0.0128455
53 147 64 128 0.0134738
62 147 64 128 0.0151345
63 147 64 128 0.0379404
64 147 64 128 0.0551374
65 147 64 128 0.0368042
66 147 64 128 0.0274394
67 147 64 128 0.0219732
68 147 64 128 0.0172857
69 147 64 128 0.0154975
70 147 64 128 0.0126933
51 148 64 128 0.0101431
52 148 64 128 0.0161504
53 148 64 128 0.0162605
61 148 64 128 0.0104973
62 148 64 128 0.0224423
63 148 64 128 0.053351
64 148 64 128 0.0743702
65 148 64 128 0.0477642
66 148 64 128 0.0373737
67 148 64 128 0.0319484
68 148 64 128 0.0242807
69 148 64 128 0.0199023
70 148 64 128 0.0167849
71 148 64 128 0.0122258
50 149 64 128 0.0108783
51 149 64 128 0.0121488
52 149 64 128 0.0192374
53 149 64 128 0.0189647
54 149 64 128 0.0102948
61 149 64 128 0.012308
62 149 64 128 0.027081
63 149 64 128 0.0635631
64 149 64 128 0.0869126
65 149 64 128 0.0550864
66 149 64 128 0.0461478
67 149 64 128 0.0414787
68 149 64 128 0.0317261
69 149 64 128 0.0252023
70 149 64 128 0.0201862
71 149 64 128 0.0149602
72 149 64 128 0.0111652
50 150 64 128 0.0123629
51 150 64 128 0.0138038
52 150 64 128 0.0215874
53 150 64 128 0.0211543
54 150 64 128 0.0115225
61 150 64 128 0.0124732
62 150 64 128 0.0277282
63 150 64 128 0.0665546
64 150 64 128 0.0915078
65 150 64 128 0.0589582
66 150 64 128 0.054183
67 150 64 128 0.0512678
68 150 64 128 0.0409317
69 150 64 128 0.0327976
70 150 64 128 0.0236642
71 150 64 128 0.0176367
72 150 64 128 0.0140573
73 150 64 128 0.0100584
76 150 64 128 0.011001
77 150 64 128 0.0114771
48 151 64 128 0.0100875
49 151 64 128 0.0108979
50 151 64 128 0.0138922
51 151 64 128 0.0150687
52 151 64 128 0.0235624
53 151 64 128 0.0229976
54 151 64 128 0.0121938
55 151 64 128 0.0107461
61 151 64 128 0.0138119
62 151 64 128 0.0283758
63 151 64 128 0.0699506
64 151 64 128 0.0994932
65 151 64 128 0.0669608
66 151 64 128 0.0667042
67 151 64 128 0.0666798
68 151 64 128 0.0564565
69 151 64 128 0.0458951
70 151 64 128 0.0308784
71 151 64 128 0.022285
72 151 64 128 0.0181051
73 151 64 128 0.0132301
76 151 64 128 0.0137333
77 151 64 128 0.0136719
47 152 64 128 0.010158
48 152 64 128 0.0115459
49 152 64 128 0.0112107
50 152 64 128 0.0151906
51 152 64 128 0.0157701
52 152 64 128 0.0249001
53 152 64 128 0.0241541
54 152 64 128 0.012101
55 152 64 128 0.0113951
61 152 64 128 0.01678
62 152 64 128 0.030275
63 152 64 128 0.0750958
64 152 64 128 0.111377
65 152 64 128 0.0785476
66 152 64 128 0.0819556
67 152 64 128 0.0855611
68 152 64 128 0.0758789
69 152 64 128 0.0623856
70 152 64 128 0.0414558
71 152 64 128 0.0286027
72 152 64 128 0.0228259
73 152 64 128 0.0168407
74 152 64 128 0.0115553
75 152 64 128 0.0129482
76 152 64 128 0.0161204
77 152 64 128 0.0147245
78 152 64 128 0.0100109
47 153 64 128 0.0118211
48 153 64 128 0.0123476
49 153 64 128 0.0110336
50 153 64 128 0.0155053
51 153 64 128 0.0154705
52 153 64 128 0.0241272
53 153 64 128 0.023308
54 153 64 128 0.0112889
55 153 64 128 0.0108899
61 153 64 128 0.0172659
62 153 64 128 0.0292047
63 153 64 128 0.0710639
64 153 64 128 0.106935
65 153 64 128 0.0778266
66 153 64 128 0.0851641
67 153 64 128 0.0917939
68 153 64 128 0.0839246
69 153 64 128 0.0704416
70 153 64 128 0.0474907
71 153 64 128 0.0319231
72 153 64 128 0.025661
73 153 64 128 0.0196032
74 153 64 128 0.0138179
75 153 64 128 0.0159819
76 153 64 128 0.0187882
77 153 64 128 0.0171425
78 153 64 128 0.0121342
47 154 64 128 0.0124473
48 154 64 128 0.012267
49 154 64 128 0.0106035
50 154 64 128 0.0144866
51 154 64 128 0.0141117
52 154 64 128 0.0207371
53 154 64 128 0.02003
61 154 64 128 0.0130086
62 154 64 128 0.0229013
63 154 64 128 0.0524436
64 154 64 128 0.0760838
65 154 64 128 0.056626
66 154 64 128 0.0684271
67 154 64 128 0.076529
68 154 64 128 0.0719849
69 154 64 128 0.0631011
70 154 64 128 0.0440742
71 154 64 128 0.029451
72 154 64 128 0.0250214
73 154 64 128 0.0205133
74 154 64 128 0.0145484
75 154 64 128 0.0172251
76 154 64 128 0.0217799
77 154 64 128 0.0219527
78 154 64 128 0.0168953
79 154 64 128 0.0106689
47 155 64 128 0.0122671
48 155 64 128 0.0113931
50 155 64 128 0.0130312
51 155 64 128 0.012756
52 155 64 128 0.0172324
53 155 64 128 0.0166127
62 155 64 128 0.016062
63 155 64 128 0.0325302
64 155 64 128 0.0426214
65 155 64 128 0.0324343
66 155 64 128 0.0464943
67 155 64 128 0.0549386
68 155 64 128 0.0534939
69 155 64 128 0.0495886
70 155 64 128 0.0367107
71 155 64 128 0.024797
72 155 64 128 0.0225852
73 155 64 128 0.0196036
74 155 64 128 0.0135456
75 155 64 128 0.0166154
76 155 64 128 0.0232913
77 155 64 128 0.0253331
78 155 64 128 0.0204036
79 155 64 128 0.013332
230 155 64 128 0.0100642
246 155 64 128 0.0115033
247 155 64 128 0.011925
46 156 64 128 0.0100288
47 156 64 128 0.0116403
50 156 64 128 0.0119973
51 156 64 128 0.0123158
52 156 64 128 0.0158974
53 156 64 128 0.0151403
62 156 64 128 0.0130971
63 156 64 128 0.0238014
64 156 64 128 0.0290091
65 156 64 128 0.0220311
66 156 64 128 0.0340223
67 156 64 128 0.0422652
68 156 64 128 0.0421772
69 156 64 128 0.0397568
70 156 64 128 0.0314172
71 156 64 128 0.0217797
72 156 64 128 0.0203123
73 156 64 128 0.0173763
74 156 64 128 0.0110937
75 156 64 128 0.0146197
76 156 64 128 0.0220983
77 156 64 128 0.0241891
78 156 64 128 0.0194577
79 156 64 128 0.0129157
230 156 64 128 0.011966
231 156 64 128 0.010225
246 156 64 128 0.0143953
247 156 64 128 0.0153138
46 157 64 128 0.0101063
47 157 64 128 0.0109028
50 157 64 128 0.0111529
51 157 64 128 0.0122242
52 157 64 128 0.015841
53 157 64 128 0.0147782
62 157 64 128 0.0120223
63 157 64 128 0.0213392
64 157 64 128 0.0268355
65 157 64 128 0.0201245
66 157 64 128 0.0284948
67 157 64 128 0.0362738
68 157 64 128 0.0367095
69 157 64 128 0.0342013
70 157 64 128 0.0287263
71 157 64 128 0.0203755
72 157 64 128 0.0189664
73 157 64 128 0.0156053
75 157 64 128 0.0131303
76 157 64 128 0.02086
77 157 64 128 0.0221709
78 157 64 128 0.017473
79 157 64 128 0.0118901
225 157 64 128 0.0104037
230 157 64 128 0.0131655
231 157 64 128 0.0114308
232 157 64 128 0.0100483
246 157 64 128 0.0164003
247 157 64 128 0.0178101
248 157 64 128 0.0111397
47 158 64 128 0.0103715
50 158 64 128 0.0100871
51 158 64 128 0.0116759
52 158 64 128 0.015533
53 158 64 128 0.0141329
63 158 64 128 0.0167805
64 158 64 128 0.021464
65 158 64 128 0.0168096
66 158 64 128 0.0235045
67 158 64 128 0.030748
68 158 64 128 0.0322377
69 158 64 128 0.0310785
70 158 64 128 0.0277298
71 158 64 128 0.0197045
72 158 64 128 0.0189688
73 158 64 128 0.0161233
75 158 64 128 0.0141772
76 158 64 128 0.0227625
77 158 64 128 0.0239853
78 158 64 128 0.0189148
79 158 64 128 0.0133937
143 158 64 128 0.010867
144 158 64 128 0.0124792
145 158 64 128 0.011323
146 158 64 128 0.0109593
147 158 64 128 0.010693
148 158 64 128 0.0110502
149 158 64 128 0.0110035
225 158 64 128 0.0109366
226 158 64 128 0.0106608
230 158 64 128 0.014077
231 158 64 128 0.0121008
232 158 64 128 0.0110088
233 158 64 128 0.0101843
246 158 64 128 0.0171696
247 158 64 128 0.0189172
248 158 64 128 0.0125173
47 159 64 128 0.0102747
51 159 64 128 0.0109912
52 159 64 128 0.0149823
53 159 64 128 0.0134217
63 159 64 128 0.0105758
64 159 64 128 0.0131349
65 159 64 128 0.0116881
66 159 64 128 0.0179477
67 159 64 128 0.0247198
68 159 64 128 0.0277446
69 159 64 128 0.0290297
70 159 64 128 0.0278361
71 159 64 128 0.0201703
72 159 64 128 0.0206136
73 159 64 128 0.0187808
74 159 64 128 0.0122491
75 159 64 128 0.0180655
76 159 64 128 0.0273404
77 159 64 128 0.0289864
78 159 64 128 0.023087
79 159 64 128 0.0162307
80 159 64 128 0.0127495
81 159 64 128 0.0116107
140 159 64 128 0.012687
141 159 64 128 0.0132662
142 159 64 128 0.0153521
143 159 64 128 0.0203076
144 159 64 128 0.0229899
145 159 64 128 0.0203541
146 159 64 128 0.019638
147 159 64 128 0.0190188
148 159 64 128 0.0204273
149 159 64 128 0.0212078
150 159 64 128 0.0145149
151 159 64 128 0.013785
152 159 64 128 0.0115744
154 159 64 128 0.0109944
225 159 64 128 0.0106598
226 159 64 128 0.0105739
230 159 64 128 0.0148163
231 159 64 128 0.0124363
232 159 64 128 0.011411
233 159 64 128 0.0108927
246 159 64 128 0.0168899
247 159 64 128 0.0187954
248 159 64 128 0.0132885
47 160 64 128 0.0107875
51 160 64 128 0.0108911
52 160 64 128 0.0147852
53 160 64 128 0.0134377
66 160 64 128 0.0129135
67 160 64 128 0.0193615
68 160 64 128 0.0237618
69 160 64 128 0.0269224
70 160 64 128 0.0284971
71 160 64 128 0.022477
72 160 64 128 0.0239572
73 160 64 128 0.0225253
74 160 64 128 0.0167531
75 160 64 128 0.0242578
76 160 64 128 0.0326069
77 160 64 128 0.0343338
78 160 64 128 0.0272242
79 160 64 128 0.0176184
80 160 64 128 0.014028
81 160 64 128 0.0118762
139 160 64 128 0.0129433
140 160 64 128 0.0214771
141 160 64 128 0.0220155
142 160 64 128 0.0230525
143 160 64 128 0.030826
144 160 64 128 0.0365071
145 160 64 128 0.0315708
146 160 64 128 0.0328969
147 160 64 128 0.0306781
148 160 64 128 0.0353649
149 160 64 128 0.0414575
150 160 64 128 0.0225666
151 160 64 128 0.0208953
152 160 64 128 0.0187715
153 160 64 128 0.0163806
154 160 64 128 0.0187016
225 160 64 128 0.0100293
230 160 64 128 0.0153397
231 160 64 128 0.0126616
232 160 64 128 0.0112886
233 160 64 128 0.0108718
246 160 64 128 0.0159506
247 160 64 128 0.0178514
248 160 64 128 0.012919
46 161 64 128 0.0103414
47 161 64 128 0.0119011
51 161 64 128 0.0112052
52 161 64 128 0.0147848
53 161 64 128 0.0137328
67 161 64 128 0.0148695
68 161 64 128 0.0199306
69 161 64 128 0.023864
70 161 64 128 0.0281089
71 161 64 128 0.0245013
72 161 64 128 0.026919
73 161 64 128 0.0255698
74 161 64 128 0.0211912
75 161 64 128 0.0309161
76 161 64 128 0.0368747
77 161 64 128 0.0380473
78 161 64 128 0.0299267
79 161 64 128 0.0176799
80 161 64 128 0.0144191
81 161 64 128 0.0112916
139 161 64 128 0.0189925
140 161 64 128 0.0348142
141 161 64 128 0.0347598
142 161 64 128 0.0349486
143 161 64 128 0.0471237
144 161 64 128 0.0568572
145 161 64 128 0.0512593
146 161 64 128 0.0561159
147 161 64 128 0.0512635
148 161 64 128 0.0586346
149 161 64 128 0.0704596
150 161 64 128 0.0372162
151 161 64 128 0.0359663
152 161 64 128 0.0330328
153 161 64 128 0.0287375
154 161 64 128 0.0328459
155 161 64 128 0.0157283
156 161 64 128 0.0128127
157 161 64 128 0.0105649
230 161 64 128 0.0152167
231 161 64 128 0.0123845
232 161 64 128 0.0105002
233 161 64 128 0.0100894
246 161 64 128 0.0144615
247 161 64 128 0.016119
248 161 64 128 0.0115053
45 162 64 128 0.0111967
46 162 64 128 0.0130959
47 162 64 128 0.0134874
48 162 64 128 0.0101729
51 162 64 128 0.0112525
52 162 64 128 0.0144003
53 162 64 128 0.0131481
67 162 64 128 0.0108267
68 162 64 128 0.0153707
69 162 64 128 0.0191777
70 162 64 128 0.0245112
71 162 64 128 0.0224819
72 162 64 128 0.0261947
73 162 64 128 0.0257516
74 162 64 128 0.0233258
75 162 64 128 0.035421
76 162 64 128 0.0387015
77 162 64 128 0.038777
78 162 64 128 0.0307058
79 162 64 128 0.0183168
80 162 64 128 0.016662
81 162 64 128 0.0126115
82 162 64 128 0.0104016
138 162 64 128 0.0131439
139 162 64 128 0.0284873
140 162 64 128 0.0538347
141 162 64 128 0.0528525
142 162 64 128 0.0575513
143 162 64 128 0.0776747
144 162 64 128 0.0904428
145 162 64 128 0.0896354
146 162 64 128 0.0968448
147 162 64 128 0.0892414
148 162 64 128 0.0936208
149 162 64 128 0.103372
150 162 64 128 0.0661192
151 162 64 128 0.068931
152 162 64 128 0.0611991
153 162 64 128 0.05276
154 162 64 128 0.0589171
155 162 64 128 0.0307733
156 162 64 128 0.0236543
157 162 64 128 0.0175714
230 162 64 128 0.0138163
231 162 64 128 0.0108715
246 162 64 128 0.0123713
247 162 64 128 0.0134281
45 163 64 128 0.0140924
46 163 64 128 0.0169356
47 163 64 128 0.0153995
48 163 64 128 0.0107332
51 163 64 128 0.0117519
52 163 64 128 0.0144135
53 163 64 128 0.0124879
68 163 64 128 0.0104052
69 163 64 128 0.0135241
70 163 64 128 0.0182417
71 163 64 128 0.0166798
72 163 64 128 0.0218117
73 163 64 128 0.0229697
74 163 64 128 0.0225149
75 163 64 128 0.0363369
76 163 64 128 0.0376841
77 163 64 128 0.0366996
78 163 64 128 0.0296155
79 163 64 128 0.0193064
80 163 64 128 0.0199655
81 163 64 128 0.0153962
82 163 64 128 0.0136434
83 163 64 128 0.0122798
138 163 64 128 0.018474
139 163 64 128 0.0399346
140 163 64 128 0.0733714
141 163 64 128 0.0722187
142 163 64 128 0.0857111
143 163 64 128 0.115615
144 163 64 128 0.130248
145 163 64 128 0.136478
146 163 64 128 0.145701
147 163 64 128 0.137414
148 163 64 128 0.135177
149 163 64 128 0.136258
150 163 64 128 0.103452
151 163 64 128 0.11327
152 163 64 128 0.0990254
153 163 64 128 0.0853327
154 163 64 128 0.0932681
155 163 64 128 0.0535451
156 163 64 128 0.0400236
157 163 64 128 0.0273687
158 163 64 128 0.0113053
230 163 64 128 0.0115518
246 163 64 128 0.0100425
247 163 64 128 0.0104135
45 164 64 128 0.0175892
46 164 64 128 0.0202774
47 164 64 128 0.0174805
48 164 64 128 0.0120549
50 164 64 128 0.0112383
51 164 64 128 0.0147444
52 164 64 128 0.0169029
53 164 64 128 0.0144304
70 164 64 128 0.0124241
71 164 64 128 0.0112273
72 164 64 128 0.0170086
73 164 64 128 0.019114
74 164 64 128 0.0196776
75 164 64 128 0.0334249
76 164 64 128 0.0344425
77 164 64 128 0.0334545
78 164 64 128 0.0272258
79 164 64 128 0.0183892
80 164 64 128 0.0201675
81 164 64 128 0.0161497
82 164 64 128 0.0148688
83 164 64 128 0.013393
137 164 64 128 0.0114986
138 164 64 128 0.0245914
139 164 64 128 0.048695
140 164 64 128 0.0823558
141 164 64 128 0.0836624
142 164 64 128 0.103194
143 164 64 128 0.139511
144 164 64 128 0.156516
145 164 64 128 0.1622
146 164 64 128 0.17725
147 164 64 128 0.173671
148 164 64 128 0.17003
149 164 64 128 0.166072
150 164 64 128 0.130544
151 164 64 128 0.146791
152 164 64 128 0.131684
153 164 64 128 0.114848
154 164 64 128 0.123553
155 164 64 128 0.0768772
156 164 64 128 0.059472
157 164 64 128 0.0397365
158 164 64 128 0.0164783
159 164 64 128 0.0127801
45 165 64 128 0.0215025
46 165 64 128 0.0229629
47 165 64 128 0.0198597
48 165 64 128 0.0142095
49 165 64 128 0.0106096
50 165 64 128 0.0160717
51 165 64 128 0.0203593
52 165 64 128 0.0226734
53 165 64 128 0.0200244
54 165 64 128 0.0137428
72 165 64 128 0.013814
73 165 64 128 0.0157787
74 165 64 128 0.0163588
75 165 64 128 0.0285031
76 165 64 128 0.0307765
77 165 64 128 0.0306275
78 165 64 128 0.024427
79 165 64 128 0.0154347
80 165 64 128 0.0166224
81 165 64 128 0.0142221
82 165 64 128 0.0131948
83 165 64 128 0.0112068
137 165 64 128 0.0146322
138 165 64 128 0.0302872
139 165 64 128 0.0527607
140 165 64 128 0.0788227
141 165 64 128 0.0841088
142 165 64 128 0.104635
143 165 64 128 0.142662
144 165 64 128 0.162233
145 165 64 128 0.158353
146 165 64 128 0.182456
147 165 64 128 0.188655
148 165 64 128 0.190741
149 165 64 128 0.187598
150 165 64 128 0.139237
151 165 64 128 0.160457
152 165 64 128 0.151962
153 165 64 128 0.135506
154 165 64 128 0.144823
155 165 64 128 0.098143
156 165 64 128 0.0800045
157 165 64 128 0.0534501
158 165 64 128 0.0230267
159 165 64 128 0.0175071
160 165 64 128 0.0120983
45 166 64 128 0.0256705
46 166 64 128 0.0269434
47 166 64 128 0.0230798
48 166 64 128 0.0164924
49 166 64 128 0.012732
50 166 64 128 0.020213
51 166 64 128 0.025904
52 166 64 128 0.0306239
53 166 64 128 0.0278668
54 166 64 128 0.0185878
55 166 64 128 0.012549
72 166 64 128 0.0123189
73 166 64 128 0.0140097
74 166 64 128 0.0149071
75 166 64 128 0.0262743
76 166 64 128 0.0301173
77 166 64 128 0.0296359
78 166 64 128 0.0225385
79 166 64 128 0.0134979
80 166 64 128 0.0139479
81 166 64 128 0.0132427
82 166 64 128 0.0120389
137 166 64 128 0.0164227
138 166 64 128 0.0331562
139 166 64 128 0.0541055
140 166 64 128 0.0742638
141 166 64 128 0.0796111
142 166 64 128 0.100982
143 166 64 128 0.140456
144 166 64 128 0.159498
145 166 64 128 0.148091
146 166 64 128 0.176869
147 166 64 128 0.192268
148 166 64 128 0.198774
149 166 64 128 0.192469
150 166 64 128 0.13728
151 166 64 128 0.165112
152 166 64 128 0.164239
153 166 64 128 0.150377
154 166 64 128 0.163288
155 166 64 128 0.121604
156 166 64 128 0.100424
157 166 64 128 0.0658657
158 166 64 128 0.0292286
159 166 64 128 0.0211035
160 166 64 128 0.0141412
44 167 64 128 0.0122408
45 167 64 128 0.0299774
46 167 64 128 0.0328404
47 167 64 128 0.0275273
48 167 64 128 0.0190113
49 167 64 128 0.0151
50 167 64 128 0.0232164
51 167 64 128 0.0314714
52 167 64 128 0.041233
53 167 64 128 0.0384451
54 167 64 128 0.0237701
55 167 64 128 0.0150218
72 167 64 128 0.0120863
73 167 64 128 0.0140057
74 167 64 128 0.0162049
75 167 64 128 0.0288578
76 167 64 128 0.0337668
77 167 64 128 0.0309479
78 167 64 128 0.0222959
79 167 64 128 0.0144124
80 167 64 128 0.0150118
81 167 64 128 0.0153489
82 167 64 128 0.0135582
83 167 64 128 0.0114026
84 167 64 128 0.0106798
85 167 64 128 0.0107778
137 167 64 128 0.0163614
138 167 64 128 0.0325636
139 167 64 128 0.0543162
140 167 64 128 0.0750109
141 167 64 128 0.074881
142 167 64 128 0.0993426
143 167 64 128 0.141742
144 167 64 128 0.15616
145 167 64 128 0.145686
146 167 64 128 0.171922
147 167 64 128 0.191425
148 167 64 128 0.195311
149 167 64 128 0.17804
150 167 64 128 0.130328
151 167 64 128 0.166801
152 167 64 128 0.170534
153 167 64 128 0.160292
154 167 64 128 0.180095
155 167 64 128 0.146334
156 167 64 128 0.118051
157 167 64 128 0.0745447
158 167 64 128 0.033371
159 167 64 128 0.0219521
160 167 64 128 0.0140194
44 168 64 128 0.0145762
45 168 64 128 0.0344039
46 168 64 128 0.0380073
47 168 64 128 0.0331773
48 168 64 128 0.0237827
49 168 64 128 0.0195771
50 168 64 128 0.0313864
51 168 64 128 0.0437264
52 168 64 128 0.0587583
53 168 64 128 0.0568001
54 168 64 128 0.0361047
55 168 64 128 0.0203936
72 168 64 128 0.0118539
73 168 64 128 0.0142055
74 168 64 128 0.0177918
75 168 64 128 0.0322293
76 168 64 128 0.0380924
77 168 64 128 0.0329837
78 168 64 128 0.023085
79 168 64 128 0.0167967
80 168 64 128 0.0179572
81 168 64 128 0.0186862
82 168 64 128 0.01642
83 168 64 128 0.0145002
84 168 64 128 0.01507
85 168 64 128 0.0151595
86 168 64 128 0.0110958
137 168 64 128 0.0164832
138 168 64 128 0.0319496
139 168 64 128 0.0534556
140 168 64 128 0.073818
141 168 64 128 0.070141
142 168 64 128 0.095645
143 168 64 128 0.13731
144 168 64 128 0.147519
145 168 64 128 0.140602
146 168 64 128 0.165849
147 168 64 128 0.18322
148 168 64 128 0.179411
149 168 64 128 0.154714
150 168 64 128 0.116747
151 168 64 128 0.157689
152 168 64 128 0.165712
153 168 64 128 0.159674
154 168 64 128 0.183424
155 168 64 128 0.158885
156 168 64 128 0.126825
157 168 64 128 0.0777394
158 168 64 128 0.0340002
159 168 64 128 0.020114
160 168 64 128 0.0125656
44 169 64 128 0.015911
45 169 64 128 0.0392329
46 169 64 128 0.0410605
47 169 64 128 0.0400819
48 169 64 128 0.0321849
49 169 64 128 0.0275662
50 169 64 128 0.0488333
51 169 64 128 0.0671963
52 169 64 128 0.0856859
53 169 64 128 0.0851551
54 169 64 128 0.058853
55 169 64 128 0.0303949
56 169 64 128 0.0107844
72 169 64 128 0.0107449
73 169 64 128 0.0133511
74 169 64 128 0.0176132
75 169 64 128 0.0330105
76 169 64 128 0.0398457
77 169 64 128 0.0341404
78 169 64 128 0.0240566
79 169 64 128 0.0190266
80 169 64 128 0.0207956
81 169 64 128 0.0214359
82 169 64 128 0.0191954
83 169 64 128 0.0174445
84 169 64 128 0.0187175
85 169 64 128 0.0196223
86 169 64 128 0.0132748
135 169 64 128 0.0101745
136 169 64 128 0.0106128
137 169 64 128 0.0179667
138 169 64 128 0.0333167
139 169 64 128 0.0507714
140 169 64 128 0.0642195
141 169 64 128 0.0642865
142 169 64 128 0.0854491
143 169 64 128 0.118992
144 169 64 128 0.128683
145 169 64 128 0.122551
146 169 64 128 0.153962
147 169 64 128 0.163635
148 169 64 128 0.150659
149 169 64 128 0.130762
150 169 64 128 0.095216
151 169 64 128 0.131736
152 169 64 128 0.145628
153 169 64 128 0.14409
154 169 64 128 0.164481
155 169 64 128 0.148979
156 169 64 128 0.121906
157 169 64 128 0.074082
158 169 64 128 0.0303557
159 169 64 128 0.0161395
160 169 64 128 0.010647
44 170 64 128 0.0172008
45 170 64 128 0.0457323
46 170 64 128 0.0463838
47 170 64 128 0.04874
48 170 64 128 0.0425649
49 170 64 128 0.0381515
50 170 64 128 0.0691632
51 170 64 128 0.0961766
52 170 64 128 0.116774
53 170 64 128 0.1141
54 170 64 128 0.0801632
55 170 64 128 0.0383107
56 170 64 128 0.0131352
73 170 64 128 0.0120086
74 170 64 128 0.0164999
75 170 64 128 0.0327843
76 170 64 128 0.0393054
77 170 64 128 0.0336567
78 170 64 128 0.0241689
79 170 64 128 0.020098
80 170 64 128 0.0232151
81 170 64 128 0.0236983
82 170 64 128 0.0216991
83 170 64 128 0.0211349
84 170 64 128 0.0239356
85 170 64 128 0.0256388
86 170 64 128 0.017188
136 170 64 128 0.0105538
137 170 64 128 0.0179337
138 170 64 128 0.0319417
139 170 64 128 0.0434242
140 170 64 128 0.0485145
141 170 64 128 0.0537156
142 170 64 128 0.068094
143 170 64 128 0.0902939
144 170 64 128 0.0997597
145 170 64 128 0.0932553
146 170 64 128 0.127556
147 170 64 128 0.129273
148 170 64 128 0.111398
149 170 64 128 0.101318
150 170 64 128 0.0687557
151 170 64 128 0.0952592
152 170 64 128 0.112709
153 170 64 128 0.115884
154 170 64 128 0.13061
155 170 64 128 0.122757
156 170 64 128 0.104136
157 170 64 128 0.0631867
158 170 64 128 0.0239195
159 170 64 128 0.0114884
44 171 64 128 0.0193961
45 171 64 128 0.0546376
46 171 64 128 0.05769
47 171 64 128 0.0590306
48 171 64 128 0.0527819
49 171 64 128 0.050652
50 171 64 128 0.0874916
51 171 64 128 0.126827
52 171 64 128 0.149164
53 171 64 128 0.13813
54 171 64 128 0.0927576
55 171 64 128 0.0400009
56 171 64 128 0.0136279
73 171 64 128 0.0109862
74 171 64 128 0.0156537
75 171 64 128 0.0335333
76 171 64 128 0.0374865
77 171 64 128 0.0312984
78 171 64 128 0.0226937
79 171 64 128 0.0194591
80 171 64 128 0.0252262
81 171 64 128 0.0259305
82 171 64 128 0.0240762
83 171 64 128 0.0265247
84 171 64 128 0.0329065
85 171 64 128 0.0347021
86 171 64 128 0.0253465
87 171 64 128 0.0156704
88 171 64 128 0.0116495
89 171 64 128 0.0131962
90 171 64 128 0.0159995
112 171 64 128 0.0117235
113 171 64 128 0.0121212
137 171 64 128 0.0136317
138 171 64 128 0.023373
139 171 64 128 0.0295419
140 171 64 128 0.0309129
141 171 64 128 0.0359846
142 171 64 128 0.0448179
143 171 64 128 0.0575531
144 171 64 128 0.0633859
145 171 64 128 0.0578948
146 171 64 128 0.0814809
147 171 64 128 0.0800862
148 171 64 128 0.0660488
149 171 64 128 0.0618765
150 171 64 128 0.0415785
151 171 64 128 0.0571756
152 171 64 128 0.0720027
153 171 64 128 0.0797595
154 171 64 128 0.0921922
155 171 64 128 0.0896647
156 171 64 128 0.0766218
157 171 64 128 0.0458206
158 171 64 128 0.0166267
44 172 64 128 0.0214015
45 172 64 128 0.0626829
46 172 64 128 0.068462
47 172 64 128 0.0669757
48 172 64 128 0.0615357
49 172 64 128 0.0683108
50 172 64 128 0.119115
51 172 64 128 0.177093
52 172 64 128 0.201717
53 172 64 128 0.18615
54 172 64 128 0.131353
55 172 64 128 0.0548956
56 172 64 128 0.0181216
73 172 64 128 0.0103078
74 172 64 128 0.0149675
75 172 64 128 0.0337076
76 172 64 128 0.0353293
77 172 64 128 0.0287073
78 172 64 128 0.0208143
79 172 64 128 0.018288
80 172 64 128 0.026656
81 172 64 128 0.0283158
82 172 64 128 0.0268303
83 172 64 128 0.0320238
84 172 64 128 0.042405
85 172 64 128 0.0454006
86 172 64 128 0.035087
87 172 64 128 0.0232759
88 172 64 128 0.0175707
89 172 64 128 0.0205269
90 172 64 128 0.0263716
91 172 64 128 0.0164596
92 172 64 128 0.011921
93 172 64 128 0.0115392
95 172 64 128 0.0132648
105 172 64 128 0.010401
109 172 64 128 0.0104511
110 172 64 128 0.0122299
111 172 64 128 0.011668
112 172 64 128 0.0150452
113 172 64 128 0.0148873
138 172 64 128 0.0123359
139 172 64 128 0.0148637
140 172 64 128 0.0158832
141 172 64 128 0.0177603
142 172 64 128 0.022768
143 172 64 128 0.0289934
144 172 64 128 0.0301286
145 172 64 128 0.0265583
146 172 64 128 0.0343558
147 172 64 128 0.0333715
148 172 64 128 0.0270795
149 172 64 128 0.0249152
150 172 64 128 0.0193354
151 172 64 128 0.0262534
152 172 64 128 0.0351497
153 172 64 128 0.0454089
154 172 64 128 0.0574764
155 172 64 128 0.0581435
156 172 64 128 0.0481816
157 172 64 128 0.0278432
158 172 64 128 0.0102856
44 173 64 128 0.0216487
45 173 64 128 0.0657596
46 173 64 128 0.0700408
47 173 64 128 0.0682307
48 173 64 128 0.0680159
49 173 64 128 0.0944907
50 173 64 128 0.1819
51 173 64 128 0.26708
52 173 64 128 0.295982
53 173 64 128 0.29179
54 173 64 128 0.236238
55 173 64 128 0.106438
56 173 64 128 0.0337782
74 173 64 128 0.0141423
75 173 64 128 0.0313195
76 173 64 128 0.0339011
77 173 64 128 0.0279605
78 173 64 128 0.0201829
79 173 64 128 0.018189
80 173 64 128 0.0273502
81 173 64 128 0.0309737
82 173 64 128 0.0305359
83 173 64 128 0.0357337
84 173 64 128 0.0485162
85 173 64 128 0.0560623
86 173 64 128 0.0430305
87 173 64 128 0.02943
88 173 64 128 0.0233929
89 173 64 128 0.0259212
90 173 64 128 0.0330219
91 173 64 128 0.0202424
92 173 64 128 0.0142312
93 173 64 128 0.0141453
94 173 64 128 0.0124768
95 173 64 128 0.0158755
105 173 64 128 0.0112892
109 173 64 128 0.0101884
110 173 64 128 0.0115785
111 173 64 128 0.0109314
112 173 64 128 0.0137618
113 173 64 128 0.0133514
142 173 64 128 0.0100271
143 173 64 128 0.012389
144 173 64 128 0.0116464
152 173 64 128 0.0143484
153 173 64 128 0.0229792
154 173 64 128 0.0331844
155 173 64 128 0.0354565
156 173 64 128 0.0284634
157 173 64 128 0.0160307
44 174 64 128 0.0204443
45 174 64 128 0.0641479
46 174 64 128 0.0650943
47 174 64 128 0.0665876
48 174 64 128 0.0732304
49 174 64 128 0.122052
50 174 64 128 0.25686
51 174 64 128 0.371729
52 174 64 128 0.41317
53 174 64 128 0.42884
54 174 64 128 0.37295
55 174 64 128 0.183885
56 174 64 128 0.0581773
57 174 64 128 0.011069
73 174 64 128 0.0104184
74 174 64 128 0.0150457
75 174 64 128 0.0309392
76 174 64 128 0.0355988
77 174 64 128 0.0294279
78 174 64 128 0.0209385
79 174 64 128 0.0194152
80 174 64 128 0.027856
81 174 64 128 0.0342685
82 174 64 128 0.0353346
83 174 64 128 0.0405352
84 174 64 128 0.0571865
85 174 64 128 0.0712769
86 174 64 128 0.0547491
87 174 64 128 0.0388361
88 174 64 128 0.0333507
89 174 64 128 0.0375845
90 174 64 128 0.0483182
91 174 64 128 0.0308911
92 174 64 128 0.0214522
93 174 64 128 0.0210456
94 174 64 128 0.0197011
95 174 64 128 0.0241711
96 174 64 128 0.0147394
97 174 64 128 0.0117436
98 174 64 128 0.0124793
104 174 64 128 0.0106949
105 174 64 128 0.0115454
153 174 64 128 0.0119465
154 174 64 128 0.0189022
155 174 64 128 0.0214827
156 174 64 128 0.0175728
157 174 64 128 0.0102116
44 175 64 128 0.0190122
45 175 64 128 0.0603759
46 175 64 128 0.061768
47 175 64 128 0.0695742
48 175 64 128 0.0791775
49 175 64 128 0.139504
50 175 64 128 0.308267
51 175 64 128 0.445648
52 175 64 128 0.515616
53 175 64 128 0.543121
54 175 64 128 0.472857
55 175 64 128 0.260557
56 175 64 128 0.0847267
57 175 64 128 0.0131754
72 175 64 128 0.0108179
73 175 64 128 0.0132167
74 175 64 128 0.0203797
75 175 64 128 0.0398445
76 175 64 128 0.0431829
77 175 64 128 0.0325878
78 175 64 128 0.0224702
79 175 64 128 0.0215746
80 175 64 128 0.0291267
81 175 64 128 0.0387186
82 175 64 128 0.0411641
83 175 64 128 0.0513241
84 175 64 128 0.0785295
85 175 64 128 0.0982718
86 175 64 128 0.0796587
87 175 64 128 0.0594064
88 175 64 128 0.0539425
89 175 64 128 0.0683342
90 175 64 128 0.0918084
91 175 64 128 0.0632977
92 175 64 128 0.0451317
93 175 64 128 0.0423157
94 175 64 128 0.0411024
95 175 64 128 0.0513431
96 175 64 128 0.0323443
97 175 64 128 0.0248029
98 175 64 128 0.0263842
99 175 64 128 0.0194534
100 175 64 128 0.0151639
103 175 64 128 0.0133664
104 175 64 128 0.014949
105 175 64 128 0.0143272
154 175 64 128 0.0106189
155 175 64 128 0.0124052
156 175 64 128 0.0108393
44 176 64 128 0.017751
45 176 64 128 0.0565845
46 176 64 128 0.062264
47 176 64 128 0.077414
48 176 64 128 0.0885988
49 176 64 128 0.151982
50 176 64 128 0.336259
51 176 64 128 0.490191
52 176 64 128 0.59651
53 176 64 128 0.626627
54 176 64 128 0.53674
55 176 64 128 0.33674
56 176 64 128 0.118915
57 176 64 128 0.0176377
70 176 64 128 0.0102192
72 176 64 128 0.0135405
73 176 64 128 0.0173447
74 176 64 128 0.0284513
75 176 64 128 0.0547904
76 176 64 128 0.0544391
77 176 64 128 0.0368104
78 176 64 128 0.0246878
79 176 64 128 0.025106
80 176 64 128 0.0327723
81 176 64 128 0.0452515
82 176 64 128 0.0482727
83 176 64 128 0.0659645
84 176 64 128 0.108292
85 176 64 128 0.135023
86 176 64 128 0.115077
87 176 64 128 0.0877903
88 176 64 128 0.0821782
89 176 64 128 0.113394
90 176 64 128 0.154921
91 176 64 128 0.110375
92 176 64 128 0.0808279
93 176 64 128 0.0769132
94 176 64 128 0.077845
95 176 64 128 0.0958253
96 176 64 128 0.0607789
97 176 64 128 0.044698
98 176 64 128 0.0476451
99 176 64 128 0.0365714
100 176 64 128 0.0252275
101 176 64 128 0.0126134
102 176 64 128 0.0129143
103 176 64 128 0.0195514
104 176 64 128 0.0210474
105 176 64 128 0.0185904
106 176 64 128 0.0106509
108 176 64 128 0.0123101
109 176 64 128 0.0116376
110 176 64 128 0.0107178
112 176 64 128 0.0103147
44 177 64 128 0.016419
45 177 64 128 0.0545418
46 177 64 128 0.0641514
47 177 64 128 0.084739
48 177 64 128 0.104627
49 177 64 128 0.177027
50 177 64 128 0.368412
51 177 64 128 0.542342
52 177 64 128 0.672687
53 177 64 128 0.706735
54 177 64 128 0.618167
55 177 64 128 0.4329
56 177 64 128 0.17499
57 177 64 128 0.0317539
70 177 64 128 0.0114247
71 177 64 128 0.0105599
72 177 64 128 0.0151814
73 177 64 128 0.0203631
74 177 64 128 0.0342805
75 177 64 128 0.0646301
76 177 64 128 0.0634069
77 177 64 128 0.0413827
78 177 64 128 0.0278877
79 177 64 128 0.0310305
80 177 64 128 0.0408127
81 177 64 128 0.0550211
82 177 64 128 0.057107
83 177 64 128 0.0770189
84 177 64 128 0.131327
85 177 64 128 0.172315
86 177 64 128 0.148965
87 177 64 128 0.112044
88 177 64 128 0.107839
89 177 64 128 0.154552
90 177 64 128 0.207767
91 177 64 128 0.14846
92 177 64 128 0.112042
93 177 64 128 0.115243
94 177 64 128 0.124497
95 177 64 128 0.144686
96 177 64 128 0.0908211
97 177 64 128 0.0639983
98 177 64 128 0.0677756
99 177 64 128 0.0531173
100 177 64 128 0.0321714
101 177 64 128 0.0155787
102 177 64 128 0.016061
103 177 64 128 0.0231513
104 177 64 128 0.0240223
105 177 64 128 0.0201391
106 177 64 128 0.0111783
108 177 64 128 0.0124152
109 177 64 128 0.0115979
110 177 64 128 0.0106421
44 178 64 128 0.0150745
45 178 64 128 0.0542927
46 178 64 128 0.0663025
47 178 64 128 0.0903167
48 178 64 128 0.124774
49 178 64 128 0.213682
50 178 64 128 0.411714
51 178 64 128 0.608489
52 178 64 128 0.743524
53 178 64 128 0.784922
54 178 64 128 0.720696
55 178 64 128 0.539382
56 178 64 128 0.245673
57 178 64 128 0.0543092
70 178 64 128 0.0116702
71 178 64 128 0.0108976
72 178 64 128 0.0159233
73 178 64 128 0.022272
74 178 64 128 0.0374845
75 178 64 128 0.068388
76 178 64 128 0.0684208
77 178 64 128 0.0454557
78 178 64 128 0.0315985
79 178 64 128 0.0381756
80 178 64 128 0.0521708
81 178 64 128 0.0663391
82 178 64 128 0.066722
83 178 64 128 0.0832436
84 178 64 128 0.143162
85 178 64 128 0.202357
86 178 64 128 0.172743
87 178 64 128 0.126996
88 178 64 128 0.126617
89 178 64 128 0.183688
90 178 64 128 0.24144
91 178 64 128 0.172787
92 178 64 128 0.136204
93 178 64 128 0.152341
94 178 64 128 0.172987
95 178 64 128 0.190747
96 178 64 128 0.119567
97 178 64 128 0.0822765
98 178 64 128 0.0850468
99 178 64 128 0.0663586
100 178 64 128 0.0358927
101 178 64 128 0.0172417
102 178 64 128 0.0178811
103 178 64 128 0.0238586
104 178 64 128 0.0236196
105 178 64 128 0.0190595
44 179 64 128 0.0141395
45 179 64 128 0.0538918
46 179 64 128 0.0692374
47 179 64 128 0.0978561
48 179 64 128 0.140047
49 179 64 128 0.23924
50 179 64 128 0.448446
51 179 64 128 0.658489
52 179 64 128 0.787521
53 179 64 128 0.831651
54 179 64 128 0.788398
55 179 64 128 0.611191
56 179 64 128 0.298616
57 179 64 128 0.0741492
70 179 64 128 0.0140961
71 179 64 128 0.0128228
72 179 64 128 0.0186065
73 179 64 128 0.0259297
74 179 64 128 0.043087
75 179 64 128 0.0770829
76 179 64 128 0.0729066
77 179 64 128 0.0480295
78 179 64 128 0.0344493
79 179 64 128 0.0428216
80 179 64 128 0.0621699
81 179 64 128 0.07424
82 179 64 128 0.0745617
83 179 64 128 0.0907216
84 179 64 128 0.152055
85 179 64 128 0.219302
86 179 64 128 0.182229
87 179 64 128 0.135632
88 179 64 128 0.141314
89 179 64 128 0.20487
90 179 64 128 0.27206
91 179 64 128 0.201031
92 179 64 128 0.16726
93 179 64 128 0.188914
94 179 64 128 0.212495
95 179 64 128 0.233917
96 179 64 128 0.151702
97 179 64 128 0.107392
98 179 64 128 0.105769
99 179 64 128 0.0786951
100 179 64 128 0.0433717
101 179 64 128 0.0212248
102 179 64 128 0.0208274
103 179 64 128 0.0263789
104 179 64 128 0.0251473
105 179 64 128 0.0204844
106 179 64 128 0.0101948
44 180 64 128 0.0135991
45 180 64 128 0.0519376
46 180 64 128 0.0722302
47 180 64 128 0.106633
48 180 64 128 0.146656
49 180 64 128 0.24768
50 180 64 128 0.473014
51 180 64 128 0.681954
52 180 64 128 0.800362
53 180 64 128 0.839532
54 180 64 128 0.802627
55 180 64 128 0.636953
56 180 64 128 0.326335
57 180 64 128 0.0884494
69 180 64 128 0.0124159
70 180 64 128 0.0190336
71 180 64 128 0.0164976
72 180 64 128 0.0235094
73 180 64 128 0.0314354
74 180 64 128 0.0515728
75 180 64 128 0.0928721
76 180 64 128 0.0777765
77 180 64 128 0.0485302
78 180 64 128 0.0356738
79 180 64 128 0.0435693
80 180 64 128 0.0679486
81 180 64 128 0.0773465
82 180 64 128 0.0795728
83 180 64 128 0.10081
84 180 64 128 0.161445
85 180 64 128 0.222454
86 180 64 128 0.179515
87 180 64 128 0.140903
88 180 64 128 0.153919
89 180 64 128 0.222901
90 180 64 128 0.30855
91 180 64 128 0.241947
92 180 64 128 0.211337
93 180 64 128 0.226714
94 180 64 128 0.242362
95 180 64 128 0.276935
96 180 64 128 0.19076
97 180 64 128 0.142973
98 180 64 128 0.133236
99 180 64 128 0.0924931
100 180 64 128 0.0569468
101 180 64 128 0.0283619
102 180 64 128 0.0256042
103 180 64 128 0.0323073
104 180 64 128 0.0303799
105 180 64 128 0.0260182
106 180 64 128 0.0128105
108 180 64 128 0.0107384
44 181 64 128 0.0126379
45 181 64 128 0.048179
46 181 64 128 0.0722131
47 181 64 128 0.107684
48 181 64 128 0.150556
49 181 64 128 0.264317
50 181 64 128 0.503469
51 181 64 128 0.706664
52 181 64 128 0.809852
53 181 64 128 0.842993
54 181 64 128 0.815829
55 181 64 128 0.667589
56 181 64 128 0.367314
57 181 64 128 0.109936
58 181 64 128 0.0120886
59 181 64 128 0.0128092
69 181 64 128 0.0143252
70 181 64 128 0.0216195
71 181 64 128 0.0182504
72 181 64 128 0.0261679
73 181 64 128 0.0337802
74 181 64 128 0.0549542
75 181 64 128 0.101226
76 181 64 128 0.0790424
77 181 64 128 0.0471445
78 181 64 128 0.0356532
79 181 64 128 0.0433304
80 181 64 128 0.0701794
81 181 64 128 0.0808797
82 181 64 128 0.0834877
83 181 64 128 0.105872
84 181 64 128 0.165091
85 181 64 128 0.219935
86 181 64 128 0.177227
87 181 64 128 0.144891
88 181 64 128 0.164301
89 181 64 128 0.242651
90 181 64 128 0.344761
91 181 64 128 0.286462
92 181 64 128 0.259242
93 181 64 128 0.268758
94 181 64 128 0.279979
95 181 64 128 0.326786
96 181 64 128 0.237513
97 181 64 128 0.184432
98 181 64 128 0.164675
99 181 64 128 0.109557
100 181 64 128 0.0701396
101 181 64 128 0.0342685
102 181 64 128 0.0295891
103 181 64 128 0.0373042
104 181 64 128 0.0343633
105 181 64 128 0.0305947
106 181 64 128 0.0150347
107 181 64 128 0.0106509
108 181 64 128 0.0121338
44 182 64 128 0.0108538
45 182 64 128 0.0430775
46 182 64 128 0.0677075
47 182 64 128 0.0977236
48 182 64 128 0.157309
49 182 64 128 0.30377
50 182 64 128 0.549994
51 182 64 128 0.749955
52 182 64 128 0.834996
53 182 64 128 0.865858
54 182 64 128 0.861321
55 182 64 128 0.732009
56 182 64 128 0.440479
57 182 64 128 0.144141
58 182 64 128 0.0140236
59 182 64 128 0.0181503
69 182 64 128 0.0134056
70 182 64 128 0.0192669
71 182 64 128 0.0162839
72 182 64 128 0.0241826
73 182 64 128 0.0304617
74 182 64 128 0.0491417
75 182 64 128 0.0935051
76 182 64 128 0.0743869
77 182 64 128 0.0441549
78 182 64 128 0.0345857
79 182 64 128 0.0437728
80 182 64 128 0.0691575
81 182 64 128 0.0865461
82 182 64 128 0.0861371
83 182 64 128 0.100319
84 182 64 128 0.157411
85 182 64 128 0.21479
86 182 64 128 0.180306
87 182 64 128 0.14672
88 182 64 128 0.170277
89 182 64 128 0.262809
90 182 64 128 0.370866
91 182 64 128 0.322726
92 182 64 128 0.299107
93 182 64 128 0.312687
94 182 64 128 0.334398
95 182 64 128 0.38586
96 182 64 128 0.292246
97 182 64 128 0.228877
98 182 64 128 0.199425
99 182 64 128 0.134439
100 182 64 128 0.0809462
101 182 64 128 0.037535
102 182 64 128 0.0321162
103 182 64 128 0.0398688
104 182 64 128 0.0355602
105 182 64 128 0.0314862
106 182 64 128 0.0151979
108 182 64 128 0.0103519
45 183 64 128 0.0386955
46 183 64 128 0.0621318
47 183 64 128 0.0909246
48 183 64 128 0.168779
49 183 64 128 0.34348
50 183 64 128 0.595263
51 183 64 128 0.790798
52 183 64 128 0.86248
53 183 64 128 0.892165
54 183 64 128 0.901825
55 183 64 128 0.783181
56 183 64 128 0.499843
57 183 64 128 0.173083
58 183 64 128 0.016094
59 183 64 128 0.0223266
69 183 64 128 0.0127563
70 183 64 128 0.0169051
71 183 64 128 0.014867
72 183 64 128 0.0219796
73 183 64 128 0.0270846
74 183 64 128 0.0428008
75 183 64 128 0.0813853
76 183 64 128 0.0673023
77 183 64 128 0.0398952
78 183 64 128 0.0318677
79 183 64 128 0.0420599
80 183 64 128 0.0632106
81 183 64 128 0.0848334
82 183 64 128 0.0814949
83 183 64 128 0.0864879
84 183 64 128 0.137217
85 183 64 128 0.194063
86 183 64 128 0.170203
87 183 64 128 0.137813
88 183 64 128 0.164733
89 183 64 128 0.26545
90 183 64 128 0.371236
91 183 64 128 0.336274
92 183 64 128 0.316042
93 183 64 128 0.341384
94 183 64 128 0.387416
95 183 64 128 0.443066
96 183 64 128 0.354688
97 183 64 128 0.280194
98 183 64 128 0.24414
99 183 64 128 0.179208
100 183 64 128 0.101756
101 183 64 128 0.0461478
102 183 64 128 0.038671
103 183 64 128 0.0477252
104 183 64 128 0.0434245
105 183 64 128 0.0340468
106 183 64 128 0.0157414
45 184 64 128 0.0363382
46 184 64 128 0.0581899
47 184 64 128 0.0978354
48 184 64 128 0.18272
49 184 64 128 0.358722
50 184 64 128 0.618429
51 184 64 128 0.805888
52 184 64 128 0.875972
53 184 64 128 0.903493
54 184 64 128 0.900979
55 184 64 128 0.776475
56 184 64 128 0.50257
57 184 64 128 0.179845
58 184 64 128 0.0190313
59 184 64 128 0.0224096
69 184 64 128 0.0148621
70 184 64 128 0.0187088
71 184 64 128 0.0174284
72 184 64 128 0.0232796
73 184 64 128 0.0283425
74 184 64 128 0.0433501
75 184 64 128 0.0757644
76 184 64 128 0.0610873
77 184 64 128 0.0347959
78 184 64 128 0.0271832
79 184 64 128 0.0358903
80 184 64 128 0.0517434
81 184 64 128 0.0686833
82 184 64 128 0.0657424
83 184 64 128 0.0685642
84 184 64 128 0.106607
85 184 64 128 0.149757
86 184 64 128 0.133292
87 184 64 128 0.113131
88 184 64 128 0.144274
89 184 64 128 0.238833
90 184 64 128 0.33788
91 184 64 128 0.319014
92 184 64 128 0.302755
93 184 64 128 0.34373
94 184 64 128 0.422224
95 184 64 128 0.488546
96 184 64 128 0.422237
97 184 64 128 0.341241
98 184 64 128 0.303968
99 184 64 128 0.250187
100 184 64 128 0.142051
101 184 64 128 0.0666351
102 184 64 128 0.054023
103 184 64 128 0.0673846
104 184 64 128 0.0653445
105 184 64 128 0.0434767
106 184 64 128 0.0192594
107 184 64 128 0.0112649
108 184 64 128 0.0118577
45 185 64 128 0.0329903
46 185 64 128 0.0521351
47 185 64 128 0.101457
48 185 64 128 0.182112
49 185 64 128 0.341674
50 185 64 128 0.603057
51 185 64 128 0.789179
52 185 64 128 0.869031
53 185 64 128 0.898927
54 185 64 128 0.875752
55 185 64 128 0.730615
56 185 64 128 0.464631
57 185 64 128 0.168469
58 185 64 128 0.020511
59 185 64 128 0.0198031
69 185 64 128 0.0164199
70 185 64 128 0.0203994
71 185 64 128 0.0195981
72 185 64 128 0.0240436
73 185 64 128 0.0293996
74 185 64 128 0.0440067
75 185 64 128 0.0700075
76 185 64 128 0.0541508
77 185 64 128 0.0296604
78 185 64 128 0.0219917
79 185 64 128 0.028377
80 185 64 128 0.0400849
81 185 64 128 0.0492597
82 185 64 128 0.0484854
83 185 64 128 0.0529751
84 185 64 128 0.0784758
85 185 64 128 0.106021
86 185 64 128 0.0931725
87 185 64 128 0.0879481
88 185 64 128 0.124674
89 185 64 128 0.20898
90 185 64 128 0.299098
91 185 64 128 0.291621
92 185 64 128 0.28617
93 185 64 128 0.344271
94 185 64 128 0.446988
95 185 64 128 0.527101
96 185 64 128 0.482825
97 185 64 128 0.405778
98 185 64 128 0.372589
99 185 64 128 0.324158
100 185 64 128 0.188951
101 185 64 128 0.0927854
102 185 64 128 0.0756088
103 185 64 128 0.093774
104 185 64 128 0.0922853
105 185 64 128 0.0586627
106 185 64 128 0.0261095
107 185 64 128 0.016243
108 185 64 128 0.0168354
109 185 64 128 0.0128139
45 186 64 128 0.0253621
46 186 64 128 0.039756
47 186 64 128 0.0820613
48 186 64 128 0.150669
49 186 64 128 0.291367
50 186 64 128 0.538016
51 186 64 128 0.740524
52 186 64 128 0.838928
53 186 64 128 0.88122
54 186 64 128 0.851847
55 186 64 128 0.676601
56 186 64 128 0.41405
57 186 64 128 0.147804
58 186 64 128 0.0181373
59 186 64 128 0.0168105
69 186 64 128 0.0135345
70 186 64 128 0.0166886
71 186 64 128 0.0161493
72 186 64 128 0.0193632
73 186 64 128 0.024294
74 186 64 128 0.0362311
75 186 64 128 0.0551598
76 186 64 128 0.044306
77 186 64 128 0.0252692
78 186 64 128 0.0179882
79 186 64 128 0.0234108
80 186 64 128 0.0339553
81 186 64 128 0.0400464
82 186 64 128 0.0407038
83 186 64 128 0.0453709
84 186 64 128 0.0657029
85 186 64 128 0.0896956
86 186 64 128 0.077651
87 186 64 128 0.0791124
88 186 64 128 0.122337
89 186 64 128 0.20475
90 186 64 128 0.285665
91 186 64 128 0.277699
92 186 64 128 0.294961
93 186 64 128 0.369683
94 186 64 128 0.473704
95 186 64 128 0.564924
96 186 64 128 0.524082
97 186 64 128 0.465204
98 186 64 128 0.440161
99 186 64 128 0.374476
100 186 64 128 0.225596
101 186 64 128 0.116082
102 186 64 128 0.0993094
103 186 64 128 0.119625
104 186 64 128 0.112777
105 186 64 128 0.0766063
106 186 64 128 0.035662
107 186 64 128 0.0216135
108 186 64 128 0.021159
109 186 64 128 0.0148856
110 186 64 128 0.0101327
45 187 64 128 0.0159994
46 187 64 128 0.0251836
47 187 64 128 0.0505406
48 187 64 128 0.103368
49 187 64 128 0.222948
50 187 64 128 0.440101
51 187 64 128 0.668841
52 187 64 128 0.790346
53 187 64 128 0.846737
54 187 64 128 0.818973
55 187 64 128 0.615479
56 187 64 128 0.355464
57 187 64 128 0.121826
58 187 64 128 0.0144727
59 187 64 128 0.0140924
70 187 64 128 0.0105167
72 187 64 128 0.0122754
73 187 64 128 0.0164295
74 187 64 128 0.0249106
75 187 64 128 0.0378168
76 187 64 128 0.0340496
77 187 64 128 0.0215827
78 187 64 128 0.0152935
79 187 64 128 0.0204905
80 187 64 128 0.0311683
81 187 64 128 0.0377463
82 187 64 128 0.0387562
83 187 64 128 0.0421686
84 187 64 128 0.0618614
85 187 64 128 0.0885432
86 187 64 128 0.0766434
87 187 64 128 0.0779104
88 187 64 128 0.123814
89 187 64 128 0.206938
90 187 64 128 0.280479
91 187 64 128 0.269457
92 187 64 128 0.308742
93 187 64 128 0.397554
94 187 64 128 0.495735
95 187 64 128 0.591519
96 187 64 128 0.548409
97 187 64 128 0.51118
98 187 64 128 0.49352
99 187 64 128 0.403936
100 187 64 128 0.248079
101 187 64 128 0.135138
102 187 64 128 0.123566
103 187 64 128 0.143484
104 187 64 128 0.128152
105 187 64 128 0.0928297
106 187 64 128 0.0446076
107 187 64 128 0.0258548
108 187 64 128 0.0239481
109 187 64 128 0.0155299
110 187 64 128 0.0114505
46 188 64 128 0.0154005
47 188 64 128 0.0287213
48 188 64 128 0.0662343
49 188 64 128 0.157233
50 188 64 128 0.336529
51 188 64 128 0.585914
52 188 64 128 0.729709
53 188 64 128 0.789499
54 188 64 128 0.754521
55 188 64 128 0.537222
56 188 64 128 0.284955
57 188 64 128 0.0926847
58 188 64 128 0.0136699
59 188 64 128 0.0116372
73 188 64 128 0.0124609
74 188 64 128 0.0195573
75 188 64 128 0.0297737
76 188 64 128 0.0274033
77 188 64 128 0.018243
78 188 64 128 0.0133744
79 188 64 128 0.0174603
80 188 64 128 0.0267
81 188 64 128 0.0329052
82 188 64 128 0.0337202
83 188 64 128 0.0365587
84 188 64 128 0.0536864
85 188 64 128 0.0765138
86 188 64 128 0.0665058
87 188 64 128 0.0667887
88 188 64 128 0.105868
89 188 64 128 0.180208
90 188 64 128 0.249881
91 188 64 128 0.247676
92 188 64 128 0.290406
93 188 64 128 0.38867
94 188 64 128 0.49918
95 188 64 128 0.5906
96 188 64 128 0.562781
97 188 64 128 0.535091
98 188 64 128 0.518237
99 188 64 128 0.425188
100 188 64 128 0.257263
101 188 64 128 0.15072
102 188 64 128 0.14703
103 188 64 128 0.165422
104 188 64 128 0.143912
105 188 64 128 0.10242
106 188 64 128 0.0488292
107 188 64 128 0.0277146
108 188 64 128 0.0251177
109 188 64 128 0.0159715
110 188 64 128 0.011748
46 189 64 128 0.010702
47 189 64 128 0.019154
48 189 64 128 0.0442708
49 189 64 128 0.10391
50 189 64 128 0.242083
51 189 64 128 0.493638
52 189 64 128 0.648576
53 189 64 128 0.706842
54 189 64 128 0.664639
55 189 64 128 0.446433
56 189 64 128 0.210966
57 189 64 128 0.0646882
58 189 64 128 0.0147343
73 189 64 128 0.0120945
74 189 64 128 0.0193126
75 189 64 128 0.0290539
76 189 64 128 0.0237739
77 189 64 128 0.0151171
78 189 64 128 0.0116497
79 189 64 128 0.0139681
80 189 64 128 0.02035
81 189 64 128 0.0247882
82 189 64 128 0.025214
83 189 64 128 0.0283387
84 189 64 128 0.0407142
85 189 64 128 0.0537438
86 189 64 128 0.0471319
87 189 64 128 0.0475284
88 189 64 128 0.0739364
89 189 64 128 0.131148
90 189 64 128 0.196439
91 189 64 128 0.210477
92 189 64 128 0.242676
93 189 64 128 0.342906
94 189 64 128 0.475
95 189 64 128 0.558284
96 189 64 128 0.556948
97 189 64 128 0.523967
98 189 64 128 0.50113
99 189 64 128 0.424952
100 189 64 128 0.24746
101 189 64 128 0.154719
102 189 64 128 0.158799
103 189 64 128 0.175669
104 189 64 128 0.152947
105 189 64 128 0.102446
106 189 64 128 0.0475751
107 189 64 128 0.0268737
108 189 64 128 0.0242538
109 189 64 128 0.0158725
110 189 64 128 0.0109819
47 190 64 128 0.0125307
48 190 64 128 0.0294321
49 190 64 128 0.0654635
50 190 64 128 0.163514
51 190 64 128 0.388259
52 190 64 128 0.530586
53 190 64 128 0.598609
54 190 64 128 0.572531
55 190 64 128 0.356613
56 190 64 128 0.149233
57 190 64 128 0.0432877
58 190 64 128 0.0136026
73 190 64 128 0.0108305
74 190 64 128 0.0170725
75 190 64 128 0.0254172
76 190 64 128 0.0197919
77 190 64 128 0.0122145
79 190 64 128 0.0107775
80 190 64 128 0.0148656
81 190 64 128 0.0179978
82 190 64 128 0.0180716
83 190 64 128 0.0213287
84 190 64 128 0.0302699
85 190 64 128 0.0362844
86 190 64 128 0.032713
87 190 64 128 0.0335634
88 190 64 128 0.0506414
89 190 64 128 0.0915896
90 190 64 128 0.144786
91 190 64 128 0.166757
92 190 64 128 0.192498
93 190 64 128 0.284083
94 190 64 128 0.41765
95 190 64 128 0.498309
96 190 64 128 0.510642
97 190 64 128 0.463181
98 190 64 128 0.430996
99 190 64 128 0.37528
100 190 64 128 0.209643
101 190 64 128 0.134299
102 190 64 128 0.142941
103 190 64 128 0.159158
104 190 64 128 0.140979
105 190 64 128 0.0914376
106 190 64 128 0.0422275
107 190 64 128 0.023631
108 190 64 128 0.0208069
109 190 64 128 0.0139922
48 191 64 128 0.0179019
49 191 64 128 0.0405826
50 191 64 128 0.103846
51 191 64 128 0.278166
52 191 64 128 0.389281
53 191 64 128 0.473242
54 191 64 128 0.479328
55 191 64 128 0.274311
56 191 64 128 0.104842
57 191 64 128 0.0294715
74 191 64 128 0.011789
75 191 64 128 0.0172611
76 191 64 128 0.0148091
80 191 64 128 0.0110437
81 191 64 128 0.0137473
82 191 64 128 0.0135836
83 191 64 128 0.0163783
84 191 64 128 0.0238064
85 191 64 128 0.0277999
86 191 64 128 0.0261112
87 191 64 128 0.0272103
88 191 64 128 0.0402933
89 191 64 128 0.0690751
90 191 64 128 0.103494
91 191 64 128 0.12193
92 191 64 128 0.148289
93 191 64 128 0.221539
94 191 64 128 0.330285
95 191 64 128 0.41019
96 191 64 128 0.420768
97 191 64 128 0.360576
98 191 64 128 0.321474
99 191 64 128 0.283008
100 191 64 128 0.151306
101 191 64 128 0.0946253
102 191 64 128 0.103878
103 191 64 128 0.119617
104 191 64 128 0.109826
105 191 64 128 0.0723433
106 191 64 128 0.0344584
107 191 64 128 0.0189337
108 191 64 128 0.0157478
109 191 64 128 0.0108076
48 192 64 128 0.0100299
49 192 64 128 0.0245048
50 192 64 128 0.0626607
51 192 64 128 0.183077
52 192 64 128 0.266021
53 192 64 128 0.347188
54 192 64 128 0.365603
55 192 64 128 0.199428
56 192 64 128 0.0727575
57 192 64 128 0.020028
75 192 64 128 0.0111593
76 192 64 128 0.0107572
81 192 64 128 0.0100029
83 192 64 128 0.01151
84 192 64 128 0.0171886
85 192 64 128 0.0201493
86 192 64 128 0.0194072
87 192 64 128 0.0202509
88 192 64 128 0.0298644
89 192 64 128 0.0480889
90 192 64 128 0.0657979
91 192 64 128 0.0780219
92 192 64 128 0.100868
93 192 64 128 0.150847
94 192 64 128 0.224382
95 192 64 128 0.289837
96 192 64 128 0.300804
97 192 64 128 0.24512
98 192 64 128 0.209344
99 192 64 128 0.187663
100 192 64 128 0.0953637
101 192 64 128 0.0576722
102 192 64 128 0.0650681
103 192 64 128 0.0783851
104 192 64 128 0.0764407
105 192 64 128 0.0522072
106 192 64 128 0.0261711
107 192 64 128 0.0143174
108 192 64 128 0.0114532
49 193 64 128 0.0137892
50 193 64 128 0.0370995
51 193 64 128 0.113085
52 193 64 128 0.179182
53 193 64 128 0.233539
54 193 64 128 0.235615
55 193 64 128 0.133536
56 193 64 128 0.0488902
57 193 64 128 0.0129062
85 193 64 128 0.010284
87 193 64 128 0.0100425
88 193 64 128 0.0148165
89 193 64 128 0.0234892
90 193 64 128 0.0312043
91 193 64 128 0.0394399
92 193 64 128 0.0515494
93 193 64 128 0.0788184
94 193 64 128 0.119614
95 193 64 128 0.155889
96 193 64 128 0.174792
97 193 64 128 0.141985
98 193 64 128 0.119953
99 193 64 128 0.113868
100 193 64 128 0.0552258
101 193 64 128 0.0347799
102 193 64 128 0.0393747
103 193 64 128 0.0482234
104 193 64 128 0.0510193
105 193 64 128 0.0356588
106 193 64 128 0.0187998
107 193 64 128 0.0106817
50 194 64 128 0.0210677
51 194 64 128 0.0641104
52 194 64 128 0.11325
53 194 64 128 0.1402
54 194 64 128 0.128044
55 194 64 128 0.0809128
56 194 64 128 0.0310475
91 194 64 128 0.0141039
92 194 64 128 0.0173563
93 194 64 128 0.0287907
94 194 64 128 0.0466395
95 194 64 128 0.0590672
96 194 64 128 0.0806444
97 194 64 128 0.0697553
98 194 64 128 0.0612127
99 194 64 128 0.0634171
100 194 64 128 0.0300458
101 194 64 128 0.0213793
102 194 64 128 0.0236786
103 194 64 128 0.028832
104 194 64 128 0.0333984
105 194 64 128 0.0236959
106 194 64 128 0.0131019
50 195 64 128 0.0100806
51 195 64 128 0.0317286
52 195 64 128 0.0581871
53 195 64 128 0.0723905
54 195 64 128 0.0660899
55 195 64 128 0.044037
56 195 64 128 0.0177738
93 195 64 128 0.011765
94 195 64 128 0.0193337
95 195 64 128 0.0248672
96 195 64 128 0.0374702
97 195 64 128 0.0352165
98 195 64 128 0.0329697
99 195 64 128 0.0340199
100 195 64 128 0.0168304
101 195 64 128 0.0129943
102 195 64 128 0.0143055
103 195 64 128 0.018174
104 195 64 128 0.0222874
105 195 64 128 0.0163243
51 196 64 128 0.0130668
52 196 64 128 0.0210637
53 196 64 128 0.0304301
54 196 64 128 0.0344146
55 196 64 128 0.0211075
94 196 64 128 0.014003
95 196 64 128 0.0198298
96 196 64 128 0.0220436
97 196 64 128 0.0210398
98 196 64 128 0.0206577
99 196 64 128 0.0183285
100 196 64 128 0.0102938
103 196 64 128 0.0126052
104 196 64 128 0.0156557
105 196 64 128 0.0120174
53 197 64 128 0.0117177
54 197 64 128 0.0162413
95 197 64 128 0.0126437
96 197 64 128 0.0118144
97 197 64 128 0.0112014
98 197 64 128 0.0114912
104 197 64 128 0.0115409
