87 0 85 170 0.0127679
88 0 85 170 0.0267661
89 0 85 170 0.0524172
90 0 85 170 0.0881241
91 0 85 170 0.112335
92 0 85 170 0.098163
93 0 85 170 0.0617399
94 0 85 170 0.0302391
95 0 85 170 0.0112627
87 1 85 170 0.0173636
88 1 85 170 0.0315021
89 1 85 170 0.0572061
90 1 85 170 0.10146
91 1 85 170 0.134749
92 1 85 170 0.115512
93 1 85 170 0.0684061
94 1 85 170 0.0334045
95 1 85 170 0.0142429
86 2 85 170 0.0129737
87 2 85 170 0.0290975
88 2 85 170 0.0442595
89 2 85 170 0.0709272
90 2 85 170 0.135923
91 2 85 170 0.190688
92 2 85 170 0.15895
93 2 85 170 0.085811
94 2 85 170 0.0418431
95 2 85 170 0.0217452
86 3 85 170 0.0191046
87 3 85 170 0.0448903
88 3 85 170 0.062862
89 3 85 170 0.0926121
90 3 85 170 0.183197
91 3 85 170 0.263197
92 3 85 170 0.215565
93 3 85 170 0.110064
94 3 85 170 0.0539686
95 3 85 170 0.0316127
96 3 85 170 0.0142072
86 4 85 170 0.0262656
87 4 85 170 0.0616627
88 4 85 170 0.0851335
89 4 85 170 0.121292
90 4 85 170 0.234966
91 4 85 170 0.335323
92 4 85 170 0.272442
93 4 85 170 0.137274
94 4 85 170 0.0681949
95 4 85 170 0.0416881
96 4 85 170 0.0186897
86 5 85 170 0.0336414
87 5 85 170 0.0763621
88 5 85 170 0.108908
89 5 85 170 0.155984
90 5 85 170 0.282962
91 5 85 170 0.390245
92 5 85 170 0.316772
93 5 85 170 0.163574
94 5 85 170 0.082945
95 5 85 170 0.0498342
96 5 85 170 0.0219782
85 6 85 170 0.0134634
86 6 85 170 0.0407589
87 6 85 170 0.0877908
88 6 85 170 0.132713
89 6 85 170 0.194628
90 6 85 170 0.322262
91 6 85 170 0.420401
92 6 85 170 0.342774
93 6 85 170 0.186709
94 6 85 170 0.097291
95 6 85 170 0.0553017
96 6 85 170 0.0237321
85 7 85 170 0.0177736
86 7 85 170 0.0477053
87 7 85 170 0.0977813
88 7 85 170 0.156209
89 7 85 170 0.233407
90 7 85 170 0.353407
91 7 85 170 0.433351
92 7 85 170 0.356161
93 7 85 170 0.207063
94 7 85 170 0.111365
95 7 85 170 0.0596077
96 7 85 170 0.0248511
85 8 85 170 0.0217068
86 8 85 170 0.0546195
87 8 85 170 0.108446
88 8 85 170 0.179163
89 8 85 170 0.268342
90 8 85 170 0.377441
91 8 85 170 0.438051
92 8 85 170 0.363704
93 8 85 170 0.22526
94 8 85 170 0.125398
95 8 85 170 0.0644787
96 8 85 170 0.0263497
85 9 85 170 0.024519
86 9 85 170 0.0616401
87 9 85 170 0.121898
88 9 85 170 0.201339
89 9 85 170 0.295453
90 9 85 170 0.395409
91 9 85 170 0.443459
92 9 85 170 0.372175
93 9 85 170 0.241926
94 9 85 170 0.13962
95 9 85 170 0.0716411
96 9 85 170 0.029242
97 9 85 170 0.0101379
85 10 85 170 0.0255236
86 10 85 170 0.0688521
87 10 85 170 0.139968
88 10 85 170 0.222421
89 10 85 170 0.311062
90 10 85 170 0.408309
91 10 85 170 0.457838
92 10 85 170 0.387781
93 10 85 170 0.25757
94 10 85 170 0.154167
95 10 85 170 0.0826288
96 10 85 170 0.0344372
97 10 85 170 0.0115044
85 11 85 170 0.0248007
86 11 85 170 0.0756169
87 11 85 170 0.160724
88 11 85 170 0.240962
89 11 85 170 0.315523
90 11 85 170 0.416469
91 11 85 170 0.480155
92 11 85 170 0.409143
93 11 85 170 0.27112
94 11 85 170 0.167915
95 11 85 170 0.0963856
96 11 85 170 0.0414328
97 11 85 170 0.0130035
85 12 85 170 0.022979
86 12 85 170 0.0807774
87 12 85 170 0.179538
88 12 85 170 0.254713
89 12 85 170 0.31208
90 12 85 170 0.419746
91 12 85 170 0.502715
92 12 85 170 0.429453
93 12 85 170 0.280376
94 12 85 170 0.178835
95 12 85 170 0.11
96 12 85 170 0.0487149
97 12 85 170 0.0144528
85 13 85 170 0.0206995
86 13 85 170 0.0831656
87 13 85 170 0.191723
88 13 85 170 0.261404
89 13 85 170 0.304039
90 13 85 170 0.417983
91 13 85 170 0.517679
92 13 85 170 0.441782
93 13 85 170 0.28311
94 13 85 170 0.18488
95 13 85 170 0.120522
96 13 85 170 0.0547479
97 13 85 170 0.0156678
98 13 85 170 0.0107302
85 14 85 170 0.0186029
86 14 85 170 0.0816132
87 14 85 170 0.19259
88 14 85 170 0.258768
89 14 85 170 0.294708
90 14 85 170 0.411026
91 14 85 170 0.517209
92 14 85 170 0.439202
93 14 85 170 0.277098
94 14 85 170 0.184003
95 14 85 170 0.124999
96 14 85 170 0.057996
97 14 85 170 0.016464
98 14 85 170 0.011102
99 14 85 170 0.0102212
85 15 85 170 0.0172024
86 15 85 170 0.0753929
87 15 85 170 0.178953
88 15 85 170 0.245416
89 15 85 170 0.286718
90 15 85 170 0.398951
91 15 85 170 0.495787
92 15 85 170 0.416888
93 15 85 170 0.260924
94 15 85 170 0.174808
95 15 85 170 0.121274
96 15 85 170 0.0573136
97 15 85 170 0.0166947
98 15 85 170 0.010993
85 16 85 170 0.0164017
86 16 85 170 0.0658811
87 16 85 170 0.154782
88 16 85 170 0.224154
89 16 85 170 0.279492
90 16 85 170 0.382946
91 16 85 170 0.45897
92 16 85 170 0.380048
93 16 85 170 0.237046
94 16 85 170 0.159019
95 16 85 170 0.110985
96 16 85 170 0.0534155
97 16 85 170 0.0163937
98 16 85 170 0.0104861
85 17 85 170 0.0159225
86 17 85 170 0.0550814
87 17 85 170 0.126182
88 17 85 170 0.199044
89 17 85 170 0.271493
90 17 85 170 0.364526
91 17 85 170 0.415619
92 17 85 170 0.336884
93 17 85 170 0.209074
94 17 85 170 0.139287
95 17 85 170 0.0968977
96 17 85 170 0.0475716
97 17 85 170 0.0156482
85 18 85 170 0.0154868
86 18 85 170 0.0449975
87 18 85 170 0.0992591
88 18 85 170 0.174144
89 18 85 170 0.261184
90 18 85 170 0.345211
91 18 85 170 0.374594
92 18 85 170 0.295596
93 18 85 170 0.18062
94 18 85 170 0.118263
95 18 85 170 0.0817801
96 18 85 170 0.0410518
97 18 85 170 0.0145459
85 19 85 170 0.0148176
86 19 85 170 0.0376237
87 19 85 170 0.0800893
88 19 85 170 0.153495
89 19 85 170 0.247037
90 19 85 170 0.326507
91 19 85 170 0.344709
92 19 85 170 0.264345
93 19 85 170 0.155282
94 19 85 170 0.0985916
95 19 85 170 0.068389
96 19 85 170 0.0351213
97 19 85 170 0.013174
85 20 85 170 0.0137655
86 20 85 170 0.0338613
87 20 85 170 0.0714822
88 20 85 170 0.139025
89 20 85 170 0.228375
90 20 85 170 0.3088
91 20 85 170 0.32945
92 20 85 170 0.24669
93 20 85 170 0.135072
94 20 85 170 0.0819556
95 20 85 170 0.0583031
96 20 85 170 0.0305129
97 20 85 170 0.0116241
85 21 85 170 0.0124261
86 21 85 170 0.0325181
87 21 85 170 0.0699853
88 21 85 170 0.128614
89 21 85 170 0.206156
90 21 85 170 0.290324
91 21 85 170 0.322092
92 21 85 170 0.237371
93 21 85 170 0.118963
94 21 85 170 0.0681975
95 21 85 170 0.0508433
96 21 85 170 0.026939
85 22 85 170 0.0109227
86 22 85 170 0.0321649
87 22 85 170 0.0714389
88 22 85 170 0.119683
89 22 85 170 0.181522
90 22 85 170 0.269068
91 22 85 170 0.314756
92 22 85 170 0.230129
93 22 85 170 0.105585
94 22 85 170 0.056952
95 22 85 170 0.045075
96 22 85 170 0.0239968
86 23 85 170 0.0313727
87 23 85 170 0.0716828
88 23 85 170 0.109654
89 23 85 170 0.155615
90 23 85 170 0.243023
91 23 85 170 0.299564
92 23 85 170 0.218709
93 23 85 170 0.0935671
94 23 85 170 0.0478538
95 23 85 170 0.040064
96 23 85 170 0.0212834
86 24 85 170 0.0287848
87 24 85 170 0.0667648
88 24 85 170 0.096094
89 24 85 170 0.12957
90 24 85 170 0.210361
91 24 85 170 0.269113
92 24 85 170 0.197204
93 24 85 170 0.081599
94 24 85 170 0.0405382
95 24 85 170 0.0349157
96 24 85 170 0.0184154
86 25 85 170 0.0242736
87 25 85 170 0.0562597
88 25 85 170 0.0790348
89 25 85 170 0.1044
90 25 85 170 0.172322
91 25 85 170 0.224091
92 25 85 170 0.16568
93 25 85 170 0.0693692
94 25 85 170 0.0346499
95 25 85 170 0.0294173
96 25 85 170 0.015339
86 26 85 170 0.0187391
87 26 85 170 0.0426908
88 26 85 170 0.0605704
89 26 85 170 0.0810186
90 26 85 170 0.132714
91 26 85 170 0.171949
92 26 85 170 0.129196
93 26 85 170 0.0574025
94 26 85 170 0.0298421
95 26 85 170 0.0239252
96 26 85 170 0.012276
86 27 85 170 0.0131129
87 27 85 170 0.0286719
88 27 85 170 0.0428581
89 27 85 170 0.0603335
90 27 85 170 0.0954247
91 27 85 170 0.120345
92 27 85 170 0.0929639
93 27 85 170 0.0462494
94 27 85 170 0.0257681
95 27 85 170 0.0188135
87 28 85 170 0.0168169
88 28 85 170 0.028055
89 28 85 170 0.0432538
90 28 85 170 0.0643403
91 28 85 170 0.0769389
92 28 85 170 0.0621952
93 28 85 170 0.0364604
94 28 85 170 0.0220811
95 28 85 170 0.0144563
88 29 85 170 0.0179276
89 29 85 170 0.0304815
90 29 85 170 0.0426248
91 29 85 170 0.0480373
92 29 85 170 0.0411902
93 29 85 170 0.0284852
94 29 85 170 0.0184882
95 29 85 170 0.0111554
88 30 85 170 0.0120121
89 30 85 170 0.021538
90 30 85 170 0.0293146
91 30 85 170 0.0322323
92 30 85 170 0.0290433
93 30 85 170 0.022198
94 30 85 170 0.0150034
89 31 85 170 0.0155266
90 31 85 170 0.0219841
91 31 85 170 0.0253818
92 31 85 170 0.0230048
93 31 85 170 0.0172693
94 31 85 170 0.0117496
89 32 85 170 0.0115498
90 32 85 170 0.0182058
91 32 85 170 0.0233406
92 32 85 170 0.0203224
93 32 85 170 0.0133692
90 33 85 170 0.015556
91 33 85 170 0.0219702
92 33 85 170 0.0182487
93 33 85 170 0.0101682
90 34 85 170 0.0124092
91 34 85 170 0.0185769
92 34 85 170 0.0149957
91 35 85 170 0.0137275
92 35 85 170 0.0109415
11 0 64 128 0.0140848
12 0 64 128 0.0175745
13 0 64 128 0.0243635
14 0 64 128 0.0292972
15 0 64 128 0.0221584
16 0 64 128 0.0148486
17 0 64 128 0.0107929
293 0 64 128 0.0123511
294 0 64 128 0.0179969
295 0 64 128 0.022924
296 0 64 128 0.0232417
297 0 64 128 0.0282585
298 0 64 128 0.0439898
299 0 64 128 0.0674012
300 0 64 128 0.0948502
301 0 64 128 0.118284
302 0 64 128 0.133814
303 0 64 128 0.176765
304 0 64 128 0.254929
305 0 64 128 0.297093
306 0 64 128 0.35928
307 0 64 128 0.420251
308 0 64 128 0.445849
309 0 64 128 0.469569
310 0 64 128 0.539547
311 0 64 128 0.593265
312 0 64 128 0.639827
313 0 64 128 0.644665
314 0 64 128 0.585497
315 0 64 128 0.582138
316 0 64 128 0.550891
317 0 64 128 0.532925
318 0 64 128 0.53825
319 0 64 128 0.52161
11 1 64 128 0.0120257
12 1 64 128 0.0158289
13 1 64 128 0.0215768
14 1 64 128 0.0247591
15 1 64 128 0.0188646
16 1 64 128 0.0126894
293 1 64 128 0.0114394
294 1 64 128 0.0163559
295 1 64 128 0.020801
296 1 64 128 0.0209695
297 1 64 128 0.0254156
298 1 64 128 0.0386069
299 1 64 128 0.0588131
300 1 64 128 0.0862913
301 1 64 128 0.105426
302 1 64 128 0.117438
303 1 64 128 0.154138
304 1 64 128 0.219263
305 1 64 128 0.256044
306 1 64 128 0.303167
307 1 64 128 0.360352
308 1 64 128 0.390434
309 1 64 128 0.407044
310 1 64 128 0.479537
311 1 64 128 0.519221
312 1 64 128 0.564717
313 1 64 128 0.588329
314 1 64 128 0.536059
315 1 64 128 0.533665
316 1 64 128 0.510759
317 1 64 128 0.503816
318 1 64 128 0.522411
319 1 64 128 0.517879
12 2 64 128 0.0119868
13 2 64 128 0.0156635
14 2 64 128 0.0160605
15 2 64 128 0.0124873
294 2 64 128 0.0130421
295 2 64 128 0.0163716
296 2 64 128 0.0163757
297 2 64 128 0.0196275
298 2 64 128 0.0280687
299 2 64 128 0.0420238
300 2 64 128 0.0668807
301 2 64 128 0.0784547
302 2 64 128 0.0844965
303 2 64 128 0.108929
304 2 64 128 0.149432
305 2 64 128 0.173782
306 2 64 128 0.195691
307 2 64 128 0.243341
308 2 64 128 0.277417
309 2 64 128 0.283117
310 2 64 128 0.353451
311 2 64 128 0.370569
312 2 64 128 0.414146
313 2 64 128 0.468439
314 2 64 128 0.436938
315 2 64 128 0.442649
316 2 64 128 0.436331
317 2 64 128 0.451287
318 2 64 128 0.49551
319 2 64 128 0.511369
294 3 64 128 0.0101834
295 3 64 128 0.0122638
296 3 64 128 0.0124288
297 3 64 128 0.0145583
298 3 64 128 0.019778
299 3 64 128 0.0288783
300 3 64 128 0.0455471
301 3 64 128 0.0531304
302 3 64 128 0.0565808
303 3 64 128 0.0712947
304 3 64 128 0.0945639
305 3 64 128 0.105026
306 3 64 128 0.116957
307 3 64 128 0.152093
308 3 64 128 0.178244
309 3 64 128 0.182191
310 3 64 128 0.234365
311 3 64 128 0.245129
312 3 64 128 0.287322
313 3 64 128 0.351205
314 3 64 128 0.352474
315 3 64 128 0.37861
316 3 64 128 0.386355
317 3 64 128 0.419347
318 3 64 128 0.482727
319 3 64 128 0.50734
297 4 64 128 0.011022
298 4 64 128 0.0146855
299 4 64 128 0.0209152
300 4 64 128 0.0282187
301 4 64 128 0.0347358
302 4 64 128 0.0381535
303 4 64 128 0.0468962
304 4 64 128 0.0615914
305 4 64 128 0.0624008
306 4 64 128 0.0757278
307 4 64 128 0.0984136
308 4 64 128 0.110851
309 4 64 128 0.11811
310 4 64 128 0.145384
311 4 64 128 0.161681
312 4 64 128 0.201046
313 4 64 128 0.255212
314 4 64 128 0.286794
315 4 64 128 0.334076
316 4 64 128 0.354553
317 4 64 128 0.399806
318 4 64 128 0.472672
319 4 64 128 0.49978
298 5 64 128 0.0112741
299 5 64 128 0.0157309
300 5 64 128 0.0190458
301 5 64 128 0.0241249
302 5 64 128 0.0269098
303 5 64 128 0.0318183
304 5 64 128 0.0412655
305 5 64 128 0.0415501
306 5 64 128 0.0535075
307 5 64 128 0.0667169
308 5 64 128 0.0715778
309 5 64 128 0.0774164
310 5 64 128 0.0889844
311 5 64 128 0.10806
312 5 64 128 0.140281
313 5 64 128 0.180062
314 5 64 128 0.221962
315 5 64 128 0.274653
316 5 64 128 0.311385
317 5 64 128 0.365835
318 5 64 128 0.441532
319 5 64 128 0.478789
299 6 64 128 0.0119961
300 6 64 128 0.0158422
301 6 64 128 0.0188086
302 6 64 128 0.0200644
303 6 64 128 0.0225765
304 6 64 128 0.0283417
305 6 64 128 0.0332214
306 6 64 128 0.0395265
307 6 64 128 0.0467145
308 6 64 128 0.0504682
309 6 64 128 0.0507422
310 6 64 128 0.0568397
311 6 64 128 0.0728463
312 6 64 128 0.0952688
313 6 64 128 0.122193
314 6 64 128 0.156629
315 6 64 128 0.20066
316 6 64 128 0.251123
317 6 64 128 0.310052
318 6 64 128 0.385878
319 6 64 128 0.44012
300 7 64 128 0.012846
301 7 64 128 0.0144576
302 7 64 128 0.01466
303 7 64 128 0.0160505
304 7 64 128 0.0200449
305 7 64 128 0.0257106
306 7 64 128 0.0279236
307 7 64 128 0.0315707
308 7 64 128 0.0343043
309 7 64 128 0.0314245
310 7 64 128 0.0346452
311 7 64 128 0.045506
312 7 64 128 0.0597109
313 7 64 128 0.0763845
314 7 64 128 0.099274
315 7 64 128 0.132735
316 7 64 128 0.182519
317 7 64 128 0.237202
318 7 64 128 0.31466
319 7 64 128 0.383355
303 8 64 128 0.0108981
304 8 64 128 0.0144554
305 8 64 128 0.0161073
306 8 64 128 0.0173285
307 8 64 128 0.0189975
308 8 64 128 0.019105
309 8 64 128 0.0168952
310 8 64 128 0.017045
311 8 64 128 0.0230968
312 8 64 128 0.0319938
313 8 64 128 0.0414726
314 8 64 128 0.0555923
315 8 64 128 0.0811297
316 8 64 128 0.117396
317 8 64 128 0.160326
318 8 64 128 0.239496
319 8 64 128 0.316331
304 9 64 128 0.0104043
306 9 64 128 0.0103
307 9 64 128 0.0107164
312 9 64 128 0.014604
313 9 64 128 0.0198712
314 9 64 128 0.0285406
315 9 64 128 0.0464396
316 9 64 128 0.0699118
317 9 64 128 0.0994971
318 9 64 128 0.174081
319 9 64 128 0.254049
313 10 64 128 0.0103218
314 10 64 128 0.0162928
315 10 64 128 0.0264068
316 10 64 128 0.0438918
317 10 64 128 0.0627686
318 10 64 128 0.125039
319 10 64 128 0.202414
314 11 64 128 0.0107465
315 11 64 128 0.0154104
316 11 64 128 0.0291792
317 11 64 128 0.0417116
318 11 64 128 0.0893946
319 11 64 128 0.154805
316 12 64 128 0.0182089
317 12 64 128 0.0286988
318 12 64 128 0.0636542
319 12 64 128 0.108554
316 13 64 128 0.0106667
317 13 64 128 0.0200764
318 13 64 128 0.0446449
319 13 64 128 0.0708068
317 14 64 128 0.0133528
318 14 64 128 0.0298524
319 14 64 128 0.0467612
318 15 64 128 0.0187101
319 15 64 128 0.0317594
318 16 64 128 0.0109795
319 16 64 128 0.0202268
319 17 64 128 0.0116228
96 32 64 128 0.0109879
97 32 64 128 0.0115848
98 32 64 128 0.0138889
99 32 64 128 0.0154916
94 33 64 128 0.0176889
95 33 64 128 0.0224435
96 33 64 128 0.0230229
97 33 64 128 0.0216941
98 33 64 128 0.0247786
99 33 64 128 0.0257393
100 33 64 128 0.013449
93 34 64 128 0.0136218
94 34 64 128 0.0315674
95 34 64 128 0.0413968
96 34 64 128 0.0393943
97 34 64 128 0.0360356
98 34 64 128 0.0400818
99 34 64 128 0.0398709
100 34 64 128 0.0216487
93 35 64 128 0.0160366
94 35 64 128 0.0383503
95 35 64 128 0.0502064
96 35 64 128 0.0512608
97 35 64 128 0.0496907
98 35 64 128 0.056059
99 35 64 128 0.0553603
100 35 64 128 0.028614
101 35 64 128 0.0130994
93 36 64 128 0.0192991
94 36 64 128 0.0455064
95 36 64 128 0.060228
96 36 64 128 0.0675536
97 36 64 128 0.0665308
98 36 64 128 0.0725307
99 36 64 128 0.0711836
100 36 64 128 0.0354737
101 36 64 128 0.0165567
93 37 64 128 0.0343324
94 37 64 128 0.0750998
95 37 64 128 0.104391
96 37 64 128 0.111968
97 37 64 128 0.0977302
98 37 64 128 0.0923135
99 37 64 128 0.0875418
100 37 64 128 0.0471481
101 37 64 128 0.02091
92 38 64 128 0.0186415
93 38 64 128 0.0574155
94 38 64 128 0.119621
95 38 64 128 0.170696
96 38 64 128 0.172381
97 38 64 128 0.136518
98 38 64 128 0.111954
99 38 64 128 0.100132
100 38 64 128 0.0608042
101 38 64 128 0.0253748
92 39 64 128 0.0226487
93 39 64 128 0.0654596
94 39 64 128 0.132409
95 39 64 128 0.187677
96 39 64 128 0.189369
97 39 64 128 0.152438
98 39 64 128 0.119737
99 39 64 128 0.0987911
100 39 64 128 0.0633567
101 39 64 128 0.0268793
92 40 64 128 0.0196487
93 40 64 128 0.0547931
94 40 64 128 0.104945
95 40 64 128 0.140108
96 40 64 128 0.149128
97 40 64 128 0.138604
98 40 64 128 0.116352
99 40 64 128 0.0864464
100 40 64 128 0.0532027
101 40 64 128 0.0252301
92 41 64 128 0.0244539
93 41 64 128 0.0627703
94 41 64 128 0.109454
95 41 64 128 0.13205
96 41 64 128 0.134472
97 41 64 128 0.137962
98 41 64 128 0.128152
99 41 64 128 0.0927225
100 41 64 128 0.0528391
101 41 64 128 0.0262373
91 42 64 128 0.0133382
92 42 64 128 0.0451505
93 42 64 128 0.110684
94 42 64 128 0.188875
95 42 64 128 0.2275
96 42 64 128 0.198853
97 42 64 128 0.178694
98 42 64 128 0.169862
99 42 64 128 0.133417
100 42 64 128 0.0762964
101 42 64 128 0.0341239
102 42 64 128 0.0111167
91 43 64 128 0.0177559
92 43 64 128 0.0633793
93 43 64 128 0.155947
94 43 64 128 0.267535
95 43 64 128 0.325007
96 43 64 128 0.271145
97 43 64 128 0.225912
98 43 64 128 0.211415
99 43 64 128 0.172432
100 43 64 128 0.103042
101 43 64 128 0.0460984
102 43 64 128 0.0143155
91 44 64 128 0.0173235
92 44 64 128 0.0631257
93 44 64 128 0.159351
94 44 64 128 0.273188
95 44 64 128 0.326389
96 44 64 128 0.281038
97 44 64 128 0.24398
98 44 64 128 0.223328
99 44 64 128 0.17549
100 44 64 128 0.112334
101 44 64 128 0.058152
102 44 64 128 0.0208976
91 45 64 128 0.0180712
92 45 64 128 0.0640766
93 45 64 128 0.156898
94 45 64 128 0.259461
95 45 64 128 0.3017
96 45 64 128 0.276924
97 45 64 128 0.251764
98 45 64 128 0.220213
99 45 64 128 0.164932
100 45 64 128 0.114263
101 45 64 128 0.0668511
102 45 64 128 0.0264348
91 46 64 128 0.0271743
92 46 64 128 0.0906179
93 46 64 128 0.19656
94 46 64 128 0.302698
95 46 64 128 0.351658
96 46 64 128 0.327452
97 46 64 128 0.277509
98 46 64 128 0.225518
99 46 64 128 0.173781
100 46 64 128 0.124523
101 46 64 128 0.0691861
102 46 64 128 0.0256834
91 47 64 128 0.0374894
92 47 64 128 0.119808
93 47 64 128 0.24278
94 47 64 128 0.360295
95 47 64 128 0.420353
96 47 64 128 0.379988
97 47 64 128 0.294404
98 47 64 128 0.227821
99 47 64 128 0.185161
100 47 64 128 0.129993
101 47 64 128 0.064097
102 47 64 128 0.0209176
91 48 64 128 0.0362398
92 48 64 128 0.110241
93 48 64 128 0.226837
94 48 64 128 0.341542
95 48 64 128 0.388949
96 48 64 128 0.334538
97 48 64 128 0.254704
98 48 64 128 0.201844
99 48 64 128 0.162307
100 48 64 128 0.106758
101 48 64 128 0.0518435
102 48 64 128 0.0175999
91 49 64 128 0.0249786
92 49 64 128 0.0699745
93 49 64 128 0.159667
94 49 64 128 0.257454
95 49 64 128 0.278198
96 49 64 128 0.217279
97 49 64 128 0.175372
98 49 64 128 0.155319
99 49 64 128 0.11504
100 49 64 128 0.0669759
101 49 64 128 0.0380745
102 49 64 128 0.0167311
91 50 64 128 0.0151701
92 50 64 128 0.0410633
93 50 64 128 0.107084
94 50 64 128 0.189213
95 50 64 128 0.204659
96 50 64 128 0.140843
97 50 64 128 0.117692
98 50 64 128 0.118609
99 50 64 128 0.0850407
100 50 64 128 0.047232
101 50 64 128 0.0319203
102 50 64 128 0.0161933
91 51 64 128 0.0110242
92 51 64 128 0.0351318
93 51 64 128 0.0887414
94 51 64 128 0.161003
95 51 64 128 0.194642
96 51 64 128 0.133481
97 51 64 128 0.0994809
98 51 64 128 0.100159
99 51 64 128 0.0811847
100 51 64 128 0.0528423
101 51 64 128 0.0338428
102 51 64 128 0.0154337
92 52 64 128 0.0309392
93 52 64 128 0.0743497
94 52 64 128 0.135296
95 52 64 128 0.177236
96 52 64 128 0.132506
97 52 64 128 0.0916757
98 52 64 128 0.0848081
99 52 64 128 0.0770737
100 52 64 128 0.0556802
101 52 64 128 0.0351236
102 52 64 128 0.0156249
92 53 64 128 0.0184699
93 53 64 128 0.049671
94 53 64 128 0.095712
95 53 64 128 0.123823
96 53 64 128 0.107606
97 53 64 128 0.0794781
98 53 64 128 0.0672931
99 53 64 128 0.0620552
100 53 64 128 0.0451685
101 53 64 128 0.0329912
102 53 64 128 0.0176015
93 54 64 128 0.0297738
94 54 64 128 0.0641651
95 54 64 128 0.0803517
96 54 64 128 0.0868299
97 54 64 128 0.0743174
98 54 64 128 0.0598538
99 54 64 128 0.0531654
100 54 64 128 0.0411399
101 54 64 128 0.0348102
102 54 64 128 0.021526
93 55 64 128 0.0242112
94 55 64 128 0.0540195
95 55 64 128 0.0749403
96 55 64 128 0.0868714
97 55 64 128 0.0805104
98 55 64 128 0.0670362
99 55 64 128 0.0596019
100 55 64 128 0.0538105
101 55 64 128 0.0436586
102 55 64 128 0.0266077
103 55 64 128 0.0135488
93 56 64 128 0.0228807
94 56 64 128 0.0497007
95 56 64 128 0.0764947
96 56 64 128 0.0843881
97 56 64 128 0.079513
98 56 64 128 0.0709949
99 56 64 128 0.0656287
100 56 64 128 0.0635753
101 56 64 128 0.0500574
102 56 64 128 0.0298934
103 56 64 128 0.0160656
104 56 64 128 0.0101533
93 57 64 128 0.0162119
94 57 64 128 0.0366214
95 57 64 128 0.0562842
96 57 64 128 0.059548
97 57 64 128 0.057127
98 57 64 128 0.0570567
99 57 64 128 0.0571482
100 57 64 128 0.0536098
101 57 64 128 0.0459049
102 57 64 128 0.0289638
103 57 64 128 0.0148813
94 58 64 128 0.0201999
95 58 64 128 0.0278116
96 58 64 128 0.0283258
97 58 64 128 0.0284706
98 58 64 128 0.0351532
99 58 64 128 0.0402839
100 58 64 128 0.0343866
101 58 64 128 0.0353766
102 58 64 128 0.0246397
103 58 64 128 0.0118265
95 59 64 128 0.0111351
96 59 64 128 0.0114009
97 59 64 128 0.0122595
98 59 64 128 0.0190036
99 59 64 128 0.0248109
100 59 64 128 0.0205746
101 59 64 128 0.0248396
102 59 64 128 0.0185389
98 60 64 128 0.0100317
99 60 64 128 0.0136496
100 60 64 128 0.0131743
101 60 64 128 0.0163424
102 60 64 128 0.0124576
101 61 64 128 0.0102593
302 75 64 128 0.0106462
301 76 64 128 0.0107813
302 76 64 128 0.013386
303 76 64 128 0.0135926
304 76 64 128 0.011315
295 77 64 128 0.0108996
296 77 64 128 0.0118983
297 77 64 128 0.0104922
300 77 64 128 0.0112494
301 77 64 128 0.013959
302 77 64 128 0.0166802
303 77 64 128 0.0181841
304 77 64 128 0.0170978
305 77 64 128 0.0126861
306 77 64 128 0.0112959
307 77 64 128 0.0102126
295 78 64 128 0.0119962
296 78 64 128 0.0135208
297 78 64 128 0.0123917
298 78 64 128 0.010809
299 78 64 128 0.0115026
300 78 64 128 0.0139757
301 78 64 128 0.0176362
302 78 64 128 0.0210753
303 78 64 128 0.0223895
304 78 64 128 0.0205719
305 78 64 128 0.0171316
306 78 64 128 0.0157233
307 78 64 128 0.0136342
308 78 64 128 0.0103885
295 79 64 128 0.0120415
296 79 64 128 0.0143534
297 79 64 128 0.0143429
298 79 64 128 0.012615
299 79 64 128 0.0125808
300 79 64 128 0.0161338
301 79 64 128 0.0218356
302 79 64 128 0.0265077
303 79 64 128 0.0261219
304 79 64 128 0.0216813
305 79 64 128 0.0209815
306 79 64 128 0.0203208
307 79 64 128 0.0169143
308 79 64 128 0.0131782
309 79 64 128 0.0116573
310 79 64 128 0.0104186
311 79 64 128 0.0108749
295 80 64 128 0.0117209
296 80 64 128 0.0142746
297 80 64 128 0.0150293
298 80 64 128 0.0136784
299 80 64 128 0.0137555
300 80 64 128 0.0191806
301 80 64 128 0.0270199
302 80 64 128 0.0322857
303 80 64 128 0.0303314
304 80 64 128 0.0239749
305 80 64 128 0.0241061
306 80 64 128 0.0242562
307 80 64 128 0.02065
308 80 64 128 0.0172165
309 80 64 128 0.0164877
310 80 64 128 0.0139099
311 80 64 128 0.0142641
312 80 64 128 0.0127405
295 81 64 128 0.0113054
296 81 64 128 0.0134436
297 81 64 128 0.0141615
298 81 64 128 0.0137128
299 81 64 128 0.0151849
300 81 64 128 0.0230188
301 81 64 128 0.0328561
302 81 64 128 0.0382475
303 81 64 128 0.0357554
304 81 64 128 0.0290705
305 81 64 128 0.0269644
306 81 64 128 0.0273935
307 81 64 128 0.0249715
308 81 64 128 0.0226448
309 81 64 128 0.0231286
310 81 64 128 0.0183366
311 81 64 128 0.0180147
312 81 64 128 0.0163646
313 81 64 128 0.0105159
295 82 64 128 0.0103501
296 82 64 128 0.0124267
297 82 64 128 0.0130989
298 82 64 128 0.0132153
299 82 64 128 0.0158632
300 82 64 128 0.0250369
301 82 64 128 0.037747
302 82 64 128 0.045094
303 82 64 128 0.0427251
304 82 64 128 0.0353356
305 82 64 128 0.0308873
306 82 64 128 0.0306974
307 82 64 128 0.029236
308 82 64 128 0.0279797
309 82 64 128 0.0289407
310 82 64 128 0.0234475
311 82 64 128 0.0226496
312 82 64 128 0.0213619
313 82 64 128 0.0151028
296 83 64 128 0.0115447
297 83 64 128 0.0126662
298 83 64 128 0.0125746
299 83 64 128 0.0152687
300 83 64 128 0.0240022
301 83 64 128 0.0405122
302 83 64 128 0.0524523
303 83 64 128 0.0509327
304 83 64 128 0.0418566
305 83 64 128 0.0367469
306 83 64 128 0.0351371
307 83 64 128 0.0334079
308 83 64 128 0.0325025
309 83 64 128 0.0328388
310 83 64 128 0.0291707
311 83 64 128 0.0286894
312 83 64 128 0.0282534
313 83 64 128 0.0222995
314 83 64 128 0.012829
296 84 64 128 0.0104561
297 84 64 128 0.0120913
298 84 64 128 0.011765
299 84 64 128 0.0142584
300 84 64 128 0.022448
301 84 64 128 0.0412119
302 84 64 128 0.0572414
303 84 64 128 0.0586455
304 84 64 128 0.0500768
305 84 64 128 0.0441556
306 84 64 128 0.0414691
307 84 64 128 0.0390422
308 84 64 128 0.0376296
309 84 64 128 0.0379148
310 84 64 128 0.035934
311 84 64 128 0.0365503
312 84 64 128 0.0365281
313 84 64 128 0.0297463
314 84 64 128 0.0173863
297 85 64 128 0.0106715
298 85 64 128 0.0107198
299 85 64 128 0.0135732
300 85 64 128 0.0224592
301 85 64 128 0.0401794
302 85 64 128 0.0571534
303 85 64 128 0.0639714
304 85 64 128 0.060242
305 85 64 128 0.052257
306 85 64 128 0.0498844
307 85 64 128 0.0471481
308 85 64 128 0.0443564
309 85 64 128 0.0461362
310 85 64 128 0.0436274
311 85 64 128 0.0457387
312 85 64 128 0.0450243
313 85 64 128 0.0353652
314 85 64 128 0.0222262
315 85 64 128 0.0104794
299 86 64 128 0.0127945
300 86 64 128 0.0224654
301 86 64 128 0.0380974
302 86 64 128 0.0541722
303 86 64 128 0.0651896
304 86 64 128 0.0669289
305 86 64 128 0.0591341
306 86 64 128 0.0586011
307 86 64 128 0.055876
308 86 64 128 0.0509887
309 86 64 128 0.0531017
310 86 64 128 0.0498903
311 86 64 128 0.0524631
312 86 64 128 0.0507304
313 86 64 128 0.0396306
314 86 64 128 0.0272225
315 86 64 128 0.0132468
299 87 64 128 0.011378
300 87 64 128 0.0205114
301 87 64 128 0.0355272
302 87 64 128 0.0506681
303 87 64 128 0.0610027
304 87 64 128 0.0646758
305 87 64 128 0.0625903
306 87 64 128 0.0652231
307 87 64 128 0.062679
308 87 64 128 0.0553621
309 87 64 128 0.0540785
310 87 64 128 0.052216
311 87 64 128 0.0531333
312 87 64 128 0.0511341
313 87 64 128 0.0434242
314 87 64 128 0.0322707
315 87 64 128 0.0165538
300 88 64 128 0.0173242
301 88 64 128 0.0318484
302 88 64 128 0.0454761
303 88 64 128 0.0523652
304 88 64 128 0.0554516
305 88 64 128 0.0602222
306 88 64 128 0.0664223
307 88 64 128 0.0647843
308 88 64 128 0.0561882
309 88 64 128 0.050993
310 88 64 128 0.0502796
311 88 64 128 0.0497966
312 88 64 128 0.0491473
313 88 64 128 0.0465696
314 88 64 128 0.0368649
315 88 64 128 0.0200345
316 88 64 128 0.0110798
300 89 64 128 0.0144596
301 89 64 128 0.0262333
302 89 64 128 0.0366208
303 89 64 128 0.0411711
304 89 64 128 0.0438064
305 89 64 128 0.0502003
306 89 64 128 0.0592269
307 89 64 128 0.0598808
308 89 64 128 0.052796
309 89 64 128 0.0478963
310 89 64 128 0.0447679
311 89 64 128 0.046235
312 89 64 128 0.0491162
313 89 64 128 0.0485391
314 89 64 128 0.0403371
315 89 64 128 0.0231629
316 89 64 128 0.0134397
300 90 64 128 0.0120801
301 90 64 128 0.019988
302 90 64 128 0.0266727
303 90 64 128 0.0304874
304 90 64 128 0.0331619
305 90 64 128 0.0369313
306 90 64 128 0.0473466
307 90 64 128 0.0508806
308 90 64 128 0.0473922
309 90 64 128 0.0460251
310 90 64 128 0.0384729
311 90 64 128 0.0432322
312 90 64 128 0.050246
313 90 64 128 0.0491271
314 90 64 128 0.0418602
315 90 64 128 0.0254675
316 90 64 128 0.0157227
317 90 64 128 0.0114033
301 91 64 128 0.0154765
302 91 64 128 0.0204577
303 91 64 128 0.0238114
304 91 64 128 0.0261327
305 91 64 128 0.0279134
306 91 64 128 0.0378766
307 91 64 128 0.043332
308 91 64 128 0.0435668
309 91 64 128 0.0449896
310 91 64 128 0.0351173
311 91 64 128 0.0399661
312 91 64 128 0.049083
313 91 64 128 0.0483193
314 91 64 128 0.0406135
315 91 64 128 0.0265384
316 91 64 128 0.0178979
317 91 64 128 0.0130317
301 92 64 128 0.012808
302 92 64 128 0.0180234
303 92 64 128 0.0208342
304 92 64 128 0.0223341
305 92 64 128 0.0240776
306 92 64 128 0.0321249
307 92 64 128 0.0380887
308 92 64 128 0.0411485
309 92 64 128 0.0434471
310 92 64 128 0.0342997
311 92 64 128 0.0367628
312 92 64 128 0.0457295
313 92 64 128 0.0463061
314 92 64 128 0.037401
315 92 64 128 0.0264989
316 92 64 128 0.0198245
317 92 64 128 0.0147717
318 92 64 128 0.0110618
319 92 64 128 0.0109755
301 93 64 128 0.0102281
302 93 64 128 0.0154635
303 93 64 128 0.0181101
304 93 64 128 0.0189233
305 93 64 128 0.0208977
306 93 64 128 0.026587
307 93 64 128 0.032113
308 93 64 128 0.0368702
309 93 64 128 0.0393253
310 93 64 128 0.0322276
311 93 64 128 0.0348851
312 93 64 128 0.0432347
313 93 64 128 0.0434694
314 93 64 128 0.0343695
315 93 64 128 0.0259238
316 93 64 128 0.0212782
317 93 64 128 0.0166741
318 93 64 128 0.0129735
319 93 64 128 0.013135
302 94 64 128 0.0114031
303 94 64 128 0.0142013
304 94 64 128 0.0147912
305 94 64 128 0.0164982
306 94 64 128 0.0201927
307 94 64 128 0.0247641
308 94 64 128 0.0299506
309 94 64 128 0.0324848
310 94 64 128 0.0277568
311 94 64 128 0.0341674
312 94 64 128 0.0425995
313 94 64 128 0.0409535
314 94 64 128 0.033021
315 94 64 128 0.0255759
316 94 64 128 0.0224089
317 94 64 128 0.018803
318 94 64 128 0.0154146
319 94 64 128 0.016
303 95 64 128 0.0103007
304 95 64 128 0.0110882
305 95 64 128 0.0125237
306 95 64 128 0.0150921
307 95 64 128 0.0185392
308 95 64 128 0.0228297
309 95 64 128 0.0252264
310 95 64 128 0.0231777
311 95 64 128 0.0326285
312 95 64 128 0.04215
313 95 64 128 0.0408289
314 95 64 128 0.0339841
315 95 64 128 0.0264246
316 95 64 128 0.02383
317 95 64 128 0.0212374
318 95 64 128 0.0187677
319 95 64 128 0.0200723
306 96 64 128 0.0122618
307 96 64 128 0.0147081
308 96 64 128 0.0171696
309 96 64 128 0.0191811
310 96 64 128 0.0197302
311 96 64 128 0.0290949
312 96 64 128 0.0403779
313 96 64 128 0.0428749
314 96 64 128 0.0363406
315 96 64 128 0.028244
316 96 64 128 0.0254181
317 96 64 128 0.0236258
318 96 64 128 0.0227394
319 96 64 128 0.0249513
306 97 64 128 0.0100847
307 97 64 128 0.0118554
308 97 64 128 0.0127833
309 97 64 128 0.0144275
310 97 64 128 0.0162668
311 97 64 128 0.024131
312 97 64 128 0.0364065
313 97 64 128 0.0424466
314 97 64 128 0.0363642
315 97 64 128 0.0285321
316 97 64 128 0.0256071
317 97 64 128 0.0248057
318 97 64 128 0.0257433
319 97 64 128 0.0285171
309 98 64 128 0.0108581
310 98 64 128 0.0120759
311 98 64 128 0.0186743
312 98 64 128 0.0302007
313 98 64 128 0.0367259
314 98 64 128 0.0320466
315 98 64 128 0.0259449
316 98 64 128 0.0237208
317 98 64 128 0.0242003
318 98 64 128 0.0268494
319 98 64 128 0.0299149
311 99 64 128 0.0141872
312 99 64 128 0.0239658
313 99 64 128 0.0296184
314 99 64 128 0.0272678
315 99 64 128 0.0232295
316 99 64 128 0.022128
317 99 64 128 0.0231934
318 99 64 128 0.0274496
319 99 64 128 0.0325137
311 100 64 128 0.0117523
312 100 64 128 0.0196781
313 100 64 128 0.0250682
314 100 64 128 0.0256127
315 100 64 128 0.0228085
316 100 64 128 0.0228667
317 100 64 128 0.0231227
318 100 64 128 0.0288965
319 100 64 128 0.03907
311 101 64 128 0.0102788
312 101 64 128 0.016414
313 101 64 128 0.0216432
314 101 64 128 0.0244512
315 101 64 128 0.0222399
316 101 64 128 0.0239433
317 101 64 128 0.0234958
318 101 64 128 0.0304458
319 101 64 128 0.0460473
312 102 64 128 0.0127059
313 102 64 128 0.0168723
314 102 64 128 0.0201194
315 102 64 128 0.0183917
316 102 64 128 0.0226931
317 102 64 128 0.0234436
318 102 64 128 0.0309997
319 102 64 128 0.0488641
313 103 64 128 0.0119528
314 103 64 128 0.0144234
315 103 64 128 0.013289
316 103 64 128 0.0199948
317 103 64 128 0.0231729
318 103 64 128 0.0312698
319 103 64 128 0.048494
314 104 64 128 0.0112773
315 104 64 128 0.0109099
316 104 64 128 0.0181255
317 104 64 128 0.0232657
318 104 64 128 0.0325679
319 104 64 128 0.0481264
314 105 64 128 0.0104913
315 105 64 128 0.0109326
316 105 64 128 0.0171072
317 105 64 128 0.0229977
318 105 64 128 0.0336436
319 105 64 128 0.0477181
315 106 64 128 0.0102263
316 106 64 128 0.0154902
317 106 64 128 0.0208418
318 106 64 128 0.0316471
319 106 64 128 0.0451369
316 107 64 128 0.0131924
317 107 64 128 0.0172004
318 107 64 128 0.0269369
319 107 64 128 0.0407113
316 108 64 128 0.0115267
317 108 64 128 0.0144166
318 108 64 128 0.0231077
319 108 64 128 0.0372631
316 109 64 128 0.0108706
317 109 64 128 0.0133495
318 109 64 128 0.021529
319 109 64 128 0.0355429
316 110 64 128 0.0100939
317 110 64 128 0.0124827
318 110 64 128 0.0199873
319 110 64 128 0.033004
317 111 64 128 0.0109364
318 111 64 128 0.0173186
319 111 64 128 0.0285316
318 112 64 128 0.0154586
319 112 64 128 0.0249363
318 113 64 128 0.015732
319 113 64 128 0.0242399
318 114 64 128 0.0157094
319 114 64 128 0.0236556
318 115 64 128 0.0128682
319 115 64 128 0.0201309
319 116 64 128 0.0152463
319 117 64 128 0.0119245
319 118 64 128 0.0103238
313 152 64 128 0.010127
313 153 64 128 0.01041
314 153 64 128 0.0105503
313 154 64 128 0.0108936
314 154 64 128 0.0115464
315 154 64 128 0.010429
313 155 64 128 0.0109671
314 155 64 128 0.0119992
315 155 64 128 0.0115818
316 155 64 128 0.0108895
317 155 64 128 0.0106036
313 156 64 128 0.010157
314 156 64 128 0.0113216
315 156 64 128 0.0110868
316 156 64 128 0.0112687
317 156 64 128 0.0115588
314 157 64 128 0.0101965
315 157 64 128 0.0101349
316 157 64 128 0.0112509
317 157 64 128 0.0121887
318 157 64 128 0.0104717
315 158 64 128 0.0102786
316 158 64 128 0.0114672
317 158 64 128 0.0126075
318 158 64 128 0.0112592
315 159 64 128 0.0107011
316 159 64 128 0.0115193
317 159 64 128 0.0125152
318 159 64 128 0.0115497
316 160 64 128 0.0106667
317 160 64 128 0.0115156
318 160 64 128 0.0106504
317 161 64 128 0.0101326
264 187 64 128 0.0100465
262 188 64 128 0.0107587
263 188 64 128 0.0151398
264 188 64 128 0.0149994
265 188 64 128 0.013135
266 188 64 128 0.0107071
251 189 64 128 0.0105197
252 189 64 128 0.0108863
262 189 64 128 0.0174269
263 189 64 128 0.0240818
264 189 64 128 0.0216234
265 189 64 128 0.0181597
266 189 64 128 0.0146867
267 189 64 128 0.0125783
268 189 64 128 0.0100539
251 190 64 128 0.015485
252 190 64 128 0.0167806
253 190 64 128 0.0139031
254 190 64 128 0.0120199
260 190 64 128 0.0112205
261 190 64 128 0.0145188
262 190 64 128 0.0255205
263 190 64 128 0.0339223
264 190 64 128 0.0279048
265 190 64 128 0.0234306
266 190 64 128 0.0185819
267 190 64 128 0.0156487
268 190 64 128 0.0128763
248 191 64 128 0.0113675
249 191 64 128 0.0115174
250 191 64 128 0.0153459
251 191 64 128 0.0223233
252 191 64 128 0.0252763
253 191 64 128 0.0230879
254 191 64 128 0.0187513
255 191 64 128 0.0120984
259 191 64 128 0.01328
260 191 64 128 0.0199184
261 191 64 128 0.0246339
262 191 64 128 0.0389995
263 191 64 128 0.0476916
264 191 64 128 0.0360199
265 191 64 128 0.0312196
266 191 64 128 0.0236331
267 191 64 128 0.0190122
268 191 64 128 0.0165013
245 192 64 128 0.0127846
246 192 64 128 0.0135886
247 192 64 128 0.0149334
248 192 64 128 0.0169884
249 192 64 128 0.017934
250 192 64 128 0.0236921
251 192 64 128 0.0336646
252 192 64 128 0.0364297
253 192 64 128 0.0311967
254 192 64 128 0.0244156
255 192 64 128 0.0158641
256 192 64 128 0.0132584
257 192 64 128 0.0134628
258 192 64 128 0.0144345
259 192 64 128 0.0213691
260 192 64 128 0.0361259
261 192 64 128 0.0467901
262 192 64 128 0.066183
263 192 64 128 0.0730597
264 192 64 128 0.0520441
265 192 64 128 0.0469945
266 192 64 128 0.0334142
267 192 64 128 0.0245747
268 192 64 128 0.0218326
269 192 64 128 0.0115482
243 193 64 128 0.0111331
244 193 64 128 0.0176626
245 193 64 128 0.0219474
246 193 64 128 0.0248732
247 193 64 128 0.025689
248 193 64 128 0.0257558
249 193 64 128 0.0284717
250 193 64 128 0.0362045
251 193 64 128 0.0499344
252 193 64 128 0.0498455
253 193 64 128 0.0384281
254 193 64 128 0.0302318
255 193 64 128 0.0198599
256 193 64 128 0.0191384
257 193 64 128 0.0213888
258 193 64 128 0.0220361
259 193 64 128 0.0317932
260 193 64 128 0.0580012
261 193 64 128 0.0782045
262 193 64 128 0.105653
263 193 64 128 0.111418
264 193 64 128 0.0787804
265 193 64 128 0.0715903
266 193 64 128 0.0485809
267 193 64 128 0.0328062
268 193 64 128 0.0285976
269 193 64 128 0.0142307
242 194 64 128 0.0100673
243 194 64 128 0.0149836
244 194 64 128 0.024143
245 194 64 128 0.042364
246 194 64 128 0.0423471
247 194 64 128 0.0410154
248 194 64 128 0.0433341
249 194 64 128 0.0425345
250 194 64 128 0.0545525
251 194 64 128 0.0683808
252 194 64 128 0.0645229
253 194 64 128 0.0514458
254 194 64 128 0.0432545
255 194 64 128 0.030217
256 194 64 128 0.0284946
257 194 64 128 0.0304826
258 194 64 128 0.0316845
259 194 64 128 0.0449762
260 194 64 128 0.0765313
261 194 64 128 0.102509
262 194 64 128 0.142089
263 194 64 128 0.155076
264 194 64 128 0.114208
265 194 64 128 0.0991614
266 194 64 128 0.0655646
267 194 64 128 0.0420852
268 194 64 128 0.0348461
269 194 64 128 0.0179318
270 194 64 128 0.011571
242 195 64 128 0.0132541
243 195 64 128 0.0180526
244 195 64 128 0.0283495
245 195 64 128 0.0760095
246 195 64 128 0.0675889
247 195 64 128 0.0629277
248 195 64 128 0.072113
249 195 64 128 0.0607729
250 195 64 128 0.0793254
251 195 64 128 0.0885218
252 195 64 128 0.081086
253 195 64 128 0.0727001
254 195 64 128 0.0650235
255 195 64 128 0.0480896
256 195 64 128 0.0410318
257 195 64 128 0.0395069
258 195 64 128 0.0427844
259 195 64 128 0.0605492
260 195 64 128 0.0890059
261 195 64 128 0.114312
262 195 64 128 0.169464
263 195 64 128 0.200007
264 195 64 128 0.156613
265 195 64 128 0.127757
266 195 64 128 0.0835529
267 195 64 128 0.0527137
268 195 64 128 0.0407406
269 195 64 128 0.0225386
270 195 64 128 0.0137805
242 196 64 128 0.0218479
243 196 64 128 0.0308198
244 196 64 128 0.0471818
245 196 64 128 0.113865
246 196 64 128 0.103529
247 196 64 128 0.0971826
248 196 64 128 0.106923
249 196 64 128 0.0867641
250 196 64 128 0.108747
251 196 64 128 0.115226
252 196 64 128 0.103721
253 196 64 128 0.0946157
254 196 64 128 0.0843779
255 196 64 128 0.0632173
256 196 64 128 0.0512354
257 196 64 128 0.0478895
258 196 64 128 0.0539845
259 196 64 128 0.0763925
260 196 64 128 0.10731
261 196 64 128 0.133822
262 196 64 128 0.203819
263 196 64 128 0.251449
264 196 64 128 0.205708
265 196 64 128 0.16481
266 196 64 128 0.10829
267 196 64 128 0.0694322
268 196 64 128 0.0512199
269 196 64 128 0.0266022
270 196 64 128 0.0158957
240 197 64 128 0.0112405
241 197 64 128 0.0199034
242 197 64 128 0.0378734
243 197 64 128 0.058143
244 197 64 128 0.0890746
245 197 64 128 0.148519
246 197 64 128 0.149254
247 197 64 128 0.143981
248 197 64 128 0.141725
249 197 64 128 0.120165
250 197 64 128 0.138165
251 197 64 128 0.1481
252 197 64 128 0.131873
253 197 64 128 0.109565
254 197 64 128 0.0924058
255 197 64 128 0.0678255
256 197 64 128 0.0549976
257 197 64 128 0.0548524
258 197 64 128 0.0639731
259 197 64 128 0.0908724
260 197 64 128 0.138618
261 197 64 128 0.175052
262 197 64 128 0.256631
263 197 64 128 0.312357
264 197 64 128 0.26046
265 197 64 128 0.214883
266 197 64 128 0.143758
267 197 64 128 0.0957251
268 197 64 128 0.0701331
269 197 64 128 0.0301447
270 197 64 128 0.0185491
271 197 64 128 0.0121921
240 198 64 128 0.0155284
241 198 64 128 0.0288252
242 198 64 128 0.0508069
243 198 64 128 0.0820637
244 198 64 128 0.12743
245 198 64 128 0.182558
246 198 64 128 0.190537
247 198 64 128 0.183525
248 198 64 128 0.170815
249 198 64 128 0.146403
250 198 64 128 0.154403
251 198 64 128 0.167027
252 198 64 128 0.147769
253 198 64 128 0.114014
254 198 64 128 0.0930493
255 198 64 128 0.0672334
256 198 64 128 0.0550918
257 198 64 128 0.0586509
258 198 64 128 0.0718923
259 198 64 128 0.10471
260 198 64 128 0.168288
261 198 64 128 0.220615
262 198 64 128 0.314873
263 198 64 128 0.37418
264 198 64 128 0.316761
265 198 64 128 0.269051
266 198 64 128 0.18532
267 198 64 128 0.129025
268 198 64 128 0.0956871
269 198 64 128 0.0386295
270 198 64 128 0.023911
271 198 64 128 0.0162679
240 199 64 128 0.0183278
241 199 64 128 0.0278022
242 199 64 128 0.0519111
243 199 64 128 0.0868517
244 199 64 128 0.138303
245 199 64 128 0.218838
246 199 64 128 0.214323
247 199 64 128 0.19817
248 199 64 128 0.18994
249 199 64 128 0.1527
250 199 64 128 0.147395
251 199 64 128 0.154747
252 199 64 128 0.135964
253 199 64 128 0.106576
254 199 64 128 0.0917554
255 199 64 128 0.0677847
256 199 64 128 0.0549675
257 199 64 128 0.0581185
258 199 64 128 0.0771411
259 199 64 128 0.118512
260 199 64 128 0.181835
261 199 64 128 0.250532
262 199 64 128 0.362146
263 199 64 128 0.426642
264 199 64 128 0.369091
265 199 64 128 0.31769
266 199 64 128 0.227461
267 199 64 128 0.165502
268 199 64 128 0.124827
269 199 64 128 0.0564251
270 199 64 128 0.0336232
271 199 64 128 0.02062
287 199 64 128 0.0120159
288 199 64 128 0.0138237
289 199 64 128 0.0117862
239 200 64 128 0.0124444
240 200 64 128 0.0223146
241 200 64 128 0.0289943
242 200 64 128 0.0554434
243 200 64 128 0.0932355
244 200 64 128 0.149707
245 200 64 128 0.250784
246 200 64 128 0.228151
247 200 64 128 0.203275
248 200 64 128 0.202111
249 200 64 128 0.151153
250 200 64 128 0.13264
251 200 64 128 0.130353
252 200 64 128 0.111947
253 200 64 128 0.0926896
254 200 64 128 0.0879182
255 200 64 128 0.0669902
256 200 64 128 0.0541547
257 200 64 128 0.0561719
258 200 64 128 0.0799768
259 200 64 128 0.129729
260 200 64 128 0.189281
261 200 64 128 0.265325
262 200 64 128 0.390966
263 200 64 128 0.462915
264 200 64 128 0.40788
265 200 64 128 0.362144
266 200 64 128 0.269429
267 200 64 128 0.20126
268 200 64 128 0.154003
269 200 64 128 0.076248
270 200 64 128 0.0448878
271 200 64 128 0.0258133
272 200 64 128 0.0123298
286 200 64 128 0.0102025
287 200 64 128 0.015954
288 200 64 128 0.018975
289 200 64 128 0.0164637
290 200 64 128 0.0120403
237 201 64 128 0.0106203
238 201 64 128 0.0136205
239 201 64 128 0.0213533
240 201 64 128 0.0308059
241 201 64 128 0.0479094
242 201 64 128 0.0795388
243 201 64 128 0.128431
244 201 64 128 0.198914
245 201 64 128 0.270321
246 201 64 128 0.244491
247 201 64 128 0.220875
248 201 64 128 0.211623
249 201 64 128 0.159151
250 201 64 128 0.131033
251 201 64 128 0.121161
252 201 64 128 0.0984812
253 201 64 128 0.0794565
254 201 64 128 0.0794802
255 201 64 128 0.0603709
256 201 64 128 0.0511163
257 201 64 128 0.0563383
258 201 64 128 0.0807121
259 201 64 128 0.134892
260 201 64 128 0.205603
261 201 64 128 0.271188
262 201 64 128 0.397601
263 201 64 128 0.478113
264 201 64 128 0.423547
265 201 64 128 0.405542
266 201 64 128 0.310717
267 201 64 128 0.232213
268 201 64 128 0.179719
269 201 64 128 0.0885325
270 201 64 128 0.0540453
271 201 64 128 0.0326244
272 201 64 128 0.0157037
286 201 64 128 0.0118321
287 201 64 128 0.0180319
288 201 64 128 0.0213171
289 201 64 128 0.0191306
290 201 64 128 0.0141
236 202 64 128 0.0129131
237 202 64 128 0.016613
238 202 64 128 0.0206237
239 202 64 128 0.0321646
240 202 64 128 0.0407228
241 202 64 128 0.0725891
242 202 64 128 0.111365
243 202 64 128 0.173439
244 202 64 128 0.257507
245 202 64 128 0.282847
246 202 64 128 0.260501
247 202 64 128 0.237982
248 202 64 128 0.213526
249 202 64 128 0.16996
250 202 64 128 0.138237
251 202 64 128 0.123287
252 202 64 128 0.0942048
253 202 64 128 0.0691438
254 202 64 128 0.0688672
255 202 64 128 0.0510916
256 202 64 128 0.0461357
257 202 64 128 0.055982
258 202 64 128 0.0777432
259 202 64 128 0.131462
260 202 64 128 0.219731
261 202 64 128 0.265576
262 202 64 128 0.385474
263 202 64 128 0.474311
264 202 64 128 0.417711
265 202 64 128 0.435654
266 202 64 128 0.33966
267 202 64 128 0.252835
268 202 64 128 0.200344
269 202 64 128 0.0966993
270 202 64 128 0.0624594
271 202 64 128 0.0400242
272 202 64 128 0.0191313
273 202 64 128 0.0101038
286 202 64 128 0.0131031
287 202 64 128 0.0194006
288 202 64 128 0.0225419
289 202 64 128 0.0212204
290 202 64 128 0.0158634
291 202 64 128 0.0107054
236 203 64 128 0.0156089
237 203 64 128 0.0222668
238 203 64 128 0.0281041
239 203 64 128 0.0376981
240 203 64 128 0.046218
241 203 64 128 0.0790464
242 203 64 128 0.124231
243 203 64 128 0.188542
244 203 64 128 0.267974
245 203 64 128 0.299028
246 203 64 128 0.265803
247 203 64 128 0.226041
248 203 64 128 0.198955
249 203 64 128 0.165719
250 203 64 128 0.137912
251 203 64 128 0.118026
252 203 64 128 0.0862164
253 203 64 128 0.0614512
254 203 64 128 0.0604142
255 203 64 128 0.0456577
256 203 64 128 0.0403512
257 203 64 128 0.0497696
258 203 64 128 0.0687552
259 203 64 128 0.117668
260 203 64 128 0.20896
261 203 64 128 0.242122
262 203 64 128 0.361134
263 203 64 128 0.456529
264 203 64 128 0.397361
265 203 64 128 0.433749
266 203 64 128 0.340166
267 203 64 128 0.257264
268 203 64 128 0.214845
269 203 64 128 0.109719
270 203 64 128 0.0735202
271 203 64 128 0.0461351
272 203 64 128 0.0215078
273 203 64 128 0.0117579
286 203 64 128 0.0153911
287 203 64 128 0.0226459
288 203 64 128 0.0265193
289 203 64 128 0.0259074
290 203 64 128 0.0188134
291 203 64 128 0.0123074
235 204 64 128 0.0100985
236 204 64 128 0.0167241
237 204 64 128 0.026815
238 204 64 128 0.0342966
239 204 64 128 0.0386865
240 204 64 128 0.0482773
241 204 64 128 0.07055
242 204 64 128 0.117782
243 204 64 128 0.172852
244 204 64 128 0.233172
245 204 64 128 0.306806
246 204 64 128 0.253008
247 204 64 128 0.18787
248 204 64 128 0.170222
249 204 64 128 0.144317
250 204 64 128 0.124667
251 204 64 128 0.100611
252 204 64 128 0.071231
253 204 64 128 0.0542461
254 204 64 128 0.0532001
255 204 64 128 0.0428812
256 204 64 128 0.0339395
257 204 64 128 0.0385041
258 204 64 128 0.0552185
259 204 64 128 0.096091
260 204 64 128 0.173029
261 204 64 128 0.203131
262 204 64 128 0.323935
263 204 64 128 0.421362
264 204 64 128 0.365183
265 204 64 128 0.399673
266 204 64 128 0.314008
267 204 64 128 0.245398
268 204 64 128 0.217106
269 204 64 128 0.121637
270 204 64 128 0.0830731
271 204 64 128 0.0500193
272 204 64 128 0.0233515
273 204 64 128 0.0138322
285 204 64 128 0.0105147
286 204 64 128 0.018265
287 204 64 128 0.0272621
288 204 64 128 0.0326446
289 204 64 128 0.032076
290 204 64 128 0.0223121
291 204 64 128 0.0140784
235 205 64 128 0.0117133
236 205 64 128 0.0196137
237 205 64 128 0.0303858
238 205 64 128 0.0373632
239 205 64 128 0.0417216
240 205 64 128 0.0529339
241 205 64 128 0.070561
242 205 64 128 0.111374
243 205 64 128 0.154604
244 205 64 128 0.201045
245 205 64 128 0.277865
246 205 64 128 0.217498
247 205 64 128 0.149784
248 205 64 128 0.138041
249 205 64 128 0.115608
250 205 64 128 0.101595
251 205 64 128 0.0769674
252 205 64 128 0.0533437
253 205 64 128 0.0441342
254 205 64 128 0.0424515
255 205 64 128 0.0358996
256 205 64 128 0.0263785
257 205 64 128 0.0275876
258 205 64 128 0.0414347
259 205 64 128 0.0725777
260 205 64 128 0.128708
261 205 64 128 0.157504
262 205 64 128 0.26816
263 205 64 128 0.359579
264 205 64 128 0.320717
265 205 64 128 0.347399
266 205 64 128 0.276422
267 205 64 128 0.221601
268 205 64 128 0.197676
269 205 64 128 0.115749
270 205 64 128 0.0815759
271 205 64 128 0.051479
272 205 64 128 0.0263506
273 205 64 128 0.0158052
285 205 64 128 0.0117817
286 205 64 128 0.0199907
287 205 64 128 0.0304885
288 205 64 128 0.0370166
289 205 64 128 0.035468
290 205 64 128 0.0241824
291 205 64 128 0.0151627
234 206 64 128 0.010348
235 206 64 128 0.0124324
236 206 64 128 0.0244849
237 206 64 128 0.0332727
238 206 64 128 0.0377899
239 206 64 128 0.0477397
240 206 64 128 0.0610001
241 206 64 128 0.0833077
242 206 64 128 0.111222
243 206 64 128 0.144692
244 206 64 128 0.187054
245 206 64 128 0.216155
246 206 64 128 0.167788
247 206 64 128 0.123124
248 206 64 128 0.10889
249 206 64 128 0.0864398
250 206 64 128 0.0735803
251 206 64 128 0.0526284
252 206 64 128 0.0361266
253 206 64 128 0.0312234
254 206 64 128 0.0282684
255 206 64 128 0.0240019
256 206 64 128 0.0182775
257 206 64 128 0.0196562
258 206 64 128 0.0299878
259 206 64 128 0.0514221
260 206 64 128 0.0882316
261 206 64 128 0.113041
262 206 64 128 0.200789
263 206 64 128 0.279916
264 206 64 128 0.268228
265 206 64 128 0.289025
266 206 64 128 0.237259
267 206 64 128 0.192348
268 206 64 128 0.163079
269 206 64 128 0.0947727
270 206 64 128 0.0705013
271 206 64 128 0.050877
272 206 64 128 0.0301532
273 206 64 128 0.0175205
284 206 64 128 0.0108081
285 206 64 128 0.0129864
286 206 64 128 0.0211633
287 206 64 128 0.0328023
288 206 64 128 0.0394598
289 206 64 128 0.0358748
290 206 64 128 0.0246574
291 206 64 128 0.0158597
234 207 64 128 0.0129136
235 207 64 128 0.0141092
236 207 64 128 0.027919
237 207 64 128 0.0359336
238 207 64 128 0.038689
239 207 64 128 0.0511234
240 207 64 128 0.0672306
241 207 64 128 0.0906776
242 207 64 128 0.108086
243 207 64 128 0.133484
244 207 64 128 0.168555
245 207 64 128 0.162536
246 207 64 128 0.127093
247 207 64 128 0.101531
248 207 64 128 0.0841691
249 207 64 128 0.0598801
250 207 64 128 0.0472815
251 207 64 128 0.0323415
252 207 64 128 0.0223258
253 207 64 128 0.0196241
254 207 64 128 0.0163735
255 207 64 128 0.0136046
256 207 64 128 0.0115431
257 207 64 128 0.0140637
258 207 64 128 0.0214154
259 207 64 128 0.0350373
260 207 64 128 0.0581348
261 207 64 128 0.0760574
262 207 64 128 0.143261
263 207 64 128 0.211513
264 207 64 128 0.217404
265 207 64 128 0.23406
266 207 64 128 0.199843
267 207 64 128 0.166333
268 207 64 128 0.137938
269 207 64 128 0.0836526
270 207 64 128 0.0639201
271 207 64 128 0.0492086
272 207 64 128 0.0320899
273 207 64 128 0.0192574
274 207 64 128 0.0111081
284 207 64 128 0.0123115
285 207 64 128 0.0150411
286 207 64 128 0.0250266
287 207 64 128 0.0383768
288 207 64 128 0.0440849
289 207 64 128 0.037748
290 207 64 128 0.0267255
291 207 64 128 0.0177805
292 207 64 128 0.010626
233 208 64 128 0.0127674
234 208 64 128 0.0175974
235 208 64 128 0.0173373
236 208 64 128 0.0292715
237 208 64 128 0.0389518
238 208 64 128 0.0414612
239 208 64 128 0.0503238
240 208 64 128 0.0687628
241 208 64 128 0.0848772
242 208 64 128 0.0981561
243 208 64 128 0.1158
244 208 64 128 0.135234
245 208 64 128 0.136043
246 208 64 128 0.104943
247 208 64 128 0.0803307
248 208 64 128 0.063869
249 208 64 128 0.0382124
250 208 64 128 0.0272647
251 208 64 128 0.0186222
252 208 64 128 0.0131959
253 208 64 128 0.0117576
257 208 64 128 0.010078
258 208 64 128 0.0155266
259 208 64 128 0.0241077
260 208 64 128 0.0402689
261 208 64 128 0.0496706
262 208 64 128 0.105669
263 208 64 128 0.167153
264 208 64 128 0.173486
265 208 64 128 0.188569
266 208 64 128 0.166883
267 208 64 128 0.147706
268 208 64 128 0.132449
269 208 64 128 0.0920142
270 208 64 128 0.068411
271 208 64 128 0.0487603
272 208 64 128 0.032529
273 208 64 128 0.021717
274 208 64 128 0.0131964
283 208 64 128 0.0111105
284 208 64 128 0.0139371
285 208 64 128 0.0178386
286 208 64 128 0.0316669
287 208 64 128 0.0470929
288 208 64 128 0.0511175
289 208 64 128 0.0423842
290 208 64 128 0.0308308
291 208 64 128 0.0208777
292 208 64 128 0.0120843
233 209 64 128 0.0157991
234 209 64 128 0.0216334
235 209 64 128 0.0203943
236 209 64 128 0.0329678
237 209 64 128 0.0431075
238 209 64 128 0.0443395
239 209 64 128 0.0513438
240 209 64 128 0.0673643
241 209 64 128 0.0778034
242 209 64 128 0.0883295
243 209 64 128 0.0959604
244 209 64 128 0.10138
245 209 64 128 0.115012
246 209 64 128 0.0861461
247 209 64 128 0.0593674
248 209 64 128 0.0460463
249 209 64 128 0.0227279
250 209 64 128 0.0143559
251 209 64 128 0.0102448
258 209 64 128 0.0110765
259 209 64 128 0.0165387
260 209 64 128 0.0290186
261 209 64 128 0.0316782
262 209 64 128 0.0773932
263 209 64 128 0.129788
264 209 64 128 0.133623
265 209 64 128 0.152964
266 209 64 128 0.14063
267 209 64 128 0.132646
268 209 64 128 0.130502
269 209 64 128 0.101267
270 209 64 128 0.076588
271 209 64 128 0.0539604
272 209 64 128 0.0372371
273 209 64 128 0.026279
274 209 64 128 0.0164278
275 209 64 128 0.0116722
276 209 64 128 0.0105321
277 209 64 128 0.0110004
278 209 64 128 0.0114564
279 209 64 128 0.0109282
280 209 64 128 0.010128
281 209 64 128 0.0108742
282 209 64 128 0.0115943
283 209 64 128 0.0127108
284 209 64 128 0.0153412
285 209 64 128 0.0194574
286 209 64 128 0.0355355
287 209 64 128 0.0511618
288 209 64 128 0.0537546
289 209 64 128 0.0452608
290 209 64 128 0.0328178
291 209 64 128 0.022152
292 209 64 128 0.0127629
233 210 64 128 0.0169675
234 210 64 128 0.0230846
235 210 64 128 0.0218916
236 210 64 128 0.0405777
237 210 64 128 0.0478818
238 210 64 128 0.045597
239 210 64 128 0.0568315
240 210 64 128 0.0640246
241 210 64 128 0.0765904
242 210 64 128 0.0822747
243 210 64 128 0.0775498
244 210 64 128 0.0775291
245 210 64 128 0.0835824
246 210 64 128 0.0602019
247 210 64 128 0.0395465
248 210 64 128 0.0296926
249 210 64 128 0.0136257
259 210 64 128 0.0106621
260 210 64 128 0.0198352
261 210 64 128 0.0197878
262 210 64 128 0.0506723
263 210 64 128 0.0882159
264 210 64 128 0.0968845
265 210 64 128 0.126566
266 210 64 128 0.121798
267 210 64 128 0.118271
268 210 64 128 0.120713
269 210 64 128 0.0985817
270 210 64 128 0.082452
271 210 64 128 0.0660885
272 210 64 128 0.0487307
273 210 64 128 0.0332989
274 210 64 128 0.0208549
275 210 64 128 0.0141687
276 210 64 128 0.0128891
277 210 64 128 0.0130394
278 210 64 128 0.0131976
279 210 64 128 0.0133945
280 210 64 128 0.0118783
281 210 64 128 0.0128446
282 210 64 128 0.0126538
283 210 64 128 0.0127538
284 210 64 128 0.0161915
285 210 64 128 0.0187896
286 210 64 128 0.0331846
287 210 64 128 0.0460667
288 210 64 128 0.0482467
289 210 64 128 0.0433664
290 210 64 128 0.0302133
291 210 64 128 0.0199197
292 210 64 128 0.0119105
233 211 64 128 0.0173738
234 211 64 128 0.0229494
235 211 64 128 0.0219051
236 211 64 128 0.0449078
237 211 64 128 0.0493084
238 211 64 128 0.0444214
239 211 64 128 0.0587328
240 211 64 128 0.056515
241 211 64 128 0.0708839
242 211 64 128 0.0724837
243 211 64 128 0.0597977
244 211 64 128 0.0581183
245 211 64 128 0.0514841
246 211 64 128 0.0352064
247 211 64 128 0.0233879
248 211 64 128 0.0167376
260 211 64 128 0.0128685
261 211 64 128 0.012834
262 211 64 128 0.0305209
263 211 64 128 0.0541446
264 211 64 128 0.0694277
265 211 64 128 0.10728
266 211 64 128 0.107206
267 211 64 128 0.106195
268 211 64 128 0.110783
269 211 64 128 0.0934053
270 211 64 128 0.0872017
271 211 64 128 0.0776455
272 211 64 128 0.0596487
273 211 64 128 0.0402809
274 211 64 128 0.0257135
275 211 64 128 0.0174711
276 211 64 128 0.0155536
277 211 64 128 0.0150589
278 211 64 128 0.015047
279 211 64 128 0.0158552
280 211 64 128 0.0135054
281 211 64 128 0.0144488
282 211 64 128 0.0134364
283 211 64 128 0.0124744
284 211 64 128 0.0162393
285 211 64 128 0.017317
286 211 64 128 0.0281011
287 211 64 128 0.0378061
288 211 64 128 0.0406259
289 211 64 128 0.0391288
290 211 64 128 0.0261187
291 211 64 128 0.0166929
292 211 64 128 0.0104657
233 212 64 128 0.0181838
234 212 64 128 0.02253
235 212 64 128 0.0208527
236 212 64 128 0.0401211
237 212 64 128 0.0444794
238 212 64 128 0.0405633
239 212 64 128 0.0504651
240 212 64 128 0.043673
241 212 64 128 0.052131
242 212 64 128 0.0530401
243 212 64 128 0.0419805
244 212 64 128 0.0374206
245 212 64 128 0.0296471
246 212 64 128 0.0196791
247 212 64 128 0.0129029
262 212 64 128 0.021716
263 212 64 128 0.0385426
264 212 64 128 0.0560705
265 212 64 128 0.0932631
266 212 64 128 0.0942347
267 212 64 128 0.0981903
268 212 64 128 0.108612
269 212 64 128 0.0955425
270 212 64 128 0.0927687
271 212 64 128 0.0826087
272 212 64 128 0.0639792
273 212 64 128 0.0451811
274 212 64 128 0.0301703
275 212 64 128 0.0217753
276 212 64 128 0.0185085
277 212 64 128 0.0174949
278 212 64 128 0.0181316
279 212 64 128 0.0187861
280 212 64 128 0.0156031
281 212 64 128 0.0156762
282 212 64 128 0.0145713
283 212 64 128 0.0130962
284 212 64 128 0.0155071
285 212 64 128 0.016526
286 212 64 128 0.0240974
287 212 64 128 0.0324757
288 212 64 128 0.0366109
289 212 64 128 0.0351571
290 212 64 128 0.0235593
291 212 64 128 0.0149052
232 213 64 128 0.010931
233 213 64 128 0.0190811
234 213 64 128 0.022431
235 213 64 128 0.019586
236 213 64 128 0.0317666
237 213 64 128 0.037123
238 213 64 128 0.0354795
239 213 64 128 0.0385932
240 213 64 128 0.0308538
241 213 64 128 0.0307818
242 213 64 128 0.0319802
243 213 64 128 0.0264563
244 213 64 128 0.019711
245 213 64 128 0.0169701
246 213 64 128 0.011548
262 213 64 128 0.0195849
263 213 64 128 0.0341383
264 213 64 128 0.0514319
265 213 64 128 0.084644
266 213 64 128 0.0851705
267 213 64 128 0.0936929
268 213 64 128 0.110266
269 213 64 128 0.101488
270 213 64 128 0.0993214
271 213 64 128 0.0868461
272 213 64 128 0.067806
273 213 64 128 0.0497041
274 213 64 128 0.0336494
275 213 64 128 0.0258115
276 213 64 128 0.0224154
277 213 64 128 0.0215543
278 213 64 128 0.0225807
279 213 64 128 0.0222869
280 213 64 128 0.0178296
281 213 64 128 0.0172731
282 213 64 128 0.0164454
283 213 64 128 0.0143839
284 213 64 128 0.015074
285 213 64 128 0.0162031
286 213 64 128 0.0217237
287 213 64 128 0.0295961
288 213 64 128 0.0341447
289 213 64 128 0.0311977
290 213 64 128 0.0215506
291 213 64 128 0.013886
232 214 64 128 0.0116322
233 214 64 128 0.0196007
234 214 64 128 0.023038
235 214 64 128 0.0189595
236 214 64 128 0.0271801
237 214 64 128 0.0320011
238 214 64 128 0.0308801
239 214 64 128 0.0316248
240 214 64 128 0.023965
241 214 64 128 0.0198611
242 214 64 128 0.0192509
243 214 64 128 0.0158882
244 214 64 128 0.0106047
262 214 64 128 0.017858
263 214 64 128 0.0304292
264 214 64 128 0.048397
265 214 64 128 0.0815273
266 214 64 128 0.0826039
267 214 64 128 0.0915601
268 214 64 128 0.109977
269 214 64 128 0.105632
270 214 64 128 0.106748
271 214 64 128 0.0975905
272 214 64 128 0.0785526
273 214 64 128 0.0561249
274 214 64 128 0.035875
275 214 64 128 0.0282569
276 214 64 128 0.0277303
277 214 64 128 0.0280515
278 214 64 128 0.0280155
279 214 64 128 0.026167
280 214 64 128 0.0196605
281 214 64 128 0.0198531
282 214 64 128 0.0191214
283 214 64 128 0.0157229
284 214 64 128 0.0159293
285 214 64 128 0.0157338
286 214 64 128 0.0205724
287 214 64 128 0.0271693
288 214 64 128 0.0298037
289 214 64 128 0.026471
290 214 64 128 0.018443
291 214 64 128 0.0124033
232 215 64 128 0.0129391
233 215 64 128 0.0207959
234 215 64 128 0.0244775
235 215 64 128 0.0191143
236 215 64 128 0.0262369
237 215 64 128 0.0294809
238 215 64 128 0.0272631
239 215 64 128 0.0286704
240 215 64 128 0.0215605
241 215 64 128 0.0172761
242 215 64 128 0.0138323
262 215 64 128 0.0157039
263 215 64 128 0.0264435
264 215 64 128 0.0456575
265 215 64 128 0.080533
266 215 64 128 0.0828565
267 215 64 128 0.0907757
268 215 64 128 0.1099
269 215 64 128 0.110991
270 215 64 128 0.116069
271 215 64 128 0.111002
272 215 64 128 0.0920604
273 215 64 128 0.0641465
274 215 64 128 0.0381066
275 215 64 128 0.029908
276 215 64 128 0.0324191
277 215 64 128 0.0339336
278 215 64 128 0.0324073
279 215 64 128 0.0289663
280 215 64 128 0.02095
281 215 64 128 0.021887
282 215 64 128 0.020941
283 215 64 128 0.0164673
284 215 64 128 0.0166935
285 215 64 128 0.0147389
286 215 64 128 0.0194508
287 215 64 128 0.0243132
288 215 64 128 0.0242994
289 215 64 128 0.0215674
290 215 64 128 0.0149754
291 215 64 128 0.0107711
232 216 64 128 0.0163923
233 216 64 128 0.0241608
234 216 64 128 0.0267373
235 216 64 128 0.0199052
236 216 64 128 0.0260071
237 216 64 128 0.0282168
238 216 64 128 0.0246279
239 216 64 128 0.0254174
240 216 64 128 0.0195083
241 216 64 128 0.0153703
242 216 64 128 0.0106017
262 216 64 128 0.014354
263 216 64 128 0.0247647
264 216 64 128 0.0441263
265 216 64 128 0.0773187
266 216 64 128 0.0803549
267 216 64 128 0.0904397
268 216 64 128 0.114648
269 216 64 128 0.123079
270 216 64 128 0.128364
271 216 64 128 0.119536
272 216 64 128 0.10031
273 216 64 128 0.0724439
274 216 64 128 0.0420364
275 216 64 128 0.0322745
276 216 64 128 0.033832
277 216 64 128 0.035151
278 216 64 128 0.033412
279 216 64 128 0.0289959
280 216 64 128 0.021706
281 216 64 128 0.0212641
282 216 64 128 0.0198412
283 216 64 128 0.0160207
284 216 64 128 0.0152788
285 216 64 128 0.0129854
286 216 64 128 0.0170084
287 216 64 128 0.0206624
288 216 64 128 0.0198223
289 216 64 128 0.0175473
290 216 64 128 0.0126919
231 217 64 128 0.0124688
232 217 64 128 0.0217402
233 217 64 128 0.0293264
234 217 64 128 0.0294326
235 217 64 128 0.0211928
236 217 64 128 0.0257219
237 217 64 128 0.0274868
238 217 64 128 0.0228634
239 217 64 128 0.0214792
240 217 64 128 0.0166721
241 217 64 128 0.0121895
262 217 64 128 0.0136495
263 217 64 128 0.0249049
264 217 64 128 0.0434385
265 217 64 128 0.0723423
266 217 64 128 0.0763728
267 217 64 128 0.0903604
268 217 64 128 0.120824
269 217 64 128 0.136841
270 217 64 128 0.140363
271 217 64 128 0.12386
272 217 64 128 0.104026
273 217 64 128 0.0797728
274 217 64 128 0.0473357
275 217 64 128 0.0353409
276 217 64 128 0.0335421
277 217 64 128 0.0337672
278 217 64 128 0.0324808
279 217 64 128 0.0276423
280 217 64 128 0.0219428
281 217 64 128 0.0189381
282 217 64 128 0.0168958
283 217 64 128 0.0144588
284 217 64 128 0.0122757
285 217 64 128 0.010803
286 217 64 128 0.013622
287 217 64 128 0.0165905
288 217 64 128 0.01654
289 217 64 128 0.0145797
290 217 64 128 0.0114336
301 217 64 128 0.0106361
302 217 64 128 0.0117758
303 217 64 128 0.0116681
304 217 64 128 0.0121018
305 217 64 128 0.0124586
231 218 64 128 0.0160564
232 218 64 128 0.0276024
233 218 64 128 0.0347532
234 218 64 128 0.0319274
235 218 64 128 0.0228051
236 218 64 128 0.0258775
237 218 64 128 0.0269225
238 218 64 128 0.0217525
239 218 64 128 0.0187753
240 218 64 128 0.013737
262 218 64 128 0.0126114
263 218 64 128 0.0245436
264 218 64 128 0.0424227
265 218 64 128 0.068767
266 218 64 128 0.0759904
267 218 64 128 0.0906411
268 218 64 128 0.120425
269 218 64 128 0.141158
270 218 64 128 0.146297
271 218 64 128 0.129348
272 218 64 128 0.108969
273 218 64 128 0.0849259
274 218 64 128 0.0524234
275 218 64 128 0.0381521
276 218 64 128 0.0354875
277 218 64 128 0.0352953
278 218 64 128 0.0331944
279 218 64 128 0.0280054
280 218 64 128 0.021672
281 218 64 128 0.0176181
282 218 64 128 0.0149785
283 218 64 128 0.0122715
286 218 64 128 0.0106793
287 218 64 128 0.0128992
288 218 64 128 0.0134169
289 218 64 128 0.012289
290 218 64 128 0.0100405
301 218 64 128 0.0118005
302 218 64 128 0.0130033
303 218 64 128 0.012484
304 218 64 128 0.0127948
305 218 64 128 0.0128752
306 218 64 128 0.010064
231 219 64 128 0.0189365
232 219 64 128 0.032074
233 219 64 128 0.0384064
234 219 64 128 0.0331429
235 219 64 128 0.0238422
236 219 64 128 0.0256208
237 219 64 128 0.0255074
238 219 64 128 0.0203187
239 219 64 128 0.0169939
240 219 64 128 0.0109198
262 219 64 128 0.0109987
263 219 64 128 0.0225714
264 219 64 128 0.039557
265 219 64 128 0.064853
266 219 64 128 0.0762338
267 219 64 128 0.0886069
268 219 64 128 0.111755
269 219 64 128 0.13362
270 219 64 128 0.143818
271 219 64 128 0.134459
272 219 64 128 0.114029
273 219 64 128 0.0864034
274 219 64 128 0.0555163
275 219 64 128 0.039745
276 219 64 128 0.0390051
277 219 64 128 0.0391136
278 219 64 128 0.0350803
279 219 64 128 0.0296589
280 219 64 128 0.0207629
281 219 64 128 0.0174449
282 219 64 128 0.0144077
288 219 64 128 0.01026
289 219 64 128 0.0103652
301 219 64 128 0.0119508
302 219 64 128 0.0128202
303 219 64 128 0.0114574
304 219 64 128 0.0114911
305 219 64 128 0.0105819
229 220 64 128 0.0114103
230 220 64 128 0.0112851
231 220 64 128 0.020059
232 220 64 128 0.0328327
233 220 64 128 0.0378656
234 220 64 128 0.0316298
235 220 64 128 0.0227665
236 220 64 128 0.0228881
237 220 64 128 0.0216709
238 220 64 128 0.0169317
239 220 64 128 0.0137877
263 220 64 128 0.0190328
264 220 64 128 0.0330664
265 220 64 128 0.0544548
266 220 64 128 0.0668802
267 220 64 128 0.0791476
268 220 64 128 0.0989653
269 220 64 128 0.119901
270 220 64 128 0.133804
271 220 64 128 0.131379
272 220 64 128 0.111838
273 220 64 128 0.0824986
274 220 64 128 0.0547064
275 220 64 128 0.0391823
276 220 64 128 0.0392488
277 220 64 128 0.0390158
278 220 64 128 0.0339804
279 220 64 128 0.0289694
280 220 64 128 0.0189654
281 220 64 128 0.0162108
282 220 64 128 0.0131594
301 220 64 128 0.0135015
302 220 64 128 0.0142914
303 220 64 128 0.0123107
304 220 64 128 0.0113838
228 221 64 128 0.0111767
229 221 64 128 0.0140361
230 221 64 128 0.0124269
231 221 64 128 0.0194444
232 221 64 128 0.029815
233 221 64 128 0.0331594
234 221 64 128 0.0274593
235 221 64 128 0.019443
236 221 64 128 0.0177762
237 221 64 128 0.0159199
238 221 64 128 0.0119235
263 221 64 128 0.0146071
264 221 64 128 0.0238038
265 221 64 128 0.0378953
266 221 64 128 0.0474434
267 221 64 128 0.0628177
268 221 64 128 0.0852541
269 221 64 128 0.104628
270 221 64 128 0.119207
271 221 64 128 0.119088
272 221 64 128 0.10138
273 221 64 128 0.07427
274 221 64 128 0.0500713
275 221 64 128 0.0364489
276 221 64 128 0.0351579
277 221 64 128 0.0336995
278 221 64 128 0.0291135
279 221 64 128 0.0250958
280 221 64 128 0.016521
281 221 64 128 0.0134643
282 221 64 128 0.0107491
300 221 64 128 0.0125623
301 221 64 128 0.0164812
302 221 64 128 0.0175973
303 221 64 128 0.0154653
304 221 64 128 0.0130892
305 221 64 128 0.0111965
8 222 64 128 0.0112598
9 222 64 128 0.0141947
10 222 64 128 0.0176168
11 222 64 128 0.0115947
228 222 64 128 0.0127501
229 222 64 128 0.0158209
230 222 64 128 0.0134491
231 222 64 128 0.0185908
232 222 64 128 0.0260791
233 222 64 128 0.0276976
234 222 64 128 0.022809
235 222 64 128 0.0156969
236 222 64 128 0.0134067
237 222 64 128 0.0116374
263 222 64 128 0.0107836
264 222 64 128 0.016236
265 222 64 128 0.0245946
266 222 64 128 0.0311662
267 222 64 128 0.0480666
268 222 64 128 0.0722015
269 222 64 128 0.0905685
270 222 64 128 0.105645
271 222 64 128 0.106215
272 222 64 128 0.0906684
273 222 64 128 0.0665769
274 222 64 128 0.0444217
275 222 64 128 0.0327956
276 222 64 128 0.0310824
277 222 64 128 0.0288804
278 222 64 128 0.0245223
279 222 64 128 0.0211945
280 222 64 128 0.0143514
281 222 64 128 0.0112849
300 222 64 128 0.013519
301 222 64 128 0.0175376
302 222 64 128 0.0188218
303 222 64 128 0.0166469
304 222 64 128 0.0135393
305 222 64 128 0.0117522
7 223 64 128 0.013908
8 223 64 128 0.019699
9 223 64 128 0.0260681
10 223 64 128 0.0336439
11 223 64 128 0.0297943
12 223 64 128 0.0196805
228 223 64 128 0.0118961
229 223 64 128 0.0162322
230 223 64 128 0.0142924
231 223 64 128 0.0183639
232 223 64 128 0.0236232
233 223 64 128 0.0237522
234 223 64 128 0.0192236
235 223 64 128 0.012828
236 223 64 128 0.0115072
237 223 64 128 0.0104651
264 223 64 128 0.0127278
265 223 64 128 0.0195213
266 223 64 128 0.0253482
267 223 64 128 0.0397438
268 223 64 128 0.0608062
269 223 64 128 0.0791275
270 223 64 128 0.0956987
271 223 64 128 0.0972979
272 223 64 128 0.0838912
273 223 64 128 0.0618609
274 223 64 128 0.0397791
275 223 64 128 0.0292567
276 223 64 128 0.0294367
277 223 64 128 0.027687
278 223 64 128 0.0225416
279 223 64 128 0.0191313
280 223 64 128 0.012965
281 223 64 128 0.0107508
300 223 64 128 0.0114525
301 223 64 128 0.0152391
302 223 64 128 0.016281
303 223 64 128 0.0139775
304 223 64 128 0.0113999
7 224 64 128 0.0182825
8 224 64 128 0.0275147
9 224 64 128 0.0378414
10 224 64 128 0.0499022
11 224 64 128 0.0455845
12 224 64 128 0.0337808
13 224 64 128 0.0189473
228 224 64 128 0.0101115
229 224 64 128 0.0150265
230 224 64 128 0.0141224
231 224 64 128 0.0180909
232 224 64 128 0.0217667
233 224 64 128 0.0207171
234 224 64 128 0.0166115
235 224 64 128 0.0107469
236 224 64 128 0.0104468
264 224 64 128 0.010723
265 224 64 128 0.0170075
266 224 64 128 0.022848
267 224 64 128 0.0340146
268 224 64 128 0.051101
269 224 64 128 0.0691519
270 224 64 128 0.0852252
271 224 64 128 0.0869089
272 224 64 128 0.0759136
273 224 64 128 0.05696
274 224 64 128 0.0361098
275 224 64 128 0.0262232
276 224 64 128 0.027791
277 224 64 128 0.0268047
278 224 64 128 0.021223
279 224 64 128 0.0174806
280 224 64 128 0.0119076
281 224 64 128 0.0104755
301 224 64 128 0.0126621
302 224 64 128 0.0135544
303 224 64 128 0.0112734
7 225 64 128 0.0206485
8 225 64 128 0.0319799
9 225 64 128 0.0462316
10 225 64 128 0.062212
11 225 64 128 0.0513664
12 225 64 128 0.0445174
13 225 64 128 0.0305459
14 225 64 128 0.010887
229 225 64 128 0.0125887
230 225 64 128 0.0126258
231 225 64 128 0.0172513
232 225 64 128 0.0198167
233 225 64 128 0.0179501
234 225 64 128 0.0147774
265 225 64 128 0.0122418
266 225 64 128 0.0174029
267 225 64 128 0.027365
268 225 64 128 0.0428421
269 225 64 128 0.0593857
270 225 64 128 0.0711503
271 225 64 128 0.07112
272 225 64 128 0.0628837
273 225 64 128 0.0492951
274 225 64 128 0.0329729
275 225 64 128 0.0237654
276 225 64 128 0.0241265
277 225 64 128 0.0234311
278 225 64 128 0.0187916
279 225 64 128 0.0149865
280 225 64 128 0.0107113
301 225 64 128 0.0121457
302 225 64 128 0.0133098
303 225 64 128 0.0113751
6 226 64 128 0.0102411
7 226 64 128 0.0232568
8 226 64 128 0.0371711
9 226 64 128 0.0554617
10 226 64 128 0.0742081
11 226 64 128 0.0571784
12 226 64 128 0.0556942
13 226 64 128 0.0437932
14 226 64 128 0.017303
15 226 64 128 0.0131757
229 226 64 128 0.0112141
230 226 64 128 0.0114824
231 226 64 128 0.0164342
232 226 64 128 0.0181167
233 226 64 128 0.0158514
234 226 64 128 0.0138485
266 226 64 128 0.0113937
267 226 64 128 0.0208081
268 226 64 128 0.0352816
269 226 64 128 0.0492662
270 226 64 128 0.0565497
271 226 64 128 0.0548465
272 226 64 128 0.0488403
273 226 64 128 0.040422
274 226 64 128 0.0294421
275 226 64 128 0.0211773
276 226 64 128 0.0196996
277 226 64 128 0.0190082
278 226 64 128 0.0157542
279 226 64 128 0.012262
301 226 64 128 0.0118384
302 226 64 128 0.0131568
303 226 64 128 0.0116829
304 226 64 128 0.0103383
6 227 64 128 0.0124927
7 227 64 128 0.0280679
8 227 64 128 0.0464286
9 227 64 128 0.0688796
10 227 64 128 0.0893515
11 227 64 128 0.0728979
12 227 64 128 0.0708168
13 227 64 128 0.0571043
14 227 64 128 0.0275704
15 227 64 128 0.019726
229 227 64 128 0.0128172
230 227 64 128 0.0122346
231 227 64 128 0.0162483
232 227 64 128 0.0170711
233 227 64 128 0.0148135
234 227 64 128 0.0138103
267 227 64 128 0.0159316
268 227 64 128 0.0278185
269 227 64 128 0.0386693
270 227 64 128 0.0449908
271 227 64 128 0.0434814
272 227 64 128 0.0384115
273 227 64 128 0.0324722
274 227 64 128 0.0248715
275 227 64 128 0.0179072
276 227 64 128 0.0161288
277 227 64 128 0.0154553
278 227 64 128 0.012962
279 227 64 128 0.0101226
302 227 64 128 0.0105249
6 228 64 128 0.0144118
7 228 64 128 0.0316844
8 228 64 128 0.0523437
9 228 64 128 0.0776517
10 228 64 128 0.102184
11 228 64 128 0.0894548
12 228 64 128 0.0833346
13 228 64 128 0.0663033
14 228 64 128 0.0368597
15 228 64 128 0.0259799
16 228 64 128 0.0131037
226 228 64 128 0.0110906
227 228 64 128 0.0125232
228 228 64 128 0.0119214
229 228 64 128 0.0154015
230 228 64 128 0.0136778
231 228 64 128 0.0162613
232 228 64 128 0.016331
233 228 64 128 0.0141198
234 228 64 128 0.0135905
267 228 64 128 0.0126027
268 228 64 128 0.0211217
269 228 64 128 0.0289963
270 228 64 128 0.0362295
271 228 64 128 0.0357683
272 228 64 128 0.0311284
273 228 64 128 0.0262658
274 228 64 128 0.0205476
275 228 64 128 0.0149897
276 228 64 128 0.013516
277 228 64 128 0.0127685
278 228 64 128 0.0106771
6 229 64 128 0.0136738
7 229 64 128 0.0298662
8 229 64 128 0.0461092
9 229 64 128 0.0714763
10 229 64 128 0.105623
11 229 64 128 0.0941367
12 229 64 128 0.0854227
13 229 64 128 0.0676369
14 229 64 128 0.0397415
15 229 64 128 0.0303753
16 229 64 128 0.0165741
226 229 64 128 0.0117698
227 229 64 128 0.0144893
228 229 64 128 0.0150383
229 229 64 128 0.016211
230 229 64 128 0.0140181
231 229 64 128 0.0158681
232 229 64 128 0.015452
233 229 64 128 0.0128797
234 229 64 128 0.012028
267 229 64 128 0.0101915
268 229 64 128 0.0161506
269 229 64 128 0.0219205
270 229 64 128 0.0289472
271 229 64 128 0.0287196
272 229 64 128 0.0251256
273 229 64 128 0.0220975
274 229 64 128 0.0180841
275 229 64 128 0.0137021
276 229 64 128 0.0114962
277 229 64 128 0.010404
6 230 64 128 0.0122231
7 230 64 128 0.0254982
8 230 64 128 0.0356336
9 230 64 128 0.059958
10 230 64 128 0.102606
11 230 64 128 0.0939707
12 230 64 128 0.085175
13 230 64 128 0.0676587
14 230 64 128 0.0416596
15 230 64 128 0.0350256
16 230 64 128 0.0205972
17 230 64 128 0.0104631
215 230 64 128 0.0102666
216 230 64 128 0.0105754
220 230 64 128 0.0106829
221 230 64 128 0.0108642
222 230 64 128 0.0108131
223 230 64 128 0.0109902
224 230 64 128 0.0105578
225 230 64 128 0.0102238
226 230 64 128 0.0132643
227 230 64 128 0.0171673
228 230 64 128 0.0184909
229 230 64 128 0.0164954
230 230 64 128 0.013819
231 230 64 128 0.0157729
232 230 64 128 0.0151814
233 230 64 128 0.0116834
234 230 64 128 0.0100097
268 230 64 128 0.0129242
269 230 64 128 0.0173457
270 230 64 128 0.022967
271 230 64 128 0.0225353
272 230 64 128 0.0204097
273 230 64 128 0.0193643
274 230 64 128 0.0167198
275 230 64 128 0.0131519
6 231 64 128 0.0137951
7 231 64 128 0.0246187
8 231 64 128 0.0359264
9 231 64 128 0.0611011
10 231 64 128 0.100646
11 231 64 128 0.104205
12 231 64 128 0.0973506
13 231 64 128 0.0772749
14 231 64 128 0.0524815
15 231 64 128 0.0436649
16 231 64 128 0.027947
17 231 64 128 0.0183164
18 231 64 128 0.0148146
19 231 64 128 0.0110187
215 231 64 128 0.0118171
216 231 64 128 0.0127962
217 231 64 128 0.0116796
218 231 64 128 0.0121609
219 231 64 128 0.0142652
220 231 64 128 0.0132524
221 231 64 128 0.0140342
222 231 64 128 0.0135443
223 231 64 128 0.0141195
224 231 64 128 0.0167277
225 231 64 128 0.0146558
226 231 64 128 0.0195326
227 231 64 128 0.0229235
228 231 64 128 0.0215583
229 231 64 128 0.0192145
230 231 64 128 0.0146909
231 231 64 128 0.0171927
232 231 64 128 0.0167075
233 231 64 128 0.0117546
268 231 64 128 0.0109992
269 231 64 128 0.014328
270 231 64 128 0.018636
271 231 64 128 0.0188401
272 231 64 128 0.0178024
273 231 64 128 0.0170611
274 231 64 128 0.0146429
275 231 64 128 0.0115126
5 232 64 128 0.0109738
6 232 64 128 0.0176738
7 232 64 128 0.0281647
8 232 64 128 0.0458071
9 232 64 128 0.0728255
10 232 64 128 0.102062
11 232 64 128 0.118624
12 232 64 128 0.11991
13 232 64 128 0.0970518
14 232 64 128 0.0687672
15 232 64 128 0.0573091
16 232 64 128 0.0376786
17 232 64 128 0.0289913
18 232 64 128 0.0247616
19 232 64 128 0.0176513
20 232 64 128 0.0135809
214 232 64 128 0.0117495
215 232 64 128 0.0131258
216 232 64 128 0.0151623
217 232 64 128 0.0142791
218 232 64 128 0.0160747
219 232 64 128 0.0204685
220 232 64 128 0.015257
221 232 64 128 0.0173442
222 232 64 128 0.0162858
223 232 64 128 0.0172444
224 232 64 128 0.0246051
225 232 64 128 0.0197228
226 232 64 128 0.0283592
227 232 64 128 0.0301888
228 232 64 128 0.0242408
229 232 64 128 0.0235577
230 232 64 128 0.0166091
231 232 64 128 0.0194497
232 232 64 128 0.0191403
233 232 64 128 0.0129456
234 232 64 128 0.0100363
269 232 64 128 0.0122652
270 232 64 128 0.0157364
271 232 64 128 0.0171746
272 232 64 128 0.0166007
273 232 64 128 0.0147458
274 232 64 128 0.0117558
4 233 64 128 0.0102646
5 233 64 128 0.0132571
6 233 64 128 0.0199282
7 233 64 128 0.033281
8 233 64 128 0.0523415
9 233 64 128 0.078509
10 233 64 128 0.10526
11 233 64 128 0.115801
12 233 64 128 0.138513
13 233 64 128 0.119805
14 233 64 128 0.0776121
15 233 64 128 0.0748703
16 233 64 128 0.0461994
17 233 64 128 0.036149
18 233 64 128 0.0350279
19 233 64 128 0.025048
20 233 64 128 0.0184928
213 233 64 128 0.0107719
214 233 64 128 0.0133071
215 233 64 128 0.014032
216 233 64 128 0.0164967
217 233 64 128 0.0157783
218 233 64 128 0.017679
219 233 64 128 0.0228391
220 233 64 128 0.0172867
221 233 64 128 0.0193487
222 233 64 128 0.0184125
223 233 64 128 0.0195258
224 233 64 128 0.0272637
225 233 64 128 0.0228797
226 233 64 128 0.0331144
227 233 64 128 0.0345802
228 233 64 128 0.0270449
229 233 64 128 0.0260094
230 233 64 128 0.0183454
231 233 64 128 0.0205172
232 233 64 128 0.0201236
233 233 64 128 0.0141222
234 233 64 128 0.0110634
269 233 64 128 0.0108193
270 233 64 128 0.0136383
271 233 64 128 0.0155679
272 233 64 128 0.0150107
273 233 64 128 0.0124056
0 234 64 128 0.0128859
1 234 64 128 0.0108309
4 234 64 128 0.0112599
5 234 64 128 0.0150195
6 234 64 128 0.0196608
7 234 64 128 0.0377292
8 234 64 128 0.0519868
9 234 64 128 0.0742083
10 234 64 128 0.108087
11 234 64 128 0.0969887
12 234 64 128 0.145464
13 234 64 128 0.137456
14 234 64 128 0.0791185
15 234 64 128 0.0932388
16 234 64 128 0.0534647
17 234 64 128 0.0406952
18 234 64 128 0.046066
19 234 64 128 0.0360947
20 234 64 128 0.0269309
21 234 64 128 0.0151142
206 234 64 128 0.0100391
213 234 64 128 0.010276
214 234 64 128 0.0130273
215 234 64 128 0.0142997
216 234 64 128 0.0165405
217 234 64 128 0.0157121
218 234 64 128 0.0164471
219 234 64 128 0.0208037
220 234 64 128 0.0188709
221 234 64 128 0.0200276
222 234 64 128 0.0197438
223 234 64 128 0.0205094
224 234 64 128 0.0244456
225 234 64 128 0.0233452
226 234 64 128 0.0324887
227 234 64 128 0.0351061
228 234 64 128 0.0295825
229 234 64 128 0.0261386
230 234 64 128 0.0192023
231 234 64 128 0.0201413
232 234 64 128 0.0196496
233 234 64 128 0.0152116
234 234 64 128 0.012499
270 234 64 128 0.0120046
271 234 64 128 0.0133773
272 234 64 128 0.0126205
273 234 64 128 0.0102481
0 235 64 128 0.0145387
1 235 64 128 0.0123182
2 235 64 128 0.0107225
3 235 64 128 0.0101394
4 235 64 128 0.0121927
5 235 64 128 0.0169372
6 235 64 128 0.019415
7 235 64 128 0.0400741
8 235 64 128 0.051894
9 235 64 128 0.0703885
10 235 64 128 0.107918
11 235 64 128 0.0888432
12 235 64 128 0.140882
13 235 64 128 0.141314
14 235 64 128 0.0879861
15 235 64 128 0.107189
16 235 64 128 0.0634295
17 235 64 128 0.0516168
18 235 64 128 0.0621605
19 235 64 128 0.0583169
20 235 64 128 0.0536753
21 235 64 128 0.0321795
22 235 64 128 0.016004
205 235 64 128 0.0106122
206 235 64 128 0.0131712
207 235 64 128 0.0127334
208 235 64 128 0.0102645
211 235 64 128 0.0101531
214 235 64 128 0.0119599
215 235 64 128 0.0136153
216 235 64 128 0.0160657
217 235 64 128 0.0148782
218 235 64 128 0.0148288
219 235 64 128 0.0189328
220 235 64 128 0.0183631
221 235 64 128 0.0209459
222 235 64 128 0.0205928
223 235 64 128 0.0201778
224 235 64 128 0.0233487
225 235 64 128 0.0223287
226 235 64 128 0.0311653
227 235 64 128 0.0345947
228 235 64 128 0.0304672
229 235 64 128 0.0269804
230 235 64 128 0.0191083
231 235 64 128 0.0200623
232 235 64 128 0.0203363
233 235 64 128 0.0173366
234 235 64 128 0.015819
235 235 64 128 0.011314
236 235 64 128 0.0104148
237 235 64 128 0.0100907
270 235 64 128 0.0108332
271 235 64 128 0.0114698
272 235 64 128 0.0105741
0 236 64 128 0.0141505
1 236 64 128 0.0128371
2 236 64 128 0.0132209
3 236 64 128 0.0125702
4 236 64 128 0.0136115
5 236 64 128 0.0190595
6 236 64 128 0.0205592
7 236 64 128 0.0401897
8 236 64 128 0.0548996
9 236 64 128 0.0721233
10 236 64 128 0.105862
11 236 64 128 0.102211
12 236 64 128 0.13204
13 236 64 128 0.135308
14 236 64 128 0.110417
15 236 64 128 0.117103
16 236 64 128 0.0789283
17 236 64 128 0.0718376
18 236 64 128 0.0842604
19 236 64 128 0.092395
20 236 64 128 0.0992326
21 236 64 128 0.0620229
22 236 64 128 0.0316439
23 236 64 128 0.0185377
24 236 64 128 0.010619
205 236 64 128 0.012376
206 236 64 128 0.0151726
207 236 64 128 0.01577
208 236 64 128 0.0134843
209 236 64 128 0.0108435
210 236 64 128 0.0109366
211 236 64 128 0.0114338
212 236 64 128 0.010177
214 236 64 128 0.0108795
215 236 64 128 0.0121216
216 236 64 128 0.0153481
217 236 64 128 0.0137546
218 236 64 128 0.0140819
219 236 64 128 0.0191852
220 236 64 128 0.0157864
221 236 64 128 0.0223167
222 236 64 128 0.0207669
223 236 64 128 0.0185774
224 236 64 128 0.0260522
225 236 64 128 0.0206384
226 236 64 128 0.0309585
227 236 64 128 0.0339866
228 236 64 128 0.029003
229 236 64 128 0.0289879
230 236 64 128 0.0182855
231 236 64 128 0.0210464
232 236 64 128 0.0230656
233 236 64 128 0.0208337
234 236 64 128 0.0212799
235 236 64 128 0.0143861
236 236 64 128 0.0137241
237 236 64 128 0.0148438
238 236 64 128 0.0145211
239 236 64 128 0.0138197
271 236 64 128 0.010211
0 237 64 128 0.013248
1 237 64 128 0.0125561
2 237 64 128 0.0145704
3 237 64 128 0.0148897
4 237 64 128 0.0154373
5 237 64 128 0.0202886
6 237 64 128 0.022202
7 237 64 128 0.0400598
8 237 64 128 0.0557214
9 237 64 128 0.0742467
10 237 64 128 0.109273
11 237 64 128 0.119379
12 237 64 128 0.13743
13 237 64 128 0.144431
14 237 64 128 0.137173
15 237 64 128 0.132882
16 237 64 128 0.100568
17 237 64 128 0.0934698
18 237 64 128 0.107419
19 237 64 128 0.127194
20 237 64 128 0.139483
21 237 64 128 0.0946049
22 237 64 128 0.0524823
23 237 64 128 0.0321367
24 237 64 128 0.0211293
25 237 64 128 0.0141525
204 237 64 128 0.0103256
205 237 64 128 0.0134586
206 237 64 128 0.0162324
207 237 64 128 0.0172555
208 237 64 128 0.0153159
209 237 64 128 0.0121327
210 237 64 128 0.0121168
211 237 64 128 0.0122769
212 237 64 128 0.010704
215 237 64 128 0.010729
216 237 64 128 0.0137485
217 237 64 128 0.0121765
218 237 64 128 0.0132196
219 237 64 128 0.0187204
220 237 64 128 0.0140473
221 237 64 128 0.0219641
222 237 64 128 0.0191894
223 237 64 128 0.0158248
224 237 64 128 0.02546
225 237 64 128 0.0182414
226 237 64 128 0.0283829
227 237 64 128 0.0307481
228 237 64 128 0.0257334
229 237 64 128 0.028014
230 237 64 128 0.0173895
231 237 64 128 0.022063
232 237 64 128 0.0255967
233 237 64 128 0.0246241
234 237 64 128 0.0269863
235 237 64 128 0.0196182
236 237 64 128 0.0208256
237 237 64 128 0.0239236
238 237 64 128 0.024001
239 237 64 128 0.0225189
240 237 64 128 0.0146929
241 237 64 128 0.0106989
253 237 64 128 0.0113971
254 237 64 128 0.0105035
255 237 64 128 0.0108659
0 238 64 128 0.0129768
1 238 64 128 0.0118357
2 238 64 128 0.0139819
3 238 64 128 0.0161718
4 238 64 128 0.0172859
5 238 64 128 0.0201002
6 238 64 128 0.0234459
7 238 64 128 0.0409139
8 238 64 128 0.0516849
9 238 64 128 0.0731933
10 238 64 128 0.120462
11 238 64 128 0.126692
12 238 64 128 0.162851
13 238 64 128 0.177738
14 238 64 128 0.158517
15 238 64 128 0.156876
16 238 64 128 0.12451
17 238 64 128 0.109074
18 238 64 128 0.125916
19 238 64 128 0.152264
20 238 64 128 0.157566
21 238 64 128 0.119755
22 238 64 128 0.0736108
23 238 64 128 0.047342
24 238 64 128 0.0357482
25 238 64 128 0.0225404
26 238 64 128 0.0128686
204 238 64 128 0.0110139
205 238 64 128 0.0138597
206 238 64 128 0.0166487
207 238 64 128 0.0167544
208 238 64 128 0.0147976
209 238 64 128 0.0133655
210 238 64 128 0.0129686
211 238 64 128 0.0125425
212 238 64 128 0.0108978
215 238 64 128 0.0100791
216 238 64 128 0.0113012
217 238 64 128 0.0103224
218 238 64 128 0.011737
219 238 64 128 0.0160526
220 238 64 128 0.0147789
221 238 64 128 0.0191352
222 238 64 128 0.0159021
223 238 64 128 0.0126012
224 238 64 128 0.0183502
225 238 64 128 0.015534
226 238 64 128 0.0222716
227 238 64 128 0.0244476
228 238 64 128 0.0218577
229 238 64 128 0.0225712
230 238 64 128 0.0169049
231 238 64 128 0.0223603
232 238 64 128 0.0263732
233 238 64 128 0.027575
234 238 64 128 0.0311426
235 238 64 128 0.0266203
236 238 64 128 0.0312916
237 238 64 128 0.0360488
238 238 64 128 0.0351822
239 238 64 128 0.0318295
240 238 64 128 0.0236705
241 238 64 128 0.0208057
242 238 64 128 0.0187406
243 238 64 128 0.0134426
250 238 64 128 0.0101011
251 238 64 128 0.0163659
252 238 64 128 0.0227428
253 238 64 128 0.0237182
254 238 64 128 0.0198402
255 238 64 128 0.0191532
256 238 64 128 0.016221
257 238 64 128 0.0135153
258 238 64 128 0.0113963
0 239 64 128 0.0130104
1 239 64 128 0.0114175
2 239 64 128 0.0132871
3 239 64 128 0.0165362
4 239 64 128 0.0181482
5 239 64 128 0.0197072
6 239 64 128 0.0239238
7 239 64 128 0.0415505
8 239 64 128 0.0487213
9 239 64 128 0.07195
10 239 64 128 0.127372
11 239 64 128 0.127733
12 239 64 128 0.179048
13 239 64 128 0.198578
14 239 64 128 0.167165
15 239 64 128 0.16989
16 239 64 128 0.136119
17 239 64 128 0.114964
18 239 64 128 0.133492
19 239 64 128 0.16176
20 239 64 128 0.161057
21 239 64 128 0.129765
22 239 64 128 0.0834576
23 239 64 128 0.0547348
24 239 64 128 0.0434236
25 239 64 128 0.0267141
26 239 64 128 0.0165695
132 239 64 128 0.0105292
133 239 64 128 0.010532
204 239 64 128 0.0113889
205 239 64 128 0.0139087
206 239 64 128 0.0167208
207 239 64 128 0.0161006
208 239 64 128 0.0140469
209 239 64 128 0.013936
210 239 64 128 0.0133008
211 239 64 128 0.0125453
212 239 64 128 0.0109146
218 239 64 128 0.0108998
219 239 64 128 0.0143078
220 239 64 128 0.0156732
221 239 64 128 0.0172792
222 239 64 128 0.0140096
223 239 64 128 0.0110097
224 239 64 128 0.0135886
225 239 64 128 0.0142099
226 239 64 128 0.0186457
227 239 64 128 0.0208503
228 239 64 128 0.0199466
229 239 64 128 0.0190596
230 239 64 128 0.016775
231 239 64 128 0.022332
232 239 64 128 0.0263359
233 239 64 128 0.0287579
234 239 64 128 0.0327279
235 239 64 128 0.0302602
236 239 64 128 0.0368834
237 239 64 128 0.0423311
238 239 64 128 0.0407273
239 239 64 128 0.0362703
240 239 64 128 0.0284585
241 239 64 128 0.0265028
242 239 64 128 0.0242489
243 239 64 128 0.0172895
244 239 64 128 0.0111129
245 239 64 128 0.0105876
246 239 64 128 0.0102679
250 239 64 128 0.0136191
251 239 64 128 0.0221039
252 239 64 128 0.0301336
253 239 64 128 0.0306859
254 239 64 128 0.025036
255 239 64 128 0.0238035
256 239 64 128 0.0198311
257 239 64 128 0.0163114
258 239 64 128 0.0135107
