189 0 64 128 0.0245721
190 0 64 128 0.0552957
191 0 64 128 0.104859
192 0 64 128 0.123996
193 0 64 128 0.103221
194 0 64 128 0.0670171
195 0 64 128 0.0273526
196 0 64 128 0.010662
217 0 64 128 0.0105124
218 0 64 128 0.0181927
219 0 64 128 0.0374802
220 0 64 128 0.0511283
221 0 64 128 0.0384349
222 0 64 128 0.0155111
189 1 64 128 0.0205929
190 1 64 128 0.0464322
191 1 64 128 0.0884299
192 1 64 128 0.102826
193 1 64 128 0.083384
194 1 64 128 0.0535123
195 1 64 128 0.0217921
218 1 64 128 0.0143583
219 1 64 128 0.0286864
220 1 64 128 0.0397216
221 1 64 128 0.029628
222 1 64 128 0.0118748
189 2 64 128 0.0142683
190 2 64 128 0.0312036
191 2 64 128 0.0595816
192 2 64 128 0.0648558
193 2 64 128 0.0476209
194 2 64 128 0.0297531
195 2 64 128 0.0118189
219 2 64 128 0.0140627
220 2 64 128 0.0203719
221 2 64 128 0.0149923
274 2 64 128 0.0104043
189 3 64 128 0.0126086
190 3 64 128 0.0240594
191 3 64 128 0.0443957
192 3 64 128 0.0429586
193 3 64 128 0.0266525
194 3 64 128 0.017256
220 3 64 128 0.0120044
273 3 64 128 0.0111284
274 3 64 128 0.0118733
275 3 64 128 0.0114113
189 4 64 128 0.0136473
190 4 64 128 0.0229253
191 4 64 128 0.0397817
192 4 64 128 0.0353794
193 4 64 128 0.0199517
194 4 64 128 0.0144917
220 4 64 128 0.0120029
221 4 64 128 0.0104013
273 4 64 128 0.0115767
274 4 64 128 0.012499
275 4 64 128 0.0126308
276 4 64 128 0.0100322
189 5 64 128 0.0123778
190 5 64 128 0.0199292
191 5 64 128 0.0323814
192 5 64 128 0.0278945
193 5 64 128 0.0155598
194 5 64 128 0.0116528
220 5 64 128 0.0101761
272 5 64 128 0.0116017
273 5 64 128 0.0136389
274 5 64 128 0.0148377
275 5 64 128 0.0151753
276 5 64 128 0.0118827
190 6 64 128 0.0144478
191 6 64 128 0.0212945
192 6 64 128 0.018117
193 6 64 128 0.0102789
271 6 64 128 0.0114983
272 6 64 128 0.0138349
273 6 64 128 0.0159949
274 6 64 128 0.0175723
275 6 64 128 0.0177072
276 6 64 128 0.0134748
190 7 64 128 0.0100692
191 7 64 128 0.0128574
192 7 64 128 0.0106026
271 7 64 128 0.0110088
272 7 64 128 0.0130448
273 7 64 128 0.0152477
274 7 64 128 0.0172509
275 7 64 128 0.0171105
276 7 64 128 0.013088
273 8 64 128 0.0118086
274 8 64 128 0.0140613
275 8 64 128 0.013714
276 8 64 128 0.0110027
274 9 64 128 0.011434
275 9 64 128 0.0109115
274 10 64 128 0.0104044
288 72 64 128 0.0105312
289 72 64 128 0.0135014
290 72 64 128 0.0110036
284 73 64 128 0.010096
285 73 64 128 0.0107471
286 73 64 128 0.0105374
287 73 64 128 0.0114743
288 73 64 128 0.0160066
289 73 64 128 0.0204143
290 73 64 128 0.0168337
291 73 64 128 0.0150081
292 73 64 128 0.0130919
293 73 64 128 0.0106814
294 73 64 128 0.0101065
301 73 64 128 0.0102585
302 73 64 128 0.0118599
303 73 64 128 0.0126732
304 73 64 128 0.0140989
287 74 64 128 0.0102502
288 74 64 128 0.0141548
289 74 64 128 0.0184452
290 74 64 128 0.0153793
291 74 64 128 0.0136368
292 74 64 128 0.0119482
302 74 64 128 0.010763
303 74 64 128 0.0116418
304 74 64 128 0.0131077
289 75 64 128 0.0119303
290 75 64 128 0.0100986
289 76 64 128 0.0101838
304 76 64 128 0.0101765
283 77 64 128 0.0103832
285 77 64 128 0.0101887
286 77 64 128 0.0106805
287 77 64 128 0.0104951
288 77 64 128 0.0112293
289 77 64 128 0.0126718
290 77 64 128 0.0102877
303 77 64 128 0.0102514
304 77 64 128 0.0145606
305 77 64 128 0.0112805
306 77 64 128 0.0104073
283 78 64 128 0.0106573
284 78 64 128 0.0101894
285 78 64 128 0.0107276
286 78 64 128 0.0107994
287 78 64 128 0.0104762
288 78 64 128 0.0113105
289 78 64 128 0.012261
303 78 64 128 0.0103662
304 78 64 128 0.0147287
305 78 64 128 0.0116152
306 78 64 128 0.0110004
231 119 64 128 0.0100615
232 119 64 128 0.0104365
228 120 64 128 0.0103295
229 120 64 128 0.0154097
230 120 64 128 0.0135194
231 120 64 128 0.0151787
232 120 64 128 0.0144506
228 121 64 128 0.014793
229 121 64 128 0.0197817
230 121 64 128 0.0174781
231 121 64 128 0.0174786
232 121 64 128 0.0157838
233 121 64 128 0.0101604
227 122 64 128 0.0115113
228 122 64 128 0.0191503
229 122 64 128 0.0224876
230 122 64 128 0.0197697
231 122 64 128 0.0166475
232 122 64 128 0.0143909
233 122 64 128 0.0101543
227 123 64 128 0.013549
228 123 64 128 0.0219355
229 123 64 128 0.0262733
230 123 64 128 0.0208548
231 123 64 128 0.0163394
232 123 64 128 0.0137809
227 124 64 128 0.0148225
228 124 64 128 0.0243252
229 124 64 128 0.0324811
230 124 64 128 0.0217438
231 124 64 128 0.0184789
232 124 64 128 0.0156349
226 125 64 128 0.0134896
227 125 64 128 0.0217806
228 125 64 128 0.0324212
229 125 64 128 0.0395351
230 125 64 128 0.0243131
231 125 64 128 0.021369
232 125 64 128 0.0178777
224 126 64 128 0.0106424
225 126 64 128 0.0123573
226 126 64 128 0.0219019
227 126 64 128 0.0377166
228 126 64 128 0.0494049
229 126 64 128 0.0465602
230 126 64 128 0.0296368
231 126 64 128 0.0238041
232 126 64 128 0.0190238
224 127 64 128 0.0144182
225 127 64 128 0.0187888
226 127 64 128 0.0312229
227 127 64 128 0.0552932
228 127 64 128 0.0687071
229 127 64 128 0.0555487
230 127 64 128 0.0362575
231 127 64 128 0.0270672
232 127 64 128 0.0203936
233 127 64 128 0.010305
224 128 64 128 0.0186195
225 128 64 128 0.0235462
226 128 64 128 0.0383104
227 128 64 128 0.0667294
228 128 64 128 0.0827386
229 128 64 128 0.0669705
230 128 64 128 0.0419911
231 128 64 128 0.03182
232 128 64 128 0.022954
224 129 64 128 0.0213442
225 129 64 128 0.0255444
226 129 64 128 0.0417945
227 129 64 128 0.0705805
228 129 64 128 0.0869876
229 129 64 128 0.0722689
230 129 64 128 0.0433946
231 129 64 128 0.0340075
232 129 64 128 0.0239023
224 130 64 128 0.0206566
225 130 64 128 0.024304
226 130 64 128 0.0410138
227 130 64 128 0.0674076
228 130 64 128 0.0789411
229 130 64 128 0.0626137
230 130 64 128 0.0375378
231 130 64 128 0.0292917
232 130 64 128 0.0201364
224 131 64 128 0.0174497
225 131 64 128 0.0207707
226 131 64 128 0.0368448
227 131 64 128 0.0594965
228 131 64 128 0.0642364
229 131 64 128 0.0451692
230 131 64 128 0.0276571
231 131 64 128 0.0206926
232 131 64 128 0.0139084
224 132 64 128 0.0137872
225 132 64 128 0.0165195
226 132 64 128 0.0309226
227 132 64 128 0.0499269
228 132 64 128 0.0515876
229 132 64 128 0.033114
230 132 64 128 0.0193452
231 132 64 128 0.0140476
224 133 64 128 0.0110284
225 133 64 128 0.0132456
226 133 64 128 0.0259659
227 133 64 128 0.0423083
228 133 64 128 0.044117
229 133 64 128 0.0283594
230 133 64 128 0.0143047
231 133 64 128 0.0106166
224 134 64 128 0.0100012
225 134 64 128 0.0126046
226 134 64 128 0.025195
227 134 64 128 0.0403299
228 134 64 128 0.041141
229 134 64 128 0.0254791
230 134 64 128 0.0116485
224 135 64 128 0.0101313
225 135 64 128 0.0136185
226 135 64 128 0.0270424
227 135 64 128 0.0416299
228 135 64 128 0.039644
229 135 64 128 0.0217786
230 135 64 128 0.0101844
225 136 64 128 0.0127549
226 136 64 128 0.0252863
227 136 64 128 0.0379798
228 136 64 128 0.0344491
229 136 64 128 0.0173978
226 137 64 128 0.0182499
227 137 64 128 0.0272183
228 137 64 128 0.0244852
229 137 64 128 0.0128107
226 138 64 128 0.0112581
227 138 64 128 0.0165097
228 138 64 128 0.0148776
227 139 64 128 0.0106694
34 197 64 128 0.0114521
35 197 64 128 0.0117603
33 198 64 128 0.0118727
34 198 64 128 0.0162004
35 198 64 128 0.0171252
32 199 64 128 0.0102657
33 199 64 128 0.0183427
34 199 64 128 0.0255535
35 199 64 128 0.025654
36 199 64 128 0.0147727
32 200 64 128 0.0151392
33 200 64 128 0.0274201
34 200 64 128 0.0384821
35 200 64 128 0.0385486
36 200 64 128 0.023237
37 200 64 128 0.0125172
31 201 64 128 0.0112257
32 201 64 128 0.021863
33 201 64 128 0.0376396
34 201 64 128 0.0527941
35 201 64 128 0.0564007
36 201 64 128 0.0365112
37 201 64 128 0.0199554
38 201 64 128 0.010182
31 202 64 128 0.0150979
32 202 64 128 0.0287113
33 202 64 128 0.0463724
34 202 64 128 0.064581
35 202 64 128 0.0733352
36 202 64 128 0.0499947
37 202 64 128 0.0275885
38 202 64 128 0.0133938
30 203 64 128 0.0118689
31 203 64 128 0.0188348
32 203 64 128 0.0333177
33 203 64 128 0.050854
34 203 64 128 0.0697082
35 203 64 128 0.0810734
36 203 64 128 0.0568052
37 203 64 128 0.0313286
38 203 64 128 0.0144725
30 204 64 128 0.0147902
31 204 64 128 0.0229935
32 204 64 128 0.0375999
33 204 64 128 0.0549774
34 204 64 128 0.07349
35 204 64 128 0.0840688
36 204 64 128 0.0594419
37 204 64 128 0.0328922
38 204 64 128 0.0146023
30 205 64 128 0.0173847
31 205 64 128 0.0289186
32 205 64 128 0.0465281
33 205 64 128 0.0673318
34 205 64 128 0.0879318
35 205 64 128 0.0959761
36 205 64 128 0.0672053
37 205 64 128 0.0381734
38 205 64 128 0.0172348
30 206 64 128 0.0197699
31 206 64 128 0.0358959
32 206 64 128 0.0586908
33 206 64 128 0.0853428
34 206 64 128 0.109962
35 206 64 128 0.115203
36 206 64 128 0.0787036
37 206 64 128 0.0455683
38 206 64 128 0.0214688
29 207 64 128 0.0103995
30 207 64 128 0.0228865
31 207 64 128 0.0408912
32 207 64 128 0.0654367
33 207 64 128 0.0937707
34 207 64 128 0.119366
35 207 64 128 0.122719
36 207 64 128 0.0803269
37 207 64 128 0.0449355
38 207 64 128 0.0214455
29 208 64 128 0.0128921
30 208 64 128 0.0278134
31 208 64 128 0.0445795
32 208 64 128 0.0668944
33 208 64 128 0.0913526
34 208 64 128 0.112484
35 208 64 128 0.113934
36 208 64 128 0.0701544
37 208 64 128 0.0353377
38 208 64 128 0.0162159
29 209 64 128 0.0169473
30 209 64 128 0.0357879
31 209 64 128 0.0541796
32 209 64 128 0.0788461
33 209 64 128 0.101852
34 209 64 128 0.115504
35 209 64 128 0.110515
36 209 64 128 0.0673507
37 209 64 128 0.032339
38 209 64 128 0.0136711
29 210 64 128 0.0227064
30 210 64 128 0.0470522
31 210 64 128 0.073529
32 210 64 128 0.108683
33 210 64 128 0.13705
34 210 64 128 0.143381
35 210 64 128 0.125389
36 210 64 128 0.0826939
37 210 64 128 0.0443466
38 210 64 128 0.0181015
29 211 64 128 0.0294712
30 211 64 128 0.0592067
31 211 64 128 0.0959493
32 211 64 128 0.137851
33 211 64 128 0.170997
34 211 64 128 0.174064
35 211 64 128 0.141908
36 211 64 128 0.0996418
37 211 64 128 0.0568332
38 211 64 128 0.0221227
227 211 64 128 0.0105222
229 211 64 128 0.011019
28 212 64 128 0.0128346
29 212 64 128 0.0365482
30 212 64 128 0.0703968
31 212 64 128 0.115721
32 212 64 128 0.151265
33 212 64 128 0.183088
34 212 64 128 0.189804
35 212 64 128 0.145911
36 212 64 128 0.103924
37 212 64 128 0.0573176
38 212 64 128 0.0193965
227 212 64 128 0.0102981
228 212 64 128 0.010168
229 212 64 128 0.0112455
28 213 64 128 0.0158815
29 213 64 128 0.0438203
30 213 64 128 0.082761
31 213 64 128 0.138042
32 213 64 128 0.165291
33 213 64 128 0.199719
34 213 64 128 0.215077
35 213 64 128 0.15309
36 213 64 128 0.108732
37 213 64 128 0.0569376
38 213 64 128 0.0156269
229 213 64 128 0.0105997
28 214 64 128 0.018697
29 214 64 128 0.0519045
30 214 64 128 0.0998233
31 214 64 128 0.170144
32 214 64 128 0.200452
33 214 64 128 0.251735
34 214 64 128 0.2773
35 214 64 128 0.182378
36 214 64 128 0.130496
37 214 64 128 0.0696526
38 214 64 128 0.0180484
229 214 64 128 0.0109024
28 215 64 128 0.0232641
29 215 64 128 0.0652611
30 215 64 128 0.127465
31 215 64 128 0.214219
32 215 64 128 0.251539
33 215 64 128 0.32003
34 215 64 128 0.352069
35 215 64 128 0.223709
36 215 64 128 0.160676
37 215 64 128 0.0881515
38 215 64 128 0.0236528
228 215 64 128 0.0101305
229 215 64 128 0.0114291
28 216 64 128 0.0320955
29 216 64 128 0.0890866
30 216 64 128 0.17122
31 216 64 128 0.269514
32 216 64 128 0.303847
33 216 64 128 0.368851
34 216 64 128 0.398115
35 216 64 128 0.256872
36 216 64 128 0.18216
37 216 64 128 0.0981309
38 216 64 128 0.0261053
229 216 64 128 0.0106209
28 217 64 128 0.0438375
29 217 64 128 0.119738
30 217 64 128 0.22247
31 217 64 128 0.325284
32 217 64 128 0.352002
33 217 64 128 0.400287
34 217 64 128 0.41773
35 217 64 128 0.278355
36 217 64 128 0.194037
37 217 64 128 0.102417
38 217 64 128 0.027763
27 218 64 128 0.0100282
28 218 64 128 0.054957
29 218 64 128 0.14859
30 218 64 128 0.264845
31 218 64 128 0.365712
32 218 64 128 0.39649
33 218 64 128 0.438668
34 218 64 128 0.439012
35 218 64 128 0.294885
36 218 64 128 0.20528
37 218 64 128 0.11383
38 218 64 128 0.0358734
27 219 64 128 0.0113098
28 219 64 128 0.0658599
29 219 64 128 0.176011
30 219 64 128 0.300711
31 219 64 128 0.396201
32 219 64 128 0.439857
33 219 64 128 0.487795
34 219 64 128 0.470301
35 219 64 128 0.312334
36 219 64 128 0.223224
37 219 64 128 0.134398
38 219 64 128 0.0486022
27 220 64 128 0.0143764
28 220 64 128 0.0804696
29 220 64 128 0.210425
30 220 64 128 0.349273
31 220 64 128 0.441123
32 220 64 128 0.486219
33 220 64 128 0.532383
34 220 64 128 0.501416
35 220 64 128 0.335405
36 220 64 128 0.253243
37 220 64 128 0.156087
38 220 64 128 0.0558437
39 220 64 128 0.0117692
27 221 64 128 0.0190396
28 221 64 128 0.0965082
29 221 64 128 0.247425
30 221 64 128 0.406871
31 221 64 128 0.49626
32 221 64 128 0.528497
33 221 64 128 0.56251
34 221 64 128 0.523206
35 221 64 128 0.357892
36 221 64 128 0.286675
37 221 64 128 0.171457
38 221 64 128 0.0545014
39 221 64 128 0.0140963
27 222 64 128 0.0217248
28 222 64 128 0.103037
29 222 64 128 0.264631
30 222 64 128 0.437658
31 222 64 128 0.517288
32 222 64 128 0.544254
33 222 64 128 0.576646
34 222 64 128 0.528929
35 222 64 128 0.358748
36 222 64 128 0.295776
37 222 64 128 0.174457
38 222 64 128 0.051535
39 222 64 128 0.0153541
27 223 64 128 0.0208865
28 223 64 128 0.0970002
29 223 64 128 0.255117
30 223 64 128 0.427892
31 223 64 128 0.490633
32 223 64 128 0.529209
33 223 64 128 0.577581
34 223 64 128 0.519851
35 223 64 128 0.334146
36 223 64 128 0.273676
37 223 64 128 0.166599
38 223 64 128 0.0522238
39 223 64 128 0.015503
27 224 64 128 0.019714
28 224 64 128 0.0930542
29 224 64 128 0.246833
30 224 64 128 0.414679
31 224 64 128 0.472758
32 224 64 128 0.519179
33 224 64 128 0.575824
34 224 64 128 0.51352
35 224 64 128 0.318312
36 224 64 128 0.259806
37 224 64 128 0.164931
38 224 64 128 0.0568284
39 224 64 128 0.0169845
27 225 64 128 0.0204869
28 225 64 128 0.100624
29 225 64 128 0.258507
30 225 64 128 0.424502
31 225 64 128 0.500517
32 225 64 128 0.536665
33 225 64 128 0.576186
34 225 64 128 0.51807
35 225 64 128 0.332402
36 225 64 128 0.279252
37 225 64 128 0.179216
38 225 64 128 0.0642517
39 225 64 128 0.0210391
27 226 64 128 0.0206475
28 226 64 128 0.105141
29 226 64 128 0.265098
30 226 64 128 0.429104
31 226 64 128 0.519346
32 226 64 128 0.545082
33 226 64 128 0.561993
34 226 64 128 0.504717
35 226 64 128 0.340094
36 226 64 128 0.292196
37 226 64 128 0.189473
38 226 64 128 0.0710337
39 226 64 128 0.0240357
27 227 64 128 0.0176068
28 227 64 128 0.0922544
29 227 64 128 0.241377
30 227 64 128 0.399001
31 227 64 128 0.474896
32 227 64 128 0.508404
33 227 64 128 0.518897
34 227 64 128 0.448303
35 227 64 128 0.305521
36 227 64 128 0.2598
37 227 64 128 0.176724
38 227 64 128 0.0739956
39 227 64 128 0.0225744
27 228 64 128 0.0135899
28 228 64 128 0.0734086
29 228 64 128 0.206146
30 228 64 128 0.354669
31 228 64 128 0.407886
32 228 64 128 0.454184
33 228 64 128 0.466498
34 228 64 128 0.380121
35 228 64 128 0.254212
36 228 64 128 0.21495
37 228 64 128 0.157684
38 228 64 128 0.0738198
39 228 64 128 0.0194422
27 229 64 128 0.0118862
28 229 64 128 0.0657349
29 229 64 128 0.187981
30 229 64 128 0.327626
31 229 64 128 0.379465
32 229 64 128 0.423429
33 229 64 128 0.430593
34 229 64 128 0.342396
35 229 64 128 0.225338
36 229 64 128 0.20522
37 229 64 128 0.156018
38 229 64 128 0.0720665
39 229 64 128 0.0187447
27 230 64 128 0.0119171
28 230 64 128 0.0655349
29 230 64 128 0.180398
30 230 64 128 0.309218
31 230 64 128 0.369546
32 230 64 128 0.401136
33 230 64 128 0.398891
34 230 64 128 0.31921
35 230 64 128 0.209323
36 230 64 128 0.210946
37 230 64 128 0.158967
38 230 64 128 0.0673924
39 230 64 128 0.0192071
27 231 64 128 0.0113196
28 231 64 128 0.0596965
29 231 64 128 0.161137
30 231 64 128 0.272851
31 231 64 128 0.322183
32 231 64 128 0.347733
33 231 64 128 0.342618
34 231 64 128 0.269258
35 231 64 128 0.175088
36 231 64 128 0.183205
37 231 64 128 0.138215
38 231 64 128 0.0574065
39 231 64 128 0.0172089
28 232 64 128 0.0472469
29 232 64 128 0.129308
30 232 64 128 0.21842
31 232 64 128 0.240875
32 232 64 128 0.266962
33 232 64 128 0.265602
34 232 64 128 0.197777
35 232 64 128 0.127489
36 232 64 128 0.128347
37 232 64 128 0.0996162
38 232 64 128 0.0451709
39 232 64 128 0.0134867
28 233 64 128 0.0361215
29 233 64 128 0.0997217
30 233 64 128 0.165351
31 233 64 128 0.17248
32 233 64 128 0.194227
33 233 64 128 0.195511
34 233 64 128 0.143778
35 233 64 128 0.0973562
36 233 64 128 0.0927499
37 233 64 128 0.0737215
38 233 64 128 0.0376147
39 233 64 128 0.0119145
28 234 64 128 0.0292794
29 234 64 128 0.0790292
30 234 64 128 0.125083
31 234 64 128 0.13369
32 234 64 128 0.145056
33 234 64 128 0.145758
34 234 64 128 0.118152
35 234 64 128 0.090552
36 234 64 128 0.0872662
37 234 64 128 0.0681918
38 234 64 128 0.0361231
39 234 64 128 0.0130422
28 235 64 128 0.0239259
29 235 64 128 0.0643854
30 235 64 128 0.0995832
31 235 64 128 0.106606
32 235 64 128 0.11204
33 235 64 128 0.11323
34 235 64 128 0.0997565
35 235 64 128 0.0846423
36 235 64 128 0.0823888
37 235 64 128 0.0647015
38 235 64 128 0.0358394
39 235 64 128 0.0136629
28 236 64 128 0.0183593
29 236 64 128 0.0524979
30 236 64 128 0.0850832
31 236 64 128 0.0797748
32 236 64 128 0.0876486
33 236 64 128 0.0919795
34 236 64 128 0.0765772
35 236 64 128 0.0679257
36 236 64 128 0.0635622
37 236 64 128 0.0536654
38 236 64 128 0.0336492
39 236 64 128 0.0121741
28 237 64 128 0.0132016
29 237 64 128 0.0401626
30 237 64 128 0.0690899
31 237 64 128 0.055519
32 237 64 128 0.0661517
33 237 64 128 0.0727731
34 237 64 128 0.0546037
35 237 64 128 0.04906
36 237 64 128 0.0446653
37 237 64 128 0.0423302
38 237 64 128 0.0298884
29 238 64 128 0.0271716
30 238 64 128 0.0467584
31 238 64 128 0.0376951
32 238 64 128 0.0461873
33 238 64 128 0.0521359
34 238 64 128 0.0399573
35 238 64 128 0.0362643
36 238 64 128 0.0364993
37 238 64 128 0.036667
38 238 64 128 0.0257469
29 239 64 128 0.0209301
30 239 64 128 0.0348391
31 239 64 128 0.030746
32 239 64 128 0.0370861
33 239 64 128 0.0420541
34 239 64 128 0.0347466
35 239 64 128 0.0317238
36 239 64 128 0.0351582
37 239 64 128 0.0353328
38 239 64 128 0.0237569
