29 186 85 170 0.0102732
30 186 85 170 0.0104165
29 187 85 170 0.0112424
30 187 85 170 0.0112268
29 188 85 170 0.0123072
30 188 85 170 0.0122079
31 188 85 170 0.0102298
29 189 85 170 0.0134802
30 189 85 170 0.0133549
31 189 85 170 0.0111317
28 190 85 170 0.0107595
29 190 85 170 0.0147559
30 190 85 170 0.0145922
31 190 85 170 0.0121001
32 190 85 170 0.0104085
28 191 85 170 0.0118976
29 191 85 170 0.0161275
30 191 85 170 0.0158423
31 191 85 170 0.0130034
32 191 85 170 0.0109795
28 192 85 170 0.0130188
29 192 85 170 0.0175888
30 192 85 170 0.0170272
31 192 85 170 0.0137104
32 192 85 170 0.0115863
28 193 85 170 0.0140735
29 193 85 170 0.019124
30 193 85 170 0.0180861
31 193 85 170 0.0141289
32 193 85 170 0.0122283
33 193 85 170 0.0102875
28 194 85 170 0.0150624
29 194 85 170 0.0206619
30 194 85 170 0.0190607
31 194 85 170 0.0144072
32 194 85 170 0.0129213
33 194 85 170 0.0113489
28 195 85 170 0.0160047
29 195 85 170 0.0221104
30 195 85 170 0.0200314
31 195 85 170 0.014783
32 195 85 170 0.013687
33 195 85 170 0.0124236
27 196 85 170 0.0103193
28 196 85 170 0.0169199
29 196 85 170 0.0233773
30 196 85 170 0.0210784
31 196 85 170 0.0154946
32 196 85 170 0.0145471
33 196 85 170 0.0133422
27 197 85 170 0.0111309
28 197 85 170 0.0178274
29 197 85 170 0.0243708
30 197 85 170 0.0222821
31 197 85 170 0.0167796
32 197 85 170 0.0155233
33 197 85 170 0.0139355
27 198 85 170 0.0121702
28 198 85 170 0.0187659
29 198 85 170 0.0251073
30 198 85 170 0.0237152
31 198 85 170 0.0187477
32 198 85 170 0.0166308
33 198 85 170 0.0141419
26 199 85 170 0.0100403
27 199 85 170 0.0133786
28 199 85 170 0.0198201
29 199 85 170 0.0258604
30 199 85 170 0.0254331
31 199 85 170 0.0212035
32 199 85 170 0.0178688
33 199 85 170 0.0141567
26 200 85 170 0.0106696
27 200 85 170 0.0146829
28 200 85 170 0.0210809
29 200 85 170 0.0269415
30 200 85 170 0.0274882
31 200 85 170 0.023907
32 200 85 170 0.0192342
33 200 85 170 0.0142125
26 201 85 170 0.0114358
27 201 85 170 0.0160097
28 201 85 170 0.0226397
29 201 85 170 0.0286619
30 201 85 170 0.0299331
31 201 85 170 0.0266183
32 201 85 170 0.020724
33 201 85 170 0.0145421
26 202 85 170 0.0124053
27 202 85 170 0.017289
28 202 85 170 0.0245824
29 202 85 170 0.0313164
30 202 85 170 0.0328149
31 202 85 170 0.0291061
32 202 85 170 0.0223352
33 202 85 170 0.015369
34 202 85 170 0.0102483
25 203 85 170 0.0104523
26 203 85 170 0.013572
27 203 85 170 0.0185311
28 203 85 170 0.0268684
29 203 85 170 0.0347976
30 203 85 170 0.0360463
31 203 85 170 0.0313447
32 203 85 170 0.0240667
33 203 85 170 0.0166974
34 203 85 170 0.0108903
25 204 85 170 0.0117783
26 204 85 170 0.0148564
27 204 85 170 0.019829
28 204 85 170 0.0293275
29 204 85 170 0.0385859
30 204 85 170 0.0394019
31 204 85 170 0.0335203
32 204 85 170 0.0259194
33 204 85 170 0.0183065
34 204 85 170 0.0116432
24 205 85 170 0.0100281
25 205 85 170 0.0130281
26 205 85 170 0.0161753
27 205 85 170 0.0212792
28 205 85 170 0.0317834
29 205 85 170 0.042143
30 205 85 170 0.0426505
31 205 85 170 0.0358284
32 205 85 170 0.0278945
33 205 85 170 0.0199653
34 205 85 170 0.0124906
24 206 85 170 0.0107773
25 206 85 170 0.0140006
26 206 85 170 0.0174458
27 206 85 170 0.0229782
28 206 85 170 0.0340599
29 206 85 170 0.0449304
30 206 85 170 0.0455605
31 206 85 170 0.0384644
32 206 85 170 0.0299928
33 206 85 170 0.0214426
34 206 85 170 0.0134163
24 207 85 170 0.0112559
25 207 85 170 0.0145423
26 207 85 170 0.0186072
27 207 85 170 0.0250015
28 207 85 170 0.0360135
29 207 85 170 0.0465177
30 207 85 170 0.0479404
31 207 85 170 0.0415687
32 207 85 170 0.0321968
33 207 85 170 0.0225388
34 207 85 170 0.0143975
24 208 85 170 0.0115511
25 208 85 170 0.0148462
26 208 85 170 0.0197639
27 208 85 170 0.0272696
28 208 85 170 0.0377389
29 208 85 170 0.0472616
30 208 85 170 0.0498907
31 208 85 170 0.0448796
32 208 85 170 0.0343541
33 208 85 170 0.023282
34 208 85 170 0.0153628
24 209 85 170 0.0118264
25 209 85 170 0.0152591
26 209 85 170 0.021093
27 209 85 170 0.0296345
28 209 85 170 0.0394367
29 209 85 170 0.0478679
30 209 85 170 0.051641
31 209 85 170 0.0479568
32 209 85 170 0.0362519
33 209 85 170 0.0238017
34 209 85 170 0.0162197
35 209 85 170 0.0109606
24 210 85 170 0.012246
25 210 85 170 0.0161288
26 210 85 170 0.022772
27 210 85 170 0.0319481
28 210 85 170 0.0413077
29 210 85 170 0.0490438
30 210 85 170 0.0534216
31 210 85 170 0.0503593
32 210 85 170 0.0376775
33 210 85 170 0.0242276
34 210 85 170 0.0168755
35 210 85 170 0.0118209
24 211 85 170 0.0129737
25 211 85 170 0.0178024
26 211 85 170 0.0249782
27 211 85 170 0.0340619
28 211 85 170 0.0435529
29 211 85 170 0.0514964
30 211 85 170 0.0554625
31 211 85 170 0.0516464
32 211 85 170 0.0384181
33 211 85 170 0.0246896
34 211 85 170 0.0172374
35 211 85 170 0.0121037
23 212 85 170 0.0106707
24 212 85 170 0.0140921
25 212 85 170 0.0204174
26 212 85 170 0.0277557
27 212 85 170 0.0358825
28 212 85 170 0.046256
29 212 85 170 0.0555446
30 212 85 170 0.0578432
31 212 85 170 0.0515732
32 212 85 170 0.0383515
33 212 85 170 0.0252405
34 212 85 170 0.0172492
35 212 85 170 0.0116618
22 213 85 170 0.0103288
23 213 85 170 0.0115863
24 213 85 170 0.0154541
25 213 85 170 0.0235193
26 213 85 170 0.0307724
27 213 85 170 0.0374707
28 213 85 170 0.0491704
29 213 85 170 0.0604137
30 213 85 170 0.0602167
31 213 85 170 0.0504475
32 213 85 170 0.03761
33 213 85 170 0.0257169
34 213 85 170 0.0169578
35 213 85 170 0.0107213
22 214 85 170 0.0118376
23 214 85 170 0.0125728
24 214 85 170 0.0168725
25 214 85 170 0.0265496
26 214 85 170 0.0336304
27 214 85 170 0.0389143
28 214 85 170 0.0519916
29 214 85 170 0.065137
30 214 85 170 0.0621619
31 214 85 170 0.0486738
32 214 85 170 0.0363708
33 214 85 170 0.0259172
34 214 85 170 0.0164279
22 215 85 170 0.0131204
23 215 85 170 0.0135413
24 215 85 170 0.01816
25 215 85 170 0.02895
26 215 85 170 0.0359317
27 215 85 170 0.040301
28 215 85 170 0.0544153
29 215 85 170 0.068748
30 215 85 170 0.0632574
31 215 85 170 0.0466568
32 215 85 170 0.034811
33 215 85 170 0.02564
34 215 85 170 0.0157244
22 216 85 170 0.0139454
23 216 85 170 0.0144047
24 216 85 170 0.0191335
25 216 85 170 0.030177
26 216 85 170 0.037289
27 216 85 170 0.0417154
28 216 85 170 0.0561425
29 216 85 170 0.0703029
30 216 85 170 0.0630936
31 216 85 170 0.0447938
32 216 85 170 0.033106
33 216 85 170 0.0246904
34 216 85 170 0.0149118
21 217 85 170 0.0101195
22 217 85 170 0.0142837
23 217 85 170 0.0151313
24 217 85 170 0.0197502
25 217 85 170 0.0301722
26 217 85 170 0.0376638
27 217 85 170 0.0431344
28 217 85 170 0.0570536
29 217 85 170 0.0696035
30 217 85 170 0.0616343
31 217 85 170 0.0432416
32 217 85 170 0.0313673
33 217 85 170 0.02309
34 217 85 170 0.0140472
21 218 85 170 0.0101729
22 218 85 170 0.0143492
23 218 85 170 0.0157558
24 218 85 170 0.0201351
25 218 85 170 0.0294578
26 218 85 170 0.0374348
27 218 85 170 0.0444061
28 218 85 170 0.0572435
29 218 85 170 0.067343
30 218 85 170 0.0592907
31 218 85 170 0.0418694
32 218 85 170 0.0296309
33 218 85 170 0.0211192
34 218 85 170 0.0131786
21 219 85 170 0.0102118
22 219 85 170 0.0143698
23 219 85 170 0.0163168
24 219 85 170 0.0204229
25 219 85 170 0.0285899
26 219 85 170 0.0370053
27 219 85 170 0.0453711
28 219 85 170 0.0568199
29 219 85 170 0.0642672
30 219 85 170 0.0565001
31 219 85 170 0.0405295
32 219 85 170 0.027928
33 219 85 170 0.0190736
34 219 85 170 0.0123532
21 220 85 170 0.0104228
22 220 85 170 0.0145738
23 220 85 170 0.0168529
24 220 85 170 0.0207483
25 220 85 170 0.0281247
26 220 85 170 0.0367785
27 220 85 170 0.0458699
28 220 85 170 0.0558903
29 220 85 170 0.061122
30 220 85 170 0.0536999
31 220 85 170 0.0390742
32 220 85 170 0.0262902
33 220 85 170 0.017249
34 220 85 170 0.0116186
21 221 85 170 0.0109684
22 221 85 170 0.0151594
23 221 85 170 0.0173979
24 221 85 170 0.0212289
25 221 85 170 0.028547
26 221 85 170 0.0371084
27 221 85 170 0.0457725
28 221 85 170 0.0545683
29 221 85 170 0.0585831
30 221 85 170 0.0512872
31 221 85 170 0.0373779
32 221 85 170 0.0247492
33 221 85 170 0.0159101
34 221 85 170 0.0110167
21 222 85 170 0.0117956
22 222 85 170 0.0160626
23 222 85 170 0.0179433
24 222 85 170 0.0218312
25 222 85 170 0.0297095
26 222 85 170 0.0379106
27 222 85 170 0.0452091
28 222 85 170 0.0530204
29 222 85 170 0.0567073
30 222 85 170 0.0493008
31 222 85 170 0.0355111
32 222 85 170 0.0233407
33 222 85 170 0.0150479
34 222 85 170 0.0105418
21 223 85 170 0.012739
22 223 85 170 0.0170824
23 223 85 170 0.0184581
24 223 85 170 0.0224424
25 223 85 170 0.0311352
26 223 85 170 0.0388727
27 223 85 170 0.044446
28 223 85 170 0.051441
29 223 85 170 0.055228
30 223 85 170 0.0475929
31 223 85 170 0.0336461
32 223 85 170 0.0221024
33 223 85 170 0.0145106
34 223 85 170 0.0101633
21 224 85 170 0.0136325
22 224 85 170 0.0180167
23 224 85 170 0.0189115
24 224 85 170 0.0229492
25 224 85 170 0.0323441
26 224 85 170 0.0396801
27 224 85 170 0.0437505
28 224 85 170 0.0500244
29 224 85 170 0.053876
30 224 85 170 0.046014
31 224 85 170 0.0319566
32 224 85 170 0.0210721
33 224 85 170 0.0141452
21 225 85 170 0.0143098
22 225 85 170 0.0186633
23 225 85 170 0.0192724
24 225 85 170 0.0232384
25 225 85 170 0.0328564
26 225 85 170 0.0400181
27 225 85 170 0.0433898
28 225 85 170 0.0489652
29 225 85 170 0.052382
30 225 85 170 0.0444145
31 225 85 170 0.0306159
32 225 85 170 0.0202875
33 225 85 170 0.0137987
21 226 85 170 0.0146877
22 226 85 170 0.0189234
23 226 85 170 0.0195479
24 226 85 170 0.0232765
25 226 85 170 0.0324331
26 226 85 170 0.0397493
27 226 85 170 0.0435614
28 226 85 170 0.0483964
29 226 85 170 0.050585
30 226 85 170 0.0427022
31 226 85 170 0.0297239
32 226 85 170 0.0197566
33 226 85 170 0.0133608
21 227 85 170 0.0149624
22 227 85 170 0.0190451
23 227 85 170 0.0198726
24 227 85 170 0.023298
25 227 85 170 0.0316435
26 227 85 170 0.0393309
27 227 85 170 0.0442275
28 227 85 170 0.0482453
29 227 85 170 0.0486881
30 227 85 170 0.0409765
31 227 85 170 0.0291343
32 227 85 170 0.0193873
33 227 85 170 0.0128645
21 228 85 170 0.0153882
22 228 85 170 0.0193493
23 228 85 170 0.0204078
24 228 85 170 0.0235935
25 228 85 170 0.0312266
26 228 85 170 0.0393444
27 228 85 170 0.0453016
28 228 85 170 0.048396
29 228 85 170 0.0469701
30 228 85 170 0.0393773
31 228 85 170 0.0286488
32 228 85 170 0.0190665
33 228 85 170 0.0123728
20 229 85 170 0.0105158
21 229 85 170 0.0162196
22 229 85 170 0.0201566
23 229 85 170 0.0213149
24 229 85 170 0.0244535
25 229 85 170 0.031921
26 229 85 170 0.0403713
27 229 85 170 0.0466968
28 229 85 170 0.0487328
29 229 85 170 0.0457101
30 229 85 170 0.0380441
31 229 85 170 0.0280694
32 229 85 170 0.0186812
33 229 85 170 0.0119487
20 230 85 170 0.0115909
21 230 85 170 0.0177054
22 230 85 170 0.0217813
23 230 85 170 0.0227517
24 230 85 170 0.0261624
25 230 85 170 0.0344501
26 230 85 170 0.0429801
27 230 85 170 0.048326
28 230 85 170 0.0491404
29 230 85 170 0.045181
30 230 85 170 0.0371133
31 230 85 170 0.0272004
32 230 85 170 0.01812
33 230 85 170 0.0116541
20 231 85 170 0.0129108
21 231 85 170 0.0198318
22 231 85 170 0.0242252
23 231 85 170 0.0247164
24 231 85 170 0.0287248
25 231 85 170 0.038832
26 231 85 170 0.0471415
27 231 85 170 0.0500838
28 231 85 170 0.0495388
29 231 85 170 0.045377
30 231 85 170 0.0365577
31 231 85 170 0.0259662
32 231 85 170 0.0173392
33 231 85 170 0.0114913
20 232 85 170 0.0142956
21 232 85 170 0.0222187
22 232 85 170 0.027055
23 232 85 170 0.0269844
24 232 85 170 0.0317542
25 232 85 170 0.0440995
26 232 85 170 0.0519909
27 232 85 170 0.0518393
28 232 85 170 0.0498968
29 232 85 170 0.0459027
30 232 85 170 0.0361224
31 232 85 170 0.0244579
32 232 85 170 0.0163908
33 232 85 170 0.0113798
20 233 85 170 0.0155539
21 233 85 170 0.0244586
22 233 85 170 0.0298048
23 233 85 170 0.0293143
24 233 85 170 0.034835
25 233 85 170 0.049212
26 233 85 170 0.0566014
27 233 85 170 0.0534598
28 233 85 170 0.0501867
29 233 85 170 0.0463335
30 233 85 170 0.0355353
31 233 85 170 0.0227794
32 233 85 170 0.0153333
33 233 85 170 0.011233
20 234 85 170 0.0164947
21 234 85 170 0.0261439
22 234 85 170 0.0320088
23 234 85 170 0.0314648
24 234 85 170 0.0375515
25 234 85 170 0.0531291
26 234 85 170 0.0600466
27 234 85 170 0.0548123
28 234 85 170 0.0503809
29 234 85 170 0.0462451
30 234 85 170 0.0345247
31 234 85 170 0.0210344
32 234 85 170 0.0142256
33 234 85 170 0.0109643
20 235 85 170 0.0169474
21 235 85 170 0.0269097
22 235 85 170 0.0332457
23 235 85 170 0.0332102
24 235 85 170 0.039521
25 235 85 170 0.0549145
26 235 85 170 0.0614953
27 235 85 170 0.0557765
28 235 85 170 0.0504558
29 235 85 170 0.0452647
30 235 85 170 0.0328586
31 235 85 170 0.0193279
32 235 85 170 0.013128
33 235 85 170 0.0104992
20 236 85 170 0.0169655
21 236 85 170 0.0268494
22 236 85 170 0.0335784
23 236 85 170 0.0344913
24 236 85 170 0.0407168
25 236 85 170 0.0547592
26 236 85 170 0.0611524
27 236 85 170 0.0563639
28 236 85 170 0.0504318
29 236 85 170 0.0435783
30 236 85 170 0.0307407
31 236 85 170 0.0177789
32 236 85 170 0.012119
20 237 85 170 0.0167399
21 237 85 170 0.0263377
22 237 85 170 0.0333661
23 237 85 170 0.0353512
24 237 85 170 0.0413303
25 237 85 170 0.0535447
26 237 85 170 0.0598572
27 237 85 170 0.0566673
28 237 85 170 0.0503558
29 237 85 170 0.0417138
30 237 85 170 0.0286412
31 237 85 170 0.0165146
32 237 85 170 0.0112876
20 238 85 170 0.0164631
21 238 85 170 0.0257531
22 238 85 170 0.0329722
23 238 85 170 0.0358345
24 238 85 170 0.0415558
25 238 85 170 0.0521624
26 238 85 170 0.0584579
27 238 85 170 0.0567805
28 238 85 170 0.0502754
29 238 85 170 0.0402043
30 238 85 170 0.0270339
31 238 85 170 0.0156625
32 238 85 170 0.0107232
20 239 85 170 0.016328
21 239 85 170 0.0254741
22 239 85 170 0.0327601
23 239 85 170 0.0359857
24 239 85 170 0.0415877
25 239 85 170 0.0515035
26 239 85 170 0.057803
27 239 85 170 0.0567973
28 239 85 170 0.0502381
29 239 85 170 0.0395827
30 239 85 170 0.0263928
31 239 85 170 0.0153502
32 239 85 170 0.0105152
62 0 64 128 0.0100998
63 0 64 128 0.0138948
64 0 64 128 0.0183314
65 0 64 128 0.0185141
66 0 64 128 0.0170277
67 0 64 128 0.0156998
68 0 64 128 0.0151638
69 0 64 128 0.0137702
70 0 64 128 0.010136
102 0 64 128 0.0113697
103 0 64 128 0.015035
104 0 64 128 0.0205009
105 0 64 128 0.0215661
106 0 64 128 0.0228012
107 0 64 128 0.0227144
108 0 64 128 0.0218134
109 0 64 128 0.022731
110 0 64 128 0.0254302
111 0 64 128 0.0265286
112 0 64 128 0.0257696
113 0 64 128 0.029163
114 0 64 128 0.034226
115 0 64 128 0.030748
116 0 64 128 0.024959
117 0 64 128 0.0195115
118 0 64 128 0.0168892
119 0 64 128 0.016307
120 0 64 128 0.0150449
121 0 64 128 0.0176491
122 0 64 128 0.0183979
123 0 64 128 0.0186292
124 0 64 128 0.020891
125 0 64 128 0.0236614
126 0 64 128 0.0316915
127 0 64 128 0.0342439
128 0 64 128 0.03538
129 0 64 128 0.0409269
130 0 64 128 0.0435764
131 0 64 128 0.0421337
132 0 64 128 0.03432
133 0 64 128 0.0288163
134 0 64 128 0.0293827
135 0 64 128 0.0270007
136 0 64 128 0.0229837
137 0 64 128 0.0181459
138 0 64 128 0.0161727
139 0 64 128 0.0166775
140 0 64 128 0.014176
141 0 64 128 0.01175
151 0 64 128 0.0102246
293 0 64 128 0.0115606
294 0 64 128 0.0126008
295 0 64 128 0.0124725
296 0 64 128 0.0121117
297 0 64 128 0.011941
298 0 64 128 0.0117153
299 0 64 128 0.010899
312 0 64 128 0.0102245
313 0 64 128 0.0109738
314 0 64 128 0.0126515
315 0 64 128 0.0142725
316 0 64 128 0.0165996
317 0 64 128 0.0170233
318 0 64 128 0.0172346
319 0 64 128 0.0192822
62 1 64 128 0.010273
63 1 64 128 0.0146938
64 1 64 128 0.0196233
65 1 64 128 0.0202164
66 1 64 128 0.0183729
67 1 64 128 0.0170586
68 1 64 128 0.0165696
69 1 64 128 0.0150018
70 1 64 128 0.0113399
102 1 64 128 0.0106707
103 1 64 128 0.0141226
104 1 64 128 0.0194594
105 1 64 128 0.0197953
106 1 64 128 0.021953
107 1 64 128 0.022204
108 1 64 128 0.0209638
109 1 64 128 0.0217953
110 1 64 128 0.0243203
111 1 64 128 0.0257647
112 1 64 128 0.0250208
113 1 64 128 0.027979
114 1 64 128 0.0327438
115 1 64 128 0.0293277
116 1 64 128 0.0237397
117 1 64 128 0.0185777
118 1 64 128 0.0160206
119 1 64 128 0.015225
120 1 64 128 0.0137859
121 1 64 128 0.0161406
122 1 64 128 0.0169395
123 1 64 128 0.0172581
124 1 64 128 0.0198095
125 1 64 128 0.023133
126 1 64 128 0.029733
127 1 64 128 0.0318479
128 1 64 128 0.0328661
129 1 64 128 0.0372467
130 1 64 128 0.0396555
131 1 64 128 0.0389258
132 1 64 128 0.0313789
133 1 64 128 0.0258351
134 1 64 128 0.0264648
135 1 64 128 0.0239319
136 1 64 128 0.020532
137 1 64 128 0.016406
138 1 64 128 0.0143946
139 1 64 128 0.014615
140 1 64 128 0.0125994
141 1 64 128 0.010568
293 1 64 128 0.0112423
294 1 64 128 0.0121752
295 1 64 128 0.0121945
296 1 64 128 0.0120923
297 1 64 128 0.0121893
298 1 64 128 0.0122194
299 1 64 128 0.0116281
300 1 64 128 0.0100597
312 1 64 128 0.0101071
313 1 64 128 0.0110231
314 1 64 128 0.0127053
315 1 64 128 0.0139758
316 1 64 128 0.016229
317 1 64 128 0.0166537
318 1 64 128 0.0164682
319 1 64 128 0.0180766
62 2 64 128 0.010296
63 2 64 128 0.0157299
64 2 64 128 0.0216035
65 2 64 128 0.0231689
66 2 64 128 0.0215513
67 2 64 128 0.0204585
68 2 64 128 0.019687
69 2 64 128 0.0176908
70 2 64 128 0.0141779
102 2 64 128 0.0107119
103 2 64 128 0.0142102
104 2 64 128 0.0193579
105 2 64 128 0.0188296
106 2 64 128 0.0222532
107 2 64 128 0.0232204
108 2 64 128 0.0215788
109 2 64 128 0.0222486
110 2 64 128 0.0249908
111 2 64 128 0.0265935
112 2 64 128 0.0260469
113 2 64 128 0.0283267
114 2 64 128 0.0323092
115 2 64 128 0.0295961
116 2 64 128 0.0232133
117 2 64 128 0.0176848
118 2 64 128 0.0151378
119 2 64 128 0.0139706
120 2 64 128 0.0125508
121 2 64 128 0.0143948
122 2 64 128 0.015124
123 2 64 128 0.0156519
124 2 64 128 0.018884
125 2 64 128 0.0232531
126 2 64 128 0.0272379
127 2 64 128 0.0286728
128 2 64 128 0.0299126
129 2 64 128 0.0326934
130 2 64 128 0.0345893
131 2 64 128 0.0342862
132 2 64 128 0.026715
133 2 64 128 0.0209361
134 2 64 128 0.021564
135 2 64 128 0.0189697
136 2 64 128 0.0165139
137 2 64 128 0.0135085
138 2 64 128 0.0114273
139 2 64 128 0.0110696
293 2 64 128 0.0108503
294 2 64 128 0.0116786
295 2 64 128 0.0119927
296 2 64 128 0.0123058
297 2 64 128 0.0129797
298 2 64 128 0.0134232
299 2 64 128 0.0128581
300 2 64 128 0.0114574
313 2 64 128 0.0110461
314 2 64 128 0.0127018
315 2 64 128 0.0135368
316 2 64 128 0.0154145
317 2 64 128 0.0156797
318 2 64 128 0.0149066
319 2 64 128 0.0157
63 3 64 128 0.0152977
64 3 64 128 0.0218388
65 3 64 128 0.024556
66 3 64 128 0.0252458
67 3 64 128 0.0247956
68 3 64 128 0.0229609
69 3 64 128 0.0204277
70 3 64 128 0.0174971
71 3 64 128 0.0118477
101 3 64 128 0.0110209
102 3 64 128 0.0139269
103 3 64 128 0.0185217
104 3 64 128 0.0236941
105 3 64 128 0.0237533
106 3 64 128 0.0269319
107 3 64 128 0.0285673
108 3 64 128 0.0271938
109 3 64 128 0.027722
110 3 64 128 0.0318342
111 3 64 128 0.0324086
112 3 64 128 0.0324317
113 3 64 128 0.0345793
114 3 64 128 0.0374637
115 3 64 128 0.0365566
116 3 64 128 0.0269131
117 3 64 128 0.0190667
118 3 64 128 0.0162938
119 3 64 128 0.0149535
120 3 64 128 0.0143643
121 3 64 128 0.0157763
122 3 64 128 0.0161055
123 3 64 128 0.0168854
124 3 64 128 0.0208945
125 3 64 128 0.026036
126 3 64 128 0.0284406
127 3 64 128 0.0297886
128 3 64 128 0.0322726
129 3 64 128 0.0353431
130 3 64 128 0.0366499
131 3 64 128 0.0344589
132 3 64 128 0.0256215
133 3 64 128 0.0192737
134 3 64 128 0.0195932
135 3 64 128 0.0174764
136 3 64 128 0.0151304
137 3 64 128 0.0123771
138 3 64 128 0.0102695
293 3 64 128 0.0110694
294 3 64 128 0.0120618
295 3 64 128 0.0126222
296 3 64 128 0.0130835
297 3 64 128 0.0143259
298 3 64 128 0.0149136
299 3 64 128 0.0135051
300 3 64 128 0.0122803
313 3 64 128 0.0108961
314 3 64 128 0.0124666
315 3 64 128 0.0135321
316 3 64 128 0.0145867
317 3 64 128 0.0143412
318 3 64 128 0.0135262
319 3 64 128 0.0137949
63 4 64 128 0.0138368
64 4 64 128 0.0205085
65 4 64 128 0.0242172
66 4 64 128 0.02794
67 4 64 128 0.0283982
68 4 64 128 0.0254416
69 4 64 128 0.0224367
70 4 64 128 0.0201953
71 4 64 128 0.0148017
101 4 64 128 0.013069
102 4 64 128 0.0178211
103 4 64 128 0.0238255
104 4 64 128 0.029361
105 4 64 128 0.0305002
106 4 64 128 0.0326135
107 4 64 128 0.0345655
108 4 64 128 0.0336304
109 4 64 128 0.0338168
110 4 64 128 0.0389927
111 4 64 128 0.0383985
112 4 64 128 0.0393136
113 4 64 128 0.0416989
114 4 64 128 0.0433443
115 4 64 128 0.0438
116 4 64 128 0.0309565
117 4 64 128 0.0209502
118 4 64 128 0.0181531
119 4 64 128 0.0169036
120 4 64 128 0.0172319
121 4 64 128 0.0185211
122 4 64 128 0.0186721
123 4 64 128 0.0196658
124 4 64 128 0.0241716
125 4 64 128 0.0300347
126 4 64 128 0.0322465
127 4 64 128 0.0342153
128 4 64 128 0.0385041
129 4 64 128 0.0427276
130 4 64 128 0.0428145
131 4 64 128 0.037834
132 4 64 128 0.0273662
133 4 64 128 0.0201894
134 4 64 128 0.0199427
135 4 64 128 0.0184138
136 4 64 128 0.015454
137 4 64 128 0.0123696
138 4 64 128 0.010405
293 4 64 128 0.0115654
294 4 64 128 0.0128765
295 4 64 128 0.0136092
296 4 64 128 0.0142666
297 4 64 128 0.0158934
298 4 64 128 0.0165944
299 4 64 128 0.0147249
300 4 64 128 0.0132373
301 4 64 128 0.0100497
313 4 64 128 0.0106859
314 4 64 128 0.0122864
315 4 64 128 0.0139038
316 4 64 128 0.0140779
317 4 64 128 0.013118
318 4 64 128 0.0124757
319 4 64 128 0.0126153
63 5 64 128 0.0125383
64 5 64 128 0.0187646
65 5 64 128 0.0230033
66 5 64 128 0.0282414
67 5 64 128 0.0295774
68 5 64 128 0.0265069
69 5 64 128 0.0232894
70 5 64 128 0.0213366
71 5 64 128 0.0162186
72 5 64 128 0.0111025
101 5 64 128 0.0137275
102 5 64 128 0.018446
103 5 64 128 0.0249502
104 5 64 128 0.0312071
105 5 64 128 0.0321925
106 5 64 128 0.033953
107 5 64 128 0.0356486
108 5 64 128 0.0344383
109 5 64 128 0.0337916
110 5 64 128 0.037697
111 5 64 128 0.0374208
112 5 64 128 0.0393685
113 5 64 128 0.0418749
114 5 64 128 0.0423679
115 5 64 128 0.0416908
116 5 64 128 0.0293166
117 5 64 128 0.0203391
118 5 64 128 0.0183173
119 5 64 128 0.0173836
120 5 64 128 0.0175957
121 5 64 128 0.0192241
122 5 64 128 0.0201391
123 5 64 128 0.0212328
124 5 64 128 0.025616
125 5 64 128 0.0326524
126 5 64 128 0.0356614
127 5 64 128 0.0387586
128 5 64 128 0.0445106
129 5 64 128 0.0486245
130 5 64 128 0.0462342
131 5 64 128 0.0400287
132 5 64 128 0.028992
133 5 64 128 0.0209183
134 5 64 128 0.0200123
135 5 64 128 0.0184986
136 5 64 128 0.014799
137 5 64 128 0.0116242
138 5 64 128 0.0100799
293 5 64 128 0.0116888
294 5 64 128 0.0132382
295 5 64 128 0.0141019
296 5 64 128 0.0155289
297 5 64 128 0.0172723
298 5 64 128 0.0185028
299 5 64 128 0.0182879
300 5 64 128 0.0156176
301 5 64 128 0.0114366
313 5 64 128 0.0105958
314 5 64 128 0.0125497
315 5 64 128 0.0143342
316 5 64 128 0.0141189
317 5 64 128 0.0125233
318 5 64 128 0.0116009
319 5 64 128 0.0118715
0 6 64 128 0.0115575
1 6 64 128 0.0118181
2 6 64 128 0.0105645
63 6 64 128 0.0116434
64 6 64 128 0.0172045
65 6 64 128 0.0214425
66 6 64 128 0.0268933
67 6 64 128 0.0288151
68 6 64 128 0.0264843
69 6 64 128 0.023607
70 6 64 128 0.0215305
71 6 64 128 0.0165587
72 6 64 128 0.0116784
101 6 64 128 0.0134507
102 6 64 128 0.0169217
103 6 64 128 0.02299
104 6 64 128 0.0298542
105 6 64 128 0.0301794
106 6 64 128 0.0321794
107 6 64 128 0.0331878
108 6 64 128 0.0311383
109 6 64 128 0.0294345
110 6 64 128 0.0309008
111 6 64 128 0.03172
112 6 64 128 0.0342584
113 6 64 128 0.0370137
114 6 64 128 0.0372034
115 6 64 128 0.0338108
116 6 64 128 0.0240527
117 6 64 128 0.0179241
118 6 64 128 0.0172028
119 6 64 128 0.0168805
120 6 64 128 0.0161935
121 6 64 128 0.0184043
122 6 64 128 0.0203684
123 6 64 128 0.0214308
124 6 64 128 0.025472
125 6 64 128 0.0334993
126 6 64 128 0.0377109
127 6 64 128 0.0419124
128 6 64 128 0.0479833
129 6 64 128 0.0508607
130 6 64 128 0.0464588
131 6 64 128 0.0399175
132 6 64 128 0.0290217
133 6 64 128 0.0205398
134 6 64 128 0.0190636
135 6 64 128 0.0172585
136 6 64 128 0.0131637
137 6 64 128 0.0101724
293 6 64 128 0.0116778
294 6 64 128 0.0134541
295 6 64 128 0.014349
296 6 64 128 0.0168054
297 6 64 128 0.0187022
298 6 64 128 0.0207695
299 6 64 128 0.0231712
300 6 64 128 0.019012
301 6 64 128 0.0132527
312 6 64 128 0.010145
313 6 64 128 0.0104414
314 6 64 128 0.012804
315 6 64 128 0.0143939
316 6 64 128 0.0142751
317 6 64 128 0.0124323
318 6 64 128 0.0109735
319 6 64 128 0.0112828
0 7 64 128 0.0120283
1 7 64 128 0.0124088
2 7 64 128 0.0113671
63 7 64 128 0.0108413
64 7 64 128 0.016089
65 7 64 128 0.0198799
66 7 64 128 0.02584
67 7 64 128 0.0278366
68 7 64 128 0.0262402
69 7 64 128 0.0245592
70 7 64 128 0.0222314
71 7 64 128 0.0174859
72 7 64 128 0.0124834
100 7 64 128 0.0101083
101 7 64 128 0.013916
102 7 64 128 0.0171864
103 7 64 128 0.0225487
104 7 64 128 0.029174
105 7 64 128 0.0304109
106 7 64 128 0.0321857
107 7 64 128 0.0324328
108 7 64 128 0.0297258
109 7 64 128 0.0273194
110 7 64 128 0.0281099
111 7 64 128 0.0287989
112 7 64 128 0.0307271
113 7 64 128 0.0344855
114 7 64 128 0.0362018
115 7 64 128 0.0311022
116 7 64 128 0.0217521
117 7 64 128 0.0164828
118 7 64 128 0.0168074
119 7 64 128 0.017504
120 7 64 128 0.01618
121 7 64 128 0.0187916
122 7 64 128 0.0206874
123 7 64 128 0.0216109
124 7 64 128 0.025882
125 7 64 128 0.0334705
126 7 64 128 0.0386137
127 7 64 128 0.0431998
128 7 64 128 0.0477754
129 7 64 128 0.0497236
130 7 64 128 0.046703
131 7 64 128 0.0383111
132 7 64 128 0.0269249
133 7 64 128 0.0192391
134 7 64 128 0.0174703
135 7 64 128 0.0158628
136 7 64 128 0.0120832
293 7 64 128 0.0122489
294 7 64 128 0.0144789
295 7 64 128 0.0152038
296 7 64 128 0.0181708
297 7 64 128 0.0207624
298 7 64 128 0.0235489
299 7 64 128 0.0267882
300 7 64 128 0.0220484
301 7 64 128 0.0149131
314 7 64 128 0.0121463
315 7 64 128 0.0136223
316 7 64 128 0.0137536
317 7 64 128 0.0123477
318 7 64 128 0.0107792
319 7 64 128 0.0105857
0 8 64 128 0.010763
1 8 64 128 0.011599
2 8 64 128 0.0108187
63 8 64 128 0.0101824
64 8 64 128 0.0156149
65 8 64 128 0.018884
66 8 64 128 0.0255115
67 8 64 128 0.0272392
68 8 64 128 0.0260733
69 8 64 128 0.0257881
70 8 64 128 0.0233298
71 8 64 128 0.018837
72 8 64 128 0.0134474
100 8 64 128 0.0106463
101 8 64 128 0.0147258
102 8 64 128 0.0188864
103 8 64 128 0.0234244
104 8 64 128 0.0288963
105 8 64 128 0.0323757
106 8 64 128 0.0334684
107 8 64 128 0.033178
108 8 64 128 0.0302779
109 8 64 128 0.0276359
110 8 64 128 0.0295805
111 8 64 128 0.0289849
112 8 64 128 0.0295634
113 8 64 128 0.0346216
114 8 64 128 0.0387145
115 8 64 128 0.0335804
116 8 64 128 0.0227816
117 8 64 128 0.0163773
118 8 64 128 0.0170607
119 8 64 128 0.0188118
120 8 64 128 0.0176209
121 8 64 128 0.0203491
122 8 64 128 0.0212026
123 8 64 128 0.0220278
124 8 64 128 0.0268999
125 8 64 128 0.0326944
126 8 64 128 0.0381837
127 8 64 128 0.0423967
128 8 64 128 0.0443937
129 8 64 128 0.0460166
130 8 64 128 0.0467659
131 8 64 128 0.0356108
132 8 64 128 0.0232517
133 8 64 128 0.0171429
134 8 64 128 0.0154669
135 8 64 128 0.0145642
136 8 64 128 0.0116425
293 8 64 128 0.0130633
294 8 64 128 0.0159682
295 8 64 128 0.0164432
296 8 64 128 0.0193844
297 8 64 128 0.0230708
298 8 64 128 0.026373
299 8 64 128 0.0287084
300 8 64 128 0.0244255
301 8 64 128 0.0164612
302 8 64 128 0.0105588
314 8 64 128 0.0107032
315 8 64 128 0.012235
316 8 64 128 0.0125367
317 8 64 128 0.0119717
318 8 64 128 0.0107738
0 9 64 128 0.0117854
1 9 64 128 0.0126098
2 9 64 128 0.011706
63 9 64 128 0.0100387
64 9 64 128 0.0159142
65 9 64 128 0.0192034
66 9 64 128 0.0249762
67 9 64 128 0.0266046
68 9 64 128 0.0257796
69 9 64 128 0.0256005
70 9 64 128 0.0233401
71 9 64 128 0.0188345
72 9 64 128 0.0135526
101 9 64 128 0.0136491
102 9 64 128 0.0178552
103 9 64 128 0.0211453
104 9 64 128 0.025082
105 9 64 128 0.0298269
106 9 64 128 0.0307375
107 9 64 128 0.0303673
108 9 64 128 0.0275974
109 9 64 128 0.0248819
110 9 64 128 0.0273191
111 9 64 128 0.0262036
112 9 64 128 0.0262268
113 9 64 128 0.0314708
114 9 64 128 0.0360914
115 9 64 128 0.0315174
116 9 64 128 0.0219429
117 9 64 128 0.0157979
118 9 64 128 0.0160484
119 9 64 128 0.0180973
120 9 64 128 0.0178143
121 9 64 128 0.0205614
122 9 64 128 0.0209177
123 9 64 128 0.0219375
124 9 64 128 0.0267045
125 9 64 128 0.0306091
126 9 64 128 0.0358729
127 9 64 128 0.0395068
128 9 64 128 0.0398007
129 9 64 128 0.0409727
130 9 64 128 0.0434025
131 9 64 128 0.0318365
132 9 64 128 0.0194975
133 9 64 128 0.0143224
134 9 64 128 0.0131537
135 9 64 128 0.0127863
136 9 64 128 0.0106283
293 9 64 128 0.0128546
294 9 64 128 0.0164265
295 9 64 128 0.0168868
296 9 64 128 0.0199261
297 9 64 128 0.0243973
298 9 64 128 0.0282305
299 9 64 128 0.030431
300 9 64 128 0.0267974
301 9 64 128 0.0184895
302 9 64 128 0.0119022
315 9 64 128 0.0110432
316 9 64 128 0.0112994
317 9 64 128 0.0111954
318 9 64 128 0.0103363
0 10 64 128 0.015454
1 10 64 128 0.0157197
2 10 64 128 0.0144508
3 10 64 128 0.0122896
4 10 64 128 0.0105358
63 10 64 128 0.0103401
64 10 64 128 0.0166052
65 10 64 128 0.0206241
66 10 64 128 0.0239602
67 10 64 128 0.0261004
68 10 64 128 0.0257923
69 10 64 128 0.024201
70 10 64 128 0.0224972
71 10 64 128 0.0175371
72 10 64 128 0.0128578
101 10 64 128 0.0104675
102 10 64 128 0.0133732
103 10 64 128 0.0152327
104 10 64 128 0.0178175
105 10 64 128 0.0220641
106 10 64 128 0.0234125
107 10 64 128 0.0233049
108 10 64 128 0.0208436
109 10 64 128 0.0181337
110 10 64 128 0.019614
111 10 64 128 0.0192569
112 10 64 128 0.0199358
113 10 64 128 0.0239297
114 10 64 128 0.0265444
115 10 64 128 0.0225473
116 10 64 128 0.0176283
117 10 64 128 0.0140206
118 10 64 128 0.0133564
119 10 64 128 0.0147805
120 10 64 128 0.0157548
121 10 64 128 0.0184657
122 10 64 128 0.0193642
123 10 64 128 0.0208564
124 10 64 128 0.0245956
125 10 64 128 0.0272722
126 10 64 128 0.0318567
127 10 64 128 0.0350372
128 10 64 128 0.0352359
129 10 64 128 0.0356569
130 10 64 128 0.0364411
131 10 64 128 0.0274269
132 10 64 128 0.0165352
133 10 64 128 0.0112904
134 10 64 128 0.0108041
135 10 64 128 0.0106008
293 10 64 128 0.0114911
294 10 64 128 0.0154139
295 10 64 128 0.0161087
296 10 64 128 0.0195756
297 10 64 128 0.0243661
298 10 64 128 0.0288288
299 10 64 128 0.0322595
300 10 64 128 0.0289866
301 10 64 128 0.0207163
302 10 64 128 0.0135495
315 10 64 128 0.0102768
316 10 64 128 0.0103392
317 10 64 128 0.0101082
0 11 64 128 0.0170649
1 11 64 128 0.0171435
2 11 64 128 0.0161948
3 11 64 128 0.0138901
4 11 64 128 0.0116512
5 11 64 128 0.0103411
63 11 64 128 0.0104098
64 11 64 128 0.0166238
65 11 64 128 0.0216343
66 11 64 128 0.0231362
67 11 64 128 0.0267234
68 11 64 128 0.027415
69 11 64 128 0.0243953
70 11 64 128 0.0233987
71 11 64 128 0.0175346
72 11 64 128 0.0129065
103 11 64 128 0.0107588
104 11 64 128 0.0127521
105 11 64 128 0.0160888
106 11 64 128 0.0174484
107 11 64 128 0.0173667
108 11 64 128 0.0152624
109 11 64 128 0.0128721
110 11 64 128 0.0135634
111 11 64 128 0.0137851
112 11 64 128 0.0151968
113 11 64 128 0.0176894
114 11 64 128 0.0178631
115 11 64 128 0.0146371
116 11 64 128 0.0133095
117 11 64 128 0.011883
118 11 64 128 0.0106686
119 11 64 128 0.0112406
120 11 64 128 0.0128465
121 11 64 128 0.015303
122 11 64 128 0.0168376
123 11 64 128 0.0187012
124 11 64 128 0.0214683
125 11 64 128 0.0236062
126 11 64 128 0.0272977
127 11 64 128 0.0301599
128 11 64 128 0.030899
129 11 64 128 0.0308854
130 11 64 128 0.0299727
131 11 64 128 0.0234002
132 11 64 128 0.0143551
293 11 64 128 0.0104046
294 11 64 128 0.0139617
295 11 64 128 0.0147419
296 11 64 128 0.0185281
297 11 64 128 0.0237872
298 11 64 128 0.0288635
299 11 64 128 0.0328042
300 11 64 128 0.0296599
301 11 64 128 0.0216668
302 11 64 128 0.0143624
0 12 64 128 0.0146192
1 12 64 128 0.0152387
2 12 64 128 0.015517
3 12 64 128 0.013521
4 12 64 128 0.011041
5 12 64 128 0.0102199
64 12 64 128 0.0154844
65 12 64 128 0.0213444
66 12 64 128 0.0229233
67 12 64 128 0.0285657
68 12 64 128 0.03058
69 12 64 128 0.0270761
70 12 64 128 0.0266036
71 12 64 128 0.0197059
72 12 64 128 0.014211
73 12 64 128 0.0103552
103 12 64 128 0.010279
104 12 64 128 0.0125227
105 12 64 128 0.0153899
106 12 64 128 0.0158856
107 12 64 128 0.0153733
108 12 64 128 0.0135951
109 12 64 128 0.0118672
110 12 64 128 0.0128223
111 12 64 128 0.0126873
112 12 64 128 0.0141474
113 12 64 128 0.0156766
114 12 64 128 0.0144953
115 12 64 128 0.0122478
116 12 64 128 0.0110575
120 12 64 128 0.0102183
121 12 64 128 0.012204
122 12 64 128 0.0138624
123 12 64 128 0.015798
124 12 64 128 0.018261
125 12 64 128 0.0203639
126 12 64 128 0.0232138
127 12 64 128 0.0258872
128 12 64 128 0.027026
129 12 64 128 0.0271734
130 12 64 128 0.0264764
131 12 64 128 0.020379
132 12 64 128 0.0128093
293 12 64 128 0.0102724
294 12 64 128 0.0127966
295 12 64 128 0.0132983
296 12 64 128 0.0170691
297 12 64 128 0.0231303
298 12 64 128 0.0286314
299 12 64 128 0.0315132
300 12 64 128 0.0284686
301 12 64 128 0.0208739
302 12 64 128 0.0139545
0 13 64 128 0.0123292
1 13 64 128 0.0132893
2 13 64 128 0.0143806
3 13 64 128 0.0127591
4 13 64 128 0.0104224
5 13 64 128 0.0100829
64 13 64 128 0.0139728
65 13 64 128 0.0203116
66 13 64 128 0.0230914
67 13 64 128 0.0297658
68 13 64 128 0.0323145
69 13 64 128 0.028884
70 13 64 128 0.0281973
71 13 64 128 0.0210965
72 13 64 128 0.0149791
73 13 64 128 0.0106811
103 13 64 128 0.0104496
104 13 64 128 0.0128615
105 13 64 128 0.015232
106 13 64 128 0.0149188
107 13 64 128 0.0140954
108 13 64 128 0.0126318
109 13 64 128 0.0114766
110 13 64 128 0.0128038
111 13 64 128 0.0123253
112 13 64 128 0.0133653
113 13 64 128 0.0142405
114 13 64 128 0.0127421
115 13 64 128 0.0112548
122 13 64 128 0.0113195
123 13 64 128 0.0132461
124 13 64 128 0.0157721
125 13 64 128 0.0178314
126 13 64 128 0.0201877
127 13 64 128 0.0228133
128 13 64 128 0.0240751
129 13 64 128 0.02446
130 13 64 128 0.0245526
131 13 64 128 0.0181014
132 13 64 128 0.0115953
293 13 64 128 0.0100171
294 13 64 128 0.0118181
295 13 64 128 0.0118937
296 13 64 128 0.0156068
297 13 64 128 0.0220051
298 13 64 128 0.0274796
299 13 64 128 0.029776
300 13 64 128 0.0272264
301 13 64 128 0.0200856
302 13 64 128 0.0136013
0 14 64 128 0.0133029
1 14 64 128 0.0137011
2 14 64 128 0.0142672
3 14 64 128 0.0128083
4 14 64 128 0.0110112
5 14 64 128 0.0109417
64 14 64 128 0.0127606
65 14 64 128 0.019045
66 14 64 128 0.023251
67 14 64 128 0.029027
68 14 64 128 0.0308029
69 14 64 128 0.0276038
70 14 64 128 0.0256017
71 14 64 128 0.0196296
72 14 64 128 0.0139893
104 14 64 128 0.0103899
105 14 64 128 0.0118704
106 14 64 128 0.0115059
107 14 64 128 0.0109055
112 14 64 128 0.0101917
113 14 64 128 0.0104833
123 14 64 128 0.0117614
124 14 64 128 0.0143631
125 14 64 128 0.0160079
126 14 64 128 0.0183532
127 14 64 128 0.0210443
128 14 64 128 0.0221348
129 14 64 128 0.0223676
130 14 64 128 0.0225596
131 14 64 128 0.0161524
132 14 64 128 0.0104165
294 14 64 128 0.010893
295 14 64 128 0.010657
296 14 64 128 0.0144981
297 14 64 128 0.0202802
298 14 64 128 0.0251703
299 14 64 128 0.0286908
300 14 64 128 0.027327
301 14 64 128 0.0207636
302 14 64 128 0.0143836
303 14 64 128 0.0103478
0 15 64 128 0.0148171
1 15 64 128 0.0142469
2 15 64 128 0.0138594
3 15 64 128 0.0126428
4 15 64 128 0.0114515
5 15 64 128 0.0113923
51 15 64 128 0.0108752
64 15 64 128 0.0116754
65 15 64 128 0.0173516
66 15 64 128 0.0227595
67 15 64 128 0.0275692
68 15 64 128 0.0289714
69 15 64 128 0.0262322
70 15 64 128 0.0221389
71 15 64 128 0.0174424
72 15 64 128 0.012688
123 15 64 128 0.0105608
124 15 64 128 0.0130769
125 15 64 128 0.0141684
126 15 64 128 0.0165994
127 15 64 128 0.0193142
128 15 64 128 0.0200467
129 15 64 128 0.0197427
130 15 64 128 0.0195696
131 15 64 128 0.013972
294 15 64 128 0.0100999
296 15 64 128 0.0138908
297 15 64 128 0.0189654
298 15 64 128 0.0231319
299 15 64 128 0.0277035
300 15 64 128 0.0280228
301 15 64 128 0.0226297
302 15 64 128 0.0161384
303 15 64 128 0.0114803
0 16 64 128 0.0138809
1 16 64 128 0.0125935
2 16 64 128 0.0118631
3 16 64 128 0.0112428
4 16 64 128 0.0103992
5 16 64 128 0.0100982
50 16 64 128 0.0101668
51 16 64 128 0.0115973
64 16 64 128 0.0104618
65 16 64 128 0.0150691
66 16 64 128 0.0210981
67 16 64 128 0.0267108
68 16 64 128 0.0296639
69 16 64 128 0.0276345
70 16 64 128 0.0212803
71 16 64 128 0.0168176
72 16 64 128 0.0125558
124 16 64 128 0.0109659
125 16 64 128 0.0116698
126 16 64 128 0.013887
127 16 64 128 0.0164312
128 16 64 128 0.0167589
129 16 64 128 0.0156896
130 16 64 128 0.0151387
131 16 64 128 0.0111555
296 16 64 128 0.0137651
297 16 64 128 0.0188874
298 16 64 128 0.0226332
299 16 64 128 0.0261465
300 16 64 128 0.0282285
301 16 64 128 0.0248897
302 16 64 128 0.0183071
303 16 64 128 0.0124731
0 17 64 128 0.0118485
1 17 64 128 0.0103895
50 17 64 128 0.0105339
51 17 64 128 0.0121422
52 17 64 128 0.0103449
65 17 64 128 0.012873
66 17 64 128 0.0186079
67 17 64 128 0.0258095
68 17 64 128 0.0307011
69 17 64 128 0.0289506
70 17 64 128 0.0214988
71 17 64 128 0.0166612
72 17 64 128 0.0126463
126 17 64 128 0.010746
127 17 64 128 0.0129108
128 17 64 128 0.0129616
129 17 64 128 0.0113482
130 17 64 128 0.0105315
296 17 64 128 0.0134734
297 17 64 128 0.0188527
298 17 64 128 0.0225295
299 17 64 128 0.0243965
300 17 64 128 0.027264
301 17 64 128 0.0258824
302 17 64 128 0.0195756
303 17 64 128 0.0128987
0 18 64 128 0.0110666
1 18 64 128 0.0100979
50 18 64 128 0.0113639
51 18 64 128 0.0133562
52 18 64 128 0.0121287
65 18 64 128 0.0115538
66 18 64 128 0.0159003
67 18 64 128 0.0238252
68 18 64 128 0.0289213
69 18 64 128 0.0263417
70 18 64 128 0.0201658
71 18 64 128 0.0151501
72 18 64 128 0.0115151
296 18 64 128 0.0123145
297 18 64 128 0.0173149
298 18 64 128 0.0211877
299 18 64 128 0.0230598
300 18 64 128 0.024796
301 18 64 128 0.0240686
302 18 64 128 0.0186875
303 18 64 128 0.0124764
0 19 64 128 0.0110413
1 19 64 128 0.0108172
2 19 64 128 0.0107662
3 19 64 128 0.0105608
8 19 64 128 0.0102262
50 19 64 128 0.0122682
51 19 64 128 0.0145034
52 19 64 128 0.0137738
53 19 64 128 0.0109347
65 19 64 128 0.0107456
66 19 64 128 0.0136128
67 19 64 128 0.0214038
68 19 64 128 0.0257698
69 19 64 128 0.0223497
70 19 64 128 0.0182441
71 19 64 128 0.0130064
296 19 64 128 0.0107194
297 19 64 128 0.0149196
298 19 64 128 0.0190569
299 19 64 128 0.0219856
300 19 64 128 0.0222632
301 19 64 128 0.0210425
302 19 64 128 0.0167277
303 19 64 128 0.0119285
0 20 64 128 0.0100565
1 20 64 128 0.0102169
2 20 64 128 0.0104239
3 20 64 128 0.0101128
50 20 64 128 0.0124466
51 20 64 128 0.0142103
52 20 64 128 0.0136655
53 20 64 128 0.0111644
66 20 64 128 0.0123291
67 20 64 128 0.0198792
68 20 64 128 0.0246086
69 20 64 128 0.0221147
70 20 64 128 0.0181826
71 20 64 128 0.0120266
297 20 64 128 0.0132674
298 20 64 128 0.0174965
299 20 64 128 0.0206936
300 20 64 128 0.0217565
301 20 64 128 0.0196969
302 20 64 128 0.0157667
303 20 64 128 0.0123498
304 20 64 128 0.0101303
50 21 64 128 0.0118815
51 21 64 128 0.0127906
52 21 64 128 0.0120623
53 21 64 128 0.010253
66 21 64 128 0.0117175
67 21 64 128 0.0189022
68 21 64 128 0.0246987
69 21 64 128 0.0243293
70 21 64 128 0.0191207
71 21 64 128 0.0119524
297 21 64 128 0.0126016
298 21 64 128 0.0166188
299 21 64 128 0.0191763
300 21 64 128 0.0226284
301 21 64 128 0.0200727
302 21 64 128 0.015947
303 21 64 128 0.0133207
304 21 64 128 0.0100849
50 22 64 128 0.0111121
51 22 64 128 0.0117412
52 22 64 128 0.0105497
66 22 64 128 0.0108158
67 22 64 128 0.0169579
68 22 64 128 0.0224502
69 22 64 128 0.0231951
70 22 64 128 0.0179002
71 22 64 128 0.0110841
297 22 64 128 0.0121934
298 22 64 128 0.0156517
299 22 64 128 0.017768
300 22 64 128 0.02233
301 22 64 128 0.0201907
302 22 64 128 0.016041
303 22 64 128 0.0133778
50 23 64 128 0.0103034
51 23 64 128 0.0113337
67 23 64 128 0.0141671
68 23 64 128 0.0179773
69 23 64 128 0.0184757
70 23 64 128 0.014443
297 23 64 128 0.0118166
298 23 64 128 0.0145247
299 23 64 128 0.0167056
300 23 64 128 0.0207848
301 23 64 128 0.0196587
302 23 64 128 0.0157872
303 23 64 128 0.0126143
51 24 64 128 0.0104898
67 24 64 128 0.0124348
68 24 64 128 0.015444
69 24 64 128 0.0160239
70 24 64 128 0.0120404
297 24 64 128 0.0118098
298 24 64 128 0.0139432
299 24 64 128 0.0161094
300 24 64 128 0.0206176
301 24 64 128 0.0198396
302 24 64 128 0.0159952
303 24 64 128 0.0128182
67 25 64 128 0.0122946
68 25 64 128 0.016059
69 25 64 128 0.0175539
70 25 64 128 0.0118528
297 25 64 128 0.0121635
298 25 64 128 0.0140808
299 25 64 128 0.0158893
300 25 64 128 0.0223732
301 25 64 128 0.0209409
302 25 64 128 0.0167441
303 25 64 128 0.0142965
304 25 64 128 0.0105193
67 26 64 128 0.0119053
68 26 64 128 0.0158965
69 26 64 128 0.0175552
70 26 64 128 0.011301
297 26 64 128 0.0122556
298 26 64 128 0.0141833
299 26 64 128 0.0156225
300 26 64 128 0.0229939
301 26 64 128 0.0211482
302 26 64 128 0.0168377
303 26 64 128 0.0148104
304 26 64 128 0.0104989
67 27 64 128 0.0102145
68 27 64 128 0.0127337
69 27 64 128 0.0130075
297 27 64 128 0.0117022
298 27 64 128 0.0137237
299 27 64 128 0.0150459
300 27 64 128 0.0207043
301 27 64 128 0.0194023
302 27 64 128 0.0155814
303 27 64 128 0.0130924
297 28 64 128 0.0108497
298 28 64 128 0.012951
299 28 64 128 0.0143681
300 28 64 128 0.017734
301 28 64 128 0.0169805
302 28 64 128 0.0138173
303 28 64 128 0.0108681
297 29 64 128 0.0100537
298 29 64 128 0.0121347
299 29 64 128 0.013735
300 29 64 128 0.0161629
301 29 64 128 0.0151298
302 29 64 128 0.0123768
68 30 64 128 0.0103354
69 30 64 128 0.0101488
298 30 64 128 0.0111632
299 30 64 128 0.0127669
300 30 64 128 0.015111
301 30 64 128 0.0135898
302 30 64 128 0.0111375
299 31 64 128 0.0110784
300 31 64 128 0.0132352
301 31 64 128 0.0118141
300 32 64 128 0.0107895
1 66 64 128 0.0107576
2 66 64 128 0.0104245
0 67 64 128 0.0101709
1 67 64 128 0.0139895
2 67 64 128 0.0133128
3 67 64 128 0.0121248
4 67 64 128 0.0118949
0 68 64 128 0.011468
1 68 64 128 0.0165208
2 68 64 128 0.0154456
3 68 64 128 0.0141517
4 68 64 128 0.0147109
0 69 64 128 0.0139692
1 69 64 128 0.0202566
2 69 64 128 0.0188872
3 69 64 128 0.0186567
4 69 64 128 0.0206714
5 69 64 128 0.0128928
0 70 64 128 0.0188356
1 70 64 128 0.0264205
2 70 64 128 0.0250573
3 70 64 128 0.0274854
4 70 64 128 0.0316374
5 70 64 128 0.0198479
6 70 64 128 0.0162536
7 70 64 128 0.0143484
8 70 64 128 0.014903
9 70 64 128 0.0154503
0 71 64 128 0.0247933
1 71 64 128 0.0333929
2 71 64 128 0.0326182
3 71 64 128 0.0382805
4 71 64 128 0.0443901
5 71 64 128 0.0286359
6 71 64 128 0.0254335
7 71 64 128 0.0227708
8 71 64 128 0.0230195
9 71 64 128 0.0237093
10 71 64 128 0.0148838
0 72 64 128 0.0307196
1 72 64 128 0.0400549
2 72 64 128 0.0407348
3 72 64 128 0.048841
4 72 64 128 0.0557844
5 72 64 128 0.0381302
6 72 64 128 0.0359359
7 72 64 128 0.0319463
8 72 64 128 0.0326999
9 72 64 128 0.0339609
10 72 64 128 0.0199597
11 72 64 128 0.0109829
0 73 64 128 0.0383266
1 73 64 128 0.0501231
2 73 64 128 0.0533411
3 73 64 128 0.0613683
4 73 64 128 0.0674534
5 73 64 128 0.0503943
6 73 64 128 0.049071
7 73 64 128 0.0446405
8 73 64 128 0.0458872
9 73 64 128 0.0459917
10 73 64 128 0.0262195
11 73 64 128 0.014363
0 74 64 128 0.0494886
1 74 64 128 0.0673862
2 74 64 128 0.0742257
3 74 64 128 0.078319
4 74 64 128 0.0816702
5 74 64 128 0.067613
6 74 64 128 0.0662918
7 74 64 128 0.0637114
8 74 64 128 0.0644028
9 74 64 128 0.059521
10 74 64 128 0.035166
11 74 64 128 0.0193608
12 74 64 128 0.0101347
0 75 64 128 0.0610031
1 75 64 128 0.0854277
2 75 64 128 0.0954732
3 75 64 128 0.0942943
4 75 64 128 0.0949271
5 75 64 128 0.0857914
6 75 64 128 0.0847966
7 75 64 128 0.0839715
8 75 64 128 0.0836197
9 75 64 128 0.0731049
10 75 64 128 0.0442774
11 75 64 128 0.0247093
12 75 64 128 0.0129872
0 76 64 128 0.0677137
1 76 64 128 0.0940733
2 76 64 128 0.104978
3 76 64 128 0.101221
4 76 64 128 0.101766
5 76 64 128 0.0987036
6 76 64 128 0.100463
7 76 64 128 0.0977242
8 76 64 128 0.0970497
9 76 64 128 0.0853458
10 76 64 128 0.0499162
11 76 64 128 0.0285591
12 76 64 128 0.0159817
13 76 64 128 0.0101684
0 77 64 128 0.0691706
1 77 64 128 0.0948006
2 77 64 128 0.105528
3 77 64 128 0.102801
4 77 64 128 0.105627
5 77 64 128 0.107744
6 77 64 128 0.117185
7 77 64 128 0.112287
8 77 64 128 0.112165
9 77 64 128 0.102265
10 77 64 128 0.0577483
11 77 64 128 0.0342963
12 77 64 128 0.0207413
13 77 64 128 0.0133321
14 77 64 128 0.0126926
15 77 64 128 0.0122882
16 77 64 128 0.0118726
0 78 64 128 0.06819
1 78 64 128 0.0969191
2 78 64 128 0.109832
3 78 64 128 0.110444
4 78 64 128 0.115715
5 78 64 128 0.119337
6 78 64 128 0.143915
7 78 64 128 0.144434
8 78 64 128 0.145132
9 78 64 128 0.134301
10 78 64 128 0.079221
11 78 64 128 0.0485153
12 78 64 128 0.0299771
13 78 64 128 0.01946
14 78 64 128 0.0179057
15 78 64 128 0.0169887
16 78 64 128 0.015184
17 78 64 128 0.0109771
0 79 64 128 0.0675099
1 79 64 128 0.103465
2 79 64 128 0.120332
3 79 64 128 0.124383
4 79 64 128 0.131271
5 79 64 128 0.133561
6 79 64 128 0.177218
7 79 64 128 0.187461
8 79 64 128 0.187929
9 79 64 128 0.174102
10 79 64 128 0.109342
11 79 64 128 0.067473
12 79 64 128 0.0412399
13 79 64 128 0.0272566
14 79 64 128 0.0243582
15 79 64 128 0.0221343
16 79 64 128 0.0188614
17 79 64 128 0.0136494
0 80 64 128 0.0696775
1 80 64 128 0.110816
2 80 64 128 0.128702
3 80 64 128 0.133219
4 80 64 128 0.1412
5 80 64 128 0.143874
6 80 64 128 0.200876
7 80 64 128 0.210525
8 80 64 128 0.207732
9 80 64 128 0.196112
10 80 64 128 0.126241
11 80 64 128 0.0768402
12 80 64 128 0.0468194
13 80 64 128 0.0322645
14 80 64 128 0.028698
15 80 64 128 0.0249503
16 80 64 128 0.0212758
17 80 64 128 0.0153594
0 81 64 128 0.0747001
1 81 64 128 0.115578
2 81 64 128 0.130822
3 81 64 128 0.13274
4 81 64 128 0.141005
5 81 64 128 0.147354
6 81 64 128 0.207948
7 81 64 128 0.205728
8 81 64 128 0.197829
9 81 64 128 0.193733
10 81 64 128 0.124297
11 81 64 128 0.0736801
12 81 64 128 0.0454759
13 81 64 128 0.0335307
14 81 64 128 0.0301513
15 81 64 128 0.0252188
16 81 64 128 0.022267
17 81 64 128 0.0158192
0 82 64 128 0.0786632
1 82 64 128 0.115189
2 82 64 128 0.129858
3 82 64 128 0.130691
4 82 64 128 0.137153
5 82 64 128 0.147154
6 82 64 128 0.206786
7 82 64 128 0.202424
8 82 64 128 0.193725
9 82 64 128 0.191035
10 82 64 128 0.124268
11 82 64 128 0.0734552
12 82 64 128 0.0463633
13 82 64 128 0.0357538
14 82 64 128 0.0321023
15 82 64 128 0.0267936
16 82 64 128 0.0240197
17 82 64 128 0.0164508
0 83 64 128 0.0785986
1 83 64 128 0.108475
2 83 64 128 0.127168
3 83 64 128 0.131031
4 83 64 128 0.133764
5 83 64 128 0.14479
6 83 64 128 0.202631
7 83 64 128 0.215461
8 83 64 128 0.213162
9 83 64 128 0.201016
10 83 64 128 0.136572
11 83 64 128 0.0841215
12 83 64 128 0.0537624
13 83 64 128 0.040744
14 83 64 128 0.0361933
15 83 64 128 0.0314151
16 83 64 128 0.0273458
17 83 64 128 0.0178699
0 84 64 128 0.0745657
1 84 64 128 0.0973627
2 84 64 128 0.118361
3 84 64 128 0.126356
4 84 64 128 0.127197
5 84 64 128 0.136669
6 84 64 128 0.190289
7 84 64 128 0.217888
8 84 64 128 0.223393
9 84 64 128 0.204316
10 84 64 128 0.141881
11 84 64 128 0.0921866
12 84 64 128 0.0583438
13 84 64 128 0.042349
14 84 64 128 0.039113
15 84 64 128 0.03501
16 84 64 128 0.029342
17 84 64 128 0.0184425
0 85 64 128 0.0670478
1 85 64 128 0.0839547
2 85 64 128 0.100593
3 85 64 128 0.110943
4 85 64 128 0.114507
5 85 64 128 0.120746
6 85 64 128 0.166892
7 85 64 128 0.189425
8 85 64 128 0.199145
9 85 64 128 0.186422
10 85 64 128 0.126146
11 85 64 128 0.0872931
12 85 64 128 0.0534777
13 85 64 128 0.036671
14 85 64 128 0.0384479
15 85 64 128 0.0346076
16 85 64 128 0.0281179
17 85 64 128 0.0171831
0 86 64 128 0.0564816
1 86 64 128 0.0693452
2 86 64 128 0.0797729
3 86 64 128 0.0913132
4 86 64 128 0.0994441
5 86 64 128 0.103388
6 86 64 128 0.143707
7 86 64 128 0.156627
8 86 64 128 0.169542
9 86 64 128 0.167899
10 86 64 128 0.110611
11 86 64 128 0.0820526
12 86 64 128 0.0497303
13 86 64 128 0.0323617
14 86 64 128 0.0377298
15 86 64 128 0.0343964
16 86 64 128 0.0274954
17 86 64 128 0.0166961
0 87 64 128 0.0437829
1 87 64 128 0.0546067
2 87 64 128 0.0627093
3 87 64 128 0.0753252
4 87 64 128 0.0863564
5 87 64 128 0.0913303
6 87 64 128 0.132049
7 87 64 128 0.149002
8 87 64 128 0.167412
9 87 64 128 0.170823
10 87 64 128 0.117959
11 87 64 128 0.0901426
12 87 64 128 0.0580727
13 87 64 128 0.038165
14 87 64 128 0.040643
15 87 64 128 0.0387363
16 87 64 128 0.0312671
17 87 64 128 0.0194817
18 87 64 128 0.0110994
0 88 64 128 0.0327417
1 88 64 128 0.0420427
2 88 64 128 0.0496683
3 88 64 128 0.0621565
4 88 64 128 0.074048
5 88 64 128 0.0820917
6 88 64 128 0.124414
7 88 64 128 0.150116
8 88 64 128 0.173798
9 88 64 128 0.178752
10 88 64 128 0.131618
11 88 64 128 0.100461
12 88 64 128 0.0686199
13 88 64 128 0.0464098
14 88 64 128 0.0437328
15 88 64 128 0.0433211
16 88 64 128 0.0353359
17 88 64 128 0.0225822
18 88 64 128 0.013347
0 89 64 128 0.0275389
1 89 64 128 0.0340031
2 89 64 128 0.0386919
3 89 64 128 0.048285
4 89 64 128 0.0597296
5 89 64 128 0.0704355
6 89 64 128 0.108031
7 89 64 128 0.1306
8 89 64 128 0.155221
9 89 64 128 0.164683
10 89 64 128 0.124232
11 89 64 128 0.0952736
12 89 64 128 0.0659969
13 89 64 128 0.0451026
14 89 64 128 0.0417736
15 89 64 128 0.0417081
16 89 64 128 0.0337011
17 89 64 128 0.0217262
18 89 64 128 0.0130451
0 90 64 128 0.0260899
1 90 64 128 0.0289866
2 90 64 128 0.0292867
3 90 64 128 0.0345431
4 90 64 128 0.0446428
5 90 64 128 0.0568014
6 90 64 128 0.0852007
7 90 64 128 0.0970988
8 90 64 128 0.11939
9 90 64 128 0.134551
10 90 64 128 0.101775
11 90 64 128 0.0795693
12 90 64 128 0.0548364
13 90 64 128 0.037987
14 90 64 128 0.0374279
15 90 64 128 0.0371589
16 90 64 128 0.0295938
17 90 64 128 0.0190645
18 90 64 128 0.011371
0 91 64 128 0.0230848
1 91 64 128 0.0235319
2 91 64 128 0.0217626
3 91 64 128 0.0240512
4 91 64 128 0.032151
5 91 64 128 0.0446564
6 91 64 128 0.066173
7 91 64 128 0.0750204
8 91 64 128 0.0954596
9 91 64 128 0.111517
10 91 64 128 0.0875891
11 91 64 128 0.0701216
12 91 64 128 0.050087
13 91 64 128 0.0368778
14 91 64 128 0.0373294
15 91 64 128 0.0378009
16 91 64 128 0.0308708
17 91 64 128 0.0199703
18 91 64 128 0.0115056
0 92 64 128 0.0177913
1 92 64 128 0.0173687
2 92 64 128 0.0161766
3 92 64 128 0.0175096
4 92 64 128 0.0234613
5 92 64 128 0.035086
6 92 64 128 0.053355
7 92 64 128 0.067141
8 92 64 128 0.0866384
9 92 64 128 0.0992199
10 92 64 128 0.0841597
11 92 64 128 0.068533
12 92 64 128 0.0523157
13 92 64 128 0.0415585
14 92 64 128 0.0408085
15 92 64 128 0.0424478
16 92 64 128 0.0364654
17 92 64 128 0.0236908
18 92 64 128 0.0131157
0 93 64 128 0.0132897
1 93 64 128 0.01287
2 93 64 128 0.0123594
3 93 64 128 0.0135735
4 93 64 128 0.0179409
5 93 64 128 0.0271628
6 93 64 128 0.0425739
7 93 64 128 0.057405
8 93 64 128 0.0745516
9 93 64 128 0.0850279
10 93 64 128 0.0766284
11 93 64 128 0.0637932
12 93 64 128 0.0501767
13 93 64 128 0.0418662
14 93 64 128 0.0411704
15 93 64 128 0.0422579
16 93 64 128 0.0379606
17 93 64 128 0.0244328
18 93 64 128 0.0129787
0 94 64 128 0.0107742
1 94 64 128 0.0106533
3 94 64 128 0.0110211
4 94 64 128 0.0144772
5 94 64 128 0.0203299
6 94 64 128 0.0319153
7 94 64 128 0.0405839
8 94 64 128 0.0537048
9 94 64 128 0.0651807
10 94 64 128 0.0605429
11 94 64 128 0.0523245
12 94 64 128 0.0406486
13 94 64 128 0.0351298
14 94 64 128 0.0364135
15 94 64 128 0.035307
16 94 64 128 0.0330183
17 94 64 128 0.0207846
18 94 64 128 0.0104833
4 95 64 128 0.0114369
5 95 64 128 0.0145724
6 95 64 128 0.0225433
7 95 64 128 0.0256899
8 95 64 128 0.0355064
9 95 64 128 0.0476118
10 95 64 128 0.0451053
11 95 64 128 0.0403148
12 95 64 128 0.0315529
13 95 64 128 0.0284059
14 95 64 128 0.030625
15 95 64 128 0.0285905
16 95 64 128 0.0271675
17 95 64 128 0.0169926
6 96 64 128 0.0154135
7 96 64 128 0.0180347
8 96 64 128 0.0263646
9 96 64 128 0.0366815
10 96 64 128 0.0356023
11 96 64 128 0.0316345
12 96 64 128 0.0271119
13 96 64 128 0.025409
14 96 64 128 0.0261696
15 96 64 128 0.0257017
16 96 64 128 0.0235785
17 96 64 128 0.0153157
6 97 64 128 0.0107229
7 97 64 128 0.0142666
8 97 64 128 0.0212582
9 97 64 128 0.0286295
10 97 64 128 0.0283223
11 97 64 128 0.0246276
12 97 64 128 0.0234784
13 97 64 128 0.0224027
14 97 64 128 0.0214449
15 97 64 128 0.0227651
16 97 64 128 0.0200427
17 97 64 128 0.0135953
7 98 64 128 0.011093
8 98 64 128 0.0156899
9 98 64 128 0.0202855
10 98 64 128 0.0201893
11 98 64 128 0.0178305
12 98 64 128 0.0176798
13 98 64 128 0.0166408
14 98 64 128 0.0153791
15 98 64 128 0.0169647
16 98 64 128 0.0149249
17 98 64 128 0.0102482
8 99 64 128 0.0103509
9 99 64 128 0.0127992
10 99 64 128 0.0128619
11 99 64 128 0.0121118
12 99 64 128 0.0118719
13 99 64 128 0.0106424
15 99 64 128 0.0109579
165 145 64 128 0.0105125
166 145 64 128 0.0106784
167 145 64 128 0.0125931
168 145 64 128 0.0130712
163 146 64 128 0.0104171
164 146 64 128 0.0116362
165 146 64 128 0.0131026
166 146 64 128 0.0136606
167 146 64 128 0.0165323
168 146 64 128 0.0170661
169 146 64 128 0.0112832
163 147 64 128 0.0105088
164 147 64 128 0.0119562
165 147 64 128 0.0142517
166 147 64 128 0.01512
167 147 64 128 0.0189007
168 147 64 128 0.0194944
169 147 64 128 0.012273
163 148 64 128 0.0100354
164 148 64 128 0.0107075
165 148 64 128 0.0140442
166 148 64 128 0.015171
167 148 64 128 0.0197398
168 148 64 128 0.0203183
169 148 64 128 0.0117924
164 149 64 128 0.0100481
165 149 64 128 0.0139428
166 149 64 128 0.0155075
167 149 64 128 0.0208583
168 149 64 128 0.0211506
169 149 64 128 0.0113241
164 150 64 128 0.0105086
165 150 64 128 0.0143868
166 150 64 128 0.0165205
167 150 64 128 0.0223404
168 150 64 128 0.0220517
169 150 64 128 0.0112878
164 151 64 128 0.0106227
165 151 64 128 0.0145525
166 151 64 128 0.0169995
167 151 64 128 0.0221689
168 151 64 128 0.0211916
169 151 64 128 0.0107935
165 152 64 128 0.0140505
166 152 64 128 0.0163593
167 152 64 128 0.0198161
168 152 64 128 0.0183428
165 153 64 128 0.0134034
166 153 64 128 0.0153039
167 153 64 128 0.0176454
168 153 64 128 0.0163486
267 153 64 128 0.0100335
268 153 64 128 0.0112266
165 154 64 128 0.0129136
166 154 64 128 0.0143557
167 154 64 128 0.0171452
168 154 64 128 0.0167961
267 154 64 128 0.0105473
268 154 64 128 0.0120922
63 155 64 128 0.0116598
64 155 64 128 0.0123662
65 155 64 128 0.0114497
165 155 64 128 0.0120162
166 155 64 128 0.0131675
167 155 64 128 0.0165659
168 155 64 128 0.0169321
267 155 64 128 0.0110586
268 155 64 128 0.0127006
43 156 64 128 0.011323
44 156 64 128 0.0128488
62 156 64 128 0.0104593
63 156 64 128 0.0146141
64 156 64 128 0.0155652
65 156 64 128 0.0128023
165 156 64 128 0.0102477
166 156 64 128 0.0114381
167 156 64 128 0.0142724
168 156 64 128 0.01427
265 156 64 128 0.0110865
266 156 64 128 0.0105128
267 156 64 128 0.013429
268 156 64 128 0.0147564
42 157 64 128 0.0100433
43 157 64 128 0.0148213
44 157 64 128 0.0174032
45 157 64 128 0.0123814
46 157 64 128 0.0132129
47 157 64 128 0.0114997
62 157 64 128 0.0142355
63 157 64 128 0.0187619
64 157 64 128 0.0181961
65 157 64 128 0.0137674
167 157 64 128 0.0115238
168 157 64 128 0.0106929
263 157 64 128 0.0110272
264 157 64 128 0.0109254
265 157 64 128 0.0139909
266 157 64 128 0.0138739
267 157 64 128 0.0174121
268 157 64 128 0.0184857
42 158 64 128 0.0117989
43 158 64 128 0.0182931
44 158 64 128 0.0208092
45 158 64 128 0.0159896
46 158 64 128 0.0193748
47 158 64 128 0.0184198
48 158 64 128 0.0152912
49 158 64 128 0.0122927
60 158 64 128 0.0109864
61 158 64 128 0.0124212
62 158 64 128 0.0216694
63 158 64 128 0.0260803
64 158 64 128 0.0200891
65 158 64 128 0.0156439
167 158 64 128 0.0100465
260 158 64 128 0.0101836
261 158 64 128 0.0103236
262 158 64 128 0.011564
263 158 64 128 0.0127609
264 158 64 128 0.0125204
265 158 64 128 0.016504
266 158 64 128 0.0168176
267 158 64 128 0.022186
268 158 64 128 0.0235983
269 158 64 128 0.0108874
42 159 64 128 0.0141852
43 159 64 128 0.0225189
44 159 64 128 0.025268
45 159 64 128 0.0203012
46 159 64 128 0.0261814
47 159 64 128 0.0260733
48 159 64 128 0.0219776
49 159 64 128 0.0170138
57 159 64 128 0.011811
58 159 64 128 0.0107593
60 159 64 128 0.0162243
61 159 64 128 0.0172642
62 159 64 128 0.0303925
63 159 64 128 0.033805
64 159 64 128 0.0213645
65 159 64 128 0.0174316
260 159 64 128 0.0118339
261 159 64 128 0.0120534
262 159 64 128 0.0135057
263 159 64 128 0.0145484
264 159 64 128 0.014091
265 159 64 128 0.0190168
266 159 64 128 0.0195227
267 159 64 128 0.0269003
268 159 64 128 0.0289998
269 159 64 128 0.0125452
41 160 64 128 0.011395
42 160 64 128 0.0181237
43 160 64 128 0.0285651
44 160 64 128 0.0339859
45 160 64 128 0.0258347
46 160 64 128 0.0318511
47 160 64 128 0.0306962
48 160 64 128 0.0250555
49 160 64 128 0.0193997
56 160 64 128 0.0105108
57 160 64 128 0.0135012
58 160 64 128 0.0121719
59 160 64 128 0.0120571
60 160 64 128 0.0189507
61 160 64 128 0.022641
62 160 64 128 0.0367188
63 160 64 128 0.03775
64 160 64 128 0.022234
65 160 64 128 0.0173424
259 160 64 128 0.0117593
260 160 64 128 0.0142439
261 160 64 128 0.0140405
262 160 64 128 0.0157147
263 160 64 128 0.0173025
264 160 64 128 0.0169844
265 160 64 128 0.022234
266 160 64 128 0.0226353
267 160 64 128 0.0307104
268 160 64 128 0.0333007
269 160 64 128 0.0153545
41 161 64 128 0.0168236
42 161 64 128 0.0229821
43 161 64 128 0.0352069
44 161 64 128 0.0441279
45 161 64 128 0.0316885
46 161 64 128 0.0376727
47 161 64 128 0.034493
48 161 64 128 0.0267888
49 161 64 128 0.0212467
56 161 64 128 0.0122689
57 161 64 128 0.0152944
58 161 64 128 0.0146315
59 161 64 128 0.0157512
60 161 64 128 0.0230495
61 161 64 128 0.0311221
62 161 64 128 0.043935
63 161 64 128 0.040554
64 161 64 128 0.0225467
65 161 64 128 0.0157545
258 161 64 128 0.0107635
259 161 64 128 0.0142871
260 161 64 128 0.0170185
261 161 64 128 0.0159397
262 161 64 128 0.0177675
263 161 64 128 0.0203467
264 161 64 128 0.0200762
265 161 64 128 0.0251822
266 161 64 128 0.0254023
267 161 64 128 0.0329811
268 161 64 128 0.0356389
269 161 64 128 0.0181939
41 162 64 128 0.0207022
42 162 64 128 0.0272083
43 162 64 128 0.0398918
44 162 64 128 0.0493177
45 162 64 128 0.0361766
46 162 64 128 0.0467897
47 162 64 128 0.0432392
48 162 64 128 0.0332952
49 162 64 128 0.0269787
50 162 64 128 0.0111701
55 162 64 128 0.0119491
56 162 64 128 0.0165672
57 162 64 128 0.0228015
58 162 64 128 0.0238863
59 162 64 128 0.0249088
60 162 64 128 0.0364124
61 162 64 128 0.0468644
62 162 64 128 0.0592882
63 162 64 128 0.0488576
64 162 64 128 0.0219569
65 162 64 128 0.0143917
258 162 64 128 0.0112106
259 162 64 128 0.0153945
260 162 64 128 0.0190234
261 162 64 128 0.0169185
262 162 64 128 0.0187879
263 162 64 128 0.0220316
264 162 64 128 0.0207661
265 162 64 128 0.0259013
266 162 64 128 0.0262505
267 162 64 128 0.0332583
268 162 64 128 0.0355433
269 162 64 128 0.0186407
41 163 64 128 0.0231195
42 163 64 128 0.0310397
43 163 64 128 0.0433116
44 163 64 128 0.0508732
45 163 64 128 0.0404574
46 163 64 128 0.0596168
47 163 64 128 0.0566608
48 163 64 128 0.043626
49 163 64 128 0.0353939
50 163 64 128 0.0152481
51 163 64 128 0.0106819
54 163 64 128 0.0116701
55 163 64 128 0.0185565
56 163 64 128 0.0228169
57 163 64 128 0.0342666
58 163 64 128 0.0372123
59 163 64 128 0.0376152
60 163 64 128 0.0570159
61 163 64 128 0.0659335
62 163 64 128 0.078385
63 163 64 128 0.0606118
64 163 64 128 0.0209662
65 163 64 128 0.0138134
258 163 64 128 0.0104433
259 163 64 128 0.0149528
260 163 64 128 0.0197632
261 163 64 128 0.0168527
262 163 64 128 0.0185793
263 163 64 128 0.02186
264 163 64 128 0.0190246
265 163 64 128 0.0245064
266 163 64 128 0.0253993
267 163 64 128 0.0320858
268 163 64 128 0.0336223
269 163 64 128 0.0168318
41 164 64 128 0.0273832
42 164 64 128 0.0364111
43 164 64 128 0.0492379
44 164 64 128 0.0574488
45 164 64 128 0.0483653
46 164 64 128 0.0738763
47 164 64 128 0.0686238
48 164 64 128 0.0500468
49 164 64 128 0.0399161
50 164 64 128 0.0177348
51 164 64 128 0.0130375
52 164 64 128 0.0118134
54 164 64 128 0.0133121
55 164 64 128 0.0219297
56 164 64 128 0.0273477
57 164 64 128 0.0409319
58 164 64 128 0.0438672
59 164 64 128 0.0464854
60 164 64 128 0.0733908
61 164 64 128 0.0767713
62 164 64 128 0.0858096
63 164 64 128 0.0654918
64 164 64 128 0.0208722
65 164 64 128 0.0134375
259 164 64 128 0.0142214
260 164 64 128 0.0193725
261 164 64 128 0.0163035
262 164 64 128 0.017603
263 164 64 128 0.020458
264 164 64 128 0.0172957
265 164 64 128 0.0230988
266 164 64 128 0.0247767
267 164 64 128 0.0309372
268 164 64 128 0.0314914
269 164 64 128 0.0153598
40 165 64 128 0.0108334
41 165 64 128 0.0338783
42 165 64 128 0.0430132
43 165 64 128 0.0577714
44 165 64 128 0.0703144
45 165 64 128 0.0595963
46 165 64 128 0.0858693
47 165 64 128 0.0748098
48 165 64 128 0.0496904
49 165 64 128 0.0388455
50 165 64 128 0.0176617
51 165 64 128 0.0143423
52 165 64 128 0.0123764
54 165 64 128 0.0133634
55 165 64 128 0.0209573
56 165 64 128 0.0295756
57 165 64 128 0.0420102
58 165 64 128 0.0433492
59 165 64 128 0.0511997
60 165 64 128 0.0835236
61 165 64 128 0.0783608
62 165 64 128 0.0800021
63 165 64 128 0.0619723
64 165 64 128 0.021708
65 165 64 128 0.0128803
259 165 64 128 0.013656
260 165 64 128 0.0180419
261 165 64 128 0.0155102
262 165 64 128 0.0160927
263 165 64 128 0.01822
264 165 64 128 0.0164293
265 165 64 128 0.0221506
266 165 64 128 0.0245545
267 165 64 128 0.0297548
268 165 64 128 0.0293444
269 165 64 128 0.0150456
40 166 64 128 0.0132738
41 166 64 128 0.0385979
42 166 64 128 0.047215
43 166 64 128 0.0635518
44 166 64 128 0.0796785
45 166 64 128 0.0677335
46 166 64 128 0.0900257
47 166 64 128 0.0738785
48 166 64 128 0.0471047
49 166 64 128 0.037822
50 166 64 128 0.017124
51 166 64 128 0.0148708
52 166 64 128 0.0124175
54 166 64 128 0.0140917
55 166 64 128 0.021339
56 166 64 128 0.0335366
57 166 64 128 0.0485888
58 166 64 128 0.0503559
59 166 64 128 0.0619169
60 166 64 128 0.0995532
61 166 64 128 0.0852988
62 166 64 128 0.0799913
63 166 64 128 0.0616778
64 166 64 128 0.0216397
65 166 64 128 0.0121111
259 166 64 128 0.0124737
260 166 64 128 0.0160054
261 166 64 128 0.014209
262 166 64 128 0.0139162
263 166 64 128 0.0151414
264 166 64 128 0.0148335
265 166 64 128 0.0196722
266 166 64 128 0.0222783
267 166 64 128 0.0262252
268 166 64 128 0.0252708
269 166 64 128 0.0140137
40 167 64 128 0.0169499
41 167 64 128 0.0404465
42 167 64 128 0.0484958
43 167 64 128 0.0646201
44 167 64 128 0.0807338
45 167 64 128 0.0695081
46 167 64 128 0.0849296
47 167 64 128 0.0668325
48 167 64 128 0.0452806
49 167 64 128 0.0397974
50 167 64 128 0.0174508
51 167 64 128 0.0148706
52 167 64 128 0.0126763
53 167 64 128 0.0105616
54 167 64 128 0.0165149
55 167 64 128 0.0257654
56 167 64 128 0.0404771
57 167 64 128 0.0641128
58 167 64 128 0.0697747
59 167 64 128 0.0812107
60 167 64 128 0.124111
61 167 64 128 0.103272
62 167 64 128 0.0942739
63 167 64 128 0.0694509
64 167 64 128 0.0196274
65 167 64 128 0.0110594
259 167 64 128 0.0102833
260 167 64 128 0.0134627
261 167 64 128 0.0122485
262 167 64 128 0.0111746
263 167 64 128 0.0115185
264 167 64 128 0.011738
265 167 64 128 0.0149448
266 167 64 128 0.0170426
267 167 64 128 0.0196472
268 167 64 128 0.0187506
269 167 64 128 0.0113033
40 168 64 128 0.0199651
41 168 64 128 0.045445
42 168 64 128 0.0537033
43 168 64 128 0.0673867
44 168 64 128 0.0814604
45 168 64 128 0.0695785
46 168 64 128 0.0785713
47 168 64 128 0.0592921
48 168 64 128 0.0425408
49 168 64 128 0.0405929
50 168 64 128 0.0177735
51 168 64 128 0.0143677
52 168 64 128 0.0126417
53 168 64 128 0.0114364
54 168 64 128 0.018473
55 168 64 128 0.0291857
56 168 64 128 0.0447539
57 168 64 128 0.0732893
58 168 64 128 0.0824469
59 168 64 128 0.0932799
60 168 64 128 0.136621
61 168 64 128 0.115816
62 168 64 128 0.104803
63 168 64 128 0.0730609
64 168 64 128 0.016686
260 168 64 128 0.0105316
265 168 64 128 0.010448
266 168 64 128 0.0117792
267 168 64 128 0.0132306
268 168 64 128 0.0126629
40 169 64 128 0.0215268
41 169 64 128 0.0583195
42 169 64 128 0.0678181
43 169 64 128 0.0769064
44 169 64 128 0.088679
45 169 64 128 0.0722348
46 169 64 128 0.0774963
47 169 64 128 0.0555879
48 169 64 128 0.0374715
49 169 64 128 0.0369055
50 169 64 128 0.0172919
51 169 64 128 0.0134984
52 169 64 128 0.0119287
53 169 64 128 0.0116612
54 169 64 128 0.0183297
55 169 64 128 0.0280068
56 169 64 128 0.0428441
57 169 64 128 0.0666869
58 169 64 128 0.076586
59 169 64 128 0.0886268
60 169 64 128 0.124087
61 169 64 128 0.111134
62 169 64 128 0.098047
63 169 64 128 0.0638076
64 169 64 128 0.0139424
40 170 64 128 0.0255526
41 170 64 128 0.0761876
42 170 64 128 0.0861525
43 170 64 128 0.0898553
44 170 64 128 0.0995133
45 170 64 128 0.0769495
46 170 64 128 0.0791043
47 170 64 128 0.0535839
48 170 64 128 0.0316557
49 170 64 128 0.0316208
50 170 64 128 0.0164279
51 170 64 128 0.0128738
52 170 64 128 0.011145
53 170 64 128 0.0112543
54 170 64 128 0.0176602
55 170 64 128 0.0270802
56 170 64 128 0.0415392
57 170 64 128 0.0632513
58 170 64 128 0.0763094
59 170 64 128 0.0874702
60 170 64 128 0.109734
61 170 64 128 0.103274
62 170 64 128 0.087778
63 170 64 128 0.0526874
64 170 64 128 0.0119807
39 171 64 128 0.0117463
40 171 64 128 0.0358532
41 171 64 128 0.0951078
42 171 64 128 0.103076
43 171 64 128 0.101961
44 171 64 128 0.10958
45 171 64 128 0.0818657
46 171 64 128 0.0792349
47 171 64 128 0.0503516
48 171 64 128 0.0269946
49 171 64 128 0.0281409
50 171 64 128 0.0156744
51 171 64 128 0.0129396
52 171 64 128 0.0108855
53 171 64 128 0.0103901
54 171 64 128 0.0181584
55 171 64 128 0.0312916
56 171 64 128 0.0475569
57 171 64 128 0.0812903
58 171 64 128 0.104265
59 171 64 128 0.108761
60 171 64 128 0.117095
61 171 64 128 0.10703
62 171 64 128 0.0889012
63 171 64 128 0.0513723
64 171 64 128 0.0110471
39 172 64 128 0.016726
40 172 64 128 0.0502588
41 172 64 128 0.114146
42 172 64 128 0.118952
43 172 64 128 0.113436
44 172 64 128 0.117482
45 172 64 128 0.0834815
46 172 64 128 0.0757966
47 172 64 128 0.0460977
48 172 64 128 0.0236691
49 172 64 128 0.0255625
50 172 64 128 0.0145067
51 172 64 128 0.0127029
52 172 64 128 0.01054
54 172 64 128 0.018476
55 172 64 128 0.036031
56 172 64 128 0.0553917
57 172 64 128 0.103145
58 172 64 128 0.13402
59 172 64 128 0.130542
60 172 64 128 0.12983
61 172 64 128 0.111603
62 172 64 128 0.0911301
63 172 64 128 0.0525996
64 172 64 128 0.0101889
39 173 64 128 0.0232054
40 173 64 128 0.0648485
41 173 64 128 0.132898
42 173 64 128 0.135403
43 173 64 128 0.125351
44 173 64 128 0.122573
45 173 64 128 0.078378
46 173 64 128 0.0677222
47 173 64 128 0.0418968
48 173 64 128 0.0212409
49 173 64 128 0.0218157
50 173 64 128 0.0122078
51 173 64 128 0.0109104
54 173 64 128 0.0166047
55 173 64 128 0.0345571
56 173 64 128 0.05664
57 173 64 128 0.102854
58 173 64 128 0.128476
59 173 64 128 0.122137
60 173 64 128 0.121896
61 173 64 128 0.100251
62 173 64 128 0.0783328
63 173 64 128 0.0445212
38 174 64 128 0.0103603
39 174 64 128 0.0301843
40 174 64 128 0.0779411
41 174 64 128 0.146772
42 174 64 128 0.147416
43 174 64 128 0.133083
44 174 64 128 0.121987
45 174 64 128 0.0687078
46 174 64 128 0.0568361
47 174 64 128 0.0372012
48 174 64 128 0.0189011
49 174 64 128 0.0172723
54 174 64 128 0.0137026
55 174 64 128 0.029385
56 174 64 128 0.0534541
57 174 64 128 0.0875062
58 174 64 128 0.101492
59 174 64 128 0.0967703
60 174 64 128 0.0995353
61 174 64 128 0.0794388
62 174 64 128 0.0572601
63 174 64 128 0.0308095
38 175 64 128 0.0124798
39 175 64 128 0.0364243
40 175 64 128 0.0891676
41 175 64 128 0.149826
42 175 64 128 0.14739
43 175 64 128 0.129715
44 175 64 128 0.112167
45 175 64 128 0.0592984
46 175 64 128 0.046372
47 175 64 128 0.0307861
48 175 64 128 0.0157328
49 175 64 128 0.0134943
54 175 64 128 0.0124019
55 175 64 128 0.0273977
56 175 64 128 0.0529443
57 175 64 128 0.079912
58 175 64 128 0.0909203
59 175 64 128 0.0881542
60 175 64 128 0.0844287
61 175 64 128 0.066553
62 175 64 128 0.0454022
63 175 64 128 0.0225148
38 176 64 128 0.0145072
39 176 64 128 0.0426648
40 176 64 128 0.100472
41 176 64 128 0.14869
42 176 64 128 0.140658
43 176 64 128 0.118403
44 176 64 128 0.0965732
45 176 64 128 0.0517683
46 176 64 128 0.0382247
47 176 64 128 0.023918
48 176 64 128 0.0120955
49 176 64 128 0.0109006
54 176 64 128 0.0128054
55 176 64 128 0.0289632
56 176 64 128 0.0544287
57 176 64 128 0.0815082
58 176 64 128 0.0979896
59 176 64 128 0.0955628
60 176 64 128 0.0786254
61 176 64 128 0.0621849
62 176 64 128 0.0432448
63 176 64 128 0.0205793
38 177 64 128 0.0181606
39 177 64 128 0.0511428
40 177 64 128 0.115486
41 177 64 128 0.159291
42 177 64 128 0.14221
43 177 64 128 0.109901
44 177 64 128 0.0839115
45 177 64 128 0.0452195
46 177 64 128 0.0331769
47 177 64 128 0.019715
54 177 64 128 0.0130676
55 177 64 128 0.0294323
56 177 64 128 0.051297
57 177 64 128 0.077321
58 177 64 128 0.0958342
59 177 64 128 0.0919375
60 177 64 128 0.0690774
61 177 64 128 0.0540585
62 177 64 128 0.0382325
63 177 64 128 0.0181579
37 178 64 128 0.0114453
38 178 64 128 0.0238904
39 178 64 128 0.0626156
40 178 64 128 0.134434
41 178 64 128 0.181278
42 178 64 128 0.152966
43 178 64 128 0.106555
44 178 64 128 0.0757085
45 178 64 128 0.038933
46 178 64 128 0.030229
47 178 64 128 0.018285
54 178 64 128 0.0124606
55 178 64 128 0.0271409
56 178 64 128 0.042692
57 178 64 128 0.063957
58 178 64 128 0.077764
59 178 64 128 0.0712755
60 178 64 128 0.0528304
61 178 64 128 0.0395784
62 178 64 128 0.0271736
63 178 64 128 0.0130628
37 179 64 128 0.0151522
38 179 64 128 0.030645
39 179 64 128 0.0760612
40 179 64 128 0.153511
41 179 64 128 0.195168
42 179 64 128 0.157241
43 179 64 128 0.100724
44 179 64 128 0.0650145
45 179 64 128 0.0324838
46 179 64 128 0.0263617
47 179 64 128 0.0161943
54 179 64 128 0.0116161
55 179 64 128 0.0240537
56 179 64 128 0.0346136
57 179 64 128 0.0519675
58 179 64 128 0.0613665
59 179 64 128 0.0528146
60 179 64 128 0.0391075
61 179 64 128 0.0277751
62 179 64 128 0.0181441
36 180 64 128 0.0120579
37 180 64 128 0.0200833
38 180 64 128 0.0384489
39 180 64 128 0.0897989
40 180 64 128 0.168155
41 180 64 128 0.191637
42 180 64 128 0.147421
43 180 64 128 0.0883769
44 180 64 128 0.0495404
45 180 64 128 0.0260096
46 180 64 128 0.0204489
47 180 64 128 0.0120081
54 180 64 128 0.0109364
55 180 64 128 0.0216805
56 180 64 128 0.030442
57 180 64 128 0.0467526
58 180 64 128 0.0553508
59 180 64 128 0.0460109
60 180 64 128 0.0325116
61 180 64 128 0.0229851
62 180 64 128 0.0150535
35 181 64 128 0.0115984
36 181 64 128 0.0169157
37 181 64 128 0.0277535
38 181 64 128 0.0493561
39 181 64 128 0.101172
40 181 64 128 0.172889
41 181 64 128 0.181042
42 181 64 128 0.131649
43 181 64 128 0.0727955
44 181 64 128 0.0359889
45 181 64 128 0.0206048
46 181 64 128 0.0148771
54 181 64 128 0.010288
55 181 64 128 0.0203763
56 181 64 128 0.0282945
57 181 64 128 0.0433205
58 181 64 128 0.0504916
59 181 64 128 0.0407113
60 181 64 128 0.0283583
61 181 64 128 0.0201818
62 181 64 128 0.0134071
34 182 64 128 0.0113643
35 182 64 128 0.0175457
36 182 64 128 0.0233449
37 182 64 128 0.038216
38 182 64 128 0.0634171
39 182 64 128 0.108357
40 182 64 128 0.165676
41 182 64 128 0.171457
42 182 64 128 0.116659
43 182 64 128 0.0573047
44 182 64 128 0.0289003
45 182 64 128 0.0169079
46 182 64 128 0.0114006
55 182 64 128 0.0202709
56 182 64 128 0.0266249
57 182 64 128 0.0379624
58 182 64 128 0.0403673
59 182 64 128 0.0299373
60 182 64 128 0.0230831
61 182 64 128 0.0156181
34 183 64 128 0.0149146
35 183 64 128 0.0236202
36 183 64 128 0.0299696
37 183 64 128 0.0473175
38 183 64 128 0.0747575
39 183 64 128 0.112033
40 183 64 128 0.153969
41 183 64 128 0.159508
42 183 64 128 0.101132
43 183 64 128 0.0433703
44 183 64 128 0.0245762
45 183 64 128 0.0140755
55 183 64 128 0.0212029
56 183 64 128 0.0262138
57 183 64 128 0.0332255
58 183 64 128 0.0309373
59 183 64 128 0.020538
60 183 64 128 0.0186419
61 183 64 128 0.0115137
33 184 64 128 0.011668
34 184 64 128 0.0179043
35 184 64 128 0.0283806
36 184 64 128 0.0359656
37 184 64 128 0.0520598
38 184 64 128 0.0789479
39 184 64 128 0.113567
40 184 64 128 0.14516
41 184 64 128 0.141542
42 184 64 128 0.0832575
43 184 64 128 0.0319346
44 184 64 128 0.0191062
45 184 64 128 0.0112608
54 184 64 128 0.0105621
55 184 64 128 0.0227298
56 184 64 128 0.0275247
57 184 64 128 0.0315181
58 184 64 128 0.0279311
59 184 64 128 0.0189618
60 184 64 128 0.0169724
61 184 64 128 0.0101425
32 185 64 128 0.010378
33 185 64 128 0.0148393
34 185 64 128 0.0229568
35 185 64 128 0.0352466
36 185 64 128 0.0438916
37 185 64 128 0.0572686
38 185 64 128 0.0818144
39 185 64 128 0.115481
40 185 64 128 0.139747
41 185 64 128 0.120726
42 185 64 128 0.0647827
43 185 64 128 0.0230329
44 185 64 128 0.0134542
54 185 64 128 0.0112713
55 185 64 128 0.0234245
56 185 64 128 0.0280513
57 185 64 128 0.0302789
58 185 64 128 0.0274346
59 185 64 128 0.0202763
60 185 64 128 0.0160678
32 186 64 128 0.0134947
33 186 64 128 0.0208933
34 186 64 128 0.0326899
35 186 64 128 0.047812
36 186 64 128 0.0564453
37 186 64 128 0.0685234
38 186 64 128 0.0903146
39 186 64 128 0.119794
40 186 64 128 0.135997
41 186 64 128 0.101426
42 186 64 128 0.0482076
43 186 64 128 0.0164433
54 186 64 128 0.0106294
55 186 64 128 0.0219776
56 186 64 128 0.025142
57 186 64 128 0.0262923
58 186 64 128 0.023951
59 186 64 128 0.0177266
60 186 64 128 0.0133742
31 187 64 128 0.010369
32 187 64 128 0.0166238
33 187 64 128 0.027476
34 187 64 128 0.0439297
35 187 64 128 0.0621924
36 187 64 128 0.0712404
37 187 64 128 0.0825649
38 187 64 128 0.100789
39 187 64 128 0.123078
40 187 64 128 0.129387
41 187 64 128 0.0839083
42 187 64 128 0.0347671
43 187 64 128 0.0118261
55 187 64 128 0.0196238
56 187 64 128 0.0204485
57 187 64 128 0.0207728
58 187 64 128 0.0184751
59 187 64 128 0.012519
31 188 64 128 0.0113226
32 188 64 128 0.0178274
33 188 64 128 0.0310726
34 188 64 128 0.0516179
35 188 64 128 0.0721572
36 188 64 128 0.0841057
37 188 64 128 0.0930123
38 188 64 128 0.105891
39 188 64 128 0.120186
40 188 64 128 0.114948
41 188 64 128 0.0669554
42 188 64 128 0.0250766
55 188 64 128 0.0184209
56 188 64 128 0.0171255
57 188 64 128 0.0165343
58 188 64 128 0.0144017
31 189 64 128 0.0116849
32 189 64 128 0.0181215
33 189 64 128 0.0325707
34 189 64 128 0.0564164
35 189 64 128 0.0798353
36 189 64 128 0.0944159
37 189 64 128 0.0994399
38 189 64 128 0.106121
39 189 64 128 0.111921
40 189 64 128 0.0956494
41 189 64 128 0.0516643
42 189 64 128 0.0186634
55 189 64 128 0.0178649
56 189 64 128 0.0152366
57 189 64 128 0.0137951
58 189 64 128 0.0119669
31 190 64 128 0.0122366
32 190 64 128 0.0202084
33 190 64 128 0.0354507
34 190 64 128 0.0623749
35 190 64 128 0.0921169
36 190 64 128 0.103659
37 190 64 128 0.105038
38 190 64 128 0.106709
39 190 64 128 0.102726
40 190 64 128 0.0791778
41 190 64 128 0.0404662
42 190 64 128 0.014385
55 190 64 128 0.0159499
56 190 64 128 0.0129792
57 190 64 128 0.0111935
31 191 64 128 0.0128099
32 191 64 128 0.0231692
33 191 64 128 0.0394573
34 191 64 128 0.0690446
35 191 64 128 0.105402
36 191 64 128 0.110779
37 191 64 128 0.110113
38 191 64 128 0.108389
39 191 64 128 0.0947704
40 191 64 128 0.0674491
41 191 64 128 0.0331717
42 191 64 128 0.011396
55 191 64 128 0.0130142
56 191 64 128 0.0102788
31 192 64 128 0.012356
32 192 64 128 0.0227274
33 192 64 128 0.0408289
34 192 64 128 0.0717501
35 192 64 128 0.106379
36 192 64 128 0.11235
37 192 64 128 0.11221
38 192 64 128 0.107612
39 192 64 128 0.0879974
40 192 64 128 0.0569137
41 192 64 128 0.0271306
55 192 64 128 0.0115873
31 193 64 128 0.0108724
32 193 64 128 0.018416
33 193 64 128 0.038343
34 193 64 128 0.0688442
35 193 64 128 0.0934793
36 193 64 128 0.107891
37 193 64 128 0.109667
38 193 64 128 0.10201
39 193 64 128 0.0810367
40 193 64 128 0.0461581
41 193 64 128 0.0211223
55 193 64 128 0.0122721
32 194 64 128 0.0153063
33 194 64 128 0.0345446
34 194 64 128 0.0631772
35 194 64 128 0.0821675
36 194 64 128 0.10119
37 194 64 128 0.102096
38 194 64 128 0.0911339
39 194 64 128 0.0708026
40 194 64 128 0.0370734
41 194 64 128 0.0160723
55 194 64 128 0.0128417
31 195 64 128 0.0100771
32 195 64 128 0.0160373
33 195 64 128 0.0314442
34 195 64 128 0.057224
35 195 64 128 0.0806438
36 195 64 128 0.0949205
37 195 64 128 0.0910434
38 195 64 128 0.0766708
39 195 64 128 0.0566504
40 195 64 128 0.0305371
41 195 64 128 0.0124756
55 195 64 128 0.0119623
31 196 64 128 0.0102399
32 196 64 128 0.0171709
33 196 64 128 0.0293083
34 196 64 128 0.0519364
35 196 64 128 0.0788751
36 196 64 128 0.0886948
37 196 64 128 0.0819893
38 196 64 128 0.0645633
39 196 64 128 0.0434178
40 196 64 128 0.024734
55 196 64 128 0.0106603
32 197 64 128 0.0157622
33 197 64 128 0.0278301
34 197 64 128 0.0475448
35 197 64 128 0.0686267
36 197 64 128 0.081627
37 197 64 128 0.0781546
38 197 64 128 0.0586634
39 197 64 128 0.0348863
40 197 64 128 0.0183321
32 198 64 128 0.0130855
33 198 64 128 0.0255458
34 198 64 128 0.0425366
35 198 64 128 0.0553802
36 198 64 128 0.0724888
37 198 64 128 0.0736133
38 198 64 128 0.054089
39 198 64 128 0.0290064
40 198 64 128 0.0127453
32 199 64 128 0.0110428
33 199 64 128 0.0213263
34 199 64 128 0.0356182
35 199 64 128 0.0459958
36 199 64 128 0.0605629
37 199 64 128 0.0623639
38 199 64 128 0.0455075
39 199 64 128 0.023052
32 200 64 128 0.0102493
33 200 64 128 0.0170543
34 200 64 128 0.0285367
35 200 64 128 0.0396837
36 200 64 128 0.0481864
37 200 64 128 0.0479385
38 200 64 128 0.0347033
39 200 64 128 0.0170763
32 201 64 128 0.0107769
33 201 64 128 0.0151986
34 201 64 128 0.0236846
35 201 64 128 0.0335303
36 201 64 128 0.0383766
37 201 64 128 0.0363942
38 201 64 128 0.0254806
39 201 64 128 0.0119797
32 202 64 128 0.0116531
33 202 64 128 0.0148407
34 202 64 128 0.0204887
35 202 64 128 0.0278339
36 202 64 128 0.0314391
37 202 64 128 0.0287586
38 202 64 128 0.0190383
32 203 64 128 0.011475
33 203 64 128 0.0135177
34 203 64 128 0.017022
35 203 64 128 0.0243608
36 203 64 128 0.0263675
37 203 64 128 0.0235828
38 203 64 128 0.0152186
32 204 64 128 0.0102725
33 204 64 128 0.0112394
34 204 64 128 0.0134935
35 204 64 128 0.0225936
36 204 64 128 0.0230038
37 204 64 128 0.0203752
38 204 64 128 0.0132754
34 205 64 128 0.0116927
35 205 64 128 0.0203338
36 205 64 128 0.0218124
37 205 64 128 0.0193672
38 205 64 128 0.012055
34 206 64 128 0.0117789
35 206 64 128 0.0173891
36 206 64 128 0.0222881
37 206 64 128 0.0201524
38 206 64 128 0.0113651
33 207 64 128 0.0100264
34 207 64 128 0.0120229
35 207 64 128 0.0158805
36 207 64 128 0.0228162
37 207 64 128 0.0215813
38 207 64 128 0.0121067
34 208 64 128 0.0116838
35 208 64 128 0.0164506
36 208 64 128 0.0226836
37 208 64 128 0.0228022
38 208 64 128 0.0141221
34 209 64 128 0.0118837
35 209 64 128 0.0170048
36 209 64 128 0.0228209
37 209 64 128 0.0235429
38 209 64 128 0.0153463
33 210 64 128 0.0107532
34 210 64 128 0.0132824
35 210 64 128 0.016773
36 210 64 128 0.0242458
37 210 64 128 0.0243101
38 210 64 128 0.0150941
32 211 64 128 0.0103251
33 211 64 128 0.0114551
34 211 64 128 0.0148556
35 211 64 128 0.0191493
36 211 64 128 0.0277828
37 211 64 128 0.0274993
38 211 64 128 0.0167754
32 212 64 128 0.0111857
33 212 64 128 0.0115559
34 212 64 128 0.0158819
35 212 64 128 0.0267024
36 212 64 128 0.0341808
37 212 64 128 0.0348473
38 212 64 128 0.0228293
32 213 64 128 0.0123145
33 213 64 128 0.0121611
34 213 64 128 0.018002
35 213 64 128 0.0358479
36 213 64 128 0.0440057
37 213 64 128 0.0441288
38 213 64 128 0.0289884
31 214 64 128 0.0117909
32 214 64 128 0.0137303
33 214 64 128 0.0145334
34 214 64 128 0.0230674
35 214 64 128 0.0427192
36 214 64 128 0.0576393
37 214 64 128 0.0530406
38 214 64 128 0.0309427
39 214 64 128 0.0101721
31 215 64 128 0.0140896
32 215 64 128 0.0156742
33 215 64 128 0.0182275
34 215 64 128 0.0303358
35 215 64 128 0.05196
36 215 64 128 0.0745672
37 215 64 128 0.0654336
38 215 64 128 0.0353933
39 215 64 128 0.012825
31 216 64 128 0.0140023
32 216 64 128 0.0184336
33 216 64 128 0.0222328
34 216 64 128 0.0382157
35 216 64 128 0.0706345
36 216 64 128 0.0938343
37 216 64 128 0.0866787
38 216 64 128 0.0520592
39 216 64 128 0.0183288
31 217 64 128 0.0129296
32 217 64 128 0.0218188
33 217 64 128 0.0268705
34 217 64 128 0.0472424
35 217 64 128 0.0948489
36 217 64 128 0.11362
37 217 64 128 0.111706
38 217 64 128 0.0752324
39 217 64 128 0.0257859
40 217 64 128 0.0107156
31 218 64 128 0.0145387
32 218 64 128 0.0254224
33 218 64 128 0.0333334
34 218 64 128 0.0593886
35 218 64 128 0.114811
36 218 64 128 0.132058
37 218 64 128 0.130042
38 218 64 128 0.0907368
39 218 64 128 0.0328479
40 218 64 128 0.0123361
30 219 64 128 0.0111453
31 219 64 128 0.0192969
32 219 64 128 0.030341
33 219 64 128 0.0438578
34 219 64 128 0.0792014
35 219 64 128 0.137462
36 219 64 128 0.157001
37 219 64 128 0.151459
38 219 64 128 0.10465
39 219 64 128 0.0395676
40 219 64 128 0.0137163
30 220 64 128 0.0133913
31 220 64 128 0.0247562
32 220 64 128 0.0390126
33 220 64 128 0.0616085
34 220 64 128 0.113481
35 220 64 128 0.184713
36 220 64 128 0.204877
37 220 64 128 0.203763
38 220 64 128 0.141227
39 220 64 128 0.0482191
40 220 64 128 0.0195907
30 221 64 128 0.0158784
31 221 64 128 0.0312113
32 221 64 128 0.0518213
33 221 64 128 0.0888204
34 221 64 128 0.164662
35 221 64 128 0.255497
36 221 64 128 0.275588
37 221 64 128 0.284642
38 221 64 128 0.19867
39 221 64 128 0.060709
40 221 64 128 0.0302687
41 221 64 128 0.0116694
29 222 64 128 0.0104213
30 222 64 128 0.0211127
31 222 64 128 0.0428568
32 222 64 128 0.0662762
33 222 64 128 0.126384
34 222 64 128 0.229026
35 222 64 128 0.316481
36 222 64 128 0.345897
37 222 64 128 0.349565
38 222 64 128 0.238557
39 222 64 128 0.0783086
40 222 64 128 0.0398225
41 222 64 128 0.0153967
29 223 64 128 0.0141612
30 223 64 128 0.0299851
31 223 64 128 0.060166
32 223 64 128 0.0829259
33 223 64 128 0.172323
34 223 64 128 0.297719
35 223 64 128 0.352031
36 223 64 128 0.398147
37 223 64 128 0.376743
38 223 64 128 0.246495
39 223 64 128 0.0999076
40 223 64 128 0.0459087
41 223 64 128 0.0173048
29 224 64 128 0.0183541
30 224 64 128 0.039704
31 224 64 128 0.0752818
32 224 64 128 0.109076
33 224 64 128 0.218907
34 224 64 128 0.352138
35 224 64 128 0.38822
36 224 64 128 0.429794
37 224 64 128 0.398077
38 224 64 128 0.263613
39 224 64 128 0.119538
40 224 64 128 0.054585
41 224 64 128 0.0211078
29 225 64 128 0.0221774
30 225 64 128 0.047985
31 225 64 128 0.0835231
32 225 64 128 0.146971
33 225 64 128 0.257958
34 225 64 128 0.379629
35 225 64 128 0.441816
36 225 64 128 0.442284
37 225 64 128 0.435747
38 225 64 128 0.315615
39 225 64 128 0.132998
40 225 64 128 0.0696377
41 225 64 128 0.029195
42 225 64 128 0.0122004
29 226 64 128 0.0258403
30 226 64 128 0.0556601
31 226 64 128 0.0938052
32 226 64 128 0.179816
33 226 64 128 0.282184
34 226 64 128 0.390654
35 226 64 128 0.482814
36 226 64 128 0.443855
37 226 64 128 0.458982
38 226 64 128 0.356109
39 226 64 128 0.143738
40 226 64 128 0.0841475
41 226 64 128 0.0378137
42 226 64 128 0.0170651
43 226 64 128 0.0123308
28 227 64 128 0.0100823
29 227 64 128 0.0297835
30 227 64 128 0.0639946
31 227 64 128 0.114058
32 227 64 128 0.192203
33 227 64 128 0.287808
34 227 64 128 0.397952
35 227 64 128 0.482337
36 227 64 128 0.44362
37 227 64 128 0.438729
38 227 64 128 0.340393
39 227 64 128 0.156025
40 227 64 128 0.0920598
41 227 64 128 0.0437917
42 227 64 128 0.0226015
43 227 64 128 0.0149974
28 228 64 128 0.0122432
29 228 64 128 0.034572
30 228 64 128 0.0732625
31 228 64 128 0.133206
32 228 64 128 0.195379
33 228 64 128 0.288096
34 228 64 128 0.402149
35 228 64 128 0.46536
36 228 64 128 0.448188
37 228 64 128 0.409133
38 228 64 128 0.306499
39 228 64 128 0.170411
40 228 64 128 0.102737
41 228 64 128 0.0532316
42 228 64 128 0.0314031
43 228 64 128 0.0191485
28 229 64 128 0.0144694
29 229 64 128 0.040612
30 229 64 128 0.0831588
31 229 64 128 0.136633
32 229 64 128 0.206558
33 229 64 128 0.299331
34 229 64 128 0.400876
35 229 64 128 0.468372
36 229 64 128 0.46162
37 229 64 128 0.416427
38 229 64 128 0.309763
39 229 64 128 0.185581
40 229 64 128 0.127632
41 229 64 128 0.0733667
42 229 64 128 0.0460779
43 229 64 128 0.0281234
28 230 64 128 0.0166252
29 230 64 128 0.0466748
30 230 64 128 0.0912005
31 230 64 128 0.130457
32 230 64 128 0.222117
33 230 64 128 0.317905
34 230 64 128 0.398891
35 230 64 128 0.481347
36 230 64 128 0.473529
37 230 64 128 0.440474
38 230 64 128 0.330939
39 230 64 128 0.19453
40 230 64 128 0.15491
41 230 64 128 0.0963781
42 230 64 128 0.0622812
43 230 64 128 0.0389628
44 230 64 128 0.0136683
45 230 64 128 0.013083
28 231 64 128 0.0186656
29 231 64 128 0.0509208
30 231 64 128 0.0942769
31 231 64 128 0.130025
32 231 64 128 0.229145
33 231 64 128 0.331014
34 231 64 128 0.403474
35 231 64 128 0.4736
36 231 64 128 0.467269
37 231 64 128 0.431806
38 231 64 128 0.318024
39 231 64 128 0.188382
40 231 64 128 0.162977
41 231 64 128 0.108027
42 231 64 128 0.072771
43 231 64 128 0.0460763
44 231 64 128 0.0168094
45 231 64 128 0.0154534
28 232 64 128 0.0207887
29 232 64 128 0.0542876
30 232 64 128 0.0956254
31 232 64 128 0.136663
32 232 64 128 0.228706
33 232 64 128 0.334547
34 232 64 128 0.407734
35 232 64 128 0.446664
36 232 64 128 0.43853
37 232 64 128 0.389034
38 232 64 128 0.276084
39 232 64 128 0.171535
40 232 64 128 0.154598
41 232 64 128 0.108277
42 232 64 128 0.0778306
43 232 64 128 0.0506062
44 232 64 128 0.0193991
45 232 64 128 0.0169753
46 232 64 128 0.0109835
28 233 64 128 0.023338
29 233 64 128 0.0596526
30 233 64 128 0.102907
31 233 64 128 0.141413
32 233 64 128 0.231909
33 233 64 128 0.33083
34 233 64 128 0.394732
35 233 64 128 0.425372
36 233 64 128 0.392341
37 233 64 128 0.345884
38 233 64 128 0.251425
39 233 64 128 0.157893
40 233 64 128 0.150158
41 233 64 128 0.107433
42 233 64 128 0.0831475
43 233 64 128 0.0584653
44 233 64 128 0.024009
45 233 64 128 0.0204292
46 233 64 128 0.0126071
27 234 64 128 0.0107077
28 234 64 128 0.0256593
29 234 64 128 0.0662165
30 234 64 128 0.115214
31 234 64 128 0.141041
32 234 64 128 0.238581
33 234 64 128 0.319936
34 234 64 128 0.361914
35 234 64 128 0.412408
36 234 64 128 0.337294
37 234 64 128 0.312877
38 234 64 128 0.250909
39 234 64 128 0.15066
40 234 64 128 0.154138
41 234 64 128 0.108229
42 234 64 128 0.0884536
43 234 64 128 0.0684212
44 234 64 128 0.0301365
45 234 64 128 0.0255905
46 234 64 128 0.0144293
27 235 64 128 0.0115243
28 235 64 128 0.0260243
29 235 64 128 0.069121
30 235 64 128 0.122123
31 235 64 128 0.138954
32 235 64 128 0.235871
33 235 64 128 0.299319
34 235 64 128 0.322914
35 235 64 128 0.385404
36 235 64 128 0.285625
37 235 64 128 0.273949
38 235 64 128 0.236773
39 235 64 128 0.140971
40 235 64 128 0.152976
41 235 64 128 0.104783
42 235 64 128 0.0868158
43 235 64 128 0.0712751
44 235 64 128 0.0338445
45 235 64 128 0.0288723
46 235 64 128 0.0149647
27 236 64 128 0.0110742
28 236 64 128 0.0255678
29 236 64 128 0.0693557
30 236 64 128 0.122275
31 236 64 128 0.138686
32 236 64 128 0.220465
33 236 64 128 0.270623
34 236 64 128 0.285929
35 236 64 128 0.336337
36 236 64 128 0.244051
37 236 64 128 0.224357
38 236 64 128 0.194822
39 236 64 128 0.125662
40 236 64 128 0.140918
41 236 64 128 0.0964568
42 236 64 128 0.078656
43 236 64 128 0.065447
44 236 64 128 0.0338543
45 236 64 128 0.0290409
46 236 64 128 0.014267
26 237 64 128 0.0115764
27 237 64 128 0.0131377
28 237 64 128 0.0302804
29 237 64 128 0.0779944
30 237 64 128 0.130236
31 237 64 128 0.143406
32 237 64 128 0.206051
33 237 64 128 0.242701
34 237 64 128 0.248688
35 237 64 128 0.28327
36 237 64 128 0.209782
37 237 64 128 0.180532
38 237 64 128 0.154022
39 237 64 128 0.112118
40 237 64 128 0.126793
41 237 64 128 0.0920908
42 237 64 128 0.0772222
43 237 64 128 0.06274
44 237 64 128 0.0336148
45 237 64 128 0.0290768
46 237 64 128 0.0150649
26 238 64 128 0.0157188
27 238 64 128 0.0189772
28 238 64 128 0.041624
29 238 64 128 0.0981177
30 238 64 128 0.151451
31 238 64 128 0.15288
32 238 64 128 0.201981
33 238 64 128 0.223412
34 238 64 128 0.213622
35 238 64 128 0.243903
36 238 64 128 0.182631
37 238 64 128 0.155386
38 238 64 128 0.135907
39 238 64 128 0.105748
40 238 64 128 0.118083
41 238 64 128 0.0962004
42 238 64 128 0.088436
43 238 64 128 0.0694698
44 238 64 128 0.0352696
45 238 64 128 0.0307897
46 238 64 128 0.0184301
47 238 64 128 0.0102087
25 239 64 128 0.0102996
26 239 64 128 0.0180547
27 239 64 128 0.0225271
28 239 64 128 0.0483486
29 239 64 128 0.110003
30 239 64 128 0.164276
31 239 64 128 0.158296
32 239 64 128 0.202444
33 239 64 128 0.216335
34 239 64 128 0.197664
35 239 64 128 0.228706
36 239 64 128 0.171329
37 239 64 128 0.147754
38 239 64 128 0.132636
39 239 64 128 0.104373
40 239 64 128 0.115308
41 239 64 128 0.0999893
42 239 64 128 0.0964539
43 239 64 128 0.0747358
44 239 64 128 0.0364936
45 239 64 128 0.0319873
46 239 64 128 0.0205654
47 239 64 128 0.0117029
