265 0 64 128 0.0143352
266 0 64 128 0.0181979
267 0 64 128 0.0132347
300 0 64 128 0.0102966
265 1 64 128 0.0135383
266 1 64 128 0.0172608
267 1 64 128 0.0125782
300 1 64 128 0.0102308
265 2 64 128 0.012336
266 2 64 128 0.0162346
267 2 64 128 0.0120031
265 3 64 128 0.01219
266 3 64 128 0.0172378
267 3 64 128 0.0131427
265 4 64 128 0.0125184
266 4 64 128 0.0188235
267 4 64 128 0.0147124
226 5 64 128 0.010118
265 5 64 128 0.0120452
266 5 64 128 0.0184013
267 5 64 128 0.014504
226 6 64 128 0.0123533
227 6 64 128 0.0102871
265 6 64 128 0.0106334
266 6 64 128 0.0160777
267 6 64 128 0.0126518
226 7 64 128 0.0123649
227 7 64 128 0.0107088
266 7 64 128 0.0135251
267 7 64 128 0.0106457
226 8 64 128 0.0104465
266 8 64 128 0.0114039
226 10 64 128 0.0110172
227 10 64 128 0.0108029
226 11 64 128 0.0111146
227 11 64 128 0.0108138
226 14 64 128 0.0136142
227 14 64 128 0.013515
226 15 64 128 0.0181321
227 15 64 128 0.0181759
228 15 64 128 0.012054
229 15 64 128 0.010674
249 15 64 128 0.0105687
226 16 64 128 0.0192658
227 16 64 128 0.0198819
228 16 64 128 0.0140871
229 16 64 128 0.013296
249 16 64 128 0.0106184
226 17 64 128 0.0233032
227 17 64 128 0.0242741
228 17 64 128 0.0174105
229 17 64 128 0.0181928
249 17 64 128 0.0109496
300 17 64 128 0.0115539
225 18 64 128 0.0102191
226 18 64 128 0.0375558
227 18 64 128 0.0379079
228 18 64 128 0.0245468
229 18 64 128 0.0279518
230 18 64 128 0.01237
243 18 64 128 0.0129352
244 18 64 128 0.015435
249 18 64 128 0.0129277
250 18 64 128 0.0131228
260 18 64 128 0.0105055
300 18 64 128 0.0135447
225 19 64 128 0.0131988
226 19 64 128 0.0531422
227 19 64 128 0.0524992
228 19 64 128 0.03144
229 19 64 128 0.0375269
230 19 64 128 0.0170504
242 19 64 128 0.013348
243 19 64 128 0.0186356
244 19 64 128 0.022856
245 19 64 128 0.0113666
246 19 64 128 0.0115514
247 19 64 128 0.0122024
248 19 64 128 0.0104753
249 19 64 128 0.0160968
250 19 64 128 0.0172582
260 19 64 128 0.015338
261 19 64 128 0.010407
299 19 64 128 0.0118694
300 19 64 128 0.0159533
301 19 64 128 0.0106844
305 19 64 128 0.0107278
225 20 64 128 0.0124377
226 20 64 128 0.0551585
227 20 64 128 0.0543716
228 20 64 128 0.0318691
229 20 64 128 0.039334
230 20 64 128 0.0174949
241 20 64 128 0.0129311
242 20 64 128 0.0168878
243 20 64 128 0.0222394
244 20 64 128 0.0283197
245 20 64 128 0.0134342
246 20 64 128 0.0138706
247 20 64 128 0.0144315
248 20 64 128 0.0117601
249 20 64 128 0.0192376
250 20 64 128 0.0208398
259 20 64 128 0.010951
260 20 64 128 0.0187908
261 20 64 128 0.0131571
299 20 64 128 0.014308
300 20 64 128 0.0188324
301 20 64 128 0.0132455
303 20 64 128 0.0109368
304 20 64 128 0.0107849
305 20 64 128 0.0118191
225 21 64 128 0.0105202
226 21 64 128 0.0529137
227 21 64 128 0.0537892
228 21 64 128 0.0333308
229 21 64 128 0.0413487
230 21 64 128 0.0187414
241 21 64 128 0.0182279
242 21 64 128 0.0227689
243 21 64 128 0.0281299
244 21 64 128 0.0367879
245 21 64 128 0.0161054
246 21 64 128 0.0164602
247 21 64 128 0.0172215
248 21 64 128 0.0131704
249 21 64 128 0.022678
250 21 64 128 0.0252342
251 21 64 128 0.0103371
259 21 64 128 0.0129839
260 21 64 128 0.0237731
261 21 64 128 0.017579
299 21 64 128 0.0179919
300 21 64 128 0.0232992
301 21 64 128 0.0165797
302 21 64 128 0.0113288
303 21 64 128 0.0121228
304 21 64 128 0.0124598
305 21 64 128 0.0131704
225 22 64 128 0.0144944
226 22 64 128 0.0721784
227 22 64 128 0.0772176
228 22 64 128 0.0525202
229 22 64 128 0.0620433
230 22 64 128 0.0319384
231 22 64 128 0.0141382
241 22 64 128 0.0287124
242 22 64 128 0.0367264
243 22 64 128 0.0456595
244 22 64 128 0.0588681
245 22 64 128 0.0242824
246 22 64 128 0.0207564
247 22 64 128 0.0229456
248 22 64 128 0.0174147
249 22 64 128 0.0277929
250 22 64 128 0.0337564
251 22 64 128 0.0143088
259 22 64 128 0.0175913
260 22 64 128 0.0365403
261 22 64 128 0.0283318
262 22 64 128 0.012279
299 22 64 128 0.0252594
300 22 64 128 0.0311108
301 22 64 128 0.0211861
302 22 64 128 0.013315
303 22 64 128 0.0138586
304 22 64 128 0.0146018
305 22 64 128 0.0149642
225 23 64 128 0.0227799
226 23 64 128 0.107473
227 23 64 128 0.118286
228 23 64 128 0.0851618
229 23 64 128 0.0977827
230 23 64 128 0.0536905
231 23 64 128 0.024814
232 23 64 128 0.010786
240 23 64 128 0.011103
241 23 64 128 0.0441839
242 23 64 128 0.0583998
243 23 64 128 0.0724482
244 23 64 128 0.0902077
245 23 64 128 0.0365796
246 23 64 128 0.0264071
247 23 64 128 0.0306157
248 23 64 128 0.0235331
249 23 64 128 0.0337862
250 23 64 128 0.0450413
251 23 64 128 0.0195398
259 23 64 128 0.0242379
260 23 64 128 0.0555797
261 23 64 128 0.0438984
262 23 64 128 0.0187802
263 23 64 128 0.010159
265 23 64 128 0.0110204
266 23 64 128 0.0113251
298 23 64 128 0.0117264
299 23 64 128 0.0343518
300 23 64 128 0.0404542
301 23 64 128 0.0260104
302 23 64 128 0.0152845
303 23 64 128 0.0160454
304 23 64 128 0.01677
305 23 64 128 0.0168499
225 24 64 128 0.0244681
226 24 64 128 0.119551
227 24 64 128 0.135196
228 24 64 128 0.104404
229 24 64 128 0.121107
230 24 64 128 0.065008
231 24 64 128 0.0287127
232 24 64 128 0.011809
240 24 64 128 0.0142738
241 24 64 128 0.0607874
242 24 64 128 0.0808689
243 24 64 128 0.0934965
244 24 64 128 0.110366
245 24 64 128 0.0448438
246 24 64 128 0.0311424
247 24 64 128 0.0356361
248 24 64 128 0.0266171
249 24 64 128 0.0375334
250 24 64 128 0.0527025
251 24 64 128 0.0235231
259 24 64 128 0.029267
260 24 64 128 0.0710091
261 24 64 128 0.0561218
262 24 64 128 0.0234528
263 24 64 128 0.0126777
264 24 64 128 0.0119987
265 24 64 128 0.0138895
266 24 64 128 0.0142818
267 24 64 128 0.0106341
298 24 64 128 0.0136393
299 24 64 128 0.0391236
300 24 64 128 0.0457044
301 24 64 128 0.0283521
302 24 64 128 0.0162199
303 24 64 128 0.0174489
304 24 64 128 0.0174921
305 24 64 128 0.0179167
306 24 64 128 0.0100275
225 25 64 128 0.0189447
226 25 64 128 0.108166
227 25 64 128 0.129045
228 25 64 128 0.112239
229 25 64 128 0.134597
230 25 64 128 0.0707222
231 25 64 128 0.0311811
232 25 64 128 0.0127255
240 25 64 128 0.0180308
241 25 64 128 0.0800743
242 25 64 128 0.106184
243 25 64 128 0.110383
244 25 64 128 0.119209
245 25 64 128 0.0497495
246 25 64 128 0.0360417
247 25 64 128 0.0385996
248 25 64 128 0.0269698
249 25 64 128 0.0396847
250 25 64 128 0.0578356
251 25 64 128 0.026898
259 25 64 128 0.032347
260 25 64 128 0.0830528
261 25 64 128 0.0654574
262 25 64 128 0.0265667
263 25 64 128 0.0145775
264 25 64 128 0.0140549
265 25 64 128 0.0153461
266 25 64 128 0.0157747
267 25 64 128 0.0118344
298 25 64 128 0.0138502
299 25 64 128 0.0395212
300 25 64 128 0.0468
301 25 64 128 0.0286489
302 25 64 128 0.016614
303 25 64 128 0.0183077
304 25 64 128 0.0172706
305 25 64 128 0.0185336
306 25 64 128 0.0105321
225 26 64 128 0.0230832
226 26 64 128 0.139194
227 26 64 128 0.173515
228 26 64 128 0.159365
229 26 64 128 0.191581
230 26 64 128 0.115629
231 26 64 128 0.0636578
232 26 64 128 0.0293726
240 26 64 128 0.0290109
241 26 64 128 0.112671
242 26 64 128 0.151496
243 26 64 128 0.152648
244 26 64 128 0.150913
245 26 64 128 0.066866
246 26 64 128 0.0477782
247 26 64 128 0.0488238
248 26 64 128 0.0336842
249 26 64 128 0.0472138
250 26 64 128 0.0741021
251 26 64 128 0.0355765
259 26 64 128 0.0388058
260 26 64 128 0.109042
261 26 64 128 0.0869004
262 26 64 128 0.0349373
263 26 64 128 0.0186785
264 26 64 128 0.0179333
265 26 64 128 0.0214596
266 26 64 128 0.0217814
267 26 64 128 0.0167672
268 26 64 128 0.0105042
298 26 64 128 0.016468
299 26 64 128 0.0457465
300 26 64 128 0.0530319
301 26 64 128 0.0325727
302 26 64 128 0.019474
303 26 64 128 0.0213445
304 26 64 128 0.0198985
305 26 64 128 0.0211939
306 26 64 128 0.0124113
224 27 64 128 0.0135717
225 27 64 128 0.0439461
226 27 64 128 0.239361
227 27 64 128 0.298999
228 27 64 128 0.266157
229 27 64 128 0.311305
230 27 64 128 0.216487
231 27 64 128 0.137834
232 27 64 128 0.0668809
240 27 64 128 0.0486791
241 27 64 128 0.161309
242 27 64 128 0.221346
243 27 64 128 0.231456
244 27 64 128 0.222203
245 27 64 128 0.102811
246 27 64 128 0.0685695
247 27 64 128 0.0705043
248 27 64 128 0.0511662
249 27 64 128 0.0637235
250 27 64 128 0.107887
251 27 64 128 0.0526953
259 27 64 128 0.0514949
260 27 64 128 0.157248
261 27 64 128 0.128949
262 27 64 128 0.0534713
263 27 64 128 0.02693
264 27 64 128 0.0248991
265 27 64 128 0.0347535
266 27 64 128 0.0350559
267 27 64 128 0.0274243
268 27 64 128 0.0187271
269 27 64 128 0.0100052
298 27 64 128 0.0231448
299 27 64 128 0.0622788
300 27 64 128 0.068988
301 27 64 128 0.0430485
302 27 64 128 0.0261519
303 27 64 128 0.0275719
304 27 64 128 0.0267891
305 27 64 128 0.0266697
306 27 64 128 0.0160652
224 28 64 128 0.0180032
225 28 64 128 0.0602418
226 28 64 128 0.32309
227 28 64 128 0.411834
228 28 64 128 0.366585
229 28 64 128 0.416815
230 28 64 128 0.311322
231 28 64 128 0.210407
232 28 64 128 0.100901
233 28 64 128 0.0106047
240 28 64 128 0.0644216
241 28 64 128 0.207046
242 28 64 128 0.285521
243 28 64 128 0.305964
244 28 64 128 0.298631
245 28 64 128 0.138577
246 28 64 128 0.0882927
247 28 64 128 0.0931285
248 28 64 128 0.0701763
249 28 64 128 0.0830035
250 28 64 128 0.144638
251 28 64 128 0.0732979
258 28 64 128 0.0102696
259 28 64 128 0.065826
260 28 64 128 0.209544
261 28 64 128 0.180652
262 28 64 128 0.0808442
263 28 64 128 0.0384857
264 28 64 128 0.0331282
265 28 64 128 0.0475686
266 28 64 128 0.048989
267 28 64 128 0.038373
268 28 64 128 0.0258029
269 28 64 128 0.0135524
298 28 64 128 0.0284738
299 28 64 128 0.0770461
300 28 64 128 0.0854425
301 28 64 128 0.054987
302 28 64 128 0.0333156
303 28 64 128 0.0331893
304 28 64 128 0.0326949
305 28 64 128 0.0309738
306 28 64 128 0.0193968
224 29 64 128 0.016114
225 29 64 128 0.0576809
226 29 64 128 0.325006
227 29 64 128 0.439476
228 29 64 128 0.410365
229 29 64 128 0.45036
230 29 64 128 0.35491
231 29 64 128 0.251243
232 29 64 128 0.116928
240 29 64 128 0.0670719
241 29 64 128 0.236824
242 29 64 128 0.321854
243 29 64 128 0.342905
244 29 64 128 0.350053
245 29 64 128 0.159557
246 29 64 128 0.09914
247 29 64 128 0.107784
248 29 64 128 0.0837867
249 29 64 128 0.100605
250 29 64 128 0.172582
251 29 64 128 0.0934417
258 29 64 128 0.0136826
259 29 64 128 0.07962
260 29 64 128 0.252743
261 29 64 128 0.234346
262 29 64 128 0.11707
263 29 64 128 0.0536309
264 29 64 128 0.0422257
265 29 64 128 0.0554125
266 29 64 128 0.0598305
267 29 64 128 0.04678
268 29 64 128 0.0287694
269 29 64 128 0.0160946
298 29 64 128 0.0291636
299 29 64 128 0.0826056
300 29 64 128 0.0964873
301 29 64 128 0.0647569
302 29 64 128 0.0385053
303 29 64 128 0.0355013
304 29 64 128 0.0337447
305 29 64 128 0.0313558
306 29 64 128 0.0208045
307 29 64 128 0.0102164
224 30 64 128 0.0178651
225 30 64 128 0.0660786
226 30 64 128 0.32509
227 30 64 128 0.465285
228 30 64 128 0.45985
229 30 64 128 0.486093
230 30 64 128 0.414021
231 30 64 128 0.314137
232 30 64 128 0.156286
233 30 64 128 0.0216599
240 30 64 128 0.0692488
241 30 64 128 0.273374
242 30 64 128 0.360159
243 30 64 128 0.369404
244 30 64 128 0.393474
245 30 64 128 0.183509
246 30 64 128 0.109646
247 30 64 128 0.120526
248 30 64 128 0.102175
249 30 64 128 0.124767
250 30 64 128 0.203195
251 30 64 128 0.117941
252 30 64 128 0.018842
258 30 64 128 0.0200515
259 30 64 128 0.104497
260 30 64 128 0.308586
261 30 64 128 0.306719
262 30 64 128 0.171077
263 30 64 128 0.078719
264 30 64 128 0.0591955
265 30 64 128 0.0721701
266 30 64 128 0.0805233
267 30 64 128 0.0643413
268 30 64 128 0.0390963
269 30 64 128 0.023765
298 30 64 128 0.0343508
299 30 64 128 0.0993674
300 30 64 128 0.117334
301 30 64 128 0.0791647
302 30 64 128 0.0454397
303 30 64 128 0.0389745
304 30 64 128 0.0353835
305 30 64 128 0.0327064
306 30 64 128 0.0221003
307 30 64 128 0.0106261
224 31 64 128 0.0332063
225 31 64 128 0.115096
226 31 64 128 0.413381
227 31 64 128 0.583405
228 31 64 128 0.583131
229 31 64 128 0.606242
230 31 64 128 0.559416
231 31 64 128 0.453952
232 31 64 128 0.258994
233 31 64 128 0.0706089
240 31 64 128 0.0850209
241 31 64 128 0.339275
242 31 64 128 0.432692
243 31 64 128 0.419416
244 31 64 128 0.451021
245 31 64 128 0.229859
246 31 64 128 0.12962
247 31 64 128 0.138884
248 31 64 128 0.135564
249 31 64 128 0.163028
250 31 64 128 0.249214
251 31 64 128 0.151713
252 31 64 128 0.0322896
258 31 64 128 0.0308855
259 31 64 128 0.151563
260 31 64 128 0.400001
261 31 64 128 0.414468
262 31 64 128 0.250559
263 31 64 128 0.119319
264 31 64 128 0.0905955
265 31 64 128 0.111576
266 31 64 128 0.123513
267 31 64 128 0.102238
268 31 64 128 0.0680199
269 31 64 128 0.0423347
270 31 64 128 0.0143897
298 31 64 128 0.0528591
299 31 64 128 0.146955
300 31 64 128 0.162658
301 31 64 128 0.104835
302 31 64 128 0.0579681
303 31 64 128 0.0485325
304 31 64 128 0.0436172
305 31 64 128 0.0402245
306 31 64 128 0.025353
307 31 64 128 0.0107961
223 32 64 128 0.0133657
224 32 64 128 0.0502928
225 32 64 128 0.166947
226 32 64 128 0.523078
227 32 64 128 0.71972
228 32 64 128 0.714009
229 32 64 128 0.744185
230 32 64 128 0.717759
231 32 64 128 0.605652
232 32 64 128 0.372774
233 32 64 128 0.124567
239 32 64 128 0.0105629
240 32 64 128 0.104598
241 32 64 128 0.402189
242 32 64 128 0.508496
243 32 64 128 0.478176
244 32 64 128 0.505497
245 32 64 128 0.279574
246 32 64 128 0.152122
247 32 64 128 0.156946
248 32 64 128 0.168678
249 32 64 128 0.199469
250 32 64 128 0.29615
251 32 64 128 0.187123
252 32 64 128 0.0475076
253 32 64 128 0.0104
258 32 64 128 0.0441251
259 32 64 128 0.207929
260 32 64 128 0.504631
261 32 64 128 0.537621
262 32 64 128 0.342139
263 32 64 128 0.16699
264 32 64 128 0.129066
265 32 64 128 0.15872
266 32 64 128 0.172999
267 32 64 128 0.146558
268 32 64 128 0.103575
269 32 64 128 0.0648268
270 32 64 128 0.0225483
298 32 64 128 0.0728322
299 32 64 128 0.198121
300 32 64 128 0.211967
301 32 64 128 0.131526
302 32 64 128 0.0714356
303 32 64 128 0.0611321
304 32 64 128 0.053885
305 32 64 128 0.0495002
306 32 64 128 0.0290767
307 32 64 128 0.0108716
223 33 64 128 0.0146243
224 33 64 128 0.0518036
225 33 64 128 0.166445
226 33 64 128 0.542119
227 33 64 128 0.751576
228 33 64 128 0.748469
229 33 64 128 0.789842
230 33 64 128 0.774828
231 33 64 128 0.67094
232 33 64 128 0.420921
233 33 64 128 0.140923
239 33 64 128 0.0108441
240 33 64 128 0.110947
241 33 64 128 0.415365
242 33 64 128 0.5385
243 33 64 128 0.515181
244 33 64 128 0.528722
245 33 64 128 0.302684
246 33 64 128 0.165225
247 33 64 128 0.164943
248 33 64 128 0.179359
249 33 64 128 0.212332
250 33 64 128 0.322235
251 33 64 128 0.213541
252 33 64 128 0.0629712
253 33 64 128 0.0154897
258 33 64 128 0.0567779
259 33 64 128 0.253598
260 33 64 128 0.586069
261 33 64 128 0.644066
262 33 64 128 0.425903
263 33 64 128 0.209797
264 33 64 128 0.163205
265 33 64 128 0.19119
266 33 64 128 0.206032
267 33 64 128 0.17712
268 33 64 128 0.128144
269 33 64 128 0.0813789
270 33 64 128 0.0268578
298 33 64 128 0.0771528
299 33 64 128 0.213279
300 33 64 128 0.235427
301 33 64 128 0.145008
302 33 64 128 0.0793912
303 33 64 128 0.0715658
304 33 64 128 0.0587722
305 33 64 128 0.0534411
306 33 64 128 0.0308449
307 33 64 128 0.0109335
223 34 64 128 0.0154827
224 34 64 128 0.0496563
225 34 64 128 0.14426
226 34 64 128 0.508983
227 34 64 128 0.717988
228 34 64 128 0.720906
229 34 64 128 0.770861
230 34 64 128 0.761885
231 34 64 128 0.680374
232 34 64 128 0.437844
233 34 64 128 0.14708
240 34 64 128 0.106301
241 34 64 128 0.399476
242 34 64 128 0.535647
243 34 64 128 0.529498
244 34 64 128 0.534015
245 34 64 128 0.307772
246 34 64 128 0.171478
247 34 64 128 0.166216
248 34 64 128 0.174799
249 34 64 128 0.211885
250 34 64 128 0.337756
251 34 64 128 0.238777
252 34 64 128 0.0822778
253 34 64 128 0.0220789
258 34 64 128 0.070268
259 34 64 128 0.289745
260 34 64 128 0.641382
261 34 64 128 0.720928
262 34 64 128 0.49756
263 34 64 128 0.254862
264 34 64 128 0.1947
265 34 64 128 0.221875
266 34 64 128 0.237065
267 34 64 128 0.207813
268 34 64 128 0.157052
269 34 64 128 0.102475
270 34 64 128 0.0343968
271 34 64 128 0.0106431
298 34 64 128 0.0757727
299 34 64 128 0.209922
300 34 64 128 0.245221
301 34 64 128 0.156219
302 34 64 128 0.0902807
303 34 64 128 0.0836481
304 34 64 128 0.0630109
305 34 64 128 0.055108
306 34 64 128 0.032517
307 34 64 128 0.0120078
223 35 64 128 0.0212621
224 35 64 128 0.0710114
225 35 64 128 0.176601
226 35 64 128 0.543425
227 35 64 128 0.745748
228 35 64 128 0.741097
229 35 64 128 0.790396
230 35 64 128 0.789697
231 35 64 128 0.734314
232 35 64 128 0.516862
233 35 64 128 0.206809
234 35 64 128 0.0159582
240 35 64 128 0.103414
241 35 64 128 0.411097
242 35 64 128 0.546386
243 35 64 128 0.5366
244 35 64 128 0.556542
245 35 64 128 0.324274
246 35 64 128 0.181287
247 35 64 128 0.171164
248 35 64 128 0.178148
249 35 64 128 0.225492
250 35 64 128 0.369912
251 35 64 128 0.280109
252 35 64 128 0.111474
253 35 64 128 0.0310432
257 35 64 128 0.0103009
258 35 64 128 0.0882957
259 35 64 128 0.329183
260 35 64 128 0.686617
261 35 64 128 0.767158
262 35 64 128 0.561776
263 35 64 128 0.319303
264 35 64 128 0.232425
265 35 64 128 0.281973
266 35 64 128 0.300222
267 35 64 128 0.270481
268 35 64 128 0.222687
269 35 64 128 0.149275
270 35 64 128 0.0583454
271 35 64 128 0.0198617
272 35 64 128 0.0110732
297 35 64 128 0.0150516
298 35 64 128 0.0928603
299 35 64 128 0.235989
300 35 64 128 0.27576
301 35 64 128 0.189005
302 35 64 128 0.119927
303 35 64 128 0.105621
304 35 64 128 0.0775841
305 35 64 128 0.0629071
306 35 64 128 0.0381198
307 35 64 128 0.0155121
223 36 64 128 0.0298917
224 36 64 128 0.10843
225 36 64 128 0.252378
226 36 64 128 0.638074
227 36 64 128 0.834277
228 36 64 128 0.814058
229 36 64 128 0.8564
230 36 64 128 0.863888
231 36 64 128 0.828795
232 36 64 128 0.637731
233 36 64 128 0.298591
234 36 64 128 0.0265959
240 36 64 128 0.101065
241 36 64 128 0.441001
242 36 64 128 0.565309
243 36 64 128 0.534933
244 36 64 128 0.586314
245 36 64 128 0.349859
246 36 64 128 0.193582
247 36 64 128 0.178743
248 36 64 128 0.189946
249 36 64 128 0.249889
250 36 64 128 0.411588
251 36 64 128 0.330209
252 36 64 128 0.146498
253 36 64 128 0.0416027
257 36 64 128 0.0143478
258 36 64 128 0.10885
259 36 64 128 0.370684
260 36 64 128 0.726281
261 36 64 128 0.791734
262 36 64 128 0.619724
263 36 64 128 0.398888
264 36 64 128 0.27642
265 36 64 128 0.359263
266 36 64 128 0.388544
267 36 64 128 0.360237
268 36 64 128 0.316406
269 36 64 128 0.220141
270 36 64 128 0.09587
271 36 64 128 0.0351559
272 36 64 128 0.0168595
297 36 64 128 0.0245737
298 36 64 128 0.122463
299 36 64 128 0.284332
300 36 64 128 0.317594
301 36 64 128 0.233532
302 36 64 128 0.159383
303 36 64 128 0.129956
304 36 64 128 0.0975752
305 36 64 128 0.074179
306 36 64 128 0.0453728
307 36 64 128 0.0198881
223 37 64 128 0.0329715
224 37 64 128 0.1247
225 37 64 128 0.285098
226 37 64 128 0.675395
227 37 64 128 0.872352
228 37 64 128 0.853579
229 37 64 128 0.89375
230 37 64 128 0.89853
231 37 64 128 0.869381
232 37 64 128 0.682432
233 37 64 128 0.327804
234 37 64 128 0.0298771
240 37 64 128 0.0859514
241 37 64 128 0.423206
242 37 64 128 0.542235
243 37 64 128 0.508362
244 37 64 128 0.574728
245 37 64 128 0.354689
246 37 64 128 0.197356
247 37 64 128 0.178063
248 37 64 128 0.191134
249 37 64 128 0.255438
250 37 64 128 0.426198
251 37 64 128 0.360689
252 37 64 128 0.174671
253 37 64 128 0.0515546
257 37 64 128 0.0181188
258 37 64 128 0.124974
259 37 64 128 0.400837
260 37 64 128 0.754676
261 37 64 128 0.812059
262 37 64 128 0.669443
263 37 64 128 0.470869
264 37 64 128 0.319068
265 37 64 128 0.404335
266 37 64 128 0.459542
267 37 64 128 0.440298
268 37 64 128 0.394135
269 37 64 128 0.293599
270 37 64 128 0.130397
271 37 64 128 0.0507785
272 37 64 128 0.0261146
297 37 64 128 0.02754
298 37 64 128 0.132651
299 37 64 128 0.300207
300 37 64 128 0.323557
301 37 64 128 0.251015
302 37 64 128 0.178446
303 37 64 128 0.135709
304 37 64 128 0.104412
305 37 64 128 0.0767473
306 37 64 128 0.0466003
307 37 64 128 0.0210432
223 38 64 128 0.0300012
224 38 64 128 0.114007
225 38 64 128 0.259502
226 38 64 128 0.633861
227 38 64 128 0.837372
228 38 64 128 0.838665
229 38 64 128 0.882889
230 38 64 128 0.874835
231 38 64 128 0.83906
232 38 64 128 0.637929
233 38 64 128 0.288031
234 38 64 128 0.0254518
240 38 64 128 0.0573208
241 38 64 128 0.349654
242 38 64 128 0.473095
243 38 64 128 0.463046
244 38 64 128 0.525025
245 38 64 128 0.334277
246 38 64 128 0.190814
247 38 64 128 0.169455
248 38 64 128 0.180285
249 38 64 128 0.241142
250 38 64 128 0.411268
251 38 64 128 0.369549
252 38 64 128 0.194865
253 38 64 128 0.0601343
257 38 64 128 0.0203423
258 38 64 128 0.133638
259 38 64 128 0.417201
260 38 64 128 0.771981
261 38 64 128 0.835258
262 38 64 128 0.710655
263 38 64 128 0.526525
264 38 64 128 0.360055
265 38 64 128 0.413984
266 38 64 128 0.501513
267 38 64 128 0.496378
268 38 64 128 0.443749
269 38 64 128 0.360581
270 38 64 128 0.161079
271 38 64 128 0.0687972
272 38 64 128 0.0397449
273 38 64 128 0.0101473
297 38 64 128 0.0220317
298 38 64 128 0.116947
299 38 64 128 0.273519
300 38 64 128 0.288556
301 38 64 128 0.233665
302 38 64 128 0.170291
303 38 64 128 0.121352
304 38 64 128 0.0946539
305 38 64 128 0.0689143
306 38 64 128 0.0409001
307 38 64 128 0.0182493
223 39 64 128 0.0310734
224 39 64 128 0.112878
225 39 64 128 0.256752
226 39 64 128 0.622293
227 39 64 128 0.82747
228 39 64 128 0.837639
229 39 64 128 0.880626
230 39 64 128 0.865876
231 39 64 128 0.826056
232 39 64 128 0.632678
233 39 64 128 0.291304
234 39 64 128 0.0264376
240 39 64 128 0.031377
241 39 64 128 0.290534
242 39 64 128 0.416092
243 39 64 128 0.434881
244 39 64 128 0.50983
245 39 64 128 0.31852
246 39 64 128 0.184653
247 39 64 128 0.168344
248 39 64 128 0.179897
249 39 64 128 0.244601
250 39 64 128 0.410231
251 39 64 128 0.390214
252 39 64 128 0.221442
253 39 64 128 0.0685438
257 39 64 128 0.0195523
258 39 64 128 0.137172
259 39 64 128 0.432196
260 39 64 128 0.786485
261 39 64 128 0.854615
262 39 64 128 0.745405
263 39 64 128 0.576284
264 39 64 128 0.408879
265 39 64 128 0.446944
266 39 64 128 0.544569
267 39 64 128 0.545047
268 39 64 128 0.496469
269 39 64 128 0.429117
270 39 64 128 0.208175
271 39 64 128 0.101659
272 39 64 128 0.0585555
273 39 64 128 0.0138498
274 39 64 128 0.0113324
297 39 64 128 0.0168762
298 39 64 128 0.103318
299 39 64 128 0.254655
300 39 64 128 0.264152
301 39 64 128 0.215525
302 39 64 128 0.159624
303 39 64 128 0.111338
304 39 64 128 0.0852616
305 39 64 128 0.0631033
306 39 64 128 0.0364641
307 39 64 128 0.0152926
223 40 64 128 0.0394154
224 40 64 128 0.134763
225 40 64 128 0.306461
226 40 64 128 0.681736
227 40 64 128 0.881486
228 40 64 128 0.879249
229 40 64 128 0.912188
230 40 64 128 0.904428
231 40 64 128 0.869082
232 40 64 128 0.717878
233 40 64 128 0.379642
234 40 64 128 0.0372643
240 40 64 128 0.0182805
241 40 64 128 0.281099
242 40 64 128 0.401556
243 40 64 128 0.439988
244 40 64 128 0.556509
245 40 64 128 0.324285
246 40 64 128 0.185638
247 40 64 128 0.181706
248 40 64 128 0.201891
249 40 64 128 0.28364
250 40 64 128 0.446542
251 40 64 128 0.439907
252 40 64 128 0.262704
253 40 64 128 0.0800096
257 40 64 128 0.0157496
258 40 64 128 0.136651
259 40 64 128 0.448303
260 40 64 128 0.799494
261 40 64 128 0.865552
262 40 64 128 0.772745
263 40 64 128 0.62067
264 40 64 128 0.461242
265 40 64 128 0.519004
266 40 64 128 0.597306
267 40 64 128 0.592076
268 40 64 128 0.56327
269 40 64 128 0.499019
270 40 64 128 0.274152
271 40 64 128 0.148787
272 40 64 128 0.0800872
273 40 64 128 0.0195673
274 40 64 128 0.0147831
297 40 64 128 0.0170135
298 40 64 128 0.105726
299 40 64 128 0.265401
300 40 64 128 0.273667
301 40 64 128 0.215016
302 40 64 128 0.160422
303 40 64 128 0.117658
304 40 64 128 0.0852906
305 40 64 128 0.0652458
306 40 64 128 0.0373546
307 40 64 128 0.0143873
223 41 64 128 0.043245
224 41 64 128 0.141759
225 41 64 128 0.323287
226 41 64 128 0.701607
227 41 64 128 0.904713
228 41 64 128 0.901924
229 41 64 128 0.930058
230 41 64 128 0.931173
231 41 64 128 0.894743
232 41 64 128 0.772834
233 41 64 128 0.440617
234 41 64 128 0.0433599
240 41 64 128 0.0139534
241 41 64 128 0.276955
242 41 64 128 0.396289
243 41 64 128 0.45136
244 41 64 128 0.593537
245 41 64 128 0.338033
246 41 64 128 0.191072
247 41 64 128 0.197775
248 41 64 128 0.234036
249 41 64 128 0.331769
250 41 64 128 0.497949
251 41 64 128 0.499025
252 41 64 128 0.312878
253 41 64 128 0.101498
257 41 64 128 0.0118656
258 41 64 128 0.129944
259 41 64 128 0.44633
260 41 64 128 0.797409
261 41 64 128 0.869582
262 41 64 128 0.785496
263 41 64 128 0.638033
264 41 64 128 0.48422
265 41 64 128 0.552646
266 41 64 128 0.620137
267 41 64 128 0.617729
268 41 64 128 0.609247
269 41 64 128 0.551548
270 41 64 128 0.323431
271 41 64 128 0.18244
272 41 64 128 0.0954353
273 41 64 128 0.0245707
274 41 64 128 0.0175169
275 41 64 128 0.0115445
297 41 64 128 0.0182465
298 41 64 128 0.105785
299 41 64 128 0.262821
300 41 64 128 0.276915
301 41 64 128 0.214027
302 41 64 128 0.161192
303 41 64 128 0.124164
304 41 64 128 0.0854127
305 41 64 128 0.0665292
306 41 64 128 0.0382399
307 41 64 128 0.0140296
223 42 64 128 0.0354857
224 42 64 128 0.1116
225 42 64 128 0.256436
226 42 64 128 0.614101
227 42 64 128 0.837038
228 42 64 128 0.865682
229 42 64 128 0.903126
230 42 64 128 0.905516
231 42 64 128 0.854688
232 42 64 128 0.717874
233 42 64 128 0.399135
234 42 64 128 0.0358083
240 42 64 128 0.013157
241 42 64 128 0.243027
242 42 64 128 0.371385
243 42 64 128 0.445159
244 42 64 128 0.568909
245 42 64 128 0.347298
246 42 64 128 0.198532
247 42 64 128 0.207064
248 42 64 128 0.263658
249 42 64 128 0.365747
250 42 64 128 0.53976
251 42 64 128 0.547229
252 42 64 128 0.363314
253 42 64 128 0.133956
257 42 64 128 0.0101531
258 42 64 128 0.115246
259 42 64 128 0.411371
260 42 64 128 0.769451
261 42 64 128 0.865451
262 42 64 128 0.778226
263 42 64 128 0.615559
264 42 64 128 0.457246
265 42 64 128 0.499054
266 42 64 128 0.589632
267 42 64 128 0.610023
268 42 64 128 0.610981
269 42 64 128 0.574378
270 42 64 128 0.333079
271 42 64 128 0.186321
272 42 64 128 0.100282
273 42 64 128 0.0269255
274 42 64 128 0.0188048
275 42 64 128 0.0118991
297 42 64 128 0.0169165
298 42 64 128 0.089584
299 42 64 128 0.217023
300 42 64 128 0.244033
301 42 64 128 0.198023
302 42 64 128 0.152716
303 42 64 128 0.118383
304 42 64 128 0.0783931
305 42 64 128 0.0604771
306 42 64 128 0.0351702
307 42 64 128 0.0130438
223 43 64 128 0.0288512
224 43 64 128 0.0883268
225 43 64 128 0.20214
226 43 64 128 0.536777
227 43 64 128 0.7722
228 43 64 128 0.829052
229 43 64 128 0.87661
230 43 64 128 0.877232
231 43 64 128 0.817474
232 43 64 128 0.660619
233 43 64 128 0.349841
234 43 64 128 0.0298261
240 43 64 128 0.0122199
241 43 64 128 0.201381
242 43 64 128 0.333894
243 43 64 128 0.422758
244 43 64 128 0.525878
245 43 64 128 0.353807
246 43 64 128 0.209835
247 43 64 128 0.213792
248 43 64 128 0.285393
249 43 64 128 0.388207
250 43 64 128 0.556257
251 43 64 128 0.575181
252 43 64 128 0.401626
253 43 64 128 0.158577
258 43 64 128 0.0929092
259 43 64 128 0.349409
260 43 64 128 0.71883
261 43 64 128 0.841264
262 43 64 128 0.753085
263 43 64 128 0.575422
264 43 64 128 0.407847
265 43 64 128 0.430755
266 43 64 128 0.549106
267 43 64 128 0.589869
268 43 64 128 0.596685
269 43 64 128 0.581469
270 43 64 128 0.332514
271 43 64 128 0.188903
272 43 64 128 0.106662
273 43 64 128 0.0282295
274 43 64 128 0.0188604
275 43 64 128 0.011987
297 43 64 128 0.0142957
298 43 64 128 0.0685114
299 43 64 128 0.16128
300 43 64 128 0.199565
301 43 64 128 0.17654
302 43 64 128 0.141886
303 43 64 128 0.109204
304 43 64 128 0.0700085
305 43 64 128 0.0530595
306 43 64 128 0.0318001
307 43 64 128 0.0125945
223 44 64 128 0.0352451
224 44 64 128 0.112587
225 44 64 128 0.249957
226 44 64 128 0.580888
227 44 64 128 0.800835
228 44 64 128 0.849047
229 44 64 128 0.893858
230 44 64 128 0.895861
231 44 64 128 0.84912
232 44 64 128 0.705974
233 44 64 128 0.386563
234 44 64 128 0.0394804
241 44 64 128 0.177327
242 44 64 128 0.295515
243 44 64 128 0.390327
244 44 64 128 0.511261
245 44 64 128 0.359923
246 44 64 128 0.225457
247 44 64 128 0.222772
248 44 64 128 0.29627
249 44 64 128 0.404699
250 44 64 128 0.540065
251 44 64 128 0.578387
252 44 64 128 0.41716
253 44 64 128 0.158622
258 44 64 128 0.0648321
259 44 64 128 0.271495
260 44 64 128 0.650433
261 44 64 128 0.787865
262 44 64 128 0.714285
263 44 64 128 0.539997
264 44 64 128 0.365732
265 44 64 128 0.419489
266 44 64 128 0.539147
267 44 64 128 0.57684
268 44 64 128 0.594661
269 44 64 128 0.586467
270 44 64 128 0.350906
271 44 64 128 0.21659
272 44 64 128 0.124628
273 44 64 128 0.0300605
274 44 64 128 0.0180365
275 44 64 128 0.0126516
297 44 64 128 0.0121669
298 44 64 128 0.0553431
299 44 64 128 0.130908
300 44 64 128 0.170811
301 44 64 128 0.160089
302 44 64 128 0.135713
303 44 64 128 0.106355
304 44 64 128 0.0664767
305 44 64 128 0.0506259
306 44 64 128 0.0319269
307 44 64 128 0.0137683
223 45 64 128 0.0444202
224 45 64 128 0.147546
225 45 64 128 0.321702
226 45 64 128 0.656413
227 45 64 128 0.856862
228 45 64 128 0.884623
229 45 64 128 0.918832
230 45 64 128 0.926549
231 45 64 128 0.895661
232 45 64 128 0.77315
233 45 64 128 0.442786
234 45 64 128 0.0510467
241 45 64 128 0.159205
242 45 64 128 0.257295
243 45 64 128 0.354018
244 45 64 128 0.501336
245 45 64 128 0.357988
246 45 64 128 0.235484
247 45 64 128 0.229035
248 45 64 128 0.298151
249 45 64 128 0.411022
250 45 64 128 0.51589
251 45 64 128 0.565651
252 45 64 128 0.411101
253 45 64 128 0.145577
258 45 64 128 0.0384302
259 45 64 128 0.193951
260 45 64 128 0.564363
261 45 64 128 0.719184
262 45 64 128 0.669023
263 45 64 128 0.500384
264 45 64 128 0.326836
265 45 64 128 0.421387
266 45 64 128 0.52565
267 45 64 128 0.553739
268 45 64 128 0.58608
269 45 64 128 0.577276
270 45 64 128 0.367966
271 45 64 128 0.244531
272 45 64 128 0.1396
273 45 64 128 0.0306432
274 45 64 128 0.0164922
275 45 64 128 0.0127879
297 45 64 128 0.0102384
298 45 64 128 0.0462435
299 45 64 128 0.112886
300 45 64 128 0.148267
301 45 64 128 0.141701
302 45 64 128 0.126911
303 45 64 128 0.103952
304 45 64 128 0.0641591
305 45 64 128 0.0498917
306 45 64 128 0.0330294
307 45 64 128 0.0151184
223 46 64 128 0.0419914
224 46 64 128 0.141954
225 46 64 128 0.30828
226 46 64 128 0.635537
227 46 64 128 0.843915
228 46 64 128 0.87601
229 46 64 128 0.901276
230 46 64 128 0.918193
231 46 64 128 0.880876
232 46 64 128 0.746795
233 46 64 128 0.421604
234 46 64 128 0.0459061
241 46 64 128 0.127541
242 46 64 128 0.217409
243 46 64 128 0.319344
244 46 64 128 0.458258
245 46 64 128 0.339433
246 46 64 128 0.229203
247 46 64 128 0.226136
248 46 64 128 0.294436
249 46 64 128 0.401721
250 46 64 128 0.512739
251 46 64 128 0.549149
252 46 64 128 0.389131
253 46 64 128 0.136729
258 46 64 128 0.0216268
259 46 64 128 0.132814
260 46 64 128 0.460688
261 46 64 128 0.65249
262 46 64 128 0.623079
263 46 64 128 0.440919
264 46 64 128 0.278932
265 46 64 128 0.368629
266 46 64 128 0.46046
267 46 64 128 0.49647
268 46 64 128 0.542126
269 46 64 128 0.536825
270 46 64 128 0.353037
271 46 64 128 0.2378
272 46 64 128 0.132685
273 46 64 128 0.027613
274 46 64 128 0.0143481
275 46 64 128 0.0109877
298 46 64 128 0.0336926
299 46 64 128 0.0836302
300 46 64 128 0.114648
301 46 64 128 0.111593
302 46 64 128 0.106125
303 46 64 128 0.0931107
304 46 64 128 0.0574313
305 46 64 128 0.0455069
306 46 64 128 0.0312534
307 46 64 128 0.0147253
223 47 64 128 0.0334165
224 47 64 128 0.114458
225 47 64 128 0.254153
226 47 64 128 0.569232
227 47 64 128 0.79819
228 47 64 128 0.84815
229 47 64 128 0.86681
230 47 64 128 0.891501
231 47 64 128 0.837269
232 47 64 128 0.678907
233 47 64 128 0.366353
234 47 64 128 0.032648
241 47 64 128 0.0889142
242 47 64 128 0.176717
243 47 64 128 0.286882
244 47 64 128 0.400045
245 47 64 128 0.312141
246 47 64 128 0.214121
247 47 64 128 0.219108
248 47 64 128 0.289155
249 47 64 128 0.384517
250 47 64 128 0.517676
251 47 64 128 0.536077
252 47 64 128 0.364141
253 47 64 128 0.128214
258 47 64 128 0.0133388
259 47 64 128 0.0895562
260 47 64 128 0.350503
261 47 64 128 0.57683
262 47 64 128 0.564182
263 47 64 128 0.366768
264 47 64 128 0.225598
265 47 64 128 0.278621
266 47 64 128 0.361539
267 47 64 128 0.413669
268 47 64 128 0.466988
269 47 64 128 0.469797
270 47 64 128 0.310969
271 47 64 128 0.203514
272 47 64 128 0.109324
273 47 64 128 0.0218983
274 47 64 128 0.0118797
298 47 64 128 0.0205247
299 47 64 128 0.0508789
300 47 64 128 0.0785969
301 47 64 128 0.079161
302 47 64 128 0.0814601
303 47 64 128 0.0782787
304 47 64 128 0.0483708
305 47 64 128 0.0386789
306 47 64 128 0.0272166
307 47 64 128 0.0129439
223 48 64 128 0.0322534
224 48 64 128 0.112277
225 48 64 128 0.265746
226 48 64 128 0.580008
227 48 64 128 0.8087
228 48 64 128 0.859316
229 48 64 128 0.870417
230 48 64 128 0.895667
231 48 64 128 0.840492
232 48 64 128 0.688148
233 48 64 128 0.376678
234 48 64 128 0.0309223
241 48 64 128 0.0609571
242 48 64 128 0.137426
243 48 64 128 0.255023
244 48 64 128 0.367582
245 48 64 128 0.290585
246 48 64 128 0.205015
247 48 64 128 0.217271
248 48 64 128 0.286088
249 48 64 128 0.372426
250 48 64 128 0.500519
251 48 64 128 0.530649
252 48 64 128 0.351325
253 48 64 128 0.107748
259 48 64 128 0.0589484
260 48 64 128 0.249576
261 48 64 128 0.470663
262 48 64 128 0.47386
263 48 64 128 0.292294
264 48 64 128 0.177196
265 48 64 128 0.205347
266 48 64 128 0.275078
267 48 64 128 0.328323
268 48 64 128 0.379755
269 48 64 128 0.390566
270 48 64 128 0.262212
271 48 64 128 0.167095
272 48 64 128 0.0855045
273 48 64 128 0.01589
298 48 64 128 0.0138416
299 48 64 128 0.035362
300 48 64 128 0.0593728
301 48 64 128 0.061448
302 48 64 128 0.0680653
303 48 64 128 0.0694579
304 48 64 128 0.0423294
305 48 64 128 0.0334776
306 48 64 128 0.0235244
307 48 64 128 0.0111401
223 49 64 128 0.0360846
224 49 64 128 0.126878
225 49 64 128 0.316289
226 49 64 128 0.627188
227 49 64 128 0.840496
228 49 64 128 0.883034
229 49 64 128 0.884646
230 49 64 128 0.911049
231 49 64 128 0.862258
232 49 64 128 0.736574
233 49 64 128 0.426799
234 49 64 128 0.0378523
241 49 64 128 0.0458965
242 49 64 128 0.102959
243 49 64 128 0.223805
244 49 64 128 0.357589
245 49 64 128 0.274313
246 49 64 128 0.199793
247 49 64 128 0.215423
248 49 64 128 0.281731
249 49 64 128 0.366833
250 49 64 128 0.463152
251 49 64 128 0.528433
252 49 64 128 0.351541
253 49 64 128 0.082854
259 49 64 128 0.0374957
260 49 64 128 0.16714
261 49 64 128 0.347548
262 49 64 128 0.363662
263 49 64 128 0.224288
264 49 64 128 0.135739
265 49 64 128 0.157954
266 49 64 128 0.210501
267 49 64 128 0.250189
268 49 64 128 0.291867
269 49 64 128 0.306679
270 49 64 128 0.213384
271 49 64 128 0.135334
272 49 64 128 0.06581
273 49 64 128 0.0108994
298 49 64 128 0.0129495
299 49 64 128 0.0353105
300 49 64 128 0.055774
301 49 64 128 0.0576842
302 49 64 128 0.0658524
303 49 64 128 0.0673974
304 49 64 128 0.0401876
305 49 64 128 0.0311577
306 49 64 128 0.0213421
223 50 64 128 0.0316035
224 50 64 128 0.111751
225 50 64 128 0.288543
226 50 64 128 0.559967
227 50 64 128 0.775281
228 50 64 128 0.835988
229 50 64 128 0.827008
230 50 64 128 0.871809
231 50 64 128 0.804398
232 50 64 128 0.680316
233 50 64 128 0.405591
234 50 64 128 0.0351538
241 50 64 128 0.0351679
242 50 64 128 0.0774075
243 50 64 128 0.194385
244 50 64 128 0.336322
245 50 64 128 0.252643
246 50 64 128 0.185018
247 50 64 128 0.198773
248 50 64 128 0.267757
249 50 64 128 0.360953
250 50 64 128 0.429528
251 50 64 128 0.519145
252 50 64 128 0.35554
253 50 64 128 0.0743117
259 50 64 128 0.0229837
260 50 64 128 0.107582
261 50 64 128 0.245157
262 50 64 128 0.265873
263 50 64 128 0.164239
264 50 64 128 0.0975196
265 50 64 128 0.114366
266 50 64 128 0.151632
267 50 64 128 0.17976
268 50 64 128 0.209412
269 50 64 128 0.22115
270 50 64 128 0.161595
271 50 64 128 0.102078
272 50 64 128 0.0468543
298 50 64 128 0.0117799
299 50 64 128 0.033437
300 50 64 128 0.0524521
301 50 64 128 0.054758
302 50 64 128 0.0641621
303 50 64 128 0.0663937
304 50 64 128 0.0396678
305 50 64 128 0.0309431
306 50 64 128 0.0207696
223 51 64 128 0.0178744
224 51 64 128 0.0640196
225 51 64 128 0.175895
226 51 64 128 0.380913
227 51 64 128 0.618908
228 51 64 128 0.723147
229 51 64 128 0.707166
230 51 64 128 0.783266
231 51 64 128 0.673002
232 51 64 128 0.516363
233 51 64 128 0.302015
234 51 64 128 0.0205661
241 51 64 128 0.0250369
242 51 64 128 0.060086
243 51 64 128 0.166395
244 51 64 128 0.294838
245 51 64 128 0.224951
246 51 64 128 0.164253
247 51 64 128 0.171397
248 51 64 128 0.244772
249 51 64 128 0.350825
250 51 64 128 0.404297
251 51 64 128 0.499378
252 51 64 128 0.355916
253 51 64 128 0.0813574
259 51 64 128 0.0137941
260 51 64 128 0.0703362
261 51 64 128 0.179601
262 51 64 128 0.197571
263 51 64 128 0.11645
264 51 64 128 0.0646208
265 51 64 128 0.071666
266 51 64 128 0.0980685
267 51 64 128 0.122269
268 51 64 128 0.142022
269 51 64 128 0.145963
270 51 64 128 0.11362
271 51 64 128 0.0701192
272 51 64 128 0.0295889
299 51 64 128 0.0253427
300 51 64 128 0.0447578
301 51 64 128 0.0481019
302 51 64 128 0.0592676
303 51 64 128 0.0642569
304 51 64 128 0.0392266
305 51 64 128 0.0315102
306 51 64 128 0.0210138
224 52 64 128 0.0275665
225 52 64 128 0.0901181
226 52 64 128 0.256136
227 52 64 128 0.509351
228 52 64 128 0.643282
229 52 64 128 0.63249
230 52 64 128 0.726263
231 52 64 128 0.585053
232 52 64 128 0.392116
233 52 64 128 0.212307
241 52 64 128 0.0171197
242 52 64 128 0.0452763
243 52 64 128 0.137841
244 52 64 128 0.251036
245 52 64 128 0.201364
246 52 64 128 0.159025
247 52 64 128 0.157303
248 52 64 128 0.222849
249 52 64 128 0.335643
250 52 64 128 0.371306
251 52 64 128 0.473125
252 52 64 128 0.347499
253 52 64 128 0.080315
260 52 64 128 0.0496853
261 52 64 128 0.143521
262 52 64 128 0.159117
263 52 64 128 0.0882061
264 52 64 128 0.0452927
265 52 64 128 0.0477514
266 52 64 128 0.0665007
267 52 64 128 0.0880175
268 52 64 128 0.102999
269 52 64 128 0.102424
270 52 64 128 0.0864766
271 52 64 128 0.0518784
272 52 64 128 0.019673
299 52 64 128 0.0205629
300 52 64 128 0.0396422
301 52 64 128 0.0424563
302 52 64 128 0.0550123
303 52 64 128 0.0626656
304 52 64 128 0.0381996
305 52 64 128 0.0310322
306 52 64 128 0.0203815
224 53 64 128 0.0218798
225 53 64 128 0.079866
226 53 64 128 0.248616
227 53 64 128 0.492672
228 53 64 128 0.623915
229 53 64 128 0.629205
230 53 64 128 0.718243
231 53 64 128 0.577036
232 53 64 128 0.366684
233 53 64 128 0.181184
241 53 64 128 0.0120267
242 53 64 128 0.0304484
243 53 64 128 0.108282
244 53 64 128 0.212947
245 53 64 128 0.183001
246 53 64 128 0.170573
247 53 64 128 0.161295
248 53 64 128 0.205011
249 53 64 128 0.313188
250 53 64 128 0.325405
251 53 64 128 0.442494
252 53 64 128 0.328226
253 53 64 128 0.0626044
260 53 64 128 0.0391896
261 53 64 128 0.125806
262 53 64 128 0.143515
263 53 64 128 0.079383
264 53 64 128 0.0406785
265 53 64 128 0.0466727
266 53 64 128 0.0600305
267 53 64 128 0.0768571
268 53 64 128 0.0922444
269 53 64 128 0.0934672
270 53 64 128 0.0828335
271 53 64 128 0.0497361
272 53 64 128 0.018087
299 53 64 128 0.0230691
300 53 64 128 0.0398081
301 53 64 128 0.0404708
302 53 64 128 0.0539038
303 53 64 128 0.0630551
304 53 64 128 0.0377858
305 53 64 128 0.0296643
306 53 64 128 0.0187009
224 54 64 128 0.0241322
225 54 64 128 0.0845083
226 54 64 128 0.245109
227 54 64 128 0.458952
228 54 64 128 0.572335
229 54 64 128 0.587313
230 54 64 128 0.670298
231 54 64 128 0.549206
232 54 64 128 0.347508
233 54 64 128 0.163347
242 54 64 128 0.0185207
243 54 64 128 0.0798692
244 54 64 128 0.170887
245 54 64 128 0.155871
246 54 64 128 0.166587
247 54 64 128 0.156192
248 54 64 128 0.182371
249 54 64 128 0.278776
250 54 64 128 0.280507
251 54 64 128 0.406041
252 54 64 128 0.300808
253 54 64 128 0.0453639
260 54 64 128 0.0316641
261 54 64 128 0.111193
262 54 64 128 0.133383
263 54 64 128 0.077862
264 54 64 128 0.0401721
265 54 64 128 0.0489121
266 54 64 128 0.0588831
267 54 64 128 0.0716707
268 54 64 128 0.0881161
269 54 64 128 0.0921475
270 54 64 128 0.0818086
271 54 64 128 0.0494035
272 54 64 128 0.018025
299 54 64 128 0.0269325
300 54 64 128 0.0403262
301 54 64 128 0.0407589
302 54 64 128 0.0557463
303 54 64 128 0.0661769
304 54 64 128 0.0420689
305 54 64 128 0.030743
306 54 64 128 0.0182812
224 55 64 128 0.0176264
225 55 64 128 0.0613258
226 55 64 128 0.173179
227 55 64 128 0.344638
228 55 64 128 0.441721
229 55 64 128 0.451957
230 55 64 128 0.539273
231 55 64 128 0.44568
232 55 64 128 0.276058
233 55 64 128 0.127226
242 55 64 128 0.0113884
243 55 64 128 0.0550824
244 55 64 128 0.121592
245 55 64 128 0.114908
246 55 64 128 0.130664
247 55 64 128 0.126858
248 55 64 128 0.150979
249 55 64 128 0.233339
250 55 64 128 0.246873
251 55 64 128 0.365515
252 55 64 128 0.270004
253 55 64 128 0.0402424
260 55 64 128 0.022677
261 55 64 128 0.090766
262 55 64 128 0.117399
263 55 64 128 0.0744674
264 55 64 128 0.0364953
265 55 64 128 0.0416066
266 55 64 128 0.0496212
267 55 64 128 0.0607662
268 55 64 128 0.0757928
269 55 64 128 0.0796453
270 55 64 128 0.069533
271 55 64 128 0.0414104
272 55 64 128 0.0148544
299 55 64 128 0.0278186
300 55 64 128 0.038036
301 55 64 128 0.0418741
302 55 64 128 0.0600362
303 55 64 128 0.0724415
304 55 64 128 0.0523183
305 55 64 128 0.0355256
306 55 64 128 0.0202191
307 55 64 128 0.0101879
225 56 64 128 0.0344674
226 56 64 128 0.0970993
227 56 64 128 0.231971
228 56 64 128 0.322198
229 56 64 128 0.331062
230 56 64 128 0.415652
231 56 64 128 0.346075
232 56 64 128 0.208812
233 56 64 128 0.0938477
243 56 64 128 0.0366516
244 56 64 128 0.081142
245 56 64 128 0.0799039
246 56 64 128 0.0921415
247 56 64 128 0.0942044
248 56 64 128 0.121395
249 56 64 128 0.191942
250 56 64 128 0.221828
251 56 64 128 0.331157
252 56 64 128 0.244505
253 56 64 128 0.0400671
260 56 64 128 0.0146222
261 56 64 128 0.0718618
262 56 64 128 0.101151
263 56 64 128 0.0697271
264 56 64 128 0.0329547
265 56 64 128 0.0330737
266 56 64 128 0.0390703
267 56 64 128 0.0492356
268 56 64 128 0.0616021
269 56 64 128 0.0632358
270 56 64 128 0.0541847
271 56 64 128 0.0315362
272 56 64 128 0.0108782
299 56 64 128 0.0273822
300 56 64 128 0.0357019
301 56 64 128 0.0430913
302 56 64 128 0.0661052
303 56 64 128 0.0815805
304 56 64 128 0.062371
305 56 64 128 0.0395518
306 56 64 128 0.0221417
307 56 64 128 0.0122045
225 57 64 128 0.0285106
226 57 64 128 0.0771805
227 57 64 128 0.194054
228 57 64 128 0.288813
229 57 64 128 0.312765
230 57 64 128 0.37447
231 57 64 128 0.318122
232 57 64 128 0.195657
233 57 64 128 0.0832367
243 57 64 128 0.026039
244 57 64 128 0.0621305
245 57 64 128 0.0667278
246 57 64 128 0.0769476
247 57 64 128 0.0774316
248 57 64 128 0.102594
249 57 64 128 0.166374
250 57 64 128 0.201152
251 57 64 128 0.310046
252 57 64 128 0.230048
253 57 64 128 0.0373679
261 57 64 128 0.0610953
262 57 64 128 0.0902022
263 57 64 128 0.0650728
264 57 64 128 0.0326826
265 57 64 128 0.0313355
266 57 64 128 0.0342817
267 57 64 128 0.0424437
268 57 64 128 0.0523674
269 57 64 128 0.0513188
270 57 64 128 0.0442107
271 57 64 128 0.0256532
299 57 64 128 0.0274291
300 57 64 128 0.0359975
301 57 64 128 0.0440017
302 57 64 128 0.0728017
303 57 64 128 0.0922681
304 57 64 128 0.0668316
305 57 64 128 0.0393983
306 57 64 128 0.0222023
307 57 64 128 0.0134454
225 58 64 128 0.0320734
226 58 64 128 0.0818898
227 58 64 128 0.187424
228 58 64 128 0.282492
229 58 64 128 0.318721
230 58 64 128 0.357101
231 58 64 128 0.308361
232 58 64 128 0.196854
233 58 64 128 0.0820691
243 58 64 128 0.0197632
244 58 64 128 0.0530707
245 58 64 128 0.0624101
246 58 64 128 0.0723888
247 58 64 128 0.0690116
248 58 64 128 0.089382
249 58 64 128 0.148065
250 58 64 128 0.182046
251 58 64 128 0.292489
252 58 64 128 0.21895
253 58 64 128 0.0341265
261 58 64 128 0.0532201
262 58 64 128 0.0805142
263 58 64 128 0.0599071
264 58 64 128 0.0322014
265 58 64 128 0.0313914
266 58 64 128 0.0317745
267 58 64 128 0.0373558
268 58 64 128 0.0449051
269 58 64 128 0.0418908
270 58 64 128 0.0366873
271 58 64 128 0.0214138
299 58 64 128 0.0269721
300 58 64 128 0.037924
301 58 64 128 0.0449885
302 58 64 128 0.0772329
303 58 64 128 0.0995501
304 58 64 128 0.0673908
305 58 64 128 0.0387848
306 58 64 128 0.0224978
307 58 64 128 0.0141793
308 58 64 128 0.0105676
225 59 64 128 0.0284003
226 59 64 128 0.0666306
227 59 64 128 0.152895
228 59 64 128 0.228783
229 59 64 128 0.253371
230 59 64 128 0.290177
231 59 64 128 0.250311
232 59 64 128 0.162738
233 59 64 128 0.0725073
243 59 64 128 0.0138644
244 59 64 128 0.0396052
245 59 64 128 0.0504705
246 59 64 128 0.0601584
247 59 64 128 0.0571829
248 59 64 128 0.074473
249 59 64 128 0.125644
250 59 64 128 0.16186
251 59 64 128 0.266541
252 59 64 128 0.201688
253 59 64 128 0.0334961
261 59 64 128 0.0417221
262 59 64 128 0.0671085
263 59 64 128 0.0534927
264 59 64 128 0.0276277
265 59 64 128 0.0267399
266 59 64 128 0.0266691
267 59 64 128 0.0299651
268 59 64 128 0.034856
269 59 64 128 0.0313871
270 59 64 128 0.02709
271 59 64 128 0.0153634
299 59 64 128 0.0247549
300 59 64 128 0.039712
301 59 64 128 0.0463782
302 59 64 128 0.0768224
303 59 64 128 0.0989811
304 59 64 128 0.0671708
305 59 64 128 0.0419803
306 59 64 128 0.0252721
307 59 64 128 0.0148591
308 59 64 128 0.0109424
225 60 64 128 0.0196755
226 60 64 128 0.0391571
227 60 64 128 0.10289
228 60 64 128 0.151958
229 60 64 128 0.155013
230 60 64 128 0.20225
231 60 64 128 0.171995
232 60 64 128 0.111692
233 60 64 128 0.0571123
244 60 64 128 0.0244453
245 60 64 128 0.0344268
246 60 64 128 0.0432395
247 60 64 128 0.0428227
248 60 64 128 0.0581892
249 60 64 128 0.0998848
250 60 64 128 0.136823
251 60 64 128 0.230592
252 60 64 128 0.176795
253 60 64 128 0.0321994
261 60 64 128 0.029376
262 60 64 128 0.0530361
263 60 64 128 0.0471438
264 60 64 128 0.022064
265 60 64 128 0.0204191
266 60 64 128 0.0206902
267 60 64 128 0.0223924
268 60 64 128 0.0250573
269 60 64 128 0.0216852
270 60 64 128 0.0174725
299 60 64 128 0.0218841
300 60 64 128 0.0401899
301 60 64 128 0.0470234
302 60 64 128 0.0733824
303 60 64 128 0.0943582
304 60 64 128 0.0678063
305 60 64 128 0.0463698
306 60 64 128 0.0280253
307 60 64 128 0.0151029
308 60 64 128 0.0108648
225 61 64 128 0.0143484
226 61 64 128 0.024297
227 61 64 128 0.0729974
228 61 64 128 0.107556
229 61 64 128 0.10375
230 61 64 128 0.153509
231 61 64 128 0.130681
232 61 64 128 0.0835483
233 61 64 128 0.0452767
244 61 64 128 0.0157741
245 61 64 128 0.0242487
246 61 64 128 0.0315864
247 61 64 128 0.0310957
248 61 64 128 0.0435192
249 61 64 128 0.0758261
250 61 64 128 0.103777
251 61 64 128 0.187436
252 61 64 128 0.146236
253 61 64 128 0.0253645
261 61 64 128 0.0218075
262 61 64 128 0.0437269
263 61 64 128 0.0426672
264 61 64 128 0.0205407
265 61 64 128 0.0182857
266 61 64 128 0.0175625
267 61 64 128 0.0185346
268 61 64 128 0.0203748
269 61 64 128 0.0162314
270 61 64 128 0.0118708
299 61 64 128 0.0201532
300 61 64 128 0.0385463
301 61 64 128 0.0453934
302 61 64 128 0.069996
303 61 64 128 0.091796
304 61 64 128 0.0700791
305 61 64 128 0.0472441
306 61 64 128 0.0269792
307 61 64 128 0.0143254
308 61 64 128 0.0106857
225 62 64 128 0.0130165
226 62 64 128 0.0227407
227 62 64 128 0.0638828
228 62 64 128 0.0964072
229 62 64 128 0.0996414
230 62 64 128 0.141253
231 62 64 128 0.12444
232 62 64 128 0.0793283
233 62 64 128 0.0387597
244 62 64 128 0.0129624
245 62 64 128 0.0199853
246 62 64 128 0.0256098
247 62 64 128 0.0229785
248 62 64 128 0.0317786
249 62 64 128 0.055866
250 62 64 128 0.0697521
251 62 64 128 0.145302
252 62 64 128 0.116253
253 62 64 128 0.0160667
261 62 64 128 0.0185848
262 62 64 128 0.0385317
263 62 64 128 0.0391712
264 62 64 128 0.0213898
265 62 64 128 0.0188956
266 62 64 128 0.0164381
267 62 64 128 0.0172532
268 62 64 128 0.0191999
269 62 64 128 0.0139237
299 62 64 128 0.0194298
300 62 64 128 0.0353344
301 62 64 128 0.0416064
302 62 64 128 0.0661289
303 62 64 128 0.0899348
304 62 64 128 0.0718086
305 62 64 128 0.0445606
306 62 64 128 0.0232079
307 62 64 128 0.0130069
308 62 64 128 0.010398
225 63 64 128 0.0119211
226 63 64 128 0.0218492
227 63 64 128 0.0569092
228 63 64 128 0.0890655
229 63 64 128 0.0985536
230 63 64 128 0.12827
231 63 64 128 0.118761
232 63 64 128 0.0785097
233 63 64 128 0.0349677
244 63 64 128 0.0105617
245 63 64 128 0.0162305
246 63 64 128 0.020456
247 63 64 128 0.0170789
248 63 64 128 0.0232699
249 63 64 128 0.0408071
250 63 64 128 0.0469479
251 63 64 128 0.114887
252 63 64 128 0.0950276
253 63 64 128 0.0115358
261 63 64 128 0.0159546
262 63 64 128 0.0334888
263 63 64 128 0.0343548
264 63 64 128 0.0193999
265 63 64 128 0.0169167
266 63 64 128 0.0140306
267 63 64 128 0.0147266
268 63 64 128 0.0164742
269 63 64 128 0.0112272
299 63 64 128 0.0185142
300 63 64 128 0.0318255
301 63 64 128 0.0367055
302 63 64 128 0.0593528
303 63 64 128 0.0834383
304 63 64 128 0.0692917
305 63 64 128 0.040834
306 63 64 128 0.0203809
307 63 64 128 0.0121741
226 64 64 128 0.0174255
227 64 64 128 0.0452739
228 64 64 128 0.0739805
229 64 64 128 0.0842862
230 64 64 128 0.102944
231 64 64 128 0.101582
232 64 64 128 0.0720153
233 64 64 128 0.0315627
245 64 64 128 0.0114431
246 64 64 128 0.014713
247 64 64 128 0.0125018
248 64 64 128 0.0173356
249 64 64 128 0.0299591
250 64 64 128 0.0359846
251 64 64 128 0.095686
252 64 64 128 0.0818616
253 64 64 128 0.0121365
261 64 64 128 0.0126706
262 64 64 128 0.0275179
263 64 64 128 0.0282672
264 64 64 128 0.0144099
265 64 64 128 0.0120686
266 64 64 128 0.010162
267 64 64 128 0.0105933
268 64 64 128 0.0115998
299 64 64 128 0.0167913
300 64 64 128 0.0282189
301 64 64 128 0.0314336
302 64 64 128 0.0503107
303 64 64 128 0.0722069
304 64 64 128 0.0618236
305 64 64 128 0.0366117
306 64 64 128 0.0190154
307 64 64 128 0.0117426
226 65 64 128 0.0126136
227 65 64 128 0.0325051
228 65 64 128 0.0552681
229 65 64 128 0.0650024
230 65 64 128 0.0758661
231 65 64 128 0.080371
232 65 64 128 0.0608411
233 65 64 128 0.0265271
248 65 64 128 0.0125271
249 65 64 128 0.0213963
250 65 64 128 0.0276377
251 65 64 128 0.0777262
252 65 64 128 0.0685572
253 65 64 128 0.0123888
262 65 64 128 0.0220222
263 65 64 128 0.0229503
264 65 64 128 0.010554
299 65 64 128 0.0141706
300 65 64 128 0.0238102
301 65 64 128 0.0262634
302 65 64 128 0.042237
303 65 64 128 0.0606063
304 65 64 128 0.0512986
305 65 64 128 0.0307707
306 65 64 128 0.0169416
307 65 64 128 0.0106916
227 66 64 128 0.0214471
228 66 64 128 0.0372694
229 66 64 128 0.0469863
230 66 64 128 0.0536831
231 66 64 128 0.060461
232 66 64 128 0.0473457
233 66 64 128 0.0199942
249 66 64 128 0.014281
250 66 64 128 0.0180784
251 66 64 128 0.0573046
252 66 64 128 0.0521575
253 66 64 128 0.0100801
262 66 64 128 0.0175851
263 66 64 128 0.0190299
299 66 64 128 0.0110086
300 66 64 128 0.0187982
301 66 64 128 0.0215383
302 66 64 128 0.0359837
303 66 64 128 0.0504312
304 66 64 128 0.0400297
305 66 64 128 0.0237997
306 66 64 128 0.0136463
227 67 64 128 0.013629
228 67 64 128 0.0239416
229 67 64 128 0.0330851
230 67 64 128 0.0370601
231 67 64 128 0.0436267
232 67 64 128 0.0352002
233 67 64 128 0.0148266
250 67 64 128 0.0107853
251 67 64 128 0.0391335
252 67 64 128 0.0367217
262 67 64 128 0.0136388
263 67 64 128 0.0152408
300 67 64 128 0.0145698
301 67 64 128 0.0174467
302 67 64 128 0.0292553
303 67 64 128 0.0400071
304 67 64 128 0.030745
305 67 64 128 0.0183107
306 67 64 128 0.0108434
228 68 64 128 0.0167577
229 68 64 128 0.0240882
230 68 64 128 0.0256121
231 68 64 128 0.0306688
232 68 64 128 0.0263989
233 68 64 128 0.0123644
251 68 64 128 0.0263814
252 68 64 128 0.0251665
263 68 64 128 0.0111005
300 68 64 128 0.0118318
301 68 64 128 0.0140218
302 68 64 128 0.0212118
303 68 64 128 0.0289197
304 68 64 128 0.0245827
305 68 64 128 0.0154815
228 69 64 128 0.012443
229 69 64 128 0.0172461
230 69 64 128 0.0176828
231 69 64 128 0.0209567
232 69 64 128 0.0195323
233 69 64 128 0.0106629
251 69 64 128 0.018173
252 69 64 128 0.0173161
301 69 64 128 0.0110182
302 69 64 128 0.0142217
303 69 64 128 0.0196258
304 69 64 128 0.0195592
305 69 64 128 0.0134543
229 70 64 128 0.0106658
230 70 64 128 0.0119637
231 70 64 128 0.0140509
232 70 64 128 0.0136144
251 70 64 128 0.0131273
252 70 64 128 0.0124497
302 70 64 128 0.0100968
303 70 64 128 0.0139447
304 70 64 128 0.0142443
305 70 64 128 0.010775
231 71 64 128 0.0105682
232 71 64 128 0.0100776
303 71 64 128 0.0108211
231 72 64 128 0.0106837
232 72 64 128 0.0100341
231 73 64 128 0.0115714
232 73 64 128 0.0109807
231 74 64 128 0.0100784
