126 238 85 170 0.010458
126 239 85 170 0.0108911
55 0 64 128 0.0157197
56 0 64 128 0.0343428
57 0 64 128 0.0680988
58 0 64 128 0.0976965
59 0 64 128 0.113716
60 0 64 128 0.115808
61 0 64 128 0.0751982
62 0 64 128 0.0342473
63 0 64 128 0.0132578
82 0 64 128 0.0101609
84 0 64 128 0.0215285
85 0 64 128 0.0566982
86 0 64 128 0.0650149
87 0 64 128 0.132209
88 0 64 128 0.165175
89 0 64 128 0.195816
90 0 64 128 0.355374
91 0 64 128 0.384817
92 0 64 128 0.514846
93 0 64 128 0.64517
94 0 64 128 0.657524
95 0 64 128 0.685143
96 0 64 128 0.645283
97 0 64 128 0.652495
98 0 64 128 0.585342
99 0 64 128 0.404683
100 0 64 128 0.2964
101 0 64 128 0.195216
102 0 64 128 0.139858
103 0 64 128 0.106561
104 0 64 128 0.0692898
105 0 64 128 0.0543374
106 0 64 128 0.0256159
113 0 64 128 0.0185482
114 0 64 128 0.04426
115 0 64 128 0.0831198
116 0 64 128 0.126308
117 0 64 128 0.144572
118 0 64 128 0.219415
119 0 64 128 0.437312
120 0 64 128 0.716093
121 0 64 128 0.844031
122 0 64 128 0.900706
123 0 64 128 0.93134
124 0 64 128 0.933868
125 0 64 128 0.929624
126 0 64 128 0.868725
127 0 64 128 0.801001
128 0 64 128 0.71075
129 0 64 128 0.566297
130 0 64 128 0.397815
131 0 64 128 0.221823
132 0 64 128 0.0963301
133 0 64 128 0.035398
134 0 64 128 0.0125454
55 1 64 128 0.0180893
56 1 64 128 0.0407676
57 1 64 128 0.0763879
58 1 64 128 0.109797
59 1 64 128 0.12501
60 1 64 128 0.112805
61 1 64 128 0.0675103
62 1 64 128 0.029187
63 1 64 128 0.0112944
84 1 64 128 0.0168472
85 1 64 128 0.0413886
86 1 64 128 0.0487839
87 1 64 128 0.10929
88 1 64 128 0.139698
89 1 64 128 0.165072
90 1 64 128 0.303675
91 1 64 128 0.349741
92 1 64 128 0.462897
93 1 64 128 0.590171
94 1 64 128 0.642334
95 1 64 128 0.685622
96 1 64 128 0.668928
97 1 64 128 0.672345
98 1 64 128 0.596409
99 1 64 128 0.417394
100 1 64 128 0.291699
101 1 64 128 0.183276
102 1 64 128 0.1313
103 1 64 128 0.102339
104 1 64 128 0.06636
105 1 64 128 0.0514484
106 1 64 128 0.0239899
113 1 64 128 0.0141545
114 1 64 128 0.0332428
115 1 64 128 0.0616864
116 1 64 128 0.0939824
117 1 64 128 0.110155
118 1 64 128 0.163284
119 1 64 128 0.337979
120 1 64 128 0.602217
121 1 64 128 0.751739
122 1 64 128 0.840973
123 1 64 128 0.891512
124 1 64 128 0.900278
125 1 64 128 0.901165
126 1 64 128 0.842867
127 1 64 128 0.783827
128 1 64 128 0.697495
129 1 64 128 0.553234
130 1 64 128 0.396887
131 1 64 128 0.216477
132 1 64 128 0.0913973
133 1 64 128 0.0357662
134 1 64 128 0.0118783
55 2 64 128 0.0217328
56 2 64 128 0.0494126
57 2 64 128 0.0863164
58 2 64 128 0.122184
59 2 64 128 0.133051
60 2 64 128 0.100581
61 2 64 128 0.051481
62 2 64 128 0.019625
84 2 64 128 0.0158005
85 2 64 128 0.0342517
86 2 64 128 0.0475459
87 2 64 128 0.10917
88 2 64 128 0.141582
89 2 64 128 0.158241
90 2 64 128 0.27135
91 2 64 128 0.345685
92 2 64 128 0.429359
93 2 64 128 0.544975
94 2 64 128 0.651197
95 2 64 128 0.713918
96 2 64 128 0.731202
97 2 64 128 0.725622
98 2 64 128 0.63408
99 2 64 128 0.454043
100 2 64 128 0.290728
101 2 64 128 0.166175
102 2 64 128 0.116415
103 2 64 128 0.0927516
104 2 64 128 0.0597266
105 2 64 128 0.0449198
106 2 64 128 0.020487
114 2 64 128 0.0144287
115 2 64 128 0.0252378
116 2 64 128 0.0387521
117 2 64 128 0.0507411
118 2 64 128 0.0679859
119 2 64 128 0.171486
120 2 64 128 0.411332
121 2 64 128 0.597312
122 2 64 128 0.74107
123 2 64 128 0.826766
124 2 64 128 0.848779
125 2 64 128 0.858433
126 2 64 128 0.806823
127 2 64 128 0.760819
128 2 64 128 0.682419
129 2 64 128 0.545346
130 2 64 128 0.412421
131 2 64 128 0.231124
132 2 64 128 0.103236
133 2 64 128 0.0454354
134 2 64 128 0.0130967
55 3 64 128 0.022134
56 3 64 128 0.0468211
57 3 64 128 0.0791194
58 3 64 128 0.105438
59 3 64 128 0.106727
60 3 64 128 0.0762392
61 3 64 128 0.0365683
62 3 64 128 0.0128813
82 3 64 128 0.0122957
83 3 64 128 0.0152982
84 3 64 128 0.0330193
85 3 64 128 0.0793342
86 3 64 128 0.114488
87 3 64 128 0.208933
88 3 64 128 0.258586
89 3 64 128 0.272563
90 3 64 128 0.401674
91 3 64 128 0.487836
92 3 64 128 0.55764
93 3 64 128 0.652223
94 3 64 128 0.745931
95 3 64 128 0.798371
96 3 64 128 0.8162
97 3 64 128 0.800061
98 3 64 128 0.700211
99 3 64 128 0.509762
100 3 64 128 0.30873
101 3 64 128 0.166995
102 3 64 128 0.108933
103 3 64 128 0.0821026
104 3 64 128 0.0522913
105 3 64 128 0.0376434
106 3 64 128 0.0169283
116 3 64 128 0.0140185
117 3 64 128 0.0224803
118 3 64 128 0.0269115
119 3 64 128 0.104857
120 3 64 128 0.333277
121 3 64 128 0.534415
122 3 64 128 0.700095
123 3 64 128 0.805084
124 3 64 128 0.840578
125 3 64 128 0.854501
126 3 64 128 0.812428
127 3 64 128 0.767652
128 3 64 128 0.695863
129 3 64 128 0.580079
130 3 64 128 0.464862
131 3 64 128 0.301403
132 3 64 128 0.16311
133 3 64 128 0.0742654
134 3 64 128 0.0201341
55 4 64 128 0.0191206
56 4 64 128 0.0353884
57 4 64 128 0.0592448
58 4 64 128 0.0712393
59 4 64 128 0.0636734
60 4 64 128 0.0491453
61 4 64 128 0.0252621
79 4 64 128 0.0110219
80 4 64 128 0.0108285
81 4 64 128 0.0117452
82 4 64 128 0.0186838
83 4 64 128 0.0227005
84 4 64 128 0.0521329
85 4 64 128 0.130568
86 4 64 128 0.188124
87 4 64 128 0.320776
88 4 64 128 0.38915
89 4 64 128 0.408614
90 4 64 128 0.577365
91 4 64 128 0.658358
92 4 64 128 0.735894
93 4 64 128 0.818399
94 4 64 128 0.861969
95 4 64 128 0.891193
96 4 64 128 0.889414
97 4 64 128 0.865213
98 4 64 128 0.765746
99 4 64 128 0.562842
100 4 64 128 0.332561
101 4 64 128 0.176976
102 4 64 128 0.106935
103 4 64 128 0.0726948
104 4 64 128 0.0448424
105 4 64 128 0.0304993
106 4 64 128 0.0135953
115 4 64 128 0.0102034
116 4 64 128 0.0144301
117 4 64 128 0.0202756
118 4 64 128 0.0299278
119 4 64 128 0.11242
120 4 64 128 0.32672
121 4 64 128 0.52552
122 4 64 128 0.690705
123 4 64 128 0.804402
124 4 64 128 0.855964
125 4 64 128 0.87302
126 4 64 128 0.844871
127 4 64 128 0.794762
128 4 64 128 0.725485
129 4 64 128 0.634285
130 4 64 128 0.529875
131 4 64 128 0.396738
132 4 64 128 0.246905
133 4 64 128 0.11308
134 4 64 128 0.0312157
55 5 64 128 0.0142366
56 5 64 128 0.0232988
57 5 64 128 0.0395163
58 5 64 128 0.0453678
59 5 64 128 0.0376148
60 5 64 128 0.0322018
61 5 64 128 0.0172706
81 5 64 128 0.010349
82 5 64 128 0.0166674
83 5 64 128 0.0215345
84 5 64 128 0.0483673
85 5 64 128 0.117392
86 5 64 128 0.175819
87 5 64 128 0.311215
88 5 64 128 0.379279
89 5 64 128 0.410965
90 5 64 128 0.603293
91 5 64 128 0.672053
92 5 64 128 0.774481
93 5 64 128 0.875434
94 5 64 128 0.896988
95 5 64 128 0.922855
96 5 64 128 0.914034
97 5 64 128 0.888078
98 5 64 128 0.793894
99 5 64 128 0.587592
100 5 64 128 0.339939
101 5 64 128 0.176633
102 5 64 128 0.102902
103 5 64 128 0.0657642
104 5 64 128 0.0373776
105 5 64 128 0.0236113
106 5 64 128 0.0102204
116 5 64 128 0.0136318
117 5 64 128 0.0171226
118 5 64 128 0.0299349
119 5 64 128 0.100832
120 5 64 128 0.271358
121 5 64 128 0.468216
122 5 64 128 0.643643
123 5 64 128 0.77381
124 5 64 128 0.848871
125 5 64 128 0.874672
126 5 64 128 0.866374
127 5 64 128 0.816931
128 5 64 128 0.744944
129 5 64 128 0.665553
130 5 64 128 0.570126
131 5 64 128 0.465905
132 5 64 128 0.313245
133 5 64 128 0.14764
134 5 64 128 0.0433942
135 5 64 128 0.0138253
56 6 64 128 0.0141776
57 6 64 128 0.0250144
58 6 64 128 0.0321256
59 6 64 128 0.0301821
60 6 64 128 0.0248363
61 6 64 128 0.0118066
82 6 64 128 0.0108181
83 6 64 128 0.0165252
84 6 64 128 0.0366591
85 6 64 128 0.0839836
86 6 64 128 0.131127
87 6 64 128 0.247573
88 6 64 128 0.305711
89 6 64 128 0.347625
90 6 64 128 0.54183
91 6 64 128 0.597928
92 6 64 128 0.719939
93 6 64 128 0.846563
94 6 64 128 0.87361
95 6 64 128 0.909731
96 6 64 128 0.906007
97 6 64 128 0.884091
98 6 64 128 0.79421
99 6 64 128 0.586099
100 6 64 128 0.329753
101 6 64 128 0.165185
102 6 64 128 0.0950713
103 6 64 128 0.0595803
104 6 64 128 0.0303126
105 6 64 128 0.0174498
118 6 64 128 0.0184556
119 6 64 128 0.0606584
120 6 64 128 0.170855
121 6 64 128 0.367239
122 6 64 128 0.570947
123 6 64 128 0.730885
124 6 64 128 0.8302
125 6 64 128 0.865243
126 6 64 128 0.87279
127 6 64 128 0.831067
128 6 64 128 0.756858
129 6 64 128 0.679068
130 6 64 128 0.596616
131 6 64 128 0.513999
132 6 64 128 0.367944
133 6 64 128 0.189119
134 6 64 128 0.0649981
135 6 64 128 0.0205292
57 7 64 128 0.0160886
58 7 64 128 0.0231899
59 7 64 128 0.0243649
60 7 64 128 0.0187082
82 7 64 128 0.013285
83 7 64 128 0.0199694
84 7 64 128 0.0533953
85 7 64 128 0.136344
86 7 64 128 0.186848
87 7 64 128 0.306729
88 7 64 128 0.371107
89 7 64 128 0.408982
90 7 64 128 0.597668
91 7 64 128 0.645175
92 7 64 128 0.750453
93 7 64 128 0.862778
94 7 64 128 0.884401
95 7 64 128 0.9162
96 7 64 128 0.910302
97 7 64 128 0.89501
98 7 64 128 0.801684
99 7 64 128 0.575974
100 7 64 128 0.31299
101 7 64 128 0.152564
102 7 64 128 0.085063
103 7 64 128 0.0508225
104 7 64 128 0.0242816
105 7 64 128 0.0126645
119 7 64 128 0.0313406
120 7 64 128 0.100219
121 7 64 128 0.288644
122 7 64 128 0.529597
123 7 64 128 0.729837
124 7 64 128 0.841712
125 7 64 128 0.875385
126 7 64 128 0.879358
127 7 64 128 0.846766
128 7 64 128 0.78001
129 7 64 128 0.706786
130 7 64 128 0.646822
131 7 64 128 0.57748
132 7 64 128 0.442945
133 7 64 128 0.26189
134 7 64 128 0.10968
135 7 64 128 0.0334959
57 8 64 128 0.0116577
58 8 64 128 0.0155068
59 8 64 128 0.0152214
60 8 64 128 0.0115692
82 8 64 128 0.0223618
83 8 64 128 0.0298271
84 8 64 128 0.0894087
85 8 64 128 0.245887
86 8 64 128 0.313398
87 8 64 128 0.456026
88 8 64 128 0.538066
89 8 64 128 0.561161
90 8 64 128 0.741276
91 8 64 128 0.786141
92 8 64 128 0.850565
93 8 64 128 0.919473
94 8 64 128 0.925228
95 8 64 128 0.938813
96 8 64 128 0.92162
97 8 64 128 0.910364
98 8 64 128 0.805764
99 8 64 128 0.553069
100 8 64 128 0.288964
101 8 64 128 0.138726
102 8 64 128 0.0730794
103 8 64 128 0.0397701
104 8 64 128 0.0192892
119 8 64 128 0.0227366
120 8 64 128 0.0747011
121 8 64 128 0.240311
122 8 64 128 0.502369
123 8 64 128 0.739029
124 8 64 128 0.861082
125 8 64 128 0.893239
126 8 64 128 0.885775
127 8 64 128 0.86199
128 8 64 128 0.809643
129 8 64 128 0.7461
130 8 64 128 0.709793
131 8 64 128 0.645915
132 8 64 128 0.527993
133 8 64 128 0.35109
134 8 64 128 0.163517
135 8 64 128 0.0495426
136 8 64 128 0.0132035
58 9 64 128 0.0108735
82 9 64 128 0.0240471
83 9 64 128 0.0313469
84 9 64 128 0.0952568
85 9 64 128 0.265097
86 9 64 128 0.337492
87 9 64 128 0.477216
88 9 64 128 0.556611
89 9 64 128 0.571717
90 9 64 128 0.73563
91 9 64 128 0.783371
92 9 64 128 0.833016
93 9 64 128 0.891515
94 9 64 128 0.906105
95 9 64 128 0.914012
96 9 64 128 0.890313
97 9 64 128 0.873632
98 9 64 128 0.755732
99 9 64 128 0.494093
100 9 64 128 0.24667
101 9 64 128 0.114768
102 9 64 128 0.0580714
103 9 64 128 0.0299142
104 9 64 128 0.014783
119 9 64 128 0.0177198
120 9 64 128 0.0554764
121 9 64 128 0.177913
122 9 64 128 0.406586
123 9 64 128 0.651378
124 9 64 128 0.809332
125 9 64 128 0.869124
126 9 64 128 0.877545
127 9 64 128 0.864062
128 9 64 128 0.819813
129 9 64 128 0.763247
130 9 64 128 0.731363
131 9 64 128 0.667174
132 9 64 128 0.575315
133 9 64 128 0.407134
134 9 64 128 0.188384
135 9 64 128 0.0595606
136 9 64 128 0.0158501
82 10 64 128 0.0152772
83 10 64 128 0.0213691
84 10 64 128 0.0618291
85 10 64 128 0.167346
86 10 64 128 0.225284
87 10 64 128 0.328984
88 10 64 128 0.382037
89 10 64 128 0.403214
90 10 64 128 0.5504
91 10 64 128 0.607005
92 10 64 128 0.677964
93 10 64 128 0.769405
94 10 64 128 0.820212
95 10 64 128 0.840703
96 10 64 128 0.81762
97 10 64 128 0.780818
98 10 64 128 0.647361
99 10 64 128 0.401753
100 10 64 128 0.18894
101 10 64 128 0.0820038
102 10 64 128 0.0417555
103 10 64 128 0.0228431
104 10 64 128 0.0107236
120 10 64 128 0.0265023
121 10 64 128 0.0932859
122 10 64 128 0.236951
123 10 64 128 0.452765
124 10 64 128 0.664869
125 10 64 128 0.783465
126 10 64 128 0.84147
127 10 64 128 0.839411
128 10 64 128 0.792302
129 10 64 128 0.735451
130 10 64 128 0.6854
131 10 64 128 0.625283
132 10 64 128 0.5685
133 10 64 128 0.41095
134 10 64 128 0.174204
135 10 64 128 0.0596227
136 10 64 128 0.0168076
83 11 64 128 0.0128735
84 11 64 128 0.0359679
85 11 64 128 0.0936233
86 11 64 128 0.136589
87 11 64 128 0.215876
88 11 64 128 0.254722
89 11 64 128 0.288833
90 11 64 128 0.441861
91 11 64 128 0.51507
92 11 64 128 0.597826
93 11 64 128 0.704134
94 11 64 128 0.776099
95 11 64 128 0.804201
96 11 64 128 0.774939
97 11 64 128 0.700435
98 11 64 128 0.54062
99 11 64 128 0.31449
100 11 64 128 0.137618
101 11 64 128 0.0558459
102 11 64 128 0.0296028
103 11 64 128 0.0174381
121 11 64 128 0.029222
122 11 64 128 0.094957
123 11 64 128 0.257302
124 11 64 128 0.485862
125 11 64 128 0.658972
126 11 64 128 0.766892
127 11 64 128 0.773929
128 11 64 128 0.720424
129 11 64 128 0.656345
130 11 64 128 0.585642
131 11 64 128 0.554831
132 11 64 128 0.535061
133 11 64 128 0.386134
134 11 64 128 0.149704
135 11 64 128 0.0530663
136 11 64 128 0.0158903
83 12 64 128 0.0129636
84 12 64 128 0.0420054
85 12 64 128 0.115998
86 12 64 128 0.154335
87 12 64 128 0.240949
88 12 64 128 0.292734
89 12 64 128 0.339473
90 12 64 128 0.523749
91 12 64 128 0.616544
92 12 64 128 0.680407
93 12 64 128 0.757491
94 12 64 128 0.816691
95 12 64 128 0.835282
96 12 64 128 0.786522
97 12 64 128 0.664233
98 12 64 128 0.470467
99 12 64 128 0.255344
100 12 64 128 0.105519
101 12 64 128 0.044382
102 12 64 128 0.0240969
103 12 64 128 0.012917
122 12 64 128 0.0396593
123 12 64 128 0.140766
124 12 64 128 0.324354
125 12 64 128 0.522943
126 12 64 128 0.660458
127 12 64 128 0.675094
128 12 64 128 0.617482
129 12 64 128 0.542005
130 12 64 128 0.46479
131 12 64 128 0.489394
132 12 64 128 0.501064
133 12 64 128 0.358979
134 12 64 128 0.139681
135 12 64 128 0.0460042
136 12 64 128 0.0140143
82 13 64 128 0.0111466
83 13 64 128 0.0145182
84 13 64 128 0.0506241
85 13 64 128 0.142816
86 13 64 128 0.177835
87 13 64 128 0.266288
88 13 64 128 0.325342
89 13 64 128 0.379355
90 13 64 128 0.579733
91 13 64 128 0.67696
92 13 64 128 0.727562
93 13 64 128 0.787399
94 13 64 128 0.835306
95 13 64 128 0.84175
96 13 64 128 0.770957
97 13 64 128 0.619031
98 13 64 128 0.411956
99 13 64 128 0.211016
100 13 64 128 0.0844197
101 13 64 128 0.0388233
102 13 64 128 0.0211241
122 13 64 128 0.0287832
123 13 64 128 0.0828669
124 13 64 128 0.208597
125 13 64 128 0.405964
126 13 64 128 0.563569
127 13 64 128 0.59426
128 13 64 128 0.535679
129 13 64 128 0.451712
130 13 64 128 0.388346
131 13 64 128 0.453279
132 13 64 128 0.483376
133 13 64 128 0.355155
134 13 64 128 0.155424
135 13 64 128 0.0491427
136 13 64 128 0.0142157
83 14 64 128 0.0117466
84 14 64 128 0.039191
85 14 64 128 0.104262
86 14 64 128 0.129658
87 14 64 128 0.18799
88 14 64 128 0.226973
89 14 64 128 0.282562
90 14 64 128 0.45863
91 14 64 128 0.53663
92 14 64 128 0.605683
93 14 64 128 0.698607
94 14 64 128 0.761746
95 14 64 128 0.763923
96 14 64 128 0.678038
97 14 64 128 0.530174
98 14 64 128 0.345733
99 14 64 128 0.170647
100 14 64 128 0.066591
101 14 64 128 0.0315568
102 14 64 128 0.0174139
122 14 64 128 0.0202503
123 14 64 128 0.0551995
124 14 64 128 0.150211
125 14 64 128 0.325358
126 14 64 128 0.500922
127 14 64 128 0.560639
128 14 64 128 0.506779
129 14 64 128 0.425063
130 14 64 128 0.39498
131 14 64 128 0.456745
132 14 64 128 0.488172
133 14 64 128 0.38494
134 14 64 128 0.196953
135 14 64 128 0.0671895
136 14 64 128 0.0180879
84 15 64 128 0.026471
85 15 64 128 0.0613848
86 15 64 128 0.0752636
87 15 64 128 0.100634
88 15 64 128 0.123751
89 15 64 128 0.188829
90 15 64 128 0.339415
91 15 64 128 0.40139
92 15 64 128 0.492616
93 15 64 128 0.620477
94 15 64 128 0.697297
95 15 64 128 0.69104
96 15 64 128 0.595755
97 15 64 128 0.453506
98 15 64 128 0.292804
99 15 64 128 0.14487
100 15 64 128 0.05385
101 15 64 128 0.0250798
102 15 64 128 0.0148532
122 15 64 128 0.0111333
123 15 64 128 0.0404017
124 15 64 128 0.117634
125 15 64 128 0.255545
126 15 64 128 0.431518
127 15 64 128 0.517201
128 15 64 128 0.483525
129 15 64 128 0.423398
130 15 64 128 0.426608
131 15 64 128 0.469453
132 15 64 128 0.491544
133 15 64 128 0.410489
134 15 64 128 0.234034
135 15 64 128 0.0842616
136 15 64 128 0.0218861
84 16 64 128 0.0324315
85 16 64 128 0.0787639
86 16 64 128 0.0849072
87 16 64 128 0.105278
88 16 64 128 0.146874
89 16 64 128 0.238522
90 16 64 128 0.399427
91 16 64 128 0.472606
92 16 64 128 0.55994
93 16 64 128 0.674889
94 16 64 128 0.735421
95 16 64 128 0.705921
96 16 64 128 0.604784
97 16 64 128 0.44078
98 16 64 128 0.272791
99 16 64 128 0.142451
100 16 64 128 0.0485229
101 16 64 128 0.02279
102 16 64 128 0.0154865
123 16 64 128 0.0259785
124 16 64 128 0.0786227
125 16 64 128 0.171346
126 16 64 128 0.316679
127 16 64 128 0.409706
128 16 64 128 0.417699
129 16 64 128 0.401864
130 16 64 128 0.420121
131 16 64 128 0.460322
132 16 64 128 0.471276
133 16 64 128 0.397124
134 16 64 128 0.240339
135 16 64 128 0.0857868
136 16 64 128 0.0221467
83 17 64 128 0.0106115
84 17 64 128 0.0427308
85 17 64 128 0.111177
86 17 64 128 0.113643
87 17 64 128 0.142056
88 17 64 128 0.207854
89 17 64 128 0.316629
90 17 64 128 0.486587
91 17 64 128 0.573762
92 17 64 128 0.645012
93 17 64 128 0.727978
94 17 64 128 0.763823
95 17 64 128 0.714612
96 17 64 128 0.614954
97 17 64 128 0.435361
98 17 64 128 0.25918
99 17 64 128 0.141971
100 17 64 128 0.046173
101 17 64 128 0.0227212
102 17 64 128 0.0171219
123 17 64 128 0.0128717
124 17 64 128 0.0395898
125 17 64 128 0.0913151
126 17 64 128 0.193159
127 17 64 128 0.281679
128 17 64 128 0.333178
129 17 64 128 0.360984
130 17 64 128 0.38157
131 17 64 128 0.434117
132 17 64 128 0.442819
133 17 64 128 0.372723
134 17 64 128 0.238359
135 17 64 128 0.0837427
136 17 64 128 0.0219984
84 18 64 128 0.0360361
85 18 64 128 0.0908285
86 18 64 128 0.0923361
87 18 64 128 0.116396
88 18 64 128 0.172173
89 18 64 128 0.257814
90 18 64 128 0.385781
91 18 64 128 0.457231
92 18 64 128 0.523929
93 18 64 128 0.601993
94 18 64 128 0.637483
95 18 64 128 0.594938
96 18 64 128 0.508268
97 18 64 128 0.362302
98 18 64 128 0.217578
99 18 64 128 0.117555
100 18 64 128 0.0411568
101 18 64 128 0.0217083
102 18 64 128 0.0167392
103 18 64 128 0.010982
124 18 64 128 0.0167097
125 18 64 128 0.0435542
126 18 64 128 0.113967
127 18 64 128 0.197894
128 18 64 128 0.26994
129 18 64 128 0.313099
130 18 64 128 0.334984
131 18 64 128 0.403431
132 18 64 128 0.427295
133 18 64 128 0.375378
134 18 64 128 0.258031
135 18 64 128 0.0945155
136 18 64 128 0.0255868
137 18 64 128 0.0110483
84 19 64 128 0.0202441
85 19 64 128 0.0418703
86 19 64 128 0.0442506
87 19 64 128 0.0554381
88 19 64 128 0.0823238
89 19 64 128 0.128011
90 19 64 128 0.195267
91 19 64 128 0.244487
92 19 64 128 0.312388
93 19 64 128 0.403
94 19 64 128 0.460451
95 19 64 128 0.43783
96 19 64 128 0.368275
97 19 64 128 0.269255
98 19 64 128 0.165096
99 19 64 128 0.0826081
100 19 64 128 0.0349656
101 19 64 128 0.020307
102 19 64 128 0.0152073
103 19 64 128 0.0117941
104 19 64 128 0.0100619
125 19 64 128 0.0240144
126 19 64 128 0.0749274
127 19 64 128 0.150454
128 19 64 128 0.217869
129 19 64 128 0.252535
130 19 64 128 0.276638
131 19 64 128 0.354533
132 19 64 128 0.397621
133 19 64 128 0.369565
134 19 64 128 0.267593
135 19 64 128 0.103844
136 19 64 128 0.0288245
137 19 64 128 0.0116959
84 20 64 128 0.0157677
85 20 64 128 0.0279099
86 20 64 128 0.032283
87 20 64 128 0.0388427
88 20 64 128 0.0570383
89 20 64 128 0.0919361
90 20 64 128 0.146174
91 20 64 128 0.212269
92 20 64 128 0.269049
93 20 64 128 0.35604
94 20 64 128 0.439598
95 20 64 128 0.421911
96 20 64 128 0.361207
97 20 64 128 0.254621
98 20 64 128 0.140912
99 20 64 128 0.0672954
100 20 64 128 0.0322059
101 20 64 128 0.0206998
102 20 64 128 0.0151006
103 20 64 128 0.0117208
104 20 64 128 0.0103323
125 20 64 128 0.0140272
126 20 64 128 0.0460184
127 20 64 128 0.0993954
128 20 64 128 0.145886
129 20 64 128 0.167296
130 20 64 128 0.191915
131 20 64 128 0.264318
132 20 64 128 0.308563
133 20 64 128 0.290873
134 20 64 128 0.211292
135 20 64 128 0.0852445
136 20 64 128 0.024353
84 21 64 128 0.021916
85 21 64 128 0.0473365
86 21 64 128 0.0535199
87 21 64 128 0.0639294
88 21 64 128 0.0933536
89 21 64 128 0.143877
90 21 64 128 0.225391
91 21 64 128 0.332591
92 21 64 128 0.373692
93 21 64 128 0.446089
94 21 64 128 0.549337
95 21 64 128 0.522911
96 21 64 128 0.458081
97 21 64 128 0.304191
98 21 64 128 0.147205
99 21 64 128 0.0726242
100 21 64 128 0.0331584
101 21 64 128 0.0228445
102 21 64 128 0.01674
103 21 64 128 0.0116243
104 21 64 128 0.0109474
126 21 64 128 0.0198651
127 21 64 128 0.044177
128 21 64 128 0.0658008
129 21 64 128 0.0776322
130 21 64 128 0.0999025
131 21 64 128 0.154758
132 21 64 128 0.183939
133 21 64 128 0.164229
134 21 64 128 0.111206
135 21 64 128 0.04671
136 21 64 128 0.0142528
84 22 64 128 0.0230674
85 22 64 128 0.0523513
86 22 64 128 0.0584897
87 22 64 128 0.0697491
88 22 64 128 0.102174
89 22 64 128 0.157563
90 22 64 128 0.247259
91 22 64 128 0.36274
92 22 64 128 0.409259
93 22 64 128 0.488561
94 22 64 128 0.600434
95 22 64 128 0.573707
96 22 64 128 0.492832
97 22 64 128 0.324476
98 22 64 128 0.159605
99 22 64 128 0.0787699
100 22 64 128 0.0349662
101 22 64 128 0.0250746
102 22 64 128 0.0187962
103 22 64 128 0.0131226
104 22 64 128 0.0127877
127 22 64 128 0.0121982
128 22 64 128 0.0193854
129 22 64 128 0.0258935
130 22 64 128 0.0429296
131 22 64 128 0.0791245
132 22 64 128 0.0958574
133 22 64 128 0.0772323
134 22 64 128 0.0440077
135 22 64 128 0.0204808
84 23 64 128 0.0161014
85 23 64 128 0.0326808
86 23 64 128 0.0368611
87 23 64 128 0.0443092
88 23 64 128 0.0661119
89 23 64 128 0.10793
90 23 64 128 0.17617
91 23 64 128 0.26083
92 23 64 128 0.333759
93 23 64 128 0.445686
94 23 64 128 0.558975
95 23 64 128 0.541777
96 23 64 128 0.43881
97 23 64 128 0.297085
98 23 64 128 0.165596
99 23 64 128 0.0776955
100 23 64 128 0.0353288
101 23 64 128 0.0257258
102 23 64 128 0.0198177
103 23 64 128 0.015396
104 23 64 128 0.0149032
128 23 64 128 0.0133224
129 23 64 128 0.0178419
130 23 64 128 0.0281655
131 23 64 128 0.0502093
132 23 64 128 0.0633159
133 23 64 128 0.053093
134 23 64 128 0.0303245
135 23 64 128 0.0153954
84 24 64 128 0.0117406
85 24 64 128 0.0196566
86 24 64 128 0.0216619
87 24 64 128 0.0298181
88 24 64 128 0.0471755
89 24 64 128 0.0819339
90 24 64 128 0.142418
91 24 64 128 0.20658
92 24 64 128 0.298606
93 24 64 128 0.441871
94 24 64 128 0.562114
95 24 64 128 0.542924
96 24 64 128 0.422709
97 24 64 128 0.286384
98 24 64 128 0.166129
99 24 64 128 0.0746105
100 24 64 128 0.0326456
101 24 64 128 0.0231995
102 24 64 128 0.0182809
103 24 64 128 0.0149956
104 24 64 128 0.0143833
128 24 64 128 0.0156653
129 24 64 128 0.0191907
130 24 64 128 0.0242314
131 24 64 128 0.0362784
132 24 64 128 0.0467083
133 24 64 128 0.043884
134 24 64 128 0.0288492
135 24 64 128 0.0144005
84 25 64 128 0.0140298
85 25 64 128 0.025857
86 25 64 128 0.0265073
87 25 64 128 0.04195
88 25 64 128 0.0674248
89 25 64 128 0.109939
90 25 64 128 0.189447
91 25 64 128 0.26141
92 25 64 128 0.351183
93 25 64 128 0.505421
94 25 64 128 0.637144
95 25 64 128 0.601114
96 25 64 128 0.475387
97 25 64 128 0.306216
98 25 64 128 0.158013
99 25 64 128 0.0702896
100 25 64 128 0.0266143
101 25 64 128 0.0175256
102 25 64 128 0.0140344
103 25 64 128 0.010953
104 25 64 128 0.0105068
129 25 64 128 0.0108954
130 25 64 128 0.013437
131 25 64 128 0.0189969
132 25 64 128 0.02389
133 25 64 128 0.0231347
134 25 64 128 0.016324
84 26 64 128 0.0150232
85 26 64 128 0.0299646
86 26 64 128 0.0299011
87 26 64 128 0.0488036
88 26 64 128 0.0774792
89 26 64 128 0.12114
90 26 64 128 0.205941
91 26 64 128 0.276296
92 26 64 128 0.35394
93 26 64 128 0.495197
94 26 64 128 0.61885
95 26 64 128 0.578947
96 26 64 128 0.459402
97 26 64 128 0.281553
98 26 64 128 0.130246
99 26 64 128 0.0572248
100 26 64 128 0.0189883
101 26 64 128 0.0113781
85 27 64 128 0.0185877
86 27 64 128 0.0182676
87 27 64 128 0.0308647
88 27 64 128 0.0479656
89 27 64 128 0.0745755
90 27 64 128 0.128541
91 27 64 128 0.167096
92 27 64 128 0.23271
93 27 64 128 0.343111
94 27 64 128 0.431282
95 27 64 128 0.412129
96 27 64 128 0.306621
97 27 64 128 0.177697
98 27 64 128 0.0819739
99 27 64 128 0.0335491
100 27 64 128 0.0116586
87 28 64 128 0.0102257
88 28 64 128 0.015484
89 28 64 128 0.0264735
90 28 64 128 0.0482631
91 28 64 128 0.0587661
92 28 64 128 0.112895
93 28 64 128 0.201128
94 28 64 128 0.264072
95 28 64 128 0.254722
96 28 64 128 0.159414
97 28 64 128 0.080362
98 28 64 128 0.0393331
99 28 64 128 0.0132937
88 29 64 128 0.0134364
89 29 64 128 0.0269897
90 29 64 128 0.0461949
91 29 64 128 0.0613271
92 29 64 128 0.103956
93 29 64 128 0.197017
94 29 64 128 0.273152
95 29 64 128 0.235957
96 29 64 128 0.139954
97 29 64 128 0.0628497
98 29 64 128 0.0238477
87 30 64 128 0.0126107
88 30 64 128 0.0235862
89 30 64 128 0.0449151
90 30 64 128 0.0730607
91 30 64 128 0.10244
92 30 64 128 0.134755
93 30 64 128 0.233639
94 30 64 128 0.325497
95 30 64 128 0.258676
96 30 64 128 0.166738
97 30 64 128 0.0786028
98 30 64 128 0.0230616
87 31 64 128 0.0109642
88 31 64 128 0.020141
89 31 64 128 0.0377164
90 31 64 128 0.0611708
91 31 64 128 0.0848659
92 31 64 128 0.109465
93 31 64 128 0.185732
94 31 64 128 0.254424
95 31 64 128 0.197584
96 31 64 128 0.130669
97 31 64 128 0.0639191
98 31 64 128 0.0191011
89 32 64 128 0.0153671
90 32 64 128 0.0252836
91 32 64 128 0.032031
92 32 64 128 0.0515955
93 32 64 128 0.0928634
94 32 64 128 0.120321
95 32 64 128 0.0943639
96 32 64 128 0.0587545
97 32 64 128 0.0295768
98 32 64 128 0.0117598
92 33 64 128 0.0241373
93 33 64 128 0.0483549
94 33 64 128 0.0570955
95 33 64 128 0.0449324
96 33 64 128 0.0230827
97 33 64 128 0.0114702
90 34 64 128 0.0101391
91 34 64 128 0.0130424
92 34 64 128 0.0271694
93 34 64 128 0.0505807
94 34 64 128 0.0623807
95 34 64 128 0.0468285
96 34 64 128 0.0244774
97 34 64 128 0.011058
90 35 64 128 0.0112629
91 35 64 128 0.0157516
92 35 64 128 0.0253957
93 35 64 128 0.0446446
94 35 64 128 0.0573037
95 35 64 128 0.042372
96 35 64 128 0.0235872
97 35 64 128 0.0103261
92 36 64 128 0.0111524
93 36 64 128 0.0193232
94 36 64 128 0.0247246
95 36 64 128 0.0187052
96 36 64 128 0.0104291
220 68 64 128 0.0102176
220 69 64 128 0.0101707
219 70 64 128 0.0103261
220 70 64 128 0.0109381
219 71 64 128 0.0101593
220 71 64 128 0.010647
222 71 64 128 0.0100428
223 71 64 128 0.0120011
227 78 64 128 0.0102776
133 130 64 128 0.0116432
134 130 64 128 0.011082
133 131 64 128 0.0151723
134 131 64 128 0.0162004
187 131 64 128 0.0101429
188 131 64 128 0.0105832
133 132 64 128 0.0164782
134 132 64 128 0.0187155
135 132 64 128 0.010985
187 132 64 128 0.0125018
188 132 64 128 0.0138823
189 132 64 128 0.0112038
133 133 64 128 0.017243
134 133 64 128 0.0212706
135 133 64 128 0.0145417
187 133 64 128 0.0151158
188 133 64 128 0.0180225
189 133 64 128 0.0156008
190 133 64 128 0.0104261
192 133 64 128 0.0104907
193 133 64 128 0.011764
133 134 64 128 0.0218637
134 134 64 128 0.0302526
135 134 64 128 0.0211016
186 134 64 128 0.0108486
187 134 64 128 0.019475
188 134 64 128 0.0245077
189 134 64 128 0.0211208
190 134 64 128 0.0158831
191 134 64 128 0.0137392
192 134 64 128 0.0161787
193 134 64 128 0.0176872
194 134 64 128 0.0140251
132 135 64 128 0.0117459
133 135 64 128 0.0299492
134 135 64 128 0.0446044
135 135 64 128 0.0301069
186 135 64 128 0.0120982
187 135 64 128 0.0240128
188 135 64 128 0.0308462
189 135 64 128 0.0256113
190 135 64 128 0.0210377
191 135 64 128 0.0194495
192 135 64 128 0.0227407
193 135 64 128 0.0247053
194 135 64 128 0.0200042
195 135 64 128 0.0141329
196 135 64 128 0.0104793
132 136 64 128 0.0131734
133 136 64 128 0.0363932
134 136 64 128 0.0559603
135 136 64 128 0.0383863
136 136 64 128 0.0126146
186 136 64 128 0.0120439
187 136 64 128 0.0242096
188 136 64 128 0.0307061
189 136 64 128 0.0247801
190 136 64 128 0.0213522
191 136 64 128 0.0205077
192 136 64 128 0.0244021
193 136 64 128 0.0267139
194 136 64 128 0.0215159
195 136 64 128 0.0150816
196 136 64 128 0.0115857
132 137 64 128 0.0136893
133 137 64 128 0.0395059
134 137 64 128 0.0620352
135 137 64 128 0.0454998
136 137 64 128 0.0164387
186 137 64 128 0.0109464
187 137 64 128 0.0200137
188 137 64 128 0.0242478
189 137 64 128 0.0194734
190 137 64 128 0.0170869
191 137 64 128 0.0166254
192 137 64 128 0.020575
193 137 64 128 0.0229354
194 137 64 128 0.0177324
195 137 64 128 0.0113822
132 138 64 128 0.0142836
133 138 64 128 0.0429368
134 138 64 128 0.0699739
135 138 64 128 0.0552035
136 138 64 128 0.0221811
186 138 64 128 0.0111557
187 138 64 128 0.0181443
188 138 64 128 0.0214428
189 138 64 128 0.0182422
190 138 64 128 0.0157269
191 138 64 128 0.014764
192 138 64 128 0.0185594
193 138 64 128 0.0207094
194 138 64 128 0.0150977
132 139 64 128 0.0156808
133 139 64 128 0.0487774
134 139 64 128 0.0835243
135 139 64 128 0.0701545
136 139 64 128 0.0306526
186 139 64 128 0.0133737
187 139 64 128 0.0214925
188 139 64 128 0.0265829
189 139 64 128 0.0243623
190 139 64 128 0.0204491
191 139 64 128 0.0181542
192 139 64 128 0.0217953
193 139 64 128 0.0235919
194 139 64 128 0.0169278
195 139 64 128 0.0102584
132 140 64 128 0.0177562
133 140 64 128 0.0546597
134 140 64 128 0.0971109
135 140 64 128 0.0897865
136 140 64 128 0.041229
186 140 64 128 0.014229
187 140 64 128 0.0231383
188 140 64 128 0.0294471
189 140 64 128 0.027885
190 140 64 128 0.0234612
191 140 64 128 0.0203487
192 140 64 128 0.0236398
193 140 64 128 0.0251857
194 140 64 128 0.0182083
195 140 64 128 0.011563
132 141 64 128 0.0202102
133 141 64 128 0.0587765
134 141 64 128 0.106495
135 141 64 128 0.112501
136 141 64 128 0.0533929
137 141 64 128 0.0108557
186 141 64 128 0.0112346
187 141 64 128 0.0177346
188 141 64 128 0.0221281
189 141 64 128 0.0212166
190 141 64 128 0.0186582
191 141 64 128 0.0162323
192 141 64 128 0.0188538
193 141 64 128 0.0203845
194 141 64 128 0.0148055
132 142 64 128 0.0225359
133 142 64 128 0.063401
134 142 64 128 0.116549
135 142 64 128 0.134625
136 142 64 128 0.0676819
137 142 64 128 0.0152134
187 142 64 128 0.010099
188 142 64 128 0.0117094
189 142 64 128 0.0112861
190 142 64 128 0.01105
192 142 64 128 0.0119008
193 142 64 128 0.0133284
132 143 64 128 0.0241501
133 143 64 128 0.0705357
134 143 64 128 0.131909
135 143 64 128 0.152313
136 143 64 128 0.0841503
137 143 64 128 0.0241247
132 144 64 128 0.0242952
133 144 64 128 0.0757414
134 144 64 128 0.144874
135 144 64 128 0.163282
136 144 64 128 0.0988956
137 144 64 128 0.0342056
132 145 64 128 0.0224379
133 145 64 128 0.0734661
134 145 64 128 0.145208
135 145 64 128 0.166202
136 145 64 128 0.107316
137 145 64 128 0.040741
132 146 64 128 0.0206158
133 146 64 128 0.068161
134 146 64 128 0.138171
135 146 64 128 0.163511
136 146 64 128 0.110812
137 146 64 128 0.0445542
132 147 64 128 0.0219574
133 147 64 128 0.0688761
134 147 64 128 0.13632
135 147 64 128 0.159342
136 147 64 128 0.113668
137 147 64 128 0.049177
138 147 64 128 0.0106714
217 147 64 128 0.0108918
132 148 64 128 0.0252644
133 148 64 128 0.0733845
134 148 64 128 0.137469
135 148 64 128 0.152985
136 148 64 128 0.115356
137 148 64 128 0.0544785
138 148 64 128 0.0121418
215 148 64 128 0.0107338
216 148 64 128 0.0123882
217 148 64 128 0.0150828
218 148 64 128 0.0138866
131 149 64 128 0.0102959
132 149 64 128 0.0259952
133 149 64 128 0.0707255
134 149 64 128 0.127997
135 149 64 128 0.140023
136 149 64 128 0.111622
137 149 64 128 0.057454
138 149 64 128 0.0142167
214 149 64 128 0.0109808
215 149 64 128 0.0128677
216 149 64 128 0.0152842
217 149 64 128 0.019411
218 149 64 128 0.0183408
219 149 64 128 0.0103183
132 150 64 128 0.0235949
133 150 64 128 0.0600803
134 150 64 128 0.107344
135 150 64 128 0.121901
136 150 64 128 0.102819
137 150 64 128 0.0574876
138 150 64 128 0.0166539
215 150 64 128 0.0129237
216 150 64 128 0.0168178
217 150 64 128 0.0228724
218 150 64 128 0.0221908
219 150 64 128 0.0127137
222 150 64 128 0.0121372
223 150 64 128 0.0102751
132 151 64 128 0.0223488
133 151 64 128 0.0529464
134 151 64 128 0.0908181
135 151 64 128 0.107128
136 151 64 128 0.0948775
137 151 64 128 0.056892
138 151 64 128 0.0186428
215 151 64 128 0.0123072
216 151 64 128 0.0167373
217 151 64 128 0.0238768
218 151 64 128 0.0238563
219 151 64 128 0.0144145
220 151 64 128 0.0123395
221 151 64 128 0.0124226
222 151 64 128 0.0149331
223 151 64 128 0.0124977
132 152 64 128 0.023868
133 152 64 128 0.0537006
134 152 64 128 0.0846794
135 152 64 128 0.0988169
136 152 64 128 0.0899232
137 152 64 128 0.0562605
138 152 64 128 0.0195133
214 152 64 128 0.0101605
215 152 64 128 0.0123905
216 152 64 128 0.0160284
217 152 64 128 0.0228483
218 152 64 128 0.023428
219 152 64 128 0.0153564
220 152 64 128 0.0135649
221 152 64 128 0.013324
222 152 64 128 0.0158718
223 152 64 128 0.0130769
132 153 64 128 0.0244594
133 153 64 128 0.052657
134 153 64 128 0.0772982
135 153 64 128 0.0896614
136 153 64 128 0.0826786
137 153 64 128 0.0527962
138 153 64 128 0.0189069
214 153 64 128 0.0120596
215 153 64 128 0.0142786
216 153 64 128 0.0178463
217 153 64 128 0.0238829
218 153 64 128 0.0240544
219 153 64 128 0.0165584
220 153 64 128 0.0144031
221 153 64 128 0.0144212
222 153 64 128 0.0166146
223 153 64 128 0.0128741
132 154 64 128 0.0217075
133 154 64 128 0.0434733
134 154 64 128 0.0610562
135 154 64 128 0.0749589
136 154 64 128 0.0701055
137 154 64 128 0.0452691
138 154 64 128 0.0169545
214 154 64 128 0.0135952
215 154 64 128 0.0181071
216 154 64 128 0.0234947
217 154 64 128 0.028982
218 154 64 128 0.0273591
219 154 64 128 0.0185222
220 154 64 128 0.015471
221 154 64 128 0.0167383
222 154 64 128 0.018167
223 154 64 128 0.0126194
132 155 64 128 0.0182359
133 155 64 128 0.0330459
134 155 64 128 0.0445105
135 155 64 128 0.0601619
136 155 64 128 0.0574562
137 155 64 128 0.0377357
138 155 64 128 0.0150456
214 155 64 128 0.0146832
215 155 64 128 0.0214199
216 155 64 128 0.0285574
217 155 64 128 0.0333254
218 155 64 128 0.0298897
219 155 64 128 0.0200148
220 155 64 128 0.0162538
221 155 64 128 0.0183567
222 155 64 128 0.0190217
223 155 64 128 0.0122269
132 156 64 128 0.0166117
133 156 64 128 0.0282752
134 156 64 128 0.0362446
135 156 64 128 0.0506225
136 156 64 128 0.0497008
137 156 64 128 0.0338575
138 156 64 128 0.0143134
214 156 64 128 0.0152807
215 156 64 128 0.0219926
216 156 64 128 0.0289577
217 156 64 128 0.0324852
218 156 64 128 0.0284903
219 156 64 128 0.0198321
220 156 64 128 0.0161772
221 156 64 128 0.017483
222 156 64 128 0.0177341
223 156 64 128 0.0114852
132 157 64 128 0.0154272
133 157 64 128 0.026278
134 157 64 128 0.0329823
135 157 64 128 0.0437399
136 157 64 128 0.0444458
137 157 64 128 0.0316693
138 157 64 128 0.0138478
160 157 64 128 0.0126126
161 157 64 128 0.0148811
162 157 64 128 0.0118652
214 157 64 128 0.014774
215 157 64 128 0.020527
216 157 64 128 0.0263275
217 157 64 128 0.0287826
218 157 64 128 0.0250498
219 157 64 128 0.0181795
220 157 64 128 0.0152457
221 157 64 128 0.0150464
222 157 64 128 0.0149897
223 157 64 128 0.0102414
132 158 64 128 0.012648
133 158 64 128 0.0223197
134 158 64 128 0.0289669
135 158 64 128 0.035484
136 158 64 128 0.037916
137 158 64 128 0.028206
138 158 64 128 0.0124908
159 158 64 128 0.0116643
160 158 64 128 0.0181835
161 158 64 128 0.0218006
162 158 64 128 0.0175947
163 158 64 128 0.0105946
214 158 64 128 0.0126513
215 158 64 128 0.0184088
216 158 64 128 0.023477
217 158 64 128 0.0257974
218 158 64 128 0.022357
219 158 64 128 0.0156293
220 158 64 128 0.013649
221 158 64 128 0.0125725
222 158 64 128 0.011991
133 159 64 128 0.0172235
134 159 64 128 0.0235367
135 159 64 128 0.0268645
136 159 64 128 0.0306009
137 159 64 128 0.0241486
138 159 64 128 0.011209
159 159 64 128 0.0174565
160 159 64 128 0.0265622
161 159 64 128 0.0300545
162 159 64 128 0.0240459
163 159 64 128 0.0150019
214 159 64 128 0.0101821
215 159 64 128 0.0162648
216 159 64 128 0.0206596
217 159 64 128 0.0231473
218 159 64 128 0.0199567
219 159 64 128 0.0126472
220 159 64 128 0.0117737
221 159 64 128 0.0106054
133 160 64 128 0.013907
134 160 64 128 0.0181366
135 160 64 128 0.0207815
136 160 64 128 0.0246513
137 160 64 128 0.0215471
138 160 64 128 0.0116769
158 160 64 128 0.0130714
159 160 64 128 0.0261284
160 160 64 128 0.0403536
161 160 64 128 0.039827
162 160 64 128 0.03052
163 160 64 128 0.0200026
164 160 64 128 0.0104638
215 160 64 128 0.0144136
216 160 64 128 0.0172208
217 160 64 128 0.0190833
218 160 64 128 0.0162943
220 160 64 128 0.0100977
133 161 64 128 0.0122544
134 161 64 128 0.013602
135 161 64 128 0.0172826
136 161 64 128 0.0205241
137 161 64 128 0.0204078
138 161 64 128 0.013337
158 161 64 128 0.0178853
159 161 64 128 0.0356972
160 161 64 128 0.0554917
161 161 64 128 0.0494558
162 161 64 128 0.0367245
163 161 64 128 0.0250503
164 161 64 128 0.0113889
215 161 64 128 0.01333
216 161 64 128 0.014555
217 161 64 128 0.0154842
218 161 64 128 0.0130153
133 162 64 128 0.0102673
134 162 64 128 0.0103486
135 162 64 128 0.0146211
136 162 64 128 0.0175841
137 162 64 128 0.0194436
138 162 64 128 0.0142497
158 162 64 128 0.0221805
159 162 64 128 0.0425093
160 162 64 128 0.0640617
161 162 64 128 0.0562941
162 162 64 128 0.042652
163 162 64 128 0.0294263
164 162 64 128 0.0122292
214 162 64 128 0.0109523
215 162 64 128 0.0135502
216 162 64 128 0.0152291
217 162 64 128 0.0163431
218 162 64 128 0.0136284
135 163 64 128 0.0121274
136 163 64 128 0.0152893
137 163 64 128 0.0179751
138 163 64 128 0.0137605
157 163 64 128 0.0112011
158 163 64 128 0.0263946
159 163 64 128 0.0478902
160 163 64 128 0.0679627
161 163 64 128 0.0621518
162 163 64 128 0.0487853
163 163 64 128 0.0327983
164 163 64 128 0.0131695
214 163 64 128 0.0118916
215 163 64 128 0.0147505
216 163 64 128 0.0185481
217 163 64 128 0.0207117
218 163 64 128 0.0172512
219 163 64 128 0.0113805
220 163 64 128 0.010954
135 164 64 128 0.0101948
136 164 64 128 0.013214
137 164 64 128 0.0159388
138 164 64 128 0.0124783
157 164 64 128 0.0135852
158 164 64 128 0.0323896
159 164 64 128 0.0578732
160 164 64 128 0.0784215
161 164 64 128 0.0730147
162 164 64 128 0.0560316
163 164 64 128 0.0352056
164 164 64 128 0.0139405
214 164 64 128 0.0125286
215 164 64 128 0.0157831
216 164 64 128 0.0206922
217 164 64 128 0.0229098
218 164 64 128 0.018799
219 164 64 128 0.0127971
220 164 64 128 0.0117972
221 164 64 128 0.010378
136 165 64 128 0.0114027
137 165 64 128 0.0137461
138 165 64 128 0.0110322
157 165 64 128 0.0159183
158 165 64 128 0.0396011
159 165 64 128 0.0722124
160 165 64 128 0.0962832
161 165 64 128 0.0877896
162 165 64 128 0.0631206
163 165 64 128 0.0365056
164 165 64 128 0.01419
214 165 64 128 0.0126375
215 165 64 128 0.015854
216 165 64 128 0.0199555
217 165 64 128 0.0208104
218 165 64 128 0.0164939
219 165 64 128 0.0118515
220 165 64 128 0.0113606
221 165 64 128 0.0103079
136 166 64 128 0.0105678
137 166 64 128 0.0124531
138 166 64 128 0.0100051
157 166 64 128 0.0172965
158 166 64 128 0.0438887
159 166 64 128 0.0813436
160 166 64 128 0.106895
161 166 64 128 0.0949468
162 166 64 128 0.0656212
163 166 64 128 0.0362707
164 166 64 128 0.0134742
214 166 64 128 0.0118526
215 166 64 128 0.0147304
216 166 64 128 0.0178638
217 166 64 128 0.0176869
218 166 64 128 0.0135709
219 166 64 128 0.0101032
136 167 64 128 0.0107892
137 167 64 128 0.0124463
157 167 64 128 0.0171593
158 167 64 128 0.0428303
159 167 64 128 0.0795074
160 167 64 128 0.101736
161 167 64 128 0.0877434
162 167 64 128 0.0605543
163 167 64 128 0.0338937
164 167 64 128 0.0116431
214 167 64 128 0.0101186
215 167 64 128 0.0125785
216 167 64 128 0.015587
217 167 64 128 0.0156453
218 167 64 128 0.0120662
136 168 64 128 0.010648
137 168 64 128 0.0125375
138 168 64 128 0.0101756
157 168 64 128 0.0157971
158 168 64 128 0.0383717
159 168 64 128 0.0708544
160 168 64 128 0.0883344
161 168 64 128 0.071685
162 168 64 128 0.0486544
163 168 64 128 0.0284242
215 168 64 128 0.0103422
216 168 64 128 0.0129664
217 168 64 128 0.0133191
218 168 64 128 0.0105412
137 169 64 128 0.0118507
138 169 64 128 0.0110557
157 169 64 128 0.013642
158 169 64 128 0.032668
159 169 64 128 0.0598946
160 169 64 128 0.0741751
161 169 64 128 0.0532912
162 169 64 128 0.0323627
163 169 64 128 0.0199232
216 169 64 128 0.0100272
137 170 64 128 0.0112803
138 170 64 128 0.0121194
157 170 64 128 0.0112258
158 170 64 128 0.0266211
159 170 64 128 0.0479025
160 170 64 128 0.0593681
161 170 64 128 0.0370226
162 170 64 128 0.0182573
163 170 64 128 0.0120484
137 171 64 128 0.0117229
138 171 64 128 0.0130261
158 171 64 128 0.0208979
159 171 64 128 0.0357246
160 171 64 128 0.043306
161 171 64 128 0.0261737
162 171 64 128 0.0121852
137 172 64 128 0.012058
138 172 64 128 0.0131923
158 172 64 128 0.0163351
159 172 64 128 0.0256063
160 172 64 128 0.029963
161 172 64 128 0.0201102
162 172 64 128 0.0113092
137 173 64 128 0.0107948
138 173 64 128 0.0121475
158 173 64 128 0.0136734
159 173 64 128 0.0198768
160 173 64 128 0.0240533
161 173 64 128 0.0169373
162 173 64 128 0.0103821
138 174 64 128 0.011129
158 174 64 128 0.0123102
159 174 64 128 0.0174813
160 174 64 128 0.0232924
161 174 64 128 0.0152746
138 175 64 128 0.0120903
139 175 64 128 0.0114811
158 175 64 128 0.011005
159 175 64 128 0.0157191
160 175 64 128 0.0220406
161 175 64 128 0.0140366
137 176 64 128 0.0114315
138 176 64 128 0.0144164
139 176 64 128 0.0147816
159 176 64 128 0.0135211
160 176 64 128 0.0187837
161 176 64 128 0.0125705
137 177 64 128 0.0123705
138 177 64 128 0.0155606
139 177 64 128 0.0162487
159 177 64 128 0.0111051
160 177 64 128 0.0152234
161 177 64 128 0.0105744
137 178 64 128 0.0118657
138 178 64 128 0.0153749
139 178 64 128 0.0159978
160 178 64 128 0.0122623
137 179 64 128 0.0120229
138 179 64 128 0.0165411
139 179 64 128 0.0178951
140 179 64 128 0.0100548
137 180 64 128 0.0134949
138 180 64 128 0.0196207
139 180 64 128 0.0227267
140 180 64 128 0.0136785
137 181 64 128 0.0141415
138 181 64 128 0.0211872
139 181 64 128 0.0255217
140 181 64 128 0.0162376
137 182 64 128 0.0128025
138 182 64 128 0.0194716
139 182 64 128 0.0236832
140 182 64 128 0.016229
137 183 64 128 0.0117049
138 183 64 128 0.0182329
139 183 64 128 0.022544
140 183 64 128 0.0165769
137 184 64 128 0.0127603
138 184 64 128 0.0206657
139 184 64 128 0.0266158
140 184 64 128 0.0197109
137 185 64 128 0.0141767
138 185 64 128 0.0237074
139 185 64 128 0.0313879
140 185 64 128 0.0228678
141 185 64 128 0.0109913
137 186 64 128 0.0137089
138 186 64 128 0.023496
139 186 64 128 0.0311955
140 186 64 128 0.022739
141 186 64 128 0.0112221
137 187 64 128 0.0126482
138 187 64 128 0.0219106
139 187 64 128 0.0286449
140 187 64 128 0.0215775
141 187 64 128 0.0112467
137 188 64 128 0.0134428
138 188 64 128 0.0227514
139 188 64 128 0.0291569
140 188 64 128 0.0234565
141 188 64 128 0.0131884
137 189 64 128 0.0151237
138 189 64 128 0.0247489
139 189 64 128 0.0313708
140 189 64 128 0.0270837
141 189 64 128 0.0162235
218 189 64 128 0.0106477
219 189 64 128 0.0106482
137 190 64 128 0.0147202
138 190 64 128 0.0236651
139 190 64 128 0.0299517
140 190 64 128 0.0280397
141 190 64 128 0.0178126
217 190 64 128 0.0113347
218 190 64 128 0.0139973
219 190 64 128 0.0141287
220 190 64 128 0.0147751
221 190 64 128 0.0107623
137 191 64 128 0.012419
138 191 64 128 0.0199705
139 191 64 128 0.025788
140 191 64 128 0.0271729
141 191 64 128 0.0183456
142 191 64 128 0.0103827
217 191 64 128 0.0122523
218 191 64 128 0.0168908
219 191 64 128 0.0180755
220 191 64 128 0.0213666
221 191 64 128 0.0143516
137 192 64 128 0.0113646
138 192 64 128 0.018539
139 192 64 128 0.0255704
140 192 64 128 0.0302242
141 192 64 128 0.020934
142 192 64 128 0.0129336
217 192 64 128 0.0132361
218 192 64 128 0.0186624
219 192 64 128 0.0219597
220 192 64 128 0.0260712
221 192 64 128 0.018135
222 192 64 128 0.0110774
137 193 64 128 0.0124139
138 193 64 128 0.0205143
139 193 64 128 0.0302159
140 193 64 128 0.0372661
141 193 64 128 0.0255947
142 193 64 128 0.0171003
143 193 64 128 0.0144583
216 193 64 128 0.0111301
217 193 64 128 0.0148642
218 193 64 128 0.0196025
219 193 64 128 0.0252744
220 193 64 128 0.0282071
221 193 64 128 0.0216627
222 193 64 128 0.0151782
223 193 64 128 0.0103036
137 194 64 128 0.0130466
138 194 64 128 0.0215581
139 194 64 128 0.032214
140 194 64 128 0.0401475
141 194 64 128 0.0278544
142 194 64 128 0.0192742
143 194 64 128 0.0166521
144 194 64 128 0.0108127
216 194 64 128 0.0127724
217 194 64 128 0.0165844
218 194 64 128 0.0213366
219 194 64 128 0.0275565
220 194 64 128 0.0314698
221 194 64 128 0.024862
222 194 64 128 0.0180611
223 194 64 128 0.0123304
303 194 64 128 0.0141126
304 194 64 128 0.0114115
137 195 64 128 0.012213
138 195 64 128 0.0200058
139 195 64 128 0.0287706
140 195 64 128 0.0361469
141 195 64 128 0.0264931
142 195 64 128 0.0186387
143 195 64 128 0.0156722
144 195 64 128 0.0109279
215 195 64 128 0.0110857
216 195 64 128 0.0125512
217 195 64 128 0.0181147
218 195 64 128 0.024472
219 195 64 128 0.0287692
220 195 64 128 0.0373151
221 195 64 128 0.0282096
222 195 64 128 0.019227
223 195 64 128 0.0140362
302 195 64 128 0.015823
303 195 64 128 0.0217938
304 195 64 128 0.0176874
137 196 64 128 0.012542
138 196 64 128 0.0207768
139 196 64 128 0.0285054
140 196 64 128 0.0354447
141 196 64 128 0.0279523
142 196 64 128 0.0208843
143 196 64 128 0.0177955
144 196 64 128 0.0134314
145 196 64 128 0.0100385
194 196 64 128 0.0100059
196 196 64 128 0.0108061
197 196 64 128 0.0106713
213 196 64 128 0.010991
215 196 64 128 0.0126963
216 196 64 128 0.0128784
217 196 64 128 0.0199302
218 196 64 128 0.027231
219 196 64 128 0.0297791
220 196 64 128 0.0417194
221 196 64 128 0.033294
222 196 64 128 0.0228854
223 196 64 128 0.0162746
302 196 64 128 0.0217179
303 196 64 128 0.0305209
304 196 64 128 0.0228288
305 196 64 128 0.0113722
137 197 64 128 0.0155392
138 197 64 128 0.026599
139 197 64 128 0.0365522
140 197 64 128 0.0442171
141 197 64 128 0.0358328
142 197 64 128 0.0291187
143 197 64 128 0.0265171
144 197 64 128 0.020138
145 197 64 128 0.0133108
196 197 64 128 0.0112602
197 197 64 128 0.0112029
212 197 64 128 0.0117239
213 197 64 128 0.0126791
214 197 64 128 0.0114605
215 197 64 128 0.0137702
216 197 64 128 0.0155762
217 197 64 128 0.0224071
218 197 64 128 0.0285287
219 197 64 128 0.0313548
220 197 64 128 0.0421463
221 197 64 128 0.0409204
222 197 64 128 0.0316874
223 197 64 128 0.0197661
302 197 64 128 0.0257141
303 197 64 128 0.038341
304 197 64 128 0.0243955
305 197 64 128 0.0114464
137 198 64 128 0.0174243
138 198 64 128 0.0301388
139 198 64 128 0.0416401
140 198 64 128 0.049884
141 198 64 128 0.0410663
142 198 64 128 0.0351254
143 198 64 128 0.0330725
144 198 64 128 0.0248254
145 198 64 128 0.0152705
194 198 64 128 0.0102858
195 198 64 128 0.0106979
196 198 64 128 0.0136531
197 198 64 128 0.0136206
198 198 64 128 0.0116744
199 198 64 128 0.0101104
211 198 64 128 0.0109256
212 198 64 128 0.0152367
213 198 64 128 0.0163744
214 198 64 128 0.0151157
215 198 64 128 0.0165959
216 198 64 128 0.0190693
217 198 64 128 0.025272
218 198 64 128 0.0305915
219 198 64 128 0.0335577
220 198 64 128 0.0433174
221 198 64 128 0.0488259
222 198 64 128 0.041117
223 198 64 128 0.0243799
224 198 64 128 0.011653
225 198 64 128 0.0102001
302 198 64 128 0.027167
303 198 64 128 0.0413161
304 198 64 128 0.0232582
305 198 64 128 0.0102973
137 199 64 128 0.014714
138 199 64 128 0.0246409
139 199 64 128 0.0332004
140 199 64 128 0.0407094
141 199 64 128 0.0353954
142 199 64 128 0.0313386
143 199 64 128 0.0292434
144 199 64 128 0.0217647
145 199 64 128 0.0130307
189 199 64 128 0.0108238
190 199 64 128 0.012545
191 199 64 128 0.0134535
192 199 64 128 0.012616
193 199 64 128 0.0136656
194 199 64 128 0.0173884
195 199 64 128 0.0178205
196 199 64 128 0.0207013
197 199 64 128 0.0206358
198 199 64 128 0.0179026
199 199 64 128 0.0146324
210 199 64 128 0.0116276
211 199 64 128 0.0150907
212 199 64 128 0.0212504
213 199 64 128 0.0233504
214 199 64 128 0.0197619
215 199 64 128 0.0227731
216 199 64 128 0.0214033
217 199 64 128 0.0280926
218 199 64 128 0.0354427
219 199 64 128 0.036313
220 199 64 128 0.0499592
221 199 64 128 0.0550004
222 199 64 128 0.0467642
223 199 64 128 0.0298508
224 199 64 128 0.0144375
225 199 64 128 0.0127244
226 199 64 128 0.0114164
302 199 64 128 0.0263467
303 199 64 128 0.0370149
304 199 64 128 0.021059
137 200 64 128 0.0112212
138 200 64 128 0.0173056
139 200 64 128 0.0221565
140 200 64 128 0.0297456
141 200 64 128 0.0285682
142 200 64 128 0.0259001
143 200 64 128 0.0229838
144 200 64 128 0.0165378
189 200 64 128 0.0131903
190 200 64 128 0.0163723
191 200 64 128 0.0180491
192 200 64 128 0.0175187
193 200 64 128 0.0195094
194 200 64 128 0.0244265
195 200 64 128 0.0245561
196 200 64 128 0.0273322
197 200 64 128 0.0272477
198 200 64 128 0.0238932
199 200 64 128 0.0192772
200 200 64 128 0.0103431
210 200 64 128 0.0156631
211 200 64 128 0.0185394
212 200 64 128 0.0259772
213 200 64 128 0.0284867
214 200 64 128 0.0224826
215 200 64 128 0.0275048
216 200 64 128 0.0223215
217 200 64 128 0.0303085
218 200 64 128 0.0404469
219 200 64 128 0.0395987
220 200 64 128 0.0589471
221 200 64 128 0.0620913
222 200 64 128 0.0525553
223 200 64 128 0.0361339
224 200 64 128 0.017793
225 200 64 128 0.0161984
226 200 64 128 0.0148408
301 200 64 128 0.0131574
302 200 64 128 0.0270392
303 200 64 128 0.0330652
304 200 64 128 0.0198913
137 201 64 128 0.01224
138 201 64 128 0.0182555
139 201 64 128 0.0239593
140 201 64 128 0.0349999
141 201 64 128 0.0338314
142 201 64 128 0.0300834
143 201 64 128 0.0256175
144 201 64 128 0.0171469
145 201 64 128 0.0102551
189 201 64 128 0.011729
190 201 64 128 0.0149643
191 201 64 128 0.0161598
192 201 64 128 0.0156999
193 201 64 128 0.0184722
194 201 64 128 0.023806
195 201 64 128 0.0238748
196 201 64 128 0.0272738
197 201 64 128 0.0273828
198 201 64 128 0.0250662
199 201 64 128 0.0220178
200 201 64 128 0.011594
210 201 64 128 0.015925
211 201 64 128 0.0192989
212 201 64 128 0.0249299
213 201 64 128 0.0257639
214 201 64 128 0.0202427
215 201 64 128 0.0250977
216 201 64 128 0.0221876
217 201 64 128 0.0314848
218 201 64 128 0.0421446
219 201 64 128 0.0434464
220 201 64 128 0.0653563
221 201 64 128 0.0734679
222 201 64 128 0.0639305
223 201 64 128 0.0430616
224 201 64 128 0.0225295
225 201 64 128 0.0212427
226 201 64 128 0.0214007
227 201 64 128 0.0162916
301 201 64 128 0.0173845
302 201 64 128 0.0331913
303 201 64 128 0.0386265
304 201 64 128 0.0215553
137 202 64 128 0.015374
138 202 64 128 0.0236606
139 202 64 128 0.0328033
140 202 64 128 0.0476937
141 202 64 128 0.0441098
142 202 64 128 0.0381188
143 202 64 128 0.0321573
144 202 64 128 0.0207229
145 202 64 128 0.012276
190 202 64 128 0.0109436
191 202 64 128 0.0112081
192 202 64 128 0.0109733
193 202 64 128 0.0143754
194 202 64 128 0.0199075
195 202 64 128 0.0214947
196 202 64 128 0.0257171
197 202 64 128 0.0272922
198 202 64 128 0.0274886
199 202 64 128 0.025523
200 202 64 128 0.0133146
210 202 64 128 0.0143397
211 202 64 128 0.0182456
212 202 64 128 0.0205693
213 202 64 128 0.0193066
214 202 64 128 0.0162291
215 202 64 128 0.0200205
216 202 64 128 0.0219188
217 202 64 128 0.0326124
218 202 64 128 0.0430265
219 202 64 128 0.0481998
220 202 64 128 0.0707829
221 202 64 128 0.085691
222 202 64 128 0.0760202
223 202 64 128 0.0488082
224 202 64 128 0.0267379
225 202 64 128 0.0252937
226 202 64 128 0.0271869
227 202 64 128 0.0225624
228 202 64 128 0.0132267
300 202 64 128 0.0106781
301 202 64 128 0.0204672
302 202 64 128 0.0403388
303 202 64 128 0.0479063
304 202 64 128 0.0240986
137 203 64 128 0.0148341
138 203 64 128 0.0234479
139 203 64 128 0.0333227
140 203 64 128 0.0471206
141 203 64 128 0.0433244
142 203 64 128 0.036717
143 203 64 128 0.0303856
144 203 64 128 0.0195208
145 203 64 128 0.0110956
190 203 64 128 0.0100499
191 203 64 128 0.0106647
192 203 64 128 0.0115602
193 203 64 128 0.0157112
194 203 64 128 0.0223921
195 203 64 128 0.0285172
196 203 64 128 0.0327365
197 203 64 128 0.0383485
198 203 64 128 0.0415108
199 203 64 128 0.0343947
200 203 64 128 0.0193157
201 203 64 128 0.0123104
210 203 64 128 0.0151658
211 203 64 128 0.0176086
212 203 64 128 0.0185589
213 203 64 128 0.0177941
214 203 64 128 0.0163263
215 203 64 128 0.0211619
216 203 64 128 0.0226203
217 203 64 128 0.0352335
218 203 64 128 0.0480838
219 203 64 128 0.0541789
220 203 64 128 0.0795608
221 203 64 128 0.0922625
222 203 64 128 0.079461
223 203 64 128 0.0509271
224 203 64 128 0.0274267
225 203 64 128 0.0245584
226 203 64 128 0.0259947
227 203 64 128 0.0213341
228 203 64 128 0.0123553
300 203 64 128 0.010126
301 203 64 128 0.0197104
302 203 64 128 0.0403264
303 203 64 128 0.0483781
304 203 64 128 0.0238848
137 204 64 128 0.0121075
138 204 64 128 0.0194494
139 204 64 128 0.0275419
140 204 64 128 0.03626
141 204 64 128 0.0340264
142 204 64 128 0.0286893
143 204 64 128 0.0229964
144 204 64 128 0.0148957
190 204 64 128 0.0120812
191 204 64 128 0.0140706
192 204 64 128 0.0164581
193 204 64 128 0.0213584
194 204 64 128 0.0295667
195 204 64 128 0.0404497
196 204 64 128 0.0450142
197 204 64 128 0.0556214
198 204 64 128 0.0613264
199 204 64 128 0.0467624
200 204 64 128 0.0276703
201 204 64 128 0.0169938
202 204 64 128 0.013113
203 204 64 128 0.0101128
209 204 64 128 0.0109188
210 204 64 128 0.0184889
211 204 64 128 0.0183368
212 204 64 128 0.0200179
213 204 64 128 0.0214959
214 204 64 128 0.0198392
215 204 64 128 0.0268674
216 204 64 128 0.0240435
217 204 64 128 0.0384021
218 204 64 128 0.0548615
219 204 64 128 0.0590385
220 204 64 128 0.0878053
221 204 64 128 0.0923116
222 204 64 128 0.0754264
223 204 64 128 0.0501641
224 204 64 128 0.0259083
225 204 64 128 0.0208357
226 204 64 128 0.0201611
227 204 64 128 0.0151006
301 204 64 128 0.0156876
302 204 64 128 0.0332332
303 204 64 128 0.0396122
304 204 64 128 0.0203977
137 205 64 128 0.0139941
138 205 64 128 0.0222167
139 205 64 128 0.0302704
140 205 64 128 0.0355548
141 205 64 128 0.0325008
142 205 64 128 0.0286736
143 205 64 128 0.0236269
144 205 64 128 0.0148951
190 205 64 128 0.0124239
191 205 64 128 0.0150829
192 205 64 128 0.0178399
193 205 64 128 0.0230912
194 205 64 128 0.0313801
195 205 64 128 0.0414459
196 205 64 128 0.0494228
197 205 64 128 0.0622515
198 205 64 128 0.0693344
199 205 64 128 0.0559723
200 205 64 128 0.0322729
201 205 64 128 0.0197637
202 205 64 128 0.0153382
203 205 64 128 0.0119757
208 205 64 128 0.0116717
209 205 64 128 0.0137375
210 205 64 128 0.021318
211 205 64 128 0.0204163
212 205 64 128 0.0226522
213 205 64 128 0.0244257
214 205 64 128 0.0212252
215 205 64 128 0.0277322
216 205 64 128 0.0249561
217 205 64 128 0.0393631
218 205 64 128 0.0554795
219 205 64 128 0.0585666
220 205 64 128 0.0856724
221 205 64 128 0.0891911
222 205 64 128 0.0728785
223 205 64 128 0.0495897
224 205 64 128 0.0266264
225 205 64 128 0.0200073
226 205 64 128 0.0182883
227 205 64 128 0.0135247
301 205 64 128 0.0114144
302 205 64 128 0.0253225
303 205 64 128 0.0302676
304 205 64 128 0.0154972
136 206 64 128 0.012266
137 206 64 128 0.0198307
138 206 64 128 0.0307971
139 206 64 128 0.0408118
140 206 64 128 0.0459998
141 206 64 128 0.0397305
142 206 64 128 0.0368877
143 206 64 128 0.0322346
144 206 64 128 0.0195369
145 206 64 128 0.0115867
190 206 64 128 0.0104324
191 206 64 128 0.0127631
192 206 64 128 0.0147285
193 206 64 128 0.0200531
194 206 64 128 0.0274164
195 206 64 128 0.0322536
196 206 64 128 0.0454074
197 206 64 128 0.0568958
198 206 64 128 0.0639934
199 206 64 128 0.0601447
200 206 64 128 0.0330365
201 206 64 128 0.0205403
202 206 64 128 0.0159909
203 206 64 128 0.0122644
204 206 64 128 0.0110484
207 206 64 128 0.0109996
208 206 64 128 0.0132211
209 206 64 128 0.0168528
210 206 64 128 0.0241343
211 206 64 128 0.0244337
212 206 64 128 0.0261909
213 206 64 128 0.02591
214 206 64 128 0.0203586
215 206 64 128 0.023539
216 206 64 128 0.0255682
217 206 64 128 0.0380391
218 206 64 128 0.049869
219 206 64 128 0.0534068
220 206 64 128 0.0727753
221 206 64 128 0.0837818
222 206 64 128 0.0728366
223 206 64 128 0.0489539
224 206 64 128 0.0294576
225 206 64 128 0.0224466
226 206 64 128 0.0213327
227 206 64 128 0.0176811
228 206 64 128 0.0105767
302 206 64 128 0.0194975
303 206 64 128 0.0239586
304 206 64 128 0.0106711
136 207 64 128 0.0126479
137 207 64 128 0.0203966
138 207 64 128 0.0310302
139 207 64 128 0.0406306
140 207 64 128 0.0461504
141 207 64 128 0.0390421
142 207 64 128 0.0369486
143 207 64 128 0.0330367
144 207 64 128 0.0195937
145 207 64 128 0.0120469
190 207 64 128 0.0100679
191 207 64 128 0.0124443
192 207 64 128 0.0140769
193 207 64 128 0.0199084
194 207 64 128 0.0283622
195 207 64 128 0.0326474
196 207 64 128 0.0468787
197 207 64 128 0.0560774
198 207 64 128 0.0622402
199 207 64 128 0.0629377
200 207 64 128 0.0367694
201 207 64 128 0.0226276
202 207 64 128 0.016596
203 207 64 128 0.0131656
204 207 64 128 0.0129031
207 207 64 128 0.0128983
208 207 64 128 0.015743
209 207 64 128 0.0214415
210 207 64 128 0.0313861
211 207 64 128 0.0316437
212 207 64 128 0.0327186
213 207 64 128 0.0314304
214 207 64 128 0.0233476
215 207 64 128 0.0246451
216 207 64 128 0.0277308
217 207 64 128 0.0374226
218 207 64 128 0.046933
219 207 64 128 0.0497363
220 207 64 128 0.059605
221 207 64 128 0.0740695
222 207 64 128 0.0671363
223 207 64 128 0.0442069
224 207 64 128 0.0290411
225 207 64 128 0.0221919
226 207 64 128 0.0214335
227 207 64 128 0.0187339
228 207 64 128 0.0116443
302 207 64 128 0.0146671
303 207 64 128 0.0183147
137 208 64 128 0.0135972
138 208 64 128 0.0196731
139 208 64 128 0.025272
140 208 64 128 0.0302458
141 208 64 128 0.0260381
142 208 64 128 0.0244878
143 208 64 128 0.0217097
144 208 64 128 0.0126493
190 208 64 128 0.0123614
191 208 64 128 0.015591
192 208 64 128 0.0179459
193 208 64 128 0.0247061
194 208 64 128 0.0365712
195 208 64 128 0.0475241
196 208 64 128 0.0577372
197 208 64 128 0.0653825
198 208 64 128 0.0699361
199 208 64 128 0.0653641
200 208 64 128 0.0443127
201 208 64 128 0.0263981
202 208 64 128 0.0176212
203 208 64 128 0.0151357
204 208 64 128 0.013615
207 208 64 128 0.0138474
208 208 64 128 0.018947
209 208 64 128 0.0263918
210 208 64 128 0.041729
211 208 64 128 0.0398508
212 208 64 128 0.04067
213 208 64 128 0.040725
214 208 64 128 0.0307271
215 208 64 128 0.0331088
216 208 64 128 0.0309868
217 208 64 128 0.0381476
218 208 64 128 0.0495673
219 208 64 128 0.0500228
220 208 64 128 0.0521178
221 208 64 128 0.0611483
222 208 64 128 0.0539581
223 208 64 128 0.0349465
224 208 64 128 0.0240464
225 208 64 128 0.017386
226 208 64 128 0.0158722
227 208 64 128 0.0134339
302 208 64 128 0.0103155
303 208 64 128 0.0123406
137 209 64 128 0.0102953
138 209 64 128 0.0133439
139 209 64 128 0.015971
140 209 64 128 0.0213798
141 209 64 128 0.018914
142 209 64 128 0.0171865
143 209 64 128 0.0149518
190 209 64 128 0.0129155
191 209 64 128 0.0164816
192 209 64 128 0.0193091
193 209 64 128 0.0261185
194 209 64 128 0.0391427
195 209 64 128 0.0546184
196 209 64 128 0.0634529
197 209 64 128 0.0700681
198 209 64 128 0.072321
199 209 64 128 0.0634104
200 209 64 128 0.0456852
201 209 64 128 0.0269081
202 209 64 128 0.0175544
203 209 64 128 0.0154543
204 209 64 128 0.0126678
207 209 64 128 0.0129738
208 209 64 128 0.0190063
209 209 64 128 0.0265639
210 209 64 128 0.043568
211 209 64 128 0.0409133
212 209 64 128 0.0420348
213 209 64 128 0.043161
214 209 64 128 0.0329425
215 209 64 128 0.0358427
216 209 64 128 0.0307883
217 209 64 128 0.0365379
218 209 64 128 0.0495808
219 209 64 128 0.0498854
220 209 64 128 0.0475136
221 209 64 128 0.0516841
222 209 64 128 0.0431636
223 209 64 128 0.0273475
224 209 64 128 0.0205081
225 209 64 128 0.013766
226 209 64 128 0.0115273
136 210 64 128 0.0105512
137 210 64 128 0.0164418
138 210 64 128 0.0213636
139 210 64 128 0.0248859
140 210 64 128 0.0325215
141 210 64 128 0.0277965
142 210 64 128 0.0250847
143 210 64 128 0.0223187
144 210 64 128 0.0136087
191 210 64 128 0.0117553
192 210 64 128 0.0139836
193 210 64 128 0.0193376
194 210 64 128 0.0288144
195 210 64 128 0.0408546
196 210 64 128 0.0552916
197 210 64 128 0.0613525
198 210 64 128 0.0611308
199 210 64 128 0.0559113
200 210 64 128 0.0363871
201 210 64 128 0.0220233
202 210 64 128 0.0157428
203 210 64 128 0.0127576
204 210 64 128 0.0101551
207 210 64 128 0.0103133
208 210 64 128 0.0144019
209 210 64 128 0.020005
210 210 64 128 0.0316545
211 210 64 128 0.0314112
212 210 64 128 0.0333372
213 210 64 128 0.0336895
214 210 64 128 0.0252573
215 210 64 128 0.0259413
216 210 64 128 0.0251114
217 210 64 128 0.030734
218 210 64 128 0.0419791
219 210 64 128 0.0459579
220 210 64 128 0.0427287
221 210 64 128 0.0485822
222 210 64 128 0.0402452
223 210 64 128 0.0248515
224 210 64 128 0.0215925
225 210 64 128 0.0146125
226 210 64 128 0.0125477
135 211 64 128 0.0102461
136 211 64 128 0.0136294
137 211 64 128 0.0218313
138 211 64 128 0.028895
139 211 64 128 0.0338712
140 211 64 128 0.0427886
141 211 64 128 0.0359365
142 211 64 128 0.032604
143 211 64 128 0.0293145
144 211 64 128 0.0180633
145 211 64 128 0.0127135
193 211 64 128 0.0114109
194 211 64 128 0.0169658
195 211 64 128 0.0241327
196 211 64 128 0.0443856
197 211 64 128 0.0512396
198 211 64 128 0.0503597
199 211 64 128 0.0504345
200 211 64 128 0.0290182
201 211 64 128 0.0183149
202 211 64 128 0.0142865
203 211 64 128 0.0100404
208 211 64 128 0.010554
209 211 64 128 0.0141268
210 211 64 128 0.0199568
211 211 64 128 0.0217916
212 211 64 128 0.0246047
213 211 64 128 0.0245149
214 211 64 128 0.0181137
215 211 64 128 0.0165366
216 211 64 128 0.0195776
217 211 64 128 0.0247278
218 211 64 128 0.0329629
219 211 64 128 0.039277
220 211 64 128 0.0362498
221 211 64 128 0.0434895
222 211 64 128 0.0362818
223 211 64 128 0.0220704
224 211 64 128 0.0210821
225 211 64 128 0.0148405
226 211 64 128 0.0134909
227 211 64 128 0.0111544
136 212 64 128 0.0113922
137 212 64 128 0.0176646
138 212 64 128 0.0229793
139 212 64 128 0.026983
140 212 64 128 0.0342104
141 212 64 128 0.0289735
142 212 64 128 0.0261636
143 212 64 128 0.0233245
144 212 64 128 0.0144736
145 212 64 128 0.010324
194 212 64 128 0.0141485
195 212 64 128 0.0212133
196 212 64 128 0.0410763
197 212 64 128 0.0503462
198 212 64 128 0.051912
199 212 64 128 0.052588
200 212 64 128 0.0338061
201 212 64 128 0.0210969
202 212 64 128 0.0148867
208 212 64 128 0.0120238
209 212 64 128 0.0152298
210 212 64 128 0.0206975
211 212 64 128 0.0213245
212 212 64 128 0.0246813
213 212 64 128 0.0262475
214 212 64 128 0.0205345
215 212 64 128 0.0190656
216 212 64 128 0.0190881
217 212 64 128 0.0222483
218 212 64 128 0.0286597
219 212 64 128 0.0317622
220 212 64 128 0.0277086
221 212 64 128 0.0299283
222 212 64 128 0.0238814
223 212 64 128 0.0144708
224 212 64 128 0.0139027
225 212 64 128 0.0100788
137 213 64 128 0.0116381
138 213 64 128 0.0144008
139 213 64 128 0.0174233
140 213 64 128 0.0232353
141 213 64 128 0.0201888
142 213 64 128 0.0173829
143 213 64 128 0.0154187
144 213 64 128 0.0108614
194 213 64 128 0.0151452
195 213 64 128 0.0236323
196 213 64 128 0.0392752
197 213 64 128 0.0498038
198 213 64 128 0.0543413
199 213 64 128 0.0541337
200 213 64 128 0.0398865
201 213 64 128 0.0247419
202 213 64 128 0.0157794
203 213 64 128 0.0107021
207 213 64 128 0.0109188
208 213 64 128 0.0152408
209 213 64 128 0.0188362
210 213 64 128 0.0261786
211 213 64 128 0.0252449
212 213 64 128 0.0285905
213 213 64 128 0.0315027
214 213 64 128 0.0256419
215 213 64 128 0.0247105
216 213 64 128 0.0205143
217 213 64 128 0.0220632
218 213 64 128 0.0274717
219 213 64 128 0.0260397
220 213 64 128 0.0204149
221 213 64 128 0.0165942
222 213 64 128 0.011495
137 214 64 128 0.0134573
138 214 64 128 0.0169201
139 214 64 128 0.0219608
140 214 64 128 0.0301745
141 214 64 128 0.0259331
142 214 64 128 0.0209072
143 214 64 128 0.0194263
144 214 64 128 0.0167057
145 214 64 128 0.0130007
194 214 64 128 0.0121602
195 214 64 128 0.0188847
196 214 64 128 0.0306245
197 214 64 128 0.0384864
198 214 64 128 0.0435411
199 214 64 128 0.0456015
200 214 64 128 0.033906
201 214 64 128 0.0222654
202 214 64 128 0.0147487
207 214 64 128 0.0117536
208 214 64 128 0.0155277
209 214 64 128 0.0190039
210 214 64 128 0.0258528
211 214 64 128 0.026568
212 214 64 128 0.0293582
213 214 64 128 0.0306651
214 214 64 128 0.0246713
215 214 64 128 0.0220924
216 214 64 128 0.0196555
217 214 64 128 0.0220598
218 214 64 128 0.0263769
219 214 64 128 0.0244688
220 214 64 128 0.0179513
221 214 64 128 0.0139569
136 215 64 128 0.0131697
137 215 64 128 0.0182248
138 215 64 128 0.0238348
139 215 64 128 0.0316748
140 215 64 128 0.0427132
141 215 64 128 0.0361399
142 215 64 128 0.02879
143 215 64 128 0.0273917
144 215 64 128 0.0246319
145 215 64 128 0.01921
146 215 64 128 0.0134748
195 215 64 128 0.0104469
196 215 64 128 0.0195517
197 215 64 128 0.0232738
198 215 64 128 0.0272837
199 215 64 128 0.032758
200 215 64 128 0.0217031
201 215 64 128 0.0162054
202 215 64 128 0.0124486
207 215 64 128 0.0117118
208 215 64 128 0.0146451
209 215 64 128 0.0183391
210 215 64 128 0.0240323
211 215 64 128 0.0273883
212 215 64 128 0.0301814
213 215 64 128 0.0297911
214 215 64 128 0.0232576
215 215 64 128 0.0171475
216 215 64 128 0.0188012
217 215 64 128 0.0227092
218 215 64 128 0.0260264
219 215 64 128 0.0264708
220 215 64 128 0.0194973
221 215 64 128 0.0185705
222 215 64 128 0.0140168
136 216 64 128 0.0121887
137 216 64 128 0.0163193
138 216 64 128 0.0217677
139 216 64 128 0.0292881
140 216 64 128 0.0380595
141 216 64 128 0.0322656
142 216 64 128 0.0257277
143 216 64 128 0.0243025
144 216 64 128 0.0219896
145 216 64 128 0.0170278
146 216 64 128 0.0121147
196 216 64 128 0.0147352
197 216 64 128 0.0169921
198 216 64 128 0.0206343
199 216 64 128 0.026415
200 216 64 128 0.0156893
201 216 64 128 0.0124246
202 216 64 128 0.010547
207 216 64 128 0.0117209
208 216 64 128 0.0164149
209 216 64 128 0.0221063
210 216 64 128 0.029733
211 216 64 128 0.0326422
212 216 64 128 0.0372786
213 216 64 128 0.0395485
214 216 64 128 0.0313311
215 216 64 128 0.021308
216 216 64 128 0.022185
217 216 64 128 0.0252186
218 216 64 128 0.0281917
219 216 64 128 0.0302284
220 216 64 128 0.0225162
221 216 64 128 0.0219923
222 216 64 128 0.0163057
137 217 64 128 0.0107133
138 217 64 128 0.014388
139 217 64 128 0.0191783
140 217 64 128 0.0224041
141 217 64 128 0.0192956
142 217 64 128 0.0153707
143 217 64 128 0.0138358
144 217 64 128 0.0125827
196 217 64 128 0.0150794
197 217 64 128 0.0182601
198 217 64 128 0.0221376
199 217 64 128 0.0255116
200 217 64 128 0.0156982
201 217 64 128 0.0112304
207 217 64 128 0.0113104
208 217 64 128 0.0188793
209 217 64 128 0.0270347
210 217 64 128 0.0380348
211 217 64 128 0.0383982
212 217 64 128 0.0451646
213 217 64 128 0.0520968
214 217 64 128 0.0424499
215 217 64 128 0.0299274
216 217 64 128 0.0267494
217 217 64 128 0.0274797
218 217 64 128 0.0307416
219 217 64 128 0.0333214
220 217 64 128 0.0250845
221 217 64 128 0.0223927
222 217 64 128 0.0154701
118 218 64 128 0.0101901
137 218 64 128 0.0115888
138 218 64 128 0.0151448
139 218 64 128 0.0181884
140 218 64 128 0.0186534
141 218 64 128 0.0157946
142 218 64 128 0.0123306
143 218 64 128 0.0104846
196 218 64 128 0.0137667
197 218 64 128 0.0173565
198 218 64 128 0.0206501
199 218 64 128 0.0220623
200 218 64 128 0.0141547
208 218 64 128 0.0168392
209 218 64 128 0.0250795
210 218 64 128 0.0361809
211 218 64 128 0.0358231
212 218 64 128 0.0418926
213 218 64 128 0.0492616
214 218 64 128 0.0409637
215 218 64 128 0.0291859
216 218 64 128 0.0253422
217 218 64 128 0.0255802
218 218 64 128 0.0293905
219 218 64 128 0.0331137
220 218 64 128 0.0257247
221 218 64 128 0.0219328
222 218 64 128 0.0153382
117 219 64 128 0.0118926
118 219 64 128 0.013613
119 219 64 128 0.0126136
120 219 64 128 0.0109617
134 219 64 128 0.0104997
135 219 64 128 0.012329
136 219 64 128 0.0138288
137 219 64 128 0.0184437
138 219 64 128 0.0234188
139 219 64 128 0.0261338
140 219 64 128 0.0275718
141 219 64 128 0.0225278
142 219 64 128 0.0173115
143 219 64 128 0.0151884
144 219 64 128 0.0142407
145 219 64 128 0.0130421
146 219 64 128 0.0112778
197 219 64 128 0.012533
198 219 64 128 0.0145016
199 219 64 128 0.0156376
200 219 64 128 0.0100875
208 219 64 128 0.0113453
209 219 64 128 0.0176635
210 219 64 128 0.0260576
211 219 64 128 0.0270828
212 219 64 128 0.0301654
213 219 64 128 0.0337366
214 219 64 128 0.0283384
215 219 64 128 0.0195248
216 219 64 128 0.0185627
217 219 64 128 0.0202776
218 219 64 128 0.0247512
219 219 64 128 0.0300118
220 219 64 128 0.0242802
221 219 64 128 0.0211648
222 219 64 128 0.0163049
223 219 64 128 0.0123171
224 219 64 128 0.0130159
116 220 64 128 0.0100187
117 220 64 128 0.0133768
118 220 64 128 0.0149025
119 220 64 128 0.0137076
120 220 64 128 0.0123682
134 220 64 128 0.0108646
135 220 64 128 0.0135394
136 220 64 128 0.0154729
137 220 64 128 0.0210289
138 220 64 128 0.0257482
139 220 64 128 0.0272684
140 220 64 128 0.0296439
141 220 64 128 0.0239481
142 220 64 128 0.0182632
143 220 64 128 0.0164466
144 220 64 128 0.0156307
145 220 64 128 0.0144835
146 220 64 128 0.012332
147 220 64 128 0.0103651
198 220 64 128 0.0107674
199 220 64 128 0.0127468
209 220 64 128 0.0148169
210 220 64 128 0.0228691
211 220 64 128 0.0243153
212 220 64 128 0.0259772
213 220 64 128 0.0271986
214 220 64 128 0.0216459
215 220 64 128 0.0144225
216 220 64 128 0.014085
217 220 64 128 0.0165738
218 220 64 128 0.021888
219 220 64 128 0.0271764
220 220 64 128 0.0217967
221 220 64 128 0.0191306
222 220 64 128 0.0155915
223 220 64 128 0.0126484
224 220 64 128 0.0130898
116 221 64 128 0.0106417
117 221 64 128 0.0131285
118 221 64 128 0.0137933
119 221 64 128 0.0127123
120 221 64 128 0.0113708
135 221 64 128 0.0123868
136 221 64 128 0.0139063
137 221 64 128 0.0174914
138 221 64 128 0.0194952
139 221 64 128 0.0185857
140 221 64 128 0.0201959
141 221 64 128 0.0161127
142 221 64 128 0.0120377
143 221 64 128 0.011052
144 221 64 128 0.0108676
145 221 64 128 0.0102203
198 221 64 128 0.0116885
199 221 64 128 0.0149017
200 221 64 128 0.0109031
208 221 64 128 0.0117437
209 221 64 128 0.0187953
210 221 64 128 0.0297324
211 221 64 128 0.0297795
212 221 64 128 0.0326365
213 221 64 128 0.0347977
214 221 64 128 0.0255273
215 221 64 128 0.0176385
216 221 64 128 0.0143189
217 221 64 128 0.0159328
218 221 64 128 0.0219363
219 221 64 128 0.0255298
220 221 64 128 0.0189873
221 221 64 128 0.0159637
222 221 64 128 0.0127077
116 222 64 128 0.0116515
117 222 64 128 0.0136528
118 222 64 128 0.0139141
119 222 64 128 0.012597
120 222 64 128 0.0108155
130 222 64 128 0.0103027
133 222 64 128 0.0103448
134 222 64 128 0.0113548
135 222 64 128 0.0156876
136 222 64 128 0.016825
137 222 64 128 0.0179914
138 222 64 128 0.0175264
139 222 64 128 0.0153502
140 222 64 128 0.0159563
141 222 64 128 0.0118379
197 222 64 128 0.0101581
198 222 64 128 0.0124192
199 222 64 128 0.0163985
200 222 64 128 0.0123582
208 222 64 128 0.0133358
209 222 64 128 0.020743
210 222 64 128 0.0324966
211 222 64 128 0.0316687
212 222 64 128 0.0353619
213 222 64 128 0.0380287
214 222 64 128 0.0267607
215 222 64 128 0.0189224
216 222 64 128 0.0140829
217 222 64 128 0.0147441
218 222 64 128 0.020413
219 222 64 128 0.0227815
220 222 64 128 0.016045
221 222 64 128 0.0133723
222 222 64 128 0.0104652
110 223 64 128 0.0103322
115 223 64 128 0.0112934
116 223 64 128 0.0134099
117 223 64 128 0.0159032
118 223 64 128 0.0166134
119 223 64 128 0.0145394
120 223 64 128 0.0119315
127 223 64 128 0.0112872
128 223 64 128 0.0118649
129 223 64 128 0.0124946
130 223 64 128 0.0156686
131 223 64 128 0.015734
132 223 64 128 0.0156325
133 223 64 128 0.0169677
134 223 64 128 0.0201473
135 223 64 128 0.0253424
136 223 64 128 0.0267181
137 223 64 128 0.0266152
138 223 64 128 0.0254504
139 223 64 128 0.0243335
140 223 64 128 0.0245925
141 223 64 128 0.0172449
142 223 64 128 0.0119325
143 223 64 128 0.0110107
144 223 64 128 0.0104914
145 223 64 128 0.0104824
198 223 64 128 0.0101788
199 223 64 128 0.0139994
200 223 64 128 0.0104232
208 223 64 128 0.0107955
209 223 64 128 0.0160845
210 223 64 128 0.0240624
211 223 64 128 0.0240247
212 223 64 128 0.026514
213 223 64 128 0.0272718
214 223 64 128 0.0184217
215 223 64 128 0.0128458
216 223 64 128 0.0104716
217 223 64 128 0.0110796
218 223 64 128 0.0151731
219 223 64 128 0.0178873
220 223 64 128 0.0131238
221 223 64 128 0.0121619
222 223 64 128 0.0102627
108 224 64 128 0.0102366
109 224 64 128 0.0115644
110 224 64 128 0.012402
114 224 64 128 0.0102583
115 224 64 128 0.0126583
116 224 64 128 0.0147234
117 224 64 128 0.0171949
118 224 64 128 0.0179089
119 224 64 128 0.0154979
120 224 64 128 0.0120662
126 224 64 128 0.011257
127 224 64 128 0.0133385
128 224 64 128 0.0144277
129 224 64 128 0.0155605
130 224 64 128 0.0194619
131 224 64 128 0.0210288
132 224 64 128 0.0205488
133 224 64 128 0.0220924
134 224 64 128 0.0270454
135 224 64 128 0.0319934
136 224 64 128 0.0339959
137 224 64 128 0.032996
138 224 64 128 0.0314306
139 224 64 128 0.0318743
140 224 64 128 0.0316835
141 224 64 128 0.0219914
142 224 64 128 0.015111
143 224 64 128 0.0136461
144 224 64 128 0.0127009
145 224 64 128 0.012533
146 224 64 128 0.0106397
199 224 64 128 0.01069
209 224 64 128 0.0108298
210 224 64 128 0.0146127
211 224 64 128 0.0151841
212 224 64 128 0.016048
213 224 64 128 0.0149695
219 224 64 128 0.0128814
220 224 64 128 0.0103746
221 224 64 128 0.0110226
222 224 64 128 0.0100596
108 225 64 128 0.0123519
109 225 64 128 0.0145857
110 225 64 128 0.014894
111 225 64 128 0.012269
114 225 64 128 0.0102879
115 225 64 128 0.0121325
116 225 64 128 0.0148014
117 225 64 128 0.0157852
118 225 64 128 0.0152542
119 225 64 128 0.0134662
126 225 64 128 0.0104432
127 225 64 128 0.0121149
128 225 64 128 0.0139085
129 225 64 128 0.0161994
130 225 64 128 0.0191078
131 225 64 128 0.0221929
132 225 64 128 0.0216521
133 225 64 128 0.0221842
134 225 64 128 0.0265914
135 225 64 128 0.0295193
136 225 64 128 0.0319891
137 225 64 128 0.0298481
138 225 64 128 0.0271148
139 225 64 128 0.027962
140 225 64 128 0.0266121
141 225 64 128 0.0182833
142 225 64 128 0.0120971
143 225 64 128 0.010484
210 225 64 128 0.0124334
211 225 64 128 0.0120644
212 225 64 128 0.0123194
213 225 64 128 0.0114796
107 226 64 128 0.0106455
108 226 64 128 0.0145719
109 226 64 128 0.0174558
110 226 64 128 0.0174801
111 226 64 128 0.0144365
112 226 64 128 0.0108655
114 226 64 128 0.0107463
115 226 64 128 0.0121265
116 226 64 128 0.014777
117 226 64 128 0.0144357
118 226 64 128 0.0128806
119 226 64 128 0.0114749
127 226 64 128 0.0113695
128 226 64 128 0.0141896
129 226 64 128 0.0177524
130 226 64 128 0.0200809
131 226 64 128 0.0241577
132 226 64 128 0.02403
133 226 64 128 0.0238053
134 226 64 128 0.0266025
135 226 64 128 0.0267683
136 226 64 128 0.0283074
137 226 64 128 0.0256392
138 226 64 128 0.022408
139 226 64 128 0.0225817
140 226 64 128 0.0199169
141 226 64 128 0.0131691
210 226 64 128 0.0127398
211 226 64 128 0.0112545
212 226 64 128 0.0114469
213 226 64 128 0.0115597
85 227 64 128 0.0102713
107 227 64 128 0.0120974
108 227 64 128 0.0163707
109 227 64 128 0.0190182
110 227 64 128 0.0195738
111 227 64 128 0.0153833
112 227 64 128 0.012102
113 227 64 128 0.0118827
114 227 64 128 0.0131248
115 227 64 128 0.0147529
116 227 64 128 0.0157041
117 227 64 128 0.0158047
118 227 64 128 0.0148559
119 227 64 128 0.0124911
125 227 64 128 0.0103716
126 227 64 128 0.0119609
127 227 64 128 0.0146041
128 227 64 128 0.0188096
129 227 64 128 0.0231394
130 227 64 128 0.0272857
131 227 64 128 0.0314509
132 227 64 128 0.032297
133 227 64 128 0.0330365
134 227 64 128 0.0347809
135 227 64 128 0.0327892
136 227 64 128 0.0312285
137 227 64 128 0.0294775
138 227 64 128 0.0277205
139 227 64 128 0.0264672
140 227 64 128 0.023001
141 227 64 128 0.014448
85 228 64 128 0.0117905
86 228 64 128 0.0113447
87 228 64 128 0.0102615
107 228 64 128 0.0126695
108 228 64 128 0.0167597
109 228 64 128 0.0185781
110 228 64 128 0.0197735
111 228 64 128 0.0150341
112 228 64 128 0.0128021
113 228 64 128 0.0138627
114 228 64 128 0.0151458
115 228 64 128 0.0170216
116 228 64 128 0.0162548
117 228 64 128 0.017395
118 228 64 128 0.0174477
119 228 64 128 0.0139798
120 228 64 128 0.0112326
125 228 64 128 0.0124805
126 228 64 128 0.0137499
127 228 64 128 0.0177943
128 228 64 128 0.023061
129 228 64 128 0.0277154
130 228 64 128 0.034446
131 228 64 128 0.0384068
132 228 64 128 0.0406357
133 228 64 128 0.0431231
134 228 64 128 0.0445999
135 228 64 128 0.0422702
136 228 64 128 0.0377668
137 228 64 128 0.0375503
138 228 64 128 0.0372809
139 228 64 128 0.0336264
140 228 64 128 0.0299427
141 228 64 128 0.0185004
142 228 64 128 0.0114475
145 228 64 128 0.0100796
84 229 64 128 0.0100652
85 229 64 128 0.0123183
86 229 64 128 0.0120721
87 229 64 128 0.0109401
107 229 64 128 0.0116714
108 229 64 128 0.0149238
109 229 64 128 0.0159015
110 229 64 128 0.0169165
111 229 64 128 0.0138022
112 229 64 128 0.0125185
113 229 64 128 0.0133629
114 229 64 128 0.0140247
115 229 64 128 0.0151725
116 229 64 128 0.0148239
117 229 64 128 0.0158067
118 229 64 128 0.0154348
119 229 64 128 0.0123303
120 229 64 128 0.0101542
125 229 64 128 0.01062
126 229 64 128 0.0114545
127 229 64 128 0.0154874
128 229 64 128 0.0207393
129 229 64 128 0.0255563
130 229 64 128 0.0331771
131 229 64 128 0.0374813
132 229 64 128 0.0412514
133 229 64 128 0.0448154
134 229 64 128 0.0467011
135 229 64 128 0.0467008
136 229 64 128 0.0423382
137 229 64 128 0.0430298
138 229 64 128 0.0416863
139 229 64 128 0.0345537
140 229 64 128 0.0310709
141 229 64 128 0.0191884
142 229 64 128 0.0115864
145 229 64 128 0.0101455
84 230 64 128 0.0111457
85 230 64 128 0.0135943
86 230 64 128 0.0133526
87 230 64 128 0.0122021
88 230 64 128 0.0103107
107 230 64 128 0.0103233
108 230 64 128 0.0126986
109 230 64 128 0.0133449
110 230 64 128 0.0139591
111 230 64 128 0.0136445
112 230 64 128 0.0130998
113 230 64 128 0.0129074
114 230 64 128 0.0126992
115 230 64 128 0.0125097
116 230 64 128 0.0137813
117 230 64 128 0.0137383
118 230 64 128 0.011808
127 230 64 128 0.0102229
128 230 64 128 0.0149583
129 230 64 128 0.0200644
130 230 64 128 0.0270822
131 230 64 128 0.0324138
132 230 64 128 0.0374451
133 230 64 128 0.0420018
134 230 64 128 0.0457549
135 230 64 128 0.0489065
136 230 64 128 0.0475113
137 230 64 128 0.0481572
138 230 64 128 0.0440938
139 230 64 128 0.0347061
140 230 64 128 0.0313056
141 230 64 128 0.0195991
142 230 64 128 0.0115701
83 231 64 128 0.0100044
84 231 64 128 0.0139125
85 231 64 128 0.0182518
86 231 64 128 0.0179464
87 231 64 128 0.0167791
88 231 64 128 0.0143994
89 231 64 128 0.0107333
107 231 64 128 0.0106066
108 231 64 128 0.0129637
109 231 64 128 0.0142218
110 231 64 128 0.0154551
111 231 64 128 0.0169619
112 231 64 128 0.017175
113 231 64 128 0.0168928
114 231 64 128 0.0163805
115 231 64 128 0.0152208
116 231 64 128 0.0170084
117 231 64 128 0.0163653
118 231 64 128 0.0130267
128 231 64 128 0.0128958
129 231 64 128 0.0186585
130 231 64 128 0.0250165
131 231 64 128 0.0318211
132 231 64 128 0.03734
133 231 64 128 0.0442527
134 231 64 128 0.0523692
135 231 64 128 0.0565281
136 231 64 128 0.0590804
137 231 64 128 0.0588706
138 231 64 128 0.052953
139 231 64 128 0.0456906
140 231 64 128 0.0416165
141 231 64 128 0.0266171
142 231 64 128 0.0166426
143 231 64 128 0.0137356
144 231 64 128 0.0113551
145 231 64 128 0.0118061
83 232 64 128 0.0129536
84 232 64 128 0.0174982
85 232 64 128 0.0243416
86 232 64 128 0.0237734
87 232 64 128 0.0227161
88 232 64 128 0.0197145
89 232 64 128 0.0141606
90 232 64 128 0.0119944
107 232 64 128 0.0119369
108 232 64 128 0.0148611
109 232 64 128 0.0172868
110 232 64 128 0.0197958
111 232 64 128 0.0216437
112 232 64 128 0.0223808
113 232 64 128 0.0228057
114 232 64 128 0.022493
115 232 64 128 0.0209854
116 232 64 128 0.0220125
117 232 64 128 0.0213405
118 232 64 128 0.0173113
119 232 64 128 0.0122736
128 232 64 128 0.0142035
129 232 64 128 0.0205023
130 232 64 128 0.0264986
131 232 64 128 0.034579
132 232 64 128 0.0398635
133 232 64 128 0.0498407
134 232 64 128 0.063259
135 232 64 128 0.0662104
136 232 64 128 0.071549
137 232 64 128 0.0701026
138 232 64 128 0.063941
139 232 64 128 0.0616873
140 232 64 128 0.0567255
141 232 64 128 0.0364623
142 232 64 128 0.0237628
143 232 64 128 0.0198434
144 232 64 128 0.0159101
145 232 64 128 0.0162454
146 232 64 128 0.0123965
158 232 64 128 0.0118786
159 232 64 128 0.0134506
160 232 64 128 0.0114857
170 232 64 128 0.0110591
82 233 64 128 0.0106701
83 233 64 128 0.0145912
84 233 64 128 0.0193945
85 233 64 128 0.0267091
86 233 64 128 0.0253836
87 233 64 128 0.0247824
88 233 64 128 0.0219194
89 233 64 128 0.0154858
90 233 64 128 0.0135839
91 233 64 128 0.0101266
107 233 64 128 0.0118915
108 233 64 128 0.0148583
109 233 64 128 0.0180378
110 233 64 128 0.0209696
111 233 64 128 0.0224139
112 233 64 128 0.0228546
113 233 64 128 0.0232449
114 233 64 128 0.0229381
115 233 64 128 0.0214161
116 233 64 128 0.0217942
117 233 64 128 0.0209648
118 233 64 128 0.0169787
119 233 64 128 0.0117097
128 233 64 128 0.0130826
129 233 64 128 0.018806
130 233 64 128 0.0242965
131 233 64 128 0.0325549
132 233 64 128 0.0373493
133 233 64 128 0.0489519
134 233 64 128 0.0652265
135 233 64 128 0.0668267
136 233 64 128 0.0715644
137 233 64 128 0.0691397
138 233 64 128 0.0637738
139 233 64 128 0.0645738
140 233 64 128 0.0598504
141 233 64 128 0.0378412
142 233 64 128 0.0240718
143 233 64 128 0.020231
144 233 64 128 0.0163647
145 233 64 128 0.0162896
146 233 64 128 0.0124003
157 233 64 128 0.0126366
158 233 64 128 0.0152505
159 233 64 128 0.0178044
160 233 64 128 0.0175174
161 233 64 128 0.0143857
162 233 64 128 0.0106079
169 233 64 128 0.0110076
170 233 64 128 0.0121479
82 234 64 128 0.0110975
83 234 64 128 0.0156938
84 234 64 128 0.0204705
85 234 64 128 0.026101
86 234 64 128 0.024012
87 234 64 128 0.0238751
88 234 64 128 0.0214336
89 234 64 128 0.0151179
90 234 64 128 0.0136046
107 234 64 128 0.0101862
108 234 64 128 0.012586
109 234 64 128 0.0159433
110 234 64 128 0.0183482
111 234 64 128 0.0194696
112 234 64 128 0.0189372
113 234 64 128 0.0182555
114 234 64 128 0.0176127
115 234 64 128 0.0160107
116 234 64 128 0.0162493
117 234 64 128 0.0148694
118 234 64 128 0.0112786
129 234 64 128 0.0127228
130 234 64 128 0.0175426
131 234 64 128 0.0251247
132 234 64 128 0.0299181
133 234 64 128 0.0416741
134 234 64 128 0.0579851
135 234 64 128 0.0595591
136 234 64 128 0.0616263
137 234 64 128 0.0591421
138 234 64 128 0.0552846
139 234 64 128 0.0559285
140 234 64 128 0.0516603
141 234 64 128 0.0319613
142 234 64 128 0.0189477
143 234 64 128 0.015779
144 234 64 128 0.0132265
145 234 64 128 0.0121875
156 234 64 128 0.0117692
157 234 64 128 0.0154319
158 234 64 128 0.0183733
159 234 64 128 0.0221005
160 234 64 128 0.025712
161 234 64 128 0.0209222
162 234 64 128 0.0144586
163 234 64 128 0.0101377
168 234 64 128 0.0107738
169 234 64 128 0.0111621
170 234 64 128 0.0125163
82 235 64 128 0.014293
83 235 64 128 0.0202683
84 235 64 128 0.0253322
85 235 64 128 0.0298258
86 235 64 128 0.02831
87 235 64 128 0.0276957
88 235 64 128 0.0239684
89 235 64 128 0.0171279
90 235 64 128 0.0152165
91 235 64 128 0.0107269
108 235 64 128 0.011233
109 235 64 128 0.0149348
110 235 64 128 0.017353
111 235 64 128 0.0191115
112 235 64 128 0.0178881
113 235 64 128 0.0162136
114 235 64 128 0.0153705
115 235 64 128 0.0131252
116 235 64 128 0.0129954
117 235 64 128 0.0109121
130 235 64 128 0.0125754
131 235 64 128 0.0201328
132 235 64 128 0.0264383
133 235 64 128 0.0392111
134 235 64 128 0.0557368
135 235 64 128 0.0593364
136 235 64 128 0.0618715
137 235 64 128 0.060912
138 235 64 128 0.0592542
139 235 64 128 0.0593431
140 235 64 128 0.0523616
141 235 64 128 0.033995
142 235 64 128 0.0211886
143 235 64 128 0.0168527
144 235 64 128 0.0138066
145 235 64 128 0.0114449
156 235 64 128 0.0147037
157 235 64 128 0.0188255
158 235 64 128 0.0231515
159 235 64 128 0.0295062
160 235 64 128 0.0342083
161 235 64 128 0.0293145
162 235 64 128 0.0201322
163 235 64 128 0.0129712
164 235 64 128 0.0107209
165 235 64 128 0.0123229
167 235 64 128 0.0103075
168 235 64 128 0.0118204
169 235 64 128 0.0114068
170 235 64 128 0.0132132
80 236 64 128 0.0106358
81 236 64 128 0.0134696
82 236 64 128 0.0204831
83 236 64 128 0.0283281
84 236 64 128 0.0340355
85 236 64 128 0.0389932
86 236 64 128 0.039128
87 236 64 128 0.0370207
88 236 64 128 0.0302952
89 236 64 128 0.0218656
90 236 64 128 0.0187317
91 236 64 128 0.0132304
92 236 64 128 0.0111276
108 236 64 128 0.0117856
109 236 64 128 0.0161515
110 236 64 128 0.0195421
111 236 64 128 0.0228851
112 236 64 128 0.0217366
113 236 64 128 0.0198501
114 236 64 128 0.0192627
115 236 64 128 0.0159684
116 236 64 128 0.0150152
117 236 64 128 0.0122569
130 236 64 128 0.0121269
131 236 64 128 0.0206281
132 236 64 128 0.0296047
133 236 64 128 0.0449247
134 236 64 128 0.0632564
135 236 64 128 0.070475
136 236 64 128 0.0781109
137 236 64 128 0.0799612
138 236 64 128 0.0811593
139 236 64 128 0.0825591
140 236 64 128 0.069694
141 236 64 128 0.049424
142 236 64 128 0.0351499
143 236 64 128 0.0274119
144 236 64 128 0.0213575
145 236 64 128 0.0173986
146 236 64 128 0.0146817
147 236 64 128 0.0126086
148 236 64 128 0.0112391
149 236 64 128 0.0108585
150 236 64 128 0.0106869
155 236 64 128 0.0121849
156 236 64 128 0.0197703
157 236 64 128 0.0246246
158 236 64 128 0.0315257
159 236 64 128 0.0417791
160 236 64 128 0.0442957
161 236 64 128 0.0403419
162 236 64 128 0.02838
163 236 64 128 0.0172197
164 236 64 128 0.0147703
165 236 64 128 0.0150167
166 236 64 128 0.0128915
167 236 64 128 0.0129289
168 236 64 128 0.0133225
169 236 64 128 0.0126595
170 236 64 128 0.0148194
171 236 64 128 0.0112092
301 236 64 128 0.0149654
302 236 64 128 0.0187658
303 236 64 128 0.0175673
304 236 64 128 0.0115832
80 237 64 128 0.0120353
81 237 64 128 0.0159821
82 237 64 128 0.0243771
83 237 64 128 0.032955
84 237 64 128 0.0387338
85 237 64 128 0.0438187
86 237 64 128 0.0436806
87 237 64 128 0.0405023
88 237 64 128 0.0324977
89 237 64 128 0.0231667
90 237 64 128 0.0194477
91 237 64 128 0.0136602
92 237 64 128 0.0113372
93 237 64 128 0.0100115
108 237 64 128 0.0112521
109 237 64 128 0.0156935
110 237 64 128 0.0195115
111 237 64 128 0.0238834
112 237 64 128 0.023197
113 237 64 128 0.0217661
114 237 64 128 0.0218934
115 237 64 128 0.0184018
116 237 64 128 0.0168953
117 237 64 128 0.0135297
130 237 64 128 0.0122915
131 237 64 128 0.0209315
132 237 64 128 0.0310649
133 237 64 128 0.0481443
134 237 64 128 0.0683505
135 237 64 128 0.0784135
136 237 64 128 0.0907508
137 237 64 128 0.0947901
138 237 64 128 0.0994152
139 237 64 128 0.104988
140 237 64 128 0.0889181
141 237 64 128 0.0663617
142 237 64 128 0.0501215
143 237 64 128 0.039913
144 237 64 128 0.0317708
145 237 64 128 0.0258033
146 237 64 128 0.0214215
147 237 64 128 0.018177
148 237 64 128 0.0164211
149 237 64 128 0.0162413
150 237 64 128 0.0159509
151 237 64 128 0.0131519
152 237 64 128 0.0122634
153 237 64 128 0.012579
154 237 64 128 0.0129739
155 237 64 128 0.0182608
156 237 64 128 0.0290034
157 237 64 128 0.0365612
158 237 64 128 0.0453235
159 237 64 128 0.0580744
160 237 64 128 0.0626295
161 237 64 128 0.0559716
162 237 64 128 0.0393489
163 237 64 128 0.0242463
164 237 64 128 0.0196341
165 237 64 128 0.0197654
166 237 64 128 0.0164587
167 237 64 128 0.0156047
168 237 64 128 0.0158032
169 237 64 128 0.0149418
170 237 64 128 0.0170414
171 237 64 128 0.0124829
300 237 64 128 0.0171132
301 237 64 128 0.0276089
302 237 64 128 0.0321397
303 237 64 128 0.0275521
304 237 64 128 0.0170793
305 237 64 128 0.0120707
310 237 64 128 0.0109826
80 238 64 128 0.0112959
81 238 64 128 0.0152673
82 238 64 128 0.0231202
83 238 64 128 0.030599
84 238 64 128 0.0354889
85 238 64 128 0.0392742
86 238 64 128 0.0357815
87 238 64 128 0.0327873
88 238 64 128 0.0268681
89 238 64 128 0.018263
90 238 64 128 0.0153294
91 238 64 128 0.0104131
109 238 64 128 0.0117675
110 238 64 128 0.0146837
111 238 64 128 0.0187035
112 238 64 128 0.0184679
113 238 64 128 0.0178273
114 238 64 128 0.0189106
115 238 64 128 0.0165781
116 238 64 128 0.0152034
117 238 64 128 0.0113597
130 238 64 128 0.0104995
131 238 64 128 0.0176415
132 238 64 128 0.0261839
133 238 64 128 0.0428903
134 238 64 128 0.0638685
135 238 64 128 0.0745619
136 238 64 128 0.0878246
137 238 64 128 0.0922805
138 238 64 128 0.100325
139 238 64 128 0.112155
140 238 64 128 0.0985427
141 238 64 128 0.0754265
142 238 64 128 0.0578065
143 238 64 128 0.0479171
144 238 64 128 0.0405972
145 238 64 128 0.0324585
146 238 64 128 0.0263124
147 238 64 128 0.0218276
148 238 64 128 0.0197678
149 238 64 128 0.0203063
150 238 64 128 0.0202998
151 238 64 128 0.017777
152 238 64 128 0.0176134
153 238 64 128 0.0188045
154 238 64 128 0.0202525
155 238 64 128 0.0275421
156 238 64 128 0.0413621
157 238 64 128 0.0537081
158 238 64 128 0.0625069
159 238 64 128 0.0749346
160 238 64 128 0.0887141
161 238 64 128 0.0743278
162 238 64 128 0.0511414
163 238 64 128 0.0332648
164 238 64 128 0.0240396
165 238 64 128 0.0264689
166 238 64 128 0.0198957
167 238 64 128 0.0175155
168 238 64 128 0.0189997
169 238 64 128 0.0176891
170 238 64 128 0.0192696
171 238 64 128 0.0123448
299 238 64 128 0.010986
300 238 64 128 0.0278617
301 238 64 128 0.043023
302 238 64 128 0.0470344
303 238 64 128 0.0375612
304 238 64 128 0.0225343
305 238 64 128 0.015717
306 238 64 128 0.0120171
307 238 64 128 0.0105438
308 238 64 128 0.0120516
309 238 64 128 0.0146931
310 238 64 128 0.0164588
311 238 64 128 0.0134065
80 239 64 128 0.0104787
81 239 64 128 0.0142208
82 239 64 128 0.0213972
83 239 64 128 0.0279658
84 239 64 128 0.0322312
85 239 64 128 0.035084
86 239 64 128 0.0293532
87 239 64 128 0.0267254
88 239 64 128 0.0225193
89 239 64 128 0.014614
90 239 64 128 0.01235
110 239 64 128 0.0113636
111 239 64 128 0.0149128
112 239 64 128 0.0148755
113 239 64 128 0.0146653
114 239 64 128 0.0162409
115 239 64 128 0.0147441
116 239 64 128 0.013583
131 239 64 128 0.0152669
132 239 64 128 0.022466
133 239 64 128 0.0385238
134 239 64 128 0.0596067
135 239 64 128 0.0701034
136 239 64 128 0.0829347
137 239 64 128 0.0871918
138 239 64 128 0.0968249
139 239 64 128 0.111999
140 239 64 128 0.100781
141 239 64 128 0.0778137
142 239 64 128 0.0596957
143 239 64 128 0.0505782
144 239 64 128 0.0442947
145 239 64 128 0.03511
146 239 64 128 0.0281372
147 239 64 128 0.0230696
148 239 64 128 0.0208868
149 239 64 128 0.0218779
150 239 64 128 0.0220975
151 239 64 128 0.0199154
152 239 64 128 0.0202707
153 239 64 128 0.021992
154 239 64 128 0.0241209
155 239 64 128 0.0325504
156 239 64 128 0.047777
157 239 64 128 0.0628016
158 239 64 128 0.0712134
159 239 64 128 0.0828731
160 239 64 128 0.102537
161 239 64 128 0.0834548
162 239 64 128 0.0567958
163 239 64 128 0.0378861
164 239 64 128 0.0259797
165 239 64 128 0.0300144
166 239 64 128 0.0214621
167 239 64 128 0.0182338
168 239 64 128 0.0206401
169 239 64 128 0.0190589
170 239 64 128 0.0203005
171 239 64 128 0.011966
299 239 64 128 0.0136457
300 239 64 128 0.0333926
301 239 64 128 0.0507688
302 239 64 128 0.054266
303 239 64 128 0.0422052
304 239 64 128 0.025056
305 239 64 128 0.0173973
306 239 64 128 0.0133533
307 239 64 128 0.0117092
308 239 64 128 0.0136202
309 239 64 128 0.0171964
310 239 64 128 0.0193159
311 239 64 128 0.0161007
312 239 64 128 0.0102022
