112 18 113 512 0.01152
112 19 113 512 0.0133157
113 19 113 512 0.0105611
112 20 113 512 0.0149176
113 20 113 512 0.0119549
112 21 113 512 0.0161614
113 21 113 512 0.0130535
111 22 113 512 0.0101374
112 22 113 512 0.0169882
113 22 113 512 0.0138067
111 23 113 512 0.0102326
112 23 113 512 0.0174611
113 23 113 512 0.0142739
111 24 113 512 0.0102475
112 24 113 512 0.0176499
113 24 113 512 0.0145206
111 25 113 512 0.0102712
112 25 113 512 0.0176242
113 25 113 512 0.0146123
111 26 113 512 0.0103291
112 26 113 512 0.0174533
113 26 113 512 0.0146057
111 27 113 512 0.0103478
112 27 113 512 0.0172053
113 27 113 512 0.0145433
111 28 113 512 0.0102457
112 28 113 512 0.0169482
113 28 113 512 0.0144669
112 29 113 512 0.0167499
113 29 113 512 0.0144179
112 30 113 512 0.0166372
113 30 113 512 0.0144045
112 31 113 512 0.0165509
113 31 113 512 0.0143657
112 32 113 512 0.0164211
113 32 113 512 0.0142319
112 33 113 512 0.0161778
113 33 113 512 0.0139331
112 34 113 512 0.0157761
113 34 113 512 0.0134339
112 35 113 512 0.0152427
113 35 113 512 0.0127967
112 36 113 512 0.0146172
113 36 113 512 0.0121014
112 37 113 512 0.0139392
113 37 113 512 0.0114278
112 38 113 512 0.0132426
113 38 113 512 0.0108363
112 39 113 512 0.0125386
113 39 113 512 0.0103075
112 40 113 512 0.0118327
112 41 113 512 0.0111304
112 42 113 512 0.0104369
63 87 113 512 0.0113255
64 87 113 512 0.011728
62 88 113 512 0.011676
63 88 113 512 0.0157862
64 88 113 512 0.0161965
65 88 113 512 0.0126971
62 89 113 512 0.0147715
63 89 113 512 0.0199831
64 89 113 512 0.0204512
65 89 113 512 0.016081
66 89 113 512 0.0101087
62 90 113 512 0.0167221
63 90 113 512 0.0227588
64 90 113 512 0.0234401
65 90 113 512 0.0185206
66 90 113 512 0.0116555
112 90 113 512 0.0102989
113 90 113 512 0.0100793
116 90 113 512 0.0104325
62 91 113 512 0.0166671
63 91 113 512 0.0230311
64 91 113 512 0.024178
65 91 113 512 0.0192574
66 91 113 512 0.0121026
112 91 113 512 0.0116276
113 91 113 512 0.0115596
114 91 113 512 0.0100165
115 91 113 512 0.0111111
116 91 113 512 0.0119401
62 92 113 512 0.0148462
63 92 113 512 0.0210667
64 92 113 512 0.0228768
65 92 113 512 0.018496
66 92 113 512 0.0116512
111 92 113 512 0.0100105
112 92 113 512 0.0130404
113 92 113 512 0.0133674
114 92 113 512 0.0125831
115 92 113 512 0.0136344
116 92 113 512 0.0137817
117 92 113 512 0.0100736
62 93 113 512 0.0124507
63 93 113 512 0.0182985
64 93 113 512 0.0207842
65 93 113 512 0.0172736
66 93 113 512 0.0111064
111 93 113 512 0.012003
112 93 113 512 0.0147945
113 93 113 512 0.0156359
114 93 113 512 0.015752
115 93 113 512 0.0168226
116 93 113 512 0.0161726
117 93 113 512 0.0113906
62 94 113 512 0.0107034
63 94 113 512 0.0161981
64 94 113 512 0.0191817
65 94 113 512 0.0166546
66 94 113 512 0.0112937
111 94 113 512 0.0141172
112 94 113 512 0.0171526
113 94 113 512 0.0184998
114 94 113 512 0.0192748
115 94 113 512 0.0206011
116 94 113 512 0.0193313
117 94 113 512 0.0130165
62 95 113 512 0.0107911
63 95 113 512 0.0161949
64 95 113 512 0.0193151
65 95 113 512 0.0176713
66 95 113 512 0.01301
110 95 113 512 0.0105774
111 95 113 512 0.016204
112 95 113 512 0.0203705
113 95 113 512 0.0220937
114 95 113 512 0.0229179
115 95 113 512 0.0248988
116 95 113 512 0.0234652
117 95 113 512 0.0150113
62 96 113 512 0.0128023
63 96 113 512 0.0184377
64 96 113 512 0.0213419
65 96 113 512 0.0203687
66 96 113 512 0.0161901
67 96 113 512 0.01052
110 96 113 512 0.0112764
111 96 113 512 0.0183287
112 96 113 512 0.0244989
113 96 113 512 0.0265591
114 96 113 512 0.0268905
115 96 113 512 0.0297503
116 96 113 512 0.0284387
117 96 113 512 0.0173282
62 97 113 512 0.0155561
63 97 113 512 0.0215958
64 97 113 512 0.0241612
65 97 113 512 0.0236504
66 97 113 512 0.0197726
67 97 113 512 0.0128856
110 97 113 512 0.0120767
111 97 113 512 0.0208041
112 97 113 512 0.0293514
113 97 113 512 0.0320449
114 97 113 512 0.0319139
115 97 113 512 0.0353126
116 97 113 512 0.0337198
117 97 113 512 0.0197973
62 98 113 512 0.0178011
63 98 113 512 0.0242556
64 98 113 512 0.026602
65 98 113 512 0.0263568
66 98 113 512 0.0226405
67 98 113 512 0.0149198
110 98 113 512 0.0135139
111 98 113 512 0.0239568
112 98 113 512 0.0347284
113 98 113 512 0.0387006
114 98 113 512 0.0387379
115 98 113 512 0.0417496
116 98 113 512 0.0387546
117 98 113 512 0.0222416
62 99 113 512 0.0183
63 99 113 512 0.0250198
64 99 113 512 0.0275065
65 99 113 512 0.0273414
66 99 113 512 0.0236902
67 99 113 512 0.0160098
110 99 113 512 0.0161139
111 99 113 512 0.0281056
112 99 113 512 0.0404291
113 99 113 512 0.0466657
114 99 113 512 0.0480908
115 99 113 512 0.0492141
116 99 113 512 0.0429926
117 99 113 512 0.0244849
62 100 113 512 0.0166824
63 100 113 512 0.0234497
64 100 113 512 0.0264926
65 100 113 512 0.0262563
66 100 113 512 0.0226132
67 100 113 512 0.0159592
110 100 113 512 0.0198114
111 100 113 512 0.0330978
112 100 113 512 0.0461689
113 100 113 512 0.0554843
114 100 113 512 0.0594019
115 100 113 512 0.0572022
116 100 113 512 0.0461123
117 100 113 512 0.0263833
62 101 113 512 0.0139213
63 101 113 512 0.0205934
64 101 113 512 0.0243812
65 101 113 512 0.023992
66 101 113 512 0.0203336
67 101 113 512 0.0152174
68 101 113 512 0.0102315
109 101 113 512 0.0109972
110 101 113 512 0.0236246
111 101 113 512 0.03805
112 101 113 512 0.0515345
113 101 113 512 0.0637778
114 101 113 512 0.0700877
115 101 113 512 0.0641928
116 101 113 512 0.048146
117 101 113 512 0.0278435
118 101 113 512 0.0115753
62 102 113 512 0.0111052
63 102 113 512 0.0176267
64 102 113 512 0.0220967
65 102 113 512 0.0215452
66 102 113 512 0.0178819
67 102 113 512 0.0142893
68 102 113 512 0.0105916
109 102 113 512 0.0122078
110 102 113 512 0.0264931
111 102 113 512 0.0420158
112 102 113 512 0.056101
113 102 113 512 0.0700882
114 102 113 512 0.0773916
115 102 113 512 0.0685768
116 102 113 512 0.0491567
117 102 113 512 0.0287767
118 102 113 512 0.0130076
63 103 113 512 0.0157214
64 103 113 512 0.0205602
65 103 113 512 0.0199092
66 103 113 512 0.0162849
67 103 113 512 0.0136781
68 103 113 512 0.0108434
109 103 113 512 0.0126723
110 103 113 512 0.0273612
111 103 113 512 0.0440541
112 103 113 512 0.0594477
113 103 113 512 0.0729672
114 103 113 512 0.0785725
115 103 113 512 0.0687559
116 103 113 512 0.0492098
117 103 113 512 0.0290956
118 103 113 512 0.0134454
63 104 113 512 0.0154076
64 104 113 512 0.020169
65 104 113 512 0.0195219
66 104 113 512 0.01601
67 104 113 512 0.0136051
68 104 113 512 0.0109845
109 104 113 512 0.0123355
110 104 113 512 0.0259876
111 104 113 512 0.0440555
112 104 113 512 0.0618147
113 104 113 512 0.0725236
114 104 113 512 0.0734424
115 104 113 512 0.0648534
116 104 113 512 0.0487682
117 104 113 512 0.0289726
118 104 113 512 0.0127531
63 105 113 512 0.0158698
64 105 113 512 0.0202218
65 105 113 512 0.0196558
66 105 113 512 0.0163514
67 105 113 512 0.0137002
68 105 113 512 0.0109188
109 105 113 512 0.0118562
110 105 113 512 0.0238374
111 105 113 512 0.0436554
112 105 113 512 0.0648267
113 105 113 512 0.072132
114 105 113 512 0.0671663
115 105 113 512 0.060603
116 105 113 512 0.0491284
117 105 113 512 0.0291251
118 105 113 512 0.0116648
62 106 113 512 0.0102075
63 106 113 512 0.0161228
64 106 113 512 0.0198789
65 106 113 512 0.0194369
66 106 113 512 0.016456
67 106 113 512 0.0135191
68 106 113 512 0.0105382
109 106 113 512 0.0119829
110 106 113 512 0.0225909
111 106 113 512 0.0447086
112 106 113 512 0.0702831
113 106 113 512 0.0755781
114 106 113 512 0.0655835
115 106 113 512 0.0601929
116 106 113 512 0.0516918
117 106 113 512 0.0303389
118 106 113 512 0.0110236
63 107 113 512 0.0151821
64 107 113 512 0.018301
65 107 113 512 0.0179915
66 107 113 512 0.0154706
67 107 113 512 0.0126176
109 107 113 512 0.0134636
110 107 113 512 0.0239275
111 107 113 512 0.0490689
112 107 113 512 0.0799818
113 107 113 512 0.0866453
114 107 113 512 0.0745297
115 107 113 512 0.0678088
116 107 113 512 0.0578588
117 107 113 512 0.0333994
118 107 113 512 0.0116726
63 108 113 512 0.0125607
64 108 113 512 0.0151204
65 108 113 512 0.0149243
66 108 113 512 0.0129848
67 108 113 512 0.010811
109 108 113 512 0.0165934
110 108 113 512 0.0286187
111 108 113 512 0.0574551
112 108 113 512 0.0943469
113 108 113 512 0.106636
114 108 113 512 0.0963817
115 108 113 512 0.0850657
116 108 113 512 0.0679608
117 108 113 512 0.0385243
118 108 113 512 0.0140003
64 109 113 512 0.0113252
65 109 113 512 0.0112154
108 109 113 512 0.0101987
109 109 113 512 0.0203649
110 109 113 512 0.0348248
111 109 113 512 0.0673205
112 109 113 512 0.10985
113 109 113 512 0.129716
114 109 113 512 0.123567
115 109 113 512 0.106184
116 109 113 512 0.0792539
117 109 113 512 0.0442983
118 109 113 512 0.0170886
108 110 113 512 0.0115348
109 110 113 512 0.0235374
110 110 113 512 0.0402398
111 110 113 512 0.0755352
112 110 113 512 0.122258
113 110 113 512 0.148778
114 110 113 512 0.146736
115 110 113 512 0.124062
116 110 113 512 0.0884449
117 110 113 512 0.0490145
118 110 113 512 0.0197862
108 111 113 512 0.0120832
109 111 113 512 0.0248705
110 111 113 512 0.0425573
111 111 113 512 0.0789689
112 111 113 512 0.127334
113 111 113 512 0.156711
114 111 113 512 0.156536
115 111 113 512 0.1316
116 111 113 512 0.0922404
117 111 113 512 0.0509659
118 111 113 512 0.0209412
114 34 93 275 0.01022
115 34 93 275 0.0127866
116 34 93 275 0.0113847
114 35 93 275 0.0123187
115 35 93 275 0.0145122
116 35 93 275 0.0125168
114 36 93 275 0.0122527
115 36 93 275 0.0122983
116 36 93 275 0.0103728
114 37 93 275 0.012252
115 37 93 275 0.0113193
114 38 93 275 0.0141399
115 38 93 275 0.0155801
116 38 93 275 0.012845
114 39 93 275 0.0160978
115 39 93 275 0.0203795
116 39 93 275 0.0169437
117 39 93 275 0.0112355
114 40 93 275 0.0159275
115 40 93 275 0.0201301
116 40 93 275 0.0169771
117 40 93 275 0.0114132
114 41 93 275 0.0150716
115 41 93 275 0.0180935
116 41 93 275 0.0156127
117 41 93 275 0.0109505
114 42 93 275 0.0162208
115 42 93 275 0.0206008
116 42 93 275 0.01805
117 42 93 275 0.0123923
114 43 93 275 0.0185866
115 43 93 275 0.0259777
116 43 93 275 0.0226743
117 43 93 275 0.0148126
114 44 93 275 0.0191039
115 44 93 275 0.0273171
116 44 93 275 0.023428
117 44 93 275 0.0150246
114 45 93 275 0.0171006
115 45 93 275 0.0233909
116 45 93 275 0.0193587
117 45 93 275 0.0124941
114 46 93 275 0.0145251
115 46 93 275 0.0191799
116 46 93 275 0.0150919
114 47 93 275 0.0124553
115 47 93 275 0.0171741
116 47 93 275 0.0130492
114 48 93 275 0.0102447
115 48 93 275 0.0150399
116 48 93 275 0.0113781
115 49 93 275 0.0114496
115 51 93 275 0.0109224
115 52 93 275 0.0133998
115 53 93 275 0.0126514
118 81 93 275 0.0127029
119 81 93 275 0.0105437
117 82 93 275 0.0140097
118 82 93 275 0.0181718
119 82 93 275 0.0135395
115 83 93 275 0.0135743
116 83 93 275 0.0194737
117 83 93 275 0.0288676
118 83 93 275 0.0362455
119 83 93 275 0.0252489
120 83 93 275 0.0104111
114 84 93 275 0.0103512
115 84 93 275 0.023664
116 84 93 275 0.0364421
117 84 93 275 0.0572215
118 84 93 275 0.0719018
119 84 93 275 0.0478891
120 84 93 275 0.0177787
114 85 93 275 0.0150671
115 85 93 275 0.0353467
116 85 93 275 0.0581877
117 85 93 275 0.0963894
118 85 93 275 0.121095
119 85 93 275 0.0741929
120 85 93 275 0.022729
114 86 93 275 0.0202149
115 86 93 275 0.0509255
116 86 93 275 0.088508
117 86 93 275 0.149246
118 86 93 275 0.183974
119 86 93 275 0.102917
120 86 93 275 0.0243339
114 87 93 275 0.0331168
115 87 93 275 0.0872066
116 87 93 275 0.150554
117 87 93 275 0.236115
118 87 93 275 0.27505
119 87 93 275 0.15247
120 87 93 275 0.0366343
113 88 93 275 0.0133062
114 88 93 275 0.0606062
115 88 93 275 0.157954
116 88 93 275 0.261242
117 88 93 275 0.370353
118 88 93 275 0.403568
119 88 93 275 0.236875
120 88 93 275 0.0710351
121 88 93 275 0.0136278
113 89 93 275 0.0239246
114 89 93 275 0.101378
115 89 93 275 0.25028
116 89 93 275 0.391542
117 89 93 275 0.517448
118 89 93 275 0.541624
119 89 93 275 0.332798
120 89 93 275 0.113844
121 89 93 275 0.0198324
112 90 93 275 0.0112267
113 90 93 275 0.0401765
114 90 93 275 0.152914
115 90 93 275 0.345787
116 90 93 275 0.50368
117 90 93 275 0.634156
118 90 93 275 0.654524
119 90 93 275 0.410805
120 90 93 275 0.14762
121 90 93 275 0.0248468
112 91 93 275 0.0161431
113 91 93 275 0.0701645
114 91 93 275 0.222759
115 91 93 275 0.446232
116 91 93 275 0.60094
117 91 93 275 0.723099
118 91 93 275 0.743072
119 91 93 275 0.48319
120 91 93 275 0.185871
121 91 93 275 0.0310775
112 92 93 275 0.0290292
113 92 93 275 0.124532
114 92 93 275 0.322261
115 92 93 275 0.562069
116 92 93 275 0.705146
117 92 93 275 0.808007
118 92 93 275 0.82444
119 92 93 275 0.58044
120 92 93 275 0.255188
121 92 93 275 0.0427958
111 93 93 275 0.011698
112 93 93 275 0.0485233
113 93 93 275 0.199837
114 93 93 275 0.444429
115 93 93 275 0.683887
116 93 93 275 0.810646
117 93 93 275 0.888055
118 93 93 275 0.897296
119 93 93 275 0.694855
120 93 93 275 0.347491
121 93 93 275 0.05787
81 94 93 275 0.0132094
82 94 93 275 0.0182783
83 94 93 275 0.0157901
84 94 93 275 0.0187468
85 94 93 275 0.0195491
86 94 93 275 0.017572
87 94 93 275 0.0205757
88 94 93 275 0.0167424
111 94 93 275 0.016719
112 94 93 275 0.0682581
113 94 93 275 0.281756
114 94 93 275 0.567958
115 94 93 275 0.786851
116 94 93 275 0.890374
117 94 93 275 0.943229
118 94 93 275 0.945894
119 94 93 275 0.789031
120 94 93 275 0.4278
121 94 93 275 0.0693304
81 95 93 275 0.0253715
82 95 93 275 0.0357028
83 95 93 275 0.0305562
84 95 93 275 0.0401227
85 95 93 275 0.0442534
86 95 93 275 0.0405636
87 95 93 275 0.048206
88 95 93 275 0.0397331
89 95 93 275 0.0180411
110 95 93 275 0.0116513
111 95 93 275 0.0249872
112 95 93 275 0.094711
113 95 93 275 0.367496
114 95 93 275 0.681083
115 95 93 275 0.860508
116 95 93 275 0.93542
117 95 93 275 0.968648
118 95 93 275 0.967715
119 95 93 275 0.851203
120 95 93 275 0.486288
121 95 93 275 0.0794712
123 95 93 275 0.0108784
80 96 93 275 0.0111335
81 96 93 275 0.0367531
82 96 93 275 0.0543538
83 96 93 275 0.0535214
84 96 93 275 0.0641427
85 96 93 275 0.0697412
86 96 93 275 0.0680075
87 96 93 275 0.0739308
88 96 93 275 0.0585766
89 96 93 275 0.0279911
90 96 93 275 0.0127813
110 96 93 275 0.0176002
111 96 93 275 0.046554
112 96 93 275 0.150622
113 96 93 275 0.469079
114 96 93 275 0.784522
115 96 93 275 0.913035
116 96 93 275 0.960465
117 96 93 275 0.979134
118 96 93 275 0.977379
119 96 93 275 0.90287
120 96 93 275 0.545661
121 96 93 275 0.102365
123 96 93 275 0.0120882
75 97 93 275 0.0101246
76 97 93 275 0.0109716
79 97 93 275 0.0114146
80 97 93 275 0.0203833
81 97 93 275 0.0507567
82 97 93 275 0.0801393
83 97 93 275 0.0923176
84 97 93 275 0.0977463
85 97 93 275 0.103249
86 97 93 275 0.107744
87 97 93 275 0.102639
88 97 93 275 0.0770082
89 97 93 275 0.0414867
90 97 93 275 0.0179577
110 97 93 275 0.0277641
111 97 93 275 0.0872646
112 97 93 275 0.245595
113 97 93 275 0.58678
114 97 93 275 0.874131
115 97 93 275 0.950775
116 97 93 275 0.977084
117 97 93 275 0.985771
118 97 93 275 0.985284
119 97 93 275 0.955422
120 97 93 275 0.615978
121 97 93 275 0.143528
122 97 93 275 0.0142077
123 97 93 275 0.0126093
75 98 93 275 0.0155629
76 98 93 275 0.0171902
77 98 93 275 0.0122991
78 98 93 275 0.0148863
79 98 93 275 0.0202686
80 98 93 275 0.0350621
81 98 93 275 0.0892158
82 98 93 275 0.143253
83 98 93 275 0.166695
84 98 93 275 0.176501
85 98 93 275 0.188879
86 98 93 275 0.197349
87 98 93 275 0.179454
88 98 93 275 0.136462
89 98 93 275 0.0828525
90 98 93 275 0.0381703
91 98 93 275 0.0166583
109 98 93 275 0.0119222
110 98 93 275 0.0433854
111 98 93 275 0.143585
112 98 93 275 0.360554
113 98 93 275 0.695192
114 98 93 275 0.93433
115 98 93 275 0.973943
116 98 93 275 0.987526
117 98 93 275 0.98954
118 98 93 275 0.99108
119 98 93 275 0.995508
120 98 93 275 0.677517
121 98 93 275 0.189641
122 98 93 275 0.0278894
123 98 93 275 0.0110467
74 99 93 275 0.0135617
75 99 93 275 0.0249064
76 99 93 275 0.0288058
77 99 93 275 0.0186702
78 99 93 275 0.0265864
79 99 93 275 0.0349786
80 99 93 275 0.0557337
81 99 93 275 0.163026
82 99 93 275 0.257213
83 99 93 275 0.28359
84 99 93 275 0.317267
85 99 93 275 0.348324
86 99 93 275 0.354238
87 99 93 275 0.327648
88 99 93 275 0.259059
89 99 93 275 0.164358
90 99 93 275 0.0802193
91 99 93 275 0.0371067
92 99 93 275 0.0208023
109 99 93 275 0.0181268
110 99 93 275 0.0660145
111 99 93 275 0.211545
112 99 93 275 0.476467
113 99 93 275 0.774558
114 99 93 275 0.956626
115 99 93 275 0.983687
116 99 93 275 0.993148
117 99 93 275 0.99064
118 99 93 275 0.993818
119 99 93 275 1.01284
120 99 93 275 0.715559
121 99 93 275 0.23091
122 99 93 275 0.0389445
73 100 93 275 0.0127752
74 100 93 275 0.0180281
75 100 93 275 0.03322
76 100 93 275 0.0386162
77 100 93 275 0.0247557
78 100 93 275 0.0361376
79 100 93 275 0.048891
80 100 93 275 0.0815928
81 100 93 275 0.238922
82 100 93 275 0.369762
83 100 93 275 0.40204
84 100 93 275 0.462547
85 100 93 275 0.513174
86 100 93 275 0.516163
87 100 93 275 0.480882
88 100 93 275 0.386861
89 100 93 275 0.249684
90 100 93 275 0.122535
91 100 93 275 0.0566214
92 100 93 275 0.0319488
108 100 93 275 0.0126875
109 100 93 275 0.0268801
110 100 93 275 0.0984141
111 100 93 275 0.289497
112 100 93 275 0.586053
113 100 93 275 0.834469
114 100 93 275 0.960945
115 100 93 275 0.986774
116 100 93 275 0.996107
117 100 93 275 0.990761
118 100 93 275 0.994905
119 100 93 275 1.01743
120 100 93 275 0.744238
121 100 93 275 0.276975
122 100 93 275 0.0525165
73 101 93 275 0.0166813
74 101 93 275 0.0236515
75 101 93 275 0.0367678
76 101 93 275 0.0408331
77 101 93 275 0.0291124
78 101 93 275 0.0378095
79 101 93 275 0.0579325
80 101 93 275 0.113624
81 101 93 275 0.285755
82 101 93 275 0.431028
83 101 93 275 0.482242
84 101 93 275 0.553907
85 101 93 275 0.613199
86 101 93 275 0.619411
87 101 93 275 0.571302
88 101 93 275 0.46131
89 101 93 275 0.303801
90 101 93 275 0.146292
91 101 93 275 0.065444
92 101 93 275 0.0383922
108 101 93 275 0.0201981
109 101 93 275 0.0395204
110 101 93 275 0.141536
111 101 93 275 0.373793
112 101 93 275 0.683057
113 101 93 275 0.887333
114 101 93 275 0.969164
115 101 93 275 0.989978
116 101 93 275 0.998385
117 101 93 275 0.991566
118 101 93 275 0.995962
119 101 93 275 1.02142
120 101 93 275 0.779084
121 101 93 275 0.336333
122 101 93 275 0.0733082
72 102 93 275 0.0100803
73 102 93 275 0.0218801
74 102 93 275 0.032778
75 102 93 275 0.0457355
76 102 93 275 0.0482165
77 102 93 275 0.0371288
78 102 93 275 0.0463503
79 102 93 275 0.08203
80 102 93 275 0.164663
81 102 93 275 0.337268
82 102 93 275 0.483448
83 102 93 275 0.548271
84 102 93 275 0.616475
85 102 93 275 0.675516
86 102 93 275 0.687161
87 102 93 275 0.629554
88 102 93 275 0.516036
89 102 93 275 0.357162
90 102 93 275 0.182271
91 102 93 275 0.0887532
92 102 93 275 0.053779
93 102 93 275 0.0127462
107 102 93 275 0.0142499
108 102 93 275 0.029061
109 102 93 275 0.053518
110 102 93 275 0.184545
111 102 93 275 0.446567
112 102 93 275 0.753038
113 102 93 275 0.926552
114 102 93 275 0.980283
115 102 93 275 0.993428
116 102 93 275 1.00003
117 102 93 275 0.992799
118 102 93 275 0.99703
119 102 93 275 1.02494
120 102 93 275 0.809088
121 102 93 275 0.387698
122 102 93 275 0.0926767
72 103 93 275 0.0129809
73 103 93 275 0.0296417
74 103 93 275 0.0478943
75 103 93 275 0.0729445
76 103 93 275 0.0772739
77 103 93 275 0.0554355
78 103 93 275 0.0803401
79 103 93 275 0.144691
80 103 93 275 0.248109
81 103 93 275 0.442072
82 103 93 275 0.592195
83 103 93 275 0.640759
84 103 93 275 0.698738
85 103 93 275 0.755088
86 103 93 275 0.767502
87 103 93 275 0.713597
88 103 93 275 0.60913
89 103 93 275 0.455998
90 103 93 275 0.271422
91 103 93 275 0.15807
92 103 93 275 0.0949003
93 103 93 275 0.0234728
107 103 93 275 0.0187562
108 103 93 275 0.0373953
109 103 93 275 0.0651723
110 103 93 275 0.21389
111 103 93 275 0.487666
112 103 93 275 0.781373
113 103 93 275 0.940636
114 103 93 275 0.986039
115 103 93 275 0.995114
116 103 93 275 1.00049
117 103 93 275 0.993614
118 103 93 275 0.997644
119 103 93 275 1.02433
120 103 93 275 0.816625
121 103 93 275 0.403736
122 103 93 275 0.0990614
72 104 93 275 0.0169728
73 104 93 275 0.0394795
74 104 93 275 0.066008
75 104 93 275 0.107989
76 104 93 275 0.115954
77 104 93 275 0.0787481
78 104 93 275 0.12374
79 104 93 275 0.219634
80 104 93 275 0.340562
81 104 93 275 0.566659
82 104 93 275 0.72166
83 104 93 275 0.7389
84 104 93 275 0.786011
85 104 93 275 0.839681
86 104 93 275 0.849068
87 104 93 275 0.804695
88 104 93 275 0.715693
89 104 93 275 0.571534
90 104 93 275 0.379799
91 104 93 275 0.24387
92 104 93 275 0.145243
93 104 93 275 0.0366422
107 104 93 275 0.0223501
108 104 93 275 0.0435501
109 104 93 275 0.0728036
110 104 93 275 0.230807
111 104 93 275 0.504736
112 104 93 275 0.780946
113 104 93 275 0.936742
114 104 93 275 0.986636
115 104 93 275 0.995227
116 104 93 275 1.00009
117 104 93 275 0.994069
118 104 93 275 0.997871
119 104 93 275 1.02057
120 104 93 275 0.812233
121 104 93 275 0.402685
122 104 93 275 0.0992168
72 105 93 275 0.0220437
73 105 93 275 0.049968
74 105 93 275 0.0812108
75 105 93 275 0.128181
76 105 93 275 0.137105
77 105 93 275 0.0954976
78 105 93 275 0.142448
79 105 93 275 0.25482
80 105 93 275 0.399708
81 105 93 275 0.633763
82 105 93 275 0.782194
83 105 93 275 0.788972
84 105 93 275 0.829437
85 105 93 275 0.880515
86 105 93 275 0.88818
87 105 93 275 0.842631
88 105 93 275 0.766116
89 105 93 275 0.634868
90 105 93 275 0.433766
91 105 93 275 0.28448
92 105 93 275 0.170824
93 105 93 275 0.0426537
107 105 93 275 0.024041
108 105 93 275 0.0461571
109 105 93 275 0.0760481
110 105 93 275 0.244641
111 105 93 275 0.520402
112 105 93 275 0.779427
113 105 93 275 0.93217
114 105 93 275 0.987005
115 105 93 275 0.995189
116 105 93 275 0.999607
117 105 93 275 0.994718
118 105 93 275 0.998069
119 105 93 275 1.01724
120 105 93 275 0.82129
121 105 93 275 0.426582
122 105 93 275 0.109451
72 106 93 275 0.028471
73 106 93 275 0.0613153
74 106 93 275 0.0929072
75 106 93 275 0.134921
76 106 93 275 0.143297
77 106 93 275 0.106819
78 106 93 275 0.143179
79 106 93 275 0.261359
80 106 93 275 0.432216
81 106 93 275 0.644803
82 106 93 275 0.773846
83 106 93 275 0.792618
84 106 93 275 0.830607
85 106 93 275 0.878463
86 106 93 275 0.885659
87 106 93 275 0.828426
88 106 93 275 0.760571
89 106 93 275 0.645928
90 106 93 275 0.435818
91 106 93 275 0.284206
92 106 93 275 0.175076
93 106 93 275 0.0424922
107 106 93 275 0.0244067
108 106 93 275 0.0468504
109 106 93 275 0.0774014
110 106 93 275 0.255259
111 106 93 275 0.534006
112 106 93 275 0.780782
113 106 93 275 0.93063
114 106 93 275 0.988169
115 106 93 275 0.995456
116 106 93 275 0.999366
117 106 93 275 0.995485
118 106 93 275 0.998301
119 106 93 275 1.0151
120 106 93 275 0.838745
121 106 93 275 0.464121
122 106 93 275 0.124401
71 107 93 275 0.0103839
72 107 93 275 0.036767
73 107 93 275 0.0751836
74 107 93 275 0.105372
75 107 93 275 0.151674
76 107 93 275 0.164274
77 107 93 275 0.125409
78 107 93 275 0.169857
79 107 93 275 0.307906
80 107 93 275 0.489423
81 107 93 275 0.673521
82 107 93 275 0.779297
83 107 93 275 0.802483
84 107 93 275 0.837629
85 107 93 275 0.88022
86 107 93 275 0.883395
87 107 93 275 0.819585
88 107 93 275 0.763515
89 107 93 275 0.66796
90 107 93 275 0.458392
91 107 93 275 0.307833
92 107 93 275 0.195626
93 107 93 275 0.0468262
107 107 93 275 0.0254516
108 107 93 275 0.0499686
109 107 93 275 0.0818835
110 107 93 275 0.253809
111 107 93 275 0.523546
112 107 93 275 0.767143
113 107 93 275 0.923252
114 107 93 275 0.987528
115 107 93 275 0.995583
116 107 93 275 0.99922
117 107 93 275 0.995715
118 107 93 275 0.998355
119 107 93 275 1.01231
120 107 93 275 0.831752
121 107 93 275 0.455307
122 107 93 275 0.118958
71 108 93 275 0.0125578
72 108 93 275 0.0456074
73 108 93 275 0.0896258
74 108 93 275 0.118571
75 108 93 275 0.181527
76 108 93 275 0.202622
77 108 93 275 0.149792
78 108 93 275 0.224638
79 108 93 275 0.398904
80 108 93 275 0.574826
81 108 93 275 0.738962
82 108 93 275 0.826051
83 108 93 275 0.837467
84 108 93 275 0.867697
85 108 93 275 0.902611
86 108 93 275 0.897253
87 108 93 275 0.837016
88 108 93 275 0.795605
89 108 93 275 0.718301
90 108 93 275 0.520994
91 108 93 275 0.368771
92 108 93 275 0.236111
93 108 93 275 0.0571396
95 108 93 275 0.0135609
107 108 93 275 0.027794
108 108 93 275 0.0560847
109 108 93 275 0.0888186
110 108 93 275 0.239307
111 108 93 275 0.487427
112 108 93 275 0.735303
113 108 93 275 0.907917
114 108 93 275 0.984704
115 108 93 275 0.995377
116 108 93 275 0.999087
117 108 93 275 0.995236
118 108 93 275 0.998163
119 108 93 275 1.00942
120 108 93 275 0.796247
121 108 93 275 0.391566
122 108 93 275 0.0905264
70 109 93 275 0.0111651
71 109 93 275 0.0153442
72 109 93 275 0.0509587
73 109 93 275 0.0973167
74 109 93 275 0.125863
75 109 93 275 0.196405
76 109 93 275 0.219521
77 109 93 275 0.157032
78 109 93 275 0.246252
79 109 93 275 0.441275
80 109 93 275 0.619161
81 109 93 275 0.775771
82 109 93 275 0.855907
83 109 93 275 0.864019
84 109 93 275 0.889974
85 109 93 275 0.915997
86 109 93 275 0.90254
87 109 93 275 0.844698
88 109 93 275 0.80955
89 109 93 275 0.7433
90 109 93 275 0.561458
91 109 93 275 0.401567
92 109 93 275 0.248336
93 109 93 275 0.0608863
95 109 93 275 0.0152313
107 109 93 275 0.0299347
108 109 93 275 0.0600878
109 109 93 275 0.0890284
110 109 93 275 0.222835
111 109 93 275 0.455238
112 109 93 275 0.70483
113 109 93 275 0.89313
114 109 93 275 0.98279
115 109 93 275 0.995062
116 109 93 275 0.998995
117 109 93 275 0.994621
118 109 93 275 0.99789
119 109 93 275 1.01059
120 109 93 275 0.772
121 109 93 275 0.342597
122 109 93 275 0.0706872
70 110 93 275 0.0146482
71 110 93 275 0.0186963
72 110 93 275 0.0510405
73 110 93 275 0.0953519
74 110 93 275 0.12445
75 110 93 275 0.183313
76 110 93 275 0.197696
77 110 93 275 0.138624
78 110 93 275 0.207894
79 110 93 275 0.392669
80 110 93 275 0.59084
81 110 93 275 0.751203
82 110 93 275 0.83717
83 110 93 275 0.862315
84 110 93 275 0.886496
85 110 93 275 0.904441
86 110 93 275 0.886875
87 110 93 275 0.823875
88 110 93 275 0.782081
89 110 93 275 0.71712
90 110 93 275 0.546514
91 110 93 275 0.373968
92 110 93 275 0.212294
93 110 93 275 0.052548
95 110 93 275 0.0125781
107 110 93 275 0.0308394
108 110 93 275 0.0592913
109 110 93 275 0.0793795
110 110 93 275 0.212944
111 110 93 275 0.445837
112 110 93 275 0.689674
113 110 93 275 0.885172
114 110 93 275 0.983462
115 110 93 275 0.994835
116 110 93 275 0.998961
117 110 93 275 0.994301
118 110 93 275 0.997683
119 110 93 275 1.01681
120 110 93 275 0.780589
121 110 93 275 0.348415
122 110 93 275 0.0767144
70 111 93 275 0.0164355
71 111 93 275 0.0203808
72 111 93 275 0.0499634
73 111 93 275 0.0923964
74 111 93 275 0.121948
75 111 93 275 0.171166
76 111 93 275 0.179163
77 111 93 275 0.124573
78 111 93 275 0.177054
79 111 93 275 0.350333
80 111 93 275 0.562006
81 111 93 275 0.726387
82 111 93 275 0.817708
83 111 93 275 0.85527
84 111 93 275 0.879176
85 111 93 275 0.893552
86 111 93 275 0.874961
87 111 93 275 0.807847
88 111 93 275 0.760203
89 111 93 275 0.693797
90 111 93 275 0.527407
91 111 93 275 0.347944
92 111 93 275 0.18509
93 111 93 275 0.0460452
95 111 93 275 0.0104102
107 111 93 275 0.0309858
108 111 93 275 0.0578745
109 111 93 275 0.0727758
110 111 93 275 0.209866
111 111 93 275 0.446543
112 111 93 275 0.686041
113 111 93 275 0.882991
114 111 93 275 0.984344
115 111 93 275 0.994752
116 111 93 275 0.998958
117 111 93 275 0.994222
118 111 93 275 0.997604
119 111 93 275 1.02078
120 111 93 275 0.791836
121 111 93 275 0.363295
122 111 93 275 0.0852349
