0 0 64 128 0.0685352
1 0 64 128 0.0378995
2 0 64 128 0.0121344
1 1 64 128 0.0159605
0 2 64 128 0.0385024
1 2 64 128 0.0669294
2 2 64 128 0.026196
3 2 64 128 0.0153177
0 3 64 128 0.0297663
1 3 64 128 0.0573428
2 3 64 128 0.0315318
3 3 64 128 0.0145304
4 3 64 128 0.0114412
5 3 64 128 0.0108468
0 4 64 128 0.0344179
1 4 64 128 0.0502272
2 4 64 128 0.0241281
3 4 64 128 0.0192239
1 5 64 128 0.0247882
2 5 64 128 0.0125499
0 6 64 128 0.0116781
1 6 64 128 0.0564339
2 6 64 128 0.0179888
1 7 64 128 0.0182246
1 10 64 128 0.014149
1 11 64 128 0.0152315
0 12 64 128 0.0128816
1 12 64 128 0.0520008
2 12 64 128 0.0289966
0 13 64 128 0.0371061
1 13 64 128 0.0630672
2 13 64 128 0.0342702
3 13 64 128 0.0123023
0 14 64 128 0.0667254
1 14 64 128 0.124007
2 14 64 128 0.0548209
3 14 64 128 0.0137396
0 15 64 128 0.118239
1 15 64 128 0.10179
2 15 64 128 0.0523907
3 15 64 128 0.0213325
0 16 64 128 0.0887283
1 16 64 128 0.0693003
2 16 64 128 0.0562062
3 16 64 128 0.0329217
0 17 64 128 0.0865645
1 17 64 128 0.0434109
2 17 64 128 0.0261545
3 17 64 128 0.0130973
0 18 64 128 0.0520628
1 18 64 128 0.0391252
2 18 64 128 0.0189758
253 18 64 128 0.0146127
0 19 64 128 0.0296937
1 19 64 128 0.0232647
2 19 64 128 0.0151581
252 19 64 128 0.0197024
253 19 64 128 0.0345592
254 19 64 128 0.0262705
255 19 64 128 0.0185671
0 20 64 128 0.0150788
1 20 64 128 0.0135477
252 20 64 128 0.013927
253 20 64 128 0.0572171
254 20 64 128 0.0283601
255 20 64 128 0.0280905
0 21 64 128 0.014241
252 21 64 128 0.0117568
253 21 64 128 0.0274886
254 21 64 128 0.0400851
255 21 64 128 0.0329266
0 22 64 128 0.016888
1 22 64 128 0.0139627
253 22 64 128 0.0168386
254 22 64 128 0.0220224
255 22 64 128 0.0373268
0 23 64 128 0.029392
1 23 64 128 0.0187185
2 23 64 128 0.0134917
254 23 64 128 0.0201981
255 23 64 128 0.030539
0 24 64 128 0.032254
1 24 64 128 0.0300127
2 24 64 128 0.024982
3 24 64 128 0.0133708
255 24 64 128 0.0201735
0 25 64 128 0.0117625
2 25 64 128 0.0137739
255 25 64 128 0.0147083
255 26 64 128 0.0140528
255 27 64 128 0.0194769
255 28 64 128 0.0123296
255 29 64 128 0.0113959
254 30 64 128 0.0119688
255 30 64 128 0.0320762
253 31 64 128 0.0146607
254 31 64 128 0.0534223
255 31 64 128 0.0842859
252 32 64 128 0.0154155
253 32 64 128 0.0282132
254 32 64 128 0.0665999
255 32 64 128 0.151241
251 33 64 128 0.0263622
252 33 64 128 0.0581196
253 33 64 128 0.121207
254 33 64 128 0.228144
255 33 64 128 0.276408
250 34 64 128 0.0230725
251 34 64 128 0.0760415
252 34 64 128 0.167938
253 34 64 128 0.424455
254 34 64 128 0.520117
255 34 64 128 0.524276
250 35 64 128 0.0686084
251 35 64 128 0.238008
252 35 64 128 0.432078
253 35 64 128 0.646337
254 35 64 128 0.804545
255 35 64 128 0.781157
249 36 64 128 0.0112634
250 36 64 128 0.118691
251 36 64 128 0.448328
252 36 64 128 0.59022
253 36 64 128 0.783041
254 36 64 128 0.84644
255 36 64 128 0.844048
249 37 64 128 0.0133966
250 37 64 128 0.107159
251 37 64 128 0.440634
252 37 64 128 0.690539
253 37 64 128 0.825936
254 37 64 128 0.819106
255 37 64 128 0.791676
224 38 64 128 0.0130815
225 38 64 128 0.0176756
226 38 64 128 0.0202669
227 38 64 128 0.0172546
228 38 64 128 0.0106805
249 38 64 128 0.0161861
250 38 64 128 0.140199
251 38 64 128 0.444068
252 38 64 128 0.693886
253 38 64 128 0.85261
254 38 64 128 0.768114
255 38 64 128 0.769067
6 39 64 128 0.0159819
218 39 64 128 0.0134462
219 39 64 128 0.0162668
220 39 64 128 0.0139855
221 39 64 128 0.0156191
222 39 64 128 0.02874
223 39 64 128 0.0439732
224 39 64 128 0.104815
225 39 64 128 0.165777
226 39 64 128 0.164223
227 39 64 128 0.122478
228 39 64 128 0.101599
229 39 64 128 0.0777738
230 39 64 128 0.0303674
249 39 64 128 0.0129512
250 39 64 128 0.0878507
251 39 64 128 0.367495
252 39 64 128 0.591534
253 39 64 128 0.814748
254 39 64 128 0.821839
255 39 64 128 0.805073
2 40 64 128 0.0235251
3 40 64 128 0.0341971
4 40 64 128 0.0188294
5 40 64 128 0.0422065
6 40 64 128 0.0441158
7 40 64 128 0.0302448
8 40 64 128 0.0282292
9 40 64 128 0.0432451
10 40 64 128 0.0143851
218 40 64 128 0.0200095
219 40 64 128 0.0259086
220 40 64 128 0.0208994
221 40 64 128 0.025931
222 40 64 128 0.0422055
223 40 64 128 0.0854692
224 40 64 128 0.207891
225 40 64 128 0.445265
226 40 64 128 0.421876
227 40 64 128 0.40354
228 40 64 128 0.318209
229 40 64 128 0.209762
230 40 64 128 0.109663
231 40 64 128 0.0367139
250 40 64 128 0.0538625
251 40 64 128 0.276388
252 40 64 128 0.517122
253 40 64 128 0.711487
254 40 64 128 0.745499
255 40 64 128 0.813679
1 41 64 128 0.010305
2 41 64 128 0.0395095
3 41 64 128 0.0406374
4 41 64 128 0.0230231
5 41 64 128 0.0430654
6 41 64 128 0.0728441
7 41 64 128 0.0663542
8 41 64 128 0.0471504
9 41 64 128 0.0491072
10 41 64 128 0.0236838
218 41 64 128 0.017868
219 41 64 128 0.0229713
220 41 64 128 0.0188589
221 41 64 128 0.0246461
222 41 64 128 0.0503296
223 41 64 128 0.11018
224 41 64 128 0.327769
225 41 64 128 0.6259
226 41 64 128 0.740423
227 41 64 128 0.773589
228 41 64 128 0.62665
229 41 64 128 0.535165
230 41 64 128 0.275523
231 41 64 128 0.118736
232 41 64 128 0.0215589
250 41 64 128 0.0245842
251 41 64 128 0.144419
252 41 64 128 0.314461
253 41 64 128 0.605854
254 41 64 128 0.68897
255 41 64 128 0.804739
1 42 64 128 0.034534
2 42 64 128 0.150733
3 42 64 128 0.0722982
4 42 64 128 0.0650253
5 42 64 128 0.0811088
6 42 64 128 0.163891
7 42 64 128 0.116655
8 42 64 128 0.145392
9 42 64 128 0.156098
10 42 64 128 0.0487655
218 42 64 128 0.0135584
219 42 64 128 0.0184307
220 42 64 128 0.0118487
221 42 64 128 0.0188655
222 42 64 128 0.0367404
223 42 64 128 0.0943936
224 42 64 128 0.322189
225 42 64 128 0.659098
226 42 64 128 0.801158
227 42 64 128 0.794371
228 42 64 128 0.638678
229 42 64 128 0.515126
230 42 64 128 0.303305
231 42 64 128 0.0992048
232 42 64 128 0.0168398
250 42 64 128 0.0220317
251 42 64 128 0.0951742
252 42 64 128 0.209044
253 42 64 128 0.520557
254 42 64 128 0.65967
255 42 64 128 0.795355
0 43 64 128 0.0121744
1 43 64 128 0.051804
2 43 64 128 0.129099
3 43 64 128 0.0731611
4 43 64 128 0.0436059
5 43 64 128 0.0452517
6 43 64 128 0.0884482
7 43 64 128 0.0651291
8 43 64 128 0.0946917
9 43 64 128 0.0654112
10 43 64 128 0.019745
219 43 64 128 0.0126622
220 43 64 128 0.0120695
221 43 64 128 0.0174799
222 43 64 128 0.0390226
223 43 64 128 0.109353
224 43 64 128 0.474461
225 43 64 128 0.795767
226 43 64 128 0.901954
227 43 64 128 0.903289
228 43 64 128 0.854597
229 43 64 128 0.737624
230 43 64 128 0.488576
231 43 64 128 0.154983
232 43 64 128 0.0285923
250 43 64 128 0.0128064
251 43 64 128 0.0511684
252 43 64 128 0.0998142
253 43 64 128 0.33413
254 43 64 128 0.496067
255 43 64 128 0.724205
0 44 64 128 0.0105879
1 44 64 128 0.052532
2 44 64 128 0.0691639
3 44 64 128 0.0362277
4 44 64 128 0.0200638
5 44 64 128 0.0255699
6 44 64 128 0.0585941
7 44 64 128 0.067421
8 44 64 128 0.0965669
9 44 64 128 0.0769296
10 44 64 128 0.0161444
222 44 64 128 0.019645
223 44 64 128 0.0611729
224 44 64 128 0.304104
225 44 64 128 0.636399
226 44 64 128 0.835507
227 44 64 128 0.879095
228 44 64 128 0.872729
229 44 64 128 0.763321
230 44 64 128 0.575511
231 44 64 128 0.249826
232 44 64 128 0.0569773
233 44 64 128 0.0138137
250 44 64 128 0.0216034
251 44 64 128 0.0539293
252 44 64 128 0.0994567
253 44 64 128 0.237755
254 44 64 128 0.452496
255 44 64 128 0.682575
6 45 64 128 0.0159158
7 45 64 128 0.0209295
8 45 64 128 0.0285049
9 45 64 128 0.0146338
218 45 64 128 0.0151539
222 45 64 128 0.0112013
223 45 64 128 0.0326409
224 45 64 128 0.199819
225 45 64 128 0.451233
226 45 64 128 0.736487
227 45 64 128 0.843365
228 45 64 128 0.835122
229 45 64 128 0.788136
230 45 64 128 0.631314
231 45 64 128 0.375026
232 45 64 128 0.110716
233 45 64 128 0.0405207
250 45 64 128 0.0144233
251 45 64 128 0.0278987
252 45 64 128 0.037131
253 45 64 128 0.183686
254 45 64 128 0.315877
255 45 64 128 0.536517
6 46 64 128 0.0192108
7 46 64 128 0.013265
8 46 64 128 0.0325945
9 46 64 128 0.0121931
10 46 64 128 0.0100395
218 46 64 128 0.0222859
219 46 64 128 0.0165831
220 46 64 128 0.0103319
221 46 64 128 0.0119648
222 46 64 128 0.014678
223 46 64 128 0.0250813
224 46 64 128 0.0962965
225 46 64 128 0.338301
226 46 64 128 0.619513
227 46 64 128 0.685235
228 46 64 128 0.695637
229 46 64 128 0.661579
230 46 64 128 0.616127
231 46 64 128 0.257311
232 46 64 128 0.10944
233 46 64 128 0.0509888
234 46 64 128 0.0140762
250 46 64 128 0.0109598
251 46 64 128 0.0188773
252 46 64 128 0.0270976
253 46 64 128 0.139638
254 46 64 128 0.322188
255 46 64 128 0.464561
218 47 64 128 0.0149858
219 47 64 128 0.01577
220 47 64 128 0.0161082
221 47 64 128 0.0222039
222 47 64 128 0.022907
223 47 64 128 0.0305924
224 47 64 128 0.139127
225 47 64 128 0.444417
226 47 64 128 0.621542
227 47 64 128 0.640748
228 47 64 128 0.628719
229 47 64 128 0.654923
230 47 64 128 0.528407
231 47 64 128 0.20445
232 47 64 128 0.0802386
233 47 64 128 0.0514067
234 47 64 128 0.018052
250 47 64 128 0.0121982
251 47 64 128 0.0185572
252 47 64 128 0.0190899
253 47 64 128 0.105764
254 47 64 128 0.317839
255 47 64 128 0.628224
221 48 64 128 0.0121766
222 48 64 128 0.0150894
223 48 64 128 0.0238767
224 48 64 128 0.0776832
225 48 64 128 0.194654
226 48 64 128 0.37609
227 48 64 128 0.463104
228 48 64 128 0.477879
229 48 64 128 0.392486
230 48 64 128 0.247961
231 48 64 128 0.10147
232 48 64 128 0.0499873
233 48 64 128 0.0302603
234 48 64 128 0.0123565
243 48 64 128 0.0115516
244 48 64 128 0.0154755
245 48 64 128 0.020213
246 48 64 128 0.0197108
247 48 64 128 0.0116866
249 48 64 128 0.0174893
250 48 64 128 0.0242338
251 48 64 128 0.0306557
252 48 64 128 0.0348364
253 48 64 128 0.119034
254 48 64 128 0.415778
255 48 64 128 0.726354
222 49 64 128 0.0111612
223 49 64 128 0.0150041
224 49 64 128 0.0443803
225 49 64 128 0.0930436
226 49 64 128 0.201596
227 49 64 128 0.235722
228 49 64 128 0.216281
229 49 64 128 0.205683
230 49 64 128 0.102106
231 49 64 128 0.0496962
232 49 64 128 0.0256591
233 49 64 128 0.0154487
236 49 64 128 0.0102014
237 49 64 128 0.0138625
238 49 64 128 0.014544
239 49 64 128 0.0137151
240 49 64 128 0.0142072
241 49 64 128 0.0158384
242 49 64 128 0.0297811
243 49 64 128 0.0330278
244 49 64 128 0.0398424
245 49 64 128 0.0523978
246 49 64 128 0.0473872
247 49 64 128 0.0347725
248 49 64 128 0.0131324
249 49 64 128 0.0205736
250 49 64 128 0.0189347
251 49 64 128 0.0252855
252 49 64 128 0.0384034
253 49 64 128 0.215354
254 49 64 128 0.406711
255 49 64 128 0.754805
225 50 64 128 0.0270985
226 50 64 128 0.0549321
227 50 64 128 0.0507138
228 50 64 128 0.0575841
229 50 64 128 0.0441868
230 50 64 128 0.0245434
237 50 64 128 0.0109248
238 50 64 128 0.0133591
239 50 64 128 0.0143408
240 50 64 128 0.0206263
241 50 64 128 0.026968
242 50 64 128 0.0589674
243 50 64 128 0.0902396
244 50 64 128 0.108853
245 50 64 128 0.133371
246 50 64 128 0.128057
247 50 64 128 0.0907747
248 50 64 128 0.0292745
249 50 64 128 0.0258165
250 50 64 128 0.0285525
251 50 64 128 0.0312283
252 50 64 128 0.0477639
253 50 64 128 0.194583
254 50 64 128 0.651297
255 50 64 128 0.88048
225 51 64 128 0.0106717
226 51 64 128 0.0170357
227 51 64 128 0.0138075
228 51 64 128 0.0108439
229 51 64 128 0.0109334
239 51 64 128 0.0170593
240 51 64 128 0.0237025
241 51 64 128 0.060203
242 51 64 128 0.128705
243 51 64 128 0.174414
244 51 64 128 0.280849
245 51 64 128 0.380723
246 51 64 128 0.293913
247 51 64 128 0.249913
248 51 64 128 0.0940934
249 51 64 128 0.0495411
250 51 64 128 0.0401524
251 51 64 128 0.0463938
252 51 64 128 0.0546835
253 51 64 128 0.275053
254 51 64 128 0.727488
255 51 64 128 0.869516
239 52 64 128 0.0146368
240 52 64 128 0.0285196
241 52 64 128 0.0606459
242 52 64 128 0.129786
243 52 64 128 0.212358
244 52 64 128 0.326948
245 52 64 128 0.415292
246 52 64 128 0.40711
247 52 64 128 0.355171
248 52 64 128 0.19228
249 52 64 128 0.122913
250 52 64 128 0.0856337
251 52 64 128 0.0785821
252 52 64 128 0.0762237
253 52 64 128 0.245163
254 52 64 128 0.718509
255 52 64 128 0.858573
239 53 64 128 0.0139655
240 53 64 128 0.0298335
241 53 64 128 0.0488892
242 53 64 128 0.0964585
243 53 64 128 0.196052
244 53 64 128 0.255185
245 53 64 128 0.352809
246 53 64 128 0.308969
247 53 64 128 0.307639
248 53 64 128 0.164446
249 53 64 128 0.129248
250 53 64 128 0.0604048
251 53 64 128 0.0835583
252 53 64 128 0.0631812
253 53 64 128 0.191266
254 53 64 128 0.472412
255 53 64 128 0.766473
240 54 64 128 0.0121212
241 54 64 128 0.0237939
242 54 64 128 0.0438879
243 54 64 128 0.0843694
244 54 64 128 0.114608
245 54 64 128 0.142342
246 54 64 128 0.130363
247 54 64 128 0.158275
248 54 64 128 0.0857528
249 54 64 128 0.0608758
250 54 64 128 0.0339458
251 54 64 128 0.0342297
252 54 64 128 0.0605984
253 54 64 128 0.167766
254 54 64 128 0.369887
255 54 64 128 0.693386
241 55 64 128 0.0167346
242 55 64 128 0.0232889
243 55 64 128 0.0578291
244 55 64 128 0.0835515
245 55 64 128 0.12023
246 55 64 128 0.160186
247 55 64 128 0.186786
248 55 64 128 0.10172
249 55 64 128 0.0864176
250 55 64 128 0.0437317
251 55 64 128 0.050595
252 55 64 128 0.0757977
253 55 64 128 0.220698
254 55 64 128 0.402198
255 55 64 128 0.646057
243 56 64 128 0.0271266
244 56 64 128 0.03802
245 56 64 128 0.0697742
246 56 64 128 0.098455
247 56 64 128 0.150435
248 56 64 128 0.116763
249 56 64 128 0.125273
250 56 64 128 0.10383
251 56 64 128 0.0921449
252 56 64 128 0.1259
253 56 64 128 0.245603
254 56 64 128 0.526389
255 56 64 128 0.735852
244 57 64 128 0.0146841
245 57 64 128 0.0351815
246 57 64 128 0.041207
247 57 64 128 0.116676
248 57 64 128 0.163087
249 57 64 128 0.241582
250 57 64 128 0.113064
251 57 64 128 0.140936
252 57 64 128 0.141001
253 57 64 128 0.363025
254 57 64 128 0.489769
255 57 64 128 0.716801
8 58 64 128 0.0132354
246 58 64 128 0.0126162
247 58 64 128 0.0384772
248 58 64 128 0.058826
249 58 64 128 0.0740346
250 58 64 128 0.0534057
251 58 64 128 0.0599579
252 58 64 128 0.0858172
253 58 64 128 0.246402
254 58 64 128 0.378734
255 58 64 128 0.608392
8 59 64 128 0.010612
10 59 64 128 0.0112086
246 59 64 128 0.0146042
247 59 64 128 0.0395451
248 59 64 128 0.0433388
249 59 64 128 0.0641138
250 59 64 128 0.0521896
251 59 64 128 0.0657454
252 59 64 128 0.0589177
253 59 64 128 0.146237
254 59 64 128 0.232346
255 59 64 128 0.452852
10 60 64 128 0.012627
247 60 64 128 0.0211779
248 60 64 128 0.0326094
249 60 64 128 0.0432511
250 60 64 128 0.0349765
251 60 64 128 0.0372822
252 60 64 128 0.0512296
253 60 64 128 0.130109
254 60 64 128 0.209914
255 60 64 128 0.362226
10 61 64 128 0.0118143
247 61 64 128 0.0125786
248 61 64 128 0.0221136
249 61 64 128 0.0490075
250 61 64 128 0.0211758
251 61 64 128 0.036728
252 61 64 128 0.0355967
253 61 64 128 0.104994
254 61 64 128 0.122037
255 61 64 128 0.254711
8 62 64 128 0.013473
9 62 64 128 0.0111418
10 62 64 128 0.0131233
249 62 64 128 0.0112062
251 62 64 128 0.014934
252 62 64 128 0.0170318
253 62 64 128 0.0606542
254 62 64 128 0.10029
255 62 64 128 0.191278
252 63 64 128 0.0121097
253 63 64 128 0.048859
254 63 64 128 0.0585156
255 63 64 128 0.122826
252 64 64 128 0.0102681
253 64 64 128 0.0412696
254 64 64 128 0.0602874
255 64 64 128 0.15413
253 65 64 128 0.0182009
254 65 64 128 0.0230536
255 65 64 128 0.0947329
255 66 64 128 0.0180355
214 76 64 128 0.0110694
215 76 64 128 0.011605
211 77 64 128 0.0126835
212 77 64 128 0.0198729
213 77 64 128 0.0442523
214 77 64 128 0.0395246
215 77 64 128 0.0378811
216 77 64 128 0.0103136
210 78 64 128 0.0100573
211 78 64 128 0.0215268
212 78 64 128 0.0310026
213 78 64 128 0.0691464
214 78 64 128 0.121984
215 78 64 128 0.0730902
216 78 64 128 0.0283153
210 79 64 128 0.0156
211 79 64 128 0.0581335
212 79 64 128 0.04911
213 79 64 128 0.0964777
214 79 64 128 0.179019
215 79 64 128 0.188709
216 79 64 128 0.0449821
217 79 64 128 0.0111306
210 80 64 128 0.0161198
211 80 64 128 0.0579968
212 80 64 128 0.0712964
213 80 64 128 0.102791
214 80 64 128 0.167297
215 80 64 128 0.259225
216 80 64 128 0.0979537
210 81 64 128 0.0182279
211 81 64 128 0.0460301
212 81 64 128 0.0529938
213 81 64 128 0.104064
214 81 64 128 0.121673
215 81 64 128 0.245446
216 81 64 128 0.0695641
217 81 64 128 0.014541
209 82 64 128 0.0119493
210 82 64 128 0.0340234
211 82 64 128 0.0502206
212 82 64 128 0.0673951
213 82 64 128 0.0801369
214 82 64 128 0.127082
215 82 64 128 0.147641
216 82 64 128 0.0673834
217 82 64 128 0.0129407
209 83 64 128 0.0284937
210 83 64 128 0.0462437
211 83 64 128 0.0951341
212 83 64 128 0.0848074
213 83 64 128 0.146407
214 83 64 128 0.135043
215 83 64 128 0.194443
216 83 64 128 0.0592079
217 83 64 128 0.0207155
208 84 64 128 0.010158
209 84 64 128 0.033062
210 84 64 128 0.107905
211 84 64 128 0.174243
212 84 64 128 0.122868
213 84 64 128 0.128554
214 84 64 128 0.169597
215 84 64 128 0.219505
216 84 64 128 0.095544
217 84 64 128 0.0223125
208 85 64 128 0.0114541
209 85 64 128 0.0620322
210 85 64 128 0.175491
211 85 64 128 0.304139
212 85 64 128 0.217318
213 85 64 128 0.315238
214 85 64 128 0.245999
215 85 64 128 0.276518
216 85 64 128 0.0964008
217 85 64 128 0.0398641
218 85 64 128 0.0101537
208 86 64 128 0.0240346
209 86 64 128 0.0689194
210 86 64 128 0.235545
211 86 64 128 0.348335
212 86 64 128 0.270537
213 86 64 128 0.276386
214 86 64 128 0.316628
215 86 64 128 0.282827
216 86 64 128 0.128416
217 86 64 128 0.0507405
218 86 64 128 0.0181387
207 87 64 128 0.0128023
208 87 64 128 0.0334975
209 87 64 128 0.143591
210 87 64 128 0.288382
211 87 64 128 0.420634
212 87 64 128 0.247866
213 87 64 128 0.269742
214 87 64 128 0.228448
215 87 64 128 0.266251
216 87 64 128 0.0843503
217 87 64 128 0.0617434
218 87 64 128 0.0167906
208 88 64 128 0.021465
209 88 64 128 0.0965216
210 88 64 128 0.236963
211 88 64 128 0.281167
212 88 64 128 0.173368
213 88 64 128 0.142282
214 88 64 128 0.120181
215 88 64 128 0.167004
216 88 64 128 0.0943975
217 88 64 128 0.0496628
218 88 64 128 0.0153145
209 89 64 128 0.0364647
210 89 64 128 0.101021
211 89 64 128 0.114158
212 89 64 128 0.0657189
213 89 64 128 0.069443
214 89 64 128 0.0873896
215 89 64 128 0.112224
216 89 64 128 0.068362
217 89 64 128 0.0343443
218 89 64 128 0.0253915
255 89 64 128 0.0110854
209 90 64 128 0.0122407
210 90 64 128 0.0306525
211 90 64 128 0.0327653
212 90 64 128 0.0236654
213 90 64 128 0.0213416
214 90 64 128 0.0365099
215 90 64 128 0.0682649
216 90 64 128 0.0423188
217 90 64 128 0.0190308
218 90 64 128 0.0112508
211 91 64 128 0.0103948
214 91 64 128 0.0103646
215 91 64 128 0.0176288
216 91 64 128 0.0124416
