0 0 85 170 0.0128457
5 0 85 170 0.014306
6 0 85 170 0.0112021
0 1 85 170 0.0135984
5 1 85 170 0.0112322
0 2 85 170 0.0264982
1 2 85 170 0.0117824
5 2 85 170 0.0109523
0 3 85 170 0.0289901
1 3 85 170 0.0126315
5 3 85 170 0.0122304
0 4 85 170 0.0109222
5 4 85 170 0.0100557
7 66 85 170 0.0116479
8 66 85 170 0.0169006
7 67 85 170 0.0189538
8 67 85 170 0.0244416
9 67 85 170 0.0147396
7 68 85 170 0.0138661
8 68 85 170 0.0152225
9 68 85 170 0.0114427
12 0 64 128 0.045487
13 0 64 128 0.124181
14 0 64 128 0.325129
15 0 64 128 0.202055
16 0 64 128 0.254805
17 0 64 128 0.379216
18 0 64 128 0.854876
19 0 64 128 0.892773
20 0 64 128 0.849869
21 0 64 128 0.483264
22 0 64 128 0.194657
23 0 64 128 0.0483557
24 0 64 128 0.0301865
25 0 64 128 0.0183265
26 0 64 128 0.0131628
12 1 64 128 0.0662254
13 1 64 128 0.109061
14 1 64 128 0.269452
15 1 64 128 0.199073
16 1 64 128 0.234561
17 1 64 128 0.416827
18 1 64 128 0.812746
19 1 64 128 0.857346
20 1 64 128 0.750655
21 1 64 128 0.308584
22 1 64 128 0.0926151
23 1 64 128 0.0140113
11 2 64 128 0.0114571
12 2 64 128 0.0724155
13 2 64 128 0.107142
14 2 64 128 0.202034
15 2 64 128 0.127883
16 2 64 128 0.169625
17 2 64 128 0.348269
18 2 64 128 0.812735
19 2 64 128 0.85867
20 2 64 128 0.764164
21 2 64 128 0.231725
22 2 64 128 0.0757828
11 3 64 128 0.0201184
12 3 64 128 0.143693
13 3 64 128 0.124361
14 3 64 128 0.190748
15 3 64 128 0.116674
16 3 64 128 0.142198
17 3 64 128 0.314283
18 3 64 128 0.770697
19 3 64 128 0.794586
20 3 64 128 0.651152
21 3 64 128 0.123309
22 3 64 128 0.0351291
10 4 64 128 0.0123178
11 4 64 128 0.0456611
12 4 64 128 0.261482
13 4 64 128 0.28573
14 4 64 128 0.259583
15 4 64 128 0.135137
16 4 64 128 0.209221
17 4 64 128 0.37897
18 4 64 128 0.845309
19 4 64 128 0.846966
20 4 64 128 0.580868
21 4 64 128 0.151419
22 4 64 128 0.0387018
10 5 64 128 0.0230939
11 5 64 128 0.0764006
12 5 64 128 0.475787
13 5 64 128 0.422554
14 5 64 128 0.47964
15 5 64 128 0.190712
16 5 64 128 0.333326
17 5 64 128 0.566371
18 5 64 128 0.914008
19 5 64 128 0.884306
20 5 64 128 0.635316
21 5 64 128 0.194333
22 5 64 128 0.0500514
10 6 64 128 0.0217597
11 6 64 128 0.0741072
12 6 64 128 0.468424
13 6 64 128 0.388073
14 6 64 128 0.382041
15 6 64 128 0.2333
16 6 64 128 0.350409
17 6 64 128 0.595737
18 6 64 128 0.942293
19 6 64 128 0.921585
20 6 64 128 0.752659
21 6 64 128 0.252177
22 6 64 128 0.0819564
10 7 64 128 0.0121852
11 7 64 128 0.033087
12 7 64 128 0.287995
13 7 64 128 0.287008
14 7 64 128 0.220534
15 7 64 128 0.111174
16 7 64 128 0.243175
17 7 64 128 0.557808
18 7 64 128 0.919287
19 7 64 128 0.909883
20 7 64 128 0.76285
21 7 64 128 0.222225
22 7 64 128 0.0695181
11 8 64 128 0.0140667
12 8 64 128 0.0944978
13 8 64 128 0.103148
14 8 64 128 0.0635771
15 8 64 128 0.0365996
16 8 64 128 0.104398
17 8 64 128 0.331271
18 8 64 128 0.851223
19 8 64 128 0.884832
20 8 64 128 0.6671
21 8 64 128 0.19163
22 8 64 128 0.0499442
12 9 64 128 0.0348139
13 9 64 128 0.0323204
14 9 64 128 0.0241433
15 9 64 128 0.0174479
16 9 64 128 0.0494881
17 9 64 128 0.295588
18 9 64 128 0.799808
19 9 64 128 0.851734
20 9 64 128 0.652529
21 9 64 128 0.198936
22 9 64 128 0.0677712
12 10 64 128 0.010328
13 10 64 128 0.0137801
14 10 64 128 0.0142322
16 10 64 128 0.0322954
17 10 64 128 0.282386
18 10 64 128 0.810893
19 10 64 128 0.829857
20 10 64 128 0.737683
21 10 64 128 0.377649
22 10 64 128 0.149647
23 10 64 128 0.0235847
24 10 64 128 0.0127836
16 11 64 128 0.0235084
17 11 64 128 0.211933
18 11 64 128 0.724311
19 11 64 128 0.777904
20 11 64 128 0.794742
21 11 64 128 0.422587
22 11 64 128 0.222785
23 11 64 128 0.0321583
24 11 64 128 0.0253259
16 12 64 128 0.0263292
17 12 64 128 0.210275
18 12 64 128 0.692795
19 12 64 128 0.825373
20 12 64 128 0.785493
21 12 64 128 0.447251
22 12 64 128 0.190999
23 12 64 128 0.0337113
24 12 64 128 0.0233954
16 13 64 128 0.0199968
17 13 64 128 0.140494
18 13 64 128 0.607691
19 13 64 128 0.718634
20 13 64 128 0.671067
21 13 64 128 0.332037
22 13 64 128 0.144884
23 13 64 128 0.0256616
24 13 64 128 0.0147265
16 14 64 128 0.0139647
17 14 64 128 0.0802416
18 14 64 128 0.371288
19 14 64 128 0.503087
20 14 64 128 0.398579
21 14 64 128 0.149765
22 14 64 128 0.0632695
23 14 64 128 0.0138479
17 15 64 128 0.0134896
18 15 64 128 0.129757
19 15 64 128 0.238713
20 15 64 128 0.164012
21 15 64 128 0.0476385
22 15 64 128 0.0248043
18 16 64 128 0.0868245
19 16 64 128 0.185426
20 16 64 128 0.0851637
21 16 64 128 0.031968
22 16 64 128 0.0179965
18 17 64 128 0.0352639
19 17 64 128 0.0651309
20 17 64 128 0.0298227
21 17 64 128 0.0146597
171 17 64 128 0.0216062
172 17 64 128 0.0130424
173 17 64 128 0.0147685
18 18 64 128 0.0174949
19 18 64 128 0.0400381
20 18 64 128 0.0156777
21 18 64 128 0.015285
171 18 64 128 0.0182951
172 18 64 128 0.0123859
173 18 64 128 0.0120732
19 19 64 128 0.0109431
171 19 64 128 0.0193598
172 19 64 128 0.0175571
173 19 64 128 0.019039
174 19 64 128 0.0112577
175 19 64 128 0.0106354
19 20 64 128 0.0107187
255 20 64 128 0.0116201
171 21 64 128 0.0122207
172 21 64 128 0.0126801
19 26 64 128 0.0184343
21 26 64 128 0.0105733
23 26 64 128 0.0120934
19 27 64 128 0.0104518
23 27 64 128 0.0119356
24 27 64 128 0.0151611
19 28 64 128 0.0151914
21 28 64 128 0.0101194
23 28 64 128 0.0176633
24 28 64 128 0.0190111
19 30 64 128 0.0232628
20 30 64 128 0.0201769
21 30 64 128 0.0140332
23 30 64 128 0.0117986
24 30 64 128 0.0115
18 31 64 128 0.0117843
19 31 64 128 0.0428959
20 31 64 128 0.0292677
21 31 64 128 0.0143308
22 31 64 128 0.0100085
23 31 64 128 0.011885
24 31 64 128 0.011344
18 32 64 128 0.022973
19 32 64 128 0.0845286
20 32 64 128 0.0539847
21 32 64 128 0.0234544
22 32 64 128 0.0152234
23 32 64 128 0.0159995
24 32 64 128 0.0117344
18 33 64 128 0.0736852
19 33 64 128 0.1281
20 33 64 128 0.0990969
21 33 64 128 0.0371845
22 33 64 128 0.0167656
23 33 64 128 0.0115483
17 34 64 128 0.0313461
18 34 64 128 0.255531
19 34 64 128 0.36051
20 34 64 128 0.237656
21 34 64 128 0.0941399
22 34 64 128 0.0410167
23 34 64 128 0.0181375
17 35 64 128 0.0678227
18 35 64 128 0.347032
19 35 64 128 0.44422
20 35 64 128 0.406602
21 35 64 128 0.0987023
22 35 64 128 0.0406402
23 35 64 128 0.0138743
17 36 64 128 0.190068
18 36 64 128 0.596431
19 36 64 128 0.714519
20 36 64 128 0.64547
21 36 64 128 0.158459
22 36 64 128 0.0423069
23 36 64 128 0.0127613
17 37 64 128 0.223936
18 37 64 128 0.697209
19 37 64 128 0.746626
20 37 64 128 0.600473
21 37 64 128 0.120551
22 37 64 128 0.0336914
16 38 64 128 0.036044
17 38 64 128 0.618126
18 38 64 128 0.924616
19 38 64 128 0.946028
20 38 64 128 0.822603
21 38 64 128 0.377025
22 38 64 128 0.0922988
23 38 64 128 0.0219218
16 39 64 128 0.105167
17 39 64 128 0.849202
18 39 64 128 0.97612
19 39 64 128 0.984331
20 39 64 128 0.95579
21 39 64 128 0.518518
22 39 64 128 0.291699
23 39 64 128 0.0501248
16 40 64 128 0.325237
17 40 64 128 0.967653
18 40 64 128 0.995236
19 40 64 128 0.996296
20 40 64 128 0.989457
21 40 64 128 0.850841
22 40 64 128 0.51229
23 40 64 128 0.136428
24 40 64 128 0.0236255
15 41 64 128 0.0137288
16 41 64 128 0.414492
17 41 64 128 0.977766
18 41 64 128 0.998023
19 41 64 128 0.997814
20 41 64 128 0.993452
21 41 64 128 0.912985
22 41 64 128 0.727783
23 41 64 128 0.226004
24 41 64 128 0.0344979
15 42 64 128 0.0588876
16 42 64 128 0.755774
17 42 64 128 0.992468
18 42 64 128 0.999469
19 42 64 128 0.999487
20 42 64 128 0.998194
21 42 64 128 0.977546
22 42 64 128 0.868608
23 42 64 128 0.443006
24 42 64 128 0.0687165
14 43 64 128 0.0126422
15 43 64 128 0.0695735
16 43 64 128 0.872144
17 43 64 128 0.995543
18 43 64 128 0.999704
19 43 64 128 0.999619
20 43 64 128 0.999091
21 43 64 128 0.985982
22 43 64 128 0.891243
23 43 64 128 0.461854
24 43 64 128 0.0877546
13 44 64 128 0.0137732
14 44 64 128 0.0304247
15 44 64 128 0.197503
16 44 64 128 0.950171
17 44 64 128 0.998837
18 44 64 128 0.999909
19 44 64 128 0.999831
20 44 64 128 0.999303
21 44 64 128 0.986891
22 44 64 128 0.858713
23 44 64 128 0.561035
24 44 64 128 0.0841403
13 45 64 128 0.0146766
14 45 64 128 0.0382348
15 45 64 128 0.248152
16 45 64 128 0.953789
17 45 64 128 0.998826
18 45 64 128 0.999914
19 45 64 128 0.999778
20 45 64 128 0.998757
21 45 64 128 0.966924
22 45 64 128 0.771167
23 45 64 128 0.413834
24 45 64 128 0.0517616
13 46 64 128 0.0298396
14 46 64 128 0.0977668
15 46 64 128 0.467079
16 46 64 128 0.972574
17 46 64 128 0.999108
18 46 64 128 0.999933
19 46 64 128 0.999807
20 46 64 128 0.998995
21 46 64 128 0.970489
22 46 64 128 0.66766
23 46 64 128 0.275104
24 46 64 128 0.0253874
14 47 64 128 0.0312729
15 47 64 128 0.232621
16 47 64 128 0.918931
17 47 64 128 0.996543
18 47 64 128 0.99977
19 47 64 128 0.999309
20 47 64 128 0.996823
21 47 64 128 0.86489
22 47 64 128 0.305933
23 47 64 128 0.0537507
13 48 64 128 0.0106204
14 48 64 128 0.0361712
15 48 64 128 0.268288
16 48 64 128 0.942134
17 48 64 128 0.995713
18 48 64 128 0.99971
19 48 64 128 0.998841
20 48 64 128 0.99223
21 48 64 128 0.817298
22 48 64 128 0.143431
23 48 64 128 0.0179606
14 49 64 128 0.0239829
15 49 64 128 0.197947
16 49 64 128 0.901877
17 49 64 128 0.993342
18 49 64 128 0.999434
19 49 64 128 0.99591
20 49 64 128 0.9796
21 49 64 128 0.50528
22 49 64 128 0.0623964
23 49 64 128 0.0100664
13 50 64 128 0.0183539
14 50 64 128 0.0853427
15 50 64 128 0.358678
16 50 64 128 0.947593
17 50 64 128 0.995807
18 50 64 128 0.999322
19 50 64 128 0.994327
20 50 64 128 0.968311
21 50 64 128 0.40453
22 50 64 128 0.0297118
14 51 64 128 0.0269096
15 51 64 128 0.218958
16 51 64 128 0.913693
17 51 64 128 0.987526
18 51 64 128 0.998424
19 51 64 128 0.988045
20 51 64 128 0.939154
21 51 64 128 0.199252
14 52 64 128 0.0314609
15 52 64 128 0.249113
16 52 64 128 0.944091
17 52 64 128 0.988686
18 52 64 128 0.998494
19 52 64 128 0.986099
20 52 64 128 0.932428
21 52 64 128 0.131453
14 53 64 128 0.0103861
15 53 64 128 0.0981671
16 53 64 128 0.857077
17 53 64 128 0.973806
18 53 64 128 0.997475
19 53 64 128 0.960552
20 53 64 128 0.782508
21 53 64 128 0.0559913
14 54 64 128 0.0312827
15 54 64 128 0.232414
16 54 64 128 0.925248
17 54 64 128 0.985536
18 54 64 128 0.997586
19 54 64 128 0.948702
20 54 64 128 0.67597
21 54 64 128 0.0223912
15 55 64 128 0.0557601
16 55 64 128 0.700923
17 55 64 128 0.904869
18 55 64 128 0.982299
19 55 64 128 0.797871
20 55 64 128 0.328942
15 56 64 128 0.0230792
16 56 64 128 0.38563
17 56 64 128 0.786032
18 56 64 128 0.953515
19 56 64 128 0.633985
20 56 64 128 0.205703
16 57 64 128 0.0964617
17 57 64 128 0.510354
18 57 64 128 0.875648
19 57 64 128 0.354071
20 57 64 128 0.0775974
16 58 64 128 0.08802
17 58 64 128 0.404539
18 58 64 128 0.767605
19 58 64 128 0.156955
20 58 64 128 0.0396177
16 59 64 128 0.0857079
17 59 64 128 0.264222
18 59 64 128 0.619464
19 59 64 128 0.125561
20 59 64 128 0.0215595
15 60 64 128 0.0142741
16 60 64 128 0.126973
17 60 64 128 0.338469
18 60 64 128 0.606944
19 60 64 128 0.113797
20 60 64 128 0.0189844
6 61 64 128 0.0123028
8 61 64 128 0.0166885
14 61 64 128 0.0171579
15 61 64 128 0.0952001
16 61 64 128 0.516702
17 61 64 128 0.756684
18 61 64 128 0.840249
19 61 64 128 0.217134
20 61 64 128 0.0267265
2 62 64 128 0.0249181
4 62 64 128 0.0171966
5 62 64 128 0.0177807
6 62 64 128 0.124905
7 62 64 128 0.0775749
8 62 64 128 0.186728
9 62 64 128 0.0566099
10 62 64 128 0.0529811
11 62 64 128 0.0133327
13 62 64 128 0.0271685
14 62 64 128 0.107656
15 62 64 128 0.332876
16 62 64 128 0.803153
17 62 64 128 0.911863
18 62 64 128 0.916849
19 62 64 128 0.258352
20 62 64 128 0.0287129
2 63 64 128 0.084655
3 63 64 128 0.0317996
4 63 64 128 0.0670967
5 63 64 128 0.0289386
6 63 64 128 0.234779
7 63 64 128 0.151388
8 63 64 128 0.359003
9 63 64 128 0.0833348
10 63 64 128 0.100203
11 63 64 128 0.0269984
12 63 64 128 0.0216451
13 63 64 128 0.0652485
14 63 64 128 0.299333
15 63 64 128 0.744018
16 63 64 128 0.935744
17 63 64 128 0.973142
18 63 64 128 0.962489
19 63 64 128 0.47067
20 63 64 128 0.0419741
2 64 64 128 0.033073
4 64 64 128 0.0114101
6 64 64 128 0.0486386
7 64 64 128 0.0344754
8 64 64 128 0.0846578
9 64 64 128 0.0192911
10 64 64 128 0.0198943
13 64 64 128 0.0239531
14 64 64 128 0.16451
15 64 64 128 0.599702
16 64 64 128 0.884928
17 64 64 128 0.960946
18 64 64 128 0.930126
19 64 64 128 0.339961
20 64 64 128 0.0236962
2 65 64 128 0.0189111
6 65 64 128 0.0275446
7 65 64 128 0.0351636
8 65 64 128 0.0747767
9 65 64 128 0.0234059
10 65 64 128 0.0280826
11 65 64 128 0.0115917
13 65 64 128 0.0575978
14 65 64 128 0.341926
15 65 64 128 0.849936
16 65 64 128 0.969449
17 65 64 128 0.989158
18 65 64 128 0.976827
19 65 64 128 0.582679
20 65 64 128 0.082362
2 66 64 128 0.0263331
6 66 64 128 0.0328861
7 66 64 128 0.0276204
8 66 64 128 0.0734297
9 66 64 128 0.019769
10 66 64 128 0.0257475
11 66 64 128 0.0146645
12 66 64 128 0.0166123
13 66 64 128 0.0721462
14 66 64 128 0.503732
15 66 64 128 0.933406
16 66 64 128 0.985708
17 66 64 128 0.993078
18 66 64 128 0.977703
19 66 64 128 0.603257
20 66 64 128 0.083195
1 67 64 128 0.0114247
2 67 64 128 0.0479353
4 67 64 128 0.0122591
6 67 64 128 0.0403911
7 67 64 128 0.0289726
8 67 64 128 0.0787543
9 67 64 128 0.016954
10 67 64 128 0.0283781
11 67 64 128 0.0149647
12 67 64 128 0.0140689
13 67 64 128 0.0697094
14 67 64 128 0.594079
15 67 64 128 0.93371
16 67 64 128 0.9867
17 67 64 128 0.993511
18 67 64 128 0.974177
19 67 64 128 0.664127
20 67 64 128 0.0606566
13 68 64 128 0.0156864
14 68 64 128 0.264675
15 68 64 128 0.77353
16 68 64 128 0.955971
17 68 64 128 0.963603
18 68 64 128 0.852282
19 68 64 128 0.213215
14 69 64 128 0.117672
15 69 64 128 0.479342
16 69 64 128 0.86715
17 69 64 128 0.817362
18 69 64 128 0.507748
19 69 64 128 0.0550739
14 70 64 128 0.0256369
15 70 64 128 0.139875
16 70 64 128 0.526194
17 70 64 128 0.435681
18 70 64 128 0.124112
15 71 64 128 0.0120766
16 71 64 128 0.0754987
17 71 64 128 0.0568854
16 72 64 128 0.0151315
17 72 64 128 0.0112913
16 94 64 128 0.0156581
17 94 64 128 0.0149603
18 94 64 128 0.0320471
16 95 64 128 0.0680905
17 95 64 128 0.105911
18 95 64 128 0.157816
15 96 64 128 0.0186476
16 96 64 128 0.0844412
17 96 64 128 0.126133
18 96 64 128 0.126592
14 97 64 128 0.0167573
15 97 64 128 0.086365
16 97 64 128 0.25553
17 97 64 128 0.353964
18 97 64 128 0.252726
19 97 64 128 0.0153494
14 98 64 128 0.0440854
15 98 64 128 0.159836
16 98 64 128 0.251027
17 98 64 128 0.288252
18 98 64 128 0.214893
19 98 64 128 0.0104
13 99 64 128 0.0376967
14 99 64 128 0.260168
15 99 64 128 0.600485
16 99 64 128 0.682471
17 99 64 128 0.716867
18 99 64 128 0.47898
19 99 64 128 0.0471795
255 99 64 128 0.0126279
0 100 64 128 0.031291
1 100 64 128 0.0183685
13 100 64 128 0.096335
14 100 64 128 0.3771
15 100 64 128 0.74187
16 100 64 128 0.68324
17 100 64 128 0.692548
18 100 64 128 0.363036
19 100 64 128 0.0331305
226 100 64 128 0.0253114
227 100 64 128 0.0413781
228 100 64 128 0.0885289
229 100 64 128 0.0443503
230 100 64 128 0.043755
254 100 64 128 0.0420602
255 100 64 128 0.120025
0 101 64 128 0.131598
1 101 64 128 0.0825495
2 101 64 128 0.0222686
13 101 64 128 0.236061
14 101 64 128 0.593738
15 101 64 128 0.878169
16 101 64 128 0.812576
17 101 64 128 0.878061
18 101 64 128 0.440608
19 101 64 128 0.0443977
106 101 64 128 0.0205519
107 101 64 128 0.0605244
108 101 64 128 0.0275569
109 101 64 128 0.0449606
226 101 64 128 0.0405653
227 101 64 128 0.0988299
228 101 64 128 0.123936
229 101 64 128 0.0286669
230 101 64 128 0.0296695
254 101 64 128 0.0516177
255 101 64 128 0.168919
0 102 64 128 0.0627531
1 102 64 128 0.0350032
2 102 64 128 0.0100456
13 102 64 128 0.0861685
14 102 64 128 0.338484
15 102 64 128 0.689748
16 102 64 128 0.545876
17 102 64 128 0.66303
18 102 64 128 0.174091
19 102 64 128 0.017142
75 102 64 128 0.0260132
76 102 64 128 0.034728
77 102 64 128 0.0116953
78 102 64 128 0.0368654
79 102 64 128 0.0265249
80 102 64 128 0.030114
104 102 64 128 0.0201638
105 102 64 128 0.144542
106 102 64 128 0.450658
107 102 64 128 0.643064
108 102 64 128 0.500671
109 102 64 128 0.548621
110 102 64 128 0.12161
111 102 64 128 0.132209
143 102 64 128 0.0208499
205 102 64 128 0.0127856
225 102 64 128 0.015671
226 102 64 128 0.393602
227 102 64 128 0.71506
228 102 64 128 0.749612
229 102 64 128 0.181586
230 102 64 128 0.168691
231 102 64 128 0.0138191
254 102 64 128 0.0263777
255 102 64 128 0.068251
0 103 64 128 0.0367643
1 103 64 128 0.0185388
13 103 64 128 0.0367281
14 103 64 128 0.166101
15 103 64 128 0.472452
16 103 64 128 0.306107
17 103 64 128 0.441098
18 103 64 128 0.0697642
19 103 64 128 0.0106281
105 103 64 128 0.0436594
106 103 64 128 0.205165
107 103 64 128 0.309817
108 103 64 128 0.322268
109 103 64 128 0.473006
110 103 64 128 0.140509
111 103 64 128 0.126698
143 103 64 128 0.0159993
226 103 64 128 0.02522
227 103 64 128 0.140426
228 103 64 128 0.147221
229 103 64 128 0.0246316
230 103 64 128 0.012384
255 103 64 128 0.0100454
0 104 64 128 0.0128995
13 104 64 128 0.0116646
14 104 64 128 0.0407522
15 104 64 128 0.152529
16 104 64 128 0.068486
17 104 64 128 0.168048
18 104 64 128 0.0252015
105 104 64 128 0.0244057
106 104 64 128 0.0532456
107 104 64 128 0.177493
108 104 64 128 0.157078
109 104 64 128 0.271288
110 104 64 128 0.0365954
111 104 64 128 0.0300371
226 104 64 128 0.058821
227 104 64 128 0.198727
228 104 64 128 0.340254
229 104 64 128 0.0393467
230 104 64 128 0.0314874
14 105 64 128 0.0116955
15 105 64 128 0.0449645
16 105 64 128 0.0225738
17 105 64 128 0.0789758
107 105 64 128 0.0349573
108 105 64 128 0.0394685
109 105 64 128 0.107512
110 105 64 128 0.0151871
111 105 64 128 0.0119153
227 105 64 128 0.01017
228 105 64 128 0.0211928
106 106 64 128 0.0221282
107 106 64 128 0.0577748
108 106 64 128 0.0783029
109 106 64 128 0.114824
110 106 64 128 0.0220868
