56 0 64 128 0.0113412
57 0 64 128 0.0103731
63 0 64 128 0.0123846
64 0 64 128 0.0193045
65 0 64 128 0.0255624
66 0 64 128 0.0337827
67 0 64 128 0.0259877
68 0 64 128 0.0572358
69 0 64 128 0.124264
70 0 64 128 0.14875
71 0 64 128 0.118624
72 0 64 128 0.164693
73 0 64 128 0.159718
74 0 64 128 0.160902
75 0 64 128 0.0474604
76 0 64 128 0.0339216
77 0 64 128 0.0199348
190 0 64 128 0.0131129
191 0 64 128 0.0341708
192 0 64 128 0.0224212
193 0 64 128 0.011738
52 1 64 128 0.0103293
54 1 64 128 0.0126178
56 1 64 128 0.0102125
57 1 64 128 0.0112373
58 1 64 128 0.013016
62 1 64 128 0.0132624
64 1 64 128 0.0216113
65 1 64 128 0.0387238
66 1 64 128 0.0667707
67 1 64 128 0.0337532
68 1 64 128 0.0577699
69 1 64 128 0.0786825
70 1 64 128 0.112976
71 1 64 128 0.0625269
72 1 64 128 0.0751171
73 1 64 128 0.0612706
74 1 64 128 0.0747213
75 1 64 128 0.0256044
182 1 64 128 0.016221
191 1 64 128 0.0145463
192 1 64 128 0.0118867
52 2 64 128 0.0167989
54 2 64 128 0.014789
56 2 64 128 0.0115762
62 2 64 128 0.0136478
63 2 64 128 0.0151022
64 2 64 128 0.0194569
65 2 64 128 0.0531747
66 2 64 128 0.0590072
67 2 64 128 0.0435948
68 2 64 128 0.0909593
69 2 64 128 0.102056
70 2 64 128 0.104416
71 2 64 128 0.0583582
72 2 64 128 0.0916872
73 2 64 128 0.0535279
74 2 64 128 0.081752
75 2 64 128 0.0473003
76 2 64 128 0.0121543
182 2 64 128 0.0271516
49 3 64 128 0.0106167
50 3 64 128 0.0138119
51 3 64 128 0.0195135
52 3 64 128 0.0275219
53 3 64 128 0.0181577
54 3 64 128 0.0151458
55 3 64 128 0.0123842
56 3 64 128 0.0130979
62 3 64 128 0.015638
63 3 64 128 0.0145686
64 3 64 128 0.020613
65 3 64 128 0.0477309
66 3 64 128 0.10161
67 3 64 128 0.0553893
68 3 64 128 0.0725522
69 3 64 128 0.0590167
70 3 64 128 0.0504509
71 3 64 128 0.0223899
72 3 64 128 0.019684
73 3 64 128 0.0220437
74 3 64 128 0.0232809
182 3 64 128 0.0188689
183 3 64 128 0.0113731
199 3 64 128 0.0129773
47 4 64 128 0.0182591
48 4 64 128 0.0273145
49 4 64 128 0.0181407
50 4 64 128 0.0198252
51 4 64 128 0.0140104
52 4 64 128 0.0104861
64 4 64 128 0.0159655
65 4 64 128 0.0517677
66 4 64 128 0.0858069
67 4 64 128 0.0915006
68 4 64 128 0.098734
69 4 64 128 0.0898671
70 4 64 128 0.0517906
71 4 64 128 0.0232997
72 4 64 128 0.0201669
73 4 64 128 0.0175423
74 4 64 128 0.020531
127 4 64 128 0.0107487
167 4 64 128 0.0135367
168 4 64 128 0.0123679
169 4 64 128 0.0206977
182 4 64 128 0.0130421
198 4 64 128 0.0144095
199 4 64 128 0.0238568
200 4 64 128 0.024891
48 5 64 128 0.0127097
65 5 64 128 0.0235214
66 5 64 128 0.0690174
67 5 64 128 0.0628371
68 5 64 128 0.0483531
69 5 64 128 0.0262245
70 5 64 128 0.016372
126 5 64 128 0.0147732
127 5 64 128 0.0197207
163 5 64 128 0.0148083
164 5 64 128 0.0110206
165 5 64 128 0.0403839
166 5 64 128 0.0202878
167 5 64 128 0.0438554
168 5 64 128 0.0406558
169 5 64 128 0.0593601
170 5 64 128 0.0190175
182 5 64 128 0.0138436
198 5 64 128 0.0149863
199 5 64 128 0.0270678
200 5 64 128 0.0412768
201 5 64 128 0.0147706
202 5 64 128 0.0102692
204 5 64 128 0.0101087
65 6 64 128 0.0160247
66 6 64 128 0.0328286
67 6 64 128 0.0375753
68 6 64 128 0.0386366
69 6 64 128 0.0326407
70 6 64 128 0.0210941
126 6 64 128 0.0137396
127 6 64 128 0.0166731
128 6 64 128 0.0114985
163 6 64 128 0.0166752
164 6 64 128 0.0231388
165 6 64 128 0.0599547
166 6 64 128 0.0489008
167 6 64 128 0.0889158
168 6 64 128 0.0907493
169 6 64 128 0.0671029
170 6 64 128 0.029037
199 6 64 128 0.0131046
200 6 64 128 0.0292585
201 6 64 128 0.0120783
202 6 64 128 0.0116431
203 6 64 128 0.0137967
204 6 64 128 0.0170118
205 6 64 128 0.0115631
206 6 64 128 0.0271423
207 6 64 128 0.0128586
208 6 64 128 0.015493
65 7 64 128 0.0130535
66 7 64 128 0.0509155
67 7 64 128 0.0560075
68 7 64 128 0.0573721
69 7 64 128 0.0391991
70 7 64 128 0.0180616
125 7 64 128 0.0114466
126 7 64 128 0.020047
127 7 64 128 0.0199824
128 7 64 128 0.0121317
163 7 64 128 0.0340115
164 7 64 128 0.0312381
165 7 64 128 0.0990654
166 7 64 128 0.0854549
167 7 64 128 0.1744
168 7 64 128 0.12651
169 7 64 128 0.0951491
170 7 64 128 0.040776
171 7 64 128 0.0237517
182 7 64 128 0.0121218
199 7 64 128 0.0230559
200 7 64 128 0.0286471
201 7 64 128 0.0192985
202 7 64 128 0.0178395
203 7 64 128 0.0232428
204 7 64 128 0.0341717
205 7 64 128 0.0236239
206 7 64 128 0.0619864
207 7 64 128 0.0213581
208 7 64 128 0.0191593
65 8 64 128 0.0162341
66 8 64 128 0.0569341
67 8 64 128 0.0877751
68 8 64 128 0.0803579
69 8 64 128 0.0412149
70 8 64 128 0.0245909
71 8 64 128 0.0117667
125 8 64 128 0.0112322
126 8 64 128 0.0162523
127 8 64 128 0.0172011
163 8 64 128 0.0311754
164 8 64 128 0.0295692
165 8 64 128 0.0923846
166 8 64 128 0.0640794
167 8 64 128 0.178812
168 8 64 128 0.105453
169 8 64 128 0.0994549
170 8 64 128 0.0595083
171 8 64 128 0.0422845
172 8 64 128 0.0136304
182 8 64 128 0.0140346
199 8 64 128 0.0302446
200 8 64 128 0.0453519
201 8 64 128 0.0322352
202 8 64 128 0.0408403
203 8 64 128 0.0667377
204 8 64 128 0.125282
205 8 64 128 0.0776737
206 8 64 128 0.104589
207 8 64 128 0.0534304
208 8 64 128 0.0237508
66 9 64 128 0.0306846
67 9 64 128 0.0512204
68 9 64 128 0.0290308
123 9 64 128 0.0110136
124 9 64 128 0.0200751
125 9 64 128 0.0162298
126 9 64 128 0.0319596
127 9 64 128 0.0333838
128 9 64 128 0.0129761
162 9 64 128 0.0184342
163 9 64 128 0.0789369
164 9 64 128 0.0704005
165 9 64 128 0.19894
166 9 64 128 0.192002
167 9 64 128 0.339482
168 9 64 128 0.188356
169 9 64 128 0.222699
170 9 64 128 0.105795
171 9 64 128 0.0533993
172 9 64 128 0.0206028
182 9 64 128 0.0236367
183 9 64 128 0.0141771
198 9 64 128 0.0246227
199 9 64 128 0.0565163
200 9 64 128 0.0976308
201 9 64 128 0.071915
202 9 64 128 0.0627081
203 9 64 128 0.0777345
204 9 64 128 0.1319
205 9 64 128 0.0639586
206 9 64 128 0.0892221
207 9 64 128 0.0320936
208 9 64 128 0.0206635
40 10 64 128 0.0114659
41 10 64 128 0.0157853
42 10 64 128 0.0170195
43 10 64 128 0.0179257
44 10 64 128 0.0170702
67 10 64 128 0.0155483
68 10 64 128 0.0141267
125 10 64 128 0.0160929
126 10 64 128 0.0178718
127 10 64 128 0.0141444
162 10 64 128 0.0156951
163 10 64 128 0.0586427
164 10 64 128 0.0813852
165 10 64 128 0.161944
166 10 64 128 0.23998
167 10 64 128 0.378848
168 10 64 128 0.218356
169 10 64 128 0.142195
170 10 64 128 0.143105
171 10 64 128 0.0523656
172 10 64 128 0.0193164
182 10 64 128 0.0133199
183 10 64 128 0.0111305
198 10 64 128 0.0274086
199 10 64 128 0.0736931
200 10 64 128 0.101711
201 10 64 128 0.0731118
202 10 64 128 0.044473
203 10 64 128 0.0503206
204 10 64 128 0.110026
205 10 64 128 0.057025
206 10 64 128 0.0625874
207 10 64 128 0.0218538
208 10 64 128 0.0159701
124 11 64 128 0.0111972
125 11 64 128 0.0158881
126 11 64 128 0.0230466
127 11 64 128 0.0200347
128 11 64 128 0.0154101
162 11 64 128 0.0191774
163 11 64 128 0.0777176
164 11 64 128 0.203473
165 11 64 128 0.227815
166 11 64 128 0.312595
167 11 64 128 0.413831
168 11 64 128 0.26187
169 11 64 128 0.183407
170 11 64 128 0.0964309
171 11 64 128 0.0578444
172 11 64 128 0.0141372
182 11 64 128 0.0208112
183 11 64 128 0.0226911
197 11 64 128 0.0109365
198 11 64 128 0.0394367
199 11 64 128 0.0768758
200 11 64 128 0.122878
201 11 64 128 0.0612418
202 11 64 128 0.0197886
203 11 64 128 0.0227591
204 11 64 128 0.041354
205 11 64 128 0.0217072
206 11 64 128 0.0221804
127 12 64 128 0.0136605
162 12 64 128 0.0187439
163 12 64 128 0.103419
164 12 64 128 0.199765
165 12 64 128 0.253314
166 12 64 128 0.343466
167 12 64 128 0.397592
168 12 64 128 0.23619
169 12 64 128 0.153185
170 12 64 128 0.0770217
171 12 64 128 0.0435542
182 12 64 128 0.014596
183 12 64 128 0.0148909
197 12 64 128 0.0170133
198 12 64 128 0.0360671
199 12 64 128 0.0805199
200 12 64 128 0.0729594
201 12 64 128 0.036591
202 12 64 128 0.0206173
203 12 64 128 0.0167143
204 12 64 128 0.0238984
205 12 64 128 0.0126313
126 13 64 128 0.0169482
127 13 64 128 0.0221177
128 13 64 128 0.0241175
162 13 64 128 0.0224126
163 13 64 128 0.132692
164 13 64 128 0.287444
165 13 64 128 0.298999
166 13 64 128 0.338295
167 13 64 128 0.327786
168 13 64 128 0.124896
169 13 64 128 0.0891569
170 13 64 128 0.0432739
171 13 64 128 0.0233588
182 13 64 128 0.0165952
183 13 64 128 0.0204852
184 13 64 128 0.0122009
197 13 64 128 0.0252574
198 13 64 128 0.0504011
199 13 64 128 0.071828
200 13 64 128 0.082339
201 13 64 128 0.0242315
202 13 64 128 0.0162447
204 13 64 128 0.0131846
128 14 64 128 0.0109305
163 14 64 128 0.0282378
164 14 64 128 0.0608878
165 14 64 128 0.0597631
166 14 64 128 0.145222
167 14 64 128 0.12618
168 14 64 128 0.033793
169 14 64 128 0.0141157
170 14 64 128 0.0118335
196 14 64 128 0.0116208
197 14 64 128 0.0320359
198 14 64 128 0.0333214
199 14 64 128 0.0759063
200 14 64 128 0.0651676
201 14 64 128 0.0184448
233 14 64 128 0.010594
234 14 64 128 0.0153761
235 14 64 128 0.0200645
236 14 64 128 0.0177489
128 15 64 128 0.0119959
164 15 64 128 0.0173878
165 15 64 128 0.0142942
166 15 64 128 0.0245201
167 15 64 128 0.0328299
168 15 64 128 0.0113008
195 15 64 128 0.0167465
196 15 64 128 0.0199571
197 15 64 128 0.0394842
198 15 64 128 0.0734722
199 15 64 128 0.116379
200 15 64 128 0.0690673
201 15 64 128 0.0132097
195 16 64 128 0.0145602
196 16 64 128 0.0108289
197 16 64 128 0.029311
198 16 64 128 0.0722613
199 16 64 128 0.154058
200 16 64 128 0.0449182
201 16 64 128 0.0147152
203 16 64 128 0.0100817
204 16 64 128 0.0112432
232 16 64 128 0.0135771
233 16 64 128 0.0176005
234 16 64 128 0.0171265
235 16 64 128 0.0140155
236 16 64 128 0.012591
195 17 64 128 0.0126565
196 17 64 128 0.0207236
197 17 64 128 0.0268442
198 17 64 128 0.0706101
199 17 64 128 0.0828722
200 17 64 128 0.0572953
201 17 64 128 0.0104914
202 17 64 128 0.0119219
204 17 64 128 0.0170162
231 17 64 128 0.0101962
233 17 64 128 0.0147535
234 17 64 128 0.0163071
235 17 64 128 0.016996
236 17 64 128 0.0100202
197 18 64 128 0.0144137
198 18 64 128 0.0249495
199 18 64 128 0.0321714
200 18 64 128 0.0256769
204 18 64 128 0.0168267
233 18 64 128 0.0118115
234 18 64 128 0.0152317
198 19 64 128 0.0140247
199 19 64 128 0.020621
255 19 64 128 0.0114156
199 20 64 128 0.0109621
254 20 64 128 0.0114268
255 20 64 128 0.0273845
187 21 64 128 0.0108443
253 21 64 128 0.0152501
254 21 64 128 0.0273882
255 21 64 128 0.0505354
253 22 64 128 0.0191624
254 22 64 128 0.024037
255 22 64 128 0.0413692
253 23 64 128 0.021215
254 23 64 128 0.0285692
255 23 64 128 0.035587
253 24 64 128 0.0167635
254 24 64 128 0.0179217
255 24 64 128 0.0316085
255 25 64 128 0.0131465
185 38 64 128 0.0102736
224 38 64 128 0.0101692
225 38 64 128 0.0138656
226 38 64 128 0.0152838
227 38 64 128 0.0111056
226 39 64 128 0.013383
227 39 64 128 0.0110914
185 40 64 128 0.0167763
226 40 64 128 0.0133526
227 40 64 128 0.0111752
226 42 64 128 0.0111803
227 42 64 128 0.0102828
226 44 64 128 0.010557
227 44 64 128 0.0131115
228 44 64 128 0.0107255
231 44 64 128 0.0122201
232 44 64 128 0.0157502
42 78 64 128 0.0109565
40 79 64 128 0.0166491
41 79 64 128 0.0162633
42 79 64 128 0.0168407
43 79 64 128 0.0227491
44 79 64 128 0.0143658
45 79 64 128 0.0107445
39 80 64 128 0.0111814
40 80 64 128 0.013932
41 80 64 128 0.0115866
42 80 64 128 0.0118159
43 80 64 128 0.0128958
36 81 64 128 0.0103671
37 81 64 128 0.0191851
38 81 64 128 0.0210997
39 81 64 128 0.0204534
40 81 64 128 0.0199647
41 81 64 128 0.023167
42 81 64 128 0.0154169
43 81 64 128 0.0136021
37 82 64 128 0.0126095
38 82 64 128 0.0110931
40 82 64 128 0.0107878
41 82 64 128 0.0139558
33 83 64 128 0.0104772
37 83 64 128 0.0145466
38 83 64 128 0.0161019
39 83 64 128 0.0152807
40 83 64 128 0.0123426
41 83 64 128 0.0112803
32 84 64 128 0.0135423
33 84 64 128 0.0134636
35 84 64 128 0.0118709
38 84 64 128 0.0120956
39 84 64 128 0.0185075
40 84 64 128 0.0140521
29 85 64 128 0.0130381
30 85 64 128 0.0179037
31 85 64 128 0.0150497
32 85 64 128 0.0241076
33 85 64 128 0.0288953
34 85 64 128 0.017008
35 85 64 128 0.0130161
36 85 64 128 0.0119377
37 85 64 128 0.0167597
38 85 64 128 0.0204267
39 85 64 128 0.0269196
40 85 64 128 0.0208759
29 86 64 128 0.0100526
30 86 64 128 0.0120509
39 86 64 128 0.0105945
27 87 64 128 0.014876
28 87 64 128 0.0167862
29 87 64 128 0.0281856
30 87 64 128 0.0377472
31 87 64 128 0.0353203
32 87 64 128 0.0241025
33 87 64 128 0.0182352
34 87 64 128 0.0137442
35 87 64 128 0.0108096
36 87 64 128 0.0105297
37 87 64 128 0.0166707
38 87 64 128 0.011801
39 87 64 128 0.0137122
40 87 64 128 0.0153557
26 88 64 128 0.0106736
27 88 64 128 0.0128526
28 88 64 128 0.0177099
29 88 64 128 0.0243341
30 88 64 128 0.0382201
31 88 64 128 0.0186273
32 88 64 128 0.0119748
27 89 64 128 0.0129832
28 89 64 128 0.0177293
29 89 64 128 0.0221743
30 89 64 128 0.0279752
31 89 64 128 0.0170785
32 89 64 128 0.0135658
0 93 64 128 0.0111112
0 94 64 128 0.0318729
1 94 64 128 0.019534
2 94 64 128 0.0121395
0 95 64 128 0.0601435
1 95 64 128 0.0367165
2 95 64 128 0.0227573
0 96 64 128 0.115528
1 96 64 128 0.0765096
2 96 64 128 0.0532178
3 96 64 128 0.0254441
4 96 64 128 0.013218
0 97 64 128 0.119734
1 97 64 128 0.0741387
2 97 64 128 0.0668928
3 97 64 128 0.0348581
4 97 64 128 0.0239288
0 98 64 128 0.122123
1 98 64 128 0.0746394
2 98 64 128 0.0647608
3 98 64 128 0.0354605
4 98 64 128 0.0206246
0 99 64 128 0.0693354
1 99 64 128 0.0350736
2 99 64 128 0.0305087
3 99 64 128 0.0170532
0 100 64 128 0.0460057
1 100 64 128 0.0239537
2 100 64 128 0.0196363
0 101 64 128 0.0219888
1 101 64 128 0.0130665
2 101 64 128 0.0105652
0 102 64 128 0.0207191
1 102 64 128 0.0101344
0 103 64 128 0.0102778
