112 5 85 170 0.0128268
113 5 85 170 0.0128231
112 6 85 170 0.0220796
113 6 85 170 0.0189041
114 6 85 170 0.0232692
115 6 85 170 0.0324355
116 6 85 170 0.0247224
117 6 85 170 0.017737
118 6 85 170 0.0102479
112 7 85 170 0.0229855
113 7 85 170 0.0214437
114 7 85 170 0.0313021
115 7 85 170 0.0458737
116 7 85 170 0.0372472
117 7 85 170 0.0261692
118 7 85 170 0.0146693
112 8 85 170 0.0112747
113 8 85 170 0.0160682
114 8 85 170 0.0185207
115 8 85 170 0.0215111
116 8 85 170 0.0228542
117 8 85 170 0.0141944
114 9 85 170 0.0116611
115 9 85 170 0.0119907
116 9 85 170 0.0128872
122 9 64 128 0.0445639
123 9 64 128 0.0224468
124 9 64 128 0.0121078
120 10 64 128 0.0242438
121 10 64 128 0.0513345
122 10 64 128 0.124046
123 10 64 128 0.165222
124 10 64 128 0.0948576
125 10 64 128 0.0224525
126 10 64 128 0.0200226
127 10 64 128 0.0104977
120 11 64 128 0.0636177
121 11 64 128 0.125854
122 11 64 128 0.306104
123 11 64 128 0.414512
124 11 64 128 0.333442
125 11 64 128 0.123394
126 11 64 128 0.157343
127 11 64 128 0.0685823
128 11 64 128 0.0123637
119 12 64 128 0.033988
120 12 64 128 0.134419
121 12 64 128 0.386481
122 12 64 128 0.571809
123 12 64 128 0.814127
124 12 64 128 0.707122
125 12 64 128 0.492386
126 12 64 128 0.450271
127 12 64 128 0.302973
128 12 64 128 0.0619068
119 13 64 128 0.0434015
120 13 64 128 0.230427
121 13 64 128 0.380992
122 13 64 128 0.715298
123 13 64 128 0.875044
124 13 64 128 0.848278
125 13 64 128 0.732293
126 13 64 128 0.769613
127 13 64 128 0.595524
128 13 64 128 0.11453
129 13 64 128 0.0158018
130 13 64 128 0.0135759
131 13 64 128 0.0151991
132 13 64 128 0.0123345
133 13 64 128 0.0166359
134 13 64 128 0.0347923
135 13 64 128 0.0122115
118 14 64 128 0.0204141
119 14 64 128 0.123848
120 14 64 128 0.417271
121 14 64 128 0.60102
122 14 64 128 0.782625
123 14 64 128 0.936087
124 14 64 128 0.895725
125 14 64 128 0.863199
126 14 64 128 0.808703
127 14 64 128 0.656166
128 14 64 128 0.119559
129 14 64 128 0.0269835
130 14 64 128 0.0239859
131 14 64 128 0.0290336
132 14 64 128 0.0213468
133 14 64 128 0.0425111
134 14 64 128 0.050937
135 14 64 128 0.0192028
118 15 64 128 0.0214639
119 15 64 128 0.164976
120 15 64 128 0.486029
121 15 64 128 0.610582
122 15 64 128 0.829456
123 15 64 128 0.95173
124 15 64 128 0.940258
125 15 64 128 0.932314
126 15 64 128 0.861863
127 15 64 128 0.702412
128 15 64 128 0.210002
129 15 64 128 0.0608017
130 15 64 128 0.0446864
131 15 64 128 0.0797781
132 15 64 128 0.0483605
133 15 64 128 0.0750922
134 15 64 128 0.0663247
135 15 64 128 0.0276943
118 16 64 128 0.0643817
119 16 64 128 0.370416
120 16 64 128 0.681151
121 16 64 128 0.834719
122 16 64 128 0.915373
123 16 64 128 0.973091
124 16 64 128 0.965296
125 16 64 128 0.956944
126 16 64 128 0.87141
127 16 64 128 0.675329
128 16 64 128 0.213033
129 16 64 128 0.0994665
130 16 64 128 0.0608929
131 16 64 128 0.139834
132 16 64 128 0.0916284
133 16 64 128 0.138943
134 16 64 128 0.068968
135 16 64 128 0.051144
136 16 64 128 0.01192
118 17 64 128 0.0810315
119 17 64 128 0.332285
120 17 64 128 0.741877
121 17 64 128 0.71743
122 17 64 128 0.910439
123 17 64 128 0.967343
124 17 64 128 0.977768
125 17 64 128 0.97014
126 17 64 128 0.921708
127 17 64 128 0.780412
128 17 64 128 0.332633
129 17 64 128 0.254762
130 17 64 128 0.16759
131 17 64 128 0.28113
132 17 64 128 0.110584
133 17 64 128 0.174515
134 17 64 128 0.0901344
135 17 64 128 0.0385923
136 17 64 128 0.011988
118 18 64 128 0.0820976
119 18 64 128 0.362687
120 18 64 128 0.541845
121 18 64 128 0.670519
122 18 64 128 0.765626
123 18 64 128 0.961685
124 18 64 128 0.950723
125 18 64 128 0.948655
126 18 64 128 0.65459
127 18 64 128 0.506865
128 18 64 128 0.162735
129 18 64 128 0.141203
130 18 64 128 0.0908422
131 18 64 128 0.187047
132 18 64 128 0.058233
133 18 64 128 0.0760413
134 18 64 128 0.0285526
135 18 64 128 0.0152715
80 19 64 128 0.0272144
81 19 64 128 0.125773
82 19 64 128 0.0354922
117 19 64 128 0.0110538
118 19 64 128 0.0770666
119 19 64 128 0.256238
120 19 64 128 0.472695
121 19 64 128 0.553679
122 19 64 128 0.598345
123 19 64 128 0.894624
124 19 64 128 0.908766
125 19 64 128 0.904635
126 19 64 128 0.361538
127 19 64 128 0.24912
128 19 64 128 0.0690728
129 19 64 128 0.14959
130 19 64 128 0.0936368
131 19 64 128 0.197936
132 19 64 128 0.0436861
133 19 64 128 0.0322297
134 19 64 128 0.0110163
79 20 64 128 0.0145812
80 20 64 128 0.0296467
81 20 64 128 0.167327
82 20 64 128 0.0350309
117 20 64 128 0.0223516
118 20 64 128 0.134167
119 20 64 128 0.475961
120 20 64 128 0.545339
121 20 64 128 0.57363
122 20 64 128 0.47647
123 20 64 128 0.839302
124 20 64 128 0.827585
125 20 64 128 0.753747
126 20 64 128 0.127959
127 20 64 128 0.065621
128 20 64 128 0.0328951
129 20 64 128 0.060783
130 20 64 128 0.0319397
131 20 64 128 0.106954
132 20 64 128 0.0178526
133 20 64 128 0.0124832
75 21 64 128 0.0160157
76 21 64 128 0.0134024
77 21 64 128 0.131146
78 21 64 128 0.10093
79 21 64 128 0.271874
80 21 64 128 0.389487
81 21 64 128 0.522831
82 21 64 128 0.243854
83 21 64 128 0.0431929
84 21 64 128 0.0172408
117 21 64 128 0.0114388
118 21 64 128 0.159445
119 21 64 128 0.494841
120 21 64 128 0.558042
121 21 64 128 0.467194
122 21 64 128 0.466166
123 21 64 128 0.843115
124 21 64 128 0.87499
125 21 64 128 0.698786
126 21 64 128 0.104172
127 21 64 128 0.0485288
128 21 64 128 0.0293206
129 21 64 128 0.0558881
130 21 64 128 0.0204527
131 21 64 128 0.0715624
75 22 64 128 0.015097
76 22 64 128 0.0154472
77 22 64 128 0.149539
78 22 64 128 0.0819949
79 22 64 128 0.159477
80 22 64 128 0.104456
81 22 64 128 0.163863
82 22 64 128 0.0784003
83 22 64 128 0.024377
117 22 64 128 0.032148
118 22 64 128 0.129055
119 22 64 128 0.407442
120 22 64 128 0.310229
121 22 64 128 0.407417
122 22 64 128 0.279773
123 22 64 128 0.77764
124 22 64 128 0.716678
125 22 64 128 0.436511
126 22 64 128 0.0263099
127 22 64 128 0.0145207
129 22 64 128 0.0118909
131 22 64 128 0.0105358
73 23 64 128 0.0308453
74 23 64 128 0.0331304
75 23 64 128 0.101286
76 23 64 128 0.103939
77 23 64 128 0.711384
78 23 64 128 0.572417
79 23 64 128 0.560897
80 23 64 128 0.365302
81 23 64 128 0.433688
82 23 64 128 0.10606
83 23 64 128 0.0332488
84 23 64 128 0.0102179
117 23 64 128 0.0158666
118 23 64 128 0.0491311
119 23 64 128 0.138579
120 23 64 128 0.18811
121 23 64 128 0.150192
122 23 64 128 0.0818861
123 23 64 128 0.365475
124 23 64 128 0.330098
125 23 64 128 0.164025
74 24 64 128 0.012649
75 24 64 128 0.0278366
76 24 64 128 0.0278267
77 24 64 128 0.38095
78 24 64 128 0.131104
79 24 64 128 0.129329
80 24 64 128 0.0569368
81 24 64 128 0.0942604
82 24 64 128 0.018115
117 24 64 128 0.0153129
118 24 64 128 0.0476463
119 24 64 128 0.14779
120 24 64 128 0.111109
121 24 64 128 0.0649726
122 24 64 128 0.033913
123 24 64 128 0.103592
124 24 64 128 0.0992835
125 24 64 128 0.023329
75 25 64 128 0.0500282
76 25 64 128 0.0472672
77 25 64 128 0.323335
78 25 64 128 0.236896
79 25 64 128 0.207781
80 25 64 128 0.110301
81 25 64 128 0.0876204
82 25 64 128 0.0363897
118 25 64 128 0.0238578
119 25 64 128 0.0539215
120 25 64 128 0.0386574
121 25 64 128 0.0163288
123 25 64 128 0.0371137
124 25 64 128 0.0323918
125 25 64 128 0.0103394
77 26 64 128 0.0227225
78 26 64 128 0.0105265
79 26 64 128 0.0122611
119 26 64 128 0.020084
120 26 64 128 0.0101392
123 26 64 128 0.0115905
77 27 64 128 0.0470734
78 27 64 128 0.0217735
79 27 64 128 0.0254706
0 30 64 128 0.0103571
1 30 64 128 0.0129089
0 31 64 128 0.0147384
1 31 64 128 0.0132028
0 32 64 128 0.0102983
1 32 64 128 0.0114736
117 35 64 128 0.0195844
118 35 64 128 0.0149777
119 35 64 128 0.0206919
120 35 64 128 0.0120958
121 35 64 128 0.0136977
115 36 64 128 0.011753
116 36 64 128 0.0164072
117 36 64 128 0.0392456
118 36 64 128 0.0442363
119 36 64 128 0.0530538
120 36 64 128 0.0329461
121 36 64 128 0.0230172
122 36 64 128 0.0206574
123 36 64 128 0.016903
114 37 64 128 0.017248
115 37 64 128 0.0576363
116 37 64 128 0.0724632
117 37 64 128 0.120524
118 37 64 128 0.0897141
119 37 64 128 0.0846293
120 37 64 128 0.0706032
121 37 64 128 0.0515155
122 37 64 128 0.0496449
123 37 64 128 0.0230538
124 37 64 128 0.014035
125 37 64 128 0.0108669
127 37 64 128 0.0146586
128 37 64 128 0.0161623
114 38 64 128 0.0189252
115 38 64 128 0.0473086
116 38 64 128 0.036929
117 38 64 128 0.029485
118 38 64 128 0.0109992
114 39 64 128 0.0279769
115 39 64 128 0.0663875
116 39 64 128 0.0352904
117 39 64 128 0.0111555
113 40 64 128 0.0128099
114 40 64 128 0.0264377
115 40 64 128 0.067966
116 40 64 128 0.020825
111 41 64 128 0.0331333
112 41 64 128 0.0478613
113 41 64 128 0.0880392
114 41 64 128 0.0736177
115 41 64 128 0.108454
116 41 64 128 0.0257295
111 42 64 128 0.032729
112 42 64 128 0.0666469
113 42 64 128 0.0862738
114 42 64 128 0.0575442
115 42 64 128 0.0357214
111 43 64 128 0.03584
112 43 64 128 0.0699126
113 43 64 128 0.109392
114 43 64 128 0.0428476
115 43 64 128 0.019843
112 44 64 128 0.0168062
113 44 64 128 0.0181304
114 44 64 128 0.011106
113 52 64 128 0.0124027
114 52 64 128 0.0134134
117 52 64 128 0.015772
1 53 64 128 0.0353292
2 53 64 128 0.103111
3 53 64 128 0.205621
4 53 64 128 0.0617803
117 53 64 128 0.0126713
0 54 64 128 0.0686453
1 54 64 128 0.230334
2 54 64 128 0.483118
3 54 64 128 0.573693
4 54 64 128 0.199399
5 54 64 128 0.0563657
6 54 64 128 0.0181247
0 55 64 128 0.196699
1 55 64 128 0.674265
2 55 64 128 0.900077
3 55 64 128 0.916487
4 55 64 128 0.831979
5 55 64 128 0.539461
6 55 64 128 0.282557
7 55 64 128 0.0961768
8 55 64 128 0.0886373
9 55 64 128 0.0671155
10 55 64 128 0.0206634
0 56 64 128 0.189258
1 56 64 128 0.635526
2 56 64 128 0.884984
3 56 64 128 0.896516
4 56 64 128 0.856708
5 56 64 128 0.593542
6 56 64 128 0.248242
7 56 64 128 0.0907026
8 56 64 128 0.0964769
9 56 64 128 0.0680226
10 56 64 128 0.0258231
113 56 64 128 0.0250832
114 56 64 128 0.0574194
115 56 64 128 0.0192188
116 56 64 128 0.0273237
117 56 64 128 0.0152028
0 57 64 128 0.174371
1 57 64 128 0.639706
2 57 64 128 0.953617
3 57 64 128 0.950801
4 57 64 128 0.908309
5 57 64 128 0.684403
6 57 64 128 0.421375
7 57 64 128 0.231967
8 57 64 128 0.255937
9 57 64 128 0.128206
10 57 64 128 0.0505266
11 57 64 128 0.0111649
13 57 64 128 0.0105763
14 57 64 128 0.0178993
15 57 64 128 0.0104571
0 58 64 128 0.0675289
1 58 64 128 0.293084
2 58 64 128 0.799578
3 58 64 128 0.724588
4 58 64 128 0.656707
5 58 64 128 0.375157
6 58 64 128 0.179331
7 58 64 128 0.117923
8 58 64 128 0.240903
9 58 64 128 0.0997813
10 58 64 128 0.0383092
11 58 64 128 0.0122812
12 58 64 128 0.0156496
13 58 64 128 0.0118355
14 58 64 128 0.0272621
15 58 64 128 0.0127172
16 58 64 128 0.0166891
17 58 64 128 0.0121432
18 58 64 128 0.0149231
0 59 64 128 0.115583
1 59 64 128 0.510443
2 59 64 128 0.873979
3 59 64 128 0.834551
4 59 64 128 0.752039
5 59 64 128 0.648077
6 59 64 128 0.433407
7 59 64 128 0.3162
8 59 64 128 0.387808
9 59 64 128 0.263411
10 59 64 128 0.126582
11 59 64 128 0.0195998
12 59 64 128 0.0200552
13 59 64 128 0.0227428
14 59 64 128 0.0440487
15 59 64 128 0.0182031
16 59 64 128 0.0144304
17 59 64 128 0.0173543
18 59 64 128 0.0226566
0 60 64 128 0.0673879
1 60 64 128 0.296601
2 60 64 128 0.557999
3 60 64 128 0.458724
4 60 64 128 0.385342
5 60 64 128 0.34456
6 60 64 128 0.274373
7 60 64 128 0.162591
8 60 64 128 0.256498
9 60 64 128 0.129768
10 60 64 128 0.0645041
14 60 64 128 0.020381
15 60 64 128 0.0115814
0 61 64 128 0.0616027
1 61 64 128 0.24146
2 61 64 128 0.428876
3 61 64 128 0.330943
4 61 64 128 0.253689
5 61 64 128 0.234288
6 61 64 128 0.202023
7 61 64 128 0.194111
8 61 64 128 0.276979
9 61 64 128 0.0806933
10 61 64 128 0.0190159
1 62 64 128 0.0288892
2 62 64 128 0.0528417
3 62 64 128 0.0226658
4 62 64 128 0.0200871
5 62 64 128 0.021576
6 62 64 128 0.0231307
7 62 64 128 0.0329366
8 62 64 128 0.0467987
9 62 64 128 0.0115489
1 63 64 128 0.0199193
2 63 64 128 0.0269272
3 63 64 128 0.0123717
174 64 64 128 0.0118548
175 64 64 128 0.0226156
176 64 64 128 0.0156271
177 64 64 128 0.0151303
174 65 64 128 0.0118188
175 65 64 128 0.0109207
176 65 64 128 0.0147608
173 66 64 128 0.0122384
174 66 64 128 0.0273023
175 66 64 128 0.0284817
176 66 64 128 0.0220178
177 66 64 128 0.0167883
178 66 64 128 0.0153358
174 67 64 128 0.0120731
175 67 64 128 0.0108617
174 68 64 128 0.0108023
175 68 64 128 0.0132028
215 68 64 128 0.0106022
216 68 64 128 0.0157981
214 69 64 128 0.017967
215 69 64 128 0.0558184
216 69 64 128 0.114181
217 69 64 128 0.0579127
218 69 64 128 0.0265863
219 69 64 128 0.0100844
215 70 64 128 0.0103439
216 70 64 128 0.0191446
217 70 64 128 0.0125143
38 71 64 128 0.0214665
39 71 64 128 0.0190013
215 71 64 128 0.017539
216 71 64 128 0.0253348
217 71 64 128 0.0270476
218 71 64 128 0.0185145
219 71 64 128 0.0221778
34 72 64 128 0.0111685
35 72 64 128 0.0225945
36 72 64 128 0.0117161
38 72 64 128 0.0127535
33 73 64 128 0.0147942
34 73 64 128 0.0335
35 73 64 128 0.0436334
36 73 64 128 0.0275841
37 73 64 128 0.0238527
38 73 64 128 0.0475297
39 73 64 128 0.0205917
33 74 64 128 0.0584129
34 74 64 128 0.0693578
35 74 64 128 0.144902
36 74 64 128 0.0394344
37 74 64 128 0.102745
38 74 64 128 0.0708589
39 74 64 128 0.0268006
32 75 64 128 0.0292378
33 75 64 128 0.0917513
34 75 64 128 0.133086
35 75 64 128 0.20057
36 75 64 128 0.112886
37 75 64 128 0.162551
38 75 64 128 0.0674797
39 75 64 128 0.0188397
31 76 64 128 0.0440538
32 76 64 128 0.101569
33 76 64 128 0.221853
34 76 64 128 0.256052
35 76 64 128 0.386159
36 76 64 128 0.302746
37 76 64 128 0.164293
38 76 64 128 0.0789747
30 77 64 128 0.0105962
31 77 64 128 0.0852422
32 77 64 128 0.11367
33 77 64 128 0.20204
34 77 64 128 0.333538
35 77 64 128 0.431887
36 77 64 128 0.285096
37 77 64 128 0.10712
38 77 64 128 0.0742968
31 78 64 128 0.0950082
32 78 64 128 0.119774
33 78 64 128 0.256139
34 78 64 128 0.307628
35 78 64 128 0.480123
36 78 64 128 0.149086
37 78 64 128 0.133784
38 78 64 128 0.0290126
31 79 64 128 0.0815616
32 79 64 128 0.102695
33 79 64 128 0.134354
34 79 64 128 0.210699
35 79 64 128 0.265495
36 79 64 128 0.0506528
37 79 64 128 0.0225522
31 80 64 128 0.0342215
32 80 64 128 0.0282308
33 80 64 128 0.0910214
34 80 64 128 0.127232
35 80 64 128 0.132874
36 80 64 128 0.0293467
31 81 64 128 0.0230167
32 81 64 128 0.0154367
33 81 64 128 0.0434923
34 81 64 128 0.0425355
35 81 64 128 0.0506027
0 82 64 128 0.0114554
32 82 64 128 0.0122122
33 82 64 128 0.0417009
34 82 64 128 0.0348327
35 82 64 128 0.0356448
0 83 64 128 0.0487415
1 83 64 128 0.0138062
31 83 64 128 0.018845
32 83 64 128 0.012315
33 83 64 128 0.0238059
34 83 64 128 0.015139
35 83 64 128 0.0116676
73 83 64 128 0.0132002
0 84 64 128 0.0777816
1 84 64 128 0.0111637
31 84 64 128 0.0247657
32 84 64 128 0.013741
33 84 64 128 0.0286798
73 84 64 128 0.0111546
156 84 64 128 0.034151
157 84 64 128 0.0215696
158 84 64 128 0.025205
159 84 64 128 0.016214
160 84 64 128 0.0149333
0 85 64 128 0.112909
1 85 64 128 0.0308925
2 85 64 128 0.014674
30 85 64 128 0.0107879
31 85 64 128 0.0785388
32 85 64 128 0.0328553
33 85 64 128 0.02523
73 85 64 128 0.0623862
77 85 64 128 0.0109563
155 85 64 128 0.0129795
156 85 64 128 0.036047
157 85 64 128 0.0325214
158 85 64 128 0.0688248
159 85 64 128 0.0634865
160 85 64 128 0.0587674
161 85 64 128 0.0517839
162 85 64 128 0.0194129
0 86 64 128 0.177887
1 86 64 128 0.0585311
2 86 64 128 0.0211422
3 86 64 128 0.0155645
31 86 64 128 0.066173
32 86 64 128 0.0284619
33 86 64 128 0.0164769
73 86 64 128 0.0154183
154 86 64 128 0.0125623
155 86 64 128 0.0321235
156 86 64 128 0.177414
157 86 64 128 0.215041
158 86 64 128 0.27361
159 86 64 128 0.226327
160 86 64 128 0.364266
161 86 64 128 0.133276
162 86 64 128 0.0370066
0 87 64 128 0.46204
1 87 64 128 0.264742
2 87 64 128 0.177213
3 87 64 128 0.139294
4 87 64 128 0.0148948
27 87 64 128 0.0119044
31 87 64 128 0.094099
32 87 64 128 0.0200104
73 87 64 128 0.0217172
155 87 64 128 0.0112973
156 87 64 128 0.136416
157 87 64 128 0.207333
158 87 64 128 0.39659
159 87 64 128 0.357191
160 87 64 128 0.533728
161 87 64 128 0.369269
162 87 64 128 0.0690725
163 87 64 128 0.014908
0 88 64 128 0.637923
1 88 64 128 0.261322
2 88 64 128 0.12429
3 88 64 128 0.14883
4 88 64 128 0.0295403
11 88 64 128 0.0114147
31 88 64 128 0.0143576
73 88 64 128 0.0101281
155 88 64 128 0.0121553
156 88 64 128 0.185093
157 88 64 128 0.2424
158 88 64 128 0.602383
159 88 64 128 0.678046
160 88 64 128 0.885111
161 88 64 128 0.765873
162 88 64 128 0.484831
163 88 64 128 0.129698
164 88 64 128 0.0300081
0 89 64 128 0.621445
1 89 64 128 0.371584
2 89 64 128 0.269567
3 89 64 128 0.243788
4 89 64 128 0.0536484
5 89 64 128 0.0116392
9 89 64 128 0.0174002
10 89 64 128 0.0281435
11 89 64 128 0.0361945
27 89 64 128 0.0259317
31 89 64 128 0.0245831
73 89 64 128 0.0305736
157 89 64 128 0.0360129
158 89 64 128 0.257113
159 89 64 128 0.686751
160 89 64 128 0.925242
161 89 64 128 0.939141
162 89 64 128 0.669884
163 89 64 128 0.401297
164 89 64 128 0.0638946
165 89 64 128 0.0153468
0 90 64 128 0.341334
1 90 64 128 0.230116
2 90 64 128 0.18637
3 90 64 128 0.14015
4 90 64 128 0.0188949
9 90 64 128 0.0140536
10 90 64 128 0.0217458
11 90 64 128 0.0398512
25 90 64 128 0.0116231
27 90 64 128 0.0524377
31 90 64 128 0.0101444
73 90 64 128 0.0423658
157 90 64 128 0.0459073
158 90 64 128 0.543331
159 90 64 128 0.855358
160 90 64 128 0.990953
161 90 64 128 0.992474
162 90 64 128 0.955032
163 90 64 128 0.852192
164 90 64 128 0.351078
165 90 64 128 0.0697828
166 90 64 128 0.0127027
0 91 64 128 0.17766
1 91 64 128 0.192157
2 91 64 128 0.152949
3 91 64 128 0.101832
4 91 64 128 0.0122637
9 91 64 128 0.0137325
10 91 64 128 0.0225244
11 91 64 128 0.024963
25 91 64 128 0.0746309
26 91 64 128 0.0462853
27 91 64 128 0.167963
28 91 64 128 0.015445
29 91 64 128 0.0111137
31 91 64 128 0.0156342
32 91 64 128 0.022729
33 91 64 128 0.0153778
34 91 64 128 0.01914
35 91 64 128 0.022506
72 91 64 128 0.0148156
73 91 64 128 0.055349
90 91 64 128 0.0133816
157 91 64 128 0.0174734
158 91 64 128 0.442303
159 91 64 128 0.920559
160 91 64 128 0.995147
161 91 64 128 0.995796
162 91 64 128 0.980609
163 91 64 128 0.893426
164 91 64 128 0.430904
165 91 64 128 0.0798335
166 91 64 128 0.0120229
0 92 64 128 0.0661005
1 92 64 128 0.0563909
2 92 64 128 0.0323336
3 92 64 128 0.0317639
9 92 64 128 0.0275528
10 92 64 128 0.0322692
11 92 64 128 0.0263646
25 92 64 128 0.181114
26 92 64 128 0.0670458
27 92 64 128 0.158934
28 92 64 128 0.0128067
35 92 64 128 0.0172259
73 92 64 128 0.0232703
157 92 64 128 0.0378084
158 92 64 128 0.742136
159 92 64 128 0.970553
160 92 64 128 0.999034
161 92 64 128 0.998658
162 92 64 128 0.994851
163 92 64 128 0.948441
164 92 64 128 0.686467
165 92 64 128 0.15027
166 92 64 128 0.0263654
0 93 64 128 0.0276744
1 93 64 128 0.0233356
2 93 64 128 0.0159887
3 93 64 128 0.0105015
9 93 64 128 0.048962
10 93 64 128 0.0691836
11 93 64 128 0.0255728
25 93 64 128 0.215604
26 93 64 128 0.152354
27 93 64 128 0.125333
28 93 64 128 0.0177942
34 93 64 128 0.0112122
35 93 64 128 0.0144939
36 93 64 128 0.0108863
72 93 64 128 0.0151159
73 93 64 128 0.0209095
89 93 64 128 0.0107673
90 93 64 128 0.0150978
157 93 64 128 0.0136237
158 93 64 128 0.389551
159 93 64 128 0.942336
160 93 64 128 0.99527
161 93 64 128 0.994918
162 93 64 128 0.965026
163 93 64 128 0.75671
164 93 64 128 0.312041
165 93 64 128 0.033545
1 94 64 128 0.0116459
9 94 64 128 0.0629045
10 94 64 128 0.100445
11 94 64 128 0.020972
25 94 64 128 0.181402
26 94 64 128 0.107322
27 94 64 128 0.125667
93 94 64 128 0.0120264
94 94 64 128 0.0121696
158 94 64 128 0.295517
159 94 64 128 0.862576
160 94 64 128 0.99029
161 94 64 128 0.971695
162 94 64 128 0.844009
163 94 64 128 0.447369
164 94 64 128 0.0969388
9 95 64 128 0.042184
10 95 64 128 0.083592
11 95 64 128 0.0138595
25 95 64 128 0.219458
26 95 64 128 0.162591
27 95 64 128 0.0766496
35 95 64 128 0.0110994
89 95 64 128 0.0157194
90 95 64 128 0.0500582
91 95 64 128 0.0116728
92 95 64 128 0.0330677
93 95 64 128 0.0730279
94 95 64 128 0.226751
95 95 64 128 0.078676
96 95 64 128 0.0543024
158 95 64 128 0.0665655
159 95 64 128 0.736069
160 95 64 128 0.917558
161 95 64 128 0.817862
162 95 64 128 0.2836
163 95 64 128 0.061246
9 96 64 128 0.033699
10 96 64 128 0.0264847
25 96 64 128 0.0895218
26 96 64 128 0.0348506
27 96 64 128 0.0147192
89 96 64 128 0.0166088
90 96 64 128 0.0295136
91 96 64 128 0.0190301
92 96 64 128 0.0619904
93 96 64 128 0.106961
94 96 64 128 0.44066
95 96 64 128 0.149265
96 96 64 128 0.171674
158 96 64 128 0.093124
159 96 64 128 0.58598
160 96 64 128 0.924025
161 96 64 128 0.744266
162 96 64 128 0.154904
163 96 64 128 0.0189987
10 97 64 128 0.0122614
25 97 64 128 0.0146756
89 97 64 128 0.040808
90 97 64 128 0.109177
91 97 64 128 0.044034
92 97 64 128 0.144821
93 97 64 128 0.247803
94 97 64 128 0.601119
95 97 64 128 0.134577
96 97 64 128 0.189057
158 97 64 128 0.0141052
159 97 64 128 0.193535
160 97 64 128 0.326068
161 97 64 128 0.210693
162 97 64 128 0.0164966
89 98 64 128 0.0339797
90 98 64 128 0.0601849
91 98 64 128 0.0287159
92 98 64 128 0.0375322
93 98 64 128 0.101147
94 98 64 128 0.211525
95 98 64 128 0.0369796
96 98 64 128 0.0351658
159 98 64 128 0.0137429
160 98 64 128 0.0490671
161 98 64 128 0.0178026
80 99 64 128 0.0227196
81 99 64 128 0.0310274
82 99 64 128 0.0126882
89 99 64 128 0.0299455
90 99 64 128 0.100018
91 99 64 128 0.0154136
92 99 64 128 0.0335564
93 99 64 128 0.0787963
94 99 64 128 0.132251
95 99 64 128 0.0119582
80 100 64 128 0.0185986
81 100 64 128 0.0161999
89 100 64 128 0.016335
90 100 64 128 0.046964
91 100 64 128 0.0216325
92 100 64 128 0.0188489
93 100 64 128 0.0358722
94 100 64 128 0.0343712
79 101 64 128 0.0107726
80 101 64 128 0.0382273
81 101 64 128 0.0477901
89 101 64 128 0.0137953
90 101 64 128 0.0478265
91 101 64 128 0.0130845
92 101 64 128 0.014454
93 101 64 128 0.0173889
94 101 64 128 0.0147841
80 102 64 128 0.0162522
81 102 64 128 0.0154224
89 102 64 128 0.0161901
90 102 64 128 0.0187525
136 107 64 128 0.0170083
137 107 64 128 0.0112338
134 108 64 128 0.0125827
135 108 64 128 0.0891889
136 108 64 128 0.136906
137 108 64 128 0.0548709
138 108 64 128 0.0387725
134 109 64 128 0.0135029
135 109 64 128 0.169796
136 109 64 128 0.312273
137 109 64 128 0.108645
138 109 64 128 0.0426388
41 110 64 128 0.0130501
43 110 64 128 0.0312523
44 110 64 128 0.0311135
45 110 64 128 0.101067
46 110 64 128 0.0840148
47 110 64 128 0.0176033
134 110 64 128 0.0370053
135 110 64 128 0.284444
136 110 64 128 0.546163
137 110 64 128 0.2356
138 110 64 128 0.0902273
40 111 64 128 0.013338
41 111 64 128 0.0592499
42 111 64 128 0.0675737
43 111 64 128 0.179533
44 111 64 128 0.4056
45 111 64 128 0.656616
46 111 64 128 0.520922
47 111 64 128 0.132851
48 111 64 128 0.0291926
134 111 64 128 0.0382453
135 111 64 128 0.34729
136 111 64 128 0.705553
137 111 64 128 0.482373
138 111 64 128 0.25466
139 111 64 128 0.0272832
